shape: (1, 6), dtype: uint32
Data:[[3707764736          2          1          1        751          1]] 
------------------------ Dataset: Amb ------------------------
shape: (33, 1), dtype: uint16
Data:[[54]
 [55]
 [54]
 [55]
 [46]
 [54]
 [56]
 [55]
 [52]
 [50]
 [53]
 [45]
 [48]
 [32]
 [54]
 [55]
 [54]
 [55]
 [46]
 [54]
 [55]
 [56]
 [49]
 [56]
 [51]
 [57]
 [57]
 [57]
 [57]
 [57]
 [57]
 [45]
 [49]] 
------------------------ Dataset: Amc ------------------------
shape: (40, 1), dtype: uint16
Data:[[54]
 [50]
 [56]
 [48]
 [46]
 [52]
 [54]
 [53]
 [56]
 [52]
 [54]
 [57]
 [57]
 [57]
 [57]
 [57]
 [57]
 [53]
 [45]
 [48]
 [32]
 [54]
 [50]
 [56]
 [48]
 [46]
 [52]
 [54]
 [49]
 [56]
 [55]
 [50]
 [57]
 [57]
 [57]
 [57]
 [57]
 [57]
 [45]
 [49]] 
------------------------ Dataset: Amd ------------------------
shape: (27, 1), dtype: uint16
Data:[[54]
 [50]
 [57]
 [54]
 [46]
 [50]
 [51]
 [56]
 [49]
 [49]
 [55]
 [45]
 [48]
 [32]
 [54]
 [50]
 [57]
 [54]
 [46]
 [50]
 [52]
 [53]
 [57]
 [56]
 [54]
 [45]
 [49]] 
------------------------ Dataset: Ame ------------------------
shape: (40, 1), dtype: uint16
Data:[[54]
 [51]
 [49]
 [50]
 [46]
 [48]
 [56]
 [53]
 [57]
 [49]
 [51]
 [57]
 [57]
 [57]
 [57]
 [57]
 [57]
 [45]
 [48]
 [32]
 [54]
 [51]
 [49]
 [50]
 [46]
 [48]
 [56]
 [53]
 [54]
 [55]
 [55]
 [57]
 [57]
 [57]
 [57]
 [57]
 [57]
 [53]
 [45]
 [49]] 
------------------------ Dataset: Amf ------------------------
shape: (26, 1), dtype: uint16
Data:[[54]
 [51]
 [50]
 [55]
 [46]
 [57]
 [53]
 [56]
 [50]
 [52]
 [55]
 [45]
 [48]
 [32]
 [54]
 [51]
 [50]
 [55]
 [46]
 [57]
 [54]
 [49]
 [56]
 [57]
 [45]
 [49]] 
------------------------ Dataset: Amg ------------------------
shape: (26, 1), dtype: uint16
Data:[[54]
 [51]
 [52]
 [51]
 [46]
 [55]
 [56]
 [49]
 [56]
 [52]
 [51]
 [45]
 [48]
 [32]
 [54]
 [51]
 [52]
 [51]
 [46]
 [55]
 [57]
 [48]
 [49]
 [49]
 [45]
 [49]] 
------------------------ Dataset: Amh ------------------------
shape: (27, 1), dtype: uint16
Data:[[54]
 [53]
 [48]
 [56]
 [46]
 [56]
 [54]
 [54]
 [52]
 [56]
 [54]
 [45]
 [48]
 [32]
 [54]
 [53]
 [48]
 [56]
 [46]
 [56]
 [54]
 [57]
 [57]
 [57]
 [52]
 [45]
 [49]] 
------------------------ Dataset: Ami ------------------------
shape: (33, 1), dtype: uint16
Data:[[54]
 [53]
 [50]
 [52]
 [46]
 [54]
 [56]
 [57]
 [57]
 [52]
 [55]
 [45]
 [48]
 [32]
 [54]
 [53]
 [50]
 [52]
 [46]
 [54]
 [56]
 [54]
 [48]
 [50]
 [50]
 [57]
 [57]
 [57]
 [57]
 [57]
 [57]
 [45]
 [49]] 
------------------------ Dataset: Amj ------------------------
shape: (20, 1), dtype: uint16
Data:[[54]
 [48]
 [50]
 [48]
 [46]
 [50]
 [53]
 [56]
 [53]
 [56]
 [49]
 [57]
 [57]
 [57]
 [57]
 [57]
 [57]
 [53]
 [45]
 [49]] 
------------------------ Dataset: Amk ------------------------
shape: (27, 1), dtype: uint16
Data:[[54]
 [48]
 [51]
 [54]
 [46]
 [48]
 [55]
 [56]
 [50]
 [51]
 [53]
 [45]
 [48]
 [32]
 [54]
 [48]
 [51]
 [54]
 [46]
 [48]
 [55]
 [52]
 [55]
 [57]
 [49]
 [45]
 [49]] 
------------------------ Dataset: Aml ------------------------
shape: (39, 1), dtype: uint16
Data:[[54]
 [48]
 [53]
 [49]
 [46]
 [54]
 [55]
 [51]
 [56]
 [49]
 [55]
 [57]
 [57]
 [57]
 [57]
 [57]
 [57]
 [45]
 [48]
 [32]
 [54]
 [48]
 [53]
 [49]
 [46]
 [54]
 [55]
 [55]
 [55]
 [54]
 [57]
 [57]
 [57]
 [57]
 [57]
 [57]
 [57]
 [45]
 [49]] 
------------------------ Dataset: Amm ------------------------
shape: (39, 1), dtype: uint16
Data:[[54]
 [48]
 [54]
 [55]
 [46]
 [53]
 [55]
 [55]
 [56]
 [49]
 [54]
 [57]
 [57]
 [57]
 [57]
 [57]
 [57]
 [45]
 [48]
 [32]
 [54]
 [48]
 [54]
 [55]
 [46]
 [53]
 [56]
 [49]
 [55]
 [52]
 [54]
 [57]
 [57]
 [57]
 [57]
 [57]
 [57]
 [45]
 [49]] 
------------------------ Dataset: Amn ------------------------
shape: (40, 1), dtype: uint16
Data:[[54]
 [48]
 [56]
 [51]
 [46]
 [53]
 [50]
 [57]
 [55]
 [48]
 [56]
 [57]
 [57]
 [57]
 [57]
 [57]
 [57]
 [53]
 [45]
 [48]
 [32]
 [54]
 [48]
 [56]
 [51]
 [46]
 [53]
 [51]
 [51]
 [55]
 [53]
 [54]
 [57]
 [57]
 [57]
 [57]
 [57]
 [57]
 [45]
 [49]] 
------------------------ Dataset: Amo ------------------------
shape: (39, 1), dtype: uint16
Data:[[53]
 [54]
 [52]
 [52]
 [46]
 [50]
 [48]
 [54]
 [55]
 [56]
 [49]
 [57]
 [57]
 [57]
 [57]
 [57]
 [57]
 [45]
 [48]
 [32]
 [53]
 [54]
 [52]
 [52]
 [46]
 [50]
 [48]
 [54]
 [55]
 [55]
 [51]
 [57]
 [57]
 [57]
 [57]
 [57]
 [57]
 [45]
 [49]] 
------------------------ Dataset: Amp ------------------------
shape: (39, 1), dtype: uint16
Data:[[53]
 [54]
 [53]
 [57]
 [46]
 [57]
 [54]
 [49]
 [55]
 [53]
 [52]
 [57]
 [57]
 [57]
 [57]
 [57]
 [57]
 [45]
 [48]
 [32]
 [53]
 [54]
 [53]
 [57]
 [46]
 [57]
 [53]
 [55]
 [57]
 [49]
 [53]
 [57]
 [57]
 [57]
 [57]
 [57]
 [57]
 [45]
 [49]] 
------------------------ Dataset: Amq ------------------------
shape: (27, 1), dtype: uint16
Data:[[53]
 [54]
 [55]
 [53]
 [46]
 [54]
 [53]
 [55]
 [53]
 [55]
 [49]
 [45]
 [48]
 [32]
 [53]
 [54]
 [55]
 [53]
 [46]
 [54]
 [53]
 [51]
 [53]
 [56]
 [53]
 [45]
 [49]] 
------------------------ Dataset: Amr ------------------------
shape: (39, 1), dtype: uint16
Data:[[53]
 [54]
 [57]
 [49]
 [46]
 [52]
 [52]
 [50]
 [49]
 [49]
 [56]
 [57]
 [57]
 [57]
 [57]
 [57]
 [57]
 [45]
 [48]
 [32]
 [53]
 [54]
 [57]
 [49]
 [46]
 [52]
 [51]
 [55]
 [55]
 [50]
 [51]
 [57]
 [57]
 [57]
 [57]
 [57]
 [57]
 [45]
 [49]] 
------------------------ Dataset: Ams ------------------------
shape: (39, 1), dtype: uint16
Data:[[54]
 [52]
 [49]
 [52]
 [46]
 [55]
 [48]
 [50]
 [48]
 [49]
 [53]
 [57]
 [57]
 [57]
 [57]
 [57]
 [57]
 [45]
 [48]
 [32]
 [54]
 [52]
 [49]
 [52]
 [46]
 [55]
 [48]
 [53]
 [57]
 [54]
 [50]
 [57]
 [57]
 [57]
 [57]
 [57]
 [57]
 [45]
 [49]] 
------------------------ Dataset: Amt ------------------------
shape: (34, 1), dtype: uint16
Data:[[54]
 [54]
 [48]
 [54]
 [46]
 [55]
 [56]
 [54]
 [48]
 [49]
 [53]
 [45]
 [48]
 [32]
 [54]
 [54]
 [48]
 [54]
 [46]
 [55]
 [56]
 [50]
 [48]
 [52]
 [56]
 [57]
 [57]
 [57]
 [57]
 [57]
 [57]
 [53]
 [45]
 [49]] 
------------------------ Dataset: Amu ------------------------
shape: (39, 1), dtype: uint16
Data:[[54]
 [54]
 [50]
 [50]
 [46]
 [55]
 [51]
 [56]
 [48]
 [53]
 [48]
 [57]
 [57]
 [57]
 [57]
 [57]
 [57]
 [45]
 [48]
 [32]
 [54]
 [54]
 [50]
 [50]
 [46]
 [55]
 [52]
 [50]
 [48]
 [50]
 [57]
 [57]
 [57]
 [57]
 [57]
 [57]
 [57]
 [45]
 [49]] 
------------------------ Dataset: Amv ------------------------
shape: (33, 1), dtype: uint16
Data:[[54]
 [54]
 [51]
 [56]
 [46]
 [53]
 [56]
 [54]
 [50]
 [53]
 [55]
 [57]
 [57]
 [57]
 [57]
 [57]
 [57]
 [45]
 [48]
 [32]
 [54]
 [54]
 [51]
 [56]
 [46]
 [53]
 [57]
 [48]
 [49]
 [50]
 [51]
 [45]
 [49]] 
------------------------ Dataset: Amw ------------------------
shape: (27, 1), dtype: uint16
Data:[[54]
 [54]
 [53]
 [52]
 [46]
 [49]
 [55]
 [52]
 [48]
 [55]
 [56]
 [45]
 [48]
 [32]
 [54]
 [54]
 [53]
 [52]
 [46]
 [49]
 [55]
 [56]
 [49]
 [53]
 [51]
 [45]
 [49]] 
------------------------ Dataset: Amx ------------------------
shape: (39, 1), dtype: uint16
Data:[[54]
 [54]
 [55]
 [48]
 [46]
 [48]
 [55]
 [48]
 [49]
 [53]
 [49]
 [57]
 [57]
 [57]
 [57]
 [57]
 [57]
 [45]
 [48]
 [32]
 [54]
 [54]
 [55]
 [48]
 [46]
 [48]
 [54]
 [54]
 [49]
 [48]
 [48]
 [57]
 [57]
 [57]
 [57]
 [57]
 [57]
 [45]
 [49]] 
------------------------ Dataset: Amy ------------------------
shape: (34, 1), dtype: uint16
Data:[[54]
 [54]
 [56]
 [53]
 [46]
 [57]
 [57]
 [48]
 [55]
 [50]
 [57]
 [57]
 [57]
 [57]
 [57]
 [57]
 [57]
 [53]
 [45]
 [48]
 [32]
 [54]
 [54]
 [56]
 [53]
 [46]
 [57]
 [57]
 [52]
 [53]
 [53]
 [55]
 [45]
 [49]] 
------------------------ Dataset: Amz ------------------------
shape: (33, 1), dtype: uint16
Data:[[53]
 [57]
 [48]
 [51]
 [46]
 [57]
 [48]
 [53]
 [57]
 [49]
 [52]
 [57]
 [57]
 [57]
 [57]
 [57]
 [57]
 [45]
 [48]
 [32]
 [53]
 [57]
 [48]
 [51]
 [46]
 [57]
 [48]
 [57]
 [55]
 [51]
 [49]
 [45]
 [49]] 
------------------------ Dataset: An ------------------------

shape: (1, 6), dtype: uint32
Data:[[3707764736          2          1          1        752          1]] 
------------------------ Dataset: Bmb ------------------------
shape: (27, 1), dtype: uint16
Data:[[54]
 [55]
 [54]
 [55]
 [46]
 [54]
 [56]
 [55]
 [52]
 [50]
 [53]
 [45]
 [48]
 [32]
 [54]
 [55]
 [54]
 [55]
 [46]
 [54]
 [57]
 [53]
 [57]
 [48]
 [57]
 [45]
 [49]] 
------------------------ Dataset: Bmc ------------------------
shape: (40, 1), dtype: uint16
Data:[[54]
 [50]
 [56]
 [48]
 [46]
 [52]
 [54]
 [53]
 [56]
 [52]
 [54]
 [57]
 [57]
 [57]
 [57]
 [57]
 [57]
 [53]
 [45]
 [48]
 [32]
 [54]
 [50]
 [56]
 [48]
 [46]
 [52]
 [54]
 [57]
 [57]
 [55]
 [53]
 [57]
 [57]
 [57]
 [57]
 [57]
 [57]
 [45]
 [49]] 
------------------------ Dataset: Bmd ------------------------
shape: (27, 1), dtype: uint16
Data:[[54]
 [50]
 [57]
 [54]
 [46]
 [50]
 [52]
 [53]
 [56]
 [53]
 [52]
 [45]
 [48]
 [32]
 [54]
 [50]
 [57]
 [54]
 [46]
 [50]
 [52]
 [53]
 [57]
 [56]
 [54]
 [45]
 [49]] 
------------------------ Dataset: Bme ------------------------
shape: (33, 1), dtype: uint16
Data:[[54]
 [51]
 [49]
 [50]
 [46]
 [48]
 [56]
 [53]
 [57]
 [49]
 [51]
 [57]
 [57]
 [57]
 [57]
 [57]
 [57]
 [45]
 [48]
 [32]
 [54]
 [51]
 [49]
 [50]
 [46]
 [48]
 [57]
 [48]
 [56]
 [49]
 [57]
 [45]
 [49]] 
------------------------ Dataset: Bmf ------------------------
shape: (32, 1), dtype: uint16
Data:[[54]
 [51]
 [50]
 [55]
 [46]
 [57]
 [54]
 [54]
 [48]
 [50]
 [51]
 [57]
 [57]
 [57]
 [57]
 [57]
 [57]
 [45]
 [48]
 [32]
 [54]
 [51]
 [50]
 [55]
 [46]
 [57]
 [54]
 [49]
 [56]
 [57]
 [45]
 [49]] 
------------------------ Dataset: Bmg ------------------------
shape: (25, 1), dtype: uint16
Data:[[54]
 [51]
 [52]
 [51]
 [46]
 [55]
 [57]
 [48]
 [54]
 [49]
 [45]
 [48]
 [32]
 [54]
 [51]
 [52]
 [51]
 [46]
 [55]
 [57]
 [48]
 [49]
 [49]
 [45]
 [49]] 
------------------------ Dataset: Bmh ------------------------
shape: (27, 1), dtype: uint16
Data:[[54]
 [53]
 [48]
 [56]
 [46]
 [56]
 [55]
 [51]
 [57]
 [54]
 [53]
 [45]
 [48]
 [32]
 [54]
 [53]
 [48]
 [56]
 [46]
 [56]
 [54]
 [57]
 [57]
 [57]
 [52]
 [45]
 [49]] 
------------------------ Dataset: Bmi ------------------------
shape: (33, 1), dtype: uint16
Data:[[54]
 [53]
 [50]
 [52]
 [46]
 [54]
 [56]
 [57]
 [57]
 [52]
 [55]
 [45]
 [48]
 [32]
 [54]
 [53]
 [50]
 [52]
 [46]
 [54]
 [57]
 [51]
 [57]
 [57]
 [54]
 [57]
 [57]
 [57]
 [57]
 [57]
 [57]
 [45]
 [49]] 
------------------------ Dataset: Bmj ------------------------
shape: (13, 1), dtype: uint16
Data:[[54]
 [48]
 [50]
 [48]
 [46]
 [50]
 [54]
 [50]
 [48]
 [55]
 [54]
 [45]
 [48]] 
------------------------ Dataset: Bmk ------------------------
shape: (27, 1), dtype: uint16
Data:[[54]
 [48]
 [51]
 [54]
 [46]
 [48]
 [55]
 [56]
 [50]
 [51]
 [53]
 [45]
 [48]
 [32]
 [54]
 [48]
 [51]
 [54]
 [46]
 [48]
 [56]
 [49]
 [57]
 [54]
 [49]
 [45]
 [49]] 
------------------------ Dataset: Bml ------------------------
shape: (39, 1), dtype: uint16
Data:[[54]
 [48]
 [53]
 [49]
 [46]
 [54]
 [56]
 [49]
 [57]
 [51]
 [54]
 [57]
 [57]
 [57]
 [57]
 [57]
 [57]
 [45]
 [48]
 [32]
 [54]
 [48]
 [53]
 [49]
 [46]
 [54]
 [55]
 [55]
 [55]
 [54]
 [57]
 [57]
 [57]
 [57]
 [57]
 [57]
 [57]
 [45]
 [49]] 
------------------------ Dataset: Bmm ------------------------
shape: (39, 1), dtype: uint16
Data:[[54]
 [48]
 [54]
 [55]
 [46]
 [53]
 [56]
 [53]
 [57]
 [52]
 [48]
 [57]
 [57]
 [57]
 [57]
 [57]
 [57]
 [45]
 [48]
 [32]
 [54]
 [48]
 [54]
 [55]
 [46]
 [53]
 [56]
 [49]
 [55]
 [52]
 [54]
 [57]
 [57]
 [57]
 [57]
 [57]
 [57]
 [45]
 [49]] 
------------------------ Dataset: Bmn ------------------------
shape: (33, 1), dtype: uint16
Data:[[54]
 [48]
 [56]
 [51]
 [46]
 [53]
 [51]
 [56]
 [52]
 [48]
 [52]
 [45]
 [48]
 [32]
 [54]
 [48]
 [56]
 [51]
 [46]
 [53]
 [51]
 [51]
 [55]
 [53]
 [54]
 [57]
 [57]
 [57]
 [57]
 [57]
 [57]
 [45]
 [49]] 
------------------------ Dataset: Bmo ------------------------
shape: (33, 1), dtype: uint16
Data:[[53]
 [54]
 [52]
 [52]
 [46]
 [50]
 [48]
 [54]
 [55]
 [56]
 [49]
 [57]
 [57]
 [57]
 [57]
 [57]
 [57]
 [45]
 [48]
 [32]
 [53]
 [54]
 [52]
 [52]
 [46]
 [50]
 [49]
 [48]
 [49]
 [53]
 [53]
 [45]
 [49]] 
------------------------ Dataset: Bmp ------------------------
shape: (33, 1), dtype: uint16
Data:[[53]
 [54]
 [53]
 [57]
 [46]
 [57]
 [54]
 [49]
 [55]
 [53]
 [52]
 [57]
 [57]
 [57]
 [57]
 [57]
 [57]
 [45]
 [48]
 [32]
 [53]
 [54]
 [53]
 [57]
 [46]
 [57]
 [54]
 [54]
 [55]
 [56]
 [54]
 [45]
 [49]] 
------------------------ Dataset: Bmq ------------------------
shape: (27, 1), dtype: uint16
Data:[[53]
 [54]
 [55]
 [53]
 [46]
 [54]
 [53]
 [55]
 [53]
 [55]
 [49]
 [45]
 [48]
 [32]
 [53]
 [54]
 [55]
 [53]
 [46]
 [54]
 [54]
 [50]
 [52]
 [48]
 [55]
 [45]
 [49]] 
------------------------ Dataset: Bmr ------------------------
shape: (33, 1), dtype: uint16
Data:[[53]
 [54]
 [57]
 [49]
 [46]
 [52]
 [52]
 [50]
 [49]
 [49]
 [56]
 [57]
 [57]
 [57]
 [57]
 [57]
 [57]
 [45]
 [48]
 [32]
 [53]
 [54]
 [57]
 [49]
 [46]
 [52]
 [52]
 [53]
 [54]
 [57]
 [51]
 [45]
 [49]] 
------------------------ Dataset: Bms ------------------------
shape: (39, 1), dtype: uint16
Data:[[54]
 [52]
 [49]
 [52]
 [46]
 [55]
 [48]
 [57]
 [56]
 [57]
 [53]
 [57]
 [57]
 [57]
 [57]
 [57]
 [57]
 [45]
 [48]
 [32]
 [54]
 [52]
 [49]
 [52]
 [46]
 [55]
 [48]
 [53]
 [57]
 [54]
 [50]
 [57]
 [57]
 [57]
 [57]
 [57]
 [57]
 [45]
 [49]] 
------------------------ Dataset: Bmt ------------------------
shape: (33, 1), dtype: uint16
Data:[[54]
 [54]
 [48]
 [54]
 [46]
 [55]
 [56]
 [54]
 [48]
 [49]
 [53]
 [45]
 [48]
 [32]
 [54]
 [54]
 [48]
 [54]
 [46]
 [55]
 [57]
 [53]
 [49]
 [49]
 [48]
 [57]
 [57]
 [57]
 [57]
 [57]
 [57]
 [45]
 [49]] 
------------------------ Dataset: Bmu ------------------------
shape: (40, 1), dtype: uint16
Data:[[54]
 [54]
 [50]
 [50]
 [46]
 [55]
 [52]
 [54]
 [48]
 [48]
 [56]
 [57]
 [57]
 [57]
 [57]
 [57]
 [57]
 [53]
 [45]
 [48]
 [32]
 [54]
 [54]
 [50]
 [50]
 [46]
 [55]
 [52]
 [50]
 [48]
 [50]
 [57]
 [57]
 [57]
 [57]
 [57]
 [57]
 [57]
 [45]
 [49]] 
------------------------ Dataset: Bmv ------------------------
shape: (26, 1), dtype: uint16
Data:[[54]
 [54]
 [51]
 [56]
 [46]
 [53]
 [57]
 [52]
 [52]
 [52]
 [45]
 [48]
 [32]
 [54]
 [54]
 [51]
 [56]
 [46]
 [53]
 [57]
 [48]
 [49]
 [50]
 [51]
 [45]
 [49]] 
------------------------ Dataset: Bmw ------------------------
shape: (27, 1), dtype: uint16
Data:[[54]
 [54]
 [53]
 [52]
 [46]
 [49]
 [56]
 [50]
 [51]
 [48]
 [54]
 [45]
 [48]
 [32]
 [54]
 [54]
 [53]
 [52]
 [46]
 [49]
 [55]
 [56]
 [49]
 [53]
 [51]
 [45]
 [49]] 
------------------------ Dataset: Bmx ------------------------
shape: (33, 1), dtype: uint16
Data:[[54]
 [54]
 [55]
 [48]
 [46]
 [48]
 [55]
 [48]
 [49]
 [53]
 [49]
 [57]
 [57]
 [57]
 [57]
 [57]
 [57]
 [45]
 [48]
 [32]
 [54]
 [54]
 [55]
 [48]
 [46]
 [48]
 [55]
 [52]
 [49]
 [49]
 [49]
 [45]
 [49]] 
------------------------ Dataset: Bmy ------------------------
shape: (33, 1), dtype: uint16
Data:[[54]
 [54]
 [56]
 [53]
 [46]
 [57]
 [57]
 [56]
 [56]
 [53]
 [56]
 [57]
 [57]
 [57]
 [57]
 [57]
 [57]
 [45]
 [48]
 [32]
 [54]
 [54]
 [56]
 [53]
 [46]
 [57]
 [57]
 [52]
 [53]
 [53]
 [55]
 [45]
 [49]] 
------------------------ Dataset: Bmz ------------------------
shape: (33, 1), dtype: uint16
Data:[[53]
 [57]
 [48]
 [51]
 [46]
 [57]
 [49]
 [51]
 [54]
 [51]
 [56]
 [57]
 [57]
 [57]
 [57]
 [57]
 [57]
 [45]
 [48]
 [32]
 [53]
 [57]
 [48]
 [51]
 [46]
 [57]
 [48]
 [57]
 [55]
 [51]
 [49]
 [45]
 [49]] 
------------------------ Dataset: Bn ------------------------

shape: (1, 6), dtype: uint32
Data:[[3707764736          2          1          1        753          1]] 
------------------------ Dataset: Cmb ------------------------
shape: (33, 1), dtype: uint16
Data:[[54]
 [55]
 [54]
 [55]
 [46]
 [54]
 [57]
 [54]
 [48]
 [53]
 [57]
 [57]
 [57]
 [57]
 [57]
 [57]
 [57]
 [45]
 [48]
 [32]
 [54]
 [55]
 [54]
 [55]
 [46]
 [54]
 [57]
 [53]
 [57]
 [48]
 [57]
 [45]
 [49]] 
------------------------ Dataset: Cmc ------------------------
shape: (33, 1), dtype: uint16
Data:[[54]
 [50]
 [56]
 [48]
 [46]
 [52]
 [55]
 [52]
 [49]
 [50]
 [56]
 [45]
 [48]
 [32]
 [54]
 [50]
 [56]
 [48]
 [46]
 [52]
 [54]
 [57]
 [57]
 [55]
 [53]
 [57]
 [57]
 [57]
 [57]
 [57]
 [57]
 [45]
 [49]] 
------------------------ Dataset: Cmd ------------------------
shape: (34, 1), dtype: uint16
Data:[[54]
 [50]
 [57]
 [54]
 [46]
 [50]
 [53]
 [55]
 [57]
 [48]
 [52]
 [57]
 [57]
 [57]
 [57]
 [57]
 [57]
 [53]
 [45]
 [48]
 [32]
 [54]
 [50]
 [57]
 [54]
 [46]
 [50]
 [52]
 [53]
 [57]
 [56]
 [54]
 [45]
 [49]] 
------------------------ Dataset: Cme ------------------------
shape: (27, 1), dtype: uint16
Data:[[54]
 [51]
 [49]
 [50]
 [46]
 [48]
 [57]
 [49]
 [57]
 [50]
 [51]
 [45]
 [48]
 [32]
 [54]
 [51]
 [49]
 [50]
 [46]
 [48]
 [57]
 [48]
 [56]
 [49]
 [57]
 [45]
 [49]] 
------------------------ Dataset: Cmf ------------------------
shape: (39, 1), dtype: uint16
Data:[[54]
 [51]
 [50]
 [55]
 [46]
 [57]
 [54]
 [54]
 [48]
 [50]
 [51]
 [57]
 [57]
 [57]
 [57]
 [57]
 [57]
 [45]
 [48]
 [32]
 [54]
 [51]
 [50]
 [55]
 [46]
 [57]
 [54]
 [57]
 [57]
 [57]
 [49]
 [57]
 [57]
 [57]
 [57]
 [57]
 [57]
 [45]
 [49]] 
------------------------ Dataset: Cmg ------------------------
shape: (26, 1), dtype: uint16
Data:[[54]
 [51]
 [52]
 [51]
 [46]
 [55]
 [57]
 [48]
 [54]
 [49]
 [45]
 [48]
 [32]
 [54]
 [51]
 [52]
 [51]
 [46]
 [55]
 [57]
 [52]
 [50]
 [52]
 [55]
 [45]
 [49]] 
------------------------ Dataset: Cmh ------------------------
shape: (27, 1), dtype: uint16
Data:[[54]
 [53]
 [48]
 [56]
 [46]
 [56]
 [55]
 [51]
 [57]
 [54]
 [53]
 [45]
 [48]
 [32]
 [54]
 [53]
 [48]
 [56]
 [46]
 [56]
 [55]
 [56]
 [48]
 [52]
 [52]
 [45]
 [49]] 
------------------------ Dataset: Cmi ------------------------
shape: (33, 1), dtype: uint16
Data:[[54]
 [53]
 [50]
 [52]
 [46]
 [54]
 [57]
 [56]
 [48]
 [48]
 [54]
 [45]
 [48]
 [32]
 [54]
 [53]
 [50]
 [52]
 [46]
 [54]
 [57]
 [51]
 [57]
 [57]
 [54]
 [57]
 [57]
 [57]
 [57]
 [57]
 [57]
 [45]
 [49]] 
------------------------ Dataset: Cmj ------------------------
shape: (13, 1), dtype: uint16
Data:[[54]
 [48]
 [50]
 [48]
 [46]
 [50]
 [54]
 [54]
 [49]
 [55]
 [54]
 [45]
 [49]] 
------------------------ Dataset: Cmk ------------------------
shape: (33, 1), dtype: uint16
Data:[[54]
 [48]
 [51]
 [54]
 [46]
 [48]
 [56]
 [54]
 [50]
 [49]
 [52]
 [57]
 [57]
 [57]
 [57]
 [57]
 [57]
 [45]
 [48]
 [32]
 [54]
 [48]
 [51]
 [54]
 [46]
 [48]
 [56]
 [49]
 [57]
 [54]
 [49]
 [45]
 [49]] 
------------------------ Dataset: Cml ------------------------
shape: (39, 1), dtype: uint16
Data:[[54]
 [48]
 [53]
 [49]
 [46]
 [54]
 [56]
 [49]
 [57]
 [51]
 [54]
 [57]
 [57]
 [57]
 [57]
 [57]
 [57]
 [45]
 [48]
 [32]
 [54]
 [48]
 [53]
 [49]
 [46]
 [54]
 [56]
 [53]
 [55]
 [56]
 [48]
 [57]
 [57]
 [57]
 [57]
 [57]
 [57]
 [45]
 [49]] 
------------------------ Dataset: Cmm ------------------------
shape: (33, 1), dtype: uint16
Data:[[54]
 [48]
 [54]
 [55]
 [46]
 [53]
 [56]
 [53]
 [57]
 [52]
 [48]
 [57]
 [57]
 [57]
 [57]
 [57]
 [57]
 [45]
 [48]
 [32]
 [54]
 [48]
 [54]
 [55]
 [46]
 [53]
 [56]
 [57]
 [57]
 [56]
 [53]
 [45]
 [49]] 
------------------------ Dataset: Cmn ------------------------
shape: (33, 1), dtype: uint16
Data:[[54]
 [48]
 [56]
 [51]
 [46]
 [53]
 [51]
 [56]
 [52]
 [48]
 [52]
 [45]
 [48]
 [32]
 [54]
 [48]
 [56]
 [51]
 [46]
 [53]
 [52]
 [53]
 [55]
 [52]
 [52]
 [57]
 [57]
 [57]
 [57]
 [57]
 [57]
 [45]
 [49]] 
------------------------ Dataset: Cmo ------------------------
shape: (27, 1), dtype: uint16
Data:[[53]
 [54]
 [52]
 [52]
 [46]
 [50]
 [49]
 [48]
 [50]
 [49]
 [57]
 [45]
 [48]
 [32]
 [53]
 [54]
 [52]
 [52]
 [46]
 [50]
 [49]
 [48]
 [49]
 [53]
 [53]
 [45]
 [49]] 
------------------------ Dataset: Cmp ------------------------
shape: (27, 1), dtype: uint16
Data:[[53]
 [54]
 [53]
 [57]
 [46]
 [57]
 [54]
 [57]
 [53]
 [51]
 [49]
 [45]
 [48]
 [32]
 [53]
 [54]
 [53]
 [57]
 [46]
 [57]
 [54]
 [54]
 [55]
 [56]
 [54]
 [45]
 [49]] 
------------------------ Dataset: Cmq ------------------------
shape: (27, 1), dtype: uint16
Data:[[53]
 [54]
 [55]
 [53]
 [46]
 [54]
 [54]
 [53]
 [53]
 [53]
 [53]
 [45]
 [48]
 [32]
 [53]
 [54]
 [55]
 [53]
 [46]
 [54]
 [54]
 [50]
 [52]
 [48]
 [55]
 [45]
 [49]] 
------------------------ Dataset: Cmr ------------------------
shape: (33, 1), dtype: uint16
Data:[[53]
 [54]
 [57]
 [49]
 [46]
 [52]
 [52]
 [57]
 [55]
 [48]
 [50]
 [57]
 [57]
 [57]
 [57]
 [57]
 [57]
 [45]
 [48]
 [32]
 [53]
 [54]
 [57]
 [49]
 [46]
 [52]
 [52]
 [53]
 [54]
 [57]
 [51]
 [45]
 [49]] 
------------------------ Dataset: Cms ------------------------
shape: (33, 1), dtype: uint16
Data:[[54]
 [52]
 [49]
 [52]
 [46]
 [55]
 [48]
 [57]
 [56]
 [57]
 [53]
 [57]
 [57]
 [57]
 [57]
 [57]
 [57]
 [45]
 [48]
 [32]
 [54]
 [52]
 [49]
 [52]
 [46]
 [55]
 [49]
 [51]
 [57]
 [52]
 [52]
 [45]
 [49]] 
------------------------ Dataset: Cmt ------------------------
shape: (33, 1), dtype: uint16
Data:[[54]
 [54]
 [48]
 [54]
 [46]
 [55]
 [57]
 [53]
 [51]
 [51]
 [51]
 [45]
 [48]
 [32]
 [54]
 [54]
 [48]
 [54]
 [46]
 [55]
 [57]
 [53]
 [49]
 [49]
 [48]
 [57]
 [57]
 [57]
 [57]
 [57]
 [57]
 [45]
 [49]] 
------------------------ Dataset: Cmu ------------------------
shape: (34, 1), dtype: uint16
Data:[[54]
 [54]
 [50]
 [50]
 [46]
 [55]
 [52]
 [54]
 [48]
 [48]
 [56]
 [57]
 [57]
 [57]
 [57]
 [57]
 [57]
 [53]
 [45]
 [48]
 [32]
 [54]
 [54]
 [50]
 [50]
 [46]
 [55]
 [53]
 [48]
 [48]
 [53]
 [52]
 [45]
 [49]] 
------------------------ Dataset: Cmv ------------------------
shape: (32, 1), dtype: uint16
Data:[[54]
 [54]
 [51]
 [56]
 [46]
 [53]
 [57]
 [52]
 [52]
 [52]
 [45]
 [48]
 [32]
 [54]
 [54]
 [51]
 [56]
 [46]
 [53]
 [57]
 [56]
 [51]
 [52]
 [49]
 [57]
 [57]
 [57]
 [57]
 [57]
 [57]
 [45]
 [49]] 
------------------------ Dataset: Cmw ------------------------
shape: (27, 1), dtype: uint16
Data:[[54]
 [54]
 [53]
 [52]
 [46]
 [49]
 [56]
 [50]
 [51]
 [48]
 [54]
 [45]
 [48]
 [32]
 [54]
 [54]
 [53]
 [52]
 [46]
 [49]
 [56]
 [54]
 [49]
 [53]
 [54]
 [45]
 [49]] 
------------------------ Dataset: Cmx ------------------------
shape: (27, 1), dtype: uint16
Data:[[54]
 [54]
 [55]
 [48]
 [46]
 [48]
 [55]
 [56]
 [48]
 [54]
 [53]
 [45]
 [48]
 [32]
 [54]
 [54]
 [55]
 [48]
 [46]
 [48]
 [55]
 [52]
 [49]
 [49]
 [49]
 [45]
 [49]] 
------------------------ Dataset: Cmy ------------------------
shape: (33, 1), dtype: uint16
Data:[[54]
 [54]
 [56]
 [53]
 [46]
 [57]
 [57]
 [56]
 [56]
 [53]
 [56]
 [57]
 [57]
 [57]
 [57]
 [57]
 [57]
 [45]
 [48]
 [32]
 [54]
 [54]
 [56]
 [54]
 [46]
 [48]
 [48]
 [50]
 [54]
 [54]
 [53]
 [45]
 [49]] 
------------------------ Dataset: Cmz ------------------------
shape: (32, 1), dtype: uint16
Data:[[53]
 [57]
 [48]
 [51]
 [46]
 [57]
 [49]
 [51]
 [54]
 [51]
 [56]
 [57]
 [57]
 [57]
 [57]
 [57]
 [57]
 [45]
 [48]
 [32]
 [53]
 [57]
 [48]
 [51]
 [46]
 [57]
 [49]
 [55]
 [54]
 [52]
 [45]
 [49]] 
------------------------ Dataset: Cn ------------------------

shape: (1, 6), dtype: uint32
Data:[[3707764736          2          1          1        754          1]] 
------------------------ Dataset: Dmb ------------------------
shape: (33, 1), dtype: uint16
Data:[[54]
 [55]
 [54]
 [55]
 [46]
 [54]
 [57]
 [54]
 [48]
 [53]
 [57]
 [57]
 [57]
 [57]
 [57]
 [57]
 [57]
 [45]
 [48]
 [32]
 [54]
 [55]
 [54]
 [55]
 [46]
 [54]
 [57]
 [56]
 [54]
 [57]
 [55]
 [45]
 [49]] 
------------------------ Dataset: Dmc ------------------------
shape: (27, 1), dtype: uint16
Data:[[54]
 [50]
 [56]
 [48]
 [46]
 [52]
 [55]
 [52]
 [49]
 [50]
 [56]
 [45]
 [48]
 [32]
 [54]
 [50]
 [56]
 [48]
 [46]
 [52]
 [55]
 [56]
 [52]
 [48]
 [50]
 [45]
 [49]] 
------------------------ Dataset: Dmd ------------------------
shape: (34, 1), dtype: uint16
Data:[[54]
 [50]
 [57]
 [54]
 [46]
 [50]
 [53]
 [55]
 [57]
 [48]
 [52]
 [57]
 [57]
 [57]
 [57]
 [57]
 [57]
 [53]
 [45]
 [48]
 [32]
 [54]
 [50]
 [57]
 [54]
 [46]
 [50]
 [53]
 [55]
 [57]
 [48]
 [52]
 [45]
 [49]] 
------------------------ Dataset: Dme ------------------------
shape: (27, 1), dtype: uint16
Data:[[54]
 [51]
 [49]
 [50]
 [46]
 [48]
 [57]
 [49]
 [57]
 [50]
 [51]
 [45]
 [48]
 [32]
 [54]
 [51]
 [49]
 [50]
 [46]
 [48]
 [57]
 [56]
 [50]
 [56]
 [49]
 [45]
 [49]] 
------------------------ Dataset: Dmf ------------------------
shape: (33, 1), dtype: uint16
Data:[[54]
 [51]
 [50]
 [55]
 [46]
 [57]
 [55]
 [51]
 [56]
 [57]
 [57]
 [45]
 [48]
 [32]
 [54]
 [51]
 [50]
 [55]
 [46]
 [57]
 [54]
 [57]
 [57]
 [57]
 [49]
 [57]
 [57]
 [57]
 [57]
 [57]
 [57]
 [45]
 [49]] 
------------------------ Dataset: Dmg ------------------------
shape: (27, 1), dtype: uint16
Data:[[54]
 [51]
 [52]
 [51]
 [46]
 [55]
 [57]
 [55]
 [57]
 [56]
 [57]
 [45]
 [48]
 [32]
 [54]
 [51]
 [52]
 [51]
 [46]
 [55]
 [57]
 [52]
 [50]
 [52]
 [55]
 [45]
 [49]] 
------------------------ Dataset: Dmh ------------------------
shape: (27, 1), dtype: uint16
Data:[[54]
 [53]
 [48]
 [56]
 [46]
 [56]
 [56]
 [49]
 [57]
 [55]
 [55]
 [45]
 [48]
 [32]
 [54]
 [53]
 [48]
 [56]
 [46]
 [56]
 [55]
 [56]
 [48]
 [52]
 [52]
 [45]
 [49]] 
------------------------ Dataset: Dmi ------------------------
shape: (33, 1), dtype: uint16
Data:[[54]
 [53]
 [50]
 [52]
 [46]
 [54]
 [57]
 [56]
 [48]
 [48]
 [54]
 [45]
 [48]
 [32]
 [54]
 [53]
 [50]
 [52]
 [46]
 [55]
 [48]
 [50]
 [49]
 [49]
 [55]
 [57]
 [57]
 [57]
 [57]
 [57]
 [57]
 [45]
 [49]] 
------------------------ Dataset: Dmj ------------------------
shape: (13, 1), dtype: uint16
Data:[[54]
 [48]
 [50]
 [48]
 [46]
 [50]
 [54]
 [57]
 [55]
 [54]
 [50]
 [45]
 [48]] 
------------------------ Dataset: Dmk ------------------------
shape: (39, 1), dtype: uint16
Data:[[54]
 [48]
 [51]
 [54]
 [46]
 [48]
 [56]
 [54]
 [50]
 [49]
 [52]
 [57]
 [57]
 [57]
 [57]
 [57]
 [57]
 [45]
 [48]
 [32]
 [54]
 [48]
 [51]
 [54]
 [46]
 [48]
 [57]
 [48]
 [48]
 [50]
 [57]
 [57]
 [57]
 [57]
 [57]
 [57]
 [57]
 [45]
 [49]] 
------------------------ Dataset: Dml ------------------------
shape: (40, 1), dtype: uint16
Data:[[54]
 [48]
 [53]
 [49]
 [46]
 [54]
 [56]
 [57]
 [54]
 [57]
 [53]
 [57]
 [57]
 [57]
 [57]
 [57]
 [57]
 [53]
 [45]
 [48]
 [32]
 [54]
 [48]
 [53]
 [49]
 [46]
 [54]
 [56]
 [53]
 [55]
 [56]
 [48]
 [57]
 [57]
 [57]
 [57]
 [57]
 [57]
 [45]
 [49]] 
------------------------ Dataset: Dmm ------------------------
shape: (27, 1), dtype: uint16
Data:[[54]
 [48]
 [54]
 [55]
 [46]
 [53]
 [57]
 [51]
 [55]
 [55]
 [54]
 [45]
 [48]
 [32]
 [54]
 [48]
 [54]
 [55]
 [46]
 [53]
 [56]
 [57]
 [57]
 [56]
 [53]
 [45]
 [49]] 
------------------------ Dataset: Dmn ------------------------
shape: (33, 1), dtype: uint16
Data:[[54]
 [48]
 [56]
 [51]
 [46]
 [53]
 [52]
 [53]
 [55]
 [52]
 [51]
 [45]
 [48]
 [32]
 [54]
 [48]
 [56]
 [51]
 [46]
 [53]
 [52]
 [53]
 [55]
 [52]
 [52]
 [57]
 [57]
 [57]
 [57]
 [57]
 [57]
 [45]
 [49]] 
------------------------ Dataset: Dmo ------------------------
shape: (27, 1), dtype: uint16
Data:[[53]
 [54]
 [52]
 [52]
 [46]
 [50]
 [49]
 [48]
 [50]
 [49]
 [57]
 [45]
 [48]
 [32]
 [53]
 [54]
 [52]
 [52]
 [46]
 [50]
 [49]
 [55]
 [54]
 [54]
 [55]
 [45]
 [49]] 
------------------------ Dataset: Dmp ------------------------
shape: (34, 1), dtype: uint16
Data:[[53]
 [54]
 [53]
 [57]
 [46]
 [57]
 [54]
 [57]
 [53]
 [51]
 [49]
 [45]
 [48]
 [32]
 [53]
 [54]
 [53]
 [57]
 [46]
 [57]
 [55]
 [51]
 [54]
 [50]
 [57]
 [57]
 [57]
 [57]
 [57]
 [57]
 [57]
 [53]
 [45]
 [49]] 
------------------------ Dataset: Dmq ------------------------
shape: (27, 1), dtype: uint16
Data:[[53]
 [54]
 [55]
 [53]
 [46]
 [54]
 [54]
 [53]
 [53]
 [53]
 [53]
 [45]
 [48]
 [32]
 [53]
 [54]
 [55]
 [53]
 [46]
 [54]
 [54]
 [57]
 [53]
 [50]
 [51]
 [45]
 [49]] 
------------------------ Dataset: Dmr ------------------------
shape: (33, 1), dtype: uint16
Data:[[53]
 [54]
 [57]
 [49]
 [46]
 [52]
 [52]
 [57]
 [55]
 [48]
 [50]
 [57]
 [57]
 [57]
 [57]
 [57]
 [57]
 [45]
 [48]
 [32]
 [53]
 [54]
 [57]
 [49]
 [46]
 [52]
 [53]
 [51]
 [54]
 [53]
 [54]
 [45]
 [49]] 
------------------------ Dataset: Dms ------------------------
shape: (27, 1), dtype: uint16
Data:[[54]
 [52]
 [49]
 [52]
 [46]
 [55]
 [49]
 [55]
 [57]
 [53]
 [50]
 [45]
 [48]
 [32]
 [54]
 [52]
 [49]
 [52]
 [46]
 [55]
 [49]
 [51]
 [57]
 [52]
 [52]
 [45]
 [49]] 
------------------------ Dataset: Dmt ------------------------
shape: (34, 1), dtype: uint16
Data:[[54]
 [54]
 [48]
 [54]
 [46]
 [55]
 [57]
 [53]
 [51]
 [51]
 [51]
 [45]
 [48]
 [32]
 [54]
 [54]
 [48]
 [54]
 [46]
 [55]
 [57]
 [57]
 [50]
 [50]
 [54]
 [57]
 [57]
 [57]
 [57]
 [57]
 [57]
 [53]
 [45]
 [49]] 
------------------------ Dataset: Dmu ------------------------
shape: (27, 1), dtype: uint16
Data:[[54]
 [54]
 [50]
 [50]
 [46]
 [55]
 [53]
 [56]
 [56]
 [48]
 [57]
 [45]
 [48]
 [32]
 [54]
 [54]
 [50]
 [50]
 [46]
 [55]
 [53]
 [48]
 [48]
 [53]
 [52]
 [45]
 [49]] 
------------------------ Dataset: Dmv ------------------------
shape: (33, 1), dtype: uint16
Data:[[54]
 [54]
 [51]
 [56]
 [46]
 [54]
 [48]
 [52]
 [50]
 [54]
 [56]
 [45]
 [48]
 [32]
 [54]
 [54]
 [51]
 [56]
 [46]
 [53]
 [57]
 [56]
 [51]
 [52]
 [49]
 [57]
 [57]
 [57]
 [57]
 [57]
 [57]
 [45]
 [49]] 
------------------------ Dataset: Dmw ------------------------
shape: (27, 1), dtype: uint16
Data:[[54]
 [54]
 [53]
 [52]
 [46]
 [49]
 [57]
 [48]
 [48]
 [50]
 [53]
 [45]
 [48]
 [32]
 [54]
 [54]
 [53]
 [52]
 [46]
 [49]
 [56]
 [54]
 [49]
 [53]
 [54]
 [45]
 [49]] 
------------------------ Dataset: Dmx ------------------------
shape: (33, 1), dtype: uint16
Data:[[54]
 [54]
 [55]
 [48]
 [46]
 [48]
 [55]
 [56]
 [48]
 [54]
 [53]
 [45]
 [48]
 [32]
 [54]
 [54]
 [55]
 [48]
 [46]
 [48]
 [56]
 [50]
 [49]
 [50]
 [53]
 [57]
 [57]
 [57]
 [57]
 [57]
 [57]
 [45]
 [49]] 
------------------------ Dataset: Dmy ------------------------
shape: (27, 1), dtype: uint16
Data:[[54]
 [54]
 [56]
 [54]
 [46]
 [48]
 [48]
 [54]
 [50]
 [57]
 [49]
 [45]
 [48]
 [32]
 [54]
 [54]
 [56]
 [54]
 [46]
 [48]
 [48]
 [50]
 [54]
 [54]
 [53]
 [45]
 [49]] 
------------------------ Dataset: Dmz ------------------------
shape: (25, 1), dtype: uint16
Data:[[53]
 [57]
 [48]
 [51]
 [46]
 [57]
 [50]
 [49]
 [54]
 [51]
 [45]
 [48]
 [32]
 [53]
 [57]
 [48]
 [51]
 [46]
 [57]
 [49]
 [55]
 [54]
 [52]
 [45]
 [49]] 
------------------------ Dataset: Dn ------------------------

shape: (1, 6), dtype: uint32
Data:[[3707764736          2          1          1        755          1]] 
------------------------ Dataset: Emb ------------------------
shape: (33, 1), dtype: uint16
Data:[[54]
 [55]
 [54]
 [55]
 [46]
 [54]
 [57]
 [56]
 [57]
 [57]
 [51]
 [57]
 [57]
 [57]
 [57]
 [57]
 [57]
 [45]
 [48]
 [32]
 [54]
 [55]
 [54]
 [55]
 [46]
 [54]
 [57]
 [56]
 [54]
 [57]
 [55]
 [45]
 [49]] 
------------------------ Dataset: Emc ------------------------
shape: (27, 1), dtype: uint16
Data:[[54]
 [50]
 [56]
 [48]
 [46]
 [52]
 [56]
 [49]
 [57]
 [48]
 [56]
 [45]
 [48]
 [32]
 [54]
 [50]
 [56]
 [48]
 [46]
 [52]
 [55]
 [56]
 [52]
 [48]
 [50]
 [45]
 [49]] 
------------------------ Dataset: Emd ------------------------
shape: (34, 1), dtype: uint16
Data:[[54]
 [50]
 [57]
 [54]
 [46]
 [50]
 [53]
 [55]
 [57]
 [48]
 [52]
 [57]
 [57]
 [57]
 [57]
 [57]
 [57]
 [53]
 [45]
 [48]
 [32]
 [54]
 [50]
 [57]
 [54]
 [46]
 [50]
 [54]
 [50]
 [57]
 [53]
 [55]
 [45]
 [49]] 
------------------------ Dataset: Eme ------------------------
shape: (34, 1), dtype: uint16
Data:[[54]
 [51]
 [49]
 [50]
 [46]
 [48]
 [57]
 [54]
 [49]
 [54]
 [56]
 [57]
 [57]
 [57]
 [57]
 [57]
 [57]
 [53]
 [45]
 [48]
 [32]
 [54]
 [51]
 [49]
 [50]
 [46]
 [48]
 [57]
 [56]
 [50]
 [56]
 [49]
 [45]
 [49]] 
------------------------ Dataset: Emf ------------------------
shape: (27, 1), dtype: uint16
Data:[[54]
 [51]
 [50]
 [55]
 [46]
 [57]
 [55]
 [51]
 [56]
 [57]
 [57]
 [45]
 [48]
 [32]
 [54]
 [51]
 [50]
 [55]
 [46]
 [57]
 [55]
 [55]
 [56]
 [56]
 [54]
 [45]
 [49]] 
------------------------ Dataset: Emg ------------------------
shape: (27, 1), dtype: uint16
Data:[[54]
 [51]
 [52]
 [51]
 [46]
 [55]
 [57]
 [55]
 [57]
 [56]
 [57]
 [45]
 [48]
 [32]
 [54]
 [51]
 [52]
 [51]
 [46]
 [56]
 [48]
 [49]
 [57]
 [49]
 [55]
 [45]
 [49]] 
------------------------ Dataset: Emh ------------------------
shape: (27, 1), dtype: uint16
Data:[[54]
 [53]
 [48]
 [56]
 [46]
 [56]
 [56]
 [49]
 [57]
 [55]
 [55]
 [45]
 [48]
 [32]
 [54]
 [53]
 [48]
 [56]
 [46]
 [56]
 [56]
 [53]
 [57]
 [51]
 [55]
 [45]
 [49]] 
------------------------ Dataset: Emi ------------------------
shape: (40, 1), dtype: uint16
Data:[[54]
 [53]
 [50]
 [52]
 [46]
 [55]
 [48]
 [54]
 [48]
 [52]
 [48]
 [57]
 [57]
 [57]
 [57]
 [57]
 [57]
 [53]
 [45]
 [48]
 [32]
 [54]
 [53]
 [50]
 [52]
 [46]
 [55]
 [48]
 [50]
 [49]
 [49]
 [55]
 [57]
 [57]
 [57]
 [57]
 [57]
 [57]
 [45]
 [49]] 
------------------------ Dataset: Emj ------------------------
shape: (19, 1), dtype: uint16
Data:[[54]
 [48]
 [50]
 [48]
 [46]
 [50]
 [55]
 [51]
 [57]
 [51]
 [55]
 [57]
 [57]
 [57]
 [57]
 [57]
 [57]
 [45]
 [49]] 
------------------------ Dataset: Emk ------------------------
shape: (33, 1), dtype: uint16
Data:[[54]
 [48]
 [51]
 [54]
 [46]
 [48]
 [57]
 [51]
 [55]
 [56]
 [52]
 [45]
 [48]
 [32]
 [54]
 [48]
 [51]
 [54]
 [46]
 [48]
 [57]
 [48]
 [48]
 [50]
 [57]
 [57]
 [57]
 [57]
 [57]
 [57]
 [57]
 [45]
 [49]] 
------------------------ Dataset: Eml ------------------------
shape: (34, 1), dtype: uint16
Data:[[54]
 [48]
 [53]
 [49]
 [46]
 [54]
 [56]
 [57]
 [54]
 [57]
 [53]
 [57]
 [57]
 [57]
 [57]
 [57]
 [57]
 [53]
 [45]
 [48]
 [32]
 [54]
 [48]
 [53]
 [49]
 [46]
 [54]
 [57]
 [51]
 [56]
 [53]
 [56]
 [45]
 [49]] 
------------------------ Dataset: Emm ------------------------
shape: (27, 1), dtype: uint16
Data:[[54]
 [48]
 [54]
 [55]
 [46]
 [53]
 [57]
 [51]
 [55]
 [55]
 [54]
 [45]
 [48]
 [32]
 [54]
 [48]
 [54]
 [55]
 [46]
 [53]
 [57]
 [55]
 [55]
 [55]
 [50]
 [45]
 [49]] 
------------------------ Dataset: Emn ------------------------
shape: (33, 1), dtype: uint16
Data:[[54]
 [48]
 [56]
 [51]
 [46]
 [53]
 [53]
 [51]
 [55]
 [52]
 [50]
 [45]
 [48]
 [32]
 [54]
 [48]
 [56]
 [51]
 [46]
 [53]
 [52]
 [53]
 [55]
 [52]
 [52]
 [57]
 [57]
 [57]
 [57]
 [57]
 [57]
 [45]
 [49]] 
------------------------ Dataset: Emo ------------------------
shape: (27, 1), dtype: uint16
Data:[[53]
 [54]
 [52]
 [52]
 [46]
 [50]
 [50]
 [50]
 [51]
 [50]
 [54]
 [45]
 [48]
 [32]
 [53]
 [54]
 [52]
 [52]
 [46]
 [50]
 [49]
 [55]
 [54]
 [54]
 [55]
 [45]
 [49]] 
------------------------ Dataset: Emp ------------------------
shape: (34, 1), dtype: uint16
Data:[[53]
 [54]
 [53]
 [57]
 [46]
 [57]
 [55]
 [55]
 [54]
 [51]
 [54]
 [45]
 [48]
 [32]
 [53]
 [54]
 [53]
 [57]
 [46]
 [57]
 [55]
 [51]
 [54]
 [50]
 [57]
 [57]
 [57]
 [57]
 [57]
 [57]
 [57]
 [53]
 [45]
 [49]] 
------------------------ Dataset: Emq ------------------------
shape: (33, 1), dtype: uint16
Data:[[53]
 [54]
 [55]
 [53]
 [46]
 [54]
 [55]
 [51]
 [53]
 [51]
 [50]
 [57]
 [57]
 [57]
 [57]
 [57]
 [57]
 [45]
 [48]
 [32]
 [53]
 [54]
 [55]
 [53]
 [46]
 [54]
 [54]
 [57]
 [53]
 [50]
 [51]
 [45]
 [49]] 
------------------------ Dataset: Emr ------------------------
shape: (34, 1), dtype: uint16
Data:[[53]
 [54]
 [57]
 [49]
 [46]
 [52]
 [53]
 [55]
 [54]
 [55]
 [57]
 [57]
 [57]
 [57]
 [57]
 [57]
 [57]
 [53]
 [45]
 [48]
 [32]
 [53]
 [54]
 [57]
 [49]
 [46]
 [52]
 [53]
 [51]
 [54]
 [53]
 [54]
 [45]
 [49]] 
------------------------ Dataset: Ems ------------------------
shape: (34, 1), dtype: uint16
Data:[[54]
 [52]
 [49]
 [52]
 [46]
 [55]
 [49]
 [55]
 [57]
 [53]
 [50]
 [45]
 [48]
 [32]
 [54]
 [52]
 [49]
 [52]
 [46]
 [55]
 [50]
 [49]
 [57]
 [54]
 [54]
 [57]
 [57]
 [57]
 [57]
 [57]
 [57]
 [53]
 [45]
 [49]] 
------------------------ Dataset: Emt ------------------------
shape: (34, 1), dtype: uint16
Data:[[54]
 [54]
 [48]
 [54]
 [46]
 [56]
 [48]
 [50]
 [49]
 [55]
 [50]
 [45]
 [48]
 [32]
 [54]
 [54]
 [48]
 [54]
 [46]
 [55]
 [57]
 [57]
 [50]
 [50]
 [54]
 [57]
 [57]
 [57]
 [57]
 [57]
 [57]
 [53]
 [45]
 [49]] 
------------------------ Dataset: Emu ------------------------
shape: (27, 1), dtype: uint16
Data:[[54]
 [54]
 [50]
 [50]
 [46]
 [55]
 [53]
 [56]
 [56]
 [48]
 [57]
 [45]
 [48]
 [32]
 [54]
 [54]
 [50]
 [50]
 [46]
 [55]
 [53]
 [57]
 [49]
 [50]
 [53]
 [45]
 [49]] 
------------------------ Dataset: Emv ------------------------
shape: (27, 1), dtype: uint16
Data:[[54]
 [54]
 [51]
 [56]
 [46]
 [54]
 [48]
 [52]
 [50]
 [54]
 [56]
 [45]
 [48]
 [32]
 [54]
 [54]
 [51]
 [56]
 [46]
 [54]
 [48]
 [54]
 [51]
 [53]
 [55]
 [45]
 [49]] 
------------------------ Dataset: Emw ------------------------
shape: (34, 1), dtype: uint16
Data:[[54]
 [54]
 [53]
 [52]
 [46]
 [49]
 [57]
 [48]
 [48]
 [50]
 [53]
 [45]
 [48]
 [32]
 [54]
 [54]
 [53]
 [52]
 [46]
 [49]
 [57]
 [52]
 [49]
 [50]
 [48]
 [57]
 [57]
 [57]
 [57]
 [57]
 [57]
 [53]
 [45]
 [49]] 
------------------------ Dataset: Emx ------------------------
shape: (33, 1), dtype: uint16
Data:[[54]
 [54]
 [55]
 [48]
 [46]
 [48]
 [56]
 [54]
 [48]
 [57]
 [57]
 [45]
 [48]
 [32]
 [54]
 [54]
 [55]
 [48]
 [46]
 [48]
 [56]
 [50]
 [49]
 [50]
 [53]
 [57]
 [57]
 [57]
 [57]
 [57]
 [57]
 [45]
 [49]] 
------------------------ Dataset: Emy ------------------------
shape: (33, 1), dtype: uint16
Data:[[54]
 [54]
 [56]
 [54]
 [46]
 [48]
 [48]
 [54]
 [50]
 [57]
 [49]
 [45]
 [48]
 [32]
 [54]
 [54]
 [56]
 [54]
 [46]
 [48]
 [49]
 [48]
 [49]
 [50]
 [48]
 [57]
 [57]
 [57]
 [57]
 [57]
 [57]
 [45]
 [49]] 
------------------------ Dataset: Emz ------------------------
shape: (12, 1), dtype: uint16
Data:[[53]
 [57]
 [48]
 [51]
 [46]
 [57]
 [50]
 [49]
 [54]
 [51]
 [45]
 [48]] 
------------------------ Dataset: En ------------------------

shape: (1, 6), dtype: uint32
Data:[[3707764736          2          1          1        756          1]] 
------------------------ Dataset: Fmb ------------------------
shape: (31, 1), dtype: uint16
Data:[[54]
 [55]
 [54]
 [55]
 [46]
 [54]
 [57]
 [56]
 [57]
 [57]
 [51]
 [57]
 [57]
 [57]
 [57]
 [57]
 [57]
 [45]
 [48]
 [32]
 [54]
 [55]
 [54]
 [55]
 [46]
 [55]
 [48]
 [50]
 [51]
 [45]
 [49]] 
------------------------ Dataset: Fmc ------------------------
shape: (27, 1), dtype: uint16
Data:[[54]
 [50]
 [56]
 [48]
 [46]
 [52]
 [56]
 [49]
 [57]
 [48]
 [56]
 [45]
 [48]
 [32]
 [54]
 [50]
 [56]
 [48]
 [46]
 [52]
 [56]
 [53]
 [56]
 [56]
 [50]
 [45]
 [49]] 
------------------------ Dataset: Fmd ------------------------
shape: (27, 1), dtype: uint16
Data:[[54]
 [50]
 [57]
 [54]
 [46]
 [50]
 [54]
 [51]
 [48]
 [51]
 [55]
 [45]
 [48]
 [32]
 [54]
 [50]
 [57]
 [54]
 [46]
 [50]
 [54]
 [50]
 [57]
 [53]
 [55]
 [45]
 [49]] 
------------------------ Dataset: Fme ------------------------
shape: (33, 1), dtype: uint16
Data:[[54]
 [51]
 [49]
 [50]
 [46]
 [49]
 [48]
 [49]
 [57]
 [55]
 [51]
 [57]
 [57]
 [57]
 [57]
 [57]
 [57]
 [45]
 [48]
 [32]
 [54]
 [51]
 [49]
 [50]
 [46]
 [48]
 [57]
 [56]
 [50]
 [56]
 [49]
 [45]
 [49]] 
------------------------ Dataset: Fmf ------------------------
shape: (34, 1), dtype: uint16
Data:[[54]
 [51]
 [50]
 [55]
 [46]
 [57]
 [56]
 [49]
 [56]
 [55]
 [52]
 [57]
 [57]
 [57]
 [57]
 [57]
 [57]
 [53]
 [45]
 [48]
 [32]
 [54]
 [51]
 [50]
 [55]
 [46]
 [57]
 [55]
 [55]
 [56]
 [56]
 [54]
 [45]
 [49]] 
------------------------ Dataset: Fmg ------------------------
shape: (27, 1), dtype: uint16
Data:[[54]
 [51]
 [52]
 [51]
 [46]
 [56]
 [48]
 [54]
 [49]
 [52]
 [51]
 [45]
 [48]
 [32]
 [54]
 [51]
 [52]
 [51]
 [46]
 [56]
 [48]
 [49]
 [57]
 [49]
 [55]
 [45]
 [49]] 
------------------------ Dataset: Fmh ------------------------
shape: (33, 1), dtype: uint16
Data:[[54]
 [53]
 [48]
 [56]
 [46]
 [56]
 [56]
 [57]
 [56]
 [57]
 [49]
 [57]
 [57]
 [57]
 [57]
 [57]
 [57]
 [45]
 [48]
 [32]
 [54]
 [53]
 [48]
 [56]
 [46]
 [56]
 [56]
 [53]
 [57]
 [51]
 [55]
 [45]
 [49]] 
------------------------ Dataset: Fmi ------------------------
shape: (41, 1), dtype: uint16
Data:[[54]
 [53]
 [50]
 [52]
 [46]
 [55]
 [48]
 [54]
 [48]
 [52]
 [48]
 [57]
 [57]
 [57]
 [57]
 [57]
 [57]
 [53]
 [45]
 [48]
 [32]
 [54]
 [53]
 [50]
 [52]
 [46]
 [55]
 [49]
 [48]
 [49]
 [48]
 [53]
 [57]
 [57]
 [57]
 [57]
 [57]
 [57]
 [53]
 [45]
 [49]] 
------------------------ Dataset: Fmj ------------------------
shape: (19, 1), dtype: uint16
Data:[[54]
 [48]
 [50]
 [48]
 [46]
 [50]
 [55]
 [55]
 [55]
 [49]
 [52]
 [57]
 [57]
 [57]
 [57]
 [57]
 [57]
 [45]
 [48]] 
------------------------ Dataset: Fmk ------------------------
shape: (27, 1), dtype: uint16
Data:[[54]
 [48]
 [51]
 [54]
 [46]
 [48]
 [57]
 [51]
 [55]
 [56]
 [52]
 [45]
 [48]
 [32]
 [54]
 [48]
 [51]
 [54]
 [46]
 [48]
 [57]
 [55]
 [56]
 [48]
 [57]
 [45]
 [49]] 
------------------------ Dataset: Fml ------------------------
shape: (27, 1), dtype: uint16
Data:[[54]
 [48]
 [53]
 [49]
 [46]
 [54]
 [57]
 [55]
 [55]
 [52]
 [57]
 [45]
 [48]
 [32]
 [54]
 [48]
 [53]
 [49]
 [46]
 [54]
 [57]
 [51]
 [56]
 [53]
 [56]
 [45]
 [49]] 
------------------------ Dataset: Fmm ------------------------
shape: (33, 1), dtype: uint16
Data:[[54]
 [48]
 [54]
 [55]
 [46]
 [54]
 [48]
 [49]
 [55]
 [53]
 [56]
 [57]
 [57]
 [57]
 [57]
 [57]
 [57]
 [45]
 [48]
 [32]
 [54]
 [48]
 [54]
 [55]
 [46]
 [53]
 [57]
 [55]
 [55]
 [55]
 [50]
 [45]
 [49]] 
------------------------ Dataset: Fmn ------------------------
shape: (26, 1), dtype: uint16
Data:[[54]
 [48]
 [56]
 [51]
 [46]
 [53]
 [53]
 [51]
 [55]
 [52]
 [50]
 [45]
 [48]
 [32]
 [54]
 [48]
 [56]
 [51]
 [46]
 [53]
 [53]
 [51]
 [55]
 [51]
 [45]
 [49]] 
------------------------ Dataset: Fmo ------------------------
shape: (27, 1), dtype: uint16
Data:[[53]
 [54]
 [52]
 [52]
 [46]
 [50]
 [50]
 [50]
 [51]
 [50]
 [54]
 [45]
 [48]
 [32]
 [53]
 [54]
 [52]
 [52]
 [46]
 [50]
 [50]
 [53]
 [54]
 [54]
 [52]
 [45]
 [49]] 
------------------------ Dataset: Fmp ------------------------
shape: (27, 1), dtype: uint16
Data:[[53]
 [54]
 [53]
 [57]
 [46]
 [57]
 [55]
 [55]
 [54]
 [51]
 [54]
 [45]
 [48]
 [32]
 [53]
 [54]
 [53]
 [57]
 [46]
 [57]
 [56]
 [49]
 [54]
 [55]
 [53]
 [45]
 [49]] 
------------------------ Dataset: Fmq ------------------------
shape: (33, 1), dtype: uint16
Data:[[53]
 [54]
 [55]
 [53]
 [46]
 [54]
 [55]
 [51]
 [53]
 [51]
 [50]
 [57]
 [57]
 [57]
 [57]
 [57]
 [57]
 [45]
 [48]
 [32]
 [53]
 [54]
 [55]
 [53]
 [46]
 [54]
 [55]
 [55]
 [54]
 [55]
 [50]
 [45]
 [49]] 
------------------------ Dataset: Fmr ------------------------
shape: (34, 1), dtype: uint16
Data:[[53]
 [54]
 [57]
 [49]
 [46]
 [52]
 [53]
 [55]
 [54]
 [55]
 [57]
 [57]
 [57]
 [57]
 [57]
 [57]
 [57]
 [53]
 [45]
 [48]
 [32]
 [53]
 [54]
 [57]
 [49]
 [46]
 [52]
 [54]
 [49]
 [56]
 [52]
 [55]
 [45]
 [49]] 
------------------------ Dataset: Fms ------------------------
shape: (34, 1), dtype: uint16
Data:[[54]
 [52]
 [49]
 [52]
 [46]
 [55]
 [50]
 [53]
 [57]
 [53]
 [52]
 [45]
 [48]
 [32]
 [54]
 [52]
 [49]
 [52]
 [46]
 [55]
 [50]
 [49]
 [57]
 [54]
 [54]
 [57]
 [57]
 [57]
 [57]
 [57]
 [57]
 [53]
 [45]
 [49]] 
------------------------ Dataset: Fmt ------------------------
shape: (27, 1), dtype: uint16
Data:[[54]
 [54]
 [48]
 [54]
 [46]
 [56]
 [48]
 [50]
 [49]
 [55]
 [50]
 [45]
 [48]
 [32]
 [54]
 [54]
 [48]
 [54]
 [46]
 [56]
 [48]
 [53]
 [57]
 [56]
 [52]
 [45]
 [49]] 
------------------------ Dataset: Fmu ------------------------
shape: (33, 1), dtype: uint16
Data:[[54]
 [54]
 [50]
 [50]
 [46]
 [55]
 [54]
 [50]
 [55]
 [55]
 [55]
 [57]
 [57]
 [57]
 [57]
 [57]
 [57]
 [45]
 [48]
 [32]
 [54]
 [54]
 [50]
 [50]
 [46]
 [55]
 [53]
 [57]
 [49]
 [50]
 [53]
 [45]
 [49]] 
------------------------ Dataset: Fmv ------------------------
shape: (27, 1), dtype: uint16
Data:[[54]
 [54]
 [51]
 [56]
 [46]
 [54]
 [49]
 [48]
 [49]
 [48]
 [51]
 [45]
 [48]
 [32]
 [54]
 [54]
 [51]
 [56]
 [46]
 [54]
 [48]
 [54]
 [51]
 [53]
 [55]
 [45]
 [49]] 
------------------------ Dataset: Fmw ------------------------
shape: (34, 1), dtype: uint16
Data:[[54]
 [54]
 [53]
 [52]
 [46]
 [49]
 [57]
 [57]
 [48]
 [52]
 [57]
 [45]
 [48]
 [32]
 [54]
 [54]
 [53]
 [52]
 [46]
 [49]
 [57]
 [52]
 [49]
 [50]
 [48]
 [57]
 [57]
 [57]
 [57]
 [57]
 [57]
 [53]
 [45]
 [49]] 
------------------------ Dataset: Fmx ------------------------
shape: (26, 1), dtype: uint16
Data:[[54]
 [54]
 [55]
 [48]
 [46]
 [48]
 [56]
 [54]
 [48]
 [57]
 [57]
 [45]
 [48]
 [32]
 [54]
 [54]
 [55]
 [48]
 [46]
 [48]
 [57]
 [53]
 [51]
 [52]
 [45]
 [49]] 
------------------------ Dataset: Fmy ------------------------
shape: (33, 1), dtype: uint16
Data:[[54]
 [54]
 [56]
 [54]
 [46]
 [48]
 [49]
 [52]
 [48]
 [56]
 [53]
 [45]
 [48]
 [32]
 [54]
 [54]
 [56]
 [54]
 [46]
 [48]
 [49]
 [48]
 [49]
 [50]
 [48]
 [57]
 [57]
 [57]
 [57]
 [57]
 [57]
 [45]
 [49]] 
------------------------ Dataset: Fmz ------------------------
shape: (12, 1), dtype: uint16
Data:[[53]
 [57]
 [48]
 [51]
 [46]
 [57]
 [50]
 [53]
 [54]
 [50]
 [45]
 [49]] 
------------------------ Dataset: Fn ------------------------

shape: (1, 6), dtype: uint32
Data:[[3707764736          2          1          1        757          1]] 
------------------------ Dataset: Gmb ------------------------
shape: (25, 1), dtype: uint16
Data:[[54]
 [55]
 [54]
 [55]
 [46]
 [55]
 [48]
 [54]
 [49]
 [53]
 [56]
 [45]
 [48]
 [32]
 [54]
 [55]
 [54]
 [55]
 [46]
 [55]
 [48]
 [50]
 [51]
 [45]
 [49]] 
------------------------ Dataset: Gmc ------------------------
shape: (27, 1), dtype: uint16
Data:[[54]
 [50]
 [56]
 [48]
 [46]
 [52]
 [56]
 [57]
 [56]
 [56]
 [56]
 [45]
 [48]
 [32]
 [54]
 [50]
 [56]
 [48]
 [46]
 [52]
 [56]
 [53]
 [56]
 [56]
 [50]
 [45]
 [49]] 
------------------------ Dataset: Gmd ------------------------
shape: (34, 1), dtype: uint16
Data:[[54]
 [50]
 [57]
 [54]
 [46]
 [50]
 [54]
 [51]
 [48]
 [51]
 [55]
 [45]
 [48]
 [32]
 [54]
 [50]
 [57]
 [54]
 [46]
 [50]
 [54]
 [57]
 [57]
 [57]
 [57]
 [57]
 [57]
 [57]
 [57]
 [57]
 [57]
 [53]
 [45]
 [49]] 
------------------------ Dataset: Gme ------------------------
shape: (33, 1), dtype: uint16
Data:[[54]
 [51]
 [49]
 [50]
 [46]
 [49]
 [48]
 [49]
 [57]
 [55]
 [51]
 [57]
 [57]
 [57]
 [57]
 [57]
 [57]
 [45]
 [48]
 [32]
 [54]
 [51]
 [49]
 [50]
 [46]
 [49]
 [48]
 [53]
 [57]
 [51]
 [57]
 [45]
 [49]] 
------------------------ Dataset: Gmf ------------------------
shape: (40, 1), dtype: uint16
Data:[[54]
 [51]
 [50]
 [55]
 [46]
 [57]
 [56]
 [49]
 [56]
 [55]
 [52]
 [57]
 [57]
 [57]
 [57]
 [57]
 [57]
 [53]
 [45]
 [48]
 [32]
 [54]
 [51]
 [50]
 [55]
 [46]
 [57]
 [56]
 [53]
 [56]
 [57]
 [53]
 [57]
 [57]
 [57]
 [57]
 [57]
 [57]
 [45]
 [49]] 
------------------------ Dataset: Gmg ------------------------
shape: (27, 1), dtype: uint16
Data:[[54]
 [51]
 [52]
 [51]
 [46]
 [56]
 [48]
 [54]
 [49]
 [52]
 [51]
 [45]
 [48]
 [32]
 [54]
 [51]
 [52]
 [51]
 [46]
 [56]
 [49]
 [48]
 [49]
 [50]
 [55]
 [45]
 [49]] 
------------------------ Dataset: Gmh ------------------------
shape: (40, 1), dtype: uint16
Data:[[54]
 [53]
 [48]
 [56]
 [46]
 [56]
 [56]
 [57]
 [56]
 [57]
 [49]
 [57]
 [57]
 [57]
 [57]
 [57]
 [57]
 [45]
 [48]
 [32]
 [54]
 [53]
 [48]
 [56]
 [46]
 [56]
 [57]
 [51]
 [57]
 [50]
 [55]
 [57]
 [57]
 [57]
 [57]
 [57]
 [57]
 [53]
 [45]
 [49]] 
------------------------ Dataset: Gmi ------------------------
shape: (34, 1), dtype: uint16
Data:[[54]
 [53]
 [50]
 [52]
 [46]
 [55]
 [49]
 [52]
 [49]
 [54]
 [51]
 [45]
 [48]
 [32]
 [54]
 [53]
 [50]
 [52]
 [46]
 [55]
 [49]
 [48]
 [49]
 [48]
 [53]
 [57]
 [57]
 [57]
 [57]
 [57]
 [57]
 [53]
 [45]
 [49]] 
------------------------ Dataset: Gmj ------------------------
shape: (19, 1), dtype: uint16
Data:[[54]
 [48]
 [50]
 [48]
 [46]
 [50]
 [56]
 [49]
 [56]
 [56]
 [52]
 [57]
 [57]
 [57]
 [57]
 [57]
 [57]
 [45]
 [49]] 
------------------------ Dataset: Gmk ------------------------
shape: (34, 1), dtype: uint16
Data:[[54]
 [48]
 [51]
 [54]
 [46]
 [49]
 [48]
 [49]
 [55]
 [54]
 [55]
 [57]
 [57]
 [57]
 [57]
 [57]
 [57]
 [53]
 [45]
 [48]
 [32]
 [54]
 [48]
 [51]
 [54]
 [46]
 [48]
 [57]
 [55]
 [56]
 [48]
 [57]
 [45]
 [49]] 
------------------------ Dataset: Gml ------------------------
shape: (27, 1), dtype: uint16
Data:[[54]
 [48]
 [53]
 [49]
 [46]
 [54]
 [57]
 [55]
 [55]
 [52]
 [57]
 [45]
 [48]
 [32]
 [54]
 [48]
 [53]
 [49]
 [46]
 [55]
 [48]
 [49]
 [57]
 [57]
 [57]
 [45]
 [49]] 
------------------------ Dataset: Gmm ------------------------
shape: (33, 1), dtype: uint16
Data:[[54]
 [48]
 [54]
 [55]
 [46]
 [54]
 [48]
 [49]
 [55]
 [53]
 [56]
 [57]
 [57]
 [57]
 [57]
 [57]
 [57]
 [45]
 [48]
 [32]
 [54]
 [48]
 [54]
 [55]
 [46]
 [54]
 [48]
 [53]
 [55]
 [54]
 [54]
 [45]
 [49]] 
------------------------ Dataset: Gmn ------------------------
shape: (27, 1), dtype: uint16
Data:[[54]
 [48]
 [56]
 [51]
 [46]
 [53]
 [53]
 [51]
 [55]
 [52]
 [50]
 [45]
 [48]
 [32]
 [54]
 [48]
 [56]
 [51]
 [46]
 [53]
 [54]
 [49]
 [55]
 [51]
 [49]
 [45]
 [49]] 
------------------------ Dataset: Gmo ------------------------
shape: (27, 1), dtype: uint16
Data:[[53]
 [54]
 [52]
 [52]
 [46]
 [50]
 [50]
 [57]
 [54]
 [55]
 [54]
 [45]
 [48]
 [32]
 [53]
 [54]
 [52]
 [52]
 [46]
 [50]
 [50]
 [53]
 [54]
 [54]
 [52]
 [45]
 [49]] 
------------------------ Dataset: Gmp ------------------------
shape: (26, 1), dtype: uint16
Data:[[53]
 [54]
 [53]
 [57]
 [46]
 [57]
 [56]
 [53]
 [53]
 [51]
 [45]
 [48]
 [32]
 [53]
 [54]
 [53]
 [57]
 [46]
 [57]
 [56]
 [49]
 [54]
 [55]
 [53]
 [45]
 [49]] 
------------------------ Dataset: Gmq ------------------------
shape: (34, 1), dtype: uint16
Data:[[53]
 [54]
 [55]
 [53]
 [46]
 [54]
 [56]
 [49]
 [54]
 [49]
 [52]
 [57]
 [57]
 [57]
 [57]
 [57]
 [57]
 [53]
 [45]
 [48]
 [32]
 [53]
 [54]
 [55]
 [53]
 [46]
 [54]
 [55]
 [55]
 [54]
 [55]
 [50]
 [45]
 [49]] 
------------------------ Dataset: Gmr ------------------------
shape: (33, 1), dtype: uint16
Data:[[53]
 [54]
 [57]
 [49]
 [46]
 [52]
 [54]
 [53]
 [54]
 [56]
 [50]
 [57]
 [57]
 [57]
 [57]
 [57]
 [57]
 [45]
 [48]
 [32]
 [53]
 [54]
 [57]
 [49]
 [46]
 [52]
 [54]
 [49]
 [56]
 [52]
 [55]
 [45]
 [49]] 
------------------------ Dataset: Gms ------------------------
shape: (27, 1), dtype: uint16
Data:[[54]
 [52]
 [49]
 [52]
 [46]
 [55]
 [50]
 [53]
 [57]
 [53]
 [52]
 [45]
 [48]
 [32]
 [54]
 [52]
 [49]
 [52]
 [46]
 [55]
 [50]
 [57]
 [57]
 [51]
 [55]
 [45]
 [49]] 
------------------------ Dataset: Gmt ------------------------
shape: (27, 1), dtype: uint16
Data:[[54]
 [54]
 [48]
 [54]
 [46]
 [56]
 [49]
 [49]
 [51]
 [57]
 [56]
 [45]
 [48]
 [32]
 [54]
 [54]
 [48]
 [54]
 [46]
 [56]
 [48]
 [53]
 [57]
 [56]
 [52]
 [45]
 [49]] 
------------------------ Dataset: Gmu ------------------------
shape: (40, 1), dtype: uint16
Data:[[54]
 [54]
 [50]
 [50]
 [46]
 [55]
 [54]
 [50]
 [55]
 [55]
 [55]
 [57]
 [57]
 [57]
 [57]
 [57]
 [57]
 [45]
 [48]
 [32]
 [54]
 [54]
 [50]
 [50]
 [46]
 [55]
 [54]
 [54]
 [48]
 [49]
 [50]
 [57]
 [57]
 [57]
 [57]
 [57]
 [57]
 [53]
 [45]
 [49]] 
------------------------ Dataset: Gmv ------------------------
shape: (33, 1), dtype: uint16
Data:[[54]
 [54]
 [51]
 [56]
 [46]
 [54]
 [49]
 [48]
 [49]
 [48]
 [51]
 [45]
 [48]
 [32]
 [54]
 [54]
 [51]
 [56]
 [46]
 [54]
 [49]
 [52]
 [49]
 [48]
 [54]
 [57]
 [57]
 [57]
 [57]
 [57]
 [57]
 [45]
 [49]] 
------------------------ Dataset: Gmw ------------------------
shape: (33, 1), dtype: uint16
Data:[[54]
 [54]
 [53]
 [52]
 [46]
 [49]
 [57]
 [57]
 [48]
 [52]
 [57]
 [45]
 [48]
 [32]
 [54]
 [54]
 [53]
 [52]
 [46]
 [50]
 [48]
 [50]
 [51]
 [56]
 [51]
 [57]
 [57]
 [57]
 [57]
 [57]
 [57]
 [45]
 [49]] 
------------------------ Dataset: Gmx ------------------------
shape: (26, 1), dtype: uint16
Data:[[54]
 [54]
 [55]
 [48]
 [46]
 [48]
 [57]
 [54]
 [48]
 [48]
 [49]
 [45]
 [48]
 [32]
 [54]
 [54]
 [55]
 [48]
 [46]
 [48]
 [57]
 [53]
 [51]
 [52]
 [45]
 [49]] 
------------------------ Dataset: Gmy ------------------------
shape: (27, 1), dtype: uint16
Data:[[54]
 [54]
 [56]
 [54]
 [46]
 [48]
 [49]
 [52]
 [48]
 [56]
 [53]
 [45]
 [48]
 [32]
 [54]
 [54]
 [56]
 [54]
 [46]
 [48]
 [49]
 [56]
 [48]
 [55]
 [52]
 [45]
 [49]] 
------------------------ Dataset: Gmz ------------------------
shape: (13, 1), dtype: uint16
Data:[[53]
 [57]
 [48]
 [51]
 [46]
 [57]
 [50]
 [57]
 [54]
 [49]
 [50]
 [45]
 [48]] 
------------------------ Dataset: Gn ------------------------

shape: (1, 6), dtype: uint32
Data:[[3707764736          2          1          1        758          1]] 
------------------------ Dataset: Hmb ------------------------
shape: (27, 1), dtype: uint16
Data:[[54]
 [55]
 [54]
 [55]
 [46]
 [55]
 [48]
 [54]
 [49]
 [53]
 [56]
 [45]
 [48]
 [32]
 [54]
 [55]
 [54]
 [55]
 [46]
 [55]
 [49]
 [48]
 [49]
 [50]
 [57]
 [45]
 [49]] 
------------------------ Dataset: Hmc ------------------------
shape: (27, 1), dtype: uint16
Data:[[54]
 [50]
 [56]
 [48]
 [46]
 [52]
 [56]
 [57]
 [56]
 [56]
 [56]
 [45]
 [48]
 [32]
 [54]
 [50]
 [56]
 [48]
 [46]
 [52]
 [57]
 [51]
 [57]
 [49]
 [56]
 [45]
 [49]] 
------------------------ Dataset: Hmd ------------------------
shape: (41, 1), dtype: uint16
Data:[[54]
 [50]
 [57]
 [54]
 [46]
 [50]
 [54]
 [57]
 [57]
 [57]
 [57]
 [57]
 [57]
 [57]
 [57]
 [57]
 [57]
 [53]
 [45]
 [48]
 [32]
 [54]
 [50]
 [57]
 [54]
 [46]
 [50]
 [54]
 [57]
 [57]
 [57]
 [57]
 [57]
 [57]
 [57]
 [57]
 [57]
 [57]
 [53]
 [45]
 [49]] 
------------------------ Dataset: Hme ------------------------
shape: (27, 1), dtype: uint16
Data:[[54]
 [51]
 [49]
 [50]
 [46]
 [49]
 [48]
 [57]
 [56]
 [54]
 [56]
 [45]
 [48]
 [32]
 [54]
 [51]
 [49]
 [50]
 [46]
 [49]
 [48]
 [53]
 [57]
 [51]
 [57]
 [45]
 [49]] 
------------------------ Dataset: Hmf ------------------------
shape: (33, 1), dtype: uint16
Data:[[54]
 [51]
 [50]
 [55]
 [46]
 [57]
 [56]
 [57]
 [56]
 [51]
 [49]
 [45]
 [48]
 [32]
 [54]
 [51]
 [50]
 [55]
 [46]
 [57]
 [56]
 [53]
 [56]
 [57]
 [53]
 [57]
 [57]
 [57]
 [57]
 [57]
 [57]
 [45]
 [49]] 
------------------------ Dataset: Hmg ------------------------
shape: (27, 1), dtype: uint16
Data:[[54]
 [51]
 [52]
 [51]
 [46]
 [56]
 [49]
 [52]
 [48]
 [55]
 [51]
 [45]
 [48]
 [32]
 [54]
 [51]
 [52]
 [51]
 [46]
 [56]
 [49]
 [48]
 [49]
 [50]
 [55]
 [45]
 [49]] 
------------------------ Dataset: Hmh ------------------------
shape: (34, 1), dtype: uint16
Data:[[54]
 [53]
 [48]
 [56]
 [46]
 [56]
 [57]
 [56]
 [53]
 [54]
 [52]
 [45]
 [48]
 [32]
 [54]
 [53]
 [48]
 [56]
 [46]
 [56]
 [57]
 [51]
 [57]
 [50]
 [55]
 [57]
 [57]
 [57]
 [57]
 [57]
 [57]
 [53]
 [45]
 [49]] 
------------------------ Dataset: Hmi ------------------------
shape: (27, 1), dtype: uint16
Data:[[54]
 [53]
 [50]
 [52]
 [46]
 [55]
 [49]
 [52]
 [49]
 [54]
 [51]
 [45]
 [48]
 [32]
 [54]
 [53]
 [50]
 [52]
 [46]
 [55]
 [49]
 [56]
 [50]
 [56]
 [52]
 [45]
 [49]] 
------------------------ Dataset: Hmj ------------------------
shape: (13, 1), dtype: uint16
Data:[[54]
 [48]
 [50]
 [48]
 [46]
 [50]
 [56]
 [54]
 [48]
 [53]
 [51]
 [45]
 [48]] 
------------------------ Dataset: Hmk ------------------------
shape: (34, 1), dtype: uint16
Data:[[54]
 [48]
 [51]
 [54]
 [46]
 [49]
 [48]
 [49]
 [55]
 [54]
 [55]
 [57]
 [57]
 [57]
 [57]
 [57]
 [57]
 [53]
 [45]
 [48]
 [32]
 [54]
 [48]
 [51]
 [54]
 [46]
 [49]
 [48]
 [53]
 [55]
 [54]
 [51]
 [45]
 [49]] 
------------------------ Dataset: Hml ------------------------
shape: (33, 1), dtype: uint16
Data:[[54]
 [48]
 [53]
 [49]
 [46]
 [55]
 [48]
 [54]
 [55]
 [56]
 [49]
 [57]
 [57]
 [57]
 [57]
 [57]
 [57]
 [45]
 [48]
 [32]
 [54]
 [48]
 [53]
 [49]
 [46]
 [55]
 [48]
 [49]
 [57]
 [57]
 [57]
 [45]
 [49]] 
------------------------ Dataset: Hmm ------------------------
shape: (33, 1), dtype: uint16
Data:[[54]
 [48]
 [54]
 [55]
 [46]
 [54]
 [48]
 [57]
 [56]
 [48]
 [50]
 [57]
 [57]
 [57]
 [57]
 [57]
 [57]
 [45]
 [48]
 [32]
 [54]
 [48]
 [54]
 [55]
 [46]
 [54]
 [48]
 [53]
 [55]
 [54]
 [54]
 [45]
 [49]] 
------------------------ Dataset: Hmn ------------------------
shape: (33, 1), dtype: uint16
Data:[[54]
 [48]
 [56]
 [51]
 [46]
 [53]
 [54]
 [49]
 [55]
 [50]
 [51]
 [57]
 [57]
 [57]
 [57]
 [57]
 [57]
 [45]
 [48]
 [32]
 [54]
 [48]
 [56]
 [51]
 [46]
 [53]
 [54]
 [49]
 [55]
 [51]
 [49]
 [45]
 [49]] 
------------------------ Dataset: Hmo ------------------------
shape: (26, 1), dtype: uint16
Data:[[53]
 [54]
 [52]
 [52]
 [46]
 [50]
 [50]
 [57]
 [54]
 [55]
 [54]
 [45]
 [48]
 [32]
 [53]
 [54]
 [52]
 [52]
 [46]
 [50]
 [51]
 [51]
 [54]
 [51]
 [45]
 [49]] 
------------------------ Dataset: Hmp ------------------------
shape: (26, 1), dtype: uint16
Data:[[53]
 [54]
 [53]
 [57]
 [46]
 [57]
 [56]
 [53]
 [53]
 [51]
 [45]
 [48]
 [32]
 [53]
 [54]
 [53]
 [57]
 [46]
 [57]
 [57]
 [54]
 [48]
 [50]
 [51]
 [45]
 [49]] 
------------------------ Dataset: Hmq ------------------------
shape: (34, 1), dtype: uint16
Data:[[53]
 [54]
 [55]
 [53]
 [46]
 [54]
 [56]
 [49]
 [54]
 [49]
 [52]
 [57]
 [57]
 [57]
 [57]
 [57]
 [57]
 [53]
 [45]
 [48]
 [32]
 [53]
 [54]
 [55]
 [53]
 [46]
 [54]
 [56]
 [53]
 [54]
 [48]
 [56]
 [45]
 [49]] 
------------------------ Dataset: Hmr ------------------------
shape: (33, 1), dtype: uint16
Data:[[53]
 [54]
 [57]
 [49]
 [46]
 [52]
 [54]
 [53]
 [54]
 [56]
 [50]
 [57]
 [57]
 [57]
 [57]
 [57]
 [57]
 [45]
 [48]
 [32]
 [53]
 [54]
 [57]
 [49]
 [46]
 [52]
 [54]
 [57]
 [54]
 [53]
 [53]
 [45]
 [49]] 
------------------------ Dataset: Hms ------------------------
shape: (33, 1), dtype: uint16
Data:[[54]
 [52]
 [49]
 [52]
 [46]
 [55]
 [51]
 [51]
 [57]
 [55]
 [55]
 [57]
 [57]
 [57]
 [57]
 [57]
 [57]
 [45]
 [48]
 [32]
 [54]
 [52]
 [49]
 [52]
 [46]
 [55]
 [50]
 [57]
 [57]
 [51]
 [55]
 [45]
 [49]] 
------------------------ Dataset: Hmt ------------------------
shape: (33, 1), dtype: uint16
Data:[[54]
 [54]
 [48]
 [54]
 [46]
 [56]
 [49]
 [49]
 [51]
 [57]
 [56]
 [45]
 [48]
 [32]
 [54]
 [54]
 [48]
 [54]
 [46]
 [56]
 [49]
 [52]
 [48]
 [54]
 [57]
 [57]
 [57]
 [57]
 [57]
 [57]
 [57]
 [45]
 [49]] 
------------------------ Dataset: Hmu ------------------------
shape: (40, 1), dtype: uint16
Data:[[54]
 [54]
 [50]
 [50]
 [46]
 [55]
 [54]
 [57]
 [57]
 [56]
 [50]
 [57]
 [57]
 [57]
 [57]
 [57]
 [57]
 [45]
 [48]
 [32]
 [54]
 [54]
 [50]
 [50]
 [46]
 [55]
 [54]
 [54]
 [48]
 [49]
 [50]
 [57]
 [57]
 [57]
 [57]
 [57]
 [57]
 [53]
 [45]
 [49]] 
------------------------ Dataset: Hmv ------------------------
shape: (39, 1), dtype: uint16
Data:[[54]
 [54]
 [51]
 [56]
 [46]
 [54]
 [49]
 [56]
 [48]
 [56]
 [50]
 [57]
 [57]
 [57]
 [57]
 [57]
 [57]
 [45]
 [48]
 [32]
 [54]
 [54]
 [51]
 [56]
 [46]
 [54]
 [49]
 [52]
 [49]
 [48]
 [54]
 [57]
 [57]
 [57]
 [57]
 [57]
 [57]
 [45]
 [49]] 
------------------------ Dataset: Hmw ------------------------
shape: (39, 1), dtype: uint16
Data:[[54]
 [54]
 [53]
 [52]
 [46]
 [50]
 [48]
 [54]
 [48]
 [53]
 [51]
 [57]
 [57]
 [57]
 [57]
 [57]
 [57]
 [45]
 [48]
 [32]
 [54]
 [54]
 [53]
 [52]
 [46]
 [50]
 [48]
 [50]
 [51]
 [56]
 [51]
 [57]
 [57]
 [57]
 [57]
 [57]
 [57]
 [45]
 [49]] 
------------------------ Dataset: Hmx ------------------------
shape: (33, 1), dtype: uint16
Data:[[54]
 [54]
 [55]
 [48]
 [46]
 [48]
 [57]
 [54]
 [48]
 [48]
 [49]
 [45]
 [48]
 [32]
 [54]
 [54]
 [55]
 [48]
 [46]
 [48]
 [57]
 [57]
 [51]
 [53]
 [49]
 [57]
 [57]
 [57]
 [57]
 [57]
 [57]
 [45]
 [49]] 
------------------------ Dataset: Hmy ------------------------
shape: (27, 1), dtype: uint16
Data:[[54]
 [54]
 [56]
 [54]
 [46]
 [48]
 [50]
 [50]
 [48]
 [57]
 [52]
 [45]
 [48]
 [32]
 [54]
 [54]
 [56]
 [54]
 [46]
 [48]
 [49]
 [56]
 [48]
 [55]
 [52]
 [45]
 [49]] 
------------------------ Dataset: Hmz ------------------------
shape: (20, 1), dtype: uint16
Data:[[53]
 [57]
 [48]
 [51]
 [46]
 [57]
 [51]
 [57]
 [52]
 [57]
 [49]
 [57]
 [57]
 [57]
 [57]
 [57]
 [57]
 [53]
 [45]
 [49]] 
------------------------ Dataset: Hn ------------------------

shape: (1, 6), dtype: uint32
Data:[[3707764736          2          1          1        759          1]] 
------------------------ Dataset: Imb ------------------------
shape: (27, 1), dtype: uint16
Data:[[54]
 [55]
 [54]
 [55]
 [46]
 [55]
 [49]
 [52]
 [50]
 [48]
 [57]
 [45]
 [48]
 [32]
 [54]
 [55]
 [54]
 [55]
 [46]
 [55]
 [49]
 [48]
 [49]
 [50]
 [57]
 [45]
 [49]] 
------------------------ Dataset: Imc ------------------------
shape: (27, 1), dtype: uint16
Data:[[54]
 [50]
 [56]
 [48]
 [46]
 [52]
 [57]
 [56]
 [48]
 [49]
 [57]
 [45]
 [48]
 [32]
 [54]
 [50]
 [56]
 [48]
 [46]
 [52]
 [57]
 [51]
 [57]
 [49]
 [56]
 [45]
 [49]] 
------------------------ Dataset: Imd ------------------------
shape: (34, 1), dtype: uint16
Data:[[54]
 [50]
 [57]
 [54]
 [46]
 [50]
 [54]
 [57]
 [57]
 [57]
 [57]
 [57]
 [57]
 [57]
 [57]
 [57]
 [57]
 [53]
 [45]
 [48]
 [32]
 [54]
 [50]
 [57]
 [54]
 [46]
 [50]
 [55]
 [56]
 [54]
 [56]
 [52]
 [45]
 [49]] 
------------------------ Dataset: Ime ------------------------
shape: (33, 1), dtype: uint16
Data:[[54]
 [51]
 [49]
 [50]
 [46]
 [49]
 [48]
 [57]
 [56]
 [54]
 [56]
 [45]
 [48]
 [32]
 [54]
 [51]
 [49]
 [50]
 [46]
 [49]
 [49]
 [52]
 [48]
 [57]
 [53]
 [57]
 [57]
 [57]
 [57]
 [57]
 [57]
 [45]
 [49]] 
------------------------ Dataset: Imf ------------------------
shape: (33, 1), dtype: uint16
Data:[[54]
 [51]
 [50]
 [55]
 [46]
 [57]
 [56]
 [57]
 [56]
 [51]
 [49]
 [45]
 [48]
 [32]
 [54]
 [51]
 [50]
 [55]
 [46]
 [57]
 [57]
 [57]
 [48]
 [55]
 [51]
 [57]
 [57]
 [57]
 [57]
 [57]
 [57]
 [45]
 [49]] 
------------------------ Dataset: Img ------------------------
shape: (27, 1), dtype: uint16
Data:[[54]
 [51]
 [52]
 [51]
 [46]
 [56]
 [49]
 [52]
 [48]
 [55]
 [51]
 [45]
 [48]
 [32]
 [54]
 [51]
 [52]
 [51]
 [46]
 [56]
 [49]
 [56]
 [48]
 [54]
 [52]
 [45]
 [49]] 
------------------------ Dataset: Imh ------------------------
shape: (33, 1), dtype: uint16
Data:[[54]
 [53]
 [48]
 [56]
 [46]
 [56]
 [57]
 [56]
 [53]
 [54]
 [52]
 [45]
 [48]
 [32]
 [54]
 [53]
 [48]
 [56]
 [46]
 [57]
 [48]
 [49]
 [57]
 [56]
 [54]
 [57]
 [57]
 [57]
 [57]
 [57]
 [57]
 [45]
 [49]] 
------------------------ Dataset: Imi ------------------------
shape: (27, 1), dtype: uint16
Data:[[54]
 [53]
 [50]
 [52]
 [46]
 [55]
 [50]
 [50]
 [50]
 [50]
 [49]
 [45]
 [48]
 [32]
 [54]
 [53]
 [50]
 [52]
 [46]
 [55]
 [49]
 [56]
 [50]
 [56]
 [52]
 [45]
 [49]] 
------------------------ Dataset: Imj ------------------------
shape: (13, 1), dtype: uint16
Data:[[54]
 [48]
 [50]
 [48]
 [46]
 [50]
 [57]
 [48]
 [48]
 [53]
 [49]
 [45]
 [49]] 
------------------------ Dataset: Imk ------------------------
shape: (33, 1), dtype: uint16
Data:[[54]
 [48]
 [51]
 [54]
 [46]
 [49]
 [48]
 [57]
 [54]
 [56]
 [52]
 [57]
 [57]
 [57]
 [57]
 [57]
 [57]
 [45]
 [48]
 [32]
 [54]
 [48]
 [51]
 [54]
 [46]
 [49]
 [48]
 [53]
 [55]
 [54]
 [51]
 [45]
 [49]] 
------------------------ Dataset: Iml ------------------------
shape: (40, 1), dtype: uint16
Data:[[54]
 [48]
 [53]
 [49]
 [46]
 [55]
 [48]
 [54]
 [55]
 [56]
 [49]
 [57]
 [57]
 [57]
 [57]
 [57]
 [57]
 [45]
 [48]
 [32]
 [54]
 [48]
 [53]
 [49]
 [46]
 [55]
 [48]
 [57]
 [56]
 [51]
 [57]
 [57]
 [57]
 [57]
 [57]
 [57]
 [57]
 [53]
 [45]
 [49]] 
------------------------ Dataset: Imm ------------------------
shape: (33, 1), dtype: uint16
Data:[[54]
 [48]
 [54]
 [55]
 [46]
 [54]
 [48]
 [57]
 [56]
 [48]
 [50]
 [57]
 [57]
 [57]
 [57]
 [57]
 [57]
 [45]
 [48]
 [32]
 [54]
 [48]
 [54]
 [55]
 [46]
 [54]
 [49]
 [51]
 [56]
 [50]
 [52]
 [45]
 [49]] 
------------------------ Dataset: Imn ------------------------
shape: (26, 1), dtype: uint16
Data:[[54]
 [48]
 [56]
 [51]
 [46]
 [53]
 [54]
 [57]
 [55]
 [49]
 [45]
 [48]
 [32]
 [54]
 [48]
 [56]
 [51]
 [46]
 [53]
 [54]
 [49]
 [55]
 [51]
 [49]
 [45]
 [49]] 
------------------------ Dataset: Imo ------------------------
shape: (26, 1), dtype: uint16
Data:[[53]
 [54]
 [52]
 [52]
 [46]
 [50]
 [51]
 [55]
 [54]
 [54]
 [53]
 [45]
 [48]
 [32]
 [53]
 [54]
 [52]
 [52]
 [46]
 [50]
 [51]
 [51]
 [54]
 [51]
 [45]
 [49]] 
------------------------ Dataset: Imp ------------------------
shape: (33, 1), dtype: uint16
Data:[[53]
 [54]
 [53]
 [57]
 [46]
 [57]
 [57]
 [54]
 [49]
 [48]
 [52]
 [57]
 [57]
 [57]
 [57]
 [57]
 [57]
 [45]
 [48]
 [32]
 [53]
 [54]
 [53]
 [57]
 [46]
 [57]
 [57]
 [54]
 [48]
 [50]
 [51]
 [45]
 [49]] 
------------------------ Dataset: Imq ------------------------
shape: (27, 1), dtype: uint16
Data:[[53]
 [54]
 [55]
 [53]
 [46]
 [54]
 [56]
 [57]
 [53]
 [56]
 [49]
 [45]
 [48]
 [32]
 [53]
 [54]
 [55]
 [53]
 [46]
 [54]
 [56]
 [53]
 [54]
 [48]
 [56]
 [45]
 [49]] 
------------------------ Dataset: Imr ------------------------
shape: (33, 1), dtype: uint16
Data:[[53]
 [54]
 [57]
 [49]
 [46]
 [52]
 [55]
 [51]
 [55]
 [49]
 [55]
 [57]
 [57]
 [57]
 [57]
 [57]
 [57]
 [45]
 [48]
 [32]
 [53]
 [54]
 [57]
 [49]
 [46]
 [52]
 [54]
 [57]
 [54]
 [53]
 [53]
 [45]
 [49]] 
------------------------ Dataset: Ims ------------------------
shape: (39, 1), dtype: uint16
Data:[[54]
 [52]
 [49]
 [52]
 [46]
 [55]
 [51]
 [51]
 [57]
 [55]
 [55]
 [57]
 [57]
 [57]
 [57]
 [57]
 [57]
 [45]
 [48]
 [32]
 [54]
 [52]
 [49]
 [52]
 [46]
 [55]
 [51]
 [55]
 [57]
 [57]
 [49]
 [57]
 [57]
 [57]
 [57]
 [57]
 [57]
 [45]
 [49]] 
------------------------ Dataset: Imt ------------------------
shape: (40, 1), dtype: uint16
Data:[[54]
 [54]
 [48]
 [54]
 [46]
 [56]
 [49]
 [55]
 [57]
 [55]
 [56]
 [57]
 [57]
 [57]
 [57]
 [57]
 [57]
 [53]
 [45]
 [48]
 [32]
 [54]
 [54]
 [48]
 [54]
 [46]
 [56]
 [49]
 [52]
 [48]
 [54]
 [57]
 [57]
 [57]
 [57]
 [57]
 [57]
 [57]
 [45]
 [49]] 
------------------------ Dataset: Imu ------------------------
shape: (40, 1), dtype: uint16
Data:[[54]
 [54]
 [50]
 [50]
 [46]
 [55]
 [54]
 [57]
 [57]
 [56]
 [50]
 [57]
 [57]
 [57]
 [57]
 [57]
 [57]
 [45]
 [48]
 [32]
 [54]
 [54]
 [50]
 [50]
 [46]
 [55]
 [55]
 [52]
 [48]
 [53]
 [51]
 [57]
 [57]
 [57]
 [57]
 [57]
 [57]
 [53]
 [45]
 [49]] 
------------------------ Dataset: Imv ------------------------
shape: (33, 1), dtype: uint16
Data:[[54]
 [54]
 [51]
 [56]
 [46]
 [54]
 [49]
 [56]
 [48]
 [56]
 [50]
 [57]
 [57]
 [57]
 [57]
 [57]
 [57]
 [45]
 [48]
 [32]
 [54]
 [54]
 [51]
 [56]
 [46]
 [54]
 [50]
 [50]
 [50]
 [50]
 [50]
 [45]
 [49]] 
------------------------ Dataset: Imw ------------------------
shape: (39, 1), dtype: uint16
Data:[[54]
 [54]
 [53]
 [52]
 [46]
 [50]
 [48]
 [54]
 [48]
 [53]
 [51]
 [57]
 [57]
 [57]
 [57]
 [57]
 [57]
 [45]
 [48]
 [32]
 [54]
 [54]
 [53]
 [52]
 [46]
 [50]
 [49]
 [48]
 [48]
 [55]
 [50]
 [57]
 [57]
 [57]
 [57]
 [57]
 [57]
 [45]
 [49]] 
------------------------ Dataset: Imx ------------------------
shape: (40, 1), dtype: uint16
Data:[[54]
 [54]
 [55]
 [48]
 [46]
 [49]
 [48]
 [50]
 [50]
 [52]
 [53]
 [57]
 [57]
 [57]
 [57]
 [57]
 [57]
 [53]
 [45]
 [48]
 [32]
 [54]
 [54]
 [55]
 [48]
 [46]
 [48]
 [57]
 [57]
 [51]
 [53]
 [49]
 [57]
 [57]
 [57]
 [57]
 [57]
 [57]
 [45]
 [49]] 
------------------------ Dataset: Imy ------------------------
shape: (27, 1), dtype: uint16
Data:[[54]
 [54]
 [56]
 [54]
 [46]
 [48]
 [50]
 [50]
 [48]
 [57]
 [52]
 [45]
 [48]
 [32]
 [54]
 [54]
 [56]
 [54]
 [46]
 [48]
 [50]
 [54]
 [50]
 [56]
 [50]
 [45]
 [49]] 
------------------------ Dataset: Imz ------------------------
shape: (13, 1), dtype: uint16
Data:[[53]
 [57]
 [48]
 [51]
 [46]
 [57]
 [51]
 [57]
 [53]
 [50]
 [51]
 [45]
 [48]] 
------------------------ Dataset: In ------------------------

shape: (1, 6), dtype: uint32
Data:[[3707764736          2          1          1        760          1]] 
------------------------ Dataset: Jmb ------------------------
shape: (27, 1), dtype: uint16
Data:[[54]
 [55]
 [54]
 [55]
 [46]
 [55]
 [49]
 [52]
 [50]
 [48]
 [57]
 [45]
 [48]
 [32]
 [54]
 [55]
 [54]
 [55]
 [46]
 [55]
 [49]
 [56]
 [50]
 [50]
 [53]
 [45]
 [49]] 
------------------------ Dataset: Jmc ------------------------
shape: (33, 1), dtype: uint16
Data:[[54]
 [50]
 [56]
 [48]
 [46]
 [52]
 [57]
 [56]
 [48]
 [49]
 [57]
 [45]
 [48]
 [32]
 [54]
 [50]
 [56]
 [48]
 [46]
 [53]
 [48]
 [56]
 [48]
 [55]
 [51]
 [57]
 [57]
 [57]
 [57]
 [57]
 [57]
 [45]
 [49]] 
------------------------ Dataset: Jmd ------------------------
shape: (33, 1), dtype: uint16
Data:[[54]
 [50]
 [57]
 [54]
 [46]
 [50]
 [55]
 [56]
 [54]
 [57]
 [50]
 [57]
 [57]
 [57]
 [57]
 [57]
 [57]
 [45]
 [48]
 [32]
 [54]
 [50]
 [57]
 [54]
 [46]
 [50]
 [55]
 [56]
 [54]
 [56]
 [52]
 [45]
 [49]] 
------------------------ Dataset: Jme ------------------------
shape: (33, 1), dtype: uint16
Data:[[54]
 [51]
 [49]
 [50]
 [46]
 [49]
 [50]
 [48]
 [51]
 [51]
 [56]
 [45]
 [48]
 [32]
 [54]
 [51]
 [49]
 [50]
 [46]
 [49]
 [49]
 [52]
 [48]
 [57]
 [53]
 [57]
 [57]
 [57]
 [57]
 [57]
 [57]
 [45]
 [49]] 
------------------------ Dataset: Jmf ------------------------
shape: (39, 1), dtype: uint16
Data:[[54]
 [51]
 [50]
 [55]
 [46]
 [57]
 [57]
 [57]
 [48]
 [55]
 [56]
 [57]
 [57]
 [57]
 [57]
 [57]
 [57]
 [45]
 [48]
 [32]
 [54]
 [51]
 [50]
 [55]
 [46]
 [57]
 [57]
 [57]
 [48]
 [55]
 [51]
 [57]
 [57]
 [57]
 [57]
 [57]
 [57]
 [45]
 [49]] 
------------------------ Dataset: Jmg ------------------------
shape: (27, 1), dtype: uint16
Data:[[54]
 [51]
 [52]
 [51]
 [46]
 [56]
 [50]
 [51]
 [50]
 [48]
 [53]
 [45]
 [48]
 [32]
 [54]
 [51]
 [52]
 [51]
 [46]
 [56]
 [49]
 [56]
 [48]
 [54]
 [52]
 [45]
 [49]] 
------------------------ Dataset: Jmh ------------------------
shape: (33, 1), dtype: uint16
Data:[[54]
 [53]
 [48]
 [56]
 [46]
 [57]
 [48]
 [53]
 [57]
 [53]
 [52]
 [45]
 [48]
 [32]
 [54]
 [53]
 [48]
 [56]
 [46]
 [57]
 [48]
 [49]
 [57]
 [56]
 [54]
 [57]
 [57]
 [57]
 [57]
 [57]
 [57]
 [45]
 [49]] 
------------------------ Dataset: Jmi ------------------------
shape: (34, 1), dtype: uint16
Data:[[54]
 [53]
 [50]
 [52]
 [46]
 [55]
 [50]
 [50]
 [50]
 [50]
 [49]
 [45]
 [48]
 [32]
 [54]
 [53]
 [50]
 [52]
 [46]
 [55]
 [50]
 [54]
 [48]
 [53]
 [53]
 [57]
 [57]
 [57]
 [57]
 [57]
 [57]
 [53]
 [45]
 [49]] 
------------------------ Dataset: Jmj ------------------------
shape: (13, 1), dtype: uint16
Data:[[54]
 [48]
 [50]
 [48]
 [46]
 [50]
 [57]
 [51]
 [57]
 [53]
 [55]
 [45]
 [48]] 
------------------------ Dataset: Jmk ------------------------
shape: (39, 1), dtype: uint16
Data:[[54]
 [48]
 [51]
 [54]
 [46]
 [49]
 [48]
 [57]
 [54]
 [56]
 [52]
 [57]
 [57]
 [57]
 [57]
 [57]
 [57]
 [45]
 [48]
 [32]
 [54]
 [48]
 [51]
 [54]
 [46]
 [49]
 [49]
 [53]
 [50]
 [54]
 [57]
 [57]
 [57]
 [57]
 [57]
 [57]
 [57]
 [45]
 [49]] 
------------------------ Dataset: Jml ------------------------
shape: (34, 1), dtype: uint16
Data:[[54]
 [48]
 [53]
 [49]
 [46]
 [55]
 [49]
 [51]
 [55]
 [55]
 [55]
 [45]
 [48]
 [32]
 [54]
 [48]
 [53]
 [49]
 [46]
 [55]
 [48]
 [57]
 [56]
 [51]
 [57]
 [57]
 [57]
 [57]
 [57]
 [57]
 [57]
 [53]
 [45]
 [49]] 
------------------------ Dataset: Jmm ------------------------
shape: (27, 1), dtype: uint16
Data:[[54]
 [48]
 [54]
 [55]
 [46]
 [54]
 [49]
 [55]
 [57]
 [53]
 [51]
 [45]
 [48]
 [32]
 [54]
 [48]
 [54]
 [55]
 [46]
 [54]
 [49]
 [51]
 [56]
 [50]
 [52]
 [45]
 [49]] 
------------------------ Dataset: Jmn ------------------------
shape: (24, 1), dtype: uint16
Data:[[54]
 [48]
 [56]
 [51]
 [46]
 [53]
 [54]
 [57]
 [55]
 [49]
 [45]
 [48]
 [32]
 [54]
 [48]
 [56]
 [51]
 [46]
 [53]
 [54]
 [57]
 [55]
 [45]
 [49]] 
------------------------ Dataset: Jmo ------------------------
shape: (33, 1), dtype: uint16
Data:[[53]
 [54]
 [52]
 [52]
 [46]
 [50]
 [51]
 [55]
 [54]
 [54]
 [53]
 [45]
 [48]
 [32]
 [53]
 [54]
 [52]
 [52]
 [46]
 [50]
 [52]
 [49]
 [54]
 [50]
 [51]
 [57]
 [57]
 [57]
 [57]
 [57]
 [57]
 [45]
 [49]] 
------------------------ Dataset: Jmp ------------------------
shape: (33, 1), dtype: uint16
Data:[[53]
 [54]
 [53]
 [57]
 [46]
 [57]
 [57]
 [54]
 [49]
 [48]
 [52]
 [57]
 [57]
 [57]
 [57]
 [57]
 [57]
 [45]
 [48]
 [32]
 [53]
 [54]
 [53]
 [57]
 [46]
 [57]
 [57]
 [56]
 [56]
 [52]
 [52]
 [45]
 [49]] 
------------------------ Dataset: Jmq ------------------------
shape: (27, 1), dtype: uint16
Data:[[53]
 [54]
 [55]
 [53]
 [46]
 [54]
 [56]
 [57]
 [53]
 [56]
 [49]
 [45]
 [48]
 [32]
 [53]
 [54]
 [55]
 [53]
 [46]
 [54]
 [57]
 [51]
 [54]
 [56]
 [49]
 [45]
 [49]] 
------------------------ Dataset: Jmr ------------------------
shape: (32, 1), dtype: uint16
Data:[[53]
 [54]
 [57]
 [49]
 [46]
 [52]
 [55]
 [51]
 [55]
 [49]
 [55]
 [57]
 [57]
 [57]
 [57]
 [57]
 [57]
 [45]
 [48]
 [32]
 [53]
 [54]
 [57]
 [49]
 [46]
 [52]
 [55]
 [55]
 [54]
 [54]
 [45]
 [49]] 
------------------------ Dataset: Jms ------------------------
shape: (33, 1), dtype: uint16
Data:[[54]
 [52]
 [49]
 [52]
 [46]
 [55]
 [52]
 [49]
 [56]
 [55]
 [56]
 [45]
 [48]
 [32]
 [54]
 [52]
 [49]
 [52]
 [46]
 [55]
 [51]
 [55]
 [57]
 [57]
 [49]
 [57]
 [57]
 [57]
 [57]
 [57]
 [57]
 [45]
 [49]] 
------------------------ Dataset: Jmt ------------------------
shape: (34, 1), dtype: uint16
Data:[[54]
 [54]
 [48]
 [54]
 [46]
 [56]
 [49]
 [55]
 [57]
 [55]
 [56]
 [57]
 [57]
 [57]
 [57]
 [57]
 [57]
 [53]
 [45]
 [48]
 [32]
 [54]
 [54]
 [48]
 [54]
 [46]
 [56]
 [50]
 [49]
 [57]
 [56]
 [51]
 [45]
 [49]] 
------------------------ Dataset: Jmu ------------------------
shape: (34, 1), dtype: uint16
Data:[[54]
 [54]
 [50]
 [50]
 [46]
 [55]
 [55]
 [56]
 [48]
 [50]
 [54]
 [45]
 [48]
 [32]
 [54]
 [54]
 [50]
 [50]
 [46]
 [55]
 [55]
 [52]
 [48]
 [53]
 [51]
 [57]
 [57]
 [57]
 [57]
 [57]
 [57]
 [53]
 [45]
 [49]] 
------------------------ Dataset: Jmv ------------------------
shape: (27, 1), dtype: uint16
Data:[[54]
 [54]
 [51]
 [56]
 [46]
 [54]
 [50]
 [54]
 [50]
 [54]
 [53]
 [45]
 [48]
 [32]
 [54]
 [54]
 [51]
 [56]
 [46]
 [54]
 [50]
 [50]
 [50]
 [50]
 [50]
 [45]
 [49]] 
------------------------ Dataset: Jmw ------------------------
shape: (39, 1), dtype: uint16
Data:[[54]
 [54]
 [53]
 [52]
 [46]
 [50]
 [49]
 [52]
 [49]
 [54]
 [57]
 [57]
 [57]
 [57]
 [57]
 [57]
 [57]
 [45]
 [48]
 [32]
 [54]
 [54]
 [53]
 [52]
 [46]
 [50]
 [49]
 [48]
 [48]
 [55]
 [50]
 [57]
 [57]
 [57]
 [57]
 [57]
 [57]
 [45]
 [49]] 
------------------------ Dataset: Jmx ------------------------
shape: (40, 1), dtype: uint16
Data:[[54]
 [54]
 [55]
 [48]
 [46]
 [49]
 [48]
 [50]
 [50]
 [52]
 [53]
 [57]
 [57]
 [57]
 [57]
 [57]
 [57]
 [53]
 [45]
 [48]
 [32]
 [54]
 [54]
 [55]
 [48]
 [46]
 [49]
 [48]
 [54]
 [49]
 [57]
 [49]
 [57]
 [57]
 [57]
 [57]
 [57]
 [57]
 [45]
 [49]] 
------------------------ Dataset: Jmy ------------------------
shape: (27, 1), dtype: uint16
Data:[[54]
 [54]
 [56]
 [54]
 [46]
 [48]
 [51]
 [48]
 [50]
 [48]
 [49]
 [45]
 [48]
 [32]
 [54]
 [54]
 [56]
 [54]
 [46]
 [48]
 [50]
 [54]
 [50]
 [56]
 [50]
 [45]
 [49]] 
------------------------ Dataset: Jmz ------------------------
shape: (19, 1), dtype: uint16
Data:[[53]
 [57]
 [48]
 [51]
 [46]
 [57]
 [52]
 [51]
 [56]
 [49]
 [51]
 [57]
 [57]
 [57]
 [57]
 [57]
 [57]
 [45]
 [49]] 
------------------------ Dataset: Jn ------------------------

