[3707764736          2          1          1       1961          1] starts at 522491          s14?
[3707764736          2          1          1       1962          1] at 573939         s15?
[3707764736          2          1          1       1963          1] at 625157         s16?
[3707764736          2          1          1       1964          1] at 676347         s17?
[3707764736          2          1          1       1965          1] at 727645         s18?
[3707764736          2          1          1       1966          1] at 778882         s19?
[3707764736          2          1          1       1967          1] at 829924         s20?
[3707764736          2          1          1       1968          1] at 881042         s21?
[3707764736          2          1          1       1969          1] at 932196         s22?
[3707764736          2          1          1       1970          1] at 983555         s23?
[3707764736          2          1          1       1971          1] at 1034822        s24?
[3707764736          2          1          1       1972          1] at 1086005        s25?
[3707764736          2          1          1       1973          1] at 1137175        s26?
[3707764736          2          1          1       1974          1] at 1188714        s27?
[3707764736          2          1          1       1975          1] at 1240121        s28?
[3707764736          2          1          1       1976          1] at 1291303        s29?
[3707764736          2          1          1       1977          1] at 1342683        s30?
[3707764736          2          1          1       1978          1] at 1394179        s31?
[3707764736          2          1          1       1979          1] at 1445410        s32?
[3707764736          2          1          1       1980          1] at 1496626        s33?
[3707764736          2          1          1       1981          1] at 1547895        s34?
[3707764736          2          1          1       1982          1] at 1599026        s35?
[3707764736          2          1          1       1983          1] at 1650149        s36?
[3707764736          2          1          1       1984          1] at 1701194        s37?
[3707764736          2          1          1       1985          1] at 1752209        s38?
[3707764736          2          1          1       1986          1] at 1803720        s39?
[3707764736          2          1          1       1987          1] at 64062         s40?
[3707764736          2          1          1       1988          1] at 114863         s41?
[3707764736          2          1          1       1989          1] at 165519         s42?
[3707764736          2          1          1       1990          1] at 216376         s43?
[3707764736          2          1          1       1991          1] at 267480         s44?
[3707764736          2          1          1       1992          1] at 318589         s45?
[3707764736          2          1          1       1993          1] at 369542         s46?
[3707764736          2          1          1       1994          1] at 420570         s47?
[3707764736          2          1          1       1995          1] at 471520         s48?
[3707764736          2          1          1       1996          1] at 13516          s49?
[3707764736          2          1          1       1997          1] at 1855859        s1?
[3707764736          2          1          1       1998          1] at 1906712        s2?
[3707764736          2          1          1       1999          1] at 1957496        s3?
[3707764736          2          1          1       2000          1] at 2008451        s4?
[3707764736          2          1          1       2001          1] at 2059738        s5?
[3707764736          2          1          1       2002          1] at 2110906        s6?
[3707764736          2          1          1       2003          1] at 2162039        s7?
[3707764736          2          1          1       2004          1] at 2213396        s8?
[3707764736          2          1          1       2005          1] at 2264435        s9?
[3707764736          2          1          1       2006          1] at 2315488        s10?
[3707764736          2          1          1       2007          1] at 2366461        s11?
[3707764736          2          1          1       2008          1] at 2417356        s12?
[3707764736          2          1          1       2009          1] at 2468696        s13?