[3707764736          2          1          1       2010          1] starts at 2519831         s1 
[3707764736          2          1          1       2011          1] at 2570916         s2
[3707764736          2          1          1       2012          1] at 2621919         s3
[3707764736          2          1          1       2013          1] at 2673039         s4
[3707764736          2          1          1       2014          1] at 2724245         s5
[3707764736          2          1          1       2015          1] at 2775692         s6
[3707764736          2          1          1       2016          1] at 2826856         s7 
[3707764736          2          1          1       2017          1] at 2877844         s8 
[3707764736          2          1          1       2018          1] at 2929069         s9 
[3707764736          2          1          1       2019          1] at 2980340         s10
[3707764736          2          1          1       2020          1] at 3031615         s11
[3707764736          2          1          1       2021          1] at 3082945         s12
[3707764736          2          1          1       2022          1] at 3134409         s13
[3707764736          2          1          1       2023          1] at 523278         s14
[3707764736          2          1          1       2024          1] at 574739         s15
[3707764736          2          1          1       2025          1] at 625951         s16
[3707764736          2          1          1       2026          1] at 677135         s17
[3707764736          2          1          1       2027          1] at 728411         s18
[3707764736          2          1          1       2028          1] at 779693         s19
[3707764736          2          1          1       2029          1] at 830740         s20
[3707764736          2          1          1       2030          1] at 881905         s21
[3707764736          2          1          1       2031          1] at 933044         s22
[3707764736          2          1          1       2032          1] at 984359         s23
[3707764736          2          1          1       2033          1] at 1035633         s24
[3707764736          2          1          1       2034          1] at 1086823         s25
[3707764736          2          1          1       2035          1] at 1137967         s26
[3707764736          2          1          1       2036          1] at 1189503         s27
[3707764736          2          1          1       2037          1] at 1240933         s28
[3707764736          2          1          1       2038          1] at 1292118         s29
[3707764736          2          1          1       2039          1] at 1343507         s30
[3707764736          2          1          1       2040          1] at 1394996         s31
[3707764736          2          1          1       2041          1] at 1446204         s32
[3707764736          2          1          1       2042          1] at 1497455         s33
[3707764736          2          1          1       2043          1] at 1548710         s34
[3707764736          2          1          1       2044          1] at 1599873         s35
[3707764736          2          1          1       2045          1] at 1650991         s36
[3707764736          2          1          1       2046          1] at 1702020         s37
[3707764736          2          1          1       2047          1] at 1753057         s38
[3707764736          2          1          1       2048          1] at 1804554         s39
[3707764736          2          1          1       2049          1] at 64899         s40
[3707764736          2          1          1       2050          1] at 115685         s41
[3707764736          2          1          1       2051          1] at 166339         s42
[3707764736          2          1          1       2052          1] at 217228         s43
[3707764736          2          1          1       2053          1] at 268304         s44
[3707764736          2          1          1       2054          1] at 319380         s45
[3707764736          2          1          1       2055          1] at 370352         s46
[3707764736          2          1          1       2056          1] at 421394         s47
[3707764736          2          1          1       2057          1] at 472337         s48
[3707764736          2          1          1       2058          1] at 14362         s49