shape: (1, 6), dtype: uint32
Data:[[3707764736          2          1          1        151          1]] 
------------------------ Dataset: Fcb ------------------------
shape: (27, 1), dtype: uint16
Data:[[54]
 [55]
 [54]
 [53]
 [46]
 [49]
 [52]
 [50]
 [53]
 [50]
 [49]
 [45]
 [48]
 [32]
 [54]
 [55]
 [54]
 [53]
 [46]
 [49]
 [51]
 [48]
 [50]
 [51]
 [54]
 [45]
 [49]] 
------------------------ Dataset: Fcc ------------------------
shape: (27, 1), dtype: uint16
Data:[[54]
 [55]
 [56]
 [48]
 [46]
 [57]
 [57]
 [52]
 [50]
 [53]
 [57]
 [45]
 [48]
 [32]
 [54]
 [55]
 [56]
 [48]
 [46]
 [57]
 [57]
 [52]
 [50]
 [53]
 [56]
 [45]
 [49]] 
------------------------ Dataset: Fcd ------------------------
shape: (33, 1), dtype: uint16
Data:[[54]
 [50]
 [57]
 [51]
 [46]
 [55]
 [51]
 [55]
 [57]
 [48]
 [50]
 [45]
 [48]
 [32]
 [54]
 [50]
 [57]
 [51]
 [46]
 [55]
 [52]
 [50]
 [48]
 [54]
 [54]
 [57]
 [57]
 [57]
 [57]
 [57]
 [57]
 [45]
 [49]] 
------------------------ Dataset: Fce ------------------------
shape: (27, 1), dtype: uint16
Data:[[54]
 [51]
 [48]
 [57]
 [46]
 [53]
 [55]
 [48]
 [57]
 [50]
 [56]
 [45]
 [48]
 [32]
 [54]
 [51]
 [48]
 [57]
 [46]
 [53]
 [55]
 [48]
 [52]
 [56]
 [52]
 [45]
 [49]] 
------------------------ Dataset: Fcf ------------------------
shape: (27, 1), dtype: uint16
Data:[[54]
 [51]
 [50]
 [53]
 [46]
 [52]
 [48]
 [49]
 [56]
 [57]
 [50]
 [45]
 [48]
 [32]
 [54]
 [51]
 [50]
 [53]
 [46]
 [52]
 [48]
 [54]
 [53]
 [54]
 [49]
 [45]
 [49]] 
------------------------ Dataset: Fcg ------------------------
shape: (27, 1), dtype: uint16
Data:[[54]
 [51]
 [52]
 [49]
 [46]
 [50]
 [52]
 [50]
 [48]
 [48]
 [57]
 [45]
 [48]
 [32]
 [54]
 [51]
 [52]
 [49]
 [46]
 [50]
 [51]
 [55]
 [57]
 [54]
 [55]
 [45]
 [49]] 
------------------------ Dataset: Fch ------------------------
shape: (34, 1), dtype: uint16
Data:[[54]
 [53]
 [48]
 [54]
 [46]
 [51]
 [52]
 [57]
 [57]
 [53]
 [53]
 [45]
 [48]
 [32]
 [54]
 [53]
 [48]
 [54]
 [46]
 [51]
 [52]
 [54]
 [49]
 [48]
 [57]
 [57]
 [57]
 [57]
 [57]
 [57]
 [57]
 [53]
 [45]
 [49]] 
------------------------ Dataset: Fci ------------------------
shape: (27, 1), dtype: uint16
Data:[[54]
 [53]
 [50]
 [50]
 [46]
 [49]
 [53]
 [55]
 [57]
 [55]
 [52]
 [45]
 [48]
 [32]
 [54]
 [53]
 [50]
 [50]
 [46]
 [49]
 [54]
 [50]
 [48]
 [50]
 [54]
 [45]
 [49]] 
------------------------ Dataset: Fcj ------------------------
shape: (40, 1), dtype: uint16
Data:[[54]
 [48]
 [49]
 [55]
 [46]
 [55]
 [51]
 [56]
 [51]
 [53]
 [49]
 [57]
 [57]
 [57]
 [57]
 [57]
 [57]
 [45]
 [48]
 [32]
 [54]
 [48]
 [49]
 [55]
 [46]
 [55]
 [52]
 [49]
 [56]
 [53]
 [50]
 [57]
 [57]
 [57]
 [57]
 [57]
 [57]
 [53]
 [45]
 [49]] 
------------------------ Dataset: Fck ------------------------
shape: (27, 1), dtype: uint16
Data:[[54]
 [48]
 [51]
 [51]
 [46]
 [53]
 [52]
 [57]
 [55]
 [53]
 [50]
 [45]
 [48]
 [32]
 [54]
 [48]
 [51]
 [51]
 [46]
 [53]
 [52]
 [57]
 [55]
 [53]
 [50]
 [45]
 [49]] 
------------------------ Dataset: Fcl ------------------------
shape: (27, 1), dtype: uint16
Data:[[54]
 [48]
 [52]
 [57]
 [46]
 [49]
 [52]
 [57]
 [55]
 [52]
 [53]
 [45]
 [48]
 [32]
 [54]
 [48]
 [52]
 [57]
 [46]
 [49]
 [53]
 [51]
 [57]
 [49]
 [53]
 [45]
 [49]] 
------------------------ Dataset: Fcm ------------------------
shape: (27, 1), dtype: uint16
Data:[[54]
 [48]
 [54]
 [53]
 [46]
 [48]
 [51]
 [55]
 [55]
 [51]
 [53]
 [45]
 [48]
 [32]
 [54]
 [48]
 [54]
 [53]
 [46]
 [48]
 [51]
 [51]
 [56]
 [54]
 [52]
 [45]
 [49]] 
------------------------ Dataset: Fcn ------------------------
shape: (33, 1), dtype: uint16
Data:[[54]
 [48]
 [56]
 [48]
 [46]
 [57]
 [52]
 [49]
 [55]
 [49]
 [50]
 [57]
 [57]
 [57]
 [57]
 [57]
 [57]
 [45]
 [48]
 [32]
 [54]
 [48]
 [56]
 [48]
 [46]
 [57]
 [52]
 [53]
 [55]
 [50]
 [57]
 [45]
 [49]] 
------------------------ Dataset: Fco ------------------------
shape: (39, 1), dtype: uint16
Data:[[53]
 [54]
 [52]
 [49]
 [46]
 [54]
 [57]
 [51]
 [53]
 [49]
 [50]
 [57]
 [57]
 [57]
 [57]
 [57]
 [57]
 [45]
 [48]
 [32]
 [53]
 [54]
 [52]
 [49]
 [46]
 [54]
 [56]
 [57]
 [53]
 [49]
 [50]
 [57]
 [57]
 [57]
 [57]
 [57]
 [57]
 [45]
 [49]] 
------------------------ Dataset: Fcp ------------------------
shape: (33, 1), dtype: uint16
Data:[[53]
 [54]
 [53]
 [55]
 [46]
 [52]
 [50]
 [57]
 [55]
 [54]
 [51]
 [45]
 [48]
 [32]
 [53]
 [54]
 [53]
 [55]
 [46]
 [52]
 [51]
 [51]
 [55]
 [48]
 [54]
 [57]
 [57]
 [57]
 [57]
 [57]
 [57]
 [45]
 [49]] 
------------------------ Dataset: Fcq ------------------------
shape: (34, 1), dtype: uint16
Data:[[53]
 [54]
 [55]
 [51]
 [46]
 [49]
 [53]
 [50]
 [48]
 [55]
 [48]
 [57]
 [57]
 [57]
 [57]
 [57]
 [57]
 [53]
 [45]
 [48]
 [32]
 [53]
 [54]
 [55]
 [51]
 [46]
 [49]
 [53]
 [55]
 [51]
 [49]
 [52]
 [45]
 [49]] 
------------------------ Dataset: Fcr ------------------------
shape: (33, 1), dtype: uint16
Data:[[53]
 [54]
 [56]
 [56]
 [46]
 [57]
 [48]
 [54]
 [53]
 [48]
 [53]
 [57]
 [57]
 [57]
 [57]
 [57]
 [57]
 [45]
 [48]
 [32]
 [53]
 [54]
 [56]
 [56]
 [46]
 [57]
 [48]
 [57]
 [56]
 [50]
 [50]
 [45]
 [49]] 
------------------------ Dataset: Fcs ------------------------
shape: (34, 1), dtype: uint16
Data:[[53]
 [56]
 [49]
 [53]
 [46]
 [49]
 [54]
 [57]
 [53]
 [56]
 [49]
 [57]
 [57]
 [57]
 [57]
 [57]
 [57]
 [53]
 [45]
 [48]
 [32]
 [53]
 [56]
 [49]
 [53]
 [46]
 [49]
 [54]
 [53]
 [57]
 [49]
 [54]
 [45]
 [49]] 
------------------------ Dataset: Fct ------------------------
shape: (39, 1), dtype: uint16
Data:[[54]
 [54]
 [48]
 [52]
 [46]
 [50]
 [53]
 [56]
 [51]
 [51]
 [54]
 [57]
 [57]
 [57]
 [57]
 [57]
 [57]
 [45]
 [48]
 [32]
 [54]
 [54]
 [48]
 [52]
 [46]
 [50]
 [54]
 [50]
 [49]
 [52]
 [48]
 [57]
 [57]
 [57]
 [57]
 [57]
 [57]
 [45]
 [49]] 
------------------------ Dataset: Fcu ------------------------
shape: (39, 1), dtype: uint16
Data:[[54]
 [54]
 [50]
 [48]
 [46]
 [50]
 [50]
 [48]
 [51]
 [53]
 [57]
 [57]
 [57]
 [57]
 [57]
 [57]
 [57]
 [45]
 [48]
 [32]
 [54]
 [54]
 [50]
 [48]
 [46]
 [50]
 [50]
 [54]
 [49]
 [50]
 [55]
 [57]
 [57]
 [57]
 [57]
 [57]
 [57]
 [45]
 [49]] 
------------------------ Dataset: Fcv ------------------------
shape: (13, 1), dtype: uint16
Data:[[54]
 [54]
 [51]
 [54]
 [46]
 [48]
 [56]
 [52]
 [51]
 [54]
 [56]
 [45]
 [48]] 
------------------------ Dataset: Fcw ------------------------
shape: (33, 1), dtype: uint16
Data:[[54]
 [54]
 [53]
 [49]
 [46]
 [54]
 [55]
 [56]
 [57]
 [57]
 [57]
 [45]
 [48]
 [32]
 [54]
 [54]
 [53]
 [49]
 [46]
 [54]
 [55]
 [51]
 [54]
 [51]
 [55]
 [57]
 [57]
 [57]
 [57]
 [57]
 [57]
 [45]
 [49]] 
------------------------ Dataset: Fcx ------------------------
shape: (33, 1), dtype: uint16
Data:[[54]
 [54]
 [54]
 [55]
 [46]
 [53]
 [51]
 [54]
 [49]
 [54]
 [49]
 [57]
 [57]
 [57]
 [57]
 [57]
 [57]
 [45]
 [48]
 [32]
 [54]
 [54]
 [54]
 [55]
 [46]
 [53]
 [50]
 [54]
 [49]
 [49]
 [54]
 [45]
 [49]] 
------------------------ Dataset: Fcy ------------------------
shape: (34, 1), dtype: uint16
Data:[[54]
 [54]
 [56]
 [51]
 [46]
 [52]
 [53]
 [51]
 [54]
 [50]
 [55]
 [45]
 [48]
 [32]
 [54]
 [54]
 [56]
 [51]
 [46]
 [52]
 [53]
 [52]
 [51]
 [50]
 [54]
 [57]
 [57]
 [57]
 [57]
 [57]
 [57]
 [53]
 [45]
 [49]] 
------------------------ Dataset: Fcz ------------------------
shape: (34, 1), dtype: uint16
Data:[[53]
 [57]
 [48]
 [49]
 [46]
 [51]
 [54]
 [53]
 [55]
 [49]
 [48]
 [57]
 [57]
 [57]
 [57]
 [57]
 [57]
 [53]
 [45]
 [48]
 [32]
 [53]
 [57]
 [48]
 [49]
 [46]
 [51]
 [54]
 [57]
 [55]
 [50]
 [57]
 [45]
 [49]] 
------------------------ Dataset: Fd ------------------------

shape: (1, 6), dtype: uint32
Data:[[3707764736          2          1          1        152          1]] 
------------------------ Dataset: Gcb ------------------------
shape: (33, 1), dtype: uint16
Data:[[54]
 [55]
 [54]
 [53]
 [46]
 [49]
 [52]
 [50]
 [53]
 [50]
 [49]
 [45]
 [48]
 [32]
 [54]
 [55]
 [54]
 [53]
 [46]
 [49]
 [51]
 [56]
 [51]
 [51]
 [54]
 [57]
 [57]
 [57]
 [57]
 [57]
 [57]
 [45]
 [49]] 
------------------------ Dataset: Gcc ------------------------
shape: (34, 1), dtype: uint16
Data:[[54]
 [55]
 [56]
 [48]
 [46]
 [57]
 [57]
 [52]
 [50]
 [53]
 [57]
 [45]
 [48]
 [32]
 [54]
 [55]
 [56]
 [49]
 [46]
 [48]
 [48]
 [50]
 [50]
 [51]
 [48]
 [57]
 [57]
 [57]
 [57]
 [57]
 [57]
 [53]
 [45]
 [49]] 
------------------------ Dataset: Gcd ------------------------
shape: (33, 1), dtype: uint16
Data:[[54]
 [50]
 [57]
 [51]
 [46]
 [55]
 [52]
 [53]
 [56]
 [57]
 [55]
 [45]
 [48]
 [32]
 [54]
 [50]
 [57]
 [51]
 [46]
 [55]
 [52]
 [50]
 [48]
 [54]
 [54]
 [57]
 [57]
 [57]
 [57]
 [57]
 [57]
 [45]
 [49]] 
------------------------ Dataset: Gce ------------------------
shape: (33, 1), dtype: uint16
Data:[[54]
 [51]
 [48]
 [57]
 [46]
 [53]
 [55]
 [48]
 [57]
 [50]
 [56]
 [45]
 [48]
 [32]
 [54]
 [51]
 [48]
 [57]
 [46]
 [53]
 [55]
 [52]
 [53]
 [51]
 [56]
 [57]
 [57]
 [57]
 [57]
 [57]
 [57]
 [45]
 [49]] 
------------------------ Dataset: Gcf ------------------------
shape: (26, 1), dtype: uint16
Data:[[54]
 [51]
 [50]
 [53]
 [46]
 [52]
 [48]
 [54]
 [51]
 [52]
 [45]
 [48]
 [32]
 [54]
 [51]
 [50]
 [53]
 [46]
 [52]
 [48]
 [54]
 [53]
 [54]
 [49]
 [45]
 [49]] 
------------------------ Dataset: Gcg ------------------------
shape: (27, 1), dtype: uint16
Data:[[54]
 [51]
 [52]
 [49]
 [46]
 [50]
 [52]
 [50]
 [48]
 [48]
 [57]
 [45]
 [48]
 [32]
 [54]
 [51]
 [52]
 [49]
 [46]
 [50]
 [52]
 [53]
 [57]
 [53]
 [55]
 [45]
 [49]] 
------------------------ Dataset: Gch ------------------------
shape: (27, 1), dtype: uint16
Data:[[54]
 [53]
 [48]
 [54]
 [46]
 [51]
 [52]
 [57]
 [57]
 [53]
 [53]
 [45]
 [48]
 [32]
 [54]
 [53]
 [48]
 [54]
 [46]
 [51]
 [53]
 [52]
 [48]
 [54]
 [56]
 [45]
 [49]] 
------------------------ Dataset: Gci ------------------------
shape: (27, 1), dtype: uint16
Data:[[54]
 [53]
 [50]
 [50]
 [46]
 [49]
 [54]
 [54]
 [52]
 [51]
 [49]
 [45]
 [48]
 [32]
 [54]
 [53]
 [50]
 [50]
 [46]
 [49]
 [54]
 [50]
 [48]
 [50]
 [54]
 [45]
 [49]] 
------------------------ Dataset: Gcj ------------------------
shape: (34, 1), dtype: uint16
Data:[[54]
 [48]
 [49]
 [55]
 [46]
 [55]
 [52]
 [53]
 [57]
 [49]
 [51]
 [45]
 [48]
 [32]
 [54]
 [48]
 [49]
 [55]
 [46]
 [55]
 [52]
 [49]
 [56]
 [53]
 [50]
 [57]
 [57]
 [57]
 [57]
 [57]
 [57]
 [53]
 [45]
 [49]] 
------------------------ Dataset: Gck ------------------------
shape: (27, 1), dtype: uint16
Data:[[54]
 [48]
 [51]
 [51]
 [46]
 [53]
 [52]
 [57]
 [55]
 [53]
 [50]
 [45]
 [48]
 [32]
 [54]
 [48]
 [51]
 [51]
 [46]
 [53]
 [53]
 [55]
 [55]
 [55]
 [57]
 [45]
 [49]] 
------------------------ Dataset: Gcl ------------------------
shape: (33, 1), dtype: uint16
Data:[[54]
 [48]
 [52]
 [57]
 [46]
 [49]
 [53]
 [55]
 [56]
 [49]
 [51]
 [57]
 [57]
 [57]
 [57]
 [57]
 [57]
 [45]
 [48]
 [32]
 [54]
 [48]
 [52]
 [57]
 [46]
 [49]
 [53]
 [51]
 [57]
 [49]
 [53]
 [45]
 [49]] 
------------------------ Dataset: Gcm ------------------------
shape: (27, 1), dtype: uint16
Data:[[54]
 [48]
 [54]
 [53]
 [46]
 [48]
 [51]
 [55]
 [55]
 [51]
 [53]
 [45]
 [48]
 [32]
 [54]
 [48]
 [54]
 [53]
 [46]
 [48]
 [52]
 [49]
 [55]
 [50]
 [55]
 [45]
 [49]] 
------------------------ Dataset: Gcn ------------------------
shape: (27, 1), dtype: uint16
Data:[[54]
 [48]
 [56]
 [48]
 [46]
 [57]
 [52]
 [57]
 [55]
 [56]
 [51]
 [45]
 [48]
 [32]
 [54]
 [48]
 [56]
 [48]
 [46]
 [57]
 [52]
 [53]
 [55]
 [50]
 [57]
 [45]
 [49]] 
------------------------ Dataset: Gco ------------------------
shape: (33, 1), dtype: uint16
Data:[[53]
 [54]
 [52]
 [49]
 [46]
 [54]
 [57]
 [51]
 [53]
 [49]
 [50]
 [57]
 [57]
 [57]
 [57]
 [57]
 [57]
 [45]
 [48]
 [32]
 [53]
 [54]
 [52]
 [49]
 [46]
 [54]
 [57]
 [55]
 [56]
 [57]
 [49]
 [45]
 [49]] 
------------------------ Dataset: Gcp ------------------------
shape: (33, 1), dtype: uint16
Data:[[53]
 [54]
 [53]
 [55]
 [46]
 [52]
 [51]
 [55]
 [55]
 [52]
 [55]
 [45]
 [48]
 [32]
 [53]
 [54]
 [53]
 [55]
 [46]
 [52]
 [51]
 [51]
 [55]
 [48]
 [54]
 [57]
 [57]
 [57]
 [57]
 [57]
 [57]
 [45]
 [49]] 
------------------------ Dataset: Gcq ------------------------
shape: (26, 1), dtype: uint16
Data:[[53]
 [54]
 [55]
 [51]
 [46]
 [49]
 [53]
 [55]
 [48]
 [57]
 [45]
 [48]
 [32]
 [53]
 [54]
 [55]
 [51]
 [46]
 [49]
 [53]
 [55]
 [51]
 [49]
 [52]
 [45]
 [49]] 
------------------------ Dataset: Gcr ------------------------
shape: (27, 1), dtype: uint16
Data:[[53]
 [54]
 [56]
 [56]
 [46]
 [57]
 [49]
 [51]
 [55]
 [52]
 [51]
 [45]
 [48]
 [32]
 [53]
 [54]
 [56]
 [56]
 [46]
 [57]
 [48]
 [57]
 [56]
 [50]
 [50]
 [45]
 [49]] 
------------------------ Dataset: Gcs ------------------------
shape: (34, 1), dtype: uint16
Data:[[53]
 [56]
 [49]
 [53]
 [46]
 [49]
 [54]
 [57]
 [53]
 [56]
 [49]
 [57]
 [57]
 [57]
 [57]
 [57]
 [57]
 [53]
 [45]
 [48]
 [32]
 [53]
 [56]
 [49]
 [53]
 [46]
 [49]
 [55]
 [51]
 [54]
 [51]
 [52]
 [45]
 [49]] 
------------------------ Dataset: Gct ------------------------
shape: (33, 1), dtype: uint16
Data:[[54]
 [54]
 [48]
 [52]
 [46]
 [50]
 [54]
 [54]
 [49]
 [52]
 [51]
 [45]
 [48]
 [32]
 [54]
 [54]
 [48]
 [52]
 [46]
 [50]
 [54]
 [50]
 [49]
 [52]
 [48]
 [57]
 [57]
 [57]
 [57]
 [57]
 [57]
 [45]
 [49]] 
------------------------ Dataset: Gcu ------------------------
shape: (33, 1), dtype: uint16
Data:[[54]
 [54]
 [50]
 [48]
 [46]
 [50]
 [50]
 [54]
 [49]
 [49]
 [52]
 [45]
 [48]
 [32]
 [54]
 [54]
 [50]
 [48]
 [46]
 [50]
 [50]
 [54]
 [49]
 [50]
 [55]
 [57]
 [57]
 [57]
 [57]
 [57]
 [57]
 [45]
 [49]] 
------------------------ Dataset: Gcv ------------------------
shape: (39, 1), dtype: uint16
Data:[[54]
 [54]
 [51]
 [54]
 [46]
 [48]
 [57]
 [48]
 [50]
 [51]
 [48]
 [57]
 [57]
 [57]
 [57]
 [57]
 [57]
 [45]
 [48]
 [32]
 [54]
 [54]
 [51]
 [54]
 [46]
 [48]
 [56]
 [50]
 [56]
 [53]
 [51]
 [57]
 [57]
 [57]
 [57]
 [57]
 [57]
 [45]
 [49]] 
------------------------ Dataset: Gcw ------------------------
shape: (33, 1), dtype: uint16
Data:[[54]
 [54]
 [53]
 [49]
 [46]
 [54]
 [55]
 [56]
 [57]
 [57]
 [57]
 [45]
 [48]
 [32]
 [54]
 [54]
 [53]
 [49]
 [46]
 [54]
 [56]
 [48]
 [57]
 [51]
 [57]
 [57]
 [57]
 [57]
 [57]
 [57]
 [57]
 [45]
 [49]] 
------------------------ Dataset: Gcx ------------------------
shape: (33, 1), dtype: uint16
Data:[[54]
 [54]
 [54]
 [55]
 [46]
 [53]
 [51]
 [54]
 [49]
 [54]
 [49]
 [57]
 [57]
 [57]
 [57]
 [57]
 [57]
 [45]
 [48]
 [32]
 [54]
 [54]
 [54]
 [55]
 [46]
 [53]
 [51]
 [54]
 [53]
 [53]
 [51]
 [45]
 [49]] 
------------------------ Dataset: Gcy ------------------------
shape: (34, 1), dtype: uint16
Data:[[54]
 [54]
 [56]
 [51]
 [46]
 [52]
 [53]
 [56]
 [48]
 [53]
 [57]
 [45]
 [48]
 [32]
 [54]
 [54]
 [56]
 [51]
 [46]
 [52]
 [53]
 [52]
 [51]
 [50]
 [54]
 [57]
 [57]
 [57]
 [57]
 [57]
 [57]
 [53]
 [45]
 [49]] 
------------------------ Dataset: Gcz ------------------------
shape: (27, 1), dtype: uint16
Data:[[53]
 [57]
 [48]
 [49]
 [46]
 [51]
 [55]
 [51]
 [55]
 [55]
 [57]
 [45]
 [48]
 [32]
 [53]
 [57]
 [48]
 [49]
 [46]
 [51]
 [54]
 [57]
 [55]
 [50]
 [57]
 [45]
 [49]] 
------------------------ Dataset: Gd ------------------------

shape: (1, 6), dtype: uint32
Data:[[3707764736          2          1          1        153          1]] 
------------------------ Dataset: Hcb ------------------------
shape: (27, 1), dtype: uint16
Data:[[54]
 [55]
 [54]
 [53]
 [46]
 [49]
 [52]
 [50]
 [53]
 [50]
 [49]
 [45]
 [48]
 [32]
 [54]
 [55]
 [54]
 [53]
 [46]
 [49]
 [52]
 [55]
 [48]
 [49]
 [52]
 [45]
 [49]] 
------------------------ Dataset: Hcc ------------------------
shape: (41, 1), dtype: uint16
Data:[[54]
 [55]
 [56]
 [49]
 [46]
 [48]
 [48]
 [50]
 [50]
 [51]
 [48]
 [57]
 [57]
 [57]
 [57]
 [57]
 [57]
 [53]
 [45]
 [48]
 [32]
 [54]
 [55]
 [56]
 [49]
 [46]
 [48]
 [48]
 [50]
 [50]
 [51]
 [48]
 [57]
 [57]
 [57]
 [57]
 [57]
 [57]
 [53]
 [45]
 [49]] 
------------------------ Dataset: Hcd ------------------------
shape: (27, 1), dtype: uint16
Data:[[54]
 [50]
 [57]
 [51]
 [46]
 [55]
 [52]
 [53]
 [56]
 [57]
 [55]
 [45]
 [48]
 [32]
 [54]
 [50]
 [57]
 [51]
 [46]
 [55]
 [52]
 [57]
 [56]
 [56]
 [55]
 [45]
 [49]] 
------------------------ Dataset: Hce ------------------------
shape: (33, 1), dtype: uint16
Data:[[54]
 [51]
 [48]
 [57]
 [46]
 [53]
 [55]
 [55]
 [56]
 [54]
 [54]
 [45]
 [48]
 [32]
 [54]
 [51]
 [48]
 [57]
 [46]
 [53]
 [55]
 [52]
 [53]
 [51]
 [56]
 [57]
 [57]
 [57]
 [57]
 [57]
 [57]
 [45]
 [49]] 
------------------------ Dataset: Hcf ------------------------
shape: (27, 1), dtype: uint16
Data:[[54]
 [51]
 [50]
 [53]
 [46]
 [52]
 [49]
 [55]
 [49]
 [53]
 [50]
 [45]
 [48]
 [32]
 [54]
 [51]
 [50]
 [53]
 [46]
 [52]
 [48]
 [54]
 [53]
 [54]
 [49]
 [45]
 [49]] 
------------------------ Dataset: Hcg ------------------------
shape: (27, 1), dtype: uint16
Data:[[54]
 [51]
 [52]
 [49]
 [46]
 [50]
 [52]
 [57]
 [57]
 [53]
 [55]
 [45]
 [48]
 [32]
 [54]
 [51]
 [52]
 [49]
 [46]
 [50]
 [52]
 [53]
 [57]
 [53]
 [55]
 [45]
 [49]] 
------------------------ Dataset: Hch ------------------------
shape: (33, 1), dtype: uint16
Data:[[54]
 [53]
 [48]
 [54]
 [46]
 [51]
 [53]
 [55]
 [57]
 [55]
 [53]
 [57]
 [57]
 [57]
 [57]
 [57]
 [57]
 [45]
 [48]
 [32]
 [54]
 [53]
 [48]
 [54]
 [46]
 [51]
 [53]
 [52]
 [48]
 [54]
 [56]
 [45]
 [49]] 
------------------------ Dataset: Hci ------------------------
shape: (27, 1), dtype: uint16
Data:[[54]
 [53]
 [50]
 [50]
 [46]
 [49]
 [54]
 [54]
 [52]
 [51]
 [49]
 [45]
 [48]
 [32]
 [54]
 [53]
 [50]
 [50]
 [46]
 [49]
 [55]
 [48]
 [48]
 [48]
 [50]
 [45]
 [49]] 
------------------------ Dataset: Hcj ------------------------
shape: (27, 1), dtype: uint16
Data:[[54]
 [48]
 [49]
 [55]
 [46]
 [55]
 [52]
 [53]
 [57]
 [49]
 [51]
 [45]
 [48]
 [32]
 [54]
 [48]
 [49]
 [55]
 [46]
 [55]
 [52]
 [57]
 [56]
 [49]
 [55]
 [45]
 [49]] 
------------------------ Dataset: Hck ------------------------
shape: (27, 1), dtype: uint16
Data:[[54]
 [48]
 [51]
 [51]
 [46]
 [53]
 [53]
 [55]
 [55]
 [52]
 [52]
 [45]
 [48]
 [32]
 [54]
 [48]
 [51]
 [51]
 [46]
 [53]
 [53]
 [55]
 [55]
 [55]
 [57]
 [45]
 [49]] 
------------------------ Dataset: Hcl ------------------------
shape: (33, 1), dtype: uint16
Data:[[54]
 [48]
 [52]
 [57]
 [46]
 [49]
 [53]
 [55]
 [56]
 [49]
 [51]
 [57]
 [57]
 [57]
 [57]
 [57]
 [57]
 [45]
 [48]
 [32]
 [54]
 [48]
 [52]
 [57]
 [46]
 [49]
 [54]
 [49]
 [56]
 [54]
 [49]
 [45]
 [49]] 
------------------------ Dataset: Hcm ------------------------
shape: (27, 1), dtype: uint16
Data:[[54]
 [48]
 [54]
 [53]
 [46]
 [48]
 [52]
 [53]
 [55]
 [50]
 [52]
 [45]
 [48]
 [32]
 [54]
 [48]
 [54]
 [53]
 [46]
 [48]
 [52]
 [49]
 [55]
 [50]
 [55]
 [45]
 [49]] 
------------------------ Dataset: Hcn ------------------------
shape: (26, 1), dtype: uint16
Data:[[54]
 [48]
 [56]
 [48]
 [46]
 [57]
 [52]
 [57]
 [55]
 [56]
 [51]
 [45]
 [48]
 [32]
 [54]
 [48]
 [56]
 [48]
 [46]
 [57]
 [53]
 [51]
 [55]
 [56]
 [45]
 [49]] 
------------------------ Dataset: Hco ------------------------
shape: (34, 1), dtype: uint16
Data:[[53]
 [54]
 [52]
 [49]
 [46]
 [55]
 [48]
 [53]
 [55]
 [49]
 [53]
 [57]
 [57]
 [57]
 [57]
 [57]
 [57]
 [53]
 [45]
 [48]
 [32]
 [53]
 [54]
 [52]
 [49]
 [46]
 [54]
 [57]
 [55]
 [56]
 [57]
 [49]
 [45]
 [49]] 
------------------------ Dataset: Hcp ------------------------
shape: (27, 1), dtype: uint16
Data:[[53]
 [54]
 [53]
 [55]
 [46]
 [52]
 [51]
 [55]
 [55]
 [52]
 [55]
 [45]
 [48]
 [32]
 [53]
 [54]
 [53]
 [55]
 [46]
 [52]
 [52]
 [49]
 [53]
 [53]
 [52]
 [45]
 [49]] 
------------------------ Dataset: Hcq ------------------------
shape: (33, 1), dtype: uint16
Data:[[53]
 [54]
 [55]
 [51]
 [46]
 [49]
 [54]
 [50]
 [49]
 [54]
 [56]
 [57]
 [57]
 [57]
 [57]
 [57]
 [57]
 [45]
 [48]
 [32]
 [53]
 [54]
 [55]
 [51]
 [46]
 [49]
 [53]
 [55]
 [51]
 [49]
 [52]
 [45]
 [49]] 
------------------------ Dataset: Hcr ------------------------
shape: (27, 1), dtype: uint16
Data:[[53]
 [54]
 [56]
 [56]
 [46]
 [57]
 [49]
 [51]
 [55]
 [52]
 [51]
 [45]
 [48]
 [32]
 [53]
 [54]
 [56]
 [56]
 [46]
 [57]
 [49]
 [55]
 [54]
 [50]
 [55]
 [45]
 [49]] 
------------------------ Dataset: Hcs ------------------------
shape: (34, 1), dtype: uint16
Data:[[53]
 [56]
 [49]
 [53]
 [46]
 [49]
 [55]
 [55]
 [54]
 [50]
 [55]
 [57]
 [57]
 [57]
 [57]
 [57]
 [57]
 [53]
 [45]
 [48]
 [32]
 [53]
 [56]
 [49]
 [53]
 [46]
 [49]
 [55]
 [51]
 [54]
 [51]
 [52]
 [45]
 [49]] 
------------------------ Dataset: Hct ------------------------
shape: (27, 1), dtype: uint16
Data:[[54]
 [54]
 [48]
 [52]
 [46]
 [50]
 [54]
 [54]
 [49]
 [52]
 [51]
 [45]
 [48]
 [32]
 [54]
 [54]
 [48]
 [52]
 [46]
 [50]
 [55]
 [48]
 [48]
 [51]
 [49]
 [45]
 [49]] 
------------------------ Dataset: Hcu ------------------------
shape: (39, 1), dtype: uint16
Data:[[54]
 [54]
 [50]
 [48]
 [46]
 [50]
 [51]
 [56]
 [48]
 [57]
 [56]
 [57]
 [57]
 [57]
 [57]
 [57]
 [57]
 [45]
 [48]
 [32]
 [54]
 [54]
 [50]
 [48]
 [46]
 [50]
 [50]
 [54]
 [49]
 [50]
 [55]
 [57]
 [57]
 [57]
 [57]
 [57]
 [57]
 [45]
 [49]] 
------------------------ Dataset: Hcv ------------------------
shape: (39, 1), dtype: uint16
Data:[[54]
 [54]
 [51]
 [54]
 [46]
 [48]
 [57]
 [48]
 [50]
 [51]
 [48]
 [57]
 [57]
 [57]
 [57]
 [57]
 [57]
 [45]
 [48]
 [32]
 [54]
 [54]
 [51]
 [54]
 [46]
 [48]
 [57]
 [48]
 [50]
 [51]
 [48]
 [57]
 [57]
 [57]
 [57]
 [57]
 [57]
 [45]
 [49]] 
------------------------ Dataset: Hcw ------------------------
shape: (33, 1), dtype: uint16
Data:[[54]
 [54]
 [53]
 [49]
 [46]
 [54]
 [57]
 [52]
 [53]
 [50]
 [52]
 [45]
 [48]
 [32]
 [54]
 [54]
 [53]
 [49]
 [46]
 [54]
 [56]
 [48]
 [57]
 [51]
 [57]
 [57]
 [57]
 [57]
 [57]
 [57]
 [57]
 [45]
 [49]] 
------------------------ Dataset: Hcx ------------------------
shape: (27, 1), dtype: uint16
Data:[[54]
 [54]
 [54]
 [55]
 [46]
 [53]
 [51]
 [57]
 [54]
 [55]
 [52]
 [45]
 [48]
 [32]
 [54]
 [54]
 [54]
 [55]
 [46]
 [53]
 [51]
 [54]
 [53]
 [53]
 [51]
 [45]
 [49]] 
------------------------ Dataset: Hcy ------------------------
shape: (33, 1), dtype: uint16
Data:[[54]
 [54]
 [56]
 [51]
 [46]
 [52]
 [53]
 [56]
 [48]
 [53]
 [57]
 [45]
 [48]
 [32]
 [54]
 [54]
 [56]
 [51]
 [46]
 [52]
 [54]
 [50]
 [48]
 [52]
 [52]
 [57]
 [57]
 [57]
 [57]
 [57]
 [57]
 [45]
 [49]] 
------------------------ Dataset: Hcz ------------------------
shape: (34, 1), dtype: uint16
Data:[[53]
 [57]
 [48]
 [49]
 [46]
 [51]
 [55]
 [51]
 [55]
 [55]
 [57]
 [45]
 [48]
 [32]
 [53]
 [57]
 [48]
 [49]
 [46]
 [51]
 [55]
 [55]
 [55]
 [49]
 [49]
 [57]
 [57]
 [57]
 [57]
 [57]
 [57]
 [53]
 [45]
 [49]] 
------------------------ Dataset: Hd ------------------------

shape: (1, 6), dtype: uint32
Data:[[3707764736          2          1          1        154          1]] 
------------------------ Dataset: Icb ------------------------
shape: (27, 1), dtype: uint16
Data:[[54]
 [55]
 [54]
 [53]
 [46]
 [49]
 [53]
 [48]
 [52]
 [57]
 [53]
 [45]
 [48]
 [32]
 [54]
 [55]
 [54]
 [53]
 [46]
 [49]
 [52]
 [55]
 [48]
 [49]
 [52]
 [45]
 [49]] 
------------------------ Dataset: Icc ------------------------
shape: (34, 1), dtype: uint16
Data:[[54]
 [55]
 [56]
 [49]
 [46]
 [48]
 [48]
 [50]
 [50]
 [51]
 [48]
 [57]
 [57]
 [57]
 [57]
 [57]
 [57]
 [53]
 [45]
 [48]
 [32]
 [54]
 [55]
 [56]
 [49]
 [46]
 [48]
 [49]
 [48]
 [49]
 [51]
 [52]
 [45]
 [49]] 
------------------------ Dataset: Icd ------------------------
shape: (27, 1), dtype: uint16
Data:[[54]
 [50]
 [57]
 [51]
 [46]
 [55]
 [53]
 [52]
 [48]
 [50]
 [52]
 [45]
 [48]
 [32]
 [54]
 [50]
 [57]
 [51]
 [46]
 [55]
 [52]
 [57]
 [56]
 [56]
 [55]
 [45]
 [49]] 
------------------------ Dataset: Ice ------------------------
shape: (33, 1), dtype: uint16
Data:[[54]
 [51]
 [48]
 [57]
 [46]
 [53]
 [55]
 [55]
 [56]
 [54]
 [54]
 [45]
 [48]
 [32]
 [54]
 [51]
 [48]
 [57]
 [46]
 [53]
 [56]
 [49]
 [57]
 [49]
 [56]
 [57]
 [57]
 [57]
 [57]
 [57]
 [57]
 [45]
 [49]] 
------------------------ Dataset: Icf ------------------------
shape: (27, 1), dtype: uint16
Data:[[54]
 [51]
 [50]
 [53]
 [46]
 [52]
 [49]
 [55]
 [49]
 [53]
 [50]
 [45]
 [48]
 [32]
 [54]
 [51]
 [50]
 [53]
 [46]
 [52]
 [49]
 [55]
 [53]
 [49]
 [49]
 [45]
 [49]] 
------------------------ Dataset: Icg ------------------------
shape: (33, 1), dtype: uint16
Data:[[54]
 [51]
 [52]
 [49]
 [46]
 [50]
 [52]
 [57]
 [57]
 [53]
 [55]
 [45]
 [48]
 [32]
 [54]
 [51]
 [52]
 [49]
 [46]
 [50]
 [53]
 [53]
 [48]
 [54]
 [52]
 [57]
 [57]
 [57]
 [57]
 [57]
 [57]
 [45]
 [49]] 
------------------------ Dataset: Ich ------------------------
shape: (39, 1), dtype: uint16
Data:[[54]
 [53]
 [48]
 [54]
 [46]
 [51]
 [53]
 [55]
 [57]
 [55]
 [53]
 [57]
 [57]
 [57]
 [57]
 [57]
 [57]
 [45]
 [48]
 [32]
 [54]
 [53]
 [48]
 [54]
 [46]
 [51]
 [54]
 [49]
 [57]
 [56]
 [49]
 [57]
 [57]
 [57]
 [57]
 [57]
 [57]
 [45]
 [49]] 
------------------------ Dataset: Ici ------------------------
shape: (27, 1), dtype: uint16
Data:[[54]
 [53]
 [50]
 [50]
 [46]
 [49]
 [55]
 [52]
 [48]
 [49]
 [54]
 [45]
 [48]
 [32]
 [54]
 [53]
 [50]
 [50]
 [46]
 [49]
 [55]
 [48]
 [48]
 [48]
 [50]
 [45]
 [49]] 
------------------------ Dataset: Icj ------------------------
shape: (27, 1), dtype: uint16
Data:[[54]
 [48]
 [49]
 [55]
 [46]
 [55]
 [53]
 [51]
 [55]
 [55]
 [57]
 [45]
 [48]
 [32]
 [54]
 [48]
 [49]
 [55]
 [46]
 [55]
 [52]
 [57]
 [56]
 [49]
 [55]
 [45]
 [49]] 
------------------------ Dataset: Ick ------------------------
shape: (27, 1), dtype: uint16
Data:[[54]
 [48]
 [51]
 [51]
 [46]
 [53]
 [54]
 [53]
 [57]
 [50]
 [56]
 [45]
 [48]
 [32]
 [54]
 [48]
 [51]
 [51]
 [46]
 [53]
 [53]
 [55]
 [55]
 [55]
 [57]
 [45]
 [49]] 
------------------------ Dataset: Icl ------------------------
shape: (27, 1), dtype: uint16
Data:[[54]
 [48]
 [52]
 [57]
 [46]
 [49]
 [54]
 [53]
 [54]
 [57]
 [54]
 [45]
 [48]
 [32]
 [54]
 [48]
 [52]
 [57]
 [46]
 [49]
 [54]
 [49]
 [56]
 [54]
 [49]
 [45]
 [49]] 
------------------------ Dataset: Icm ------------------------
shape: (27, 1), dtype: uint16
Data:[[54]
 [48]
 [54]
 [53]
 [46]
 [48]
 [52]
 [53]
 [55]
 [50]
 [52]
 [45]
 [48]
 [32]
 [54]
 [48]
 [54]
 [53]
 [46]
 [48]
 [52]
 [57]
 [54]
 [54]
 [56]
 [45]
 [49]] 
------------------------ Dataset: Icn ------------------------
shape: (26, 1), dtype: uint16
Data:[[54]
 [48]
 [56]
 [48]
 [46]
 [57]
 [53]
 [55]
 [57]
 [53]
 [55]
 [45]
 [48]
 [32]
 [54]
 [48]
 [56]
 [48]
 [46]
 [57]
 [53]
 [51]
 [55]
 [56]
 [45]
 [49]] 
------------------------ Dataset: Ico ------------------------
shape: (34, 1), dtype: uint16
Data:[[53]
 [54]
 [52]
 [49]
 [46]
 [55]
 [48]
 [53]
 [55]
 [49]
 [53]
 [57]
 [57]
 [57]
 [57]
 [57]
 [57]
 [53]
 [45]
 [48]
 [32]
 [53]
 [54]
 [52]
 [49]
 [46]
 [55]
 [48]
 [53]
 [55]
 [56]
 [52]
 [45]
 [49]] 
------------------------ Dataset: Icp ------------------------
shape: (27, 1), dtype: uint16
Data:[[53]
 [54]
 [53]
 [55]
 [46]
 [52]
 [52]
 [53]
 [53]
 [56]
 [56]
 [45]
 [48]
 [32]
 [53]
 [54]
 [53]
 [55]
 [46]
 [52]
 [52]
 [49]
 [53]
 [53]
 [52]
 [45]
 [49]] 
------------------------ Dataset: Icq ------------------------
shape: (39, 1), dtype: uint16
Data:[[53]
 [54]
 [55]
 [51]
 [46]
 [49]
 [54]
 [50]
 [49]
 [54]
 [56]
 [57]
 [57]
 [57]
 [57]
 [57]
 [57]
 [45]
 [48]
 [32]
 [53]
 [54]
 [55]
 [51]
 [46]
 [49]
 [54]
 [50]
 [49]
 [54]
 [56]
 [57]
 [57]
 [57]
 [57]
 [57]
 [57]
 [45]
 [49]] 
------------------------ Dataset: Icr ------------------------
shape: (26, 1), dtype: uint16
Data:[[53]
 [54]
 [56]
 [56]
 [46]
 [57]
 [50]
 [49]
 [54]
 [52]
 [45]
 [48]
 [32]
 [53]
 [54]
 [56]
 [56]
 [46]
 [57]
 [49]
 [55]
 [54]
 [50]
 [55]
 [45]
 [49]] 
------------------------ Dataset: Ics ------------------------
shape: (34, 1), dtype: uint16
Data:[[53]
 [56]
 [49]
 [53]
 [46]
 [49]
 [55]
 [55]
 [54]
 [50]
 [55]
 [57]
 [57]
 [57]
 [57]
 [57]
 [57]
 [53]
 [45]
 [48]
 [32]
 [53]
 [56]
 [49]
 [53]
 [46]
 [49]
 [56]
 [49]
 [53]
 [56]
 [57]
 [45]
 [49]] 
------------------------ Dataset: Ict ------------------------
shape: (33, 1), dtype: uint16
Data:[[54]
 [54]
 [48]
 [52]
 [46]
 [50]
 [55]
 [52]
 [49]
 [48]
 [54]
 [57]
 [57]
 [57]
 [57]
 [57]
 [57]
 [45]
 [48]
 [32]
 [54]
 [54]
 [48]
 [52]
 [46]
 [50]
 [55]
 [48]
 [48]
 [51]
 [49]
 [45]
 [49]] 
------------------------ Dataset: Icu ------------------------
shape: (33, 1), dtype: uint16
Data:[[54]
 [54]
 [50]
 [48]
 [46]
 [50]
 [51]
 [56]
 [48]
 [57]
 [56]
 [57]
 [57]
 [57]
 [57]
 [57]
 [57]
 [45]
 [48]
 [32]
 [54]
 [54]
 [50]
 [48]
 [46]
 [50]
 [51]
 [52]
 [50]
 [52]
 [56]
 [45]
 [49]] 
------------------------ Dataset: Icv ------------------------
shape: (33, 1), dtype: uint16
Data:[[54]
 [54]
 [51]
 [54]
 [46]
 [48]
 [57]
 [48]
 [50]
 [51]
 [48]
 [57]
 [57]
 [57]
 [57]
 [57]
 [57]
 [45]
 [48]
 [32]
 [54]
 [54]
 [51]
 [54]
 [46]
 [48]
 [57]
 [56]
 [57]
 [48]
 [53]
 [45]
 [49]] 
------------------------ Dataset: Icw ------------------------
shape: (27, 1), dtype: uint16
Data:[[54]
 [54]
 [53]
 [49]
 [46]
 [54]
 [57]
 [52]
 [53]
 [50]
 [52]
 [45]
 [48]
 [32]
 [54]
 [54]
 [53]
 [49]
 [46]
 [54]
 [57]
 [52]
 [53]
 [50]
 [56]
 [45]
 [49]] 
------------------------ Dataset: Icx ------------------------
shape: (27, 1), dtype: uint16
Data:[[54]
 [54]
 [54]
 [55]
 [46]
 [53]
 [51]
 [57]
 [54]
 [55]
 [52]
 [45]
 [48]
 [32]
 [54]
 [54]
 [54]
 [55]
 [46]
 [53]
 [52]
 [50]
 [50]
 [50]
 [49]
 [45]
 [49]] 
------------------------ Dataset: Icy ------------------------
shape: (33, 1), dtype: uint16
Data:[[54]
 [54]
 [56]
 [51]
 [46]
 [52]
 [54]
 [54]
 [49]
 [49]
 [55]
 [45]
 [48]
 [32]
 [54]
 [54]
 [56]
 [51]
 [46]
 [52]
 [54]
 [50]
 [48]
 [52]
 [52]
 [57]
 [57]
 [57]
 [57]
 [57]
 [57]
 [45]
 [49]] 
------------------------ Dataset: Icz ------------------------
shape: (34, 1), dtype: uint16
Data:[[53]
 [57]
 [48]
 [49]
 [46]
 [51]
 [56]
 [49]
 [57]
 [51]
 [49]
 [45]
 [48]
 [32]
 [53]
 [57]
 [48]
 [49]
 [46]
 [51]
 [55]
 [55]
 [55]
 [49]
 [49]
 [57]
 [57]
 [57]
 [57]
 [57]
 [57]
 [53]
 [45]
 [49]] 
------------------------ Dataset: Id ------------------------

shape: (1, 6), dtype: uint32
Data:[[3707764736          2          1          1        155          1]] 
------------------------ Dataset: Jcb ------------------------
shape: (27, 1), dtype: uint16
Data:[[54]
 [55]
 [54]
 [53]
 [46]
 [49]
 [53]
 [48]
 [52]
 [57]
 [53]
 [45]
 [48]
 [32]
 [54]
 [55]
 [54]
 [53]
 [46]
 [49]
 [53]
 [52]
 [49]
 [57]
 [53]
 [45]
 [49]] 
------------------------ Dataset: Jcc ------------------------
shape: (26, 1), dtype: uint16
Data:[[54]
 [55]
 [56]
 [49]
 [46]
 [48]
 [49]
 [48]
 [49]
 [50]
 [45]
 [48]
 [32]
 [54]
 [55]
 [56]
 [49]
 [46]
 [48]
 [49]
 [48]
 [49]
 [51]
 [52]
 [45]
 [49]] 
------------------------ Dataset: Jcd ------------------------
shape: (33, 1), dtype: uint16
Data:[[54]
 [50]
 [57]
 [51]
 [46]
 [55]
 [53]
 [52]
 [48]
 [50]
 [52]
 [45]
 [48]
 [32]
 [54]
 [50]
 [57]
 [51]
 [46]
 [55]
 [53]
 [56]
 [48]
 [49]
 [52]
 [57]
 [57]
 [57]
 [57]
 [57]
 [57]
 [45]
 [49]] 
------------------------ Dataset: Jce ------------------------
shape: (33, 1), dtype: uint16
Data:[[54]
 [51]
 [48]
 [57]
 [46]
 [53]
 [56]
 [53]
 [56]
 [51]
 [51]
 [45]
 [48]
 [32]
 [54]
 [51]
 [48]
 [57]
 [46]
 [53]
 [56]
 [49]
 [57]
 [49]
 [56]
 [57]
 [57]
 [57]
 [57]
 [57]
 [57]
 [45]
 [49]] 
------------------------ Dataset: Jcf ------------------------
shape: (27, 1), dtype: uint16
Data:[[54]
 [51]
 [50]
 [53]
 [46]
 [52]
 [50]
 [48]
 [56]
 [50]
 [57]
 [45]
 [48]
 [32]
 [54]
 [51]
 [50]
 [53]
 [46]
 [52]
 [49]
 [55]
 [53]
 [49]
 [49]
 [45]
 [49]] 
------------------------ Dataset: Jcg ------------------------
shape: (33, 1), dtype: uint16
Data:[[54]
 [51]
 [52]
 [49]
 [46]
 [50]
 [53]
 [55]
 [57]
 [52]
 [55]
 [45]
 [48]
 [32]
 [54]
 [51]
 [52]
 [49]
 [46]
 [50]
 [53]
 [53]
 [48]
 [54]
 [52]
 [57]
 [57]
 [57]
 [57]
 [57]
 [57]
 [45]
 [49]] 
------------------------ Dataset: Jch ------------------------
shape: (33, 1), dtype: uint16
Data:[[54]
 [53]
 [48]
 [54]
 [46]
 [51]
 [54]
 [54]
 [50]
 [48]
 [55]
 [45]
 [48]
 [32]
 [54]
 [53]
 [48]
 [54]
 [46]
 [51]
 [54]
 [49]
 [57]
 [56]
 [49]
 [57]
 [57]
 [57]
 [57]
 [57]
 [57]
 [45]
 [49]] 
------------------------ Dataset: Jci ------------------------
shape: (34, 1), dtype: uint16
Data:[[54]
 [53]
 [50]
 [50]
 [46]
 [49]
 [55]
 [52]
 [48]
 [49]
 [54]
 [45]
 [48]
 [32]
 [54]
 [53]
 [50]
 [50]
 [46]
 [49]
 [55]
 [56]
 [49]
 [52]
 [51]
 [57]
 [57]
 [57]
 [57]
 [57]
 [57]
 [53]
 [45]
 [49]] 
------------------------ Dataset: Jcj ------------------------
shape: (27, 1), dtype: uint16
Data:[[54]
 [48]
 [49]
 [55]
 [46]
 [55]
 [53]
 [51]
 [55]
 [55]
 [57]
 [45]
 [48]
 [32]
 [54]
 [48]
 [49]
 [55]
 [46]
 [55]
 [53]
 [55]
 [55]
 [52]
 [51]
 [45]
 [49]] 
------------------------ Dataset: Jck ------------------------
shape: (27, 1), dtype: uint16
Data:[[54]
 [48]
 [51]
 [51]
 [46]
 [53]
 [54]
 [53]
 [57]
 [50]
 [56]
 [45]
 [48]
 [32]
 [54]
 [48]
 [51]
 [51]
 [46]
 [53]
 [54]
 [53]
 [56]
 [48]
 [50]
 [45]
 [49]] 
------------------------ Dataset: Jcl ------------------------
shape: (27, 1), dtype: uint16
Data:[[54]
 [48]
 [52]
 [57]
 [46]
 [49]
 [54]
 [53]
 [54]
 [57]
 [54]
 [45]
 [48]
 [32]
 [54]
 [48]
 [52]
 [57]
 [46]
 [49]
 [55]
 [48]
 [49]
 [50]
 [49]
 [45]
 [49]] 
------------------------ Dataset: Jcm ------------------------
shape: (27, 1), dtype: uint16
Data:[[54]
 [48]
 [54]
 [53]
 [46]
 [48]
 [53]
 [57]
 [56]
 [54]
 [52]
 [45]
 [48]
 [32]
 [54]
 [48]
 [54]
 [53]
 [46]
 [48]
 [52]
 [57]
 [54]
 [54]
 [56]
 [45]
 [49]] 
------------------------ Dataset: Jcn ------------------------
shape: (27, 1), dtype: uint16
Data:[[54]
 [48]
 [56]
 [48]
 [46]
 [57]
 [53]
 [55]
 [57]
 [53]
 [55]
 [45]
 [48]
 [32]
 [54]
 [48]
 [56]
 [48]
 [46]
 [57]
 [54]
 [49]
 [55]
 [56]
 [51]
 [45]
 [49]] 
------------------------ Dataset: Jco ------------------------
shape: (27, 1), dtype: uint16
Data:[[53]
 [54]
 [52]
 [49]
 [46]
 [55]
 [48]
 [57]
 [53]
 [54]
 [50]
 [45]
 [48]
 [32]
 [53]
 [54]
 [52]
 [49]
 [46]
 [55]
 [48]
 [53]
 [55]
 [56]
 [52]
 [45]
 [49]] 
------------------------ Dataset: Jcp ------------------------
shape: (33, 1), dtype: uint16
Data:[[53]
 [54]
 [53]
 [55]
 [46]
 [52]
 [52]
 [53]
 [53]
 [56]
 [56]
 [45]
 [48]
 [32]
 [53]
 [54]
 [53]
 [55]
 [46]
 [52]
 [52]
 [57]
 [54]
 [48]
 [48]
 [57]
 [57]
 [57]
 [57]
 [57]
 [57]
 [45]
 [49]] 
------------------------ Dataset: Jcq ------------------------
shape: (33, 1), dtype: uint16
Data:[[53]
 [54]
 [55]
 [51]
 [46]
 [49]
 [54]
 [50]
 [49]
 [54]
 [56]
 [57]
 [57]
 [57]
 [57]
 [57]
 [57]
 [45]
 [48]
 [32]
 [53]
 [54]
 [55]
 [51]
 [46]
 [49]
 [55]
 [55]
 [48]
 [50]
 [50]
 [45]
 [49]] 
------------------------ Dataset: Jcr ------------------------
shape: (33, 1), dtype: uint16
Data:[[53]
 [54]
 [56]
 [56]
 [46]
 [57]
 [50]
 [49]
 [54]
 [52]
 [45]
 [48]
 [32]
 [53]
 [54]
 [56]
 [56]
 [46]
 [57]
 [50]
 [53]
 [53]
 [51]
 [55]
 [57]
 [57]
 [57]
 [57]
 [57]
 [57]
 [53]
 [45]
 [49]] 
------------------------ Dataset: Jcs ------------------------
shape: (27, 1), dtype: uint16
Data:[[53]
 [56]
 [49]
 [53]
 [46]
 [49]
 [56]
 [54]
 [56]
 [55]
 [54]
 [45]
 [48]
 [32]
 [53]
 [56]
 [49]
 [53]
 [46]
 [49]
 [56]
 [49]
 [53]
 [56]
 [57]
 [45]
 [49]] 
------------------------ Dataset: Jct ------------------------
shape: (40, 1), dtype: uint16
Data:[[54]
 [54]
 [48]
 [52]
 [46]
 [50]
 [55]
 [52]
 [49]
 [48]
 [54]
 [57]
 [57]
 [57]
 [57]
 [57]
 [57]
 [45]
 [48]
 [32]
 [54]
 [54]
 [48]
 [52]
 [46]
 [50]
 [55]
 [56]
 [48]
 [50]
 [49]
 [57]
 [57]
 [57]
 [57]
 [57]
 [57]
 [53]
 [45]
 [49]] 
------------------------ Dataset: Jcu ------------------------
shape: (39, 1), dtype: uint16
Data:[[54]
 [54]
 [50]
 [48]
 [46]
 [50]
 [51]
 [56]
 [48]
 [57]
 [56]
 [57]
 [57]
 [57]
 [57]
 [57]
 [57]
 [45]
 [48]
 [32]
 [54]
 [54]
 [50]
 [48]
 [46]
 [50]
 [52]
 [50]
 [50]
 [51]
 [56]
 [57]
 [57]
 [57]
 [57]
 [57]
 [57]
 [45]
 [49]] 
------------------------ Dataset: Jcv ------------------------
shape: (27, 1), dtype: uint16
Data:[[54]
 [54]
 [51]
 [54]
 [46]
 [48]
 [57]
 [56]
 [56]
 [52]
 [49]
 [45]
 [48]
 [32]
 [54]
 [54]
 [51]
 [54]
 [46]
 [48]
 [57]
 [56]
 [57]
 [48]
 [53]
 [45]
 [49]] 
------------------------ Dataset: Jcw ------------------------
shape: (27, 1), dtype: uint16
Data:[[54]
 [54]
 [53]
 [49]
 [46]
 [54]
 [57]
 [56]
 [57]
 [48]
 [57]
 [45]
 [48]
 [32]
 [54]
 [54]
 [53]
 [49]
 [46]
 [54]
 [57]
 [52]
 [53]
 [50]
 [56]
 [45]
 [49]] 
------------------------ Dataset: Jcx ------------------------
shape: (27, 1), dtype: uint16
Data:[[54]
 [54]
 [54]
 [55]
 [46]
 [53]
 [52]
 [54]
 [49]
 [48]
 [57]
 [45]
 [48]
 [32]
 [54]
 [54]
 [54]
 [55]
 [46]
 [53]
 [52]
 [50]
 [50]
 [50]
 [49]
 [45]
 [49]] 
------------------------ Dataset: Jcy ------------------------
shape: (34, 1), dtype: uint16
Data:[[54]
 [54]
 [56]
 [51]
 [46]
 [52]
 [54]
 [54]
 [49]
 [49]
 [55]
 [45]
 [48]
 [32]
 [54]
 [54]
 [56]
 [51]
 [46]
 [52]
 [55]
 [48]
 [49]
 [49]
 [53]
 [57]
 [57]
 [57]
 [57]
 [57]
 [57]
 [53]
 [45]
 [49]] 
------------------------ Dataset: Jcz ------------------------
shape: (27, 1), dtype: uint16
Data:[[53]
 [57]
 [48]
 [49]
 [46]
 [51]
 [56]
 [49]
 [57]
 [51]
 [49]
 [45]
 [48]
 [32]
 [53]
 [57]
 [48]
 [49]
 [46]
 [51]
 [56]
 [53]
 [55]
 [52]
 [56]
 [45]
 [49]] 
------------------------ Dataset: Jd ------------------------

shape: (1, 6), dtype: uint32
Data:[[3707764736          2          1          1        156          1]] 
------------------------ Dataset: Kcb ------------------------
shape: (33, 1), dtype: uint16
Data:[[54]
 [55]
 [54]
 [53]
 [46]
 [49]
 [53]
 [56]
 [49]
 [56]
 [55]
 [57]
 [57]
 [57]
 [57]
 [57]
 [57]
 [45]
 [48]
 [32]
 [54]
 [55]
 [54]
 [53]
 [46]
 [49]
 [53]
 [52]
 [49]
 [57]
 [53]
 [45]
 [49]] 
------------------------ Dataset: Kcc ------------------------
shape: (33, 1), dtype: uint16
Data:[[54]
 [55]
 [56]
 [49]
 [46]
 [48]
 [49]
 [56]
 [49]
 [49]
 [56]
 [57]
 [57]
 [57]
 [57]
 [57]
 [57]
 [45]
 [48]
 [32]
 [54]
 [55]
 [56]
 [49]
 [46]
 [48]
 [49]
 [48]
 [49]
 [51]
 [52]
 [45]
 [49]] 
------------------------ Dataset: Kcd ------------------------
shape: (33, 1), dtype: uint16
Data:[[54]
 [50]
 [57]
 [51]
 [46]
 [55]
 [54]
 [52]
 [55]
 [56]
 [49]
 [45]
 [48]
 [32]
 [54]
 [50]
 [57]
 [51]
 [46]
 [55]
 [53]
 [56]
 [48]
 [49]
 [52]
 [57]
 [57]
 [57]
 [57]
 [57]
 [57]
 [45]
 [49]] 
------------------------ Dataset: Kce ------------------------
shape: (34, 1), dtype: uint16
Data:[[54]
 [51]
 [48]
 [57]
 [46]
 [53]
 [56]
 [53]
 [56]
 [51]
 [51]
 [45]
 [48]
 [32]
 [54]
 [51]
 [48]
 [57]
 [46]
 [53]
 [56]
 [57]
 [56]
 [53]
 [50]
 [57]
 [57]
 [57]
 [57]
 [57]
 [57]
 [53]
 [45]
 [49]] 
------------------------ Dataset: Kcf ------------------------
shape: (27, 1), dtype: uint16
Data:[[54]
 [51]
 [50]
 [53]
 [46]
 [52]
 [50]
 [48]
 [56]
 [50]
 [57]
 [45]
 [48]
 [32]
 [54]
 [51]
 [50]
 [53]
 [46]
 [52]
 [50]
 [49]
 [57]
 [56]
 [56]
 [45]
 [49]] 
------------------------ Dataset: Kcg ------------------------
shape: (27, 1), dtype: uint16
Data:[[54]
 [51]
 [52]
 [49]
 [46]
 [50]
 [53]
 [55]
 [57]
 [52]
 [55]
 [45]
 [48]
 [32]
 [54]
 [51]
 [52]
 [49]
 [46]
 [50]
 [54]
 [55]
 [54]
 [55]
 [52]
 [45]
 [49]] 
------------------------ Dataset: Kch ------------------------
shape: (33, 1), dtype: uint16
Data:[[54]
 [53]
 [48]
 [54]
 [46]
 [51]
 [54]
 [54]
 [50]
 [48]
 [55]
 [45]
 [48]
 [32]
 [54]
 [53]
 [48]
 [54]
 [46]
 [51]
 [55]
 [53]
 [53]
 [50]
 [54]
 [57]
 [57]
 [57]
 [57]
 [57]
 [57]
 [45]
 [49]] 
------------------------ Dataset: Kci ------------------------
shape: (40, 1), dtype: uint16
Data:[[54]
 [53]
 [50]
 [50]
 [46]
 [49]
 [56]
 [50]
 [49]
 [48]
 [56]
 [57]
 [57]
 [57]
 [57]
 [57]
 [57]
 [45]
 [48]
 [32]
 [54]
 [53]
 [50]
 [50]
 [46]
 [49]
 [55]
 [56]
 [49]
 [52]
 [51]
 [57]
 [57]
 [57]
 [57]
 [57]
 [57]
 [53]
 [45]
 [49]] 
------------------------ Dataset: Kcj ------------------------
shape: (27, 1), dtype: uint16
Data:[[54]
 [48]
 [49]
 [55]
 [46]
 [55]
 [54]
 [49]
 [55]
 [53]
 [56]
 [45]
 [48]
 [32]
 [54]
 [48]
 [49]
 [55]
 [46]
 [55]
 [53]
 [55]
 [55]
 [52]
 [51]
 [45]
 [49]] 
------------------------ Dataset: Kck ------------------------
shape: (33, 1), dtype: uint16
Data:[[54]
 [48]
 [51]
 [51]
 [46]
 [53]
 [54]
 [53]
 [57]
 [50]
 [56]
 [45]
 [48]
 [32]
 [54]
 [48]
 [51]
 [51]
 [46]
 [53]
 [55]
 [51]
 [57]
 [51]
 [52]
 [57]
 [57]
 [57]
 [57]
 [57]
 [57]
 [45]
 [49]] 
------------------------ Dataset: Kcl ------------------------
shape: (27, 1), dtype: uint16
Data:[[54]
 [48]
 [52]
 [57]
 [46]
 [49]
 [55]
 [51]
 [55]
 [48]
 [49]
 [45]
 [48]
 [32]
 [54]
 [48]
 [52]
 [57]
 [46]
 [49]
 [55]
 [48]
 [49]
 [50]
 [49]
 [45]
 [49]] 
------------------------ Dataset: Kcm ------------------------
shape: (27, 1), dtype: uint16
Data:[[54]
 [48]
 [54]
 [53]
 [46]
 [48]
 [53]
 [57]
 [56]
 [54]
 [52]
 [45]
 [48]
 [32]
 [54]
 [48]
 [54]
 [53]
 [46]
 [48]
 [53]
 [57]
 [57]
 [50]
 [56]
 [45]
 [49]] 
------------------------ Dataset: Kcn ------------------------
shape: (27, 1), dtype: uint16
Data:[[54]
 [48]
 [56]
 [48]
 [46]
 [57]
 [54]
 [53]
 [55]
 [54]
 [55]
 [45]
 [48]
 [32]
 [54]
 [48]
 [56]
 [48]
 [46]
 [57]
 [54]
 [49]
 [55]
 [56]
 [51]
 [45]
 [49]] 
------------------------ Dataset: Kco ------------------------
shape: (27, 1), dtype: uint16
Data:[[53]
 [54]
 [52]
 [49]
 [46]
 [55]
 [48]
 [57]
 [53]
 [54]
 [50]
 [45]
 [48]
 [32]
 [53]
 [54]
 [52]
 [49]
 [46]
 [55]
 [49]
 [51]
 [53]
 [49]
 [54]
 [45]
 [49]] 
------------------------ Dataset: Kcp ------------------------
shape: (33, 1), dtype: uint16
Data:[[53]
 [54]
 [53]
 [55]
 [46]
 [52]
 [53]
 [51]
 [54]
 [54]
 [52]
 [45]
 [48]
 [32]
 [53]
 [54]
 [53]
 [55]
 [46]
 [52]
 [52]
 [57]
 [54]
 [48]
 [48]
 [57]
 [57]
 [57]
 [57]
 [57]
 [57]
 [45]
 [49]] 
------------------------ Dataset: Kcq ------------------------
shape: (33, 1), dtype: uint16
Data:[[53]
 [54]
 [55]
 [51]
 [46]
 [49]
 [55]
 [55]
 [48]
 [50]
 [50]
 [57]
 [57]
 [57]
 [57]
 [57]
 [57]
 [45]
 [48]
 [32]
 [53]
 [54]
 [55]
 [51]
 [46]
 [49]
 [55]
 [55]
 [48]
 [50]
 [50]
 [45]
 [49]] 
------------------------ Dataset: Kcr ------------------------
shape: (34, 1), dtype: uint16
Data:[[53]
 [54]
 [56]
 [56]
 [46]
 [57]
 [50]
 [57]
 [53]
 [49]
 [56]
 [45]
 [48]
 [32]
 [53]
 [54]
 [56]
 [56]
 [46]
 [57]
 [50]
 [53]
 [53]
 [51]
 [55]
 [57]
 [57]
 [57]
 [57]
 [57]
 [57]
 [53]
 [45]
 [49]] 
------------------------ Dataset: Kcs ------------------------
shape: (27, 1), dtype: uint16
Data:[[53]
 [56]
 [49]
 [53]
 [46]
 [49]
 [56]
 [54]
 [56]
 [55]
 [54]
 [45]
 [48]
 [32]
 [53]
 [56]
 [49]
 [53]
 [46]
 [50]
 [48]
 [48]
 [57]
 [53]
 [57]
 [45]
 [49]] 
------------------------ Dataset: Kct ------------------------
shape: (34, 1), dtype: uint16
Data:[[54]
 [54]
 [48]
 [52]
 [46]
 [50]
 [56]
 [50]
 [52]
 [56]
 [51]
 [45]
 [48]
 [32]
 [54]
 [54]
 [48]
 [52]
 [46]
 [50]
 [55]
 [56]
 [48]
 [50]
 [49]
 [57]
 [57]
 [57]
 [57]
 [57]
 [57]
 [53]
 [45]
 [49]] 
------------------------ Dataset: Kcu ------------------------
shape: (33, 1), dtype: uint16
Data:[[54]
 [54]
 [50]
 [48]
 [46]
 [50]
 [52]
 [55]
 [55]
 [54]
 [50]
 [45]
 [48]
 [32]
 [54]
 [54]
 [50]
 [48]
 [46]
 [50]
 [52]
 [50]
 [50]
 [51]
 [56]
 [57]
 [57]
 [57]
 [57]
 [57]
 [57]
 [45]
 [49]] 
------------------------ Dataset: Kcv ------------------------
shape: (27, 1), dtype: uint16
Data:[[54]
 [54]
 [51]
 [54]
 [46]
 [49]
 [48]
 [55]
 [52]
 [53]
 [52]
 [45]
 [48]
 [32]
 [54]
 [54]
 [51]
 [54]
 [46]
 [48]
 [57]
 [56]
 [57]
 [48]
 [53]
 [45]
 [49]] 
------------------------ Dataset: Kcw ------------------------
shape: (33, 1), dtype: uint16
Data:[[54]
 [54]
 [53]
 [49]
 [46]
 [54]
 [57]
 [56]
 [57]
 [48]
 [57]
 [45]
 [48]
 [32]
 [54]
 [54]
 [53]
 [49]
 [46]
 [54]
 [57]
 [57]
 [48]
 [50]
 [53]
 [57]
 [57]
 [57]
 [57]
 [57]
 [57]
 [45]
 [49]] 
------------------------ Dataset: Kcx ------------------------
shape: (27, 1), dtype: uint16
Data:[[54]
 [54]
 [54]
 [55]
 [46]
 [53]
 [52]
 [54]
 [49]
 [48]
 [57]
 [45]
 [48]
 [32]
 [54]
 [54]
 [54]
 [55]
 [46]
 [53]
 [53]
 [48]
 [49]
 [48]
 [57]
 [45]
 [49]] 
------------------------ Dataset: Kcy ------------------------
shape: (34, 1), dtype: uint16
Data:[[54]
 [54]
 [56]
 [51]
 [46]
 [52]
 [55]
 [52]
 [52]
 [54]
 [51]
 [45]
 [48]
 [32]
 [54]
 [54]
 [56]
 [51]
 [46]
 [52]
 [55]
 [48]
 [49]
 [49]
 [53]
 [57]
 [57]
 [57]
 [57]
 [57]
 [57]
 [53]
 [45]
 [49]] 
------------------------ Dataset: Kcz ------------------------
shape: (27, 1), dtype: uint16
Data:[[53]
 [57]
 [48]
 [49]
 [46]
 [51]
 [56]
 [57]
 [55]
 [56]
 [49]
 [45]
 [48]
 [32]
 [53]
 [57]
 [48]
 [49]
 [46]
 [51]
 [56]
 [53]
 [55]
 [52]
 [56]
 [45]
 [49]] 
------------------------ Dataset: Kd ------------------------

shape: (1, 6), dtype: uint32
Data:[[3707764736          2          1          1        157          1]] 
------------------------ Dataset: Lcb ------------------------
shape: (39, 1), dtype: uint16
Data:[[54]
 [55]
 [54]
 [53]
 [46]
 [49]
 [53]
 [56]
 [49]
 [56]
 [55]
 [57]
 [57]
 [57]
 [57]
 [57]
 [57]
 [45]
 [48]
 [32]
 [54]
 [55]
 [54]
 [53]
 [46]
 [49]
 [54]
 [50]
 [49]
 [52]
 [49]
 [57]
 [57]
 [57]
 [57]
 [57]
 [57]
 [45]
 [49]] 
------------------------ Dataset: Lcc ------------------------
shape: (33, 1), dtype: uint16
Data:[[54]
 [55]
 [56]
 [49]
 [46]
 [48]
 [49]
 [56]
 [49]
 [49]
 [56]
 [57]
 [57]
 [57]
 [57]
 [57]
 [57]
 [45]
 [48]
 [32]
 [54]
 [55]
 [56]
 [49]
 [46]
 [48]
 [49]
 [56]
 [49]
 [49]
 [56]
 [45]
 [49]] 
------------------------ Dataset: Lcd ------------------------
shape: (33, 1), dtype: uint16
Data:[[54]
 [50]
 [57]
 [51]
 [46]
 [55]
 [54]
 [52]
 [55]
 [56]
 [49]
 [45]
 [48]
 [32]
 [54]
 [50]
 [57]
 [51]
 [46]
 [55]
 [54]
 [53]
 [57]
 [51]
 [52]
 [57]
 [57]
 [57]
 [57]
 [57]
 [57]
 [45]
 [49]] 
------------------------ Dataset: Lce ------------------------
shape: (33, 1), dtype: uint16
Data:[[54]
 [51]
 [48]
 [57]
 [46]
 [53]
 [57]
 [56]
 [56]
 [55]
 [45]
 [48]
 [32]
 [54]
 [51]
 [48]
 [57]
 [46]
 [53]
 [56]
 [57]
 [56]
 [53]
 [50]
 [57]
 [57]
 [57]
 [57]
 [57]
 [57]
 [53]
 [45]
 [49]] 
------------------------ Dataset: Lcf ------------------------
shape: (26, 1), dtype: uint16
Data:[[54]
 [51]
 [50]
 [53]
 [46]
 [52]
 [50]
 [53]
 [57]
 [52]
 [45]
 [48]
 [32]
 [54]
 [51]
 [50]
 [53]
 [46]
 [52]
 [50]
 [49]
 [57]
 [56]
 [56]
 [45]
 [49]] 
------------------------ Dataset: Lcg ------------------------
shape: (27, 1), dtype: uint16
Data:[[54]
 [51]
 [52]
 [49]
 [46]
 [50]
 [54]
 [56]
 [53]
 [57]
 [51]
 [45]
 [48]
 [32]
 [54]
 [51]
 [52]
 [49]
 [46]
 [50]
 [54]
 [55]
 [54]
 [55]
 [52]
 [45]
 [49]] 
------------------------ Dataset: Lch ------------------------
shape: (33, 1), dtype: uint16
Data:[[54]
 [53]
 [48]
 [54]
 [46]
 [51]
 [55]
 [53]
 [52]
 [57]
 [54]
 [45]
 [48]
 [32]
 [54]
 [53]
 [48]
 [54]
 [46]
 [51]
 [55]
 [53]
 [53]
 [50]
 [54]
 [57]
 [57]
 [57]
 [57]
 [57]
 [57]
 [45]
 [49]] 
------------------------ Dataset: Lci ------------------------
shape: (33, 1), dtype: uint16
Data:[[54]
 [53]
 [50]
 [50]
 [46]
 [49]
 [56]
 [50]
 [49]
 [48]
 [56]
 [57]
 [57]
 [57]
 [57]
 [57]
 [57]
 [45]
 [48]
 [32]
 [54]
 [53]
 [50]
 [50]
 [46]
 [49]
 [56]
 [53]
 [57]
 [57]
 [55]
 [45]
 [49]] 
------------------------ Dataset: Lcj ------------------------
shape: (27, 1), dtype: uint16
Data:[[54]
 [48]
 [49]
 [55]
 [46]
 [55]
 [54]
 [49]
 [55]
 [53]
 [56]
 [45]
 [48]
 [32]
 [54]
 [48]
 [49]
 [55]
 [46]
 [55]
 [54]
 [53]
 [57]
 [48]
 [49]
 [45]
 [49]] 
------------------------ Dataset: Lck ------------------------
shape: (39, 1), dtype: uint16
Data:[[54]
 [48]
 [51]
 [51]
 [46]
 [53]
 [55]
 [52]
 [48]
 [51]
 [51]
 [57]
 [57]
 [57]
 [57]
 [57]
 [57]
 [45]
 [48]
 [32]
 [54]
 [48]
 [51]
 [51]
 [46]
 [53]
 [55]
 [51]
 [57]
 [51]
 [52]
 [57]
 [57]
 [57]
 [57]
 [57]
 [57]
 [45]
 [49]] 
------------------------ Dataset: Lcl ------------------------
shape: (27, 1), dtype: uint16
Data:[[54]
 [48]
 [52]
 [57]
 [46]
 [49]
 [55]
 [51]
 [55]
 [48]
 [49]
 [45]
 [48]
 [32]
 [54]
 [48]
 [52]
 [57]
 [46]
 [49]
 [55]
 [55]
 [55]
 [50]
 [52]
 [45]
 [49]] 
------------------------ Dataset: Lcm ------------------------
shape: (13, 1), dtype: uint16
Data:[[54]
 [48]
 [54]
 [53]
 [46]
 [48]
 [53]
 [57]
 [57]
 [50]
 [56]
 [45]
 [49]] 
------------------------ Dataset: Lcn ------------------------
shape: (27, 1), dtype: uint16
Data:[[54]
 [48]
 [56]
 [48]
 [46]
 [57]
 [54]
 [53]
 [55]
 [54]
 [55]
 [45]
 [48]
 [32]
 [54]
 [48]
 [56]
 [48]
 [46]
 [57]
 [54]
 [57]
 [55]
 [50]
 [56]
 [45]
 [49]] 
------------------------ Dataset: Lco ------------------------
shape: (27, 1), dtype: uint16
Data:[[53]
 [54]
 [52]
 [49]
 [46]
 [55]
 [49]
 [55]
 [53]
 [49]
 [49]
 [45]
 [48]
 [32]
 [53]
 [54]
 [52]
 [49]
 [46]
 [55]
 [49]
 [51]
 [53]
 [49]
 [54]
 [45]
 [49]] 
------------------------ Dataset: Lcp ------------------------
shape: (24, 1), dtype: uint16
Data:[[53]
 [54]
 [53]
 [55]
 [46]
 [52]
 [53]
 [51]
 [54]
 [54]
 [52]
 [45]
 [48]
 [32]
 [53]
 [54]
 [53]
 [55]
 [46]
 [52]
 [53]
 [56]
 [45]
 [49]] 
------------------------ Dataset: Lcq ------------------------
shape: (40, 1), dtype: uint16
Data:[[53]
 [54]
 [55]
 [51]
 [46]
 [49]
 [55]
 [55]
 [48]
 [50]
 [50]
 [57]
 [57]
 [57]
 [57]
 [57]
 [57]
 [45]
 [48]
 [32]
 [53]
 [54]
 [55]
 [51]
 [46]
 [49]
 [56]
 [48]
 [56]
 [51]
 [53]
 [57]
 [57]
 [57]
 [57]
 [57]
 [57]
 [53]
 [45]
 [49]] 
------------------------ Dataset: Lcr ------------------------
shape: (33, 1), dtype: uint16
Data:[[53]
 [54]
 [56]
 [56]
 [46]
 [57]
 [50]
 [57]
 [53]
 [49]
 [56]
 [45]
 [48]
 [32]
 [53]
 [54]
 [56]
 [56]
 [46]
 [57]
 [51]
 [51]
 [53]
 [51]
 [50]
 [57]
 [57]
 [57]
 [57]
 [57]
 [57]
 [45]
 [49]] 
------------------------ Dataset: Lcs ------------------------
shape: (27, 1), dtype: uint16
Data:[[53]
 [56]
 [49]
 [53]
 [46]
 [50]
 [48]
 [50]
 [54]
 [54]
 [51]
 [45]
 [48]
 [32]
 [53]
 [56]
 [49]
 [53]
 [46]
 [50]
 [48]
 [48]
 [57]
 [53]
 [57]
 [45]
 [49]] 
------------------------ Dataset: Lct ------------------------
shape: (34, 1), dtype: uint16
Data:[[54]
 [54]
 [48]
 [52]
 [46]
 [50]
 [56]
 [50]
 [52]
 [56]
 [51]
 [45]
 [48]
 [32]
 [54]
 [54]
 [48]
 [52]
 [46]
 [50]
 [56]
 [54]
 [51]
 [50]
 [53]
 [57]
 [57]
 [57]
 [57]
 [57]
 [57]
 [53]
 [45]
 [49]] 
------------------------ Dataset: Lcu ------------------------
shape: (26, 1), dtype: uint16
Data:[[54]
 [54]
 [50]
 [48]
 [46]
 [50]
 [52]
 [55]
 [55]
 [54]
 [50]
 [45]
 [48]
 [32]
 [54]
 [54]
 [50]
 [48]
 [46]
 [50]
 [53]
 [48]
 [48]
 [57]
 [45]
 [49]] 
------------------------ Dataset: Lcv ------------------------
shape: (27, 1), dtype: uint16
Data:[[54]
 [54]
 [51]
 [54]
 [46]
 [49]
 [48]
 [55]
 [52]
 [53]
 [52]
 [45]
 [48]
 [32]
 [54]
 [54]
 [51]
 [54]
 [46]
 [49]
 [48]
 [55]
 [55]
 [51]
 [49]
 [45]
 [49]] 
------------------------ Dataset: Lcw ------------------------
shape: (39, 1), dtype: uint16
Data:[[54]
 [54]
 [53]
 [49]
 [46]
 [55]
 [48]
 [54]
 [52]
 [48]
 [53]
 [57]
 [57]
 [57]
 [57]
 [57]
 [57]
 [45]
 [48]
 [32]
 [54]
 [54]
 [53]
 [49]
 [46]
 [54]
 [57]
 [57]
 [48]
 [50]
 [53]
 [57]
 [57]
 [57]
 [57]
 [57]
 [57]
 [45]
 [49]] 
------------------------ Dataset: Lcx ------------------------
shape: (33, 1), dtype: uint16
Data:[[54]
 [54]
 [54]
 [55]
 [46]
 [53]
 [53]
 [52]
 [48]
 [52]
 [48]
 [57]
 [57]
 [57]
 [57]
 [57]
 [57]
 [45]
 [48]
 [32]
 [54]
 [54]
 [54]
 [55]
 [46]
 [53]
 [53]
 [48]
 [49]
 [48]
 [57]
 [45]
 [49]] 
------------------------ Dataset: Lcy ------------------------
shape: (33, 1), dtype: uint16
Data:[[54]
 [54]
 [56]
 [51]
 [46]
 [52]
 [55]
 [52]
 [52]
 [54]
 [51]
 [45]
 [48]
 [32]
 [54]
 [54]
 [56]
 [51]
 [46]
 [52]
 [55]
 [56]
 [49]
 [52]
 [50]
 [57]
 [57]
 [57]
 [57]
 [57]
 [57]
 [45]
 [49]] 
------------------------ Dataset: Lcz ------------------------
shape: (33, 1), dtype: uint16
Data:[[53]
 [57]
 [48]
 [49]
 [46]
 [51]
 [56]
 [57]
 [55]
 [56]
 [49]
 [45]
 [48]
 [32]
 [53]
 [57]
 [48]
 [49]
 [46]
 [51]
 [57]
 [52]
 [57]
 [54]
 [54]
 [57]
 [57]
 [57]
 [57]
 [57]
 [57]
 [45]
 [49]] 
------------------------ Dataset: Ld ------------------------

shape: (1, 6), dtype: uint32
Data:[[3707764736          2          1          1        158          1]] 
------------------------ Dataset: Mcb ------------------------
shape: (33, 1), dtype: uint16
Data:[[54]
 [55]
 [54]
 [53]
 [46]
 [49]
 [54]
 [54]
 [51]
 [48]
 [50]
 [45]
 [48]
 [32]
 [54]
 [55]
 [54]
 [53]
 [46]
 [49]
 [54]
 [50]
 [49]
 [52]
 [49]
 [57]
 [57]
 [57]
 [57]
 [57]
 [57]
 [45]
 [49]] 
------------------------ Dataset: Mcc ------------------------
shape: (39, 1), dtype: uint16
Data:[[54]
 [55]
 [56]
 [49]
 [46]
 [48]
 [49]
 [56]
 [49]
 [49]
 [56]
 [57]
 [57]
 [57]
 [57]
 [57]
 [57]
 [45]
 [48]
 [32]
 [54]
 [55]
 [56]
 [49]
 [46]
 [48]
 [50]
 [54]
 [50]
 [49]
 [56]
 [57]
 [57]
 [57]
 [57]
 [57]
 [57]
 [45]
 [49]] 
------------------------ Dataset: Mcd ------------------------
shape: (40, 1), dtype: uint16
Data:[[54]
 [50]
 [57]
 [51]
 [46]
 [55]
 [54]
 [57]
 [56]
 [55]
 [56]
 [57]
 [57]
 [57]
 [57]
 [57]
 [57]
 [53]
 [45]
 [48]
 [32]
 [54]
 [50]
 [57]
 [51]
 [46]
 [55]
 [54]
 [53]
 [57]
 [51]
 [52]
 [57]
 [57]
 [57]
 [57]
 [57]
 [57]
 [45]
 [49]] 
------------------------ Dataset: Mce ------------------------
shape: (32, 1), dtype: uint16
Data:[[54]
 [51]
 [48]
 [57]
 [46]
 [53]
 [57]
 [56]
 [56]
 [55]
 [45]
 [48]
 [32]
 [54]
 [51]
 [48]
 [57]
 [46]
 [53]
 [57]
 [57]
 [48]
 [52]
 [53]
 [57]
 [57]
 [57]
 [57]
 [57]
 [57]
 [45]
 [49]] 
------------------------ Dataset: Mcf ------------------------
shape: (33, 1), dtype: uint16
Data:[[54]
 [51]
 [50]
 [53]
 [46]
 [52]
 [50]
 [53]
 [57]
 [52]
 [45]
 [48]
 [32]
 [54]
 [51]
 [50]
 [53]
 [46]
 [52]
 [51]
 [48]
 [48]
 [52]
 [53]
 [57]
 [57]
 [57]
 [57]
 [57]
 [57]
 [53]
 [45]
 [49]] 
------------------------ Dataset: Mcg ------------------------
shape: (27, 1), dtype: uint16
Data:[[54]
 [51]
 [52]
 [49]
 [46]
 [50]
 [54]
 [56]
 [53]
 [57]
 [51]
 [45]
 [48]
 [32]
 [54]
 [51]
 [52]
 [49]
 [46]
 [50]
 [55]
 [49]
 [51]
 [52]
 [57]
 [45]
 [49]] 
------------------------ Dataset: Mch ------------------------
shape: (33, 1), dtype: uint16
Data:[[54]
 [53]
 [48]
 [54]
 [46]
 [51]
 [56]
 [49]
 [57]
 [54]
 [51]
 [45]
 [48]
 [32]
 [54]
 [53]
 [48]
 [54]
 [46]
 [51]
 [55]
 [53]
 [53]
 [50]
 [54]
 [57]
 [57]
 [57]
 [57]
 [57]
 [57]
 [45]
 [49]] 
------------------------ Dataset: Mci ------------------------
shape: (27, 1), dtype: uint16
Data:[[54]
 [53]
 [50]
 [50]
 [46]
 [49]
 [57]
 [48]
 [48]
 [55]
 [52]
 [45]
 [48]
 [32]
 [54]
 [53]
 [50]
 [50]
 [46]
 [49]
 [56]
 [53]
 [57]
 [57]
 [55]
 [45]
 [49]] 
------------------------ Dataset: Mcj ------------------------
shape: (34, 1), dtype: uint16
Data:[[54]
 [48]
 [49]
 [55]
 [46]
 [55]
 [54]
 [57]
 [57]
 [54]
 [52]
 [57]
 [57]
 [57]
 [57]
 [57]
 [57]
 [53]
 [45]
 [48]
 [32]
 [54]
 [48]
 [49]
 [55]
 [46]
 [55]
 [54]
 [53]
 [57]
 [48]
 [49]
 [45]
 [49]] 
------------------------ Dataset: Mck ------------------------
shape: (39, 1), dtype: uint16
Data:[[54]
 [48]
 [51]
 [51]
 [46]
 [53]
 [55]
 [52]
 [48]
 [51]
 [51]
 [57]
 [57]
 [57]
 [57]
 [57]
 [57]
 [45]
 [48]
 [32]
 [54]
 [48]
 [51]
 [51]
 [46]
 [53]
 [56]
 [49]
 [55]
 [54]
 [50]
 [57]
 [57]
 [57]
 [57]
 [57]
 [57]
 [45]
 [49]] 
------------------------ Dataset: Mcl ------------------------
shape: (33, 1), dtype: uint16
Data:[[54]
 [48]
 [52]
 [57]
 [46]
 [49]
 [56]
 [49]
 [55]
 [54]
 [57]
 [57]
 [57]
 [57]
 [57]
 [57]
 [57]
 [45]
 [48]
 [32]
 [54]
 [48]
 [52]
 [57]
 [46]
 [49]
 [55]
 [55]
 [55]
 [50]
 [52]
 [45]
 [49]] 
------------------------ Dataset: Mcm ------------------------
shape: (19, 1), dtype: uint16
Data:[[54]
 [48]
 [54]
 [53]
 [46]
 [48]
 [54]
 [50]
 [53]
 [55]
 [53]
 [57]
 [57]
 [57]
 [57]
 [57]
 [57]
 [45]
 [48]] 
------------------------ Dataset: Mcn ------------------------
shape: (27, 1), dtype: uint16
Data:[[54]
 [48]
 [56]
 [48]
 [46]
 [57]
 [55]
 [51]
 [55]
 [51]
 [57]
 [45]
 [48]
 [32]
 [54]
 [48]
 [56]
 [48]
 [46]
 [57]
 [54]
 [57]
 [55]
 [50]
 [56]
 [45]
 [49]] 
------------------------ Dataset: Mco ------------------------
shape: (27, 1), dtype: uint16
Data:[[53]
 [54]
 [52]
 [49]
 [46]
 [55]
 [49]
 [55]
 [53]
 [49]
 [49]
 [45]
 [48]
 [32]
 [53]
 [54]
 [52]
 [49]
 [46]
 [55]
 [50]
 [49]
 [53]
 [50]
 [52]
 [45]
 [49]] 
------------------------ Dataset: Mcp ------------------------
shape: (30, 1), dtype: uint16
Data:[[53]
 [54]
 [53]
 [55]
 [46]
 [52]
 [54]
 [49]
 [53]
 [57]
 [56]
 [57]
 [57]
 [57]
 [57]
 [57]
 [57]
 [45]
 [48]
 [32]
 [53]
 [54]
 [53]
 [55]
 [46]
 [52]
 [53]
 [56]
 [45]
 [49]] 
------------------------ Dataset: Mcq ------------------------
shape: (34, 1), dtype: uint16
Data:[[53]
 [54]
 [55]
 [51]
 [46]
 [49]
 [56]
 [48]
 [55]
 [49]
 [54]
 [45]
 [48]
 [32]
 [53]
 [54]
 [55]
 [51]
 [46]
 [49]
 [56]
 [48]
 [56]
 [51]
 [53]
 [57]
 [57]
 [57]
 [57]
 [57]
 [57]
 [53]
 [45]
 [49]] 
------------------------ Dataset: Mcr ------------------------
shape: (33, 1), dtype: uint16
Data:[[53]
 [54]
 [56]
 [56]
 [46]
 [57]
 [52]
 [49]
 [52]
 [56]
 [52]
 [45]
 [48]
 [32]
 [53]
 [54]
 [56]
 [56]
 [46]
 [57]
 [51]
 [51]
 [53]
 [51]
 [50]
 [57]
 [57]
 [57]
 [57]
 [57]
 [57]
 [45]
 [49]] 
------------------------ Dataset: Mcs ------------------------
shape: (27, 1), dtype: uint16
Data:[[53]
 [56]
 [49]
 [53]
 [46]
 [50]
 [48]
 [50]
 [54]
 [54]
 [51]
 [45]
 [48]
 [32]
 [53]
 [56]
 [49]
 [53]
 [46]
 [50]
 [48]
 [57]
 [55]
 [57]
 [54]
 [45]
 [49]] 
------------------------ Dataset: Mct ------------------------
shape: (34, 1), dtype: uint16
Data:[[54]
 [54]
 [48]
 [52]
 [46]
 [50]
 [57]
 [48]
 [52]
 [57]
 [57]
 [45]
 [48]
 [32]
 [54]
 [54]
 [48]
 [52]
 [46]
 [50]
 [56]
 [54]
 [51]
 [50]
 [53]
 [57]
 [57]
 [57]
 [57]
 [57]
 [57]
 [53]
 [45]
 [49]] 
------------------------ Dataset: Mcu ------------------------
shape: (26, 1), dtype: uint16
Data:[[54]
 [54]
 [50]
 [48]
 [46]
 [50]
 [53]
 [52]
 [49]
 [51]
 [57]
 [45]
 [48]
 [32]
 [54]
 [54]
 [50]
 [48]
 [46]
 [50]
 [53]
 [48]
 [48]
 [57]
 [45]
 [49]] 
------------------------ Dataset: Mcv ------------------------
shape: (27, 1), dtype: uint16
Data:[[54]
 [54]
 [51]
 [54]
 [46]
 [49]
 [49]
 [52]
 [54]
 [56]
 [52]
 [45]
 [48]
 [32]
 [54]
 [54]
 [51]
 [54]
 [46]
 [49]
 [48]
 [55]
 [55]
 [51]
 [49]
 [45]
 [49]] 
------------------------ Dataset: Mcw ------------------------
shape: (33, 1), dtype: uint16
Data:[[54]
 [54]
 [53]
 [49]
 [46]
 [55]
 [48]
 [54]
 [52]
 [48]
 [53]
 [57]
 [57]
 [57]
 [57]
 [57]
 [57]
 [45]
 [48]
 [32]
 [54]
 [54]
 [53]
 [49]
 [46]
 [55]
 [48]
 [51]
 [48]
 [56]
 [49]
 [45]
 [49]] 
------------------------ Dataset: Mcx ------------------------
shape: (39, 1), dtype: uint16
Data:[[54]
 [54]
 [54]
 [55]
 [46]
 [53]
 [53]
 [52]
 [48]
 [52]
 [48]
 [57]
 [57]
 [57]
 [57]
 [57]
 [57]
 [45]
 [48]
 [32]
 [54]
 [54]
 [54]
 [55]
 [46]
 [53]
 [53]
 [56]
 [49]
 [56]
 [53]
 [57]
 [57]
 [57]
 [57]
 [57]
 [57]
 [45]
 [49]] 
------------------------ Dataset: Mcy ------------------------
shape: (39, 1), dtype: uint16
Data:[[54]
 [54]
 [56]
 [51]
 [46]
 [52]
 [56]
 [50]
 [56]
 [49]
 [52]
 [57]
 [57]
 [57]
 [57]
 [57]
 [57]
 [45]
 [48]
 [32]
 [54]
 [54]
 [56]
 [51]
 [46]
 [52]
 [55]
 [56]
 [49]
 [52]
 [50]
 [57]
 [57]
 [57]
 [57]
 [57]
 [57]
 [45]
 [49]] 
------------------------ Dataset: Mcz ------------------------
shape: (33, 1), dtype: uint16
Data:[[53]
 [57]
 [48]
 [49]
 [46]
 [51]
 [57]
 [57]
 [52]
 [54]
 [52]
 [45]
 [48]
 [32]
 [53]
 [57]
 [48]
 [49]
 [46]
 [51]
 [57]
 [52]
 [57]
 [54]
 [54]
 [57]
 [57]
 [57]
 [57]
 [57]
 [57]
 [45]
 [49]] 
------------------------ Dataset: Md ------------------------

shape: (1, 6), dtype: uint32
Data:[[3707764736          2          1          1        159          1]] 
------------------------ Dataset: Ncb ------------------------
shape: (33, 1), dtype: uint16
Data:[[54]
 [55]
 [54]
 [53]
 [46]
 [49]
 [54]
 [54]
 [51]
 [48]
 [50]
 [45]
 [48]
 [32]
 [54]
 [55]
 [54]
 [53]
 [46]
 [49]
 [55]
 [48]
 [50]
 [49]
 [50]
 [57]
 [57]
 [57]
 [57]
 [57]
 [57]
 [45]
 [49]] 
------------------------ Dataset: Ncc ------------------------
shape: (33, 1), dtype: uint16
Data:[[54]
 [55]
 [56]
 [49]
 [46]
 [48]
 [50]
 [54]
 [50]
 [49]
 [55]
 [45]
 [48]
 [32]
 [54]
 [55]
 [56]
 [49]
 [46]
 [48]
 [50]
 [54]
 [50]
 [49]
 [56]
 [57]
 [57]
 [57]
 [57]
 [57]
 [57]
 [45]
 [49]] 
------------------------ Dataset: Ncd ------------------------
shape: (40, 1), dtype: uint16
Data:[[54]
 [50]
 [57]
 [51]
 [46]
 [55]
 [54]
 [57]
 [56]
 [55]
 [56]
 [57]
 [57]
 [57]
 [57]
 [57]
 [57]
 [53]
 [45]
 [48]
 [32]
 [54]
 [50]
 [57]
 [51]
 [46]
 [55]
 [55]
 [51]
 [57]
 [54]
 [52]
 [57]
 [57]
 [57]
 [57]
 [57]
 [57]
 [45]
 [49]] 
------------------------ Dataset: Nce ------------------------
shape: (33, 1), dtype: uint16
Data:[[54]
 [51]
 [48]
 [57]
 [46]
 [54]
 [48]
 [50]
 [54]
 [53]
 [53]
 [45]
 [48]
 [32]
 [54]
 [51]
 [48]
 [57]
 [46]
 [53]
 [57]
 [57]
 [48]
 [52]
 [53]
 [57]
 [57]
 [57]
 [57]
 [57]
 [57]
 [45]
 [49]] 
------------------------ Dataset: Ncf ------------------------
shape: (40, 1), dtype: uint16
Data:[[54]
 [51]
 [50]
 [53]
 [46]
 [52]
 [51]
 [51]
 [57]
 [55]
 [56]
 [57]
 [57]
 [57]
 [57]
 [57]
 [57]
 [45]
 [48]
 [32]
 [54]
 [51]
 [50]
 [53]
 [46]
 [52]
 [51]
 [48]
 [48]
 [52]
 [53]
 [57]
 [57]
 [57]
 [57]
 [57]
 [57]
 [53]
 [45]
 [49]] 
------------------------ Dataset: Ncg ------------------------
shape: (34, 1), dtype: uint16
Data:[[54]
 [51]
 [52]
 [49]
 [46]
 [50]
 [55]
 [52]
 [48]
 [54]
 [49]
 [57]
 [57]
 [57]
 [57]
 [57]
 [57]
 [53]
 [45]
 [48]
 [32]
 [54]
 [51]
 [52]
 [49]
 [46]
 [50]
 [55]
 [49]
 [51]
 [52]
 [57]
 [45]
 [49]] 
------------------------ Dataset: Nch ------------------------
shape: (27, 1), dtype: uint16
Data:[[54]
 [53]
 [48]
 [54]
 [46]
 [51]
 [56]
 [49]
 [57]
 [54]
 [51]
 [45]
 [48]
 [32]
 [54]
 [53]
 [48]
 [54]
 [46]
 [51]
 [55]
 [56]
 [55]
 [50]
 [53]
 [45]
 [49]] 
------------------------ Dataset: Nci ------------------------
shape: (27, 1), dtype: uint16
Data:[[54]
 [53]
 [50]
 [50]
 [46]
 [49]
 [57]
 [48]
 [48]
 [55]
 [52]
 [45]
 [48]
 [32]
 [54]
 [53]
 [50]
 [50]
 [46]
 [49]
 [57]
 [51]
 [57]
 [55]
 [49]
 [45]
 [49]] 
------------------------ Dataset: Ncj ------------------------
shape: (40, 1), dtype: uint16
Data:[[54]
 [48]
 [49]
 [55]
 [46]
 [55]
 [54]
 [57]
 [57]
 [54]
 [52]
 [57]
 [57]
 [57]
 [57]
 [57]
 [57]
 [53]
 [45]
 [48]
 [32]
 [54]
 [48]
 [49]
 [55]
 [46]
 [55]
 [55]
 [51]
 [56]
 [52]
 [51]
 [57]
 [57]
 [57]
 [57]
 [57]
 [57]
 [45]
 [49]] 
------------------------ Dataset: Nck ------------------------
shape: (33, 1), dtype: uint16
Data:[[54]
 [48]
 [51]
 [51]
 [46]
 [53]
 [56]
 [49]
 [56]
 [49]
 [52]
 [45]
 [48]
 [32]
 [54]
 [48]
 [51]
 [51]
 [46]
 [53]
 [56]
 [49]
 [55]
 [54]
 [50]
 [57]
 [57]
 [57]
 [57]
 [57]
 [57]
 [45]
 [49]] 
------------------------ Dataset: Ncl ------------------------
shape: (39, 1), dtype: uint16
Data:[[54]
 [48]
 [52]
 [57]
 [46]
 [49]
 [56]
 [49]
 [55]
 [54]
 [57]
 [57]
 [57]
 [57]
 [57]
 [57]
 [57]
 [45]
 [48]
 [32]
 [54]
 [48]
 [52]
 [57]
 [46]
 [49]
 [56]
 [53]
 [55]
 [56]
 [51]
 [57]
 [57]
 [57]
 [57]
 [57]
 [57]
 [45]
 [49]] 
------------------------ Dataset: Ncm ------------------------
shape: (19, 1), dtype: uint16
Data:[[54]
 [48]
 [54]
 [53]
 [46]
 [48]
 [54]
 [53]
 [55]
 [57]
 [54]
 [57]
 [57]
 [57]
 [57]
 [57]
 [57]
 [45]
 [49]] 
------------------------ Dataset: Ncn ------------------------
shape: (27, 1), dtype: uint16
Data:[[54]
 [48]
 [56]
 [48]
 [46]
 [57]
 [55]
 [51]
 [55]
 [51]
 [57]
 [45]
 [48]
 [32]
 [54]
 [48]
 [56]
 [48]
 [46]
 [57]
 [55]
 [55]
 [55]
 [53]
 [52]
 [45]
 [49]] 
------------------------ Dataset: Nco ------------------------
shape: (27, 1), dtype: uint16
Data:[[53]
 [54]
 [52]
 [49]
 [46]
 [55]
 [50]
 [53]
 [54]
 [52]
 [57]
 [45]
 [48]
 [32]
 [53]
 [54]
 [52]
 [49]
 [46]
 [55]
 [50]
 [49]
 [53]
 [50]
 [52]
 [45]
 [49]] 
------------------------ Dataset: Ncp ------------------------
shape: (33, 1), dtype: uint16
Data:[[53]
 [54]
 [53]
 [55]
 [46]
 [52]
 [54]
 [49]
 [53]
 [57]
 [56]
 [57]
 [57]
 [57]
 [57]
 [57]
 [57]
 [45]
 [48]
 [32]
 [53]
 [54]
 [53]
 [55]
 [46]
 [52]
 [54]
 [53]
 [54]
 [53]
 [52]
 [45]
 [49]] 
------------------------ Dataset: Ncq ------------------------
shape: (34, 1), dtype: uint16
Data:[[53]
 [54]
 [55]
 [51]
 [46]
 [49]
 [56]
 [53]
 [53]
 [49]
 [50]
 [45]
 [48]
 [32]
 [53]
 [54]
 [55]
 [51]
 [46]
 [49]
 [56]
 [48]
 [56]
 [51]
 [53]
 [57]
 [57]
 [57]
 [57]
 [57]
 [57]
 [53]
 [45]
 [49]] 
------------------------ Dataset: Ncr ------------------------
shape: (27, 1), dtype: uint16
Data:[[53]
 [54]
 [56]
 [56]
 [46]
 [57]
 [52]
 [49]
 [52]
 [56]
 [52]
 [45]
 [48]
 [32]
 [53]
 [54]
 [56]
 [56]
 [46]
 [57]
 [52]
 [49]
 [55]
 [49]
 [56]
 [45]
 [49]] 
------------------------ Dataset: Ncs ------------------------
shape: (33, 1), dtype: uint16
Data:[[53]
 [56]
 [49]
 [53]
 [46]
 [50]
 [49]
 [50]
 [55]
 [55]
 [53]
 [57]
 [57]
 [57]
 [57]
 [57]
 [57]
 [45]
 [48]
 [32]
 [53]
 [56]
 [49]
 [53]
 [46]
 [50]
 [48]
 [57]
 [55]
 [57]
 [54]
 [45]
 [49]] 
------------------------ Dataset: Nct ------------------------
shape: (27, 1), dtype: uint16
Data:[[54]
 [54]
 [48]
 [52]
 [46]
 [50]
 [57]
 [48]
 [52]
 [57]
 [57]
 [45]
 [48]
 [32]
 [54]
 [54]
 [48]
 [52]
 [46]
 [50]
 [57]
 [56]
 [49]
 [50]
 [57]
 [45]
 [49]] 
------------------------ Dataset: Ncu ------------------------
shape: (27, 1), dtype: uint16
Data:[[54]
 [54]
 [50]
 [48]
 [46]
 [50]
 [53]
 [52]
 [49]
 [51]
 [57]
 [45]
 [48]
 [32]
 [54]
 [54]
 [50]
 [48]
 [46]
 [50]
 [53]
 [56]
 [49]
 [52]
 [50]
 [45]
 [49]] 
------------------------ Dataset: Ncv ------------------------
shape: (33, 1), dtype: uint16
Data:[[54]
 [54]
 [51]
 [54]
 [46]
 [49]
 [49]
 [52]
 [54]
 [56]
 [52]
 [45]
 [48]
 [32]
 [54]
 [54]
 [51]
 [54]
 [46]
 [49]
 [49]
 [52]
 [54]
 [55]
 [56]
 [57]
 [57]
 [57]
 [57]
 [57]
 [57]
 [45]
 [49]] 
------------------------ Dataset: Ncw ------------------------
shape: (33, 1), dtype: uint16
Data:[[54]
 [54]
 [53]
 [49]
 [46]
 [55]
 [48]
 [54]
 [52]
 [48]
 [53]
 [57]
 [57]
 [57]
 [57]
 [57]
 [57]
 [45]
 [48]
 [32]
 [54]
 [54]
 [53]
 [49]
 [46]
 [55]
 [49]
 [48]
 [48]
 [54]
 [57]
 [45]
 [49]] 
------------------------ Dataset: Ncx ------------------------
shape: (33, 1), dtype: uint16
Data:[[54]
 [54]
 [54]
 [55]
 [46]
 [53]
 [54]
 [55]
 [52]
 [57]
 [49]
 [45]
 [48]
 [32]
 [54]
 [54]
 [54]
 [55]
 [46]
 [53]
 [53]
 [56]
 [49]
 [56]
 [53]
 [57]
 [57]
 [57]
 [57]
 [57]
 [57]
 [45]
 [49]] 
------------------------ Dataset: Ncy ------------------------
shape: (33, 1), dtype: uint16
Data:[[54]
 [54]
 [56]
 [51]
 [46]
 [52]
 [56]
 [50]
 [56]
 [49]
 [52]
 [57]
 [57]
 [57]
 [57]
 [57]
 [57]
 [45]
 [48]
 [32]
 [54]
 [54]
 [56]
 [51]
 [46]
 [52]
 [56]
 [54]
 [48]
 [49]
 [49]
 [45]
 [49]] 
------------------------ Dataset: Ncz ------------------------
shape: (34, 1), dtype: uint16
Data:[[53]
 [57]
 [48]
 [49]
 [46]
 [51]
 [57]
 [57]
 [52]
 [54]
 [52]
 [45]
 [48]
 [32]
 [53]
 [57]
 [48]
 [49]
 [46]
 [52]
 [48]
 [52]
 [56]
 [56]
 [56]
 [57]
 [57]
 [57]
 [57]
 [57]
 [57]
 [53]
 [45]
 [49]] 
------------------------ Dataset: Nd ------------------------

shape: (1, 6), dtype: uint32
Data:[[3707764736          2          1          1        160          1]] 
------------------------ Dataset: Ocb ------------------------
shape: (33, 1), dtype: uint16
Data:[[54]
 [55]
 [54]
 [53]
 [46]
 [49]
 [55]
 [52]
 [50]
 [52]
 [50]
 [45]
 [48]
 [32]
 [54]
 [55]
 [54]
 [53]
 [46]
 [49]
 [55]
 [48]
 [50]
 [49]
 [50]
 [57]
 [57]
 [57]
 [57]
 [57]
 [57]
 [45]
 [49]] 
------------------------ Dataset: Occ ------------------------
shape: (33, 1), dtype: uint16
Data:[[54]
 [55]
 [56]
 [49]
 [46]
 [48]
 [52]
 [51]
 [51]
 [54]
 [49]
 [45]
 [48]
 [32]
 [54]
 [55]
 [56]
 [49]
 [46]
 [48]
 [50]
 [54]
 [50]
 [49]
 [56]
 [57]
 [57]
 [57]
 [57]
 [57]
 [57]
 [45]
 [49]] 
------------------------ Dataset: Ocd ------------------------
shape: (33, 1), dtype: uint16
Data:[[54]
 [50]
 [57]
 [51]
 [46]
 [55]
 [55]
 [55]
 [57]
 [50]
 [52]
 [45]
 [48]
 [32]
 [54]
 [50]
 [57]
 [51]
 [46]
 [55]
 [55]
 [51]
 [57]
 [54]
 [52]
 [57]
 [57]
 [57]
 [57]
 [57]
 [57]
 [45]
 [49]] 
------------------------ Dataset: Oce ------------------------
shape: (26, 1), dtype: uint16
Data:[[54]
 [51]
 [48]
 [57]
 [46]
 [54]
 [48]
 [50]
 [54]
 [53]
 [53]
 [45]
 [48]
 [32]
 [54]
 [51]
 [48]
 [57]
 [46]
 [54]
 [48]
 [55]
 [55]
 [55]
 [45]
 [49]] 
------------------------ Dataset: Ocf ------------------------
shape: (39, 1), dtype: uint16
Data:[[54]
 [51]
 [50]
 [53]
 [46]
 [52]
 [51]
 [51]
 [57]
 [55]
 [56]
 [57]
 [57]
 [57]
 [57]
 [57]
 [57]
 [45]
 [48]
 [32]
 [54]
 [51]
 [50]
 [53]
 [46]
 [52]
 [51]
 [55]
 [57]
 [52]
 [54]
 [57]
 [57]
 [57]
 [57]
 [57]
 [57]
 [45]
 [49]] 
------------------------ Dataset: Ocg ------------------------
shape: (34, 1), dtype: uint16
Data:[[54]
 [51]
 [52]
 [49]
 [46]
 [50]
 [55]
 [52]
 [48]
 [54]
 [49]
 [57]
 [57]
 [57]
 [57]
 [57]
 [57]
 [53]
 [45]
 [48]
 [32]
 [54]
 [51]
 [52]
 [49]
 [46]
 [50]
 [55]
 [55]
 [56]
 [56]
 [57]
 [45]
 [49]] 
------------------------ Dataset: Och ------------------------
shape: (27, 1), dtype: uint16
Data:[[54]
 [53]
 [48]
 [54]
 [46]
 [51]
 [56]
 [49]
 [57]
 [54]
 [51]
 [45]
 [48]
 [32]
 [54]
 [53]
 [48]
 [54]
 [46]
 [51]
 [56]
 [53]
 [57]
 [52]
 [55]
 [45]
 [49]] 
------------------------ Dataset: Oci ------------------------
shape: (27, 1), dtype: uint16
Data:[[54]
 [53]
 [50]
 [50]
 [46]
 [49]
 [57]
 [56]
 [50]
 [51]
 [51]
 [45]
 [48]
 [32]
 [54]
 [53]
 [50]
 [50]
 [46]
 [49]
 [57]
 [51]
 [57]
 [55]
 [49]
 [45]
 [49]] 
------------------------ Dataset: Ocj ------------------------
shape: (33, 1), dtype: uint16
Data:[[54]
 [48]
 [49]
 [55]
 [46]
 [55]
 [55]
 [55]
 [56]
 [53]
 [57]
 [45]
 [48]
 [32]
 [54]
 [48]
 [49]
 [55]
 [46]
 [55]
 [55]
 [51]
 [56]
 [52]
 [51]
 [57]
 [57]
 [57]
 [57]
 [57]
 [57]
 [45]
 [49]] 
------------------------ Dataset: Ock ------------------------
shape: (33, 1), dtype: uint16
Data:[[54]
 [48]
 [51]
 [51]
 [46]
 [53]
 [56]
 [49]
 [56]
 [49]
 [52]
 [45]
 [48]
 [32]
 [54]
 [48]
 [51]
 [51]
 [46]
 [53]
 [56]
 [57]
 [55]
 [49]
 [50]
 [57]
 [57]
 [57]
 [57]
 [57]
 [57]
 [45]
 [49]] 
------------------------ Dataset: Ocl ------------------------
shape: (33, 1), dtype: uint16
Data:[[54]
 [48]
 [52]
 [57]
 [46]
 [49]
 [57]
 [51]
 [53]
 [56]
 [50]
 [45]
 [48]
 [32]
 [54]
 [48]
 [52]
 [57]
 [46]
 [49]
 [56]
 [53]
 [55]
 [56]
 [51]
 [57]
 [57]
 [57]
 [57]
 [57]
 [57]
 [45]
 [49]] 
------------------------ Dataset: Ocm ------------------------
shape: (20, 1), dtype: uint16
Data:[[54]
 [48]
 [54]
 [53]
 [46]
 [48]
 [54]
 [57]
 [55]
 [49]
 [57]
 [57]
 [57]
 [57]
 [57]
 [57]
 [57]
 [53]
 [45]
 [48]] 
------------------------ Dataset: Ocn ------------------------
shape: (27, 1), dtype: uint16
Data:[[54]
 [48]
 [56]
 [48]
 [46]
 [57]
 [56]
 [49]
 [55]
 [50]
 [51]
 [45]
 [48]
 [32]
 [54]
 [48]
 [56]
 [48]
 [46]
 [57]
 [55]
 [55]
 [55]
 [53]
 [52]
 [45]
 [49]] 
------------------------ Dataset: Oco ------------------------
shape: (34, 1), dtype: uint16
Data:[[53]
 [54]
 [52]
 [49]
 [46]
 [55]
 [50]
 [53]
 [54]
 [52]
 [57]
 [45]
 [48]
 [32]
 [53]
 [54]
 [52]
 [49]
 [46]
 [55]
 [51]
 [48]
 [48]
 [54]
 [54]
 [57]
 [57]
 [57]
 [57]
 [57]
 [57]
 [53]
 [45]
 [49]] 
------------------------ Dataset: Ocp ------------------------
shape: (33, 1), dtype: uint16
Data:[[53]
 [54]
 [53]
 [55]
 [46]
 [52]
 [54]
 [57]
 [53]
 [52]
 [53]
 [57]
 [57]
 [57]
 [57]
 [57]
 [57]
 [45]
 [48]
 [32]
 [53]
 [54]
 [53]
 [55]
 [46]
 [52]
 [54]
 [53]
 [54]
 [53]
 [52]
 [45]
 [49]] 
------------------------ Dataset: Ocq ------------------------
shape: (27, 1), dtype: uint16
Data:[[53]
 [54]
 [55]
 [51]
 [46]
 [49]
 [56]
 [53]
 [53]
 [49]
 [50]
 [45]
 [48]
 [32]
 [53]
 [54]
 [55]
 [51]
 [46]
 [49]
 [56]
 [53]
 [54]
 [54]
 [52]
 [45]
 [49]] 
------------------------ Dataset: Ocr ------------------------
shape: (27, 1), dtype: uint16
Data:[[53]
 [54]
 [56]
 [56]
 [46]
 [57]
 [52]
 [53]
 [54]
 [57]
 [49]
 [45]
 [48]
 [32]
 [53]
 [54]
 [56]
 [56]
 [46]
 [57]
 [52]
 [49]
 [55]
 [49]
 [56]
 [45]
 [49]] 
------------------------ Dataset: Ocs ------------------------
shape: (40, 1), dtype: uint16
Data:[[53]
 [56]
 [49]
 [53]
 [46]
 [50]
 [49]
 [50]
 [55]
 [55]
 [53]
 [57]
 [57]
 [57]
 [57]
 [57]
 [57]
 [45]
 [48]
 [32]
 [53]
 [56]
 [49]
 [53]
 [46]
 [50]
 [49]
 [54]
 [50]
 [52]
 [49]
 [57]
 [57]
 [57]
 [57]
 [57]
 [57]
 [53]
 [45]
 [49]] 
------------------------ Dataset: Oct ------------------------
shape: (27, 1), dtype: uint16
Data:[[54]
 [54]
 [48]
 [52]
 [46]
 [50]
 [57]
 [56]
 [49]
 [50]
 [55]
 [45]
 [48]
 [32]
 [54]
 [54]
 [48]
 [52]
 [46]
 [50]
 [57]
 [56]
 [49]
 [50]
 [57]
 [45]
 [49]] 
------------------------ Dataset: Ocu ------------------------
shape: (27, 1), dtype: uint16
Data:[[54]
 [54]
 [50]
 [48]
 [46]
 [50]
 [54]
 [50]
 [48]
 [55]
 [51]
 [45]
 [48]
 [32]
 [54]
 [54]
 [50]
 [48]
 [46]
 [50]
 [53]
 [56]
 [49]
 [52]
 [50]
 [45]
 [49]] 
------------------------ Dataset: Ocv ------------------------
shape: (33, 1), dtype: uint16
Data:[[54]
 [54]
 [51]
 [54]
 [46]
 [49]
 [49]
 [52]
 [54]
 [56]
 [52]
 [45]
 [48]
 [32]
 [54]
 [54]
 [51]
 [54]
 [46]
 [49]
 [50]
 [50]
 [52]
 [54]
 [57]
 [57]
 [57]
 [57]
 [57]
 [57]
 [57]
 [45]
 [49]] 
------------------------ Dataset: Ocw ------------------------
shape: (33, 1), dtype: uint16
Data:[[54]
 [54]
 [53]
 [49]
 [46]
 [55]
 [49]
 [52]
 [48]
 [57]
 [52]
 [57]
 [57]
 [57]
 [57]
 [57]
 [57]
 [45]
 [48]
 [32]
 [54]
 [54]
 [53]
 [49]
 [46]
 [55]
 [49]
 [48]
 [48]
 [54]
 [57]
 [45]
 [49]] 
------------------------ Dataset: Ocx ------------------------
shape: (26, 1), dtype: uint16
Data:[[54]
 [54]
 [54]
 [55]
 [46]
 [53]
 [54]
 [55]
 [52]
 [57]
 [49]
 [45]
 [48]
 [32]
 [54]
 [54]
 [54]
 [55]
 [46]
 [53]
 [54]
 [55]
 [53]
 [53]
 [45]
 [49]] 
------------------------ Dataset: Ocy ------------------------
shape: (27, 1), dtype: uint16
Data:[[54]
 [54]
 [56]
 [51]
 [46]
 [52]
 [57]
 [48]
 [48]
 [54]
 [56]
 [45]
 [48]
 [32]
 [54]
 [54]
 [56]
 [51]
 [46]
 [52]
 [56]
 [54]
 [48]
 [49]
 [49]
 [45]
 [49]] 
------------------------ Dataset: Ocz ------------------------
shape: (34, 1), dtype: uint16
Data:[[53]
 [57]
 [48]
 [49]
 [46]
 [52]
 [49]
 [48]
 [48]
 [52]
 [53]
 [45]
 [48]
 [32]
 [53]
 [57]
 [48]
 [49]
 [46]
 [52]
 [48]
 [52]
 [56]
 [56]
 [56]
 [57]
 [57]
 [57]
 [57]
 [57]
 [57]
 [53]
 [45]
 [49]] 
------------------------ Dataset: Od ------------------------

