shape: (1, 6), dtype: uint32
Data:[[3707764736          2          1          1        121          1]] 
------------------------ Dataset: bcb ------------------------
shape: (33, 1), dtype: uint16
Data:[[54]
 [55]
 [54]
 [53]
 [46]
 [48]
 [49]
 [48]
 [49]
 [48]
 [49]
 [57]
 [57]
 [57]
 [57]
 [57]
 [57]
 [45]
 [48]
 [32]
 [54]
 [55]
 [54]
 [53]
 [46]
 [48]
 [50]
 [48]
 [57]
 [50]
 [53]
 [45]
 [49]] 
------------------------ Dataset: bcc ------------------------
shape: (27, 1), dtype: uint16
Data:[[54]
 [55]
 [56]
 [48]
 [46]
 [56]
 [55]
 [52]
 [49]
 [52]
 [51]
 [45]
 [48]
 [32]
 [54]
 [55]
 [56]
 [48]
 [46]
 [56]
 [55]
 [48]
 [49]
 [52]
 [53]
 [45]
 [49]] 
------------------------ Dataset: bcd ------------------------
shape: (27, 1), dtype: uint16
Data:[[54]
 [50]
 [57]
 [51]
 [46]
 [54]
 [50]
 [50]
 [48]
 [52]
 [53]
 [45]
 [48]
 [32]
 [54]
 [50]
 [57]
 [51]
 [46]
 [54]
 [50]
 [50]
 [52]
 [53]
 [54]
 [45]
 [49]] 
------------------------ Dataset: bce ------------------------
shape: (26, 1), dtype: uint16
Data:[[54]
 [51]
 [48]
 [57]
 [46]
 [52]
 [53]
 [48]
 [48]
 [52]
 [45]
 [48]
 [32]
 [54]
 [51]
 [48]
 [57]
 [46]
 [52]
 [52]
 [53]
 [57]
 [56]
 [49]
 [45]
 [49]] 
------------------------ Dataset: bcf ------------------------
shape: (27, 1), dtype: uint16
Data:[[54]
 [51]
 [50]
 [53]
 [46]
 [50]
 [54]
 [51]
 [54]
 [50]
 [51]
 [45]
 [48]
 [32]
 [54]
 [51]
 [50]
 [53]
 [46]
 [50]
 [54]
 [51]
 [54]
 [50]
 [54]
 [45]
 [49]] 
------------------------ Dataset: bcg ------------------------
shape: (34, 1), dtype: uint16
Data:[[54]
 [51]
 [52]
 [49]
 [46]
 [49]
 [50]
 [51]
 [57]
 [57]
 [56]
 [57]
 [57]
 [57]
 [57]
 [57]
 [57]
 [53]
 [45]
 [48]
 [32]
 [54]
 [51]
 [52]
 [49]
 [46]
 [49]
 [50]
 [51]
 [55]
 [52]
 [53]
 [45]
 [49]] 
------------------------ Dataset: bch ------------------------
shape: (27, 1), dtype: uint16
Data:[[54]
 [53]
 [48]
 [54]
 [46]
 [50]
 [51]
 [48]
 [48]
 [54]
 [53]
 [45]
 [48]
 [32]
 [54]
 [53]
 [48]
 [54]
 [46]
 [50]
 [50]
 [54]
 [48]
 [49]
 [57]
 [45]
 [49]] 
------------------------ Dataset: bci ------------------------
shape: (33, 1), dtype: uint16
Data:[[54]
 [53]
 [50]
 [50]
 [46]
 [48]
 [52]
 [51]
 [55]
 [54]
 [52]
 [45]
 [48]
 [32]
 [54]
 [53]
 [50]
 [50]
 [46]
 [48]
 [51]
 [56]
 [56]
 [50]
 [51]
 [57]
 [57]
 [57]
 [57]
 [57]
 [57]
 [45]
 [49]] 
------------------------ Dataset: bcj ------------------------
shape: (39, 1), dtype: uint16
Data:[[54]
 [48]
 [49]
 [55]
 [46]
 [54]
 [49]
 [51]
 [55]
 [55]
 [53]
 [57]
 [57]
 [57]
 [57]
 [57]
 [57]
 [45]
 [48]
 [32]
 [54]
 [48]
 [49]
 [55]
 [46]
 [54]
 [48]
 [57]
 [55]
 [52]
 [48]
 [57]
 [57]
 [57]
 [57]
 [57]
 [57]
 [45]
 [49]] 
------------------------ Dataset: bck ------------------------
shape: (39, 1), dtype: uint16
Data:[[54]
 [48]
 [51]
 [51]
 [46]
 [52]
 [50]
 [57]
 [55]
 [50]
 [50]
 [57]
 [57]
 [57]
 [57]
 [57]
 [57]
 [45]
 [48]
 [32]
 [54]
 [48]
 [51]
 [51]
 [46]
 [52]
 [50]
 [53]
 [55]
 [51]
 [48]
 [57]
 [57]
 [57]
 [57]
 [57]
 [57]
 [45]
 [49]] 
------------------------ Dataset: bcl ------------------------
shape: (27, 1), dtype: uint16
Data:[[54]
 [48]
 [52]
 [57]
 [46]
 [48]
 [51]
 [49]
 [51]
 [52]
 [49]
 [45]
 [48]
 [32]
 [54]
 [48]
 [52]
 [57]
 [46]
 [48]
 [50]
 [54]
 [54]
 [51]
 [55]
 [45]
 [49]] 
------------------------ Dataset: bcm ------------------------
shape: (27, 1), dtype: uint16
Data:[[54]
 [48]
 [54]
 [52]
 [46]
 [57]
 [49]
 [56]
 [54]
 [56]
 [49]
 [45]
 [48]
 [32]
 [54]
 [48]
 [54]
 [52]
 [46]
 [57]
 [49]
 [57]
 [52]
 [50]
 [52]
 [45]
 [49]] 
------------------------ Dataset: bcn ------------------------
shape: (33, 1), dtype: uint16
Data:[[54]
 [48]
 [56]
 [48]
 [46]
 [56]
 [49]
 [51]
 [55]
 [53]
 [50]
 [57]
 [57]
 [57]
 [57]
 [57]
 [57]
 [45]
 [48]
 [32]
 [54]
 [48]
 [56]
 [48]
 [46]
 [56]
 [48]
 [50]
 [48]
 [50]
 [55]
 [45]
 [49]] 
------------------------ Dataset: bco ------------------------
shape: (33, 1), dtype: uint16
Data:[[53]
 [54]
 [52]
 [49]
 [46]
 [53]
 [55]
 [51]
 [55]
 [49]
 [54]
 [57]
 [57]
 [57]
 [57]
 [57]
 [57]
 [45]
 [48]
 [32]
 [53]
 [54]
 [52]
 [49]
 [46]
 [53]
 [54]
 [57]
 [55]
 [55]
 [53]
 [45]
 [49]] 
------------------------ Dataset: bcp ------------------------
shape: (33, 1), dtype: uint16
Data:[[53]
 [54]
 [53]
 [55]
 [46]
 [51]
 [48]
 [57]
 [53]
 [54]
 [54]
 [57]
 [57]
 [57]
 [57]
 [57]
 [57]
 [45]
 [48]
 [32]
 [53]
 [54]
 [53]
 [55]
 [46]
 [51]
 [49]
 [51]
 [53]
 [56]
 [51]
 [45]
 [49]] 
------------------------ Dataset: bcq ------------------------
shape: (27, 1), dtype: uint16
Data:[[53]
 [54]
 [55]
 [51]
 [46]
 [48]
 [51]
 [52]
 [50]
 [56]
 [54]
 [45]
 [48]
 [32]
 [53]
 [54]
 [55]
 [51]
 [46]
 [48]
 [51]
 [51]
 [57]
 [56]
 [49]
 [45]
 [49]] 
------------------------ Dataset: bcr ------------------------
shape: (33, 1), dtype: uint16
Data:[[53]
 [54]
 [56]
 [56]
 [46]
 [55]
 [57]
 [51]
 [55]
 [51]
 [52]
 [57]
 [57]
 [57]
 [57]
 [57]
 [57]
 [45]
 [48]
 [32]
 [53]
 [54]
 [56]
 [56]
 [46]
 [55]
 [57]
 [50]
 [52]
 [56]
 [52]
 [45]
 [49]] 
------------------------ Dataset: bcs ------------------------
shape: (33, 1), dtype: uint16
Data:[[53]
 [56]
 [49]
 [53]
 [46]
 [48]
 [52]
 [57]
 [54]
 [55]
 [54]
 [45]
 [48]
 [32]
 [53]
 [56]
 [49]
 [53]
 [46]
 [48]
 [52]
 [53]
 [54]
 [57]
 [56]
 [57]
 [57]
 [57]
 [57]
 [57]
 [57]
 [45]
 [49]] 
------------------------ Dataset: bct ------------------------
shape: (33, 1), dtype: uint16
Data:[[54]
 [54]
 [48]
 [52]
 [46]
 [49]
 [49]
 [52]
 [48]
 [49]
 [50]
 [57]
 [57]
 [57]
 [57]
 [57]
 [57]
 [45]
 [48]
 [32]
 [54]
 [54]
 [48]
 [52]
 [46]
 [49]
 [49]
 [56]
 [48]
 [52]
 [49]
 [45]
 [49]] 
------------------------ Dataset: bcu ------------------------
shape: (27, 1), dtype: uint16
Data:[[54]
 [54]
 [50]
 [48]
 [46]
 [48]
 [57]
 [56]
 [49]
 [54]
 [57]
 [45]
 [48]
 [32]
 [54]
 [54]
 [50]
 [48]
 [46]
 [49]
 [48]
 [50]
 [48]
 [52]
 [54]
 [45]
 [49]] 
------------------------ Dataset: bcv ------------------------
shape: (27, 1), dtype: uint16
Data:[[54]
 [54]
 [51]
 [53]
 [46]
 [57]
 [52]
 [54]
 [48]
 [56]
 [49]
 [45]
 [48]
 [32]
 [54]
 [54]
 [51]
 [53]
 [46]
 [57]
 [52]
 [50]
 [49]
 [50]
 [54]
 [45]
 [49]] 
------------------------ Dataset: bcw ------------------------
shape: (33, 1), dtype: uint16
Data:[[54]
 [54]
 [53]
 [49]
 [46]
 [53]
 [54]
 [49]
 [52]
 [48]
 [54]
 [45]
 [48]
 [32]
 [54]
 [54]
 [53]
 [49]
 [46]
 [53]
 [53]
 [54]
 [55]
 [55]
 [53]
 [57]
 [57]
 [57]
 [57]
 [57]
 [57]
 [45]
 [49]] 
------------------------ Dataset: bcx ------------------------
shape: (33, 1), dtype: uint16
Data:[[54]
 [54]
 [54]
 [55]
 [46]
 [52]
 [48]
 [54]
 [49]
 [48]
 [52]
 [45]
 [48]
 [32]
 [54]
 [54]
 [54]
 [55]
 [46]
 [52]
 [48]
 [54]
 [50]
 [53]
 [48]
 [57]
 [57]
 [57]
 [57]
 [57]
 [57]
 [45]
 [49]] 
------------------------ Dataset: bcy ------------------------
shape: (33, 1), dtype: uint16
Data:[[54]
 [54]
 [56]
 [51]
 [46]
 [51]
 [50]
 [55]
 [52]
 [52]
 [50]
 [57]
 [57]
 [57]
 [57]
 [57]
 [57]
 [45]
 [48]
 [32]
 [54]
 [54]
 [56]
 [51]
 [46]
 [51]
 [50]
 [55]
 [52]
 [54]
 [52]
 [45]
 [49]] 
------------------------ Dataset: bcz ------------------------
shape: (32, 1), dtype: uint16
Data:[[53]
 [57]
 [48]
 [49]
 [46]
 [50]
 [52]
 [49]
 [54]
 [55]
 [52]
 [57]
 [57]
 [57]
 [57]
 [57]
 [57]
 [45]
 [48]
 [32]
 [53]
 [57]
 [48]
 [49]
 [46]
 [50]
 [52]
 [49]
 [54]
 [57]
 [45]
 [49]] 
------------------------ Dataset: bd ------------------------

shape: (1, 6), dtype: uint32
Data:[[3707764736          2          1          1        122          1]] 
------------------------ Dataset: ccb ------------------------
shape: (33, 1), dtype: uint16
Data:[[54]
 [55]
 [54]
 [53]
 [46]
 [48]
 [50]
 [48]
 [56]
 [55]
 [52]
 [57]
 [57]
 [57]
 [57]
 [57]
 [57]
 [45]
 [48]
 [32]
 [54]
 [55]
 [54]
 [53]
 [46]
 [48]
 [50]
 [48]
 [57]
 [50]
 [53]
 [45]
 [49]] 
------------------------ Dataset: ccc ------------------------
shape: (27, 1), dtype: uint16
Data:[[54]
 [55]
 [56]
 [48]
 [46]
 [56]
 [55]
 [52]
 [49]
 [52]
 [51]
 [45]
 [48]
 [32]
 [54]
 [55]
 [56]
 [48]
 [46]
 [56]
 [55]
 [56]
 [51]
 [48]
 [50]
 [45]
 [49]] 
------------------------ Dataset: ccd ------------------------
shape: (27, 1), dtype: uint16
Data:[[54]
 [50]
 [57]
 [51]
 [46]
 [54]
 [50]
 [53]
 [57]
 [52]
 [51]
 [45]
 [48]
 [32]
 [54]
 [50]
 [57]
 [51]
 [46]
 [54]
 [50]
 [50]
 [52]
 [53]
 [54]
 [45]
 [49]] 
------------------------ Dataset: cce ------------------------
shape: (33, 1), dtype: uint16
Data:[[54]
 [51]
 [48]
 [57]
 [46]
 [52]
 [53]
 [48]
 [48]
 [52]
 [45]
 [48]
 [32]
 [54]
 [51]
 [48]
 [57]
 [46]
 [52]
 [53]
 [52]
 [51]
 [48]
 [50]
 [57]
 [57]
 [57]
 [57]
 [57]
 [57]
 [53]
 [45]
 [49]] 
------------------------ Dataset: ccf ------------------------
shape: (33, 1), dtype: uint16
Data:[[54]
 [51]
 [50]
 [53]
 [46]
 [50]
 [55]
 [48]
 [48]
 [49]
 [50]
 [57]
 [57]
 [57]
 [57]
 [57]
 [57]
 [45]
 [48]
 [32]
 [54]
 [51]
 [50]
 [53]
 [46]
 [50]
 [54]
 [51]
 [54]
 [50]
 [54]
 [45]
 [49]] 
------------------------ Dataset: ccg ------------------------
shape: (34, 1), dtype: uint16
Data:[[54]
 [51]
 [52]
 [49]
 [46]
 [49]
 [50]
 [51]
 [57]
 [57]
 [56]
 [57]
 [57]
 [57]
 [57]
 [57]
 [57]
 [53]
 [45]
 [48]
 [32]
 [54]
 [51]
 [52]
 [49]
 [46]
 [49]
 [50]
 [55]
 [53]
 [57]
 [50]
 [45]
 [49]] 
------------------------ Dataset: cch ------------------------
shape: (27, 1), dtype: uint16
Data:[[54]
 [53]
 [48]
 [54]
 [46]
 [50]
 [51]
 [48]
 [48]
 [54]
 [53]
 [45]
 [48]
 [32]
 [54]
 [53]
 [48]
 [54]
 [46]
 [50]
 [51]
 [52]
 [48]
 [53]
 [55]
 [45]
 [49]] 
------------------------ Dataset: cci ------------------------
shape: (27, 1), dtype: uint16
Data:[[54]
 [53]
 [50]
 [50]
 [46]
 [48]
 [52]
 [51]
 [55]
 [54]
 [52]
 [45]
 [48]
 [32]
 [54]
 [53]
 [50]
 [50]
 [46]
 [48]
 [52]
 [53]
 [56]
 [50]
 [49]
 [45]
 [49]] 
------------------------ Dataset: ccj ------------------------
shape: (33, 1), dtype: uint16
Data:[[54]
 [48]
 [49]
 [55]
 [46]
 [54]
 [49]
 [51]
 [55]
 [55]
 [53]
 [57]
 [57]
 [57]
 [57]
 [57]
 [57]
 [45]
 [48]
 [32]
 [54]
 [48]
 [49]
 [55]
 [46]
 [54]
 [49]
 [55]
 [55]
 [57]
 [52]
 [45]
 [49]] 
------------------------ Dataset: cck ------------------------
shape: (33, 1), dtype: uint16
Data:[[54]
 [48]
 [51]
 [51]
 [46]
 [52]
 [50]
 [57]
 [55]
 [50]
 [50]
 [57]
 [57]
 [57]
 [57]
 [57]
 [57]
 [45]
 [48]
 [32]
 [54]
 [48]
 [51]
 [51]
 [46]
 [52]
 [51]
 [51]
 [56]
 [54]
 [56]
 [45]
 [49]] 
------------------------ Dataset: ccl ------------------------
shape: (27, 1), dtype: uint16
Data:[[54]
 [48]
 [52]
 [57]
 [46]
 [48]
 [51]
 [49]
 [51]
 [52]
 [49]
 [45]
 [48]
 [32]
 [54]
 [48]
 [52]
 [57]
 [46]
 [48]
 [51]
 [53]
 [48]
 [56]
 [57]
 [45]
 [49]] 
------------------------ Dataset: ccm ------------------------
shape: (33, 1), dtype: uint16
Data:[[54]
 [48]
 [54]
 [52]
 [46]
 [57]
 [50]
 [54]
 [51]
 [55]
 [53]
 [57]
 [57]
 [57]
 [57]
 [57]
 [57]
 [45]
 [48]
 [32]
 [54]
 [48]
 [54]
 [52]
 [46]
 [57]
 [49]
 [57]
 [52]
 [50]
 [52]
 [45]
 [49]] 
------------------------ Dataset: ccn ------------------------
shape: (40, 1), dtype: uint16
Data:[[54]
 [48]
 [56]
 [48]
 [46]
 [56]
 [49]
 [51]
 [55]
 [53]
 [50]
 [57]
 [57]
 [57]
 [57]
 [57]
 [57]
 [45]
 [48]
 [32]
 [54]
 [48]
 [56]
 [48]
 [46]
 [56]
 [48]
 [57]
 [55]
 [50]
 [53]
 [57]
 [57]
 [57]
 [57]
 [57]
 [57]
 [53]
 [45]
 [49]] 
------------------------ Dataset: cco ------------------------
shape: (33, 1), dtype: uint16
Data:[[53]
 [54]
 [52]
 [49]
 [46]
 [53]
 [55]
 [51]
 [55]
 [49]
 [54]
 [57]
 [57]
 [57]
 [57]
 [57]
 [57]
 [45]
 [48]
 [32]
 [53]
 [54]
 [52]
 [49]
 [46]
 [53]
 [55]
 [55]
 [57]
 [53]
 [51]
 [45]
 [49]] 
------------------------ Dataset: ccp ------------------------
shape: (27, 1), dtype: uint16
Data:[[53]
 [54]
 [53]
 [55]
 [46]
 [51]
 [49]
 [55]
 [53]
 [57]
 [51]
 [45]
 [48]
 [32]
 [53]
 [54]
 [53]
 [55]
 [46]
 [51]
 [49]
 [51]
 [53]
 [56]
 [51]
 [45]
 [49]] 
------------------------ Dataset: ccq ------------------------
shape: (33, 1), dtype: uint16
Data:[[53]
 [54]
 [55]
 [51]
 [46]
 [48]
 [51]
 [52]
 [50]
 [56]
 [54]
 [45]
 [48]
 [32]
 [53]
 [54]
 [55]
 [51]
 [46]
 [48]
 [52]
 [48]
 [48]
 [48]
 [56]
 [57]
 [57]
 [57]
 [57]
 [57]
 [57]
 [45]
 [49]] 
------------------------ Dataset: ccr ------------------------
shape: (33, 1), dtype: uint16
Data:[[53]
 [54]
 [56]
 [56]
 [46]
 [55]
 [57]
 [51]
 [55]
 [51]
 [52]
 [57]
 [57]
 [57]
 [57]
 [57]
 [57]
 [45]
 [48]
 [32]
 [53]
 [54]
 [56]
 [56]
 [46]
 [55]
 [57]
 [57]
 [54]
 [54]
 [54]
 [45]
 [49]] 
------------------------ Dataset: ccs ------------------------
shape: (33, 1), dtype: uint16
Data:[[53]
 [56]
 [49]
 [53]
 [46]
 [48]
 [52]
 [57]
 [54]
 [55]
 [54]
 [45]
 [48]
 [32]
 [53]
 [56]
 [49]
 [53]
 [46]
 [48]
 [53]
 [51]
 [54]
 [54]
 [57]
 [57]
 [57]
 [57]
 [57]
 [57]
 [57]
 [45]
 [49]] 
------------------------ Dataset: cct ------------------------
shape: (33, 1), dtype: uint16
Data:[[54]
 [54]
 [48]
 [52]
 [46]
 [49]
 [50]
 [56]
 [52]
 [50]
 [53]
 [57]
 [57]
 [57]
 [57]
 [57]
 [57]
 [45]
 [48]
 [32]
 [54]
 [54]
 [48]
 [52]
 [46]
 [49]
 [49]
 [56]
 [48]
 [52]
 [49]
 [45]
 [49]] 
------------------------ Dataset: ccu ------------------------
shape: (26, 1), dtype: uint16
Data:[[54]
 [54]
 [50]
 [48]
 [46]
 [49]
 [48]
 [54]
 [48]
 [55]
 [45]
 [48]
 [32]
 [54]
 [54]
 [50]
 [48]
 [46]
 [49]
 [48]
 [50]
 [48]
 [52]
 [54]
 [45]
 [49]] 
------------------------ Dataset: ccv ------------------------
shape: (33, 1), dtype: uint16
Data:[[54]
 [54]
 [51]
 [53]
 [46]
 [57]
 [52]
 [54]
 [48]
 [56]
 [49]
 [45]
 [48]
 [32]
 [54]
 [54]
 [51]
 [53]
 [46]
 [57]
 [53]
 [48]
 [49]
 [54]
 [55]
 [57]
 [57]
 [57]
 [57]
 [57]
 [57]
 [45]
 [49]] 
------------------------ Dataset: ccw ------------------------
shape: (27, 1), dtype: uint16
Data:[[54]
 [54]
 [53]
 [49]
 [46]
 [53]
 [54]
 [49]
 [52]
 [48]
 [54]
 [45]
 [48]
 [32]
 [54]
 [54]
 [53]
 [49]
 [46]
 [53]
 [54]
 [49]
 [55]
 [52]
 [56]
 [45]
 [49]] 
------------------------ Dataset: ccx ------------------------
shape: (33, 1), dtype: uint16
Data:[[54]
 [54]
 [54]
 [55]
 [46]
 [52]
 [49]
 [52]
 [48]
 [54]
 [55]
 [45]
 [48]
 [32]
 [54]
 [54]
 [54]
 [55]
 [46]
 [52]
 [48]
 [54]
 [50]
 [53]
 [48]
 [57]
 [57]
 [57]
 [57]
 [57]
 [57]
 [45]
 [49]] 
------------------------ Dataset: ccy ------------------------
shape: (33, 1), dtype: uint16
Data:[[54]
 [54]
 [56]
 [51]
 [46]
 [51]
 [52]
 [50]
 [52]
 [49]
 [55]
 [57]
 [57]
 [57]
 [57]
 [57]
 [57]
 [45]
 [48]
 [32]
 [54]
 [54]
 [56]
 [51]
 [46]
 [51]
 [50]
 [55]
 [52]
 [54]
 [52]
 [45]
 [49]] 
------------------------ Dataset: ccz ------------------------
shape: (26, 1), dtype: uint16
Data:[[53]
 [57]
 [48]
 [49]
 [46]
 [50]
 [52]
 [57]
 [55]
 [55]
 [49]
 [45]
 [48]
 [32]
 [53]
 [57]
 [48]
 [49]
 [46]
 [50]
 [52]
 [49]
 [54]
 [57]
 [45]
 [49]] 
------------------------ Dataset: cd ------------------------

shape: (1, 6), dtype: uint32
Data:[[3707764736          2          1          1        123          1]] 
------------------------ Dataset: dcb ------------------------
shape: (27, 1), dtype: uint16
Data:[[54]
 [55]
 [54]
 [53]
 [46]
 [48]
 [50]
 [54]
 [52]
 [50]
 [49]
 [45]
 [48]
 [32]
 [54]
 [55]
 [54]
 [53]
 [46]
 [48]
 [50]
 [48]
 [57]
 [50]
 [53]
 [45]
 [49]] 
------------------------ Dataset: dcc ------------------------
shape: (33, 1), dtype: uint16
Data:[[54]
 [55]
 [56]
 [48]
 [46]
 [56]
 [56]
 [50]
 [50]
 [51]
 [50]
 [57]
 [57]
 [57]
 [57]
 [57]
 [57]
 [45]
 [48]
 [32]
 [54]
 [55]
 [56]
 [48]
 [46]
 [56]
 [55]
 [56]
 [51]
 [48]
 [50]
 [45]
 [49]] 
------------------------ Dataset: dcd ------------------------
shape: (34, 1), dtype: uint16
Data:[[54]
 [50]
 [57]
 [51]
 [46]
 [54]
 [50]
 [53]
 [57]
 [52]
 [51]
 [45]
 [48]
 [32]
 [54]
 [50]
 [57]
 [51]
 [46]
 [54]
 [51]
 [48]
 [48]
 [50]
 [52]
 [57]
 [57]
 [57]
 [57]
 [57]
 [57]
 [53]
 [45]
 [49]] 
------------------------ Dataset: dce ------------------------
shape: (34, 1), dtype: uint16
Data:[[54]
 [51]
 [48]
 [57]
 [46]
 [52]
 [54]
 [49]
 [56]
 [52]
 [53]
 [45]
 [48]
 [32]
 [54]
 [51]
 [48]
 [57]
 [46]
 [52]
 [53]
 [52]
 [51]
 [48]
 [50]
 [57]
 [57]
 [57]
 [57]
 [57]
 [57]
 [53]
 [45]
 [49]] 
------------------------ Dataset: dcf ------------------------
shape: (40, 1), dtype: uint16
Data:[[54]
 [51]
 [50]
 [53]
 [46]
 [50]
 [55]
 [48]
 [48]
 [49]
 [50]
 [57]
 [57]
 [57]
 [57]
 [57]
 [57]
 [45]
 [48]
 [32]
 [54]
 [51]
 [50]
 [53]
 [46]
 [50]
 [54]
 [57]
 [56]
 [54]
 [50]
 [57]
 [57]
 [57]
 [57]
 [57]
 [57]
 [53]
 [45]
 [49]] 
------------------------ Dataset: dcg ------------------------
shape: (27, 1), dtype: uint16
Data:[[54]
 [51]
 [52]
 [49]
 [46]
 [49]
 [50]
 [55]
 [53]
 [57]
 [55]
 [45]
 [48]
 [32]
 [54]
 [51]
 [52]
 [49]
 [46]
 [49]
 [50]
 [55]
 [53]
 [57]
 [50]
 [45]
 [49]] 
------------------------ Dataset: dch ------------------------
shape: (33, 1), dtype: uint16
Data:[[54]
 [53]
 [48]
 [54]
 [46]
 [50]
 [51]
 [57]
 [52]
 [51]
 [57]
 [57]
 [57]
 [57]
 [57]
 [57]
 [57]
 [45]
 [48]
 [32]
 [54]
 [53]
 [48]
 [54]
 [46]
 [50]
 [51]
 [52]
 [48]
 [53]
 [55]
 [45]
 [49]] 
------------------------ Dataset: dci ------------------------
shape: (27, 1), dtype: uint16
Data:[[54]
 [53]
 [50]
 [50]
 [46]
 [48]
 [53]
 [49]
 [50]
 [48]
 [54]
 [45]
 [48]
 [32]
 [54]
 [53]
 [50]
 [50]
 [46]
 [48]
 [52]
 [53]
 [56]
 [50]
 [49]
 [45]
 [49]] 
------------------------ Dataset: dcj ------------------------
shape: (27, 1), dtype: uint16
Data:[[54]
 [48]
 [49]
 [55]
 [46]
 [54]
 [50]
 [50]
 [52]
 [48]
 [57]
 [45]
 [48]
 [32]
 [54]
 [48]
 [49]
 [55]
 [46]
 [54]
 [49]
 [55]
 [55]
 [57]
 [52]
 [45]
 [49]] 
------------------------ Dataset: dck ------------------------
shape: (33, 1), dtype: uint16
Data:[[54]
 [48]
 [51]
 [51]
 [46]
 [52]
 [51]
 [55]
 [55]
 [48]
 [57]
 [57]
 [57]
 [57]
 [57]
 [57]
 [57]
 [45]
 [48]
 [32]
 [54]
 [48]
 [51]
 [51]
 [46]
 [52]
 [51]
 [51]
 [56]
 [54]
 [56]
 [45]
 [49]] 
------------------------ Dataset: dcl ------------------------
shape: (27, 1), dtype: uint16
Data:[[54]
 [48]
 [52]
 [57]
 [46]
 [48]
 [51]
 [57]
 [48]
 [52]
 [51]
 [45]
 [48]
 [32]
 [54]
 [48]
 [52]
 [57]
 [46]
 [48]
 [51]
 [53]
 [48]
 [56]
 [57]
 [45]
 [49]] 
------------------------ Dataset: dcm ------------------------
shape: (33, 1), dtype: uint16
Data:[[54]
 [48]
 [54]
 [52]
 [46]
 [57]
 [50]
 [54]
 [51]
 [55]
 [53]
 [57]
 [57]
 [57]
 [57]
 [57]
 [57]
 [45]
 [48]
 [32]
 [54]
 [48]
 [54]
 [52]
 [46]
 [57]
 [50]
 [52]
 [54]
 [49]
 [52]
 [45]
 [49]] 
------------------------ Dataset: dcn ------------------------
shape: (33, 1), dtype: uint16
Data:[[54]
 [48]
 [56]
 [48]
 [46]
 [56]
 [49]
 [51]
 [55]
 [53]
 [50]
 [57]
 [57]
 [57]
 [57]
 [57]
 [57]
 [45]
 [48]
 [32]
 [54]
 [48]
 [56]
 [48]
 [46]
 [56]
 [49]
 [55]
 [55]
 [53]
 [57]
 [45]
 [49]] 
------------------------ Dataset: dco ------------------------
shape: (27, 1), dtype: uint16
Data:[[53]
 [54]
 [52]
 [49]
 [46]
 [53]
 [56]
 [49]
 [54]
 [48]
 [49]
 [45]
 [48]
 [32]
 [53]
 [54]
 [52]
 [49]
 [46]
 [53]
 [55]
 [55]
 [57]
 [53]
 [51]
 [45]
 [49]] 
------------------------ Dataset: dcp ------------------------
shape: (27, 1), dtype: uint16
Data:[[53]
 [54]
 [53]
 [55]
 [46]
 [51]
 [49]
 [55]
 [53]
 [57]
 [51]
 [45]
 [48]
 [32]
 [53]
 [54]
 [53]
 [55]
 [46]
 [51]
 [50]
 [49]
 [53]
 [50]
 [52]
 [45]
 [49]] 
------------------------ Dataset: dcq ------------------------
shape: (33, 1), dtype: uint16
Data:[[53]
 [54]
 [55]
 [51]
 [46]
 [48]
 [52]
 [49]
 [54]
 [48]
 [57]
 [45]
 [48]
 [32]
 [53]
 [54]
 [55]
 [51]
 [46]
 [48]
 [52]
 [48]
 [48]
 [48]
 [56]
 [57]
 [57]
 [57]
 [57]
 [57]
 [57]
 [45]
 [49]] 
------------------------ Dataset: dcr ------------------------
shape: (26, 1), dtype: uint16
Data:[[53]
 [54]
 [56]
 [56]
 [46]
 [56]
 [48]
 [50]
 [48]
 [54]
 [45]
 [48]
 [32]
 [53]
 [54]
 [56]
 [56]
 [46]
 [55]
 [57]
 [57]
 [54]
 [54]
 [54]
 [45]
 [49]] 
------------------------ Dataset: dcs ------------------------
shape: (33, 1), dtype: uint16
Data:[[53]
 [56]
 [49]
 [53]
 [46]
 [48]
 [53]
 [55]
 [55]
 [49]
 [53]
 [45]
 [48]
 [32]
 [53]
 [56]
 [49]
 [53]
 [46]
 [48]
 [53]
 [51]
 [54]
 [54]
 [57]
 [57]
 [57]
 [57]
 [57]
 [57]
 [57]
 [45]
 [49]] 
------------------------ Dataset: dct ------------------------
shape: (40, 1), dtype: uint16
Data:[[54]
 [54]
 [48]
 [52]
 [46]
 [49]
 [50]
 [56]
 [52]
 [50]
 [53]
 [57]
 [57]
 [57]
 [57]
 [57]
 [57]
 [45]
 [48]
 [32]
 [54]
 [54]
 [48]
 [52]
 [46]
 [49]
 [50]
 [56]
 [54]
 [54]
 [50]
 [57]
 [57]
 [57]
 [57]
 [57]
 [57]
 [53]
 [45]
 [49]] 
------------------------ Dataset: dcu ------------------------
shape: (26, 1), dtype: uint16
Data:[[54]
 [54]
 [50]
 [48]
 [46]
 [49]
 [48]
 [54]
 [48]
 [55]
 [45]
 [48]
 [32]
 [54]
 [54]
 [50]
 [48]
 [46]
 [49]
 [49]
 [48]
 [48]
 [55]
 [49]
 [45]
 [49]] 
------------------------ Dataset: dcv ------------------------
shape: (33, 1), dtype: uint16
Data:[[54]
 [54]
 [51]
 [53]
 [46]
 [57]
 [53]
 [52]
 [51]
 [49]
 [50]
 [45]
 [48]
 [32]
 [54]
 [54]
 [51]
 [53]
 [46]
 [57]
 [53]
 [48]
 [49]
 [54]
 [55]
 [57]
 [57]
 [57]
 [57]
 [57]
 [57]
 [45]
 [49]] 
------------------------ Dataset: dcw ------------------------
shape: (34, 1), dtype: uint16
Data:[[54]
 [54]
 [53]
 [49]
 [46]
 [53]
 [54]
 [53]
 [56]
 [52]
 [53]
 [57]
 [57]
 [57]
 [57]
 [57]
 [57]
 [53]
 [45]
 [48]
 [32]
 [54]
 [54]
 [53]
 [49]
 [46]
 [53]
 [54]
 [49]
 [55]
 [52]
 [56]
 [45]
 [49]] 
------------------------ Dataset: dcx ------------------------
shape: (27, 1), dtype: uint16
Data:[[54]
 [54]
 [54]
 [55]
 [46]
 [52]
 [49]
 [52]
 [48]
 [54]
 [55]
 [45]
 [48]
 [32]
 [54]
 [54]
 [54]
 [55]
 [46]
 [52]
 [49]
 [52]
 [48]
 [56]
 [52]
 [45]
 [49]] 
------------------------ Dataset: dcy ------------------------
shape: (39, 1), dtype: uint16
Data:[[54]
 [54]
 [56]
 [51]
 [46]
 [51]
 [52]
 [50]
 [52]
 [49]
 [55]
 [57]
 [57]
 [57]
 [57]
 [57]
 [57]
 [45]
 [48]
 [32]
 [54]
 [54]
 [56]
 [51]
 [46]
 [51]
 [52]
 [49]
 [53]
 [48]
 [57]
 [57]
 [57]
 [57]
 [57]
 [57]
 [57]
 [45]
 [49]] 
------------------------ Dataset: dcz ------------------------
shape: (27, 1), dtype: uint16
Data:[[53]
 [57]
 [48]
 [49]
 [46]
 [50]
 [52]
 [57]
 [55]
 [55]
 [49]
 [45]
 [48]
 [32]
 [53]
 [57]
 [48]
 [49]
 [46]
 [50]
 [52]
 [57]
 [55]
 [57]
 [53]
 [45]
 [49]] 
------------------------ Dataset: dd ------------------------

shape: (1, 6), dtype: uint32
Data:[[3707764736          2          1          1        124          1]] 
------------------------ Dataset: ecb ------------------------
shape: (27, 1), dtype: uint16
Data:[[54]
 [55]
 [54]
 [53]
 [46]
 [48]
 [50]
 [54]
 [52]
 [50]
 [49]
 [45]
 [48]
 [32]
 [54]
 [55]
 [54]
 [53]
 [46]
 [48]
 [50]
 [52]
 [50]
 [55]
 [51]
 [45]
 [49]] 
------------------------ Dataset: ecc ------------------------
shape: (33, 1), dtype: uint16
Data:[[54]
 [55]
 [56]
 [48]
 [46]
 [56]
 [56]
 [50]
 [50]
 [51]
 [50]
 [57]
 [57]
 [57]
 [57]
 [57]
 [57]
 [45]
 [48]
 [32]
 [54]
 [55]
 [56]
 [48]
 [46]
 [56]
 [56]
 [57]
 [52]
 [57]
 [51]
 [45]
 [49]] 
------------------------ Dataset: ecd ------------------------
shape: (34, 1), dtype: uint16
Data:[[54]
 [50]
 [57]
 [51]
 [46]
 [54]
 [51]
 [51]
 [56]
 [57]
 [52]
 [45]
 [48]
 [32]
 [54]
 [50]
 [57]
 [51]
 [46]
 [54]
 [51]
 [48]
 [48]
 [50]
 [52]
 [57]
 [57]
 [57]
 [57]
 [57]
 [57]
 [53]
 [45]
 [49]] 
------------------------ Dataset: ece ------------------------
shape: (27, 1), dtype: uint16
Data:[[54]
 [51]
 [48]
 [57]
 [46]
 [52]
 [54]
 [49]
 [56]
 [52]
 [53]
 [45]
 [48]
 [32]
 [54]
 [51]
 [48]
 [57]
 [46]
 [52]
 [54]
 [50]
 [50]
 [48]
 [53]
 [45]
 [49]] 
------------------------ Dataset: ecf ------------------------
shape: (39, 1), dtype: uint16
Data:[[54]
 [51]
 [50]
 [53]
 [46]
 [50]
 [55]
 [48]
 [48]
 [49]
 [50]
 [57]
 [57]
 [57]
 [57]
 [57]
 [57]
 [45]
 [48]
 [32]
 [54]
 [51]
 [50]
 [53]
 [46]
 [50]
 [55]
 [55]
 [57]
 [53]
 [54]
 [57]
 [57]
 [57]
 [57]
 [57]
 [57]
 [45]
 [49]] 
------------------------ Dataset: ecg ------------------------
shape: (33, 1), dtype: uint16
Data:[[54]
 [51]
 [52]
 [49]
 [46]
 [49]
 [50]
 [55]
 [53]
 [57]
 [55]
 [45]
 [48]
 [32]
 [54]
 [51]
 [52]
 [49]
 [46]
 [49]
 [51]
 [52]
 [48]
 [48]
 [53]
 [57]
 [57]
 [57]
 [57]
 [57]
 [57]
 [45]
 [49]] 
------------------------ Dataset: ech ------------------------
shape: (39, 1), dtype: uint16
Data:[[54]
 [53]
 [48]
 [54]
 [46]
 [50]
 [51]
 [57]
 [52]
 [51]
 [57]
 [57]
 [57]
 [57]
 [57]
 [57]
 [57]
 [45]
 [48]
 [32]
 [54]
 [53]
 [48]
 [54]
 [46]
 [50]
 [52]
 [52]
 [50]
 [55]
 [50]
 [57]
 [57]
 [57]
 [57]
 [57]
 [57]
 [45]
 [49]] 
------------------------ Dataset: eci ------------------------
shape: (27, 1), dtype: uint16
Data:[[54]
 [53]
 [50]
 [50]
 [46]
 [48]
 [53]
 [49]
 [50]
 [48]
 [54]
 [45]
 [48]
 [32]
 [54]
 [53]
 [50]
 [50]
 [46]
 [48]
 [53]
 [49]
 [50]
 [57]
 [55]
 [45]
 [49]] 
------------------------ Dataset: ecj ------------------------
shape: (27, 1), dtype: uint16
Data:[[54]
 [48]
 [49]
 [55]
 [46]
 [54]
 [50]
 [50]
 [52]
 [48]
 [57]
 [45]
 [48]
 [32]
 [54]
 [48]
 [49]
 [55]
 [46]
 [54]
 [50]
 [57]
 [56]
 [48]
 [54]
 [45]
 [49]] 
------------------------ Dataset: eck ------------------------
shape: (39, 1), dtype: uint16
Data:[[54]
 [48]
 [51]
 [51]
 [46]
 [52]
 [51]
 [55]
 [55]
 [48]
 [57]
 [57]
 [57]
 [57]
 [57]
 [57]
 [57]
 [45]
 [48]
 [32]
 [54]
 [48]
 [51]
 [51]
 [46]
 [52]
 [52]
 [49]
 [55]
 [54]
 [57]
 [57]
 [57]
 [57]
 [57]
 [57]
 [57]
 [45]
 [49]] 
------------------------ Dataset: ecl ------------------------
shape: (27, 1), dtype: uint16
Data:[[54]
 [48]
 [52]
 [57]
 [46]
 [48]
 [51]
 [57]
 [48]
 [52]
 [51]
 [45]
 [48]
 [32]
 [54]
 [48]
 [52]
 [57]
 [46]
 [48]
 [52]
 [52]
 [49]
 [57]
 [56]
 [45]
 [49]] 
------------------------ Dataset: ecm ------------------------
shape: (39, 1), dtype: uint16
Data:[[54]
 [48]
 [54]
 [52]
 [46]
 [57]
 [50]
 [54]
 [51]
 [55]
 [53]
 [57]
 [57]
 [57]
 [57]
 [57]
 [57]
 [45]
 [48]
 [32]
 [54]
 [48]
 [54]
 [52]
 [46]
 [57]
 [51]
 [48]
 [56]
 [56]
 [48]
 [57]
 [57]
 [57]
 [57]
 [57]
 [57]
 [45]
 [49]] 
------------------------ Dataset: ecn ------------------------
shape: (27, 1), dtype: uint16
Data:[[54]
 [48]
 [56]
 [48]
 [46]
 [56]
 [50]
 [49]
 [55]
 [57]
 [50]
 [45]
 [48]
 [32]
 [54]
 [48]
 [56]
 [48]
 [46]
 [56]
 [49]
 [55]
 [55]
 [53]
 [57]
 [45]
 [49]] 
------------------------ Dataset: eco ------------------------
shape: (27, 1), dtype: uint16
Data:[[53]
 [54]
 [52]
 [49]
 [46]
 [53]
 [56]
 [49]
 [54]
 [48]
 [49]
 [45]
 [48]
 [32]
 [53]
 [54]
 [52]
 [49]
 [46]
 [53]
 [56]
 [53]
 [54]
 [55]
 [51]
 [45]
 [49]] 
------------------------ Dataset: ecp ------------------------
shape: (27, 1), dtype: uint16
Data:[[53]
 [54]
 [53]
 [55]
 [46]
 [51]
 [50]
 [53]
 [53]
 [54]
 [55]
 [45]
 [48]
 [32]
 [53]
 [54]
 [53]
 [55]
 [46]
 [51]
 [50]
 [49]
 [53]
 [50]
 [52]
 [45]
 [49]] 
------------------------ Dataset: ecq ------------------------
shape: (27, 1), dtype: uint16
Data:[[53]
 [54]
 [55]
 [51]
 [46]
 [48]
 [52]
 [49]
 [54]
 [48]
 [57]
 [45]
 [48]
 [32]
 [53]
 [54]
 [55]
 [51]
 [46]
 [48]
 [52]
 [54]
 [57]
 [56]
 [52]
 [45]
 [49]] 
------------------------ Dataset: ecr ------------------------
shape: (26, 1), dtype: uint16
Data:[[53]
 [54]
 [56]
 [56]
 [46]
 [56]
 [48]
 [50]
 [48]
 [54]
 [45]
 [48]
 [32]
 [53]
 [54]
 [56]
 [56]
 [46]
 [56]
 [48]
 [54]
 [49]
 [53]
 [50]
 [45]
 [49]] 
------------------------ Dataset: ecs ------------------------
shape: (34, 1), dtype: uint16
Data:[[53]
 [56]
 [49]
 [53]
 [46]
 [48]
 [53]
 [55]
 [55]
 [49]
 [53]
 [45]
 [48]
 [32]
 [53]
 [56]
 [49]
 [53]
 [46]
 [48]
 [54]
 [51]
 [48]
 [54]
 [55]
 [57]
 [57]
 [57]
 [57]
 [57]
 [57]
 [53]
 [45]
 [49]] 
------------------------ Dataset: ect ------------------------
shape: (34, 1), dtype: uint16
Data:[[54]
 [54]
 [48]
 [52]
 [46]
 [49]
 [51]
 [49]
 [57]
 [51]
 [52]
 [45]
 [48]
 [32]
 [54]
 [54]
 [48]
 [52]
 [46]
 [49]
 [50]
 [56]
 [54]
 [54]
 [50]
 [57]
 [57]
 [57]
 [57]
 [57]
 [57]
 [53]
 [45]
 [49]] 
------------------------ Dataset: ecu ------------------------
shape: (33, 1), dtype: uint16
Data:[[54]
 [54]
 [50]
 [48]
 [46]
 [49]
 [49]
 [52]
 [49]
 [57]
 [50]
 [57]
 [57]
 [57]
 [57]
 [57]
 [57]
 [45]
 [48]
 [32]
 [54]
 [54]
 [50]
 [48]
 [46]
 [49]
 [49]
 [48]
 [48]
 [55]
 [49]
 [45]
 [49]] 
------------------------ Dataset: ecv ------------------------
shape: (33, 1), dtype: uint16
Data:[[54]
 [54]
 [51]
 [53]
 [46]
 [57]
 [53]
 [52]
 [51]
 [49]
 [50]
 [45]
 [48]
 [32]
 [54]
 [54]
 [51]
 [53]
 [46]
 [57]
 [53]
 [56]
 [49]
 [50]
 [50]
 [57]
 [57]
 [57]
 [57]
 [57]
 [57]
 [45]
 [49]] 
------------------------ Dataset: ecw ------------------------
shape: (34, 1), dtype: uint16
Data:[[54]
 [54]
 [53]
 [49]
 [46]
 [53]
 [54]
 [53]
 [56]
 [52]
 [53]
 [57]
 [57]
 [57]
 [57]
 [57]
 [57]
 [53]
 [45]
 [48]
 [32]
 [54]
 [54]
 [53]
 [49]
 [46]
 [53]
 [54]
 [54]
 [52]
 [49]
 [51]
 [45]
 [49]] 
------------------------ Dataset: ecx ------------------------
shape: (34, 1), dtype: uint16
Data:[[54]
 [54]
 [54]
 [55]
 [46]
 [52]
 [50]
 [50]
 [48]
 [51]
 [57]
 [57]
 [57]
 [57]
 [57]
 [57]
 [57]
 [53]
 [45]
 [48]
 [32]
 [54]
 [54]
 [54]
 [55]
 [46]
 [52]
 [49]
 [52]
 [48]
 [56]
 [52]
 [45]
 [49]] 
------------------------ Dataset: ecy ------------------------
shape: (33, 1), dtype: uint16
Data:[[54]
 [54]
 [56]
 [51]
 [46]
 [51]
 [52]
 [50]
 [52]
 [49]
 [55]
 [57]
 [57]
 [57]
 [57]
 [57]
 [57]
 [45]
 [48]
 [32]
 [54]
 [54]
 [56]
 [51]
 [46]
 [51]
 [53]
 [49]
 [51]
 [48]
 [52]
 [45]
 [49]] 
------------------------ Dataset: ecz ------------------------
shape: (27, 1), dtype: uint16
Data:[[53]
 [57]
 [48]
 [49]
 [46]
 [50]
 [53]
 [55]
 [57]
 [51]
 [56]
 [45]
 [48]
 [32]
 [53]
 [57]
 [48]
 [49]
 [46]
 [50]
 [52]
 [57]
 [55]
 [57]
 [53]
 [45]
 [49]] 
------------------------ Dataset: ed ------------------------

shape: (1, 6), dtype: uint32
Data:[[3707764736          2          1          1        125          1]] 
------------------------ Dataset: fcb ------------------------
shape: (27, 1), dtype: uint16
Data:[[54]
 [55]
 [54]
 [53]
 [46]
 [48]
 [50]
 [54]
 [52]
 [50]
 [49]
 [45]
 [48]
 [32]
 [54]
 [55]
 [54]
 [53]
 [46]
 [48]
 [51]
 [48]
 [49]
 [55]
 [51]
 [45]
 [49]] 
------------------------ Dataset: fcc ------------------------
shape: (33, 1), dtype: uint16
Data:[[54]
 [55]
 [56]
 [48]
 [46]
 [56]
 [57]
 [53]
 [49]
 [51]
 [51]
 [57]
 [57]
 [57]
 [57]
 [57]
 [57]
 [45]
 [48]
 [32]
 [54]
 [55]
 [56]
 [48]
 [46]
 [56]
 [56]
 [57]
 [52]
 [57]
 [51]
 [45]
 [49]] 
------------------------ Dataset: fcd ------------------------
shape: (33, 1), dtype: uint16
Data:[[54]
 [50]
 [57]
 [51]
 [46]
 [54]
 [51]
 [51]
 [56]
 [57]
 [52]
 [45]
 [48]
 [32]
 [54]
 [50]
 [57]
 [51]
 [46]
 [54]
 [51]
 [55]
 [57]
 [52]
 [54]
 [57]
 [57]
 [57]
 [57]
 [57]
 [57]
 [45]
 [49]] 
------------------------ Dataset: fce ------------------------
shape: (27, 1), dtype: uint16
Data:[[54]
 [51]
 [48]
 [57]
 [46]
 [52]
 [54]
 [53]
 [57]
 [57]
 [54]
 [45]
 [48]
 [32]
 [54]
 [51]
 [48]
 [57]
 [46]
 [52]
 [54]
 [50]
 [50]
 [48]
 [53]
 [45]
 [49]] 
------------------------ Dataset: fcf ------------------------
shape: (39, 1), dtype: uint16
Data:[[54]
 [51]
 [50]
 [53]
 [46]
 [50]
 [56]
 [49]
 [56]
 [55]
 [54]
 [57]
 [57]
 [57]
 [57]
 [57]
 [57]
 [45]
 [48]
 [32]
 [54]
 [51]
 [50]
 [53]
 [46]
 [50]
 [55]
 [55]
 [57]
 [53]
 [54]
 [57]
 [57]
 [57]
 [57]
 [57]
 [57]
 [45]
 [49]] 
------------------------ Dataset: fcg ------------------------
shape: (33, 1), dtype: uint16
Data:[[54]
 [51]
 [52]
 [49]
 [46]
 [49]
 [51]
 [51]
 [57]
 [57]
 [52]
 [45]
 [48]
 [32]
 [54]
 [51]
 [52]
 [49]
 [46]
 [49]
 [51]
 [52]
 [48]
 [48]
 [53]
 [57]
 [57]
 [57]
 [57]
 [57]
 [57]
 [45]
 [49]] 
------------------------ Dataset: fch ------------------------
shape: (33, 1), dtype: uint16
Data:[[54]
 [53]
 [48]
 [54]
 [46]
 [50]
 [52]
 [55]
 [48]
 [55]
 [49]
 [45]
 [48]
 [32]
 [54]
 [53]
 [48]
 [54]
 [46]
 [50]
 [52]
 [52]
 [50]
 [55]
 [50]
 [57]
 [57]
 [57]
 [57]
 [57]
 [57]
 [45]
 [49]] 
------------------------ Dataset: fci ------------------------
shape: (33, 1), dtype: uint16
Data:[[54]
 [53]
 [50]
 [50]
 [46]
 [48]
 [53]
 [56]
 [51]
 [54]
 [48]
 [57]
 [57]
 [57]
 [57]
 [57]
 [57]
 [45]
 [48]
 [32]
 [54]
 [53]
 [50]
 [50]
 [46]
 [48]
 [53]
 [49]
 [50]
 [57]
 [55]
 [45]
 [49]] 
------------------------ Dataset: fcj ------------------------
shape: (34, 1), dtype: uint16
Data:[[54]
 [48]
 [49]
 [55]
 [46]
 [54]
 [50]
 [57]
 [55]
 [53]
 [48]
 [57]
 [57]
 [57]
 [57]
 [57]
 [57]
 [53]
 [45]
 [48]
 [32]
 [54]
 [48]
 [49]
 [55]
 [46]
 [54]
 [50]
 [57]
 [56]
 [48]
 [54]
 [45]
 [49]] 
------------------------ Dataset: fck ------------------------
shape: (33, 1), dtype: uint16
Data:[[54]
 [48]
 [51]
 [51]
 [46]
 [52]
 [52]
 [53]
 [55]
 [55]
 [50]
 [45]
 [48]
 [32]
 [54]
 [48]
 [51]
 [51]
 [46]
 [52]
 [52]
 [49]
 [55]
 [54]
 [57]
 [57]
 [57]
 [57]
 [57]
 [57]
 [57]
 [45]
 [49]] 
------------------------ Dataset: fcl ------------------------
shape: (27, 1), dtype: uint16
Data:[[54]
 [48]
 [52]
 [57]
 [46]
 [48]
 [54]
 [48]
 [52]
 [48]
 [55]
 [45]
 [48]
 [32]
 [54]
 [48]
 [52]
 [57]
 [46]
 [48]
 [52]
 [52]
 [49]
 [57]
 [56]
 [45]
 [49]] 
------------------------ Dataset: fcm ------------------------
shape: (33, 1), dtype: uint16
Data:[[54]
 [48]
 [54]
 [52]
 [46]
 [57]
 [51]
 [52]
 [50]
 [49]
 [52]
 [45]
 [48]
 [32]
 [54]
 [48]
 [54]
 [52]
 [46]
 [57]
 [51]
 [48]
 [56]
 [56]
 [48]
 [57]
 [57]
 [57]
 [57]
 [57]
 [57]
 [45]
 [49]] 
------------------------ Dataset: fcn ------------------------
shape: (33, 1), dtype: uint16
Data:[[54]
 [48]
 [56]
 [48]
 [46]
 [56]
 [50]
 [49]
 [55]
 [57]
 [50]
 [45]
 [48]
 [32]
 [54]
 [48]
 [56]
 [48]
 [46]
 [56]
 [50]
 [55]
 [51]
 [51]
 [53]
 [57]
 [57]
 [57]
 [57]
 [57]
 [57]
 [45]
 [49]] 
------------------------ Dataset: fco ------------------------
shape: (33, 1), dtype: uint16
Data:[[53]
 [54]
 [52]
 [49]
 [46]
 [53]
 [56]
 [57]
 [53]
 [55]
 [53]
 [57]
 [57]
 [57]
 [57]
 [57]
 [57]
 [45]
 [48]
 [32]
 [53]
 [54]
 [52]
 [49]
 [46]
 [53]
 [56]
 [53]
 [54]
 [55]
 [51]
 [45]
 [49]] 
------------------------ Dataset: fcp ------------------------
shape: (27, 1), dtype: uint16
Data:[[53]
 [54]
 [53]
 [55]
 [46]
 [51]
 [50]
 [53]
 [53]
 [54]
 [55]
 [45]
 [48]
 [32]
 [53]
 [54]
 [53]
 [55]
 [46]
 [51]
 [50]
 [57]
 [57]
 [53]
 [50]
 [45]
 [49]] 
------------------------ Dataset: fcq ------------------------
shape: (33, 1), dtype: uint16
Data:[[53]
 [54]
 [55]
 [51]
 [46]
 [48]
 [52]
 [56]
 [49]
 [50]
 [49]
 [57]
 [57]
 [57]
 [57]
 [57]
 [57]
 [45]
 [48]
 [32]
 [53]
 [54]
 [55]
 [51]
 [46]
 [48]
 [52]
 [54]
 [57]
 [56]
 [52]
 [45]
 [49]] 
------------------------ Dataset: fcr ------------------------
shape: (34, 1), dtype: uint16
Data:[[53]
 [54]
 [56]
 [56]
 [46]
 [56]
 [48]
 [55]
 [52]
 [56]
 [55]
 [57]
 [57]
 [57]
 [57]
 [57]
 [57]
 [53]
 [45]
 [48]
 [32]
 [53]
 [54]
 [56]
 [56]
 [46]
 [56]
 [48]
 [54]
 [49]
 [53]
 [50]
 [45]
 [49]] 
------------------------ Dataset: fcs ------------------------
shape: (40, 1), dtype: uint16
Data:[[53]
 [56]
 [49]
 [53]
 [46]
 [48]
 [54]
 [53]
 [55]
 [57]
 [54]
 [57]
 [57]
 [57]
 [57]
 [57]
 [57]
 [45]
 [48]
 [32]
 [53]
 [56]
 [49]
 [53]
 [46]
 [48]
 [54]
 [51]
 [48]
 [54]
 [55]
 [57]
 [57]
 [57]
 [57]
 [57]
 [57]
 [53]
 [45]
 [49]] 
------------------------ Dataset: fct ------------------------
shape: (27, 1), dtype: uint16
Data:[[54]
 [54]
 [48]
 [52]
 [46]
 [49]
 [51]
 [49]
 [57]
 [51]
 [52]
 [45]
 [48]
 [32]
 [54]
 [54]
 [48]
 [52]
 [46]
 [49]
 [51]
 [52]
 [52]
 [56]
 [53]
 [45]
 [49]] 
------------------------ Dataset: fcu ------------------------
shape: (39, 1), dtype: uint16
Data:[[54]
 [54]
 [50]
 [48]
 [46]
 [49]
 [49]
 [52]
 [49]
 [57]
 [50]
 [57]
 [57]
 [57]
 [57]
 [57]
 [57]
 [45]
 [48]
 [32]
 [54]
 [54]
 [50]
 [48]
 [46]
 [49]
 [50]
 [49]
 [49]
 [55]
 [55]
 [57]
 [57]
 [57]
 [57]
 [57]
 [57]
 [45]
 [49]] 
------------------------ Dataset: fcv ------------------------
shape: (32, 1), dtype: uint16
Data:[[54]
 [54]
 [51]
 [53]
 [46]
 [57]
 [54]
 [50]
 [50]
 [53]
 [45]
 [48]
 [32]
 [54]
 [54]
 [51]
 [53]
 [46]
 [57]
 [53]
 [56]
 [49]
 [50]
 [50]
 [57]
 [57]
 [57]
 [57]
 [57]
 [57]
 [45]
 [49]] 
------------------------ Dataset: fcw ------------------------
shape: (27, 1), dtype: uint16
Data:[[54]
 [54]
 [53]
 [49]
 [46]
 [53]
 [55]
 [48]
 [51]
 [56]
 [53]
 [45]
 [48]
 [32]
 [54]
 [54]
 [53]
 [49]
 [46]
 [53]
 [54]
 [54]
 [52]
 [49]
 [51]
 [45]
 [49]] 
------------------------ Dataset: fcx ------------------------
shape: (34, 1), dtype: uint16
Data:[[54]
 [54]
 [54]
 [55]
 [46]
 [52]
 [50]
 [50]
 [48]
 [51]
 [57]
 [57]
 [57]
 [57]
 [57]
 [57]
 [57]
 [53]
 [45]
 [48]
 [32]
 [54]
 [54]
 [54]
 [55]
 [46]
 [52]
 [50]
 [50]
 [48]
 [53]
 [53]
 [45]
 [49]] 
------------------------ Dataset: fcy ------------------------
shape: (33, 1), dtype: uint16
Data:[[54]
 [54]
 [56]
 [51]
 [46]
 [51]
 [53]
 [49]
 [52]
 [49]
 [55]
 [57]
 [57]
 [57]
 [57]
 [57]
 [57]
 [45]
 [48]
 [32]
 [54]
 [54]
 [56]
 [51]
 [46]
 [51]
 [53]
 [49]
 [51]
 [48]
 [52]
 [45]
 [49]] 
------------------------ Dataset: fcz ------------------------
shape: (33, 1), dtype: uint16
Data:[[53]
 [57]
 [48]
 [49]
 [46]
 [50]
 [53]
 [55]
 [57]
 [51]
 [56]
 [45]
 [48]
 [32]
 [53]
 [57]
 [48]
 [49]
 [46]
 [50]
 [53]
 [55]
 [55]
 [56]
 [48]
 [57]
 [57]
 [57]
 [57]
 [57]
 [57]
 [45]
 [49]] 
------------------------ Dataset: fd ------------------------

shape: (1, 6), dtype: uint32
Data:[[3707764736          2          1          1        126          1]] 
------------------------ Dataset: gcb ------------------------
shape: (25, 1), dtype: uint16
Data:[[54]
 [55]
 [54]
 [53]
 [46]
 [48]
 [51]
 [52]
 [52]
 [45]
 [48]
 [32]
 [54]
 [55]
 [54]
 [53]
 [46]
 [48]
 [51]
 [48]
 [49]
 [55]
 [51]
 [45]
 [49]] 
------------------------ Dataset: gcc ------------------------
shape: (33, 1), dtype: uint16
Data:[[54]
 [55]
 [56]
 [48]
 [46]
 [56]
 [57]
 [53]
 [49]
 [51]
 [51]
 [57]
 [57]
 [57]
 [57]
 [57]
 [57]
 [45]
 [48]
 [32]
 [54]
 [55]
 [56]
 [48]
 [46]
 [56]
 [57]
 [53]
 [50]
 [54]
 [52]
 [45]
 [49]] 
------------------------ Dataset: gcd ------------------------
shape: (33, 1), dtype: uint16
Data:[[54]
 [50]
 [57]
 [51]
 [46]
 [54]
 [52]
 [49]
 [56]
 [56]
 [55]
 [45]
 [48]
 [32]
 [54]
 [50]
 [57]
 [51]
 [46]
 [54]
 [51]
 [55]
 [57]
 [52]
 [54]
 [57]
 [57]
 [57]
 [57]
 [57]
 [57]
 [45]
 [49]] 
------------------------ Dataset: gce ------------------------
shape: (27, 1), dtype: uint16
Data:[[54]
 [51]
 [48]
 [57]
 [46]
 [52]
 [54]
 [53]
 [57]
 [57]
 [54]
 [45]
 [48]
 [32]
 [54]
 [51]
 [48]
 [57]
 [46]
 [52]
 [55]
 [48]
 [48]
 [50]
 [53]
 [45]
 [49]] 
------------------------ Dataset: gcf ------------------------
shape: (33, 1), dtype: uint16
Data:[[54]
 [51]
 [50]
 [53]
 [46]
 [50]
 [56]
 [49]
 [56]
 [55]
 [54]
 [57]
 [57]
 [57]
 [57]
 [57]
 [57]
 [45]
 [48]
 [32]
 [54]
 [51]
 [50]
 [53]
 [46]
 [50]
 [56]
 [53]
 [57]
 [54]
 [49]
 [45]
 [49]] 
------------------------ Dataset: gcg ------------------------
shape: (39, 1), dtype: uint16
Data:[[54]
 [51]
 [52]
 [49]
 [46]
 [49]
 [52]
 [50]
 [55]
 [48]
 [55]
 [57]
 [57]
 [57]
 [57]
 [57]
 [57]
 [45]
 [48]
 [32]
 [54]
 [51]
 [52]
 [49]
 [46]
 [49]
 [51]
 [52]
 [48]
 [48]
 [53]
 [57]
 [57]
 [57]
 [57]
 [57]
 [57]
 [45]
 [49]] 
------------------------ Dataset: gch ------------------------
shape: (27, 1), dtype: uint16
Data:[[54]
 [53]
 [48]
 [54]
 [46]
 [50]
 [52]
 [55]
 [48]
 [55]
 [49]
 [45]
 [48]
 [32]
 [54]
 [53]
 [48]
 [54]
 [46]
 [50]
 [53]
 [49]
 [55]
 [53]
 [50]
 [45]
 [49]] 
------------------------ Dataset: gci ------------------------
shape: (33, 1), dtype: uint16
Data:[[54]
 [53]
 [50]
 [50]
 [46]
 [48]
 [53]
 [56]
 [51]
 [54]
 [48]
 [57]
 [57]
 [57]
 [57]
 [57]
 [57]
 [45]
 [48]
 [32]
 [54]
 [53]
 [50]
 [50]
 [46]
 [48]
 [53]
 [56]
 [51]
 [50]
 [52]
 [45]
 [49]] 
------------------------ Dataset: gcj ------------------------
shape: (27, 1), dtype: uint16
Data:[[54]
 [48]
 [49]
 [55]
 [46]
 [54]
 [51]
 [56]
 [57]
 [50]
 [55]
 [45]
 [48]
 [32]
 [54]
 [48]
 [49]
 [55]
 [46]
 [54]
 [50]
 [57]
 [56]
 [48]
 [54]
 [45]
 [49]] 
------------------------ Dataset: gck ------------------------
shape: (34, 1), dtype: uint16
Data:[[54]
 [48]
 [51]
 [51]
 [46]
 [52]
 [52]
 [53]
 [55]
 [55]
 [50]
 [45]
 [48]
 [32]
 [54]
 [48]
 [51]
 [51]
 [46]
 [52]
 [53]
 [51]
 [57]
 [49]
 [53]
 [57]
 [57]
 [57]
 [57]
 [57]
 [57]
 [53]
 [45]
 [49]] 
------------------------ Dataset: gcl ------------------------
shape: (33, 1), dtype: uint16
Data:[[54]
 [48]
 [52]
 [57]
 [46]
 [48]
 [54]
 [48]
 [52]
 [48]
 [55]
 [45]
 [48]
 [32]
 [54]
 [48]
 [52]
 [57]
 [46]
 [48]
 [54]
 [48]
 [55]
 [57]
 [49]
 [57]
 [57]
 [57]
 [57]
 [57]
 [57]
 [45]
 [49]] 
------------------------ Dataset: gcm ------------------------
shape: (33, 1), dtype: uint16
Data:[[54]
 [48]
 [54]
 [52]
 [46]
 [57]
 [51]
 [52]
 [50]
 [49]
 [52]
 [45]
 [48]
 [32]
 [54]
 [48]
 [54]
 [52]
 [46]
 [57]
 [51]
 [56]
 [48]
 [54]
 [49]
 [57]
 [57]
 [57]
 [57]
 [57]
 [57]
 [45]
 [49]] 
------------------------ Dataset: gcn ------------------------
shape: (32, 1), dtype: uint16
Data:[[54]
 [48]
 [56]
 [48]
 [46]
 [56]
 [51]
 [49]
 [57]
 [52]
 [45]
 [48]
 [32]
 [54]
 [48]
 [56]
 [48]
 [46]
 [56]
 [50]
 [55]
 [51]
 [51]
 [53]
 [57]
 [57]
 [57]
 [57]
 [57]
 [57]
 [45]
 [49]] 
------------------------ Dataset: gco ------------------------
shape: (33, 1), dtype: uint16
Data:[[53]
 [54]
 [52]
 [49]
 [46]
 [53]
 [56]
 [57]
 [53]
 [55]
 [53]
 [57]
 [57]
 [57]
 [57]
 [57]
 [57]
 [45]
 [48]
 [32]
 [53]
 [54]
 [52]
 [49]
 [46]
 [53]
 [57]
 [51]
 [53]
 [55]
 [51]
 [45]
 [49]] 
------------------------ Dataset: gcp ------------------------
shape: (27, 1), dtype: uint16
Data:[[53]
 [54]
 [53]
 [55]
 [46]
 [51]
 [51]
 [51]
 [53]
 [55]
 [57]
 [45]
 [48]
 [32]
 [53]
 [54]
 [53]
 [55]
 [46]
 [51]
 [50]
 [57]
 [57]
 [53]
 [50]
 [45]
 [49]] 
------------------------ Dataset: gcq ------------------------
shape: (33, 1), dtype: uint16
Data:[[53]
 [54]
 [55]
 [51]
 [46]
 [48]
 [52]
 [56]
 [49]
 [50]
 [49]
 [57]
 [57]
 [57]
 [57]
 [57]
 [57]
 [45]
 [48]
 [32]
 [53]
 [54]
 [55]
 [51]
 [46]
 [48]
 [53]
 [51]
 [56]
 [51]
 [53]
 [45]
 [49]] 
------------------------ Dataset: gcr ------------------------
shape: (40, 1), dtype: uint16
Data:[[53]
 [54]
 [56]
 [56]
 [46]
 [56]
 [48]
 [55]
 [52]
 [56]
 [55]
 [57]
 [57]
 [57]
 [57]
 [57]
 [57]
 [53]
 [45]
 [48]
 [32]
 [53]
 [54]
 [56]
 [56]
 [46]
 [56]
 [49]
 [52]
 [48]
 [53]
 [56]
 [57]
 [57]
 [57]
 [57]
 [57]
 [57]
 [45]
 [49]] 
------------------------ Dataset: gcs ------------------------
shape: (33, 1), dtype: uint16
Data:[[53]
 [56]
 [49]
 [53]
 [46]
 [48]
 [54]
 [53]
 [55]
 [57]
 [54]
 [57]
 [57]
 [57]
 [57]
 [57]
 [57]
 [45]
 [48]
 [32]
 [53]
 [56]
 [49]
 [53]
 [46]
 [48]
 [54]
 [57]
 [54]
 [50]
 [53]
 [45]
 [49]] 
------------------------ Dataset: gct ------------------------
shape: (27, 1), dtype: uint16
Data:[[54]
 [54]
 [48]
 [52]
 [46]
 [49]
 [51]
 [56]
 [48]
 [54]
 [53]
 [45]
 [48]
 [32]
 [54]
 [54]
 [48]
 [52]
 [46]
 [49]
 [51]
 [52]
 [52]
 [56]
 [53]
 [45]
 [49]] 
------------------------ Dataset: gcu ------------------------
shape: (39, 1), dtype: uint16
Data:[[54]
 [54]
 [50]
 [48]
 [46]
 [49]
 [50]
 [50]
 [49]
 [51]
 [51]
 [57]
 [57]
 [57]
 [57]
 [57]
 [57]
 [45]
 [48]
 [32]
 [54]
 [54]
 [50]
 [48]
 [46]
 [49]
 [50]
 [49]
 [49]
 [55]
 [55]
 [57]
 [57]
 [57]
 [57]
 [57]
 [57]
 [45]
 [49]] 
------------------------ Dataset: gcv ------------------------
shape: (32, 1), dtype: uint16
Data:[[54]
 [54]
 [51]
 [53]
 [46]
 [57]
 [54]
 [50]
 [50]
 [53]
 [45]
 [48]
 [32]
 [54]
 [54]
 [51]
 [53]
 [46]
 [57]
 [54]
 [55]
 [48]
 [55]
 [51]
 [57]
 [57]
 [57]
 [57]
 [57]
 [57]
 [45]
 [49]] 
------------------------ Dataset: gcw ------------------------
shape: (26, 1), dtype: uint16
Data:[[54]
 [54]
 [53]
 [49]
 [46]
 [53]
 [55]
 [48]
 [51]
 [56]
 [53]
 [45]
 [48]
 [32]
 [54]
 [54]
 [53]
 [49]
 [46]
 [53]
 [55]
 [52]
 [49]
 [51]
 [45]
 [49]] 
------------------------ Dataset: gcx ------------------------
shape: (33, 1), dtype: uint16
Data:[[54]
 [54]
 [54]
 [55]
 [46]
 [52]
 [51]
 [48]
 [49]
 [50]
 [56]
 [57]
 [57]
 [57]
 [57]
 [57]
 [57]
 [45]
 [48]
 [32]
 [54]
 [54]
 [54]
 [55]
 [46]
 [52]
 [50]
 [50]
 [48]
 [53]
 [53]
 [45]
 [49]] 
------------------------ Dataset: gcy ------------------------
shape: (33, 1), dtype: uint16
Data:[[54]
 [54]
 [56]
 [51]
 [46]
 [51]
 [53]
 [49]
 [52]
 [49]
 [55]
 [57]
 [57]
 [57]
 [57]
 [57]
 [57]
 [45]
 [48]
 [32]
 [54]
 [54]
 [56]
 [51]
 [46]
 [51]
 [53]
 [56]
 [55]
 [49]
 [57]
 [45]
 [49]] 
------------------------ Dataset: gcz ------------------------
shape: (26, 1), dtype: uint16
Data:[[53]
 [57]
 [48]
 [49]
 [46]
 [50]
 [53]
 [55]
 [57]
 [51]
 [56]
 [45]
 [48]
 [32]
 [53]
 [57]
 [48]
 [49]
 [46]
 [50]
 [54]
 [53]
 [56]
 [53]
 [45]
 [49]] 
------------------------ Dataset: gd ------------------------

shape: (1, 6), dtype: uint32
Data:[[3707764736          2          1          1        127          1]] 
------------------------ Dataset: hcb ------------------------
shape: (25, 1), dtype: uint16
Data:[[54]
 [55]
 [54]
 [53]
 [46]
 [48]
 [51]
 [52]
 [52]
 [45]
 [48]
 [32]
 [54]
 [55]
 [54]
 [53]
 [46]
 [48]
 [51]
 [56]
 [49]
 [55]
 [53]
 [45]
 [49]] 
------------------------ Dataset: hcc ------------------------
shape: (33, 1), dtype: uint16
Data:[[54]
 [55]
 [56]
 [48]
 [46]
 [56]
 [57]
 [56]
 [51]
 [54]
 [50]
 [57]
 [57]
 [57]
 [57]
 [57]
 [57]
 [45]
 [48]
 [32]
 [54]
 [55]
 [56]
 [48]
 [46]
 [56]
 [57]
 [53]
 [50]
 [54]
 [52]
 [45]
 [49]] 
------------------------ Dataset: hcd ------------------------
shape: (27, 1), dtype: uint16
Data:[[54]
 [50]
 [57]
 [51]
 [46]
 [54]
 [52]
 [49]
 [56]
 [56]
 [55]
 [45]
 [48]
 [32]
 [54]
 [50]
 [57]
 [51]
 [46]
 [54]
 [52]
 [54]
 [50]
 [53]
 [57]
 [45]
 [49]] 
------------------------ Dataset: hce ------------------------
shape: (27, 1), dtype: uint16
Data:[[54]
 [51]
 [48]
 [57]
 [46]
 [52]
 [55]
 [51]
 [57]
 [53]
 [52]
 [45]
 [48]
 [32]
 [54]
 [51]
 [48]
 [57]
 [46]
 [52]
 [55]
 [48]
 [48]
 [50]
 [53]
 [45]
 [49]] 
------------------------ Dataset: hcf ------------------------
shape: (27, 1), dtype: uint16
Data:[[54]
 [51]
 [50]
 [53]
 [46]
 [50]
 [56]
 [57]
 [56]
 [56]
 [57]
 [45]
 [48]
 [32]
 [54]
 [51]
 [50]
 [53]
 [46]
 [50]
 [56]
 [53]
 [57]
 [54]
 [49]
 [45]
 [49]] 
------------------------ Dataset: hcg ------------------------
shape: (39, 1), dtype: uint16
Data:[[54]
 [51]
 [52]
 [49]
 [46]
 [49]
 [52]
 [50]
 [55]
 [48]
 [55]
 [57]
 [57]
 [57]
 [57]
 [57]
 [57]
 [45]
 [48]
 [32]
 [54]
 [51]
 [52]
 [49]
 [46]
 [49]
 [52]
 [50]
 [55]
 [50]
 [48]
 [57]
 [57]
 [57]
 [57]
 [57]
 [57]
 [45]
 [49]] 
------------------------ Dataset: hch ------------------------
shape: (33, 1), dtype: uint16
Data:[[54]
 [53]
 [48]
 [54]
 [46]
 [50]
 [53]
 [52]
 [53]
 [52]
 [51]
 [57]
 [57]
 [57]
 [57]
 [57]
 [57]
 [45]
 [48]
 [32]
 [54]
 [53]
 [48]
 [54]
 [46]
 [50]
 [53]
 [49]
 [55]
 [53]
 [50]
 [45]
 [49]] 
------------------------ Dataset: hci ------------------------
shape: (40, 1), dtype: uint16
Data:[[54]
 [53]
 [50]
 [50]
 [46]
 [48]
 [53]
 [56]
 [51]
 [54]
 [48]
 [57]
 [57]
 [57]
 [57]
 [57]
 [57]
 [45]
 [48]
 [32]
 [54]
 [53]
 [50]
 [50]
 [46]
 [48]
 [54]
 [54]
 [49]
 [55]
 [56]
 [57]
 [57]
 [57]
 [57]
 [57]
 [57]
 [53]
 [45]
 [49]] 
------------------------ Dataset: hcj ------------------------
shape: (27, 1), dtype: uint16
Data:[[54]
 [48]
 [49]
 [55]
 [46]
 [54]
 [51]
 [56]
 [57]
 [50]
 [55]
 [45]
 [48]
 [32]
 [54]
 [48]
 [49]
 [55]
 [46]
 [54]
 [51]
 [57]
 [48]
 [52]
 [52]
 [45]
 [49]] 
------------------------ Dataset: hck ------------------------
shape: (34, 1), dtype: uint16
Data:[[54]
 [48]
 [51]
 [51]
 [46]
 [52]
 [53]
 [51]
 [57]
 [53]
 [50]
 [45]
 [48]
 [32]
 [54]
 [48]
 [51]
 [51]
 [46]
 [52]
 [53]
 [51]
 [57]
 [49]
 [53]
 [57]
 [57]
 [57]
 [57]
 [57]
 [57]
 [53]
 [45]
 [49]] 
------------------------ Dataset: hcl ------------------------
shape: (33, 1), dtype: uint16
Data:[[54]
 [48]
 [52]
 [57]
 [46]
 [48]
 [54]
 [52]
 [52]
 [50]
 [53]
 [45]
 [48]
 [32]
 [54]
 [48]
 [52]
 [57]
 [46]
 [48]
 [54]
 [48]
 [55]
 [57]
 [49]
 [57]
 [57]
 [57]
 [57]
 [57]
 [57]
 [45]
 [49]] 
------------------------ Dataset: hcm ------------------------
shape: (32, 1), dtype: uint16
Data:[[54]
 [48]
 [54]
 [52]
 [46]
 [57]
 [52]
 [49]
 [56]
 [51]
 [45]
 [48]
 [32]
 [54]
 [48]
 [54]
 [52]
 [46]
 [57]
 [51]
 [56]
 [48]
 [54]
 [49]
 [57]
 [57]
 [57]
 [57]
 [57]
 [57]
 [45]
 [49]] 
------------------------ Dataset: hcn ------------------------
shape: (12, 1), dtype: uint16
Data:[[54]
 [48]
 [56]
 [48]
 [46]
 [56]
 [51]
 [49]
 [57]
 [52]
 [45]
 [48]] 
------------------------ Dataset: hco ------------------------
shape: (33, 1), dtype: uint16
Data:[[53]
 [54]
 [52]
 [49]
 [46]
 [53]
 [57]
 [55]
 [54]
 [50]
 [57]
 [57]
 [57]
 [57]
 [57]
 [57]
 [57]
 [45]
 [48]
 [32]
 [53]
 [54]
 [52]
 [49]
 [46]
 [53]
 [57]
 [51]
 [53]
 [55]
 [51]
 [45]
 [49]] 
------------------------ Dataset: hcp ------------------------
shape: (33, 1), dtype: uint16
Data:[[53]
 [54]
 [53]
 [55]
 [46]
 [51]
 [51]
 [51]
 [53]
 [55]
 [57]
 [45]
 [48]
 [32]
 [53]
 [54]
 [53]
 [55]
 [46]
 [51]
 [51]
 [55]
 [56]
 [48]
 [50]
 [57]
 [57]
 [57]
 [57]
 [57]
 [57]
 [45]
 [49]] 
------------------------ Dataset: hcq ------------------------
shape: (33, 1), dtype: uint16
Data:[[53]
 [54]
 [55]
 [51]
 [46]
 [48]
 [53]
 [51]
 [56]
 [50]
 [53]
 [57]
 [57]
 [57]
 [57]
 [57]
 [57]
 [45]
 [48]
 [32]
 [53]
 [54]
 [55]
 [51]
 [46]
 [48]
 [53]
 [51]
 [56]
 [51]
 [53]
 [45]
 [49]] 
------------------------ Dataset: hcr ------------------------
shape: (39, 1), dtype: uint16
Data:[[53]
 [54]
 [56]
 [56]
 [46]
 [56]
 [49]
 [51]
 [50]
 [52]
 [49]
 [57]
 [57]
 [57]
 [57]
 [57]
 [57]
 [45]
 [48]
 [32]
 [53]
 [54]
 [56]
 [56]
 [46]
 [56]
 [49]
 [52]
 [48]
 [53]
 [56]
 [57]
 [57]
 [57]
 [57]
 [57]
 [57]
 [45]
 [49]] 
------------------------ Dataset: hcs ------------------------
shape: (27, 1), dtype: uint16
Data:[[53]
 [56]
 [49]
 [53]
 [46]
 [48]
 [55]
 [51]
 [53]
 [57]
 [55]
 [45]
 [48]
 [32]
 [53]
 [56]
 [49]
 [53]
 [46]
 [48]
 [54]
 [57]
 [54]
 [50]
 [53]
 [45]
 [49]] 
------------------------ Dataset: hct ------------------------
shape: (33, 1), dtype: uint16
Data:[[54]
 [54]
 [48]
 [52]
 [46]
 [49]
 [51]
 [56]
 [48]
 [54]
 [53]
 [45]
 [48]
 [32]
 [54]
 [54]
 [48]
 [52]
 [46]
 [49]
 [52]
 [50]
 [48]
 [56]
 [49]
 [57]
 [57]
 [57]
 [57]
 [57]
 [57]
 [45]
 [49]] 
------------------------ Dataset: hcu ------------------------
shape: (39, 1), dtype: uint16
Data:[[54]
 [54]
 [50]
 [48]
 [46]
 [49]
 [50]
 [50]
 [49]
 [51]
 [51]
 [57]
 [57]
 [57]
 [57]
 [57]
 [57]
 [45]
 [48]
 [32]
 [54]
 [54]
 [50]
 [48]
 [46]
 [49]
 [50]
 [54]
 [48]
 [56]
 [53]
 [57]
 [57]
 [57]
 [57]
 [57]
 [57]
 [45]
 [49]] 
------------------------ Dataset: hcv ------------------------
shape: (39, 1), dtype: uint16
Data:[[54]
 [54]
 [51]
 [53]
 [46]
 [57]
 [55]
 [48]
 [57]
 [50]
 [51]
 [57]
 [57]
 [57]
 [57]
 [57]
 [57]
 [45]
 [48]
 [32]
 [54]
 [54]
 [51]
 [53]
 [46]
 [57]
 [54]
 [55]
 [48]
 [55]
 [51]
 [57]
 [57]
 [57]
 [57]
 [57]
 [57]
 [45]
 [49]] 
------------------------ Dataset: hcw ------------------------
shape: (32, 1), dtype: uint16
Data:[[54]
 [54]
 [53]
 [49]
 [46]
 [53]
 [55]
 [56]
 [48]
 [57]
 [48]
 [57]
 [57]
 [57]
 [57]
 [57]
 [57]
 [45]
 [48]
 [32]
 [54]
 [54]
 [53]
 [49]
 [46]
 [53]
 [55]
 [52]
 [49]
 [51]
 [45]
 [49]] 
------------------------ Dataset: hcx ------------------------
shape: (32, 1), dtype: uint16
Data:[[54]
 [54]
 [54]
 [55]
 [46]
 [52]
 [51]
 [48]
 [49]
 [50]
 [56]
 [57]
 [57]
 [57]
 [57]
 [57]
 [57]
 [45]
 [48]
 [32]
 [54]
 [54]
 [54]
 [55]
 [46]
 [52]
 [51]
 [48]
 [49]
 [51]
 [45]
 [49]] 
------------------------ Dataset: hcy ------------------------
shape: (27, 1), dtype: uint16
Data:[[54]
 [54]
 [56]
 [51]
 [46]
 [51]
 [53]
 [55]
 [53]
 [55]
 [53]
 [45]
 [48]
 [32]
 [54]
 [54]
 [56]
 [51]
 [46]
 [51]
 [53]
 [56]
 [55]
 [49]
 [57]
 [45]
 [49]] 
------------------------ Dataset: hcz ------------------------
shape: (32, 1), dtype: uint16
Data:[[53]
 [57]
 [48]
 [49]
 [46]
 [50]
 [54]
 [53]
 [54]
 [55]
 [51]
 [57]
 [57]
 [57]
 [57]
 [57]
 [57]
 [45]
 [48]
 [32]
 [53]
 [57]
 [48]
 [49]
 [46]
 [50]
 [54]
 [53]
 [56]
 [53]
 [45]
 [49]] 
------------------------ Dataset: hd ------------------------

shape: (1, 6), dtype: uint32
Data:[[3707764736          2          1          1        128          1]] 
------------------------ Dataset: icb ------------------------
shape: (33, 1), dtype: uint16
Data:[[54]
 [55]
 [54]
 [53]
 [46]
 [48]
 [52]
 [50]
 [49]
 [54]
 [53]
 [57]
 [57]
 [57]
 [57]
 [57]
 [57]
 [45]
 [48]
 [32]
 [54]
 [55]
 [54]
 [53]
 [46]
 [48]
 [51]
 [56]
 [49]
 [55]
 [53]
 [45]
 [49]] 
------------------------ Dataset: icc ------------------------
shape: (33, 1), dtype: uint16
Data:[[54]
 [55]
 [56]
 [48]
 [46]
 [56]
 [57]
 [56]
 [51]
 [54]
 [50]
 [57]
 [57]
 [57]
 [57]
 [57]
 [57]
 [45]
 [48]
 [32]
 [54]
 [55]
 [56]
 [48]
 [46]
 [57]
 [48]
 [50]
 [49]
 [57]
 [56]
 [45]
 [49]] 
------------------------ Dataset: icd ------------------------
shape: (27, 1), dtype: uint16
Data:[[54]
 [50]
 [57]
 [51]
 [46]
 [54]
 [53]
 [48]
 [49]
 [53]
 [54]
 [45]
 [48]
 [32]
 [54]
 [50]
 [57]
 [51]
 [46]
 [54]
 [52]
 [54]
 [50]
 [53]
 [57]
 [45]
 [49]] 
------------------------ Dataset: ice ------------------------
shape: (27, 1), dtype: uint16
Data:[[54]
 [51]
 [48]
 [57]
 [46]
 [52]
 [55]
 [51]
 [57]
 [53]
 [52]
 [45]
 [48]
 [32]
 [54]
 [51]
 [48]
 [57]
 [46]
 [52]
 [55]
 [56]
 [48]
 [49]
 [54]
 [45]
 [49]] 
------------------------ Dataset: icf ------------------------
shape: (33, 1), dtype: uint16
Data:[[54]
 [51]
 [50]
 [53]
 [46]
 [50]
 [56]
 [57]
 [56]
 [56]
 [57]
 [45]
 [48]
 [32]
 [54]
 [51]
 [50]
 [53]
 [46]
 [50]
 [57]
 [51]
 [56]
 [53]
 [56]
 [57]
 [57]
 [57]
 [57]
 [57]
 [57]
 [45]
 [49]] 
------------------------ Dataset: icg ------------------------
shape: (33, 1), dtype: uint16
Data:[[54]
 [51]
 [52]
 [49]
 [46]
 [49]
 [53]
 [48]
 [54]
 [56]
 [49]
 [45]
 [48]
 [32]
 [54]
 [51]
 [52]
 [49]
 [46]
 [49]
 [52]
 [50]
 [55]
 [50]
 [48]
 [57]
 [57]
 [57]
 [57]
 [57]
 [57]
 [45]
 [49]] 
------------------------ Dataset: ich ------------------------
shape: (33, 1), dtype: uint16
Data:[[54]
 [53]
 [48]
 [54]
 [46]
 [50]
 [53]
 [52]
 [53]
 [52]
 [51]
 [57]
 [57]
 [57]
 [57]
 [57]
 [57]
 [45]
 [48]
 [32]
 [54]
 [53]
 [48]
 [54]
 [46]
 [50]
 [53]
 [56]
 [56]
 [51]
 [57]
 [45]
 [49]] 
------------------------ Dataset: ici ------------------------
shape: (34, 1), dtype: uint16
Data:[[54]
 [53]
 [50]
 [50]
 [46]
 [48]
 [55]
 [48]
 [48]
 [52]
 [56]
 [45]
 [48]
 [32]
 [54]
 [53]
 [50]
 [50]
 [46]
 [48]
 [54]
 [54]
 [49]
 [55]
 [56]
 [57]
 [57]
 [57]
 [57]
 [57]
 [57]
 [53]
 [45]
 [49]] 
------------------------ Dataset: icj ------------------------
shape: (27, 1), dtype: uint16
Data:[[54]
 [48]
 [49]
 [55]
 [46]
 [54]
 [52]
 [57]
 [49]
 [57]
 [55]
 [45]
 [48]
 [32]
 [54]
 [48]
 [49]
 [55]
 [46]
 [54]
 [51]
 [57]
 [48]
 [52]
 [52]
 [45]
 [49]] 
------------------------ Dataset: ick ------------------------
shape: (27, 1), dtype: uint16
Data:[[54]
 [48]
 [51]
 [51]
 [46]
 [52]
 [53]
 [51]
 [57]
 [53]
 [50]
 [45]
 [48]
 [32]
 [54]
 [48]
 [51]
 [51]
 [46]
 [52]
 [53]
 [55]
 [55]
 [52]
 [54]
 [45]
 [49]] 
------------------------ Dataset: icl ------------------------
shape: (27, 1), dtype: uint16
Data:[[54]
 [48]
 [52]
 [57]
 [46]
 [48]
 [54]
 [52]
 [52]
 [50]
 [53]
 [45]
 [48]
 [32]
 [54]
 [48]
 [52]
 [57]
 [46]
 [48]
 [54]
 [52]
 [56]
 [52]
 [50]
 [45]
 [49]] 
------------------------ Dataset: icm ------------------------
shape: (26, 1), dtype: uint16
Data:[[54]
 [48]
 [54]
 [52]
 [46]
 [57]
 [52]
 [49]
 [56]
 [51]
 [45]
 [48]
 [32]
 [54]
 [48]
 [54]
 [52]
 [46]
 [57]
 [52]
 [53]
 [56]
 [50]
 [50]
 [45]
 [49]] 
------------------------ Dataset: icn ------------------------
shape: (34, 1), dtype: uint16
Data:[[54]
 [48]
 [56]
 [48]
 [46]
 [56]
 [54]
 [48]
 [53]
 [49]
 [55]
 [57]
 [57]
 [57]
 [57]
 [57]
 [57]
 [53]
 [45]
 [48]
 [32]
 [54]
 [48]
 [56]
 [48]
 [46]
 [56]
 [53]
 [57]
 [56]
 [51]
 [54]
 [45]
 [49]] 
------------------------ Dataset: ico ------------------------
shape: (33, 1), dtype: uint16
Data:[[53]
 [54]
 [52]
 [49]
 [46]
 [53]
 [57]
 [55]
 [54]
 [50]
 [57]
 [57]
 [57]
 [57]
 [57]
 [57]
 [57]
 [45]
 [48]
 [32]
 [53]
 [54]
 [52]
 [49]
 [46]
 [54]
 [48]
 [49]
 [55]
 [57]
 [54]
 [45]
 [49]] 
------------------------ Dataset: icp ------------------------
shape: (39, 1), dtype: uint16
Data:[[53]
 [54]
 [53]
 [55]
 [46]
 [51]
 [52]
 [49]
 [54]
 [49]
 [52]
 [57]
 [57]
 [57]
 [57]
 [57]
 [57]
 [45]
 [48]
 [32]
 [53]
 [54]
 [53]
 [55]
 [46]
 [51]
 [51]
 [55]
 [56]
 [48]
 [50]
 [57]
 [57]
 [57]
 [57]
 [57]
 [57]
 [45]
 [49]] 
------------------------ Dataset: icq ------------------------
shape: (27, 1), dtype: uint16
Data:[[53]
 [54]
 [55]
 [51]
 [46]
 [48]
 [53]
 [57]
 [53]
 [48]
 [57]
 [45]
 [48]
 [32]
 [53]
 [54]
 [55]
 [51]
 [46]
 [48]
 [53]
 [51]
 [56]
 [51]
 [53]
 [45]
 [49]] 
------------------------ Dataset: icr ------------------------
shape: (33, 1), dtype: uint16
Data:[[53]
 [54]
 [56]
 [56]
 [46]
 [56]
 [49]
 [56]
 [50]
 [51]
 [53]
 [45]
 [48]
 [32]
 [53]
 [54]
 [56]
 [56]
 [46]
 [56]
 [49]
 [52]
 [48]
 [53]
 [56]
 [57]
 [57]
 [57]
 [57]
 [57]
 [57]
 [45]
 [49]] 
------------------------ Dataset: ics ------------------------
shape: (34, 1), dtype: uint16
Data:[[53]
 [56]
 [49]
 [53]
 [46]
 [48]
 [55]
 [51]
 [53]
 [57]
 [55]
 [45]
 [48]
 [32]
 [53]
 [56]
 [49]
 [53]
 [46]
 [48]
 [55]
 [55]
 [54]
 [52]
 [55]
 [57]
 [57]
 [57]
 [57]
 [57]
 [57]
 [53]
 [45]
 [49]] 
------------------------ Dataset: ict ------------------------
shape: (39, 1), dtype: uint16
Data:[[54]
 [54]
 [48]
 [52]
 [46]
 [49]
 [52]
 [54]
 [48]
 [52]
 [49]
 [57]
 [57]
 [57]
 [57]
 [57]
 [57]
 [45]
 [48]
 [32]
 [54]
 [54]
 [48]
 [52]
 [46]
 [49]
 [52]
 [50]
 [48]
 [56]
 [49]
 [57]
 [57]
 [57]
 [57]
 [57]
 [57]
 [45]
 [49]] 
------------------------ Dataset: icu ------------------------
shape: (33, 1), dtype: uint16
Data:[[54]
 [54]
 [50]
 [48]
 [46]
 [49]
 [51]
 [48]
 [48]
 [57]
 [51]
 [45]
 [48]
 [32]
 [54]
 [54]
 [50]
 [48]
 [46]
 [49]
 [50]
 [54]
 [48]
 [56]
 [53]
 [57]
 [57]
 [57]
 [57]
 [57]
 [57]
 [45]
 [49]] 
------------------------ Dataset: icv ------------------------
shape: (33, 1), dtype: uint16
Data:[[54]
 [54]
 [51]
 [53]
 [46]
 [57]
 [55]
 [48]
 [57]
 [50]
 [51]
 [57]
 [57]
 [57]
 [57]
 [57]
 [57]
 [45]
 [48]
 [32]
 [54]
 [54]
 [51]
 [53]
 [46]
 [57]
 [55]
 [52]
 [50]
 [53]
 [49]
 [45]
 [49]] 
------------------------ Dataset: icw ------------------------
shape: (39, 1), dtype: uint16
Data:[[54]
 [54]
 [53]
 [49]
 [46]
 [53]
 [55]
 [56]
 [48]
 [57]
 [48]
 [57]
 [57]
 [57]
 [57]
 [57]
 [57]
 [45]
 [48]
 [32]
 [54]
 [54]
 [53]
 [49]
 [46]
 [53]
 [56]
 [50]
 [49]
 [56]
 [52]
 [57]
 [57]
 [57]
 [57]
 [57]
 [57]
 [45]
 [49]] 
------------------------ Dataset: icx ------------------------
shape: (26, 1), dtype: uint16
Data:[[54]
 [54]
 [54]
 [55]
 [46]
 [52]
 [51]
 [55]
 [57]
 [57]
 [51]
 [45]
 [48]
 [32]
 [54]
 [54]
 [54]
 [55]
 [46]
 [52]
 [51]
 [48]
 [49]
 [51]
 [45]
 [49]] 
------------------------ Dataset: icy ------------------------
shape: (27, 1), dtype: uint16
Data:[[54]
 [54]
 [56]
 [51]
 [46]
 [51]
 [54]
 [50]
 [53]
 [54]
 [56]
 [45]
 [48]
 [32]
 [54]
 [54]
 [56]
 [51]
 [46]
 [51]
 [53]
 [56]
 [55]
 [49]
 [57]
 [45]
 [49]] 
------------------------ Dataset: icz ------------------------
shape: (26, 1), dtype: uint16
Data:[[53]
 [57]
 [48]
 [49]
 [46]
 [50]
 [55]
 [51]
 [54]
 [49]
 [49]
 [45]
 [48]
 [32]
 [53]
 [57]
 [48]
 [49]
 [46]
 [50]
 [54]
 [53]
 [56]
 [53]
 [45]
 [49]] 
------------------------ Dataset: id ------------------------

shape: (1, 6), dtype: uint32
Data:[[3707764736          2          1          1        129          1]] 
------------------------ Dataset: jcb ------------------------
shape: (39, 1), dtype: uint16
Data:[[54]
 [55]
 [54]
 [53]
 [46]
 [48]
 [52]
 [50]
 [49]
 [54]
 [53]
 [57]
 [57]
 [57]
 [57]
 [57]
 [57]
 [45]
 [48]
 [32]
 [54]
 [55]
 [54]
 [53]
 [46]
 [48]
 [52]
 [54]
 [49]
 [56]
 [55]
 [57]
 [57]
 [57]
 [57]
 [57]
 [57]
 [45]
 [49]] 
------------------------ Dataset: jcc ------------------------
shape: (27, 1), dtype: uint16
Data:[[54]
 [55]
 [56]
 [48]
 [46]
 [57]
 [48]
 [54]
 [49]
 [50]
 [52]
 [45]
 [48]
 [32]
 [54]
 [55]
 [56]
 [48]
 [46]
 [57]
 [48]
 [50]
 [49]
 [57]
 [56]
 [45]
 [49]] 
------------------------ Dataset: jcd ------------------------
shape: (34, 1), dtype: uint16
Data:[[54]
 [50]
 [57]
 [51]
 [46]
 [54]
 [53]
 [48]
 [49]
 [53]
 [54]
 [45]
 [48]
 [32]
 [54]
 [50]
 [57]
 [51]
 [46]
 [54]
 [53]
 [52]
 [57]
 [48]
 [55]
 [57]
 [57]
 [57]
 [57]
 [57]
 [57]
 [53]
 [45]
 [49]] 
------------------------ Dataset: jce ------------------------
shape: (27, 1), dtype: uint16
Data:[[54]
 [51]
 [48]
 [57]
 [46]
 [52]
 [56]
 [50]
 [48]
 [49]
 [57]
 [45]
 [48]
 [32]
 [54]
 [51]
 [48]
 [57]
 [46]
 [52]
 [55]
 [56]
 [48]
 [49]
 [54]
 [45]
 [49]] 
------------------------ Dataset: jcf ------------------------
shape: (39, 1), dtype: uint16
Data:[[54]
 [51]
 [50]
 [53]
 [46]
 [50]
 [57]
 [55]
 [56]
 [50]
 [51]
 [57]
 [57]
 [57]
 [57]
 [57]
 [57]
 [45]
 [48]
 [32]
 [54]
 [51]
 [50]
 [53]
 [46]
 [50]
 [57]
 [51]
 [56]
 [53]
 [56]
 [57]
 [57]
 [57]
 [57]
 [57]
 [57]
 [45]
 [49]] 
------------------------ Dataset: jcg ------------------------
shape: (34, 1), dtype: uint16
Data:[[54]
 [51]
 [52]
 [49]
 [46]
 [49]
 [53]
 [48]
 [54]
 [56]
 [49]
 [45]
 [48]
 [32]
 [54]
 [51]
 [52]
 [49]
 [46]
 [49]
 [53]
 [48]
 [56]
 [55]
 [55]
 [57]
 [57]
 [57]
 [57]
 [57]
 [57]
 [53]
 [45]
 [49]] 
------------------------ Dataset: jch ------------------------
shape: (33, 1), dtype: uint16
Data:[[54]
 [53]
 [48]
 [54]
 [46]
 [50]
 [54]
 [50]
 [53]
 [49]
 [52]
 [57]
 [57]
 [57]
 [57]
 [57]
 [57]
 [45]
 [48]
 [32]
 [54]
 [53]
 [48]
 [54]
 [46]
 [50]
 [53]
 [56]
 [56]
 [51]
 [57]
 [45]
 [49]] 
------------------------ Dataset: jci ------------------------
shape: (27, 1), dtype: uint16
Data:[[54]
 [53]
 [50]
 [50]
 [46]
 [48]
 [55]
 [48]
 [48]
 [52]
 [56]
 [45]
 [48]
 [32]
 [54]
 [53]
 [50]
 [50]
 [46]
 [48]
 [55]
 [52]
 [48]
 [48]
 [52]
 [45]
 [49]] 
------------------------ Dataset: jcj ------------------------
shape: (26, 1), dtype: uint16
Data:[[54]
 [48]
 [49]
 [55]
 [46]
 [54]
 [52]
 [57]
 [49]
 [57]
 [55]
 [45]
 [48]
 [32]
 [54]
 [48]
 [49]
 [55]
 [46]
 [54]
 [53]
 [51]
 [49]
 [51]
 [45]
 [49]] 
------------------------ Dataset: jck ------------------------
shape: (33, 1), dtype: uint16
Data:[[54]
 [48]
 [51]
 [51]
 [46]
 [52]
 [54]
 [50]
 [50]
 [48]
 [53]
 [57]
 [57]
 [57]
 [57]
 [57]
 [57]
 [45]
 [48]
 [32]
 [54]
 [48]
 [51]
 [51]
 [46]
 [52]
 [53]
 [55]
 [55]
 [52]
 [54]
 [45]
 [49]] 
------------------------ Dataset: jcl ------------------------
shape: (33, 1), dtype: uint16
Data:[[54]
 [48]
 [52]
 [57]
 [46]
 [48]
 [54]
 [57]
 [57]
 [54]
 [56]
 [57]
 [57]
 [57]
 [57]
 [57]
 [57]
 [45]
 [48]
 [32]
 [54]
 [48]
 [52]
 [57]
 [46]
 [48]
 [54]
 [52]
 [56]
 [52]
 [50]
 [45]
 [49]] 
------------------------ Dataset: jcm ------------------------
shape: (27, 1), dtype: uint16
Data:[[54]
 [48]
 [54]
 [52]
 [46]
 [57]
 [52]
 [57]
 [55]
 [54]
 [52]
 [45]
 [48]
 [32]
 [54]
 [48]
 [54]
 [52]
 [46]
 [57]
 [52]
 [53]
 [56]
 [50]
 [50]
 [45]
 [49]] 
------------------------ Dataset: jcn ------------------------
shape: (40, 1), dtype: uint16
Data:[[54]
 [48]
 [56]
 [48]
 [46]
 [56]
 [54]
 [48]
 [53]
 [49]
 [55]
 [57]
 [57]
 [57]
 [57]
 [57]
 [57]
 [53]
 [45]
 [48]
 [32]
 [54]
 [48]
 [56]
 [48]
 [46]
 [56]
 [54]
 [54]
 [51]
 [52]
 [57]
 [57]
 [57]
 [57]
 [57]
 [57]
 [57]
 [45]
 [49]] 
------------------------ Dataset: jco ------------------------
shape: (33, 1), dtype: uint16
Data:[[53]
 [54]
 [52]
 [49]
 [46]
 [54]
 [48]
 [53]
 [53]
 [55]
 [54]
 [57]
 [57]
 [57]
 [57]
 [57]
 [57]
 [45]
 [48]
 [32]
 [53]
 [54]
 [52]
 [49]
 [46]
 [54]
 [48]
 [49]
 [55]
 [57]
 [54]
 [45]
 [49]] 
------------------------ Dataset: jcp ------------------------
shape: (39, 1), dtype: uint16
Data:[[53]
 [54]
 [53]
 [55]
 [46]
 [51]
 [52]
 [49]
 [54]
 [49]
 [52]
 [57]
 [57]
 [57]
 [57]
 [57]
 [57]
 [45]
 [48]
 [32]
 [53]
 [54]
 [53]
 [55]
 [46]
 [51]
 [52]
 [53]
 [55]
 [51]
 [53]
 [57]
 [57]
 [57]
 [57]
 [57]
 [57]
 [45]
 [49]] 
------------------------ Dataset: jcq ------------------------
shape: (27, 1), dtype: uint16
Data:[[53]
 [54]
 [55]
 [51]
 [46]
 [48]
 [53]
 [57]
 [53]
 [48]
 [57]
 [45]
 [48]
 [32]
 [53]
 [54]
 [55]
 [51]
 [46]
 [48]
 [54]
 [49]
 [56]
 [56]
 [50]
 [45]
 [49]] 
------------------------ Dataset: jcr ------------------------
shape: (27, 1), dtype: uint16
Data:[[53]
 [54]
 [56]
 [56]
 [46]
 [56]
 [49]
 [56]
 [50]
 [51]
 [53]
 [45]
 [48]
 [32]
 [53]
 [54]
 [56]
 [56]
 [46]
 [56]
 [50]
 [49]
 [55]
 [49]
 [53]
 [45]
 [49]] 
------------------------ Dataset: jcs ------------------------
shape: (40, 1), dtype: uint16
Data:[[53]
 [56]
 [49]
 [53]
 [46]
 [48]
 [56]
 [49]
 [53]
 [56]
 [56]
 [57]
 [57]
 [57]
 [57]
 [57]
 [57]
 [45]
 [48]
 [32]
 [53]
 [56]
 [49]
 [53]
 [46]
 [48]
 [55]
 [55]
 [54]
 [52]
 [55]
 [57]
 [57]
 [57]
 [57]
 [57]
 [57]
 [53]
 [45]
 [49]] 
------------------------ Dataset: jct ------------------------
shape: (33, 1), dtype: uint16
Data:[[54]
 [54]
 [48]
 [52]
 [46]
 [49]
 [52]
 [54]
 [48]
 [52]
 [49]
 [57]
 [57]
 [57]
 [57]
 [57]
 [57]
 [45]
 [48]
 [32]
 [54]
 [54]
 [48]
 [52]
 [46]
 [49]
 [53]
 [48]
 [48]
 [51]
 [53]
 [45]
 [49]] 
------------------------ Dataset: jcu ------------------------
shape: (27, 1), dtype: uint16
Data:[[54]
 [54]
 [50]
 [48]
 [46]
 [49]
 [51]
 [48]
 [48]
 [57]
 [51]
 [45]
 [48]
 [32]
 [54]
 [54]
 [50]
 [48]
 [46]
 [49]
 [51]
 [52]
 [49]
 [49]
 [53]
 [45]
 [49]] 
------------------------ Dataset: jcv ------------------------
shape: (26, 1), dtype: uint16
Data:[[54]
 [54]
 [51]
 [53]
 [46]
 [57]
 [55]
 [56]
 [49]
 [49]
 [45]
 [48]
 [32]
 [54]
 [54]
 [51]
 [53]
 [46]
 [57]
 [55]
 [52]
 [50]
 [53]
 [49]
 [45]
 [49]] 
------------------------ Dataset: jcw ------------------------
shape: (33, 1), dtype: uint16
Data:[[54]
 [54]
 [53]
 [49]
 [46]
 [53]
 [56]
 [54]
 [48]
 [50]
 [51]
 [45]
 [48]
 [32]
 [54]
 [54]
 [53]
 [49]
 [46]
 [53]
 [56]
 [50]
 [49]
 [56]
 [52]
 [57]
 [57]
 [57]
 [57]
 [57]
 [57]
 [45]
 [49]] 
------------------------ Dataset: jcx ------------------------
shape: (27, 1), dtype: uint16
Data:[[54]
 [54]
 [54]
 [55]
 [46]
 [52]
 [51]
 [55]
 [57]
 [57]
 [51]
 [45]
 [48]
 [32]
 [54]
 [54]
 [54]
 [55]
 [46]
 [52]
 [51]
 [55]
 [57]
 [57]
 [52]
 [45]
 [49]] 
------------------------ Dataset: jcy ------------------------
shape: (26, 1), dtype: uint16
Data:[[54]
 [54]
 [56]
 [51]
 [46]
 [51]
 [54]
 [50]
 [53]
 [54]
 [56]
 [45]
 [48]
 [32]
 [54]
 [54]
 [56]
 [51]
 [46]
 [51]
 [54]
 [54]
 [53]
 [49]
 [45]
 [49]] 
------------------------ Dataset: jcz ------------------------
shape: (27, 1), dtype: uint16
Data:[[53]
 [57]
 [48]
 [49]
 [46]
 [50]
 [55]
 [51]
 [54]
 [49]
 [49]
 [45]
 [48]
 [32]
 [53]
 [57]
 [48]
 [49]
 [46]
 [50]
 [55]
 [51]
 [54]
 [50]
 [56]
 [45]
 [49]] 
------------------------ Dataset: jd ------------------------

shape: (1, 6), dtype: uint32
Data:[[3707764736          2          1          1        130          1]] 
------------------------ Dataset: kcb ------------------------
shape: (33, 1), dtype: uint16
Data:[[54]
 [55]
 [54]
 [53]
 [46]
 [48]
 [53]
 [48]
 [49]
 [48]
 [57]
 [45]
 [48]
 [32]
 [54]
 [55]
 [54]
 [53]
 [46]
 [48]
 [52]
 [54]
 [49]
 [56]
 [55]
 [57]
 [57]
 [57]
 [57]
 [57]
 [57]
 [45]
 [49]] 
------------------------ Dataset: kcc ------------------------
shape: (27, 1), dtype: uint16
Data:[[54]
 [55]
 [56]
 [48]
 [46]
 [57]
 [48]
 [54]
 [49]
 [50]
 [52]
 [45]
 [48]
 [32]
 [54]
 [55]
 [56]
 [48]
 [46]
 [57]
 [49]
 [48]
 [49]
 [50]
 [49]
 [45]
 [49]] 
------------------------ Dataset: kcd ------------------------
shape: (34, 1), dtype: uint16
Data:[[54]
 [50]
 [57]
 [51]
 [46]
 [54]
 [53]
 [55]
 [56]
 [54]
 [52]
 [45]
 [48]
 [32]
 [54]
 [50]
 [57]
 [51]
 [46]
 [54]
 [53]
 [52]
 [57]
 [48]
 [55]
 [57]
 [57]
 [57]
 [57]
 [57]
 [57]
 [53]
 [45]
 [49]] 
------------------------ Dataset: kce ------------------------
shape: (27, 1), dtype: uint16
Data:[[54]
 [51]
 [48]
 [57]
 [46]
 [52]
 [56]
 [50]
 [48]
 [49]
 [57]
 [45]
 [48]
 [32]
 [54]
 [51]
 [48]
 [57]
 [46]
 [52]
 [56]
 [53]
 [56]
 [55]
 [49]
 [45]
 [49]] 
------------------------ Dataset: kcf ------------------------
shape: (39, 1), dtype: uint16
Data:[[54]
 [51]
 [50]
 [53]
 [46]
 [50]
 [57]
 [55]
 [56]
 [50]
 [51]
 [57]
 [57]
 [57]
 [57]
 [57]
 [57]
 [45]
 [48]
 [32]
 [54]
 [51]
 [50]
 [53]
 [46]
 [51]
 [48]
 [54]
 [54]
 [49]
 [49]
 [57]
 [57]
 [57]
 [57]
 [57]
 [57]
 [45]
 [49]] 
------------------------ Dataset: kcg ------------------------
shape: (34, 1), dtype: uint16
Data:[[54]
 [51]
 [52]
 [49]
 [46]
 [49]
 [53]
 [56]
 [53]
 [51]
 [49]
 [45]
 [48]
 [32]
 [54]
 [51]
 [52]
 [49]
 [46]
 [49]
 [53]
 [48]
 [56]
 [55]
 [55]
 [57]
 [57]
 [57]
 [57]
 [57]
 [57]
 [53]
 [45]
 [49]] 
------------------------ Dataset: kch ------------------------
shape: (33, 1), dtype: uint16
Data:[[54]
 [53]
 [48]
 [54]
 [46]
 [50]
 [54]
 [50]
 [53]
 [49]
 [52]
 [57]
 [57]
 [57]
 [57]
 [57]
 [57]
 [45]
 [48]
 [32]
 [54]
 [53]
 [48]
 [54]
 [46]
 [50]
 [54]
 [54]
 [50]
 [51]
 [50]
 [45]
 [49]] 
------------------------ Dataset: kci ------------------------
shape: (27, 1), dtype: uint16
Data:[[54]
 [53]
 [50]
 [50]
 [46]
 [48]
 [55]
 [56]
 [49]
 [50]
 [55]
 [45]
 [48]
 [32]
 [54]
 [53]
 [50]
 [50]
 [46]
 [48]
 [55]
 [52]
 [48]
 [48]
 [52]
 [45]
 [49]] 
------------------------ Dataset: kcj ------------------------
shape: (26, 1), dtype: uint16
Data:[[54]
 [48]
 [49]
 [55]
 [46]
 [54]
 [54]
 [48]
 [50]
 [55]
 [49]
 [45]
 [48]
 [32]
 [54]
 [48]
 [49]
 [55]
 [46]
 [54]
 [53]
 [51]
 [49]
 [51]
 [45]
 [49]] 
------------------------ Dataset: kck ------------------------
shape: (33, 1), dtype: uint16
Data:[[54]
 [48]
 [51]
 [51]
 [46]
 [52]
 [54]
 [50]
 [50]
 [48]
 [53]
 [57]
 [57]
 [57]
 [57]
 [57]
 [57]
 [45]
 [48]
 [32]
 [54]
 [48]
 [51]
 [51]
 [46]
 [52]
 [54]
 [53]
 [55]
 [53]
 [55]
 [45]
 [49]] 
------------------------ Dataset: kcl ------------------------
shape: (33, 1), dtype: uint16
Data:[[54]
 [48]
 [52]
 [57]
 [46]
 [48]
 [54]
 [57]
 [57]
 [54]
 [56]
 [57]
 [57]
 [57]
 [57]
 [57]
 [57]
 [45]
 [48]
 [32]
 [54]
 [48]
 [52]
 [57]
 [46]
 [48]
 [54]
 [56]
 [56]
 [49]
 [53]
 [45]
 [49]] 
------------------------ Dataset: kcm ------------------------
shape: (26, 1), dtype: uint16
Data:[[54]
 [48]
 [54]
 [52]
 [46]
 [57]
 [52]
 [57]
 [55]
 [54]
 [52]
 [45]
 [48]
 [32]
 [54]
 [48]
 [54]
 [52]
 [46]
 [57]
 [53]
 [51]
 [55]
 [57]
 [45]
 [49]] 
------------------------ Dataset: kcn ------------------------
shape: (39, 1), dtype: uint16
Data:[[54]
 [48]
 [56]
 [48]
 [46]
 [56]
 [54]
 [55]
 [50]
 [49]
 [55]
 [57]
 [57]
 [57]
 [57]
 [57]
 [57]
 [45]
 [48]
 [32]
 [54]
 [48]
 [56]
 [48]
 [46]
 [56]
 [54]
 [54]
 [51]
 [52]
 [57]
 [57]
 [57]
 [57]
 [57]
 [57]
 [57]
 [45]
 [49]] 
------------------------ Dataset: kco ------------------------
shape: (39, 1), dtype: uint16
Data:[[53]
 [54]
 [52]
 [49]
 [46]
 [54]
 [48]
 [53]
 [53]
 [55]
 [54]
 [57]
 [57]
 [57]
 [57]
 [57]
 [57]
 [45]
 [48]
 [32]
 [53]
 [54]
 [52]
 [49]
 [46]
 [54]
 [49]
 [48]
 [48]
 [49]
 [55]
 [57]
 [57]
 [57]
 [57]
 [57]
 [57]
 [45]
 [49]] 
------------------------ Dataset: kcp ------------------------
shape: (33, 1), dtype: uint16
Data:[[53]
 [54]
 [53]
 [55]
 [46]
 [51]
 [52]
 [57]
 [53]
 [53]
 [55]
 [45]
 [48]
 [32]
 [53]
 [54]
 [53]
 [55]
 [46]
 [51]
 [52]
 [53]
 [55]
 [51]
 [53]
 [57]
 [57]
 [57]
 [57]
 [57]
 [57]
 [45]
 [49]] 
------------------------ Dataset: kcq ------------------------
shape: (27, 1), dtype: uint16
Data:[[53]
 [54]
 [55]
 [51]
 [46]
 [48]
 [54]
 [54]
 [48]
 [49]
 [57]
 [45]
 [48]
 [32]
 [53]
 [54]
 [55]
 [51]
 [46]
 [48]
 [54]
 [49]
 [56]
 [56]
 [50]
 [45]
 [49]] 
------------------------ Dataset: kcr ------------------------
shape: (27, 1), dtype: uint16
Data:[[53]
 [54]
 [56]
 [56]
 [46]
 [56]
 [50]
 [55]
 [56]
 [53]
 [51]
 [45]
 [48]
 [32]
 [53]
 [54]
 [56]
 [56]
 [46]
 [56]
 [50]
 [49]
 [55]
 [49]
 [53]
 [45]
 [49]] 
------------------------ Dataset: kcs ------------------------
shape: (33, 1), dtype: uint16
Data:[[53]
 [56]
 [49]
 [53]
 [46]
 [48]
 [56]
 [49]
 [53]
 [56]
 [56]
 [57]
 [57]
 [57]
 [57]
 [57]
 [57]
 [45]
 [48]
 [32]
 [53]
 [56]
 [49]
 [53]
 [46]
 [48]
 [56]
 [53]
 [53]
 [57]
 [54]
 [45]
 [49]] 
------------------------ Dataset: kct ------------------------
shape: (34, 1), dtype: uint16
Data:[[54]
 [54]
 [48]
 [52]
 [46]
 [49]
 [53]
 [51]
 [57]
 [56]
 [48]
 [57]
 [57]
 [57]
 [57]
 [57]
 [57]
 [53]
 [45]
 [48]
 [32]
 [54]
 [54]
 [48]
 [52]
 [46]
 [49]
 [53]
 [48]
 [48]
 [51]
 [53]
 [45]
 [49]] 
------------------------ Dataset: kcu ------------------------
shape: (27, 1), dtype: uint16
Data:[[54]
 [54]
 [50]
 [48]
 [46]
 [49]
 [51]
 [56]
 [50]
 [52]
 [55]
 [45]
 [48]
 [32]
 [54]
 [54]
 [50]
 [48]
 [46]
 [49]
 [51]
 [52]
 [49]
 [49]
 [53]
 [45]
 [49]] 
------------------------ Dataset: kcv ------------------------
shape: (32, 1), dtype: uint16
Data:[[54]
 [54]
 [51]
 [53]
 [46]
 [57]
 [55]
 [56]
 [49]
 [49]
 [45]
 [48]
 [32]
 [54]
 [54]
 [51]
 [53]
 [46]
 [57]
 [56]
 [50]
 [48]
 [57]
 [49]
 [57]
 [57]
 [57]
 [57]
 [57]
 [57]
 [45]
 [49]] 
------------------------ Dataset: kcw ------------------------
shape: (33, 1), dtype: uint16
Data:[[54]
 [54]
 [53]
 [49]
 [46]
 [53]
 [56]
 [54]
 [48]
 [50]
 [51]
 [45]
 [48]
 [32]
 [54]
 [54]
 [53]
 [49]
 [46]
 [53]
 [57]
 [55]
 [57]
 [55]
 [51]
 [57]
 [57]
 [57]
 [57]
 [57]
 [57]
 [45]
 [49]] 
------------------------ Dataset: kcx ------------------------
shape: (27, 1), dtype: uint16
Data:[[54]
 [54]
 [54]
 [55]
 [46]
 [52]
 [53]
 [48]
 [49]
 [49]
 [51]
 [45]
 [48]
 [32]
 [54]
 [54]
 [54]
 [55]
 [46]
 [52]
 [51]
 [55]
 [57]
 [57]
 [52]
 [45]
 [49]] 
------------------------ Dataset: kcy ------------------------
shape: (32, 1), dtype: uint16
Data:[[54]
 [54]
 [56]
 [51]
 [46]
 [51]
 [55]
 [48]
 [49]
 [48]
 [53]
 [57]
 [57]
 [57]
 [57]
 [57]
 [57]
 [45]
 [48]
 [32]
 [54]
 [54]
 [56]
 [51]
 [46]
 [51]
 [54]
 [54]
 [53]
 [49]
 [45]
 [49]] 
------------------------ Dataset: kcz ------------------------
shape: (26, 1), dtype: uint16
Data:[[53]
 [57]
 [48]
 [49]
 [46]
 [50]
 [56]
 [51]
 [56]
 [53]
 [45]
 [48]
 [32]
 [53]
 [57]
 [48]
 [49]
 [46]
 [50]
 [55]
 [51]
 [54]
 [50]
 [56]
 [45]
 [49]] 
------------------------ Dataset: kd ------------------------

