shape: (1, 6), dtype: uint32
Data:[[3707764736          2          1          1        621          1]] 
------------------------ Dataset: rkb ------------------------
shape: (27, 1), dtype: uint16
Data:[[54]
 [55]
 [54]
 [55]
 [46]
 [49]
 [50]
 [54]
 [51]
 [55]
 [51]
 [45]
 [48]
 [32]
 [54]
 [55]
 [54]
 [55]
 [46]
 [49]
 [51]
 [48]
 [49]
 [54]
 [56]
 [45]
 [49]] 
------------------------ Dataset: rkc ------------------------
shape: (27, 1), dtype: uint16
Data:[[54]
 [50]
 [55]
 [57]
 [46]
 [57]
 [50]
 [51]
 [49]
 [50]
 [57]
 [45]
 [48]
 [32]
 [54]
 [50]
 [55]
 [57]
 [46]
 [57]
 [51]
 [48]
 [48]
 [50]
 [54]
 [45]
 [49]] 
------------------------ Dataset: rkd ------------------------
shape: (27, 1), dtype: uint16
Data:[[54]
 [50]
 [57]
 [53]
 [46]
 [55]
 [48]
 [53]
 [56]
 [57]
 [49]
 [45]
 [48]
 [32]
 [54]
 [50]
 [57]
 [53]
 [46]
 [55]
 [48]
 [49]
 [57]
 [49]
 [53]
 [45]
 [49]] 
------------------------ Dataset: rke ------------------------
shape: (33, 1), dtype: uint16
Data:[[54]
 [51]
 [49]
 [49]
 [46]
 [53]
 [51]
 [55]
 [56]
 [50]
 [52]
 [57]
 [57]
 [57]
 [57]
 [57]
 [57]
 [45]
 [48]
 [32]
 [54]
 [51]
 [49]
 [49]
 [46]
 [53]
 [51]
 [51]
 [56]
 [57]
 [51]
 [45]
 [49]] 
------------------------ Dataset: rkf ------------------------
shape: (39, 1), dtype: uint16
Data:[[54]
 [51]
 [50]
 [55]
 [46]
 [52]
 [49]
 [55]
 [57]
 [57]
 [48]
 [57]
 [57]
 [57]
 [57]
 [57]
 [57]
 [45]
 [48]
 [32]
 [54]
 [51]
 [50]
 [55]
 [46]
 [52]
 [49]
 [52]
 [50]
 [49]
 [56]
 [57]
 [57]
 [57]
 [57]
 [57]
 [57]
 [45]
 [49]] 
------------------------ Dataset: rkg ------------------------
shape: (27, 1), dtype: uint16
Data:[[54]
 [51]
 [52]
 [51]
 [46]
 [50]
 [50]
 [55]
 [51]
 [52]
 [49]
 [45]
 [48]
 [32]
 [54]
 [51]
 [52]
 [51]
 [46]
 [50]
 [52]
 [53]
 [49]
 [56]
 [51]
 [45]
 [49]] 
------------------------ Dataset: rkh ------------------------
shape: (34, 1), dtype: uint16
Data:[[54]
 [53]
 [48]
 [56]
 [46]
 [51]
 [49]
 [57]
 [53]
 [48]
 [52]
 [57]
 [57]
 [57]
 [57]
 [57]
 [57]
 [53]
 [45]
 [48]
 [32]
 [54]
 [53]
 [48]
 [56]
 [46]
 [51]
 [49]
 [57]
 [53]
 [48]
 [51]
 [45]
 [49]] 
------------------------ Dataset: rki ------------------------
shape: (26, 1), dtype: uint16
Data:[[54]
 [53]
 [50]
 [52]
 [46]
 [49]
 [52]
 [50]
 [48]
 [51]
 [53]
 [45]
 [48]
 [32]
 [54]
 [53]
 [50]
 [52]
 [46]
 [49]
 [51]
 [56]
 [48]
 [52]
 [45]
 [49]] 
------------------------ Dataset: rkj ------------------------
shape: (26, 1), dtype: uint16
Data:[[54]
 [48]
 [49]
 [57]
 [46]
 [55]
 [49]
 [51]
 [56]
 [57]
 [45]
 [48]
 [32]
 [54]
 [48]
 [49]
 [57]
 [46]
 [55]
 [48]
 [57]
 [54]
 [57]
 [52]
 [45]
 [49]] 
------------------------ Dataset: rkk ------------------------
shape: (34, 1), dtype: uint16
Data:[[54]
 [48]
 [51]
 [53]
 [46]
 [53]
 [51]
 [55]
 [55]
 [52]
 [49]
 [57]
 [57]
 [57]
 [57]
 [57]
 [57]
 [53]
 [45]
 [48]
 [32]
 [54]
 [48]
 [51]
 [53]
 [46]
 [53]
 [51]
 [52]
 [50]
 [54]
 [52]
 [45]
 [49]] 
------------------------ Dataset: rkl ------------------------
shape: (27, 1), dtype: uint16
Data:[[54]
 [48]
 [53]
 [49]
 [46]
 [49]
 [52]
 [50]
 [52]
 [55]
 [49]
 [45]
 [48]
 [32]
 [54]
 [48]
 [53]
 [49]
 [46]
 [49]
 [51]
 [57]
 [50]
 [50]
 [50]
 [45]
 [49]] 
------------------------ Dataset: rkm ------------------------
shape: (33, 1), dtype: uint16
Data:[[54]
 [48]
 [54]
 [55]
 [46]
 [48]
 [51]
 [55]
 [55]
 [50]
 [50]
 [45]
 [48]
 [32]
 [54]
 [48]
 [54]
 [55]
 [46]
 [48]
 [51]
 [51]
 [55]
 [49]
 [57]
 [57]
 [57]
 [57]
 [57]
 [57]
 [57]
 [45]
 [49]] 
------------------------ Dataset: rkn ------------------------
shape: (27, 1), dtype: uint16
Data:[[54]
 [48]
 [56]
 [50]
 [46]
 [57]
 [54]
 [53]
 [56]
 [48]
 [51]
 [45]
 [48]
 [32]
 [54]
 [48]
 [56]
 [50]
 [46]
 [57]
 [55]
 [48]
 [48]
 [52]
 [49]
 [45]
 [49]] 
------------------------ Dataset: rko ------------------------
shape: (40, 1), dtype: uint16
Data:[[53]
 [54]
 [52]
 [51]
 [46]
 [54]
 [54]
 [50]
 [51]
 [50]
 [55]
 [57]
 [57]
 [57]
 [57]
 [57]
 [57]
 [45]
 [48]
 [32]
 [53]
 [54]
 [52]
 [51]
 [46]
 [54]
 [53]
 [55]
 [53]
 [56]
 [48]
 [57]
 [57]
 [57]
 [57]
 [57]
 [57]
 [53]
 [45]
 [49]] 
------------------------ Dataset: rkp ------------------------
shape: (26, 1), dtype: uint16
Data:[[53]
 [54]
 [53]
 [57]
 [46]
 [52]
 [49]
 [52]
 [50]
 [54]
 [45]
 [48]
 [32]
 [53]
 [54]
 [53]
 [57]
 [46]
 [52]
 [49]
 [48]
 [48]
 [50]
 [54]
 [45]
 [49]] 
------------------------ Dataset: rkq ------------------------
shape: (33, 1), dtype: uint16
Data:[[53]
 [54]
 [55]
 [53]
 [46]
 [49]
 [49]
 [57]
 [49]
 [50]
 [52]
 [57]
 [57]
 [57]
 [57]
 [57]
 [57]
 [45]
 [48]
 [32]
 [53]
 [54]
 [55]
 [53]
 [46]
 [49]
 [50]
 [49]
 [54]
 [55]
 [57]
 [45]
 [49]] 
------------------------ Dataset: rkr ------------------------
shape: (40, 1), dtype: uint16
Data:[[53]
 [54]
 [57]
 [48]
 [46]
 [57]
 [48]
 [51]
 [57]
 [55]
 [55]
 [57]
 [57]
 [57]
 [57]
 [57]
 [57]
 [45]
 [48]
 [32]
 [53]
 [54]
 [57]
 [48]
 [46]
 [57]
 [48]
 [48]
 [54]
 [50]
 [50]
 [57]
 [57]
 [57]
 [57]
 [57]
 [57]
 [53]
 [45]
 [49]] 
------------------------ Dataset: rks ------------------------
shape: (39, 1), dtype: uint16
Data:[[54]
 [52]
 [49]
 [52]
 [46]
 [49]
 [54]
 [57]
 [57]
 [51]
 [53]
 [57]
 [57]
 [57]
 [57]
 [57]
 [57]
 [45]
 [48]
 [32]
 [54]
 [52]
 [49]
 [52]
 [46]
 [49]
 [54]
 [53]
 [57]
 [50]
 [55]
 [57]
 [57]
 [57]
 [57]
 [57]
 [57]
 [45]
 [49]] 
------------------------ Dataset: rkt ------------------------
shape: (33, 1), dtype: uint16
Data:[[54]
 [54]
 [48]
 [54]
 [46]
 [50]
 [51]
 [56]
 [48]
 [57]
 [56]
 [57]
 [57]
 [57]
 [57]
 [57]
 [57]
 [45]
 [48]
 [32]
 [54]
 [54]
 [48]
 [54]
 [46]
 [50]
 [52]
 [50]
 [53]
 [54]
 [56]
 [45]
 [49]] 
------------------------ Dataset: rku ------------------------
shape: (40, 1), dtype: uint16
Data:[[54]
 [54]
 [50]
 [50]
 [46]
 [50]
 [48]
 [54]
 [48]
 [52]
 [48]
 [57]
 [57]
 [57]
 [57]
 [57]
 [57]
 [53]
 [45]
 [48]
 [32]
 [54]
 [54]
 [50]
 [50]
 [46]
 [50]
 [48]
 [50]
 [48]
 [48]
 [55]
 [57]
 [57]
 [57]
 [57]
 [57]
 [57]
 [45]
 [49]] 
------------------------ Dataset: rkv ------------------------
shape: (27, 1), dtype: uint16
Data:[[54]
 [54]
 [51]
 [56]
 [46]
 [48]
 [53]
 [52]
 [54]
 [48]
 [55]
 [45]
 [48]
 [32]
 [54]
 [54]
 [51]
 [56]
 [46]
 [48]
 [53]
 [48]
 [51]
 [56]
 [53]
 [45]
 [49]] 
------------------------ Dataset: rkw ------------------------
shape: (25, 1), dtype: uint16
Data:[[54]
 [54]
 [53]
 [51]
 [46]
 [54]
 [52]
 [51]
 [51]
 [51]
 [45]
 [48]
 [32]
 [54]
 [54]
 [53]
 [51]
 [46]
 [54]
 [52]
 [51]
 [51]
 [51]
 [45]
 [49]] 
------------------------ Dataset: rkx ------------------------
shape: (33, 1), dtype: uint16
Data:[[54]
 [54]
 [54]
 [57]
 [46]
 [53]
 [50]
 [50]
 [49]
 [54]
 [52]
 [57]
 [57]
 [57]
 [57]
 [57]
 [57]
 [45]
 [48]
 [32]
 [54]
 [54]
 [54]
 [57]
 [46]
 [53]
 [49]
 [56]
 [48]
 [54]
 [57]
 [45]
 [49]] 
------------------------ Dataset: rky ------------------------
shape: (33, 1), dtype: uint16
Data:[[54]
 [54]
 [56]
 [53]
 [46]
 [52]
 [53]
 [57]
 [55]
 [51]
 [49]
 [57]
 [57]
 [57]
 [57]
 [57]
 [57]
 [45]
 [48]
 [32]
 [54]
 [54]
 [56]
 [53]
 [46]
 [52]
 [53]
 [52]
 [57]
 [54]
 [53]
 [45]
 [49]] 
------------------------ Dataset: rkz ------------------------
shape: (27, 1), dtype: uint16
Data:[[53]
 [57]
 [48]
 [51]
 [46]
 [51]
 [54]
 [53]
 [54]
 [53]
 [53]
 [45]
 [48]
 [32]
 [53]
 [57]
 [48]
 [51]
 [46]
 [51]
 [54]
 [50]
 [49]
 [51]
 [51]
 [45]
 [49]] 
------------------------ Dataset: rl ------------------------

shape: (1, 6), dtype: uint32
Data:[[3707764736          2          1          1        622          1]] 
------------------------ Dataset: skb ------------------------
shape: (27, 1), dtype: uint16
Data:[[54]
 [55]
 [54]
 [55]
 [46]
 [49]
 [51]
 [52]
 [49]
 [53]
 [50]
 [45]
 [48]
 [32]
 [54]
 [55]
 [54]
 [55]
 [46]
 [49]
 [51]
 [48]
 [49]
 [54]
 [56]
 [45]
 [49]] 
------------------------ Dataset: skc ------------------------
shape: (27, 1), dtype: uint16
Data:[[54]
 [50]
 [55]
 [57]
 [46]
 [57]
 [50]
 [57]
 [57]
 [48]
 [53]
 [45]
 [48]
 [32]
 [54]
 [50]
 [55]
 [57]
 [46]
 [57]
 [51]
 [48]
 [48]
 [50]
 [54]
 [45]
 [49]] 
------------------------ Dataset: skd ------------------------
shape: (34, 1), dtype: uint16
Data:[[54]
 [50]
 [57]
 [53]
 [46]
 [55]
 [48]
 [53]
 [56]
 [57]
 [49]
 [45]
 [48]
 [32]
 [54]
 [50]
 [57]
 [53]
 [46]
 [55]
 [49]
 [49]
 [49]
 [50]
 [51]
 [57]
 [57]
 [57]
 [57]
 [57]
 [57]
 [53]
 [45]
 [49]] 
------------------------ Dataset: ske ------------------------
shape: (33, 1), dtype: uint16
Data:[[54]
 [51]
 [49]
 [49]
 [46]
 [53]
 [51]
 [55]
 [56]
 [50]
 [52]
 [57]
 [57]
 [57]
 [57]
 [57]
 [57]
 [45]
 [48]
 [32]
 [54]
 [51]
 [49]
 [49]
 [46]
 [53]
 [52]
 [55]
 [52]
 [54]
 [54]
 [45]
 [49]] 
------------------------ Dataset: skf ------------------------
shape: (39, 1), dtype: uint16
Data:[[54]
 [51]
 [50]
 [55]
 [46]
 [52]
 [49]
 [55]
 [57]
 [57]
 [48]
 [57]
 [57]
 [57]
 [57]
 [57]
 [57]
 [45]
 [48]
 [32]
 [54]
 [51]
 [50]
 [55]
 [46]
 [52]
 [50]
 [49]
 [57]
 [48]
 [55]
 [57]
 [57]
 [57]
 [57]
 [57]
 [57]
 [45]
 [49]] 
------------------------ Dataset: skg ------------------------
shape: (27, 1), dtype: uint16
Data:[[54]
 [51]
 [52]
 [51]
 [46]
 [50]
 [52]
 [53]
 [53]
 [52]
 [50]
 [45]
 [48]
 [32]
 [54]
 [51]
 [52]
 [51]
 [46]
 [50]
 [52]
 [53]
 [49]
 [56]
 [51]
 [45]
 [49]] 
------------------------ Dataset: skh ------------------------
shape: (34, 1), dtype: uint16
Data:[[54]
 [53]
 [48]
 [56]
 [46]
 [51]
 [49]
 [57]
 [53]
 [48]
 [52]
 [57]
 [57]
 [57]
 [57]
 [57]
 [57]
 [53]
 [45]
 [48]
 [32]
 [54]
 [53]
 [48]
 [56]
 [46]
 [51]
 [50]
 [50]
 [52]
 [53]
 [57]
 [45]
 [49]] 
------------------------ Dataset: ski ------------------------
shape: (34, 1), dtype: uint16
Data:[[54]
 [53]
 [50]
 [52]
 [46]
 [49]
 [52]
 [50]
 [48]
 [51]
 [53]
 [45]
 [48]
 [32]
 [54]
 [53]
 [50]
 [52]
 [46]
 [49]
 [52]
 [54]
 [48]
 [56]
 [55]
 [57]
 [57]
 [57]
 [57]
 [57]
 [57]
 [53]
 [45]
 [49]] 
------------------------ Dataset: skj ------------------------
shape: (25, 1), dtype: uint16
Data:[[54]
 [48]
 [49]
 [57]
 [46]
 [55]
 [49]
 [51]
 [56]
 [57]
 [45]
 [48]
 [32]
 [54]
 [48]
 [49]
 [57]
 [46]
 [55]
 [49]
 [55]
 [57]
 [54]
 [45]
 [49]] 
------------------------ Dataset: skk ------------------------
shape: (40, 1), dtype: uint16
Data:[[54]
 [48]
 [51]
 [53]
 [46]
 [53]
 [51]
 [55]
 [55]
 [52]
 [49]
 [57]
 [57]
 [57]
 [57]
 [57]
 [57]
 [53]
 [45]
 [48]
 [32]
 [54]
 [48]
 [51]
 [53]
 [46]
 [53]
 [52]
 [49]
 [57]
 [49]
 [53]
 [57]
 [57]
 [57]
 [57]
 [57]
 [57]
 [45]
 [49]] 
------------------------ Dataset: skl ------------------------
shape: (33, 1), dtype: uint16
Data:[[54]
 [48]
 [53]
 [49]
 [46]
 [49]
 [52]
 [50]
 [52]
 [55]
 [49]
 [45]
 [48]
 [32]
 [54]
 [48]
 [53]
 [49]
 [46]
 [49]
 [52]
 [54]
 [50]
 [52]
 [53]
 [57]
 [57]
 [57]
 [57]
 [57]
 [57]
 [45]
 [49]] 
------------------------ Dataset: skm ------------------------
shape: (34, 1), dtype: uint16
Data:[[54]
 [48]
 [54]
 [55]
 [46]
 [48]
 [51]
 [55]
 [55]
 [50]
 [50]
 [45]
 [48]
 [32]
 [54]
 [48]
 [54]
 [55]
 [46]
 [48]
 [52]
 [49]
 [55]
 [53]
 [50]
 [57]
 [57]
 [57]
 [57]
 [57]
 [57]
 [53]
 [45]
 [49]] 
------------------------ Dataset: skn ------------------------
shape: (27, 1), dtype: uint16
Data:[[54]
 [48]
 [56]
 [50]
 [46]
 [57]
 [55]
 [51]
 [55]
 [55]
 [54]
 [45]
 [48]
 [32]
 [54]
 [48]
 [56]
 [50]
 [46]
 [57]
 [55]
 [48]
 [48]
 [52]
 [49]
 [45]
 [49]] 
------------------------ Dataset: sko ------------------------
shape: (39, 1), dtype: uint16
Data:[[53]
 [54]
 [52]
 [51]
 [46]
 [54]
 [54]
 [50]
 [51]
 [50]
 [55]
 [57]
 [57]
 [57]
 [57]
 [57]
 [57]
 [45]
 [48]
 [32]
 [53]
 [54]
 [52]
 [51]
 [46]
 [54]
 [54]
 [57]
 [54]
 [53]
 [56]
 [57]
 [57]
 [57]
 [57]
 [57]
 [57]
 [45]
 [49]] 
------------------------ Dataset: skp ------------------------
shape: (32, 1), dtype: uint16
Data:[[53]
 [54]
 [53]
 [57]
 [46]
 [52]
 [49]
 [52]
 [50]
 [54]
 [45]
 [48]
 [32]
 [53]
 [54]
 [53]
 [57]
 [46]
 [52]
 [50]
 [48]
 [50]
 [50]
 [53]
 [57]
 [57]
 [57]
 [57]
 [57]
 [57]
 [45]
 [49]] 
------------------------ Dataset: skq ------------------------
shape: (25, 1), dtype: uint16
Data:[[53]
 [54]
 [55]
 [53]
 [46]
 [49]
 [50]
 [53]
 [55]
 [45]
 [48]
 [32]
 [53]
 [54]
 [55]
 [53]
 [46]
 [49]
 [50]
 [49]
 [54]
 [55]
 [57]
 [45]
 [49]] 
------------------------ Dataset: skr ------------------------
shape: (40, 1), dtype: uint16
Data:[[53]
 [54]
 [57]
 [48]
 [46]
 [57]
 [48]
 [51]
 [57]
 [55]
 [55]
 [57]
 [57]
 [57]
 [57]
 [57]
 [57]
 [45]
 [48]
 [32]
 [53]
 [54]
 [57]
 [48]
 [46]
 [57]
 [48]
 [54]
 [51]
 [50]
 [48]
 [57]
 [57]
 [57]
 [57]
 [57]
 [57]
 [53]
 [45]
 [49]] 
------------------------ Dataset: sks ------------------------
shape: (33, 1), dtype: uint16
Data:[[54]
 [52]
 [49]
 [52]
 [46]
 [49]
 [54]
 [57]
 [57]
 [51]
 [53]
 [57]
 [57]
 [57]
 [57]
 [57]
 [57]
 [45]
 [48]
 [32]
 [54]
 [52]
 [49]
 [52]
 [46]
 [49]
 [55]
 [52]
 [48]
 [54]
 [50]
 [45]
 [49]] 
------------------------ Dataset: skt ------------------------
shape: (27, 1), dtype: uint16
Data:[[54]
 [54]
 [48]
 [54]
 [46]
 [50]
 [52]
 [54]
 [49]
 [48]
 [54]
 [45]
 [48]
 [32]
 [54]
 [54]
 [48]
 [54]
 [46]
 [50]
 [52]
 [50]
 [53]
 [54]
 [56]
 [45]
 [49]] 
------------------------ Dataset: sku ------------------------
shape: (34, 1), dtype: uint16
Data:[[54]
 [54]
 [50]
 [50]
 [46]
 [50]
 [48]
 [54]
 [48]
 [52]
 [48]
 [57]
 [57]
 [57]
 [57]
 [57]
 [57]
 [53]
 [45]
 [48]
 [32]
 [54]
 [54]
 [50]
 [50]
 [46]
 [50]
 [48]
 [57]
 [57]
 [56]
 [57]
 [45]
 [49]] 
------------------------ Dataset: skv ------------------------
shape: (33, 1), dtype: uint16
Data:[[54]
 [54]
 [51]
 [56]
 [46]
 [48]
 [53]
 [52]
 [54]
 [48]
 [55]
 [45]
 [48]
 [32]
 [54]
 [54]
 [51]
 [56]
 [46]
 [48]
 [54]
 [52]
 [56]
 [56]
 [56]
 [57]
 [57]
 [57]
 [57]
 [57]
 [57]
 [45]
 [49]] 
------------------------ Dataset: skw ------------------------
shape: (26, 1), dtype: uint16
Data:[[54]
 [54]
 [53]
 [51]
 [46]
 [54]
 [52]
 [51]
 [51]
 [51]
 [45]
 [48]
 [32]
 [54]
 [54]
 [53]
 [51]
 [46]
 [54]
 [52]
 [55]
 [48]
 [49]
 [49]
 [45]
 [49]] 
------------------------ Dataset: skx ------------------------
shape: (33, 1), dtype: uint16
Data:[[54]
 [54]
 [54]
 [57]
 [46]
 [53]
 [50]
 [50]
 [49]
 [54]
 [52]
 [57]
 [57]
 [57]
 [57]
 [57]
 [57]
 [45]
 [48]
 [32]
 [54]
 [54]
 [54]
 [57]
 [46]
 [53]
 [50]
 [55]
 [55]
 [49]
 [52]
 [45]
 [49]] 
------------------------ Dataset: sky ------------------------
shape: (33, 1), dtype: uint16
Data:[[54]
 [54]
 [56]
 [53]
 [46]
 [52]
 [53]
 [57]
 [55]
 [51]
 [49]
 [57]
 [57]
 [57]
 [57]
 [57]
 [57]
 [45]
 [48]
 [32]
 [54]
 [54]
 [56]
 [53]
 [46]
 [52]
 [54]
 [51]
 [55]
 [57]
 [54]
 [45]
 [49]] 
------------------------ Dataset: skz ------------------------
shape: (33, 1), dtype: uint16
Data:[[53]
 [57]
 [48]
 [51]
 [46]
 [51]
 [54]
 [53]
 [54]
 [53]
 [53]
 [45]
 [48]
 [32]
 [53]
 [57]
 [48]
 [51]
 [46]
 [51]
 [55]
 [48]
 [53]
 [49]
 [51]
 [57]
 [57]
 [57]
 [57]
 [57]
 [57]
 [45]
 [49]] 
------------------------ Dataset: sl ------------------------

shape: (1, 6), dtype: uint32
Data:[[3707764736          2          1          1        623          1]] 
------------------------ Dataset: tkb ------------------------
shape: (26, 1), dtype: uint16
Data:[[54]
 [55]
 [54]
 [55]
 [46]
 [49]
 [51]
 [52]
 [49]
 [53]
 [50]
 [45]
 [48]
 [32]
 [54]
 [55]
 [54]
 [55]
 [46]
 [49]
 [51]
 [57]
 [49]
 [53]
 [45]
 [49]] 
------------------------ Dataset: tkc ------------------------
shape: (26, 1), dtype: uint16
Data:[[54]
 [50]
 [55]
 [57]
 [46]
 [57]
 [52]
 [51]
 [54]
 [50]
 [45]
 [48]
 [32]
 [54]
 [50]
 [55]
 [57]
 [46]
 [57]
 [51]
 [48]
 [48]
 [50]
 [54]
 [45]
 [49]] 
------------------------ Dataset: tkd ------------------------
shape: (40, 1), dtype: uint16
Data:[[54]
 [50]
 [57]
 [53]
 [46]
 [55]
 [49]
 [53]
 [54]
 [54]
 [48]
 [57]
 [57]
 [57]
 [57]
 [57]
 [57]
 [45]
 [48]
 [32]
 [54]
 [50]
 [57]
 [53]
 [46]
 [55]
 [49]
 [49]
 [49]
 [50]
 [51]
 [57]
 [57]
 [57]
 [57]
 [57]
 [57]
 [53]
 [45]
 [49]] 
------------------------ Dataset: tke ------------------------
shape: (27, 1), dtype: uint16
Data:[[54]
 [51]
 [49]
 [49]
 [46]
 [53]
 [53]
 [50]
 [48]
 [56]
 [51]
 [45]
 [48]
 [32]
 [54]
 [51]
 [49]
 [49]
 [46]
 [53]
 [52]
 [55]
 [52]
 [54]
 [54]
 [45]
 [49]] 
------------------------ Dataset: tkf ------------------------
shape: (33, 1), dtype: uint16
Data:[[54]
 [51]
 [50]
 [55]
 [46]
 [52]
 [50]
 [54]
 [48]
 [49]
 [56]
 [45]
 [48]
 [32]
 [54]
 [51]
 [50]
 [55]
 [46]
 [52]
 [50]
 [49]
 [57]
 [48]
 [55]
 [57]
 [57]
 [57]
 [57]
 [57]
 [57]
 [45]
 [49]] 
------------------------ Dataset: tkg ------------------------
shape: (33, 1), dtype: uint16
Data:[[54]
 [51]
 [52]
 [51]
 [46]
 [50]
 [52]
 [53]
 [53]
 [52]
 [50]
 [45]
 [48]
 [32]
 [54]
 [51]
 [52]
 [51]
 [46]
 [50]
 [53]
 [48]
 [50]
 [53]
 [50]
 [57]
 [57]
 [57]
 [57]
 [57]
 [57]
 [45]
 [49]] 
------------------------ Dataset: tkh ------------------------
shape: (33, 1), dtype: uint16
Data:[[54]
 [53]
 [48]
 [56]
 [46]
 [51]
 [50]
 [54]
 [48]
 [56]
 [51]
 [57]
 [57]
 [57]
 [57]
 [57]
 [57]
 [45]
 [48]
 [32]
 [54]
 [53]
 [48]
 [56]
 [46]
 [51]
 [50]
 [50]
 [52]
 [53]
 [57]
 [45]
 [49]] 
------------------------ Dataset: tki ------------------------
shape: (41, 1), dtype: uint16
Data:[[54]
 [53]
 [50]
 [52]
 [46]
 [49]
 [53]
 [48]
 [48]
 [53]
 [53]
 [57]
 [57]
 [57]
 [57]
 [57]
 [57]
 [53]
 [45]
 [48]
 [32]
 [54]
 [53]
 [50]
 [52]
 [46]
 [49]
 [52]
 [54]
 [48]
 [56]
 [55]
 [57]
 [57]
 [57]
 [57]
 [57]
 [57]
 [53]
 [45]
 [49]] 
------------------------ Dataset: tkj ------------------------
shape: (32, 1), dtype: uint16
Data:[[54]
 [48]
 [49]
 [57]
 [46]
 [55]
 [50]
 [49]
 [55]
 [51]
 [55]
 [57]
 [57]
 [57]
 [57]
 [57]
 [57]
 [45]
 [48]
 [32]
 [54]
 [48]
 [49]
 [57]
 [46]
 [55]
 [49]
 [55]
 [57]
 [54]
 [45]
 [49]] 
------------------------ Dataset: tkk ------------------------
shape: (33, 1), dtype: uint16
Data:[[54]
 [48]
 [51]
 [53]
 [46]
 [53]
 [52]
 [53]
 [56]
 [53]
 [49]
 [45]
 [48]
 [32]
 [54]
 [48]
 [51]
 [53]
 [46]
 [53]
 [52]
 [49]
 [57]
 [49]
 [53]
 [57]
 [57]
 [57]
 [57]
 [57]
 [57]
 [45]
 [49]] 
------------------------ Dataset: tkl ------------------------
shape: (33, 1), dtype: uint16
Data:[[54]
 [48]
 [53]
 [49]
 [46]
 [49]
 [53]
 [48]
 [48]
 [55]
 [57]
 [45]
 [48]
 [32]
 [54]
 [48]
 [53]
 [49]
 [46]
 [49]
 [52]
 [54]
 [50]
 [52]
 [53]
 [57]
 [57]
 [57]
 [57]
 [57]
 [57]
 [45]
 [49]] 
------------------------ Dataset: tkm ------------------------
shape: (40, 1), dtype: uint16
Data:[[54]
 [48]
 [54]
 [55]
 [46]
 [48]
 [52]
 [54]
 [49]
 [57]
 [53]
 [57]
 [57]
 [57]
 [57]
 [57]
 [57]
 [45]
 [48]
 [32]
 [54]
 [48]
 [54]
 [55]
 [46]
 [48]
 [52]
 [49]
 [55]
 [53]
 [50]
 [57]
 [57]
 [57]
 [57]
 [57]
 [57]
 [53]
 [45]
 [49]] 
------------------------ Dataset: tkn ------------------------
shape: (27, 1), dtype: uint16
Data:[[54]
 [48]
 [56]
 [50]
 [46]
 [57]
 [55]
 [51]
 [55]
 [55]
 [54]
 [45]
 [48]
 [32]
 [54]
 [48]
 [56]
 [50]
 [46]
 [57]
 [55]
 [55]
 [56]
 [52]
 [49]
 [45]
 [49]] 
------------------------ Dataset: tko ------------------------
shape: (33, 1), dtype: uint16
Data:[[53]
 [54]
 [52]
 [51]
 [46]
 [54]
 [54]
 [57]
 [53]
 [52]
 [50]
 [45]
 [48]
 [32]
 [53]
 [54]
 [52]
 [51]
 [46]
 [54]
 [54]
 [57]
 [54]
 [53]
 [56]
 [57]
 [57]
 [57]
 [57]
 [57]
 [57]
 [45]
 [49]] 
------------------------ Dataset: tkp ------------------------
shape: (39, 1), dtype: uint16
Data:[[53]
 [54]
 [53]
 [57]
 [46]
 [52]
 [50]
 [49]
 [55]
 [56]
 [54]
 [57]
 [57]
 [57]
 [57]
 [57]
 [57]
 [45]
 [48]
 [32]
 [53]
 [54]
 [53]
 [57]
 [46]
 [52]
 [50]
 [48]
 [50]
 [50]
 [53]
 [57]
 [57]
 [57]
 [57]
 [57]
 [57]
 [45]
 [49]] 
------------------------ Dataset: tkq ------------------------
shape: (31, 1), dtype: uint16
Data:[[53]
 [54]
 [55]
 [53]
 [46]
 [49]
 [50]
 [53]
 [55]
 [45]
 [48]
 [32]
 [53]
 [54]
 [55]
 [53]
 [46]
 [49]
 [50]
 [57]
 [53]
 [50]
 [57]
 [57]
 [57]
 [57]
 [57]
 [57]
 [57]
 [45]
 [49]] 
------------------------ Dataset: tkr ------------------------
shape: (34, 1), dtype: uint16
Data:[[53]
 [54]
 [57]
 [48]
 [46]
 [57]
 [48]
 [57]
 [52]
 [52]
 [50]
 [45]
 [48]
 [32]
 [53]
 [54]
 [57]
 [48]
 [46]
 [57]
 [48]
 [54]
 [51]
 [50]
 [48]
 [57]
 [57]
 [57]
 [57]
 [57]
 [57]
 [53]
 [45]
 [49]] 
------------------------ Dataset: tks ------------------------
shape: (33, 1), dtype: uint16
Data:[[54]
 [52]
 [49]
 [52]
 [46]
 [49]
 [56]
 [56]
 [49]
 [48]
 [55]
 [57]
 [57]
 [57]
 [57]
 [57]
 [57]
 [45]
 [48]
 [32]
 [54]
 [52]
 [49]
 [52]
 [46]
 [49]
 [55]
 [52]
 [48]
 [54]
 [50]
 [45]
 [49]] 
------------------------ Dataset: tkt ------------------------
shape: (33, 1), dtype: uint16
Data:[[54]
 [54]
 [48]
 [54]
 [46]
 [50]
 [52]
 [54]
 [49]
 [48]
 [54]
 [45]
 [48]
 [32]
 [54]
 [54]
 [48]
 [54]
 [46]
 [50]
 [53]
 [48]
 [48]
 [56]
 [48]
 [57]
 [57]
 [57]
 [57]
 [57]
 [57]
 [45]
 [49]] 
------------------------ Dataset: tku ------------------------
shape: (33, 1), dtype: uint16
Data:[[54]
 [54]
 [50]
 [50]
 [46]
 [50]
 [50]
 [48]
 [48]
 [52]
 [55]
 [57]
 [57]
 [57]
 [57]
 [57]
 [57]
 [45]
 [48]
 [32]
 [54]
 [54]
 [50]
 [50]
 [46]
 [50]
 [48]
 [57]
 [57]
 [56]
 [57]
 [45]
 [49]] 
------------------------ Dataset: tkv ------------------------
shape: (33, 1), dtype: uint16
Data:[[54]
 [54]
 [51]
 [56]
 [46]
 [48]
 [54]
 [53]
 [48]
 [52]
 [54]
 [45]
 [48]
 [32]
 [54]
 [54]
 [51]
 [56]
 [46]
 [48]
 [54]
 [52]
 [56]
 [56]
 [56]
 [57]
 [57]
 [57]
 [57]
 [57]
 [57]
 [45]
 [49]] 
------------------------ Dataset: tkw ------------------------
shape: (34, 1), dtype: uint16
Data:[[54]
 [54]
 [53]
 [51]
 [46]
 [54]
 [53]
 [48]
 [50]
 [57]
 [52]
 [57]
 [57]
 [57]
 [57]
 [57]
 [57]
 [53]
 [45]
 [48]
 [32]
 [54]
 [54]
 [53]
 [51]
 [46]
 [54]
 [52]
 [55]
 [48]
 [49]
 [49]
 [45]
 [49]] 
------------------------ Dataset: tkx ------------------------
shape: (27, 1), dtype: uint16
Data:[[54]
 [54]
 [54]
 [57]
 [46]
 [53]
 [51]
 [48]
 [50]
 [57]
 [54]
 [45]
 [48]
 [32]
 [54]
 [54]
 [54]
 [57]
 [46]
 [53]
 [50]
 [55]
 [55]
 [49]
 [52]
 [45]
 [49]] 
------------------------ Dataset: tky ------------------------
shape: (27, 1), dtype: uint16
Data:[[54]
 [54]
 [56]
 [53]
 [46]
 [52]
 [54]
 [55]
 [51]
 [54]
 [54]
 [45]
 [48]
 [32]
 [54]
 [54]
 [56]
 [53]
 [46]
 [52]
 [54]
 [51]
 [55]
 [57]
 [54]
 [45]
 [49]] 
------------------------ Dataset: tkz ------------------------
shape: (33, 1), dtype: uint16
Data:[[53]
 [57]
 [48]
 [51]
 [46]
 [51]
 [55]
 [51]
 [54]
 [54]
 [53]
 [45]
 [48]
 [32]
 [53]
 [57]
 [48]
 [51]
 [46]
 [51]
 [55]
 [48]
 [53]
 [49]
 [51]
 [57]
 [57]
 [57]
 [57]
 [57]
 [57]
 [45]
 [49]] 
------------------------ Dataset: tl ------------------------

shape: (1, 6), dtype: uint32
Data:[[3707764736          2          1          1        624          1]] 
------------------------ Dataset: ukb ------------------------
shape: (26, 1), dtype: uint16
Data:[[54]
 [55]
 [54]
 [55]
 [46]
 [49]
 [52]
 [55]
 [49]
 [51]
 [49]
 [45]
 [48]
 [32]
 [54]
 [55]
 [54]
 [55]
 [46]
 [49]
 [51]
 [57]
 [49]
 [53]
 [45]
 [49]] 
------------------------ Dataset: ukc ------------------------
shape: (26, 1), dtype: uint16
Data:[[54]
 [50]
 [55]
 [57]
 [46]
 [57]
 [52]
 [51]
 [54]
 [50]
 [45]
 [48]
 [32]
 [54]
 [50]
 [55]
 [57]
 [46]
 [57]
 [51]
 [56]
 [50]
 [49]
 [54]
 [45]
 [49]] 
------------------------ Dataset: ukd ------------------------
shape: (33, 1), dtype: uint16
Data:[[54]
 [50]
 [57]
 [53]
 [46]
 [55]
 [49]
 [53]
 [54]
 [54]
 [48]
 [57]
 [57]
 [57]
 [57]
 [57]
 [57]
 [45]
 [48]
 [32]
 [54]
 [50]
 [57]
 [53]
 [46]
 [55]
 [50]
 [52]
 [49]
 [57]
 [54]
 [45]
 [49]] 
------------------------ Dataset: uke ------------------------
shape: (33, 1), dtype: uint16
Data:[[54]
 [51]
 [49]
 [49]
 [46]
 [53]
 [53]
 [50]
 [48]
 [56]
 [51]
 [45]
 [48]
 [32]
 [54]
 [51]
 [49]
 [49]
 [46]
 [53]
 [53]
 [50]
 [48]
 [56]
 [57]
 [57]
 [57]
 [57]
 [57]
 [57]
 [57]
 [45]
 [49]] 
------------------------ Dataset: ukf ------------------------
shape: (27, 1), dtype: uint16
Data:[[54]
 [51]
 [50]
 [55]
 [46]
 [52]
 [50]
 [54]
 [48]
 [49]
 [56]
 [45]
 [48]
 [32]
 [54]
 [51]
 [50]
 [55]
 [46]
 [52]
 [50]
 [57]
 [56]
 [57]
 [55]
 [45]
 [49]] 
------------------------ Dataset: ukg ------------------------
shape: (32, 1), dtype: uint16
Data:[[54]
 [51]
 [52]
 [51]
 [46]
 [50]
 [53]
 [48]
 [55]
 [50]
 [45]
 [48]
 [32]
 [54]
 [51]
 [52]
 [51]
 [46]
 [50]
 [53]
 [48]
 [50]
 [53]
 [50]
 [57]
 [57]
 [57]
 [57]
 [57]
 [57]
 [45]
 [49]] 
------------------------ Dataset: ukh ------------------------
shape: (39, 1), dtype: uint16
Data:[[54]
 [53]
 [48]
 [56]
 [46]
 [51]
 [50]
 [54]
 [48]
 [56]
 [51]
 [57]
 [57]
 [57]
 [57]
 [57]
 [57]
 [45]
 [48]
 [32]
 [54]
 [53]
 [48]
 [56]
 [46]
 [51]
 [51]
 [48]
 [48]
 [51]
 [53]
 [57]
 [57]
 [57]
 [57]
 [57]
 [57]
 [45]
 [49]] 
------------------------ Dataset: uki ------------------------
shape: (41, 1), dtype: uint16
Data:[[54]
 [53]
 [50]
 [52]
 [46]
 [49]
 [53]
 [48]
 [48]
 [53]
 [53]
 [57]
 [57]
 [57]
 [57]
 [57]
 [57]
 [53]
 [45]
 [48]
 [32]
 [54]
 [53]
 [50]
 [52]
 [46]
 [49]
 [53]
 [52]
 [48]
 [51]
 [49]
 [57]
 [57]
 [57]
 [57]
 [57]
 [57]
 [53]
 [45]
 [49]] 
------------------------ Dataset: ukj ------------------------
shape: (33, 1), dtype: uint16
Data:[[54]
 [48]
 [49]
 [57]
 [46]
 [55]
 [50]
 [49]
 [55]
 [51]
 [55]
 [57]
 [57]
 [57]
 [57]
 [57]
 [57]
 [45]
 [48]
 [32]
 [54]
 [48]
 [49]
 [57]
 [46]
 [55]
 [50]
 [53]
 [56]
 [50]
 [52]
 [45]
 [49]] 
------------------------ Dataset: ukk ------------------------
shape: (33, 1), dtype: uint16
Data:[[54]
 [48]
 [51]
 [53]
 [46]
 [53]
 [52]
 [53]
 [56]
 [53]
 [49]
 [45]
 [48]
 [32]
 [54]
 [48]
 [51]
 [53]
 [46]
 [53]
 [52]
 [57]
 [55]
 [56]
 [55]
 [57]
 [57]
 [57]
 [57]
 [57]
 [57]
 [45]
 [49]] 
------------------------ Dataset: ukl ------------------------
shape: (34, 1), dtype: uint16
Data:[[54]
 [48]
 [53]
 [49]
 [46]
 [49]
 [53]
 [48]
 [48]
 [55]
 [57]
 [45]
 [48]
 [32]
 [54]
 [48]
 [53]
 [49]
 [46]
 [49]
 [53]
 [52]
 [48]
 [57]
 [51]
 [57]
 [57]
 [57]
 [57]
 [57]
 [57]
 [53]
 [45]
 [49]] 
------------------------ Dataset: ukm ------------------------
shape: (33, 1), dtype: uint16
Data:[[54]
 [48]
 [54]
 [55]
 [46]
 [48]
 [52]
 [54]
 [49]
 [57]
 [53]
 [57]
 [57]
 [57]
 [57]
 [57]
 [57]
 [45]
 [48]
 [32]
 [54]
 [48]
 [54]
 [55]
 [46]
 [48]
 [52]
 [57]
 [55]
 [53]
 [52]
 [45]
 [49]] 
------------------------ Dataset: ukn ------------------------
shape: (27, 1), dtype: uint16
Data:[[54]
 [48]
 [56]
 [50]
 [46]
 [57]
 [56]
 [51]
 [48]
 [55]
 [57]
 [45]
 [48]
 [32]
 [54]
 [48]
 [56]
 [50]
 [46]
 [57]
 [55]
 [55]
 [56]
 [52]
 [49]
 [45]
 [49]] 
------------------------ Dataset: uko ------------------------
shape: (33, 1), dtype: uint16
Data:[[53]
 [54]
 [52]
 [51]
 [46]
 [54]
 [55]
 [55]
 [54]
 [49]
 [54]
 [45]
 [48]
 [32]
 [53]
 [54]
 [52]
 [51]
 [46]
 [54]
 [54]
 [57]
 [54]
 [53]
 [56]
 [57]
 [57]
 [57]
 [57]
 [57]
 [57]
 [45]
 [49]] 
------------------------ Dataset: ukp ------------------------
shape: (33, 1), dtype: uint16
Data:[[53]
 [54]
 [53]
 [57]
 [46]
 [52]
 [50]
 [49]
 [55]
 [56]
 [54]
 [57]
 [57]
 [57]
 [57]
 [57]
 [57]
 [45]
 [48]
 [32]
 [53]
 [54]
 [53]
 [57]
 [46]
 [52]
 [50]
 [53]
 [56]
 [57]
 [52]
 [45]
 [49]] 
------------------------ Dataset: ukq ------------------------
shape: (33, 1), dtype: uint16
Data:[[53]
 [54]
 [55]
 [53]
 [46]
 [49]
 [51]
 [51]
 [53]
 [54]
 [52]
 [45]
 [48]
 [32]
 [53]
 [54]
 [55]
 [53]
 [46]
 [49]
 [50]
 [57]
 [53]
 [50]
 [57]
 [57]
 [57]
 [57]
 [57]
 [57]
 [57]
 [45]
 [49]] 
------------------------ Dataset: ukr ------------------------
shape: (27, 1), dtype: uint16
Data:[[53]
 [54]
 [57]
 [48]
 [46]
 [57]
 [48]
 [57]
 [52]
 [52]
 [50]
 [45]
 [48]
 [32]
 [53]
 [54]
 [57]
 [48]
 [46]
 [57]
 [49]
 [52]
 [49]
 [51]
 [56]
 [45]
 [49]] 
------------------------ Dataset: uks ------------------------
shape: (33, 1), dtype: uint16
Data:[[54]
 [52]
 [49]
 [52]
 [46]
 [49]
 [56]
 [56]
 [49]
 [48]
 [55]
 [57]
 [57]
 [57]
 [57]
 [57]
 [57]
 [45]
 [48]
 [32]
 [54]
 [52]
 [49]
 [52]
 [46]
 [49]
 [56]
 [56]
 [49]
 [57]
 [54]
 [45]
 [49]] 
------------------------ Dataset: ukt ------------------------
shape: (33, 1), dtype: uint16
Data:[[54]
 [54]
 [48]
 [54]
 [46]
 [50]
 [53]
 [52]
 [48]
 [51]
 [55]
 [45]
 [48]
 [32]
 [54]
 [54]
 [48]
 [54]
 [46]
 [50]
 [53]
 [48]
 [48]
 [56]
 [48]
 [57]
 [57]
 [57]
 [57]
 [57]
 [57]
 [45]
 [49]] 
------------------------ Dataset: uku ------------------------
shape: (39, 1), dtype: uint16
Data:[[54]
 [54]
 [50]
 [50]
 [46]
 [50]
 [50]
 [48]
 [48]
 [52]
 [55]
 [57]
 [57]
 [57]
 [57]
 [57]
 [57]
 [45]
 [48]
 [32]
 [54]
 [54]
 [50]
 [50]
 [46]
 [50]
 [50]
 [51]
 [52]
 [53]
 [52]
 [57]
 [57]
 [57]
 [57]
 [57]
 [57]
 [45]
 [49]] 
------------------------ Dataset: ukv ------------------------
shape: (27, 1), dtype: uint16
Data:[[54]
 [54]
 [51]
 [56]
 [46]
 [48]
 [54]
 [53]
 [48]
 [52]
 [54]
 [45]
 [48]
 [32]
 [54]
 [54]
 [51]
 [56]
 [46]
 [48]
 [54]
 [55]
 [54]
 [54]
 [53]
 [45]
 [49]] 
------------------------ Dataset: ukw ------------------------
shape: (40, 1), dtype: uint16
Data:[[54]
 [54]
 [53]
 [51]
 [46]
 [54]
 [53]
 [48]
 [50]
 [57]
 [52]
 [57]
 [57]
 [57]
 [57]
 [57]
 [57]
 [53]
 [45]
 [48]
 [32]
 [54]
 [54]
 [53]
 [51]
 [46]
 [54]
 [53]
 [52]
 [49]
 [49]
 [52]
 [57]
 [57]
 [57]
 [57]
 [57]
 [57]
 [45]
 [49]] 
------------------------ Dataset: ukx ------------------------
shape: (33, 1), dtype: uint16
Data:[[54]
 [54]
 [54]
 [57]
 [46]
 [53]
 [51]
 [48]
 [50]
 [57]
 [54]
 [45]
 [48]
 [32]
 [54]
 [54]
 [54]
 [57]
 [46]
 [53]
 [51]
 [52]
 [51]
 [57]
 [48]
 [57]
 [57]
 [57]
 [57]
 [57]
 [57]
 [45]
 [49]] 
------------------------ Dataset: uky ------------------------
shape: (27, 1), dtype: uint16
Data:[[54]
 [54]
 [56]
 [53]
 [46]
 [52]
 [54]
 [55]
 [51]
 [54]
 [54]
 [45]
 [48]
 [32]
 [54]
 [54]
 [56]
 [53]
 [46]
 [52]
 [55]
 [48]
 [57]
 [49]
 [50]
 [45]
 [49]] 
------------------------ Dataset: ukz ------------------------
shape: (33, 1), dtype: uint16
Data:[[53]
 [57]
 [48]
 [51]
 [46]
 [51]
 [55]
 [51]
 [54]
 [54]
 [53]
 [45]
 [48]
 [32]
 [53]
 [57]
 [48]
 [51]
 [46]
 [51]
 [55]
 [55]
 [54]
 [55]
 [48]
 [57]
 [57]
 [57]
 [57]
 [57]
 [57]
 [45]
 [49]] 
------------------------ Dataset: ul ------------------------

shape: (1, 6), dtype: uint32
Data:[[3707764736          2          1          1        625          1]] 
------------------------ Dataset: vkb ------------------------
shape: (27, 1), dtype: uint16
Data:[[54]
 [55]
 [54]
 [55]
 [46]
 [49]
 [52]
 [55]
 [49]
 [51]
 [49]
 [45]
 [48]
 [32]
 [54]
 [55]
 [54]
 [55]
 [46]
 [49]
 [52]
 [56]
 [51]
 [50]
 [55]
 [45]
 [49]] 
------------------------ Dataset: vkc ------------------------
shape: (32, 1), dtype: uint16
Data:[[54]
 [50]
 [55]
 [57]
 [46]
 [57]
 [52]
 [51]
 [54]
 [50]
 [45]
 [48]
 [32]
 [54]
 [50]
 [55]
 [57]
 [46]
 [57]
 [52]
 [54]
 [49]
 [52]
 [53]
 [57]
 [57]
 [57]
 [57]
 [57]
 [57]
 [45]
 [49]] 
------------------------ Dataset: vkd ------------------------
shape: (33, 1), dtype: uint16
Data:[[54]
 [50]
 [57]
 [53]
 [46]
 [55]
 [50]
 [55]
 [52]
 [52]
 [57]
 [57]
 [57]
 [57]
 [57]
 [57]
 [57]
 [45]
 [48]
 [32]
 [54]
 [50]
 [57]
 [53]
 [46]
 [55]
 [50]
 [52]
 [49]
 [57]
 [54]
 [45]
 [49]] 
------------------------ Dataset: vke ------------------------
shape: (33, 1), dtype: uint16
Data:[[54]
 [51]
 [49]
 [49]
 [46]
 [53]
 [53]
 [52]
 [56]
 [55]
 [51]
 [45]
 [48]
 [32]
 [54]
 [51]
 [49]
 [49]
 [46]
 [53]
 [53]
 [50]
 [48]
 [56]
 [57]
 [57]
 [57]
 [57]
 [57]
 [57]
 [57]
 [45]
 [49]] 
------------------------ Dataset: vkf ------------------------
shape: (33, 1), dtype: uint16
Data:[[54]
 [51]
 [50]
 [55]
 [46]
 [52]
 [51]
 [51]
 [57]
 [55]
 [56]
 [57]
 [57]
 [57]
 [57]
 [57]
 [57]
 [45]
 [48]
 [32]
 [54]
 [51]
 [50]
 [55]
 [46]
 [52]
 [50]
 [57]
 [56]
 [57]
 [55]
 [45]
 [49]] 
------------------------ Dataset: vkg ------------------------
shape: (26, 1), dtype: uint16
Data:[[54]
 [51]
 [52]
 [51]
 [46]
 [50]
 [53]
 [48]
 [55]
 [50]
 [45]
 [48]
 [32]
 [54]
 [51]
 [52]
 [51]
 [46]
 [50]
 [53]
 [53]
 [50]
 [49]
 [49]
 [45]
 [49]] 
------------------------ Dataset: vkh ------------------------
shape: (33, 1), dtype: uint16
Data:[[54]
 [53]
 [48]
 [56]
 [46]
 [51]
 [51]
 [52]
 [48]
 [48]
 [56]
 [45]
 [48]
 [32]
 [54]
 [53]
 [48]
 [56]
 [46]
 [51]
 [51]
 [48]
 [48]
 [51]
 [53]
 [57]
 [57]
 [57]
 [57]
 [57]
 [57]
 [45]
 [49]] 
------------------------ Dataset: vki ------------------------
shape: (34, 1), dtype: uint16
Data:[[54]
 [53]
 [50]
 [52]
 [46]
 [49]
 [53]
 [56]
 [48]
 [56]
 [55]
 [45]
 [48]
 [32]
 [54]
 [53]
 [50]
 [52]
 [46]
 [49]
 [53]
 [52]
 [48]
 [51]
 [49]
 [57]
 [57]
 [57]
 [57]
 [57]
 [57]
 [53]
 [45]
 [49]] 
------------------------ Dataset: vkj ------------------------
shape: (33, 1), dtype: uint16
Data:[[54]
 [48]
 [49]
 [57]
 [46]
 [55]
 [51]
 [48]
 [53]
 [51]
 [48]
 [57]
 [57]
 [57]
 [57]
 [57]
 [57]
 [45]
 [48]
 [32]
 [54]
 [48]
 [49]
 [57]
 [46]
 [55]
 [50]
 [53]
 [56]
 [50]
 [52]
 [45]
 [49]] 
------------------------ Dataset: vkk ------------------------
shape: (33, 1), dtype: uint16
Data:[[54]
 [48]
 [51]
 [53]
 [46]
 [53]
 [53]
 [51]
 [55]
 [54]
 [49]
 [45]
 [48]
 [32]
 [54]
 [48]
 [51]
 [53]
 [46]
 [53]
 [52]
 [57]
 [55]
 [56]
 [55]
 [57]
 [57]
 [57]
 [57]
 [57]
 [57]
 [45]
 [49]] 
------------------------ Dataset: vkl ------------------------
shape: (34, 1), dtype: uint16
Data:[[54]
 [48]
 [53]
 [49]
 [46]
 [49]
 [53]
 [56]
 [48]
 [51]
 [57]
 [45]
 [48]
 [32]
 [54]
 [48]
 [53]
 [49]
 [46]
 [49]
 [53]
 [52]
 [48]
 [57]
 [51]
 [57]
 [57]
 [57]
 [57]
 [57]
 [57]
 [53]
 [45]
 [49]] 
------------------------ Dataset: vkm ------------------------
shape: (27, 1), dtype: uint16
Data:[[54]
 [48]
 [54]
 [55]
 [46]
 [48]
 [53]
 [51]
 [56]
 [49]
 [57]
 [45]
 [48]
 [32]
 [54]
 [48]
 [54]
 [55]
 [46]
 [48]
 [52]
 [57]
 [55]
 [53]
 [52]
 [45]
 [49]] 
------------------------ Dataset: vkn ------------------------
shape: (27, 1), dtype: uint16
Data:[[54]
 [48]
 [56]
 [50]
 [46]
 [57]
 [56]
 [51]
 [48]
 [55]
 [57]
 [45]
 [48]
 [32]
 [54]
 [48]
 [56]
 [50]
 [46]
 [57]
 [56]
 [55]
 [51]
 [51]
 [50]
 [45]
 [49]] 
------------------------ Dataset: vko ------------------------
shape: (34, 1), dtype: uint16
Data:[[53]
 [54]
 [52]
 [51]
 [46]
 [54]
 [55]
 [55]
 [54]
 [49]
 [54]
 [45]
 [48]
 [32]
 [53]
 [54]
 [52]
 [51]
 [46]
 [54]
 [55]
 [55]
 [54]
 [49]
 [57]
 [57]
 [57]
 [57]
 [57]
 [57]
 [57]
 [53]
 [45]
 [49]] 
------------------------ Dataset: vkp ------------------------
shape: (33, 1), dtype: uint16
Data:[[53]
 [54]
 [53]
 [57]
 [46]
 [52]
 [50]
 [57]
 [55]
 [48]
 [51]
 [57]
 [57]
 [57]
 [57]
 [57]
 [57]
 [45]
 [48]
 [32]
 [53]
 [54]
 [53]
 [57]
 [46]
 [52]
 [50]
 [53]
 [56]
 [57]
 [52]
 [45]
 [49]] 
------------------------ Dataset: vkq ------------------------
shape: (27, 1), dtype: uint16
Data:[[53]
 [54]
 [55]
 [53]
 [46]
 [49]
 [51]
 [51]
 [53]
 [54]
 [52]
 [45]
 [48]
 [32]
 [53]
 [54]
 [55]
 [53]
 [46]
 [49]
 [51]
 [55]
 [54]
 [53]
 [57]
 [45]
 [49]] 
------------------------ Dataset: vkr ------------------------
shape: (27, 1), dtype: uint16
Data:[[53]
 [54]
 [57]
 [48]
 [46]
 [57]
 [49]
 [52]
 [51]
 [53]
 [52]
 [45]
 [48]
 [32]
 [53]
 [54]
 [57]
 [48]
 [46]
 [57]
 [49]
 [52]
 [49]
 [51]
 [56]
 [45]
 [49]] 
------------------------ Dataset: vks ------------------------
shape: (27, 1), dtype: uint16
Data:[[54]
 [52]
 [49]
 [52]
 [46]
 [49]
 [57]
 [49]
 [48]
 [57]
 [52]
 [45]
 [48]
 [32]
 [54]
 [52]
 [49]
 [52]
 [46]
 [49]
 [56]
 [56]
 [49]
 [57]
 [54]
 [45]
 [49]] 
------------------------ Dataset: vkt ------------------------
shape: (27, 1), dtype: uint16
Data:[[54]
 [54]
 [48]
 [54]
 [46]
 [50]
 [53]
 [52]
 [48]
 [51]
 [55]
 [45]
 [48]
 [32]
 [54]
 [54]
 [48]
 [54]
 [46]
 [50]
 [53]
 [56]
 [48]
 [57]
 [52]
 [45]
 [49]] 
------------------------ Dataset: vku ------------------------
shape: (40, 1), dtype: uint16
Data:[[54]
 [54]
 [50]
 [50]
 [46]
 [50]
 [50]
 [51]
 [56]
 [54]
 [56]
 [57]
 [57]
 [57]
 [57]
 [57]
 [57]
 [53]
 [45]
 [48]
 [32]
 [54]
 [54]
 [50]
 [50]
 [46]
 [50]
 [50]
 [51]
 [52]
 [53]
 [52]
 [57]
 [57]
 [57]
 [57]
 [57]
 [57]
 [45]
 [49]] 
------------------------ Dataset: vkv ------------------------
shape: (27, 1), dtype: uint16
Data:[[54]
 [54]
 [51]
 [56]
 [46]
 [48]
 [55]
 [48]
 [49]
 [55]
 [51]
 [45]
 [48]
 [32]
 [54]
 [54]
 [51]
 [56]
 [46]
 [48]
 [54]
 [55]
 [54]
 [54]
 [53]
 [45]
 [49]] 
------------------------ Dataset: vkw ------------------------
shape: (33, 1), dtype: uint16
Data:[[54]
 [54]
 [53]
 [51]
 [46]
 [54]
 [53]
 [56]
 [49]
 [49]
 [57]
 [45]
 [48]
 [32]
 [54]
 [54]
 [53]
 [51]
 [46]
 [54]
 [53]
 [52]
 [49]
 [49]
 [52]
 [57]
 [57]
 [57]
 [57]
 [57]
 [57]
 [45]
 [49]] 
------------------------ Dataset: vkx ------------------------
shape: (33, 1), dtype: uint16
Data:[[54]
 [54]
 [54]
 [57]
 [46]
 [53]
 [51]
 [56]
 [48]
 [56]
 [57]
 [45]
 [48]
 [32]
 [54]
 [54]
 [54]
 [57]
 [46]
 [53]
 [51]
 [52]
 [51]
 [57]
 [48]
 [57]
 [57]
 [57]
 [57]
 [57]
 [57]
 [45]
 [49]] 
------------------------ Dataset: vky ------------------------
shape: (27, 1), dtype: uint16
Data:[[54]
 [54]
 [56]
 [53]
 [46]
 [52]
 [55]
 [52]
 [53]
 [53]
 [54]
 [45]
 [48]
 [32]
 [54]
 [54]
 [56]
 [53]
 [46]
 [52]
 [55]
 [48]
 [57]
 [49]
 [50]
 [45]
 [49]] 
------------------------ Dataset: vkz ------------------------
shape: (33, 1), dtype: uint16
Data:[[53]
 [57]
 [48]
 [51]
 [46]
 [51]
 [56]
 [49]
 [54]
 [55]
 [49]
 [45]
 [48]
 [32]
 [53]
 [57]
 [48]
 [51]
 [46]
 [51]
 [55]
 [55]
 [54]
 [55]
 [48]
 [57]
 [57]
 [57]
 [57]
 [57]
 [57]
 [45]
 [49]] 
------------------------ Dataset: vl ------------------------

shape: (1, 6), dtype: uint32
Data:[[3707764736          2          1          1        626          1]] 
------------------------ Dataset: wkb ------------------------
shape: (33, 1), dtype: uint16
Data:[[54]
 [55]
 [54]
 [55]
 [46]
 [49]
 [53]
 [48]
 [56]
 [54]
 [51]
 [57]
 [57]
 [57]
 [57]
 [57]
 [57]
 [45]
 [48]
 [32]
 [54]
 [55]
 [54]
 [55]
 [46]
 [49]
 [52]
 [56]
 [51]
 [50]
 [55]
 [45]
 [49]] 
------------------------ Dataset: wkc ------------------------
shape: (33, 1), dtype: uint16
Data:[[54]
 [50]
 [55]
 [57]
 [46]
 [57]
 [53]
 [50]
 [56]
 [54]
 [50]
 [45]
 [48]
 [32]
 [54]
 [50]
 [55]
 [57]
 [46]
 [57]
 [52]
 [54]
 [49]
 [52]
 [53]
 [57]
 [57]
 [57]
 [57]
 [57]
 [57]
 [45]
 [49]] 
------------------------ Dataset: wkd ------------------------
shape: (32, 1), dtype: uint16
Data:[[54]
 [50]
 [57]
 [53]
 [46]
 [55]
 [50]
 [55]
 [52]
 [52]
 [57]
 [57]
 [57]
 [57]
 [57]
 [57]
 [57]
 [45]
 [48]
 [32]
 [54]
 [50]
 [57]
 [53]
 [46]
 [55]
 [51]
 [51]
 [50]
 [55]
 [45]
 [49]] 
------------------------ Dataset: wke ------------------------
shape: (27, 1), dtype: uint16
Data:[[54]
 [51]
 [49]
 [49]
 [46]
 [53]
 [53]
 [52]
 [56]
 [55]
 [51]
 [45]
 [48]
 [32]
 [54]
 [51]
 [49]
 [49]
 [46]
 [53]
 [53]
 [55]
 [56]
 [52]
 [55]
 [45]
 [49]] 
------------------------ Dataset: wkf ------------------------
shape: (33, 1), dtype: uint16
Data:[[54]
 [51]
 [50]
 [55]
 [46]
 [52]
 [51]
 [51]
 [57]
 [55]
 [56]
 [57]
 [57]
 [57]
 [57]
 [57]
 [57]
 [45]
 [48]
 [32]
 [54]
 [51]
 [50]
 [55]
 [46]
 [52]
 [51]
 [55]
 [57]
 [57]
 [49]
 [45]
 [49]] 
------------------------ Dataset: wkg ------------------------
shape: (27, 1), dtype: uint16
Data:[[54]
 [51]
 [52]
 [51]
 [46]
 [50]
 [53]
 [56]
 [52]
 [49]
 [51]
 [45]
 [48]
 [32]
 [54]
 [51]
 [52]
 [51]
 [46]
 [50]
 [53]
 [53]
 [50]
 [49]
 [49]
 [45]
 [49]] 
------------------------ Dataset: wkh ------------------------
shape: (27, 1), dtype: uint16
Data:[[54]
 [53]
 [48]
 [56]
 [46]
 [51]
 [51]
 [52]
 [48]
 [48]
 [56]
 [45]
 [48]
 [32]
 [54]
 [53]
 [48]
 [56]
 [46]
 [51]
 [51]
 [55]
 [57]
 [52]
 [49]
 [45]
 [49]] 
------------------------ Dataset: wki ------------------------
shape: (33, 1), dtype: uint16
Data:[[54]
 [53]
 [50]
 [52]
 [46]
 [49]
 [53]
 [56]
 [48]
 [56]
 [55]
 [45]
 [48]
 [32]
 [54]
 [53]
 [50]
 [52]
 [46]
 [49]
 [54]
 [50]
 [52]
 [49]
 [48]
 [57]
 [57]
 [57]
 [57]
 [57]
 [57]
 [45]
 [49]] 
------------------------ Dataset: wkj ------------------------
shape: (39, 1), dtype: uint16
Data:[[54]
 [48]
 [49]
 [57]
 [46]
 [55]
 [51]
 [48]
 [53]
 [51]
 [48]
 [57]
 [57]
 [57]
 [57]
 [57]
 [57]
 [45]
 [48]
 [32]
 [54]
 [48]
 [49]
 [57]
 [46]
 [55]
 [51]
 [53]
 [53]
 [57]
 [50]
 [57]
 [57]
 [57]
 [57]
 [57]
 [57]
 [45]
 [49]] 
------------------------ Dataset: wkk ------------------------
shape: (33, 1), dtype: uint16
Data:[[54]
 [48]
 [51]
 [53]
 [46]
 [53]
 [53]
 [51]
 [55]
 [54]
 [49]
 [45]
 [48]
 [32]
 [54]
 [48]
 [51]
 [53]
 [46]
 [53]
 [53]
 [55]
 [55]
 [54]
 [54]
 [57]
 [57]
 [57]
 [57]
 [57]
 [57]
 [45]
 [49]] 
------------------------ Dataset: wkl ------------------------
shape: (27, 1), dtype: uint16
Data:[[54]
 [48]
 [53]
 [49]
 [46]
 [49]
 [53]
 [56]
 [48]
 [51]
 [57]
 [45]
 [48]
 [32]
 [54]
 [48]
 [53]
 [49]
 [46]
 [49]
 [54]
 [49]
 [57]
 [50]
 [51]
 [45]
 [49]] 
------------------------ Dataset: wkm ------------------------
shape: (33, 1), dtype: uint16
Data:[[54]
 [48]
 [54]
 [55]
 [46]
 [48]
 [53]
 [51]
 [56]
 [49]
 [57]
 [45]
 [48]
 [32]
 [54]
 [48]
 [54]
 [55]
 [46]
 [48]
 [53]
 [55]
 [55]
 [55]
 [52]
 [57]
 [57]
 [57]
 [57]
 [57]
 [57]
 [45]
 [49]] 
------------------------ Dataset: wkn ------------------------
shape: (27, 1), dtype: uint16
Data:[[54]
 [48]
 [56]
 [50]
 [46]
 [57]
 [57]
 [52]
 [57]
 [48]
 [54]
 [45]
 [48]
 [32]
 [54]
 [48]
 [56]
 [50]
 [46]
 [57]
 [56]
 [55]
 [51]
 [51]
 [50]
 [45]
 [49]] 
------------------------ Dataset: wko ------------------------
shape: (34, 1), dtype: uint16
Data:[[53]
 [54]
 [52]
 [51]
 [46]
 [54]
 [56]
 [53]
 [52]
 [57]
 [50]
 [45]
 [48]
 [32]
 [53]
 [54]
 [52]
 [51]
 [46]
 [54]
 [55]
 [55]
 [54]
 [49]
 [57]
 [57]
 [57]
 [57]
 [57]
 [57]
 [57]
 [53]
 [45]
 [49]] 
------------------------ Dataset: wkp ------------------------
shape: (33, 1), dtype: uint16
Data:[[53]
 [54]
 [53]
 [57]
 [46]
 [52]
 [50]
 [57]
 [55]
 [48]
 [51]
 [57]
 [57]
 [57]
 [57]
 [57]
 [57]
 [45]
 [48]
 [32]
 [53]
 [54]
 [53]
 [57]
 [46]
 [52]
 [51]
 [51]
 [54]
 [50]
 [56]
 [45]
 [49]] 
------------------------ Dataset: wkq ------------------------
shape: (27, 1), dtype: uint16
Data:[[53]
 [54]
 [55]
 [53]
 [46]
 [49]
 [52]
 [49]
 [53]
 [56]
 [49]
 [45]
 [48]
 [32]
 [53]
 [54]
 [55]
 [53]
 [46]
 [49]
 [51]
 [55]
 [54]
 [53]
 [57]
 [45]
 [49]] 
------------------------ Dataset: wkr ------------------------
shape: (27, 1), dtype: uint16
Data:[[53]
 [54]
 [57]
 [48]
 [46]
 [57]
 [49]
 [52]
 [51]
 [53]
 [52]
 [45]
 [48]
 [32]
 [53]
 [54]
 [57]
 [48]
 [46]
 [57]
 [50]
 [50]
 [48]
 [55]
 [52]
 [45]
 [49]] 
------------------------ Dataset: wks ------------------------
shape: (27, 1), dtype: uint16
Data:[[54]
 [52]
 [49]
 [52]
 [46]
 [49]
 [57]
 [49]
 [48]
 [57]
 [52]
 [45]
 [48]
 [32]
 [54]
 [52]
 [49]
 [52]
 [46]
 [49]
 [57]
 [49]
 [49]
 [49]
 [57]
 [45]
 [49]] 
------------------------ Dataset: wkt ------------------------
shape: (27, 1), dtype: uint16
Data:[[54]
 [54]
 [48]
 [54]
 [46]
 [50]
 [54]
 [50]
 [49]
 [49]
 [54]
 [45]
 [48]
 [32]
 [54]
 [54]
 [48]
 [54]
 [46]
 [50]
 [53]
 [56]
 [48]
 [57]
 [52]
 [45]
 [49]] 
------------------------ Dataset: wku ------------------------
shape: (34, 1), dtype: uint16
Data:[[54]
 [54]
 [50]
 [50]
 [46]
 [50]
 [50]
 [51]
 [56]
 [54]
 [56]
 [57]
 [57]
 [57]
 [57]
 [57]
 [57]
 [53]
 [45]
 [48]
 [32]
 [54]
 [54]
 [50]
 [50]
 [46]
 [50]
 [50]
 [54]
 [52]
 [50]
 [55]
 [45]
 [49]] 
------------------------ Dataset: wkv ------------------------
shape: (34, 1), dtype: uint16
Data:[[54]
 [54]
 [51]
 [56]
 [46]
 [48]
 [55]
 [48]
 [49]
 [55]
 [51]
 [45]
 [48]
 [32]
 [54]
 [54]
 [51]
 [56]
 [46]
 [48]
 [55]
 [52]
 [51]
 [55]
 [50]
 [57]
 [57]
 [57]
 [57]
 [57]
 [57]
 [53]
 [45]
 [49]] 
------------------------ Dataset: wkw ------------------------
shape: (27, 1), dtype: uint16
Data:[[54]
 [54]
 [53]
 [51]
 [46]
 [54]
 [53]
 [56]
 [49]
 [49]
 [57]
 [45]
 [48]
 [32]
 [54]
 [54]
 [53]
 [51]
 [46]
 [54]
 [54]
 [50]
 [48]
 [55]
 [50]
 [45]
 [49]] 
------------------------ Dataset: wkx ------------------------
shape: (34, 1), dtype: uint16
Data:[[54]
 [54]
 [54]
 [57]
 [46]
 [53]
 [51]
 [56]
 [48]
 [56]
 [57]
 [45]
 [48]
 [32]
 [54]
 [54]
 [54]
 [57]
 [46]
 [53]
 [52]
 [50]
 [49]
 [54]
 [51]
 [57]
 [57]
 [57]
 [57]
 [57]
 [57]
 [53]
 [45]
 [49]] 
------------------------ Dataset: wky ------------------------
shape: (33, 1), dtype: uint16
Data:[[54]
 [54]
 [56]
 [53]
 [46]
 [52]
 [55]
 [52]
 [53]
 [53]
 [54]
 [45]
 [48]
 [32]
 [54]
 [54]
 [56]
 [53]
 [46]
 [52]
 [55]
 [56]
 [55]
 [50]
 [50]
 [57]
 [57]
 [57]
 [57]
 [57]
 [57]
 [45]
 [49]] 
------------------------ Dataset: wkz ------------------------
shape: (27, 1), dtype: uint16
Data:[[53]
 [57]
 [48]
 [51]
 [46]
 [51]
 [56]
 [49]
 [54]
 [55]
 [49]
 [45]
 [48]
 [32]
 [53]
 [57]
 [48]
 [51]
 [46]
 [51]
 [56]
 [53]
 [54]
 [54]
 [51]
 [45]
 [49]] 
------------------------ Dataset: wl ------------------------

shape: (1, 6), dtype: uint32
Data:[[3707764736          2          1          1        627          1]] 
------------------------ Dataset: xkb ------------------------
shape: (33, 1), dtype: uint16
Data:[[54]
 [55]
 [54]
 [55]
 [46]
 [49]
 [53]
 [48]
 [56]
 [54]
 [51]
 [57]
 [57]
 [57]
 [57]
 [57]
 [57]
 [45]
 [48]
 [32]
 [54]
 [55]
 [54]
 [55]
 [46]
 [49]
 [53]
 [52]
 [51]
 [50]
 [54]
 [45]
 [49]] 
------------------------ Dataset: xkc ------------------------
shape: (34, 1), dtype: uint16
Data:[[54]
 [50]
 [55]
 [57]
 [46]
 [57]
 [53]
 [50]
 [56]
 [54]
 [50]
 [45]
 [48]
 [32]
 [54]
 [50]
 [55]
 [57]
 [46]
 [57]
 [53]
 [51]
 [57]
 [49]
 [53]
 [57]
 [57]
 [57]
 [57]
 [57]
 [57]
 [53]
 [45]
 [49]] 
------------------------ Dataset: xkd ------------------------
shape: (26, 1), dtype: uint16
Data:[[54]
 [50]
 [57]
 [53]
 [46]
 [55]
 [51]
 [56]
 [54]
 [53]
 [53]
 [45]
 [48]
 [32]
 [54]
 [50]
 [57]
 [53]
 [46]
 [55]
 [51]
 [51]
 [50]
 [55]
 [45]
 [49]] 
------------------------ Dataset: xke ------------------------
shape: (33, 1), dtype: uint16
Data:[[54]
 [51]
 [49]
 [49]
 [46]
 [53]
 [54]
 [49]
 [56]
 [56]
 [50]
 [57]
 [57]
 [57]
 [57]
 [57]
 [57]
 [45]
 [48]
 [32]
 [54]
 [51]
 [49]
 [49]
 [46]
 [53]
 [53]
 [55]
 [56]
 [52]
 [55]
 [45]
 [49]] 
------------------------ Dataset: xkf ------------------------
shape: (33, 1), dtype: uint16
Data:[[54]
 [51]
 [50]
 [55]
 [46]
 [52]
 [52]
 [50]
 [57]
 [57]
 [52]
 [57]
 [57]
 [57]
 [57]
 [57]
 [57]
 [45]
 [48]
 [32]
 [54]
 [51]
 [50]
 [55]
 [46]
 [52]
 [51]
 [55]
 [57]
 [57]
 [49]
 [45]
 [49]] 
------------------------ Dataset: xkg ------------------------
shape: (33, 1), dtype: uint16
Data:[[54]
 [51]
 [52]
 [51]
 [46]
 [50]
 [53]
 [56]
 [52]
 [49]
 [51]
 [45]
 [48]
 [32]
 [54]
 [51]
 [52]
 [51]
 [46]
 [50]
 [54]
 [50]
 [48]
 [52]
 [54]
 [57]
 [57]
 [57]
 [57]
 [57]
 [57]
 [45]
 [49]] 
------------------------ Dataset: xkh ------------------------
shape: (27, 1), dtype: uint16
Data:[[54]
 [53]
 [48]
 [56]
 [46]
 [51]
 [52]
 [49]
 [57]
 [51]
 [56]
 [45]
 [48]
 [32]
 [54]
 [53]
 [48]
 [56]
 [46]
 [51]
 [51]
 [55]
 [57]
 [52]
 [49]
 [45]
 [49]] 
------------------------ Dataset: xki ------------------------
shape: (33, 1), dtype: uint16
Data:[[54]
 [53]
 [50]
 [52]
 [46]
 [49]
 [54]
 [54]
 [49]
 [52]
 [54]
 [45]
 [48]
 [32]
 [54]
 [53]
 [50]
 [52]
 [46]
 [49]
 [54]
 [50]
 [52]
 [49]
 [48]
 [57]
 [57]
 [57]
 [57]
 [57]
 [57]
 [45]
 [49]] 
------------------------ Dataset: xkj ------------------------
shape: (33, 1), dtype: uint16
Data:[[54]
 [48]
 [49]
 [57]
 [46]
 [55]
 [51]
 [56]
 [54]
 [55]
 [57]
 [45]
 [48]
 [32]
 [54]
 [48]
 [49]
 [57]
 [46]
 [55]
 [51]
 [53]
 [53]
 [57]
 [50]
 [57]
 [57]
 [57]
 [57]
 [57]
 [57]
 [45]
 [49]] 
------------------------ Dataset: xkk ------------------------
shape: (32, 1), dtype: uint16
Data:[[54]
 [48]
 [51]
 [53]
 [46]
 [53]
 [54]
 [49]
 [55]
 [56]
 [45]
 [48]
 [32]
 [54]
 [48]
 [51]
 [53]
 [46]
 [53]
 [53]
 [55]
 [55]
 [54]
 [54]
 [57]
 [57]
 [57]
 [57]
 [57]
 [57]
 [45]
 [49]] 
------------------------ Dataset: xkl ------------------------
shape: (27, 1), dtype: uint16
Data:[[54]
 [48]
 [53]
 [49]
 [46]
 [49]
 [54]
 [53]
 [55]
 [55]
 [56]
 [45]
 [48]
 [32]
 [54]
 [48]
 [53]
 [49]
 [46]
 [49]
 [54]
 [49]
 [57]
 [50]
 [51]
 [45]
 [49]] 
------------------------ Dataset: xkm ------------------------
shape: (39, 1), dtype: uint16
Data:[[54]
 [48]
 [54]
 [55]
 [46]
 [48]
 [54]
 [49]
 [55]
 [52]
 [50]
 [57]
 [57]
 [57]
 [57]
 [57]
 [57]
 [45]
 [48]
 [32]
 [54]
 [48]
 [54]
 [55]
 [46]
 [48]
 [53]
 [55]
 [55]
 [55]
 [52]
 [57]
 [57]
 [57]
 [57]
 [57]
 [57]
 [45]
 [49]] 
------------------------ Dataset: xkn ------------------------
shape: (27, 1), dtype: uint16
Data:[[54]
 [48]
 [56]
 [50]
 [46]
 [57]
 [57]
 [52]
 [57]
 [48]
 [54]
 [45]
 [48]
 [32]
 [54]
 [48]
 [56]
 [51]
 [46]
 [48]
 [48]
 [48]
 [53]
 [51]
 [52]
 [45]
 [49]] 
------------------------ Dataset: xko ------------------------
shape: (27, 1), dtype: uint16
Data:[[53]
 [54]
 [52]
 [51]
 [46]
 [54]
 [56]
 [53]
 [52]
 [57]
 [50]
 [45]
 [48]
 [32]
 [53]
 [54]
 [52]
 [51]
 [46]
 [54]
 [56]
 [53]
 [52]
 [53]
 [51]
 [45]
 [49]] 
------------------------ Dataset: xkp ------------------------
shape: (27, 1), dtype: uint16
Data:[[53]
 [54]
 [53]
 [57]
 [46]
 [52]
 [51]
 [55]
 [53]
 [53]
 [57]
 [45]
 [48]
 [32]
 [53]
 [54]
 [53]
 [57]
 [46]
 [52]
 [51]
 [51]
 [54]
 [50]
 [56]
 [45]
 [49]] 
------------------------ Dataset: xkq ------------------------
shape: (27, 1), dtype: uint16
Data:[[53]
 [54]
 [55]
 [53]
 [46]
 [49]
 [52]
 [49]
 [53]
 [56]
 [49]
 [45]
 [48]
 [32]
 [53]
 [54]
 [55]
 [53]
 [46]
 [49]
 [52]
 [53]
 [54]
 [53]
 [52]
 [45]
 [49]] 
------------------------ Dataset: xkr ------------------------
shape: (27, 1), dtype: uint16
Data:[[53]
 [54]
 [57]
 [48]
 [46]
 [57]
 [50]
 [50]
 [48]
 [55]
 [52]
 [45]
 [48]
 [32]
 [53]
 [54]
 [57]
 [48]
 [46]
 [57]
 [50]
 [50]
 [48]
 [55]
 [52]
 [45]
 [49]] 
------------------------ Dataset: xks ------------------------
shape: (27, 1), dtype: uint16
Data:[[54]
 [52]
 [49]
 [52]
 [46]
 [49]
 [57]
 [52]
 [51]
 [55]
 [55]
 [45]
 [48]
 [32]
 [54]
 [52]
 [49]
 [52]
 [46]
 [49]
 [57]
 [49]
 [49]
 [49]
 [57]
 [45]
 [49]] 
------------------------ Dataset: xkt ------------------------
shape: (33, 1), dtype: uint16
Data:[[54]
 [54]
 [48]
 [54]
 [46]
 [50]
 [54]
 [50]
 [49]
 [49]
 [54]
 [45]
 [48]
 [32]
 [54]
 [54]
 [48]
 [54]
 [46]
 [50]
 [54]
 [54]
 [50]
 [48]
 [50]
 [57]
 [57]
 [57]
 [57]
 [57]
 [57]
 [45]
 [49]] 
------------------------ Dataset: xku ------------------------
shape: (27, 1), dtype: uint16
Data:[[54]
 [54]
 [50]
 [50]
 [46]
 [50]
 [51]
 [48]
 [49]
 [49]
 [54]
 [45]
 [48]
 [32]
 [54]
 [54]
 [50]
 [50]
 [46]
 [50]
 [50]
 [54]
 [52]
 [50]
 [55]
 [45]
 [49]] 
------------------------ Dataset: xkv ------------------------
shape: (34, 1), dtype: uint16
Data:[[54]
 [54]
 [51]
 [56]
 [46]
 [48]
 [55]
 [56]
 [49]
 [48]
 [51]
 [45]
 [48]
 [32]
 [54]
 [54]
 [51]
 [56]
 [46]
 [48]
 [55]
 [52]
 [51]
 [55]
 [50]
 [57]
 [57]
 [57]
 [57]
 [57]
 [57]
 [53]
 [45]
 [49]] 
------------------------ Dataset: xkw ------------------------
shape: (33, 1), dtype: uint16
Data:[[54]
 [54]
 [53]
 [51]
 [46]
 [54]
 [54]
 [54]
 [49]
 [48]
 [55]
 [57]
 [57]
 [57]
 [57]
 [57]
 [57]
 [45]
 [48]
 [32]
 [54]
 [54]
 [53]
 [51]
 [46]
 [54]
 [54]
 [50]
 [48]
 [55]
 [50]
 [45]
 [49]] 
------------------------ Dataset: xkx ------------------------
shape: (34, 1), dtype: uint16
Data:[[54]
 [54]
 [54]
 [57]
 [46]
 [53]
 [52]
 [54]
 [48]
 [56]
 [50]
 [45]
 [48]
 [32]
 [54]
 [54]
 [54]
 [57]
 [46]
 [53]
 [52]
 [50]
 [49]
 [54]
 [51]
 [57]
 [57]
 [57]
 [57]
 [57]
 [57]
 [53]
 [45]
 [49]] 
------------------------ Dataset: xky ------------------------
shape: (33, 1), dtype: uint16
Data:[[54]
 [54]
 [56]
 [53]
 [46]
 [52]
 [56]
 [50]
 [50]
 [54]
 [54]
 [45]
 [48]
 [32]
 [54]
 [54]
 [56]
 [53]
 [46]
 [52]
 [55]
 [56]
 [55]
 [50]
 [50]
 [57]
 [57]
 [57]
 [57]
 [57]
 [57]
 [45]
 [49]] 
------------------------ Dataset: xkz ------------------------
shape: (27, 1), dtype: uint16
Data:[[53]
 [57]
 [48]
 [51]
 [46]
 [51]
 [56]
 [57]
 [53]
 [57]
 [53]
 [45]
 [48]
 [32]
 [53]
 [57]
 [48]
 [51]
 [46]
 [51]
 [56]
 [53]
 [54]
 [54]
 [51]
 [45]
 [49]] 
------------------------ Dataset: xl ------------------------

shape: (1, 6), dtype: uint32
Data:[[3707764736          2          1          1        628          1]] 
------------------------ Dataset: ykb ------------------------
shape: (33, 1), dtype: uint16
Data:[[54]
 [55]
 [54]
 [55]
 [46]
 [49]
 [53]
 [56]
 [49]
 [52]
 [49]
 [57]
 [57]
 [57]
 [57]
 [57]
 [57]
 [45]
 [48]
 [32]
 [54]
 [55]
 [54]
 [55]
 [46]
 [49]
 [53]
 [52]
 [51]
 [50]
 [54]
 [45]
 [49]] 
------------------------ Dataset: ykc ------------------------
shape: (34, 1), dtype: uint16
Data:[[54]
 [50]
 [55]
 [57]
 [46]
 [57]
 [53]
 [56]
 [56]
 [51]
 [51]
 [45]
 [48]
 [32]
 [54]
 [50]
 [55]
 [57]
 [46]
 [57]
 [53]
 [51]
 [57]
 [49]
 [53]
 [57]
 [57]
 [57]
 [57]
 [57]
 [57]
 [53]
 [45]
 [49]] 
------------------------ Dataset: ykd ------------------------
shape: (27, 1), dtype: uint16
Data:[[54]
 [50]
 [57]
 [53]
 [46]
 [55]
 [51]
 [56]
 [54]
 [53]
 [53]
 [45]
 [48]
 [32]
 [54]
 [50]
 [57]
 [53]
 [46]
 [55]
 [51]
 [57]
 [50]
 [55]
 [55]
 [45]
 [49]] 
------------------------ Dataset: yke ------------------------
shape: (39, 1), dtype: uint16
Data:[[54]
 [51]
 [49]
 [49]
 [46]
 [53]
 [54]
 [49]
 [56]
 [56]
 [50]
 [57]
 [57]
 [57]
 [57]
 [57]
 [57]
 [45]
 [48]
 [32]
 [54]
 [51]
 [49]
 [49]
 [46]
 [53]
 [54]
 [53]
 [57]
 [48]
 [54]
 [57]
 [57]
 [57]
 [57]
 [57]
 [57]
 [45]
 [49]] 
------------------------ Dataset: ykf ------------------------
shape: (40, 1), dtype: uint16
Data:[[54]
 [51]
 [50]
 [55]
 [46]
 [52]
 [52]
 [50]
 [57]
 [57]
 [52]
 [57]
 [57]
 [57]
 [57]
 [57]
 [57]
 [45]
 [48]
 [32]
 [54]
 [51]
 [50]
 [55]
 [46]
 [52]
 [52]
 [54]
 [57]
 [53]
 [55]
 [57]
 [57]
 [57]
 [57]
 [57]
 [57]
 [53]
 [45]
 [49]] 
------------------------ Dataset: ykg ------------------------
shape: (33, 1), dtype: uint16
Data:[[54]
 [51]
 [52]
 [51]
 [46]
 [50]
 [54]
 [54]
 [48]
 [48]
 [49]
 [45]
 [48]
 [32]
 [54]
 [51]
 [52]
 [51]
 [46]
 [50]
 [54]
 [50]
 [48]
 [52]
 [54]
 [57]
 [57]
 [57]
 [57]
 [57]
 [57]
 [45]
 [49]] 
------------------------ Dataset: ykh ------------------------
shape: (27, 1), dtype: uint16
Data:[[54]
 [53]
 [48]
 [56]
 [46]
 [51]
 [52]
 [49]
 [57]
 [51]
 [56]
 [45]
 [48]
 [32]
 [54]
 [53]
 [48]
 [56]
 [46]
 [51]
 [52]
 [54]
 [48]
 [49]
 [55]
 [45]
 [49]] 
------------------------ Dataset: yki ------------------------
shape: (34, 1), dtype: uint16
Data:[[54]
 [53]
 [50]
 [52]
 [46]
 [49]
 [54]
 [54]
 [49]
 [52]
 [54]
 [45]
 [48]
 [32]
 [54]
 [53]
 [50]
 [52]
 [46]
 [49]
 [55]
 [48]
 [48]
 [56]
 [54]
 [57]
 [57]
 [57]
 [57]
 [57]
 [57]
 [53]
 [45]
 [49]] 
------------------------ Dataset: ykj ------------------------
shape: (27, 1), dtype: uint16
Data:[[54]
 [48]
 [49]
 [57]
 [46]
 [55]
 [51]
 [56]
 [54]
 [55]
 [57]
 [45]
 [48]
 [32]
 [54]
 [48]
 [49]
 [57]
 [46]
 [55]
 [52]
 [50]
 [56]
 [53]
 [51]
 [45]
 [49]] 
------------------------ Dataset: ykk ------------------------
shape: (33, 1), dtype: uint16
Data:[[54]
 [48]
 [51]
 [53]
 [46]
 [53]
 [54]
 [49]
 [55]
 [56]
 [45]
 [48]
 [32]
 [54]
 [48]
 [51]
 [53]
 [46]
 [53]
 [54]
 [53]
 [56]
 [57]
 [54]
 [57]
 [57]
 [57]
 [57]
 [57]
 [57]
 [53]
 [45]
 [49]] 
------------------------ Dataset: ykl ------------------------
shape: (27, 1), dtype: uint16
Data:[[54]
 [48]
 [53]
 [49]
 [46]
 [49]
 [54]
 [53]
 [55]
 [55]
 [56]
 [45]
 [48]
 [32]
 [54]
 [48]
 [53]
 [49]
 [46]
 [49]
 [54]
 [57]
 [55]
 [52]
 [50]
 [45]
 [49]] 
------------------------ Dataset: ykm ------------------------
shape: (39, 1), dtype: uint16
Data:[[54]
 [48]
 [54]
 [55]
 [46]
 [48]
 [54]
 [49]
 [55]
 [52]
 [50]
 [57]
 [57]
 [57]
 [57]
 [57]
 [57]
 [45]
 [48]
 [32]
 [54]
 [48]
 [54]
 [55]
 [46]
 [48]
 [54]
 [53]
 [55]
 [51]
 [55]
 [57]
 [57]
 [57]
 [57]
 [57]
 [57]
 [45]
 [49]] 
------------------------ Dataset: ykn ------------------------
shape: (27, 1), dtype: uint16
Data:[[54]
 [48]
 [56]
 [51]
 [46]
 [48]
 [48]
 [52]
 [53]
 [57]
 [52]
 [45]
 [48]
 [32]
 [54]
 [48]
 [56]
 [51]
 [46]
 [48]
 [48]
 [48]
 [53]
 [51]
 [52]
 [45]
 [49]] 
------------------------ Dataset: yko ------------------------
shape: (26, 1), dtype: uint16
Data:[[53]
 [54]
 [52]
 [51]
 [46]
 [54]
 [56]
 [53]
 [52]
 [57]
 [50]
 [45]
 [48]
 [32]
 [53]
 [54]
 [52]
 [51]
 [46]
 [54]
 [57]
 [52]
 [48]
 [54]
 [45]
 [49]] 
------------------------ Dataset: ykp ------------------------
shape: (27, 1), dtype: uint16
Data:[[53]
 [54]
 [53]
 [57]
 [46]
 [52]
 [51]
 [55]
 [53]
 [53]
 [57]
 [45]
 [48]
 [32]
 [53]
 [54]
 [53]
 [57]
 [46]
 [52]
 [52]
 [49]
 [54]
 [48]
 [50]
 [45]
 [49]] 
------------------------ Dataset: ykq ------------------------
shape: (27, 1), dtype: uint16
Data:[[53]
 [54]
 [55]
 [53]
 [46]
 [49]
 [52]
 [57]
 [53]
 [50]
 [53]
 [45]
 [48]
 [32]
 [53]
 [54]
 [55]
 [53]
 [46]
 [49]
 [52]
 [53]
 [54]
 [53]
 [52]
 [45]
 [49]] 
------------------------ Dataset: ykr ------------------------
shape: (27, 1), dtype: uint16
Data:[[53]
 [54]
 [57]
 [48]
 [46]
 [57]
 [50]
 [50]
 [48]
 [55]
 [52]
 [45]
 [48]
 [32]
 [53]
 [54]
 [57]
 [48]
 [46]
 [57]
 [50]
 [57]
 [55]
 [54]
 [53]
 [45]
 [49]] 
------------------------ Dataset: yks ------------------------
shape: (33, 1), dtype: uint16
Data:[[54]
 [52]
 [49]
 [52]
 [46]
 [49]
 [57]
 [52]
 [51]
 [55]
 [55]
 [45]
 [48]
 [32]
 [54]
 [52]
 [49]
 [52]
 [46]
 [49]
 [57]
 [56]
 [48]
 [55]
 [55]
 [57]
 [57]
 [57]
 [57]
 [57]
 [57]
 [45]
 [49]] 
------------------------ Dataset: ykt ------------------------
shape: (39, 1), dtype: uint16
Data:[[54]
 [54]
 [48]
 [54]
 [46]
 [50]
 [55]
 [48]
 [49]
 [51]
 [56]
 [57]
 [57]
 [57]
 [57]
 [57]
 [57]
 [45]
 [48]
 [32]
 [54]
 [54]
 [48]
 [54]
 [46]
 [50]
 [54]
 [54]
 [50]
 [48]
 [50]
 [57]
 [57]
 [57]
 [57]
 [57]
 [57]
 [45]
 [49]] 
------------------------ Dataset: yku ------------------------
shape: (27, 1), dtype: uint16
Data:[[54]
 [54]
 [50]
 [50]
 [46]
 [50]
 [51]
 [48]
 [49]
 [49]
 [54]
 [45]
 [48]
 [32]
 [54]
 [54]
 [50]
 [50]
 [46]
 [50]
 [51]
 [52]
 [48]
 [53]
 [56]
 [45]
 [49]] 
------------------------ Dataset: ykv ------------------------
shape: (34, 1), dtype: uint16
Data:[[54]
 [54]
 [51]
 [56]
 [46]
 [48]
 [55]
 [56]
 [49]
 [48]
 [51]
 [45]
 [48]
 [32]
 [54]
 [54]
 [51]
 [56]
 [46]
 [48]
 [56]
 [50]
 [50]
 [48]
 [54]
 [57]
 [57]
 [57]
 [57]
 [57]
 [57]
 [53]
 [45]
 [49]] 
------------------------ Dataset: ykw ------------------------
shape: (33, 1), dtype: uint16
Data:[[54]
 [54]
 [53]
 [51]
 [46]
 [54]
 [54]
 [54]
 [49]
 [48]
 [55]
 [57]
 [57]
 [57]
 [57]
 [57]
 [57]
 [45]
 [48]
 [32]
 [54]
 [54]
 [53]
 [51]
 [46]
 [54]
 [55]
 [48]
 [48]
 [51]
 [55]
 [45]
 [49]] 
------------------------ Dataset: ykx ------------------------
shape: (27, 1), dtype: uint16
Data:[[54]
 [54]
 [54]
 [57]
 [46]
 [53]
 [52]
 [54]
 [48]
 [56]
 [50]
 [45]
 [48]
 [32]
 [54]
 [54]
 [54]
 [57]
 [46]
 [53]
 [53]
 [48]
 [56]
 [53]
 [51]
 [45]
 [49]] 
------------------------ Dataset: yky ------------------------
shape: (27, 1), dtype: uint16
Data:[[54]
 [54]
 [56]
 [53]
 [46]
 [52]
 [56]
 [50]
 [50]
 [54]
 [54]
 [45]
 [48]
 [32]
 [54]
 [54]
 [56]
 [53]
 [46]
 [52]
 [56]
 [54]
 [49]
 [56]
 [56]
 [45]
 [49]] 
------------------------ Dataset: ykz ------------------------
shape: (33, 1), dtype: uint16
Data:[[53]
 [57]
 [48]
 [51]
 [46]
 [51]
 [56]
 [57]
 [53]
 [57]
 [53]
 [45]
 [48]
 [32]
 [53]
 [57]
 [48]
 [51]
 [46]
 [51]
 [57]
 [57]
 [55]
 [49]
 [51]
 [57]
 [57]
 [57]
 [57]
 [57]
 [57]
 [45]
 [49]] 
------------------------ Dataset: yl ------------------------

shape: (1, 6), dtype: uint32
Data:[[3707764736          2          1          1        629          1]] 
------------------------ Dataset: zkb ------------------------
shape: (32, 1), dtype: uint16
Data:[[54]
 [55]
 [54]
 [55]
 [46]
 [49]
 [53]
 [56]
 [49]
 [52]
 [49]
 [57]
 [57]
 [57]
 [57]
 [57]
 [57]
 [45]
 [48]
 [32]
 [54]
 [55]
 [54]
 [55]
 [46]
 [49]
 [54]
 [50]
 [50]
 [51]
 [45]
 [49]] 
------------------------ Dataset: zkc ------------------------
shape: (27, 1), dtype: uint16
Data:[[54]
 [50]
 [55]
 [57]
 [46]
 [57]
 [53]
 [56]
 [56]
 [51]
 [51]
 [45]
 [48]
 [32]
 [54]
 [50]
 [55]
 [57]
 [46]
 [57]
 [54]
 [51]
 [54]
 [55]
 [52]
 [45]
 [49]] 
------------------------ Dataset: zkd ------------------------
shape: (27, 1), dtype: uint16
Data:[[54]
 [50]
 [57]
 [53]
 [46]
 [55]
 [52]
 [52]
 [50]
 [56]
 [50]
 [45]
 [48]
 [32]
 [54]
 [50]
 [57]
 [53]
 [46]
 [55]
 [51]
 [57]
 [50]
 [55]
 [55]
 [45]
 [49]] 
------------------------ Dataset: zke ------------------------
shape: (39, 1), dtype: uint16
Data:[[54]
 [51]
 [49]
 [49]
 [46]
 [53]
 [54]
 [57]
 [56]
 [56]
 [48]
 [57]
 [57]
 [57]
 [57]
 [57]
 [57]
 [45]
 [48]
 [32]
 [54]
 [51]
 [49]
 [49]
 [46]
 [53]
 [54]
 [53]
 [57]
 [48]
 [54]
 [57]
 [57]
 [57]
 [57]
 [57]
 [57]
 [45]
 [49]] 
------------------------ Dataset: zkf ------------------------
shape: (34, 1), dtype: uint16
Data:[[54]
 [51]
 [50]
 [55]
 [46]
 [52]
 [53]
 [48]
 [52]
 [55]
 [49]
 [45]
 [48]
 [32]
 [54]
 [51]
 [50]
 [55]
 [46]
 [52]
 [52]
 [54]
 [57]
 [53]
 [55]
 [57]
 [57]
 [57]
 [57]
 [57]
 [57]
 [53]
 [45]
 [49]] 
------------------------ Dataset: zkg ------------------------
shape: (27, 1), dtype: uint16
Data:[[54]
 [51]
 [52]
 [51]
 [46]
 [50]
 [54]
 [54]
 [48]
 [48]
 [49]
 [45]
 [48]
 [32]
 [54]
 [51]
 [52]
 [51]
 [46]
 [50]
 [54]
 [57]
 [57]
 [51]
 [57]
 [45]
 [49]] 
------------------------ Dataset: zkh ------------------------
shape: (27, 1), dtype: uint16
Data:[[54]
 [53]
 [48]
 [56]
 [46]
 [51]
 [52]
 [57]
 [57]
 [52]
 [53]
 [45]
 [48]
 [32]
 [54]
 [53]
 [48]
 [56]
 [46]
 [51]
 [52]
 [54]
 [48]
 [49]
 [55]
 [45]
 [49]] 
------------------------ Dataset: zki ------------------------
shape: (33, 1), dtype: uint16
Data:[[54]
 [53]
 [50]
 [52]
 [46]
 [49]
 [55]
 [52]
 [48]
 [52]
 [45]
 [48]
 [32]
 [54]
 [53]
 [50]
 [52]
 [46]
 [49]
 [55]
 [48]
 [48]
 [56]
 [54]
 [57]
 [57]
 [57]
 [57]
 [57]
 [57]
 [53]
 [45]
 [49]] 
------------------------ Dataset: zkj ------------------------
shape: (33, 1), dtype: uint16
Data:[[54]
 [48]
 [49]
 [57]
 [46]
 [55]
 [53]
 [54]
 [50]
 [53]
 [52]
 [57]
 [57]
 [57]
 [57]
 [57]
 [57]
 [45]
 [48]
 [32]
 [54]
 [48]
 [49]
 [57]
 [46]
 [55]
 [52]
 [50]
 [56]
 [53]
 [51]
 [45]
 [49]] 
------------------------ Dataset: zkk ------------------------
shape: (40, 1), dtype: uint16
Data:[[54]
 [48]
 [51]
 [53]
 [46]
 [53]
 [54]
 [57]
 [55]
 [51]
 [55]
 [57]
 [57]
 [57]
 [57]
 [57]
 [57]
 [45]
 [48]
 [32]
 [54]
 [48]
 [51]
 [53]
 [46]
 [53]
 [54]
 [53]
 [56]
 [57]
 [54]
 [57]
 [57]
 [57]
 [57]
 [57]
 [57]
 [53]
 [45]
 [49]] 
------------------------ Dataset: zkl ------------------------
shape: (27, 1), dtype: uint16
Data:[[54]
 [48]
 [53]
 [49]
 [46]
 [49]
 [55]
 [51]
 [56]
 [50]
 [55]
 [45]
 [48]
 [32]
 [54]
 [48]
 [53]
 [49]
 [46]
 [49]
 [54]
 [57]
 [55]
 [52]
 [50]
 [45]
 [49]] 
------------------------ Dataset: zkm ------------------------
shape: (33, 1), dtype: uint16
Data:[[54]
 [48]
 [54]
 [55]
 [46]
 [48]
 [54]
 [57]
 [55]
 [50]
 [57]
 [45]
 [48]
 [32]
 [54]
 [48]
 [54]
 [55]
 [46]
 [48]
 [54]
 [53]
 [55]
 [51]
 [55]
 [57]
 [57]
 [57]
 [57]
 [57]
 [57]
 [45]
 [49]] 
------------------------ Dataset: zkn ------------------------
shape: (34, 1), dtype: uint16
Data:[[54]
 [48]
 [56]
 [51]
 [46]
 [48]
 [48]
 [52]
 [53]
 [57]
 [52]
 [45]
 [48]
 [32]
 [54]
 [48]
 [56]
 [51]
 [46]
 [48]
 [48]
 [57]
 [56]
 [55]
 [54]
 [57]
 [57]
 [57]
 [57]
 [57]
 [57]
 [53]
 [45]
 [49]] 
------------------------ Dataset: zko ------------------------
shape: (32, 1), dtype: uint16
Data:[[53]
 [54]
 [52]
 [51]
 [46]
 [54]
 [57]
 [51]
 [56]
 [48]
 [56]
 [57]
 [57]
 [57]
 [57]
 [57]
 [57]
 [45]
 [48]
 [32]
 [53]
 [54]
 [52]
 [51]
 [46]
 [54]
 [57]
 [52]
 [48]
 [54]
 [45]
 [49]] 
------------------------ Dataset: zkp ------------------------
shape: (27, 1), dtype: uint16
Data:[[53]
 [54]
 [53]
 [57]
 [46]
 [52]
 [52]
 [53]
 [53]
 [57]
 [52]
 [45]
 [48]
 [32]
 [53]
 [54]
 [53]
 [57]
 [46]
 [52]
 [52]
 [49]
 [54]
 [48]
 [50]
 [45]
 [49]] 
------------------------ Dataset: zkq ------------------------
shape: (27, 1), dtype: uint16
Data:[[53]
 [54]
 [55]
 [53]
 [46]
 [49]
 [52]
 [57]
 [53]
 [50]
 [53]
 [45]
 [48]
 [32]
 [53]
 [54]
 [55]
 [53]
 [46]
 [49]
 [53]
 [56]
 [56]
 [50]
 [56]
 [45]
 [49]] 
------------------------ Dataset: zkr ------------------------
shape: (33, 1), dtype: uint16
Data:[[53]
 [54]
 [57]
 [48]
 [46]
 [57]
 [50]
 [57]
 [55]
 [50]
 [50]
 [57]
 [57]
 [57]
 [57]
 [57]
 [57]
 [45]
 [48]
 [32]
 [53]
 [54]
 [57]
 [48]
 [46]
 [57]
 [50]
 [57]
 [55]
 [54]
 [53]
 [45]
 [49]] 
------------------------ Dataset: zks ------------------------
shape: (33, 1), dtype: uint16
Data:[[54]
 [52]
 [49]
 [52]
 [46]
 [50]
 [48]
 [50]
 [48]
 [49]
 [51]
 [45]
 [48]
 [32]
 [54]
 [52]
 [49]
 [52]
 [46]
 [49]
 [57]
 [56]
 [48]
 [55]
 [55]
 [57]
 [57]
 [57]
 [57]
 [57]
 [57]
 [45]
 [49]] 
------------------------ Dataset: zkt ------------------------
shape: (33, 1), dtype: uint16
Data:[[54]
 [54]
 [48]
 [54]
 [46]
 [50]
 [55]
 [48]
 [49]
 [51]
 [56]
 [57]
 [57]
 [57]
 [57]
 [57]
 [57]
 [45]
 [48]
 [32]
 [54]
 [54]
 [48]
 [54]
 [46]
 [50]
 [55]
 [52]
 [53]
 [52]
 [54]
 [45]
 [49]] 
------------------------ Dataset: zku ------------------------
shape: (27, 1), dtype: uint16
Data:[[54]
 [54]
 [50]
 [50]
 [46]
 [50]
 [51]
 [56]
 [48]
 [48]
 [55]
 [45]
 [48]
 [32]
 [54]
 [54]
 [50]
 [50]
 [46]
 [50]
 [51]
 [52]
 [48]
 [53]
 [56]
 [45]
 [49]] 
------------------------ Dataset: zkv ------------------------
shape: (34, 1), dtype: uint16
Data:[[54]
 [54]
 [51]
 [56]
 [46]
 [48]
 [56]
 [57]
 [54]
 [54]
 [52]
 [45]
 [48]
 [32]
 [54]
 [54]
 [51]
 [56]
 [46]
 [48]
 [56]
 [50]
 [50]
 [48]
 [54]
 [57]
 [57]
 [57]
 [57]
 [57]
 [57]
 [53]
 [45]
 [49]] 
------------------------ Dataset: zkw ------------------------
shape: (33, 1), dtype: uint16
Data:[[54]
 [54]
 [53]
 [51]
 [46]
 [54]
 [55]
 [52]
 [48]
 [50]
 [57]
 [57]
 [57]
 [57]
 [57]
 [57]
 [57]
 [45]
 [48]
 [32]
 [54]
 [54]
 [53]
 [51]
 [46]
 [54]
 [55]
 [48]
 [48]
 [51]
 [55]
 [45]
 [49]] 
------------------------ Dataset: zkx ------------------------
shape: (27, 1), dtype: uint16
Data:[[54]
 [54]
 [54]
 [57]
 [46]
 [53]
 [53]
 [53]
 [55]
 [52]
 [56]
 [45]
 [48]
 [32]
 [54]
 [54]
 [54]
 [57]
 [46]
 [53]
 [53]
 [48]
 [56]
 [53]
 [51]
 [45]
 [49]] 
------------------------ Dataset: zky ------------------------
shape: (27, 1), dtype: uint16
Data:[[54]
 [54]
 [56]
 [53]
 [46]
 [52]
 [57]
 [48]
 [48]
 [55]
 [54]
 [45]
 [48]
 [32]
 [54]
 [54]
 [56]
 [53]
 [46]
 [52]
 [56]
 [54]
 [49]
 [56]
 [56]
 [45]
 [49]] 
------------------------ Dataset: zkz ------------------------
shape: (32, 1), dtype: uint16
Data:[[53]
 [57]
 [48]
 [51]
 [46]
 [51]
 [57]
 [57]
 [55]
 [53]
 [45]
 [48]
 [32]
 [53]
 [57]
 [48]
 [51]
 [46]
 [51]
 [57]
 [57]
 [55]
 [49]
 [51]
 [57]
 [57]
 [57]
 [57]
 [57]
 [57]
 [45]
 [49]] 
------------------------ Dataset: zl ------------------------

shape: (1, 6), dtype: uint32
Data:[[3707764736          2          1          1        630          1]] 
------------------------ Dataset: Akb ------------------------
shape: (25, 1), dtype: uint16
Data:[[54]
 [55]
 [54]
 [55]
 [46]
 [49]
 [54]
 [54]
 [49]
 [54]
 [45]
 [48]
 [32]
 [54]
 [55]
 [54]
 [55]
 [46]
 [49]
 [54]
 [50]
 [50]
 [51]
 [45]
 [49]] 
------------------------ Dataset: Akc ------------------------
shape: (33, 1), dtype: uint16
Data:[[54]
 [50]
 [55]
 [57]
 [46]
 [57]
 [54]
 [57]
 [50]
 [57]
 [56]
 [57]
 [57]
 [57]
 [57]
 [57]
 [57]
 [45]
 [48]
 [32]
 [54]
 [50]
 [55]
 [57]
 [46]
 [57]
 [54]
 [51]
 [54]
 [55]
 [52]
 [45]
 [49]] 
------------------------ Dataset: Akd ------------------------
shape: (27, 1), dtype: uint16
Data:[[54]
 [50]
 [57]
 [53]
 [46]
 [55]
 [52]
 [52]
 [50]
 [56]
 [50]
 [45]
 [48]
 [32]
 [54]
 [50]
 [57]
 [53]
 [46]
 [55]
 [52]
 [52]
 [50]
 [56]
 [50]
 [45]
 [49]] 
------------------------ Dataset: Ake ------------------------
shape: (33, 1), dtype: uint16
Data:[[54]
 [51]
 [49]
 [49]
 [46]
 [53]
 [54]
 [57]
 [56]
 [56]
 [48]
 [57]
 [57]
 [57]
 [57]
 [57]
 [57]
 [45]
 [48]
 [32]
 [54]
 [51]
 [49]
 [49]
 [46]
 [53]
 [55]
 [51]
 [57]
 [57]
 [56]
 [45]
 [49]] 
------------------------ Dataset: Akf ------------------------
shape: (33, 1), dtype: uint16
Data:[[54]
 [51]
 [50]
 [55]
 [46]
 [52]
 [53]
 [48]
 [52]
 [55]
 [49]
 [45]
 [48]
 [32]
 [54]
 [51]
 [50]
 [55]
 [46]
 [52]
 [53]
 [51]
 [57]
 [54]
 [51]
 [57]
 [57]
 [57]
 [57]
 [57]
 [57]
 [45]
 [49]] 
------------------------ Dataset: Akg ------------------------
shape: (27, 1), dtype: uint16
Data:[[54]
 [51]
 [52]
 [51]
 [46]
 [50]
 [55]
 [51]
 [57]
 [50]
 [51]
 [45]
 [48]
 [32]
 [54]
 [51]
 [52]
 [51]
 [46]
 [50]
 [54]
 [57]
 [57]
 [51]
 [57]
 [45]
 [49]] 
------------------------ Dataset: Akh ------------------------
shape: (26, 1), dtype: uint16
Data:[[54]
 [53]
 [48]
 [56]
 [46]
 [51]
 [52]
 [57]
 [57]
 [52]
 [53]
 [45]
 [48]
 [32]
 [54]
 [53]
 [48]
 [56]
 [46]
 [51]
 [53]
 [51]
 [57]
 [52]
 [45]
 [49]] 
------------------------ Dataset: Aki ------------------------
shape: (32, 1), dtype: uint16
Data:[[54]
 [53]
 [50]
 [52]
 [46]
 [49]
 [55]
 [52]
 [48]
 [52]
 [45]
 [48]
 [32]
 [54]
 [53]
 [50]
 [52]
 [46]
 [49]
 [55]
 [56]
 [49]
 [48]
 [53]
 [57]
 [57]
 [57]
 [57]
 [57]
 [57]
 [45]
 [49]] 
------------------------ Dataset: Akj ------------------------
shape: (33, 1), dtype: uint16
Data:[[54]
 [48]
 [49]
 [57]
 [46]
 [55]
 [53]
 [54]
 [50]
 [53]
 [52]
 [57]
 [57]
 [57]
 [57]
 [57]
 [57]
 [45]
 [48]
 [32]
 [54]
 [48]
 [49]
 [57]
 [46]
 [55]
 [53]
 [54]
 [51]
 [56]
 [56]
 [45]
 [49]] 
------------------------ Dataset: Akk ------------------------
shape: (33, 1), dtype: uint16
Data:[[54]
 [48]
 [51]
 [53]
 [46]
 [53]
 [54]
 [57]
 [55]
 [51]
 [55]
 [57]
 [57]
 [57]
 [57]
 [57]
 [57]
 [45]
 [48]
 [32]
 [54]
 [48]
 [51]
 [53]
 [46]
 [53]
 [55]
 [51]
 [55]
 [49]
 [49]
 [45]
 [49]] 
------------------------ Dataset: Akl ------------------------
shape: (27, 1), dtype: uint16
Data:[[54]
 [48]
 [53]
 [49]
 [46]
 [49]
 [55]
 [51]
 [56]
 [50]
 [55]
 [45]
 [48]
 [32]
 [54]
 [48]
 [53]
 [49]
 [46]
 [49]
 [55]
 [56]
 [50]
 [49]
 [56]
 [45]
 [49]] 
------------------------ Dataset: Akm ------------------------
shape: (33, 1), dtype: uint16
Data:[[54]
 [48]
 [54]
 [55]
 [46]
 [48]
 [54]
 [57]
 [55]
 [50]
 [57]
 [45]
 [48]
 [32]
 [54]
 [48]
 [54]
 [55]
 [46]
 [48]
 [55]
 [51]
 [55]
 [57]
 [49]
 [57]
 [57]
 [57]
 [57]
 [57]
 [57]
 [45]
 [49]] 
------------------------ Dataset: Akn ------------------------
shape: (40, 1), dtype: uint16
Data:[[54]
 [48]
 [56]
 [51]
 [46]
 [48]
 [49]
 [49]
 [54]
 [51]
 [53]
 [57]
 [57]
 [57]
 [57]
 [57]
 [57]
 [45]
 [48]
 [32]
 [54]
 [48]
 [56]
 [51]
 [46]
 [48]
 [48]
 [57]
 [56]
 [55]
 [54]
 [57]
 [57]
 [57]
 [57]
 [57]
 [57]
 [53]
 [45]
 [49]] 
------------------------ Dataset: Ako ------------------------
shape: (32, 1), dtype: uint16
Data:[[53]
 [54]
 [52]
 [51]
 [46]
 [55]
 [48]
 [49]
 [55]
 [49]
 [55]
 [57]
 [57]
 [57]
 [57]
 [57]
 [57]
 [45]
 [48]
 [32]
 [53]
 [54]
 [52]
 [51]
 [46]
 [54]
 [57]
 [52]
 [48]
 [54]
 [45]
 [49]] 
------------------------ Dataset: Akp ------------------------
shape: (27, 1), dtype: uint16
Data:[[53]
 [54]
 [53]
 [57]
 [46]
 [52]
 [52]
 [53]
 [53]
 [57]
 [52]
 [45]
 [48]
 [32]
 [53]
 [54]
 [53]
 [57]
 [46]
 [52]
 [52]
 [57]
 [56]
 [49]
 [53]
 [45]
 [49]] 
------------------------ Dataset: Akq ------------------------
shape: (27, 1), dtype: uint16
Data:[[53]
 [54]
 [55]
 [53]
 [46]
 [49]
 [53]
 [56]
 [56]
 [57]
 [57]
 [45]
 [48]
 [32]
 [53]
 [54]
 [55]
 [53]
 [46]
 [49]
 [53]
 [56]
 [56]
 [50]
 [56]
 [45]
 [49]] 
------------------------ Dataset: Akr ------------------------
shape: (27, 1), dtype: uint16
Data:[[53]
 [54]
 [57]
 [48]
 [46]
 [57]
 [51]
 [55]
 [53]
 [50]
 [57]
 [45]
 [48]
 [32]
 [53]
 [54]
 [57]
 [48]
 [46]
 [57]
 [50]
 [57]
 [55]
 [54]
 [53]
 [45]
 [49]] 
------------------------ Dataset: Aks ------------------------
shape: (27, 1), dtype: uint16
Data:[[54]
 [52]
 [49]
 [52]
 [46]
 [50]
 [48]
 [50]
 [48]
 [49]
 [51]
 [45]
 [48]
 [32]
 [54]
 [52]
 [49]
 [52]
 [46]
 [50]
 [49]
 [48]
 [49]
 [57]
 [57]
 [45]
 [49]] 
------------------------ Dataset: Akt ------------------------
shape: (26, 1), dtype: uint16
Data:[[54]
 [54]
 [48]
 [54]
 [46]
 [50]
 [55]
 [56]
 [49]
 [53]
 [45]
 [48]
 [32]
 [54]
 [54]
 [48]
 [54]
 [46]
 [50]
 [55]
 [52]
 [53]
 [52]
 [54]
 [45]
 [49]] 
------------------------ Dataset: Aku ------------------------
shape: (27, 1), dtype: uint16
Data:[[54]
 [54]
 [50]
 [50]
 [46]
 [50]
 [51]
 [56]
 [48]
 [48]
 [55]
 [45]
 [48]
 [32]
 [54]
 [54]
 [50]
 [50]
 [46]
 [50]
 [52]
 [50]
 [48]
 [50]
 [54]
 [45]
 [49]] 
------------------------ Dataset: Akv ------------------------
shape: (33, 1), dtype: uint16
Data:[[54]
 [54]
 [51]
 [56]
 [46]
 [48]
 [56]
 [57]
 [54]
 [54]
 [52]
 [45]
 [48]
 [32]
 [54]
 [54]
 [51]
 [56]
 [46]
 [48]
 [57]
 [48]
 [52]
 [51]
 [55]
 [57]
 [57]
 [57]
 [57]
 [57]
 [57]
 [45]
 [49]] 
------------------------ Dataset: Akw ------------------------
shape: (33, 1), dtype: uint16
Data:[[54]
 [54]
 [53]
 [51]
 [46]
 [54]
 [55]
 [52]
 [48]
 [50]
 [57]
 [57]
 [57]
 [57]
 [57]
 [57]
 [57]
 [45]
 [48]
 [32]
 [54]
 [54]
 [53]
 [51]
 [46]
 [54]
 [55]
 [56]
 [48]
 [49]
 [54]
 [45]
 [49]] 
------------------------ Dataset: Akx ------------------------
shape: (26, 1), dtype: uint16
Data:[[54]
 [54]
 [54]
 [57]
 [46]
 [53]
 [53]
 [53]
 [55]
 [52]
 [56]
 [45]
 [48]
 [32]
 [54]
 [54]
 [54]
 [57]
 [46]
 [53]
 [53]
 [56]
 [57]
 [49]
 [45]
 [49]] 
------------------------ Dataset: Aky ------------------------
shape: (33, 1), dtype: uint16
Data:[[54]
 [54]
 [56]
 [53]
 [46]
 [52]
 [57]
 [48]
 [48]
 [55]
 [54]
 [45]
 [48]
 [32]
 [54]
 [54]
 [56]
 [53]
 [46]
 [52]
 [57]
 [52]
 [49]
 [53]
 [52]
 [57]
 [57]
 [57]
 [57]
 [57]
 [57]
 [45]
 [49]] 
------------------------ Dataset: Akz ------------------------
shape: (25, 1), dtype: uint16
Data:[[53]
 [57]
 [48]
 [51]
 [46]
 [51]
 [57]
 [57]
 [55]
 [53]
 [45]
 [48]
 [32]
 [53]
 [57]
 [48]
 [51]
 [46]
 [52]
 [48]
 [50]
 [54]
 [51]
 [45]
 [49]] 
------------------------ Dataset: Al ------------------------

