shape: (1, 6), dtype: uint32
Data:[[3707764736          2          1          1       1871          1]] 
------------------------ Dataset: 7Eb ------------------------
shape: (27, 1), dtype: uint16
Data:[[54]
 [55]
 [55]
 [50]
 [46]
 [52]
 [48]
 [52]
 [52]
 [49]
 [50]
 [45]
 [48]
 [32]
 [54]
 [55]
 [55]
 [50]
 [46]
 [52]
 [48]
 [48]
 [52]
 [56]
 [53]
 [45]
 [49]] 
------------------------ Dataset: 7Ec ------------------------
shape: (39, 1), dtype: uint16
Data:[[54]
 [50]
 [56]
 [53]
 [46]
 [49]
 [55]
 [56]
 [49]
 [54]
 [57]
 [57]
 [57]
 [57]
 [57]
 [57]
 [57]
 [45]
 [48]
 [32]
 [54]
 [50]
 [56]
 [53]
 [46]
 [49]
 [55]
 [51]
 [57]
 [53]
 [52]
 [57]
 [57]
 [57]
 [57]
 [57]
 [57]
 [45]
 [49]] 
------------------------ Dataset: 7Ed ------------------------
shape: (27, 1), dtype: uint16
Data:[[54]
 [51]
 [48]
 [48]
 [46]
 [57]
 [53]
 [55]
 [57]
 [53]
 [51]
 [45]
 [48]
 [32]
 [54]
 [51]
 [48]
 [48]
 [46]
 [57]
 [53]
 [55]
 [57]
 [53]
 [55]
 [45]
 [49]] 
------------------------ Dataset: 7Ee ------------------------
shape: (33, 1), dtype: uint16
Data:[[54]
 [51]
 [49]
 [54]
 [46]
 [56]
 [50]
 [51]
 [49]
 [57]
 [55]
 [45]
 [48]
 [32]
 [54]
 [51]
 [49]
 [54]
 [46]
 [56]
 [50]
 [51]
 [50]
 [50]
 [50]
 [57]
 [57]
 [57]
 [57]
 [57]
 [57]
 [45]
 [49]] 
------------------------ Dataset: 7Ef ------------------------
shape: (27, 1), dtype: uint16
Data:[[54]
 [51]
 [51]
 [50]
 [46]
 [54]
 [53]
 [52]
 [48]
 [49]
 [57]
 [45]
 [48]
 [32]
 [54]
 [51]
 [51]
 [50]
 [46]
 [54]
 [53]
 [48]
 [51]
 [51]
 [49]
 [45]
 [49]] 
------------------------ Dataset: 7Eg ------------------------
shape: (27, 1), dtype: uint16
Data:[[54]
 [52]
 [57]
 [55]
 [46]
 [56]
 [48]
 [55]
 [53]
 [50]
 [49]
 [45]
 [48]
 [32]
 [54]
 [52]
 [57]
 [55]
 [46]
 [56]
 [48]
 [55]
 [52]
 [53]
 [53]
 [45]
 [49]] 
------------------------ Dataset: 7Eh ------------------------
shape: (39, 1), dtype: uint16
Data:[[54]
 [53]
 [49]
 [51]
 [46]
 [54]
 [48]
 [50]
 [53]
 [52]
 [51]
 [57]
 [57]
 [57]
 [57]
 [57]
 [57]
 [45]
 [48]
 [32]
 [54]
 [53]
 [49]
 [51]
 [46]
 [54]
 [49]
 [48]
 [48]
 [53]
 [50]
 [57]
 [57]
 [57]
 [57]
 [57]
 [57]
 [45]
 [49]] 
------------------------ Dataset: 7Ei ------------------------
shape: (27, 1), dtype: uint16
Data:[[54]
 [53]
 [50]
 [57]
 [46]
 [52]
 [49]
 [56]
 [48]
 [54]
 [56]
 [45]
 [48]
 [32]
 [54]
 [53]
 [50]
 [57]
 [46]
 [52]
 [49]
 [52]
 [48]
 [52]
 [54]
 [45]
 [49]] 
------------------------ Dataset: 7Ej ------------------------
shape: (27, 1), dtype: uint16
Data:[[54]
 [48]
 [50]
 [52]
 [46]
 [57]
 [55]
 [52]
 [51]
 [57]
 [57]
 [45]
 [48]
 [32]
 [54]
 [48]
 [50]
 [52]
 [46]
 [57]
 [55]
 [55]
 [57]
 [53]
 [55]
 [45]
 [49]] 
------------------------ Dataset: 7Ek ------------------------
shape: (33, 1), dtype: uint16
Data:[[54]
 [48]
 [52]
 [48]
 [46]
 [55]
 [49]
 [55]
 [56]
 [49]
 [56]
 [45]
 [48]
 [32]
 [54]
 [48]
 [52]
 [48]
 [46]
 [55]
 [50]
 [49]
 [56]
 [48]
 [50]
 [57]
 [57]
 [57]
 [57]
 [57]
 [57]
 [45]
 [49]] 
------------------------ Dataset: 7El ------------------------
shape: (27, 1), dtype: uint16
Data:[[54]
 [48]
 [53]
 [54]
 [46]
 [52]
 [50]
 [53]
 [55]
 [53]
 [52]
 [45]
 [48]
 [32]
 [54]
 [48]
 [53]
 [54]
 [46]
 [52]
 [50]
 [53]
 [55]
 [54]
 [56]
 [45]
 [49]] 
------------------------ Dataset: 7Em ------------------------
shape: (33, 1), dtype: uint16
Data:[[54]
 [48]
 [55]
 [50]
 [46]
 [51]
 [50]
 [51]
 [50]
 [57]
 [55]
 [45]
 [48]
 [32]
 [54]
 [48]
 [55]
 [50]
 [46]
 [51]
 [50]
 [57]
 [57]
 [51]
 [56]
 [57]
 [57]
 [57]
 [57]
 [57]
 [57]
 [45]
 [49]] 
------------------------ Dataset: 7En ------------------------
shape: (33, 1), dtype: uint16
Data:[[53]
 [54]
 [51]
 [51]
 [46]
 [50]
 [48]
 [53]
 [53]
 [56]
 [56]
 [57]
 [57]
 [57]
 [57]
 [57]
 [57]
 [45]
 [48]
 [32]
 [53]
 [54]
 [51]
 [51]
 [46]
 [50]
 [48]
 [57]
 [54]
 [50]
 [54]
 [45]
 [49]] 
------------------------ Dataset: 7Eo ------------------------
shape: (39, 1), dtype: uint16
Data:[[53]
 [54]
 [52]
 [56]
 [46]
 [56]
 [57]
 [52]
 [48]
 [56]
 [56]
 [57]
 [57]
 [57]
 [57]
 [57]
 [57]
 [45]
 [48]
 [32]
 [53]
 [54]
 [52]
 [56]
 [46]
 [56]
 [56]
 [53]
 [56]
 [49]
 [51]
 [57]
 [57]
 [57]
 [57]
 [57]
 [57]
 [45]
 [49]] 
------------------------ Dataset: 7Ep ------------------------
shape: (33, 1), dtype: uint16
Data:[[53]
 [54]
 [54]
 [52]
 [46]
 [54]
 [49]
 [55]
 [57]
 [54]
 [49]
 [57]
 [57]
 [57]
 [57]
 [57]
 [57]
 [45]
 [48]
 [32]
 [53]
 [54]
 [54]
 [52]
 [46]
 [54]
 [50]
 [49]
 [56]
 [52]
 [50]
 [45]
 [49]] 
------------------------ Dataset: 7Eq ------------------------
shape: (34, 1), dtype: uint16
Data:[[53]
 [54]
 [56]
 [48]
 [46]
 [51]
 [54]
 [49]
 [53]
 [56]
 [49]
 [57]
 [57]
 [57]
 [57]
 [57]
 [57]
 [53]
 [45]
 [48]
 [32]
 [53]
 [54]
 [56]
 [48]
 [46]
 [51]
 [54]
 [53]
 [55]
 [52]
 [53]
 [45]
 [49]] 
------------------------ Dataset: 7Er ------------------------
shape: (27, 1), dtype: uint16
Data:[[53]
 [56]
 [48]
 [54]
 [46]
 [54]
 [53]
 [55]
 [55]
 [55]
 [50]
 [45]
 [48]
 [32]
 [53]
 [56]
 [48]
 [54]
 [46]
 [54]
 [54]
 [49]
 [54]
 [56]
 [49]
 [45]
 [49]] 
------------------------ Dataset: 7Es ------------------------
shape: (40, 1), dtype: uint16
Data:[[54]
 [52]
 [49]
 [57]
 [46]
 [52]
 [52]
 [53]
 [56]
 [57]
 [48]
 [57]
 [57]
 [57]
 [57]
 [57]
 [57]
 [45]
 [48]
 [32]
 [54]
 [52]
 [49]
 [57]
 [46]
 [52]
 [52]
 [57]
 [56]
 [52]
 [53]
 [57]
 [57]
 [57]
 [57]
 [57]
 [57]
 [53]
 [45]
 [49]] 
------------------------ Dataset: 7Et ------------------------
shape: (33, 1), dtype: uint16
Data:[[54]
 [54]
 [49]
 [49]
 [46]
 [53]
 [51]
 [56]
 [49]
 [48]
 [57]
 [57]
 [57]
 [57]
 [57]
 [57]
 [57]
 [53]
 [45]
 [48]
 [32]
 [54]
 [54]
 [49]
 [49]
 [46]
 [53]
 [52]
 [50]
 [48]
 [53]
 [45]
 [49]] 
------------------------ Dataset: 7Eu ------------------------
shape: (40, 1), dtype: uint16
Data:[[54]
 [54]
 [50]
 [55]
 [46]
 [52]
 [53]
 [56]
 [49]
 [48]
 [54]
 [57]
 [57]
 [57]
 [57]
 [57]
 [57]
 [53]
 [45]
 [48]
 [32]
 [54]
 [54]
 [50]
 [55]
 [46]
 [52]
 [54]
 [50]
 [48]
 [51]
 [57]
 [57]
 [57]
 [57]
 [57]
 [57]
 [57]
 [45]
 [49]] 
------------------------ Dataset: 7Ev ------------------------
shape: (33, 1), dtype: uint16
Data:[[54]
 [54]
 [52]
 [51]
 [46]
 [50]
 [50]
 [51]
 [48]
 [52]
 [56]
 [45]
 [48]
 [32]
 [54]
 [54]
 [52]
 [51]
 [46]
 [50]
 [50]
 [51]
 [49]
 [53]
 [54]
 [57]
 [57]
 [57]
 [57]
 [57]
 [57]
 [45]
 [49]] 
------------------------ Dataset: 7Ew ------------------------
shape: (33, 1), dtype: uint16
Data:[[54]
 [54]
 [53]
 [56]
 [46]
 [57]
 [53]
 [56]
 [51]
 [53]
 [51]
 [45]
 [48]
 [32]
 [54]
 [54]
 [53]
 [56]
 [46]
 [57]
 [54]
 [50]
 [49]
 [54]
 [50]
 [57]
 [57]
 [57]
 [57]
 [57]
 [57]
 [45]
 [49]] 
------------------------ Dataset: 7Ex ------------------------
shape: (27, 1), dtype: uint16
Data:[[54]
 [54]
 [55]
 [52]
 [46]
 [56]
 [49]
 [53]
 [51]
 [55]
 [50]
 [45]
 [48]
 [32]
 [54]
 [54]
 [55]
 [52]
 [46]
 [56]
 [48]
 [57]
 [57]
 [56]
 [50]
 [45]
 [49]] 
------------------------ Dataset: 7Ey ------------------------
shape: (33, 1), dtype: uint16
Data:[[54]
 [54]
 [57]
 [48]
 [46]
 [55]
 [52]
 [50]
 [48]
 [50]
 [51]
 [57]
 [57]
 [57]
 [57]
 [57]
 [57]
 [45]
 [48]
 [32]
 [54]
 [54]
 [57]
 [48]
 [46]
 [55]
 [51]
 [56]
 [50]
 [49]
 [54]
 [45]
 [49]] 
------------------------ Dataset: 7Ez ------------------------
shape: (33, 1), dtype: uint16
Data:[[53]
 [57]
 [48]
 [56]
 [46]
 [54]
 [49]
 [55]
 [55]
 [48]
 [50]
 [45]
 [48]
 [32]
 [53]
 [57]
 [48]
 [56]
 [46]
 [54]
 [50]
 [49]
 [55]
 [51]
 [56]
 [57]
 [57]
 [57]
 [57]
 [57]
 [57]
 [45]
 [49]] 
------------------------ Dataset: 7F ------------------------

shape: (1, 6), dtype: uint32
Data:[[3707764736          2          1          1       1872          1]] 
------------------------ Dataset: 8Eb ------------------------
shape: (33, 1), dtype: uint16
Data:[[54]
 [55]
 [55]
 [50]
 [46]
 [52]
 [48]
 [52]
 [52]
 [49]
 [50]
 [45]
 [48]
 [32]
 [54]
 [55]
 [55]
 [50]
 [46]
 [52]
 [48]
 [54]
 [53]
 [49]
 [48]
 [57]
 [57]
 [57]
 [57]
 [57]
 [57]
 [45]
 [49]] 
------------------------ Dataset: 8Ec ------------------------
shape: (33, 1), dtype: uint16
Data:[[54]
 [50]
 [56]
 [53]
 [46]
 [49]
 [55]
 [56]
 [49]
 [54]
 [57]
 [57]
 [57]
 [57]
 [57]
 [57]
 [57]
 [45]
 [48]
 [32]
 [54]
 [50]
 [56]
 [53]
 [46]
 [49]
 [56]
 [51]
 [48]
 [55]
 [50]
 [45]
 [49]] 
------------------------ Dataset: 8Ed ------------------------
shape: (27, 1), dtype: uint16
Data:[[54]
 [51]
 [48]
 [48]
 [46]
 [57]
 [54]
 [57]
 [56]
 [51]
 [50]
 [45]
 [48]
 [32]
 [54]
 [51]
 [48]
 [48]
 [46]
 [57]
 [53]
 [55]
 [57]
 [53]
 [55]
 [45]
 [49]] 
------------------------ Dataset: 8Ee ------------------------
shape: (33, 1), dtype: uint16
Data:[[54]
 [51]
 [49]
 [54]
 [46]
 [56]
 [51]
 [52]
 [52]
 [50]
 [55]
 [45]
 [48]
 [32]
 [54]
 [51]
 [49]
 [54]
 [46]
 [56]
 [50]
 [51]
 [50]
 [50]
 [50]
 [57]
 [57]
 [57]
 [57]
 [57]
 [57]
 [45]
 [49]] 
------------------------ Dataset: 8Ef ------------------------
shape: (33, 1), dtype: uint16
Data:[[54]
 [51]
 [51]
 [50]
 [46]
 [54]
 [53]
 [52]
 [48]
 [49]
 [57]
 [45]
 [48]
 [32]
 [54]
 [51]
 [51]
 [50]
 [46]
 [54]
 [53]
 [56]
 [54]
 [49]
 [52]
 [57]
 [57]
 [57]
 [57]
 [57]
 [57]
 [45]
 [49]] 
------------------------ Dataset: 8Eg ------------------------
shape: (27, 1), dtype: uint16
Data:[[54]
 [52]
 [57]
 [55]
 [46]
 [56]
 [48]
 [55]
 [53]
 [50]
 [49]
 [45]
 [48]
 [32]
 [54]
 [52]
 [57]
 [55]
 [46]
 [56]
 [49]
 [48]
 [55]
 [49]
 [54]
 [45]
 [49]] 
------------------------ Dataset: 8Eh ------------------------
shape: (39, 1), dtype: uint16
Data:[[54]
 [53]
 [49]
 [51]
 [46]
 [54]
 [49]
 [48]
 [48]
 [56]
 [52]
 [57]
 [57]
 [57]
 [57]
 [57]
 [57]
 [45]
 [48]
 [32]
 [54]
 [53]
 [49]
 [51]
 [46]
 [54]
 [49]
 [48]
 [48]
 [53]
 [50]
 [57]
 [57]
 [57]
 [57]
 [57]
 [57]
 [45]
 [49]] 
------------------------ Dataset: 8Ei ------------------------
shape: (27, 1), dtype: uint16
Data:[[54]
 [53]
 [50]
 [57]
 [46]
 [52]
 [49]
 [56]
 [48]
 [54]
 [56]
 [45]
 [48]
 [32]
 [54]
 [53]
 [50]
 [57]
 [46]
 [52]
 [50]
 [50]
 [49]
 [50]
 [50]
 [45]
 [49]] 
------------------------ Dataset: 8Ej ------------------------
shape: (27, 1), dtype: uint16
Data:[[54]
 [48]
 [50]
 [52]
 [46]
 [57]
 [56]
 [49]
 [57]
 [48]
 [56]
 [45]
 [48]
 [32]
 [54]
 [48]
 [50]
 [52]
 [46]
 [57]
 [55]
 [55]
 [57]
 [53]
 [55]
 [45]
 [49]] 
------------------------ Dataset: 8Ek ------------------------
shape: (33, 1), dtype: uint16
Data:[[54]
 [48]
 [52]
 [48]
 [46]
 [55]
 [50]
 [53]
 [55]
 [53]
 [52]
 [45]
 [48]
 [32]
 [54]
 [48]
 [52]
 [48]
 [46]
 [55]
 [50]
 [49]
 [56]
 [48]
 [50]
 [57]
 [57]
 [57]
 [57]
 [57]
 [57]
 [45]
 [49]] 
------------------------ Dataset: 8El ------------------------
shape: (27, 1), dtype: uint16
Data:[[54]
 [48]
 [53]
 [54]
 [46]
 [52]
 [51]
 [51]
 [55]
 [54]
 [56]
 [45]
 [48]
 [32]
 [54]
 [48]
 [53]
 [54]
 [46]
 [52]
 [50]
 [53]
 [55]
 [54]
 [56]
 [45]
 [49]] 
------------------------ Dataset: 8Em ------------------------
shape: (33, 1), dtype: uint16
Data:[[54]
 [48]
 [55]
 [50]
 [46]
 [51]
 [50]
 [57]
 [56]
 [50]
 [53]
 [45]
 [48]
 [32]
 [54]
 [48]
 [55]
 [50]
 [46]
 [51]
 [50]
 [57]
 [57]
 [51]
 [56]
 [57]
 [57]
 [57]
 [57]
 [57]
 [57]
 [45]
 [49]] 
------------------------ Dataset: 8En ------------------------
shape: (27, 1), dtype: uint16
Data:[[53]
 [54]
 [51]
 [51]
 [46]
 [50]
 [50]
 [48]
 [52]
 [48]
 [57]
 [45]
 [48]
 [32]
 [53]
 [54]
 [51]
 [51]
 [46]
 [50]
 [48]
 [57]
 [54]
 [50]
 [54]
 [45]
 [49]] 
------------------------ Dataset: 8Eo ------------------------
shape: (32, 1), dtype: uint16
Data:[[53]
 [54]
 [52]
 [56]
 [46]
 [56]
 [57]
 [52]
 [48]
 [56]
 [56]
 [57]
 [57]
 [57]
 [57]
 [57]
 [57]
 [45]
 [48]
 [32]
 [53]
 [54]
 [52]
 [56]
 [46]
 [56]
 [57]
 [48]
 [52]
 [53]
 [45]
 [49]] 
------------------------ Dataset: 8Ep ------------------------
shape: (27, 1), dtype: uint16
Data:[[53]
 [54]
 [54]
 [52]
 [46]
 [54]
 [50]
 [53]
 [55]
 [53]
 [49]
 [45]
 [48]
 [32]
 [53]
 [54]
 [54]
 [52]
 [46]
 [54]
 [50]
 [49]
 [56]
 [52]
 [50]
 [45]
 [49]] 
------------------------ Dataset: 8Eq ------------------------
shape: (27, 1), dtype: uint16
Data:[[53]
 [54]
 [56]
 [48]
 [46]
 [51]
 [54]
 [57]
 [54]
 [55]
 [50]
 [45]
 [48]
 [32]
 [53]
 [54]
 [56]
 [48]
 [46]
 [51]
 [54]
 [53]
 [55]
 [52]
 [53]
 [45]
 [49]] 
------------------------ Dataset: 8Er ------------------------
shape: (33, 1), dtype: uint16
Data:[[53]
 [56]
 [48]
 [54]
 [46]
 [54]
 [54]
 [53]
 [54]
 [57]
 [51]
 [57]
 [57]
 [57]
 [57]
 [57]
 [57]
 [45]
 [48]
 [32]
 [53]
 [56]
 [48]
 [54]
 [46]
 [54]
 [54]
 [49]
 [54]
 [56]
 [49]
 [45]
 [49]] 
------------------------ Dataset: 8Es ------------------------
shape: (34, 1), dtype: uint16
Data:[[54]
 [52]
 [49]
 [57]
 [46]
 [52]
 [53]
 [51]
 [57]
 [48]
 [52]
 [45]
 [48]
 [32]
 [54]
 [52]
 [49]
 [57]
 [46]
 [52]
 [52]
 [57]
 [56]
 [52]
 [53]
 [57]
 [57]
 [57]
 [57]
 [57]
 [57]
 [53]
 [45]
 [49]] 
------------------------ Dataset: 8Et ------------------------
shape: (25, 1), dtype: uint16
Data:[[54]
 [54]
 [49]
 [49]
 [46]
 [53]
 [52]
 [54]
 [50]
 [56]
 [45]
 [48]
 [32]
 [54]
 [54]
 [49]
 [49]
 [46]
 [53]
 [52]
 [50]
 [48]
 [53]
 [45]
 [49]] 
------------------------ Dataset: 8Eu ------------------------
shape: (32, 1), dtype: uint16
Data:[[54]
 [54]
 [50]
 [55]
 [46]
 [52]
 [54]
 [54]
 [48]
 [53]
 [45]
 [48]
 [32]
 [54]
 [54]
 [50]
 [55]
 [46]
 [52]
 [54]
 [50]
 [48]
 [51]
 [57]
 [57]
 [57]
 [57]
 [57]
 [57]
 [57]
 [45]
 [49]] 
------------------------ Dataset: 8Ev ------------------------
shape: (40, 1), dtype: uint16
Data:[[54]
 [54]
 [52]
 [51]
 [46]
 [50]
 [50]
 [54]
 [55]
 [57]
 [49]
 [57]
 [57]
 [57]
 [57]
 [57]
 [57]
 [53]
 [45]
 [48]
 [32]
 [54]
 [54]
 [52]
 [51]
 [46]
 [50]
 [50]
 [51]
 [49]
 [53]
 [54]
 [57]
 [57]
 [57]
 [57]
 [57]
 [57]
 [45]
 [49]] 
------------------------ Dataset: 8Ew ------------------------
shape: (33, 1), dtype: uint16
Data:[[54]
 [54]
 [53]
 [56]
 [46]
 [57]
 [54]
 [54]
 [50]
 [52]
 [51]
 [45]
 [48]
 [32]
 [54]
 [54]
 [53]
 [56]
 [46]
 [57]
 [54]
 [50]
 [49]
 [54]
 [50]
 [57]
 [57]
 [57]
 [57]
 [57]
 [57]
 [45]
 [49]] 
------------------------ Dataset: 8Ex ------------------------
shape: (34, 1), dtype: uint16
Data:[[54]
 [54]
 [55]
 [52]
 [46]
 [56]
 [49]
 [53]
 [51]
 [55]
 [50]
 [45]
 [48]
 [32]
 [54]
 [54]
 [55]
 [52]
 [46]
 [56]
 [50]
 [56]
 [50]
 [50]
 [50]
 [57]
 [57]
 [57]
 [57]
 [57]
 [57]
 [53]
 [45]
 [49]] 
------------------------ Dataset: 8Ey ------------------------
shape: (40, 1), dtype: uint16
Data:[[54]
 [54]
 [57]
 [48]
 [46]
 [55]
 [52]
 [50]
 [48]
 [50]
 [51]
 [57]
 [57]
 [57]
 [57]
 [57]
 [57]
 [45]
 [48]
 [32]
 [54]
 [54]
 [57]
 [48]
 [46]
 [55]
 [53]
 [48]
 [57]
 [50]
 [55]
 [57]
 [57]
 [57]
 [57]
 [57]
 [57]
 [53]
 [45]
 [49]] 
------------------------ Dataset: 8Ez ------------------------
shape: (33, 1), dtype: uint16
Data:[[53]
 [57]
 [48]
 [56]
 [46]
 [54]
 [50]
 [53]
 [54]
 [57]
 [50]
 [45]
 [48]
 [32]
 [53]
 [57]
 [48]
 [56]
 [46]
 [54]
 [50]
 [49]
 [55]
 [51]
 [56]
 [57]
 [57]
 [57]
 [57]
 [57]
 [57]
 [45]
 [49]] 
------------------------ Dataset: 8F ------------------------

shape: (1, 6), dtype: uint32
Data:[[3707764736          2          1          1       1873          1]] 
------------------------ Dataset: 9Eb ------------------------
shape: (40, 1), dtype: uint16
Data:[[54]
 [55]
 [55]
 [50]
 [46]
 [52]
 [49]
 [48]
 [53]
 [51]
 [56]
 [57]
 [57]
 [57]
 [57]
 [57]
 [57]
 [53]
 [45]
 [48]
 [32]
 [54]
 [55]
 [55]
 [50]
 [46]
 [52]
 [48]
 [54]
 [53]
 [49]
 [48]
 [57]
 [57]
 [57]
 [57]
 [57]
 [57]
 [45]
 [49]] 
------------------------ Dataset: 9Ec ------------------------
shape: (27, 1), dtype: uint16
Data:[[54]
 [50]
 [56]
 [53]
 [46]
 [49]
 [56]
 [54]
 [55]
 [57]
 [56]
 [45]
 [48]
 [32]
 [54]
 [50]
 [56]
 [53]
 [46]
 [49]
 [56]
 [51]
 [48]
 [55]
 [50]
 [45]
 [49]] 
------------------------ Dataset: 9Ed ------------------------
shape: (27, 1), dtype: uint16
Data:[[54]
 [51]
 [48]
 [48]
 [46]
 [57]
 [54]
 [57]
 [56]
 [51]
 [50]
 [45]
 [48]
 [32]
 [54]
 [51]
 [48]
 [48]
 [46]
 [57]
 [54]
 [53]
 [57]
 [51]
 [55]
 [45]
 [49]] 
------------------------ Dataset: 9Ee ------------------------
shape: (33, 1), dtype: uint16
Data:[[54]
 [51]
 [49]
 [54]
 [46]
 [56]
 [51]
 [52]
 [52]
 [50]
 [55]
 [45]
 [48]
 [32]
 [54]
 [51]
 [49]
 [54]
 [46]
 [56]
 [51]
 [51]
 [57]
 [52]
 [49]
 [57]
 [57]
 [57]
 [57]
 [57]
 [57]
 [45]
 [49]] 
------------------------ Dataset: 9Ef ------------------------
shape: (33, 1), dtype: uint16
Data:[[54]
 [51]
 [51]
 [50]
 [46]
 [54]
 [54]
 [49]
 [57]
 [50]
 [54]
 [45]
 [48]
 [32]
 [54]
 [51]
 [51]
 [50]
 [46]
 [54]
 [53]
 [56]
 [54]
 [49]
 [52]
 [57]
 [57]
 [57]
 [57]
 [57]
 [57]
 [45]
 [49]] 
------------------------ Dataset: 9Eg ------------------------
shape: (27, 1), dtype: uint16
Data:[[54]
 [52]
 [57]
 [55]
 [46]
 [56]
 [49]
 [51]
 [57]
 [54]
 [55]
 [45]
 [48]
 [32]
 [54]
 [52]
 [57]
 [55]
 [46]
 [56]
 [49]
 [48]
 [55]
 [49]
 [54]
 [45]
 [49]] 
------------------------ Dataset: 9Eh ------------------------
shape: (33, 1), dtype: uint16
Data:[[54]
 [53]
 [49]
 [51]
 [46]
 [54]
 [49]
 [48]
 [48]
 [56]
 [52]
 [57]
 [57]
 [57]
 [57]
 [57]
 [57]
 [45]
 [48]
 [32]
 [54]
 [53]
 [49]
 [51]
 [46]
 [54]
 [49]
 [56]
 [48]
 [49]
 [55]
 [45]
 [49]] 
------------------------ Dataset: 9Ei ------------------------
shape: (33, 1), dtype: uint16
Data:[[54]
 [53]
 [50]
 [57]
 [46]
 [52]
 [50]
 [54]
 [49]
 [48]
 [57]
 [57]
 [57]
 [57]
 [57]
 [57]
 [57]
 [45]
 [48]
 [32]
 [54]
 [53]
 [50]
 [57]
 [46]
 [52]
 [50]
 [50]
 [49]
 [50]
 [50]
 [45]
 [49]] 
------------------------ Dataset: 9Ej ------------------------
shape: (27, 1), dtype: uint16
Data:[[54]
 [48]
 [50]
 [52]
 [46]
 [57]
 [56]
 [49]
 [57]
 [48]
 [56]
 [45]
 [48]
 [32]
 [54]
 [48]
 [50]
 [52]
 [46]
 [57]
 [56]
 [53]
 [57]
 [53]
 [52]
 [45]
 [49]] 
------------------------ Dataset: 9Ek ------------------------
shape: (27, 1), dtype: uint16
Data:[[54]
 [48]
 [52]
 [48]
 [46]
 [55]
 [50]
 [53]
 [55]
 [53]
 [52]
 [45]
 [48]
 [32]
 [54]
 [48]
 [52]
 [48]
 [46]
 [55]
 [50]
 [57]
 [55]
 [53]
 [49]
 [45]
 [49]] 
------------------------ Dataset: 9El ------------------------
shape: (33, 1), dtype: uint16
Data:[[54]
 [48]
 [53]
 [54]
 [46]
 [52]
 [51]
 [51]
 [55]
 [54]
 [56]
 [45]
 [48]
 [32]
 [54]
 [48]
 [53]
 [54]
 [46]
 [52]
 [51]
 [51]
 [56]
 [55]
 [51]
 [57]
 [57]
 [57]
 [57]
 [57]
 [57]
 [45]
 [49]] 
------------------------ Dataset: 9Em ------------------------
shape: (33, 1), dtype: uint16
Data:[[54]
 [48]
 [55]
 [50]
 [46]
 [51]
 [51]
 [55]
 [55]
 [55]
 [55]
 [45]
 [48]
 [32]
 [54]
 [48]
 [55]
 [50]
 [46]
 [51]
 [50]
 [57]
 [57]
 [51]
 [56]
 [57]
 [57]
 [57]
 [57]
 [57]
 [57]
 [45]
 [49]] 
------------------------ Dataset: 9En ------------------------
shape: (27, 1), dtype: uint16
Data:[[53]
 [54]
 [51]
 [51]
 [46]
 [50]
 [50]
 [48]
 [52]
 [48]
 [57]
 [45]
 [48]
 [32]
 [53]
 [54]
 [51]
 [51]
 [46]
 [50]
 [50]
 [48]
 [53]
 [53]
 [53]
 [45]
 [49]] 
------------------------ Dataset: 9Eo ------------------------
shape: (39, 1), dtype: uint16
Data:[[53]
 [54]
 [52]
 [56]
 [46]
 [56]
 [57]
 [52]
 [48]
 [56]
 [56]
 [57]
 [57]
 [57]
 [57]
 [57]
 [57]
 [45]
 [48]
 [32]
 [53]
 [54]
 [52]
 [56]
 [46]
 [56]
 [57]
 [55]
 [56]
 [56]
 [49]
 [57]
 [57]
 [57]
 [57]
 [57]
 [57]
 [45]
 [49]] 
------------------------ Dataset: 9Ep ------------------------
shape: (27, 1), dtype: uint16
Data:[[53]
 [54]
 [54]
 [52]
 [46]
 [54]
 [50]
 [53]
 [55]
 [53]
 [49]
 [45]
 [48]
 [32]
 [53]
 [54]
 [54]
 [52]
 [46]
 [54]
 [50]
 [57]
 [55]
 [48]
 [52]
 [45]
 [49]] 
------------------------ Dataset: 9Eq ------------------------
shape: (27, 1), dtype: uint16
Data:[[53]
 [54]
 [56]
 [48]
 [46]
 [51]
 [54]
 [57]
 [54]
 [55]
 [50]
 [45]
 [48]
 [32]
 [53]
 [54]
 [56]
 [48]
 [46]
 [51]
 [55]
 [51]
 [55]
 [55]
 [50]
 [45]
 [49]] 
------------------------ Dataset: 9Er ------------------------
shape: (33, 1), dtype: uint16
Data:[[53]
 [56]
 [48]
 [54]
 [46]
 [54]
 [54]
 [53]
 [54]
 [57]
 [51]
 [57]
 [57]
 [57]
 [57]
 [57]
 [57]
 [45]
 [48]
 [32]
 [53]
 [56]
 [48]
 [54]
 [46]
 [54]
 [54]
 [57]
 [54]
 [48]
 [57]
 [45]
 [49]] 
------------------------ Dataset: 9Es ------------------------
shape: (34, 1), dtype: uint16
Data:[[54]
 [52]
 [49]
 [57]
 [46]
 [52]
 [53]
 [51]
 [57]
 [48]
 [52]
 [45]
 [48]
 [32]
 [54]
 [52]
 [49]
 [57]
 [46]
 [52]
 [53]
 [55]
 [57]
 [48]
 [50]
 [57]
 [57]
 [57]
 [57]
 [57]
 [57]
 [53]
 [45]
 [49]] 
------------------------ Dataset: 9Et ------------------------
shape: (26, 1), dtype: uint16
Data:[[54]
 [54]
 [49]
 [49]
 [46]
 [53]
 [52]
 [54]
 [50]
 [56]
 [45]
 [48]
 [32]
 [54]
 [54]
 [49]
 [49]
 [46]
 [53]
 [53]
 [49]
 [49]
 [57]
 [53]
 [45]
 [49]] 
------------------------ Dataset: 9Eu ------------------------
shape: (26, 1), dtype: uint16
Data:[[54]
 [54]
 [50]
 [55]
 [46]
 [52]
 [54]
 [54]
 [48]
 [53]
 [45]
 [48]
 [32]
 [54]
 [54]
 [50]
 [55]
 [46]
 [52]
 [55]
 [48]
 [48]
 [49]
 [56]
 [45]
 [49]] 
------------------------ Dataset: 9Ev ------------------------
shape: (41, 1), dtype: uint16
Data:[[54]
 [54]
 [52]
 [51]
 [46]
 [50]
 [50]
 [54]
 [55]
 [57]
 [49]
 [57]
 [57]
 [57]
 [57]
 [57]
 [57]
 [53]
 [45]
 [48]
 [32]
 [54]
 [54]
 [52]
 [51]
 [46]
 [50]
 [51]
 [48]
 [49]
 [48]
 [57]
 [57]
 [57]
 [57]
 [57]
 [57]
 [57]
 [53]
 [45]
 [49]] 
------------------------ Dataset: 9Ew ------------------------
shape: (27, 1), dtype: uint16
Data:[[54]
 [54]
 [53]
 [56]
 [46]
 [57]
 [54]
 [54]
 [50]
 [52]
 [51]
 [45]
 [48]
 [32]
 [54]
 [54]
 [53]
 [56]
 [46]
 [57]
 [55]
 [48]
 [51]
 [49]
 [57]
 [45]
 [49]] 
------------------------ Dataset: 9Ex ------------------------
shape: (40, 1), dtype: uint16
Data:[[54]
 [54]
 [55]
 [52]
 [46]
 [56]
 [50]
 [56]
 [51]
 [53]
 [51]
 [57]
 [57]
 [57]
 [57]
 [57]
 [57]
 [45]
 [48]
 [32]
 [54]
 [54]
 [55]
 [52]
 [46]
 [56]
 [50]
 [56]
 [50]
 [50]
 [50]
 [57]
 [57]
 [57]
 [57]
 [57]
 [57]
 [53]
 [45]
 [49]] 
------------------------ Dataset: 9Ey ------------------------
shape: (40, 1), dtype: uint16
Data:[[54]
 [54]
 [57]
 [48]
 [46]
 [55]
 [53]
 [49]
 [49]
 [49]
 [55]
 [57]
 [57]
 [57]
 [57]
 [57]
 [57]
 [45]
 [48]
 [32]
 [54]
 [54]
 [57]
 [48]
 [46]
 [55]
 [53]
 [48]
 [57]
 [50]
 [55]
 [57]
 [57]
 [57]
 [57]
 [57]
 [57]
 [53]
 [45]
 [49]] 
------------------------ Dataset: 9Ez ------------------------
shape: (34, 1), dtype: uint16
Data:[[53]
 [57]
 [48]
 [56]
 [46]
 [54]
 [50]
 [53]
 [54]
 [57]
 [50]
 [45]
 [48]
 [32]
 [53]
 [57]
 [48]
 [56]
 [46]
 [54]
 [50]
 [57]
 [54]
 [53]
 [54]
 [57]
 [57]
 [57]
 [57]
 [57]
 [57]
 [53]
 [45]
 [49]] 
------------------------ Dataset: 9F ------------------------

shape: (1, 6), dtype: uint32
Data:[[3707764736          2          1          1       1874          1]] 
------------------------ Dataset: 0Eb ------------------------
shape: (34, 1), dtype: uint16
Data:[[54]
 [55]
 [55]
 [50]
 [46]
 [52]
 [49]
 [48]
 [53]
 [51]
 [56]
 [57]
 [57]
 [57]
 [57]
 [57]
 [57]
 [53]
 [45]
 [48]
 [32]
 [54]
 [55]
 [55]
 [50]
 [46]
 [52]
 [49]
 [52]
 [50]
 [48]
 [53]
 [45]
 [49]] 
------------------------ Dataset: 0Ec ------------------------
shape: (27, 1), dtype: uint16
Data:[[54]
 [50]
 [56]
 [53]
 [46]
 [49]
 [56]
 [54]
 [55]
 [57]
 [56]
 [45]
 [48]
 [32]
 [54]
 [50]
 [56]
 [53]
 [46]
 [49]
 [56]
 [57]
 [57]
 [54]
 [51]
 [45]
 [49]] 
------------------------ Dataset: 0Ed ------------------------
shape: (27, 1), dtype: uint16
Data:[[54]
 [51]
 [48]
 [48]
 [46]
 [57]
 [54]
 [57]
 [56]
 [51]
 [50]
 [45]
 [48]
 [32]
 [54]
 [51]
 [48]
 [48]
 [46]
 [57]
 [55]
 [51]
 [56]
 [57]
 [57]
 [45]
 [49]] 
------------------------ Dataset: 0Ee ------------------------
shape: (34, 1), dtype: uint16
Data:[[54]
 [51]
 [49]
 [54]
 [46]
 [56]
 [51]
 [52]
 [52]
 [50]
 [55]
 [45]
 [48]
 [32]
 [54]
 [51]
 [49]
 [54]
 [46]
 [56]
 [53]
 [49]
 [50]
 [53]
 [57]
 [57]
 [57]
 [57]
 [57]
 [57]
 [57]
 [53]
 [45]
 [49]] 
------------------------ Dataset: 0Ef ------------------------
shape: (33, 1), dtype: uint16
Data:[[54]
 [51]
 [51]
 [50]
 [46]
 [54]
 [54]
 [49]
 [57]
 [50]
 [54]
 [45]
 [48]
 [32]
 [54]
 [51]
 [51]
 [50]
 [46]
 [54]
 [54]
 [53]
 [57]
 [52]
 [51]
 [57]
 [57]
 [57]
 [57]
 [57]
 [57]
 [45]
 [49]] 
------------------------ Dataset: 0Eg ------------------------
shape: (27, 1), dtype: uint16
Data:[[54]
 [52]
 [57]
 [55]
 [46]
 [56]
 [49]
 [51]
 [57]
 [54]
 [55]
 [45]
 [48]
 [32]
 [54]
 [52]
 [57]
 [55]
 [46]
 [56]
 [49]
 [56]
 [49]
 [50]
 [56]
 [45]
 [49]] 
------------------------ Dataset: 0Eh ------------------------
shape: (27, 1), dtype: uint16
Data:[[54]
 [53]
 [49]
 [51]
 [46]
 [54]
 [49]
 [56]
 [48]
 [49]
 [55]
 [45]
 [48]
 [32]
 [54]
 [53]
 [49]
 [51]
 [46]
 [54]
 [49]
 [56]
 [48]
 [49]
 [55]
 [45]
 [49]] 
------------------------ Dataset: 0Ei ------------------------
shape: (39, 1), dtype: uint16
Data:[[54]
 [53]
 [50]
 [57]
 [46]
 [52]
 [50]
 [54]
 [49]
 [48]
 [57]
 [57]
 [57]
 [57]
 [57]
 [57]
 [57]
 [45]
 [48]
 [32]
 [54]
 [53]
 [50]
 [57]
 [46]
 [52]
 [51]
 [48]
 [51]
 [52]
 [51]
 [57]
 [57]
 [57]
 [57]
 [57]
 [57]
 [45]
 [49]] 
------------------------ Dataset: 0Ej ------------------------
shape: (27, 1), dtype: uint16
Data:[[54]
 [48]
 [50]
 [52]
 [46]
 [57]
 [56]
 [57]
 [56]
 [53]
 [53]
 [45]
 [48]
 [32]
 [54]
 [48]
 [50]
 [52]
 [46]
 [57]
 [56]
 [53]
 [57]
 [53]
 [52]
 [45]
 [49]] 
------------------------ Dataset: 0Ek ------------------------
shape: (27, 1), dtype: uint16
Data:[[54]
 [48]
 [52]
 [48]
 [46]
 [55]
 [52]
 [50]
 [49]
 [49]
 [49]
 [45]
 [48]
 [32]
 [54]
 [48]
 [52]
 [48]
 [46]
 [55]
 [50]
 [57]
 [55]
 [53]
 [49]
 [45]
 [49]] 
------------------------ Dataset: 0El ------------------------
shape: (33, 1), dtype: uint16
Data:[[54]
 [48]
 [53]
 [54]
 [46]
 [52]
 [52]
 [49]
 [55]
 [54]
 [57]
 [45]
 [48]
 [32]
 [54]
 [48]
 [53]
 [54]
 [46]
 [52]
 [51]
 [51]
 [56]
 [55]
 [51]
 [57]
 [57]
 [57]
 [57]
 [57]
 [57]
 [45]
 [49]] 
------------------------ Dataset: 0Em ------------------------
shape: (33, 1), dtype: uint16
Data:[[54]
 [48]
 [55]
 [50]
 [46]
 [51]
 [51]
 [55]
 [55]
 [55]
 [55]
 [45]
 [48]
 [32]
 [54]
 [48]
 [55]
 [50]
 [46]
 [51]
 [51]
 [55]
 [55]
 [53]
 [54]
 [57]
 [57]
 [57]
 [57]
 [57]
 [57]
 [45]
 [49]] 
------------------------ Dataset: 0En ------------------------
shape: (27, 1), dtype: uint16
Data:[[53]
 [54]
 [51]
 [51]
 [46]
 [50]
 [50]
 [51]
 [52]
 [56]
 [52]
 [45]
 [48]
 [32]
 [53]
 [54]
 [51]
 [51]
 [46]
 [50]
 [50]
 [48]
 [53]
 [53]
 [53]
 [45]
 [49]] 
------------------------ Dataset: 0Eo ------------------------
shape: (39, 1), dtype: uint16
Data:[[53]
 [54]
 [52]
 [56]
 [46]
 [57]
 [48]
 [49]
 [54]
 [54]
 [49]
 [57]
 [57]
 [57]
 [57]
 [57]
 [57]
 [45]
 [48]
 [32]
 [53]
 [54]
 [52]
 [56]
 [46]
 [56]
 [57]
 [55]
 [56]
 [56]
 [49]
 [57]
 [57]
 [57]
 [57]
 [57]
 [57]
 [45]
 [49]] 
------------------------ Dataset: 0Ep ------------------------
shape: (27, 1), dtype: uint16
Data:[[53]
 [54]
 [54]
 [52]
 [46]
 [54]
 [51]
 [52]
 [56]
 [55]
 [54]
 [45]
 [48]
 [32]
 [53]
 [54]
 [54]
 [52]
 [46]
 [54]
 [50]
 [57]
 [55]
 [48]
 [52]
 [45]
 [49]] 
------------------------ Dataset: 0Eq ------------------------
shape: (33, 1), dtype: uint16
Data:[[53]
 [54]
 [56]
 [48]
 [46]
 [51]
 [55]
 [55]
 [54]
 [49]
 [57]
 [57]
 [57]
 [57]
 [57]
 [57]
 [57]
 [45]
 [48]
 [32]
 [53]
 [54]
 [56]
 [48]
 [46]
 [51]
 [55]
 [51]
 [55]
 [55]
 [50]
 [45]
 [49]] 
------------------------ Dataset: 0Er ------------------------
shape: (33, 1), dtype: uint16
Data:[[53]
 [56]
 [48]
 [54]
 [46]
 [54]
 [55]
 [51]
 [54]
 [52]
 [53]
 [57]
 [57]
 [57]
 [57]
 [57]
 [57]
 [45]
 [48]
 [32]
 [53]
 [56]
 [48]
 [54]
 [46]
 [54]
 [54]
 [57]
 [54]
 [48]
 [57]
 [45]
 [49]] 
------------------------ Dataset: 0Es ------------------------
shape: (34, 1), dtype: uint16
Data:[[54]
 [52]
 [49]
 [57]
 [46]
 [52]
 [54]
 [49]
 [56]
 [53]
 [57]
 [45]
 [48]
 [32]
 [54]
 [52]
 [49]
 [57]
 [46]
 [52]
 [53]
 [55]
 [57]
 [48]
 [50]
 [57]
 [57]
 [57]
 [57]
 [57]
 [57]
 [53]
 [45]
 [49]] 
------------------------ Dataset: 0Et ------------------------
shape: (27, 1), dtype: uint16
Data:[[54]
 [54]
 [49]
 [49]
 [46]
 [53]
 [53]
 [53]
 [52]
 [52]
 [55]
 [45]
 [48]
 [32]
 [54]
 [54]
 [49]
 [49]
 [46]
 [53]
 [53]
 [49]
 [49]
 [57]
 [53]
 [45]
 [49]] 
------------------------ Dataset: 0Eu ------------------------
shape: (27, 1), dtype: uint16
Data:[[54]
 [54]
 [50]
 [55]
 [46]
 [52]
 [55]
 [51]
 [57]
 [57]
 [52]
 [45]
 [48]
 [32]
 [54]
 [54]
 [50]
 [55]
 [46]
 [52]
 [55]
 [48]
 [48]
 [49]
 [56]
 [45]
 [49]] 
------------------------ Dataset: 0Ev ------------------------
shape: (41, 1), dtype: uint16
Data:[[54]
 [54]
 [52]
 [51]
 [46]
 [50]
 [51]
 [52]
 [49]
 [48]
 [52]
 [57]
 [57]
 [57]
 [57]
 [57]
 [57]
 [53]
 [45]
 [48]
 [32]
 [54]
 [54]
 [52]
 [51]
 [46]
 [50]
 [51]
 [48]
 [49]
 [48]
 [57]
 [57]
 [57]
 [57]
 [57]
 [57]
 [57]
 [53]
 [45]
 [49]] 
------------------------ Dataset: 0Ew ------------------------
shape: (27, 1), dtype: uint16
Data:[[54]
 [54]
 [53]
 [56]
 [46]
 [57]
 [55]
 [52]
 [50]
 [49]
 [49]
 [45]
 [48]
 [32]
 [54]
 [54]
 [53]
 [56]
 [46]
 [57]
 [55]
 [48]
 [51]
 [49]
 [57]
 [45]
 [49]] 
------------------------ Dataset: 0Ex ------------------------
shape: (39, 1), dtype: uint16
Data:[[54]
 [54]
 [55]
 [52]
 [46]
 [56]
 [50]
 [56]
 [51]
 [53]
 [51]
 [57]
 [57]
 [57]
 [57]
 [57]
 [57]
 [45]
 [48]
 [32]
 [54]
 [54]
 [55]
 [52]
 [46]
 [56]
 [51]
 [56]
 [54]
 [56]
 [56]
 [57]
 [57]
 [57]
 [57]
 [57]
 [57]
 [45]
 [49]] 
------------------------ Dataset: 0Ey ------------------------
shape: (33, 1), dtype: uint16
Data:[[54]
 [54]
 [57]
 [48]
 [46]
 [55]
 [53]
 [49]
 [49]
 [49]
 [55]
 [57]
 [57]
 [57]
 [57]
 [57]
 [57]
 [45]
 [48]
 [32]
 [54]
 [54]
 [57]
 [48]
 [46]
 [55]
 [53]
 [52]
 [55]
 [49]
 [49]
 [45]
 [49]] 
------------------------ Dataset: 0Ez ------------------------
shape: (34, 1), dtype: uint16
Data:[[53]
 [57]
 [48]
 [56]
 [46]
 [54]
 [51]
 [51]
 [54]
 [55]
 [53]
 [45]
 [48]
 [32]
 [53]
 [57]
 [48]
 [56]
 [46]
 [54]
 [50]
 [57]
 [54]
 [53]
 [54]
 [57]
 [57]
 [57]
 [57]
 [57]
 [57]
 [53]
 [45]
 [49]] 
------------------------ Dataset: 0F ------------------------

shape: (1, 6), dtype: uint32
Data:[[3707764736          2          1          1       1875          1]] 
------------------------ Dataset: aFb ------------------------
shape: (27, 1), dtype: uint16
Data:[[54]
 [55]
 [55]
 [50]
 [46]
 [52]
 [49]
 [56]
 [49]
 [56]
 [56]
 [45]
 [48]
 [32]
 [54]
 [55]
 [55]
 [50]
 [46]
 [52]
 [49]
 [52]
 [50]
 [48]
 [53]
 [45]
 [49]] 
------------------------ Dataset: aFc ------------------------
shape: (26, 1), dtype: uint16
Data:[[54]
 [50]
 [56]
 [53]
 [46]
 [49]
 [57]
 [51]
 [56]
 [57]
 [45]
 [48]
 [32]
 [54]
 [50]
 [56]
 [53]
 [46]
 [49]
 [56]
 [57]
 [57]
 [54]
 [51]
 [45]
 [49]] 
------------------------ Dataset: aFd ------------------------
shape: (27, 1), dtype: uint16
Data:[[54]
 [51]
 [48]
 [48]
 [46]
 [57]
 [55]
 [55]
 [56]
 [54]
 [56]
 [45]
 [48]
 [32]
 [54]
 [51]
 [48]
 [48]
 [46]
 [57]
 [55]
 [51]
 [56]
 [57]
 [57]
 [45]
 [49]] 
------------------------ Dataset: aFe ------------------------
shape: (33, 1), dtype: uint16
Data:[[54]
 [51]
 [49]
 [54]
 [46]
 [56]
 [53]
 [49]
 [48]
 [50]
 [45]
 [48]
 [32]
 [54]
 [51]
 [49]
 [54]
 [46]
 [56]
 [53]
 [49]
 [50]
 [53]
 [57]
 [57]
 [57]
 [57]
 [57]
 [57]
 [57]
 [53]
 [45]
 [49]] 
------------------------ Dataset: aFf ------------------------
shape: (33, 1), dtype: uint16
Data:[[54]
 [51]
 [51]
 [50]
 [46]
 [54]
 [54]
 [57]
 [57]
 [57]
 [57]
 [45]
 [48]
 [32]
 [54]
 [51]
 [51]
 [50]
 [46]
 [54]
 [54]
 [53]
 [57]
 [52]
 [51]
 [57]
 [57]
 [57]
 [57]
 [57]
 [57]
 [45]
 [49]] 
------------------------ Dataset: aFg ------------------------
shape: (27, 1), dtype: uint16
Data:[[54]
 [52]
 [57]
 [55]
 [46]
 [56]
 [50]
 [50]
 [49]
 [51]
 [55]
 [45]
 [48]
 [32]
 [54]
 [52]
 [57]
 [55]
 [46]
 [56]
 [49]
 [56]
 [49]
 [50]
 [56]
 [45]
 [49]] 
------------------------ Dataset: aFh ------------------------
shape: (33, 1), dtype: uint16
Data:[[54]
 [53]
 [49]
 [51]
 [46]
 [54]
 [49]
 [56]
 [48]
 [49]
 [55]
 [45]
 [48]
 [32]
 [54]
 [53]
 [49]
 [51]
 [46]
 [54]
 [50]
 [54]
 [48]
 [55]
 [55]
 [57]
 [57]
 [57]
 [57]
 [57]
 [57]
 [45]
 [49]] 
------------------------ Dataset: aFi ------------------------
shape: (33, 1), dtype: uint16
Data:[[54]
 [53]
 [50]
 [57]
 [46]
 [52]
 [51]
 [52]
 [48]
 [55]
 [54]
 [45]
 [48]
 [32]
 [54]
 [53]
 [50]
 [57]
 [46]
 [52]
 [51]
 [48]
 [51]
 [52]
 [51]
 [57]
 [57]
 [57]
 [57]
 [57]
 [57]
 [45]
 [49]] 
------------------------ Dataset: aFj ------------------------
shape: (33, 1), dtype: uint16
Data:[[54]
 [48]
 [50]
 [52]
 [46]
 [57]
 [56]
 [57]
 [56]
 [53]
 [53]
 [45]
 [48]
 [32]
 [54]
 [48]
 [50]
 [52]
 [46]
 [57]
 [57]
 [51]
 [56]
 [57]
 [54]
 [57]
 [57]
 [57]
 [57]
 [57]
 [57]
 [45]
 [49]] 
------------------------ Dataset: aFk ------------------------
shape: (33, 1), dtype: uint16
Data:[[54]
 [48]
 [52]
 [48]
 [46]
 [55]
 [52]
 [50]
 [49]
 [49]
 [49]
 [45]
 [48]
 [32]
 [54]
 [48]
 [52]
 [48]
 [46]
 [55]
 [52]
 [50]
 [50]
 [56]
 [57]
 [57]
 [57]
 [57]
 [57]
 [57]
 [57]
 [45]
 [49]] 
------------------------ Dataset: aFl ------------------------
shape: (26, 1), dtype: uint16
Data:[[54]
 [48]
 [53]
 [54]
 [46]
 [52]
 [52]
 [49]
 [55]
 [54]
 [57]
 [45]
 [48]
 [32]
 [54]
 [48]
 [53]
 [54]
 [46]
 [52]
 [52]
 [49]
 [55]
 [56]
 [45]
 [49]] 
------------------------ Dataset: aFm ------------------------
shape: (33, 1), dtype: uint16
Data:[[54]
 [48]
 [55]
 [50]
 [46]
 [51]
 [51]
 [55]
 [55]
 [55]
 [55]
 [45]
 [48]
 [32]
 [54]
 [48]
 [55]
 [50]
 [46]
 [51]
 [52]
 [54]
 [52]
 [55]
 [49]
 [57]
 [57]
 [57]
 [57]
 [57]
 [57]
 [45]
 [49]] 
------------------------ Dataset: aFn ------------------------
shape: (34, 1), dtype: uint16
Data:[[53]
 [54]
 [51]
 [51]
 [46]
 [50]
 [50]
 [51]
 [52]
 [56]
 [52]
 [45]
 [48]
 [32]
 [53]
 [54]
 [51]
 [51]
 [46]
 [50]
 [50]
 [53]
 [56]
 [54]
 [55]
 [57]
 [57]
 [57]
 [57]
 [57]
 [57]
 [53]
 [45]
 [49]] 
------------------------ Dataset: aFo ------------------------
shape: (39, 1), dtype: uint16
Data:[[53]
 [54]
 [52]
 [56]
 [46]
 [57]
 [48]
 [49]
 [54]
 [54]
 [49]
 [57]
 [57]
 [57]
 [57]
 [57]
 [57]
 [45]
 [48]
 [32]
 [53]
 [54]
 [52]
 [56]
 [46]
 [57]
 [48]
 [53]
 [54]
 [56]
 [51]
 [57]
 [57]
 [57]
 [57]
 [57]
 [57]
 [45]
 [49]] 
------------------------ Dataset: aFp ------------------------
shape: (27, 1), dtype: uint16
Data:[[53]
 [54]
 [54]
 [52]
 [46]
 [54]
 [51]
 [52]
 [56]
 [55]
 [54]
 [45]
 [48]
 [32]
 [53]
 [54]
 [54]
 [52]
 [46]
 [54]
 [51]
 [57]
 [55]
 [53]
 [54]
 [45]
 [49]] 
------------------------ Dataset: aFq ------------------------
shape: (33, 1), dtype: uint16
Data:[[53]
 [54]
 [56]
 [48]
 [46]
 [51]
 [55]
 [55]
 [54]
 [49]
 [57]
 [57]
 [57]
 [57]
 [57]
 [57]
 [57]
 [45]
 [48]
 [32]
 [53]
 [54]
 [56]
 [48]
 [46]
 [51]
 [56]
 [50]
 [52]
 [56]
 [50]
 [45]
 [49]] 
------------------------ Dataset: aFr ------------------------
shape: (33, 1), dtype: uint16
Data:[[53]
 [56]
 [48]
 [54]
 [46]
 [54]
 [55]
 [51]
 [54]
 [52]
 [53]
 [57]
 [57]
 [57]
 [57]
 [57]
 [57]
 [45]
 [48]
 [32]
 [53]
 [56]
 [48]
 [54]
 [46]
 [54]
 [56]
 [51]
 [56]
 [52]
 [49]
 [45]
 [49]] 
------------------------ Dataset: aFs ------------------------
shape: (33, 1), dtype: uint16
Data:[[54]
 [52]
 [49]
 [57]
 [46]
 [52]
 [54]
 [49]
 [56]
 [53]
 [57]
 [45]
 [48]
 [32]
 [54]
 [52]
 [49]
 [57]
 [46]
 [52]
 [54]
 [54]
 [56]
 [53]
 [48]
 [57]
 [57]
 [57]
 [57]
 [57]
 [57]
 [45]
 [49]] 
------------------------ Dataset: aFt ------------------------
shape: (27, 1), dtype: uint16
Data:[[54]
 [54]
 [49]
 [49]
 [46]
 [53]
 [53]
 [53]
 [52]
 [52]
 [55]
 [45]
 [48]
 [32]
 [54]
 [54]
 [49]
 [49]
 [46]
 [53]
 [53]
 [56]
 [50]
 [53]
 [50]
 [45]
 [49]] 
------------------------ Dataset: aFu ------------------------
shape: (33, 1), dtype: uint16
Data:[[54]
 [54]
 [50]
 [55]
 [46]
 [52]
 [55]
 [51]
 [57]
 [57]
 [52]
 [45]
 [48]
 [32]
 [54]
 [54]
 [50]
 [55]
 [46]
 [52]
 [56]
 [48]
 [48]
 [50]
 [48]
 [57]
 [57]
 [57]
 [57]
 [57]
 [57]
 [45]
 [49]] 
------------------------ Dataset: aFv ------------------------
shape: (34, 1), dtype: uint16
Data:[[54]
 [54]
 [52]
 [51]
 [46]
 [50]
 [51]
 [52]
 [49]
 [48]
 [52]
 [57]
 [57]
 [57]
 [57]
 [57]
 [57]
 [53]
 [45]
 [48]
 [32]
 [54]
 [54]
 [52]
 [51]
 [46]
 [50]
 [51]
 [56]
 [48]
 [56]
 [53]
 [45]
 [49]] 
------------------------ Dataset: aFw ------------------------
shape: (33, 1), dtype: uint16
Data:[[54]
 [54]
 [53]
 [56]
 [46]
 [57]
 [55]
 [52]
 [50]
 [49]
 [49]
 [45]
 [48]
 [32]
 [54]
 [54]
 [53]
 [56]
 [46]
 [57]
 [55]
 [56]
 [49]
 [49]
 [56]
 [57]
 [57]
 [57]
 [57]
 [57]
 [57]
 [45]
 [49]] 
------------------------ Dataset: aFx ------------------------
shape: (39, 1), dtype: uint16
Data:[[54]
 [54]
 [55]
 [52]
 [46]
 [56]
 [52]
 [53]
 [50]
 [52]
 [57]
 [57]
 [57]
 [57]
 [57]
 [57]
 [57]
 [45]
 [48]
 [32]
 [54]
 [54]
 [55]
 [52]
 [46]
 [56]
 [51]
 [56]
 [54]
 [56]
 [56]
 [57]
 [57]
 [57]
 [57]
 [57]
 [57]
 [45]
 [49]] 
------------------------ Dataset: aFy ------------------------
shape: (33, 1), dtype: uint16
Data:[[54]
 [54]
 [57]
 [48]
 [46]
 [55]
 [53]
 [56]
 [49]
 [48]
 [53]
 [57]
 [57]
 [57]
 [57]
 [57]
 [57]
 [45]
 [48]
 [32]
 [54]
 [54]
 [57]
 [48]
 [46]
 [55]
 [53]
 [52]
 [55]
 [49]
 [49]
 [45]
 [49]] 
------------------------ Dataset: aFz ------------------------
shape: (27, 1), dtype: uint16
Data:[[53]
 [57]
 [48]
 [56]
 [46]
 [54]
 [51]
 [51]
 [54]
 [55]
 [53]
 [45]
 [48]
 [32]
 [53]
 [57]
 [48]
 [56]
 [46]
 [54]
 [51]
 [55]
 [54]
 [56]
 [56]
 [45]
 [49]] 
------------------------ Dataset: aG ------------------------

shape: (1, 6), dtype: uint32
Data:[[3707764736          2          1          1       1876          1]] 
------------------------ Dataset: bFb ------------------------
shape: (27, 1), dtype: uint16
Data:[[54]
 [55]
 [55]
 [50]
 [46]
 [52]
 [49]
 [56]
 [49]
 [56]
 [56]
 [45]
 [48]
 [32]
 [54]
 [55]
 [55]
 [50]
 [46]
 [52]
 [50]
 [50]
 [49]
 [54]
 [53]
 [45]
 [49]] 
------------------------ Dataset: bFc ------------------------
shape: (26, 1), dtype: uint16
Data:[[54]
 [50]
 [56]
 [53]
 [46]
 [49]
 [57]
 [51]
 [56]
 [57]
 [45]
 [48]
 [32]
 [54]
 [50]
 [56]
 [53]
 [46]
 [49]
 [57]
 [55]
 [56]
 [52]
 [51]
 [45]
 [49]] 
------------------------ Dataset: bFd ------------------------
shape: (26, 1), dtype: uint16
Data:[[54]
 [51]
 [48]
 [48]
 [46]
 [57]
 [55]
 [55]
 [56]
 [54]
 [56]
 [45]
 [48]
 [32]
 [54]
 [51]
 [48]
 [48]
 [46]
 [57]
 [56]
 [50]
 [49]
 [49]
 [45]
 [49]] 
------------------------ Dataset: bFe ------------------------
shape: (34, 1), dtype: uint16
Data:[[54]
 [51]
 [49]
 [54]
 [46]
 [56]
 [53]
 [54]
 [48]
 [49]
 [55]
 [45]
 [48]
 [32]
 [54]
 [51]
 [49]
 [54]
 [46]
 [56]
 [53]
 [49]
 [50]
 [53]
 [57]
 [57]
 [57]
 [57]
 [57]
 [57]
 [57]
 [53]
 [45]
 [49]] 
------------------------ Dataset: bFf ------------------------
shape: (27, 1), dtype: uint16
Data:[[54]
 [51]
 [51]
 [50]
 [46]
 [54]
 [54]
 [57]
 [57]
 [57]
 [57]
 [45]
 [48]
 [32]
 [54]
 [51]
 [51]
 [50]
 [46]
 [54]
 [55]
 [51]
 [57]
 [49]
 [55]
 [45]
 [49]] 
------------------------ Dataset: bFg ------------------------
shape: (27, 1), dtype: uint16
Data:[[54]
 [52]
 [57]
 [55]
 [46]
 [56]
 [50]
 [50]
 [49]
 [51]
 [55]
 [45]
 [48]
 [32]
 [54]
 [52]
 [57]
 [55]
 [46]
 [56]
 [50]
 [54]
 [49]
 [53]
 [51]
 [45]
 [49]] 
------------------------ Dataset: bFh ------------------------
shape: (33, 1), dtype: uint16
Data:[[54]
 [53]
 [49]
 [51]
 [46]
 [54]
 [50]
 [54]
 [48]
 [55]
 [57]
 [45]
 [48]
 [32]
 [54]
 [53]
 [49]
 [51]
 [46]
 [54]
 [50]
 [54]
 [48]
 [55]
 [55]
 [57]
 [57]
 [57]
 [57]
 [57]
 [57]
 [45]
 [49]] 
------------------------ Dataset: bFi ------------------------
shape: (27, 1), dtype: uint16
Data:[[54]
 [53]
 [50]
 [57]
 [46]
 [52]
 [51]
 [52]
 [48]
 [55]
 [54]
 [45]
 [48]
 [32]
 [54]
 [53]
 [50]
 [57]
 [46]
 [52]
 [51]
 [56]
 [48]
 [48]
 [53]
 [45]
 [49]] 
------------------------ Dataset: bFj ------------------------
shape: (33, 1), dtype: uint16
Data:[[54]
 [48]
 [50]
 [52]
 [46]
 [57]
 [57]
 [55]
 [55]
 [56]
 [57]
 [45]
 [48]
 [32]
 [54]
 [48]
 [50]
 [52]
 [46]
 [57]
 [57]
 [51]
 [56]
 [57]
 [54]
 [57]
 [57]
 [57]
 [57]
 [57]
 [57]
 [45]
 [49]] 
------------------------ Dataset: bFk ------------------------
shape: (33, 1), dtype: uint16
Data:[[54]
 [48]
 [52]
 [48]
 [46]
 [55]
 [52]
 [53]
 [53]
 [50]
 [51]
 [45]
 [48]
 [32]
 [54]
 [48]
 [52]
 [48]
 [46]
 [55]
 [52]
 [50]
 [50]
 [56]
 [57]
 [57]
 [57]
 [57]
 [57]
 [57]
 [57]
 [45]
 [49]] 
------------------------ Dataset: bFl ------------------------
shape: (25, 1), dtype: uint16
Data:[[54]
 [48]
 [53]
 [54]
 [46]
 [52]
 [52]
 [57]
 [55]
 [50]
 [45]
 [48]
 [32]
 [54]
 [48]
 [53]
 [54]
 [46]
 [52]
 [52]
 [49]
 [55]
 [56]
 [45]
 [49]] 
------------------------ Dataset: bFm ------------------------
shape: (33, 1), dtype: uint16
Data:[[54]
 [48]
 [55]
 [50]
 [46]
 [51]
 [52]
 [54]
 [52]
 [55]
 [51]
 [45]
 [48]
 [32]
 [54]
 [48]
 [55]
 [50]
 [46]
 [51]
 [52]
 [54]
 [52]
 [55]
 [49]
 [57]
 [57]
 [57]
 [57]
 [57]
 [57]
 [45]
 [49]] 
------------------------ Dataset: bFn ------------------------
shape: (34, 1), dtype: uint16
Data:[[53]
 [54]
 [51]
 [51]
 [46]
 [50]
 [50]
 [57]
 [53]
 [53]
 [50]
 [45]
 [48]
 [32]
 [53]
 [54]
 [51]
 [51]
 [46]
 [50]
 [50]
 [53]
 [56]
 [54]
 [55]
 [57]
 [57]
 [57]
 [57]
 [57]
 [57]
 [53]
 [45]
 [49]] 
------------------------ Dataset: bFo ------------------------
shape: (33, 1), dtype: uint16
Data:[[53]
 [54]
 [52]
 [56]
 [46]
 [57]
 [48]
 [57]
 [55]
 [48]
 [55]
 [45]
 [48]
 [32]
 [53]
 [54]
 [52]
 [56]
 [46]
 [57]
 [48]
 [53]
 [54]
 [56]
 [51]
 [57]
 [57]
 [57]
 [57]
 [57]
 [57]
 [45]
 [49]] 
------------------------ Dataset: bFp ------------------------
shape: (27, 1), dtype: uint16
Data:[[53]
 [54]
 [54]
 [52]
 [46]
 [54]
 [52]
 [54]
 [54]
 [52]
 [51]
 [45]
 [48]
 [32]
 [53]
 [54]
 [54]
 [52]
 [46]
 [54]
 [51]
 [57]
 [55]
 [53]
 [54]
 [45]
 [49]] 
------------------------ Dataset: bFq ------------------------
shape: (27, 1), dtype: uint16
Data:[[53]
 [54]
 [56]
 [48]
 [46]
 [51]
 [56]
 [53]
 [54]
 [49]
 [55]
 [45]
 [48]
 [32]
 [53]
 [54]
 [56]
 [48]
 [46]
 [51]
 [56]
 [50]
 [52]
 [56]
 [50]
 [45]
 [49]] 
------------------------ Dataset: bFr ------------------------
shape: (27, 1), dtype: uint16
Data:[[53]
 [56]
 [48]
 [54]
 [46]
 [54]
 [56]
 [52]
 [48]
 [50]
 [51]
 [45]
 [48]
 [32]
 [53]
 [56]
 [48]
 [54]
 [46]
 [54]
 [56]
 [51]
 [56]
 [52]
 [49]
 [45]
 [49]] 
------------------------ Dataset: bFs ------------------------
shape: (33, 1), dtype: uint16
Data:[[54]
 [52]
 [49]
 [57]
 [46]
 [52]
 [55]
 [48]
 [51]
 [49]
 [51]
 [45]
 [48]
 [32]
 [54]
 [52]
 [49]
 [57]
 [46]
 [52]
 [54]
 [54]
 [56]
 [53]
 [48]
 [57]
 [57]
 [57]
 [57]
 [57]
 [57]
 [45]
 [49]] 
------------------------ Dataset: bFt ------------------------
shape: (27, 1), dtype: uint16
Data:[[54]
 [54]
 [49]
 [49]
 [46]
 [53]
 [54]
 [50]
 [48]
 [50]
 [55]
 [45]
 [48]
 [32]
 [54]
 [54]
 [49]
 [49]
 [46]
 [53]
 [53]
 [56]
 [50]
 [53]
 [50]
 [45]
 [49]] 
------------------------ Dataset: bFu ------------------------
shape: (33, 1), dtype: uint16
Data:[[54]
 [54]
 [50]
 [55]
 [46]
 [52]
 [56]
 [54]
 [49]
 [52]
 [53]
 [45]
 [48]
 [32]
 [54]
 [54]
 [50]
 [55]
 [46]
 [52]
 [56]
 [48]
 [48]
 [50]
 [48]
 [57]
 [57]
 [57]
 [57]
 [57]
 [57]
 [45]
 [49]] 
------------------------ Dataset: bFv ------------------------
shape: (34, 1), dtype: uint16
Data:[[54]
 [54]
 [52]
 [51]
 [46]
 [50]
 [52]
 [50]
 [49]
 [50]
 [54]
 [57]
 [57]
 [57]
 [57]
 [57]
 [57]
 [53]
 [45]
 [48]
 [32]
 [54]
 [54]
 [52]
 [51]
 [46]
 [50]
 [51]
 [56]
 [48]
 [56]
 [53]
 [45]
 [49]] 
------------------------ Dataset: bFw ------------------------
shape: (33, 1), dtype: uint16
Data:[[54]
 [54]
 [53]
 [56]
 [46]
 [57]
 [56]
 [50]
 [49]
 [54]
 [55]
 [45]
 [48]
 [32]
 [54]
 [54]
 [53]
 [56]
 [46]
 [57]
 [55]
 [56]
 [49]
 [49]
 [56]
 [57]
 [57]
 [57]
 [57]
 [57]
 [57]
 [45]
 [49]] 
------------------------ Dataset: bFx ------------------------
shape: (33, 1), dtype: uint16
Data:[[54]
 [54]
 [55]
 [52]
 [46]
 [56]
 [52]
 [53]
 [50]
 [52]
 [57]
 [57]
 [57]
 [57]
 [57]
 [57]
 [57]
 [45]
 [48]
 [32]
 [54]
 [54]
 [55]
 [52]
 [46]
 [56]
 [52]
 [55]
 [51]
 [57]
 [51]
 [45]
 [49]] 
------------------------ Dataset: bFy ------------------------
shape: (33, 1), dtype: uint16
Data:[[54]
 [54]
 [57]
 [48]
 [46]
 [55]
 [53]
 [56]
 [49]
 [48]
 [53]
 [57]
 [57]
 [57]
 [57]
 [57]
 [57]
 [45]
 [48]
 [32]
 [54]
 [54]
 [57]
 [48]
 [46]
 [55]
 [54]
 [50]
 [48]
 [52]
 [51]
 [45]
 [49]] 
------------------------ Dataset: bFz ------------------------
shape: (27, 1), dtype: uint16
Data:[[53]
 [57]
 [48]
 [56]
 [46]
 [54]
 [52]
 [49]
 [55]
 [53]
 [57]
 [45]
 [48]
 [32]
 [53]
 [57]
 [48]
 [56]
 [46]
 [54]
 [51]
 [55]
 [54]
 [56]
 [56]
 [45]
 [49]] 
------------------------ Dataset: bG ------------------------

shape: (1, 6), dtype: uint32
Data:[[3707764736          2          1          1       1877          1]] 
------------------------ Dataset: cFb ------------------------
shape: (33, 1), dtype: uint16
Data:[[54]
 [55]
 [55]
 [50]
 [46]
 [52]
 [50]
 [54]
 [49]
 [48]
 [54]
 [57]
 [57]
 [57]
 [57]
 [57]
 [57]
 [45]
 [48]
 [32]
 [54]
 [55]
 [55]
 [50]
 [46]
 [52]
 [50]
 [50]
 [49]
 [54]
 [53]
 [45]
 [49]] 
------------------------ Dataset: cFc ------------------------
shape: (33, 1), dtype: uint16
Data:[[54]
 [50]
 [56]
 [53]
 [46]
 [50]
 [48]
 [49]
 [56]
 [51]
 [56]
 [57]
 [57]
 [57]
 [57]
 [57]
 [57]
 [45]
 [48]
 [32]
 [54]
 [50]
 [56]
 [53]
 [46]
 [49]
 [57]
 [55]
 [56]
 [52]
 [51]
 [45]
 [49]] 
------------------------ Dataset: cFd ------------------------
shape: (26, 1), dtype: uint16
Data:[[54]
 [51]
 [48]
 [48]
 [46]
 [57]
 [56]
 [55]
 [48]
 [53]
 [51]
 [45]
 [48]
 [32]
 [54]
 [51]
 [48]
 [48]
 [46]
 [57]
 [56]
 [50]
 [49]
 [49]
 [45]
 [49]] 
------------------------ Dataset: cFe ------------------------
shape: (33, 1), dtype: uint16
Data:[[54]
 [51]
 [49]
 [54]
 [46]
 [56]
 [53]
 [54]
 [48]
 [49]
 [55]
 [45]
 [48]
 [32]
 [54]
 [51]
 [49]
 [54]
 [46]
 [56]
 [53]
 [55]
 [48]
 [50]
 [49]
 [57]
 [57]
 [57]
 [57]
 [57]
 [57]
 [45]
 [49]] 
------------------------ Dataset: cFf ------------------------
shape: (27, 1), dtype: uint16
Data:[[54]
 [51]
 [51]
 [50]
 [46]
 [54]
 [55]
 [55]
 [57]
 [52]
 [56]
 [45]
 [48]
 [32]
 [54]
 [51]
 [51]
 [50]
 [46]
 [54]
 [55]
 [51]
 [57]
 [49]
 [55]
 [45]
 [49]] 
------------------------ Dataset: cFg ------------------------
shape: (33, 1), dtype: uint16
Data:[[54]
 [52]
 [57]
 [55]
 [46]
 [56]
 [50]
 [57]
 [57]
 [54]
 [50]
 [57]
 [57]
 [57]
 [57]
 [57]
 [57]
 [45]
 [48]
 [32]
 [54]
 [52]
 [57]
 [55]
 [46]
 [56]
 [50]
 [54]
 [49]
 [53]
 [51]
 [45]
 [49]] 
------------------------ Dataset: cFh ------------------------
shape: (33, 1), dtype: uint16
Data:[[54]
 [53]
 [49]
 [51]
 [46]
 [54]
 [50]
 [54]
 [48]
 [55]
 [57]
 [45]
 [48]
 [32]
 [54]
 [53]
 [49]
 [51]
 [46]
 [54]
 [51]
 [52]
 [53]
 [49]
 [48]
 [57]
 [57]
 [57]
 [57]
 [57]
 [57]
 [45]
 [49]] 
------------------------ Dataset: cFi ------------------------
shape: (27, 1), dtype: uint16
Data:[[54]
 [53]
 [50]
 [57]
 [46]
 [52]
 [52]
 [50]
 [48]
 [54]
 [49]
 [45]
 [48]
 [32]
 [54]
 [53]
 [50]
 [57]
 [46]
 [52]
 [51]
 [56]
 [48]
 [48]
 [53]
 [45]
 [49]] 
------------------------ Dataset: cFj ------------------------
shape: (27, 1), dtype: uint16
Data:[[54]
 [48]
 [50]
 [52]
 [46]
 [57]
 [57]
 [55]
 [55]
 [56]
 [57]
 [45]
 [48]
 [32]
 [54]
 [48]
 [50]
 [53]
 [46]
 [48]
 [48]
 [49]
 [55]
 [55]
 [50]
 [45]
 [49]] 
------------------------ Dataset: cFk ------------------------
shape: (33, 1), dtype: uint16
Data:[[54]
 [48]
 [52]
 [48]
 [46]
 [55]
 [52]
 [53]
 [53]
 [50]
 [51]
 [45]
 [48]
 [32]
 [54]
 [48]
 [52]
 [48]
 [46]
 [55]
 [52]
 [53]
 [56]
 [56]
 [52]
 [57]
 [57]
 [57]
 [57]
 [57]
 [57]
 [45]
 [49]] 
------------------------ Dataset: cFl ------------------------
shape: (26, 1), dtype: uint16
Data:[[54]
 [48]
 [53]
 [54]
 [46]
 [52]
 [52]
 [57]
 [55]
 [50]
 [45]
 [48]
 [32]
 [54]
 [48]
 [53]
 [54]
 [46]
 [52]
 [52]
 [57]
 [55]
 [49]
 [56]
 [45]
 [49]] 
------------------------ Dataset: cFm ------------------------
shape: (34, 1), dtype: uint16
Data:[[54]
 [48]
 [55]
 [50]
 [46]
 [51]
 [52]
 [54]
 [52]
 [55]
 [51]
 [45]
 [48]
 [32]
 [54]
 [48]
 [55]
 [50]
 [46]
 [51]
 [53]
 [51]
 [56]
 [52]
 [57]
 [57]
 [57]
 [57]
 [57]
 [57]
 [57]
 [53]
 [45]
 [49]] 
------------------------ Dataset: cFn ------------------------
shape: (33, 1), dtype: uint16
Data:[[53]
 [54]
 [51]
 [51]
 [46]
 [50]
 [50]
 [57]
 [53]
 [53]
 [50]
 [45]
 [48]
 [32]
 [53]
 [54]
 [51]
 [51]
 [46]
 [50]
 [51]
 [51]
 [53]
 [52]
 [50]
 [57]
 [57]
 [57]
 [57]
 [57]
 [57]
 [45]
 [49]] 
------------------------ Dataset: cFo ------------------------
shape: (27, 1), dtype: uint16
Data:[[53]
 [54]
 [52]
 [56]
 [46]
 [57]
 [48]
 [57]
 [55]
 [48]
 [55]
 [45]
 [48]
 [32]
 [53]
 [54]
 [52]
 [56]
 [46]
 [57]
 [49]
 [51]
 [54]
 [50]
 [55]
 [45]
 [49]] 
------------------------ Dataset: cFp ------------------------
shape: (27, 1), dtype: uint16
Data:[[53]
 [54]
 [54]
 [52]
 [46]
 [54]
 [52]
 [54]
 [54]
 [52]
 [51]
 [45]
 [48]
 [32]
 [53]
 [54]
 [54]
 [52]
 [46]
 [54]
 [53]
 [49]
 [51]
 [50]
 [56]
 [45]
 [49]] 
------------------------ Dataset: cFq ------------------------
shape: (27, 1), dtype: uint16
Data:[[53]
 [54]
 [56]
 [48]
 [46]
 [51]
 [56]
 [53]
 [54]
 [49]
 [55]
 [45]
 [48]
 [32]
 [53]
 [54]
 [56]
 [48]
 [46]
 [51]
 [56]
 [57]
 [53]
 [54]
 [54]
 [45]
 [49]] 
------------------------ Dataset: cFr ------------------------
shape: (26, 1), dtype: uint16
Data:[[53]
 [56]
 [48]
 [54]
 [46]
 [54]
 [56]
 [52]
 [48]
 [50]
 [51]
 [45]
 [48]
 [32]
 [53]
 [56]
 [48]
 [54]
 [46]
 [54]
 [56]
 [54]
 [57]
 [51]
 [45]
 [49]] 
------------------------ Dataset: cFs ------------------------
shape: (33, 1), dtype: uint16
Data:[[54]
 [52]
 [49]
 [57]
 [46]
 [52]
 [55]
 [48]
 [51]
 [49]
 [51]
 [45]
 [48]
 [32]
 [54]
 [52]
 [49]
 [57]
 [46]
 [52]
 [55]
 [51]
 [57]
 [54]
 [55]
 [57]
 [57]
 [57]
 [57]
 [57]
 [57]
 [45]
 [49]] 
------------------------ Dataset: cFt ------------------------
shape: (27, 1), dtype: uint16
Data:[[54]
 [54]
 [49]
 [49]
 [46]
 [53]
 [54]
 [50]
 [48]
 [50]
 [55]
 [45]
 [48]
 [32]
 [54]
 [54]
 [49]
 [49]
 [46]
 [53]
 [54]
 [54]
 [48]
 [56]
 [51]
 [45]
 [49]] 
------------------------ Dataset: cFu ------------------------
shape: (27, 1), dtype: uint16
Data:[[54]
 [54]
 [50]
 [55]
 [46]
 [52]
 [56]
 [54]
 [49]
 [52]
 [53]
 [45]
 [48]
 [32]
 [54]
 [54]
 [50]
 [55]
 [46]
 [52]
 [56]
 [54]
 [51]
 [49]
 [55]
 [45]
 [49]] 
------------------------ Dataset: cFv ------------------------
shape: (34, 1), dtype: uint16
Data:[[54]
 [54]
 [52]
 [51]
 [46]
 [50]
 [52]
 [50]
 [49]
 [50]
 [54]
 [57]
 [57]
 [57]
 [57]
 [57]
 [57]
 [53]
 [45]
 [48]
 [32]
 [54]
 [54]
 [52]
 [51]
 [46]
 [50]
 [52]
 [54]
 [49]
 [49]
 [56]
 [45]
 [49]] 
------------------------ Dataset: cFw ------------------------
shape: (33, 1), dtype: uint16
Data:[[54]
 [54]
 [53]
 [56]
 [46]
 [57]
 [56]
 [50]
 [49]
 [54]
 [55]
 [45]
 [48]
 [32]
 [54]
 [54]
 [53]
 [56]
 [46]
 [57]
 [57]
 [48]
 [48]
 [53]
 [55]
 [57]
 [57]
 [57]
 [57]
 [57]
 [57]
 [45]
 [49]] 
------------------------ Dataset: cFx ------------------------
shape: (27, 1), dtype: uint16
Data:[[54]
 [54]
 [55]
 [52]
 [46]
 [56]
 [53]
 [49]
 [52]
 [49]
 [50]
 [45]
 [48]
 [32]
 [54]
 [54]
 [55]
 [52]
 [46]
 [56]
 [52]
 [55]
 [51]
 [57]
 [51]
 [45]
 [49]] 
------------------------ Dataset: cFy ------------------------
shape: (34, 1), dtype: uint16
Data:[[54]
 [54]
 [57]
 [48]
 [46]
 [55]
 [54]
 [54]
 [48]
 [54]
 [51]
 [57]
 [57]
 [57]
 [57]
 [57]
 [57]
 [53]
 [45]
 [48]
 [32]
 [54]
 [54]
 [57]
 [48]
 [46]
 [55]
 [54]
 [50]
 [48]
 [52]
 [51]
 [45]
 [49]] 
------------------------ Dataset: cFz ------------------------
shape: (33, 1), dtype: uint16
Data:[[53]
 [57]
 [48]
 [56]
 [46]
 [54]
 [52]
 [49]
 [55]
 [53]
 [57]
 [45]
 [48]
 [32]
 [53]
 [57]
 [48]
 [56]
 [46]
 [54]
 [52]
 [53]
 [54]
 [57]
 [52]
 [57]
 [57]
 [57]
 [57]
 [57]
 [57]
 [45]
 [49]] 
------------------------ Dataset: cG ------------------------

shape: (1, 6), dtype: uint32
Data:[[3707764736          2          1          1       1878          1]] 
------------------------ Dataset: dFb ------------------------
shape: (31, 1), dtype: uint16
Data:[[54]
 [55]
 [55]
 [50]
 [46]
 [52]
 [50]
 [54]
 [49]
 [48]
 [54]
 [57]
 [57]
 [57]
 [57]
 [57]
 [57]
 [45]
 [48]
 [32]
 [54]
 [55]
 [55]
 [50]
 [46]
 [52]
 [51]
 [48]
 [50]
 [45]
 [49]] 
------------------------ Dataset: dFc ------------------------
shape: (33, 1), dtype: uint16
Data:[[54]
 [50]
 [56]
 [53]
 [46]
 [50]
 [48]
 [49]
 [56]
 [51]
 [56]
 [57]
 [57]
 [57]
 [57]
 [57]
 [57]
 [45]
 [48]
 [32]
 [54]
 [50]
 [56]
 [53]
 [46]
 [50]
 [48]
 [53]
 [56]
 [51]
 [53]
 [45]
 [49]] 
------------------------ Dataset: dFd ------------------------
shape: (27, 1), dtype: uint16
Data:[[54]
 [51]
 [48]
 [48]
 [46]
 [57]
 [56]
 [55]
 [48]
 [53]
 [51]
 [45]
 [48]
 [32]
 [54]
 [51]
 [48]
 [48]
 [46]
 [57]
 [56]
 [57]
 [57]
 [57]
 [55]
 [45]
 [49]] 
------------------------ Dataset: dFe ------------------------
shape: (33, 1), dtype: uint16
Data:[[54]
 [51]
 [49]
 [54]
 [46]
 [56]
 [54]
 [53]
 [57]
 [52]
 [56]
 [45]
 [48]
 [32]
 [54]
 [51]
 [49]
 [54]
 [46]
 [56]
 [53]
 [55]
 [48]
 [50]
 [49]
 [57]
 [57]
 [57]
 [57]
 [57]
 [57]
 [45]
 [49]] 
------------------------ Dataset: dFf ------------------------
shape: (27, 1), dtype: uint16
Data:[[54]
 [51]
 [51]
 [50]
 [46]
 [54]
 [55]
 [55]
 [57]
 [52]
 [56]
 [45]
 [48]
 [32]
 [54]
 [51]
 [51]
 [50]
 [46]
 [54]
 [56]
 [50]
 [48]
 [50]
 [53]
 [45]
 [49]] 
------------------------ Dataset: dFg ------------------------
shape: (33, 1), dtype: uint16
Data:[[54]
 [52]
 [57]
 [55]
 [46]
 [56]
 [50]
 [57]
 [57]
 [54]
 [50]
 [57]
 [57]
 [57]
 [57]
 [57]
 [57]
 [45]
 [48]
 [32]
 [54]
 [52]
 [57]
 [55]
 [46]
 [56]
 [51]
 [52]
 [48]
 [49]
 [49]
 [45]
 [49]] 
------------------------ Dataset: dFh ------------------------
shape: (33, 1), dtype: uint16
Data:[[54]
 [53]
 [49]
 [51]
 [46]
 [54]
 [51]
 [52]
 [52]
 [56]
 [49]
 [45]
 [48]
 [32]
 [54]
 [53]
 [49]
 [51]
 [46]
 [54]
 [51]
 [52]
 [53]
 [49]
 [48]
 [57]
 [57]
 [57]
 [57]
 [57]
 [57]
 [45]
 [49]] 
------------------------ Dataset: dFi ------------------------
shape: (33, 1), dtype: uint16
Data:[[54]
 [53]
 [50]
 [57]
 [46]
 [52]
 [52]
 [50]
 [48]
 [54]
 [49]
 [45]
 [48]
 [32]
 [54]
 [53]
 [50]
 [57]
 [46]
 [52]
 [52]
 [54]
 [48]
 [52]
 [56]
 [57]
 [57]
 [57]
 [57]
 [57]
 [57]
 [45]
 [49]] 
------------------------ Dataset: dFj ------------------------
shape: (27, 1), dtype: uint16
Data:[[54]
 [48]
 [50]
 [53]
 [46]
 [48]
 [48]
 [54]
 [56]
 [57]
 [54]
 [45]
 [48]
 [32]
 [54]
 [48]
 [50]
 [53]
 [46]
 [48]
 [48]
 [49]
 [55]
 [55]
 [50]
 [45]
 [49]] 
------------------------ Dataset: dFk ------------------------
shape: (39, 1), dtype: uint16
Data:[[54]
 [48]
 [52]
 [48]
 [46]
 [55]
 [52]
 [57]
 [55]
 [52]
 [50]
 [57]
 [57]
 [57]
 [57]
 [57]
 [57]
 [45]
 [48]
 [32]
 [54]
 [48]
 [52]
 [48]
 [46]
 [55]
 [52]
 [53]
 [56]
 [56]
 [52]
 [57]
 [57]
 [57]
 [57]
 [57]
 [57]
 [45]
 [49]] 
------------------------ Dataset: dFl ------------------------
shape: (32, 1), dtype: uint16
Data:[[54]
 [48]
 [53]
 [54]
 [46]
 [52]
 [52]
 [57]
 [55]
 [50]
 [45]
 [48]
 [32]
 [54]
 [48]
 [53]
 [54]
 [46]
 [52]
 [53]
 [55]
 [55]
 [51]
 [50]
 [57]
 [57]
 [57]
 [57]
 [57]
 [57]
 [45]
 [49]] 
------------------------ Dataset: dFm ------------------------
shape: (41, 1), dtype: uint16
Data:[[54]
 [48]
 [55]
 [50]
 [46]
 [51]
 [53]
 [51]
 [56]
 [52]
 [57]
 [57]
 [57]
 [57]
 [57]
 [57]
 [57]
 [53]
 [45]
 [48]
 [32]
 [54]
 [48]
 [55]
 [50]
 [46]
 [51]
 [53]
 [51]
 [56]
 [52]
 [57]
 [57]
 [57]
 [57]
 [57]
 [57]
 [57]
 [53]
 [45]
 [49]] 
------------------------ Dataset: dFn ------------------------
shape: (33, 1), dtype: uint16
Data:[[53]
 [54]
 [51]
 [51]
 [46]
 [50]
 [51]
 [55]
 [53]
 [55]
 [49]
 [45]
 [48]
 [32]
 [53]
 [54]
 [51]
 [51]
 [46]
 [50]
 [51]
 [51]
 [53]
 [52]
 [50]
 [57]
 [57]
 [57]
 [57]
 [57]
 [57]
 [45]
 [49]] 
------------------------ Dataset: dFo ------------------------
shape: (27, 1), dtype: uint16
Data:[[53]
 [54]
 [52]
 [56]
 [46]
 [57]
 [49]
 [55]
 [55]
 [54]
 [55]
 [45]
 [48]
 [32]
 [53]
 [54]
 [52]
 [56]
 [46]
 [57]
 [49]
 [51]
 [54]
 [50]
 [55]
 [45]
 [49]] 
------------------------ Dataset: dFp ------------------------
shape: (33, 1), dtype: uint16
Data:[[53]
 [54]
 [54]
 [52]
 [46]
 [54]
 [53]
 [51]
 [57]
 [53]
 [56]
 [57]
 [57]
 [57]
 [57]
 [57]
 [57]
 [45]
 [48]
 [32]
 [53]
 [54]
 [54]
 [52]
 [46]
 [54]
 [53]
 [49]
 [51]
 [50]
 [56]
 [45]
 [49]] 
------------------------ Dataset: dFq ------------------------
shape: (27, 1), dtype: uint16
Data:[[53]
 [54]
 [56]
 [48]
 [46]
 [51]
 [57]
 [51]
 [53]
 [51]
 [50]
 [45]
 [48]
 [32]
 [53]
 [54]
 [56]
 [48]
 [46]
 [51]
 [56]
 [57]
 [53]
 [54]
 [54]
 [45]
 [49]] 
------------------------ Dataset: dFr ------------------------
shape: (32, 1), dtype: uint16
Data:[[53]
 [56]
 [48]
 [54]
 [46]
 [54]
 [56]
 [57]
 [56]
 [54]
 [52]
 [57]
 [57]
 [57]
 [57]
 [57]
 [57]
 [45]
 [48]
 [32]
 [53]
 [56]
 [48]
 [54]
 [46]
 [54]
 [56]
 [54]
 [57]
 [51]
 [45]
 [49]] 
------------------------ Dataset: dFs ------------------------
shape: (39, 1), dtype: uint16
Data:[[54]
 [52]
 [49]
 [57]
 [46]
 [52]
 [55]
 [55]
 [56]
 [56]
 [49]
 [57]
 [57]
 [57]
 [57]
 [57]
 [57]
 [45]
 [48]
 [32]
 [54]
 [52]
 [49]
 [57]
 [46]
 [52]
 [55]
 [51]
 [57]
 [54]
 [55]
 [57]
 [57]
 [57]
 [57]
 [57]
 [57]
 [45]
 [49]] 
------------------------ Dataset: dFt ------------------------
shape: (27, 1), dtype: uint16
Data:[[54]
 [54]
 [49]
 [49]
 [46]
 [53]
 [55]
 [48]
 [49]
 [48]
 [54]
 [45]
 [48]
 [32]
 [54]
 [54]
 [49]
 [49]
 [46]
 [53]
 [54]
 [54]
 [48]
 [56]
 [51]
 [45]
 [49]] 
------------------------ Dataset: dFu ------------------------
shape: (33, 1), dtype: uint16
Data:[[54]
 [54]
 [50]
 [55]
 [46]
 [52]
 [57]
 [48]
 [49]
 [55]
 [50]
 [57]
 [57]
 [57]
 [57]
 [57]
 [57]
 [45]
 [48]
 [32]
 [54]
 [54]
 [50]
 [55]
 [46]
 [52]
 [56]
 [54]
 [51]
 [49]
 [55]
 [45]
 [49]] 
------------------------ Dataset: dFv ------------------------
shape: (34, 1), dtype: uint16
Data:[[54]
 [54]
 [52]
 [51]
 [46]
 [50]
 [53]
 [48]
 [48]
 [55]
 [48]
 [57]
 [57]
 [57]
 [57]
 [57]
 [57]
 [53]
 [45]
 [48]
 [32]
 [54]
 [54]
 [52]
 [51]
 [46]
 [50]
 [52]
 [54]
 [49]
 [49]
 [56]
 [45]
 [49]] 
------------------------ Dataset: dFw ------------------------
shape: (40, 1), dtype: uint16
Data:[[54]
 [54]
 [53]
 [56]
 [46]
 [57]
 [57]
 [48]
 [48]
 [54]
 [48]
 [57]
 [57]
 [57]
 [57]
 [57]
 [57]
 [53]
 [45]
 [48]
 [32]
 [54]
 [54]
 [53]
 [56]
 [46]
 [57]
 [57]
 [48]
 [48]
 [53]
 [55]
 [57]
 [57]
 [57]
 [57]
 [57]
 [57]
 [45]
 [49]] 
------------------------ Dataset: dFx ------------------------
shape: (27, 1), dtype: uint16
Data:[[54]
 [54]
 [55]
 [52]
 [46]
 [56]
 [53]
 [49]
 [52]
 [49]
 [50]
 [45]
 [48]
 [32]
 [54]
 [54]
 [55]
 [52]
 [46]
 [56]
 [53]
 [50]
 [51]
 [55]
 [52]
 [45]
 [49]] 
------------------------ Dataset: dFy ------------------------
shape: (33, 1), dtype: uint16
Data:[[54]
 [54]
 [57]
 [48]
 [46]
 [55]
 [54]
 [54]
 [48]
 [54]
 [51]
 [57]
 [57]
 [57]
 [57]
 [57]
 [57]
 [53]
 [45]
 [48]
 [32]
 [54]
 [54]
 [57]
 [48]
 [46]
 [55]
 [55]
 [52]
 [49]
 [50]
 [45]
 [49]] 
------------------------ Dataset: dFz ------------------------
shape: (39, 1), dtype: uint16
Data:[[53]
 [57]
 [48]
 [56]
 [46]
 [54]
 [52]
 [57]
 [55]
 [51]
 [50]
 [57]
 [57]
 [57]
 [57]
 [57]
 [57]
 [45]
 [48]
 [32]
 [53]
 [57]
 [48]
 [56]
 [46]
 [54]
 [52]
 [53]
 [54]
 [57]
 [52]
 [57]
 [57]
 [57]
 [57]
 [57]
 [57]
 [45]
 [49]] 
------------------------ Dataset: dG ------------------------

shape: (1, 6), dtype: uint32
Data:[[3707764736          2          1          1       1879          1]] 
------------------------ Dataset: eFb ------------------------
shape: (25, 1), dtype: uint16
Data:[[54]
 [55]
 [55]
 [50]
 [46]
 [52]
 [51]
 [52]
 [51]
 [52]
 [54]
 [45]
 [48]
 [32]
 [54]
 [55]
 [55]
 [50]
 [46]
 [52]
 [51]
 [48]
 [50]
 [45]
 [49]] 
------------------------ Dataset: eFc ------------------------
shape: (27, 1), dtype: uint16
Data:[[54]
 [50]
 [56]
 [53]
 [46]
 [50]
 [49]
 [49]
 [48]
 [56]
 [52]
 [45]
 [48]
 [32]
 [54]
 [50]
 [56]
 [53]
 [46]
 [50]
 [48]
 [53]
 [56]
 [51]
 [53]
 [45]
 [49]] 
------------------------ Dataset: eFd ------------------------
shape: (27, 1), dtype: uint16
Data:[[54]
 [51]
 [48]
 [48]
 [46]
 [57]
 [57]
 [51]
 [57]
 [49]
 [55]
 [45]
 [48]
 [32]
 [54]
 [51]
 [48]
 [48]
 [46]
 [57]
 [56]
 [57]
 [57]
 [57]
 [55]
 [45]
 [49]] 
------------------------ Dataset: eFe ------------------------
shape: (33, 1), dtype: uint16
Data:[[54]
 [51]
 [49]
 [54]
 [46]
 [56]
 [54]
 [53]
 [57]
 [52]
 [56]
 [45]
 [48]
 [32]
 [54]
 [51]
 [49]
 [54]
 [46]
 [56]
 [54]
 [50]
 [51]
 [56]
 [49]
 [57]
 [57]
 [57]
 [57]
 [57]
 [57]
 [45]
 [49]] 
------------------------ Dataset: eFf ------------------------
shape: (27, 1), dtype: uint16
Data:[[54]
 [51]
 [51]
 [50]
 [46]
 [54]
 [56]
 [53]
 [57]
 [49]
 [50]
 [45]
 [48]
 [32]
 [54]
 [51]
 [51]
 [50]
 [46]
 [54]
 [56]
 [50]
 [48]
 [50]
 [53]
 [45]
 [49]] 
------------------------ Dataset: eFg ------------------------
shape: (34, 1), dtype: uint16
Data:[[54]
 [52]
 [57]
 [55]
 [46]
 [56]
 [51]
 [55]
 [57]
 [55]
 [52]
 [57]
 [57]
 [57]
 [57]
 [57]
 [57]
 [53]
 [45]
 [48]
 [32]
 [54]
 [52]
 [57]
 [55]
 [46]
 [56]
 [51]
 [52]
 [48]
 [49]
 [49]
 [45]
 [49]] 
------------------------ Dataset: eFh ------------------------
shape: (33, 1), dtype: uint16
Data:[[54]
 [53]
 [49]
 [51]
 [46]
 [54]
 [52]
 [50]
 [49]
 [48]
 [56]
 [45]
 [48]
 [32]
 [54]
 [53]
 [49]
 [51]
 [46]
 [54]
 [51]
 [52]
 [53]
 [49]
 [48]
 [57]
 [57]
 [57]
 [57]
 [57]
 [57]
 [45]
 [49]] 
------------------------ Dataset: eFi ------------------------
shape: (39, 1), dtype: uint16
Data:[[54]
 [53]
 [50]
 [57]
 [46]
 [52]
 [53]
 [48]
 [48]
 [53]
 [55]
 [57]
 [57]
 [57]
 [57]
 [57]
 [57]
 [45]
 [48]
 [32]
 [54]
 [53]
 [50]
 [57]
 [46]
 [52]
 [52]
 [54]
 [48]
 [52]
 [56]
 [57]
 [57]
 [57]
 [57]
 [57]
 [57]
 [45]
 [49]] 
------------------------ Dataset: eFj ------------------------
shape: (33, 1), dtype: uint16
Data:[[54]
 [48]
 [50]
 [53]
 [46]
 [48]
 [48]
 [54]
 [56]
 [57]
 [54]
 [45]
 [48]
 [32]
 [54]
 [48]
 [50]
 [53]
 [46]
 [48]
 [48]
 [57]
 [56]
 [56]
 [57]
 [57]
 [57]
 [57]
 [57]
 [57]
 [57]
 [45]
 [49]] 
------------------------ Dataset: eFk ------------------------
shape: (33, 1), dtype: uint16
Data:[[54]
 [48]
 [52]
 [48]
 [46]
 [55]
 [52]
 [57]
 [55]
 [52]
 [50]
 [57]
 [57]
 [57]
 [57]
 [57]
 [57]
 [45]
 [48]
 [32]
 [54]
 [48]
 [52]
 [48]
 [46]
 [55]
 [53]
 [51]
 [55]
 [54]
 [51]
 [45]
 [49]] 
------------------------ Dataset: eFl ------------------------
shape: (33, 1), dtype: uint16
Data:[[54]
 [48]
 [53]
 [54]
 [46]
 [52]
 [53]
 [55]
 [55]
 [51]
 [53]
 [45]
 [48]
 [32]
 [54]
 [48]
 [53]
 [54]
 [46]
 [52]
 [53]
 [55]
 [55]
 [51]
 [50]
 [57]
 [57]
 [57]
 [57]
 [57]
 [57]
 [45]
 [49]] 
------------------------ Dataset: eFm ------------------------
shape: (34, 1), dtype: uint16
Data:[[54]
 [48]
 [55]
 [50]
 [46]
 [51]
 [53]
 [51]
 [56]
 [52]
 [57]
 [57]
 [57]
 [57]
 [57]
 [57]
 [57]
 [53]
 [45]
 [48]
 [32]
 [54]
 [48]
 [55]
 [50]
 [46]
 [51]
 [54]
 [49]
 [56]
 [52]
 [49]
 [45]
 [49]] 
------------------------ Dataset: eFn ------------------------
shape: (33, 1), dtype: uint16
Data:[[53]
 [54]
 [51]
 [51]
 [46]
 [50]
 [51]
 [55]
 [53]
 [55]
 [49]
 [45]
 [48]
 [32]
 [53]
 [54]
 [51]
 [51]
 [46]
 [50]
 [52]
 [49]
 [53]
 [53]
 [54]
 [57]
 [57]
 [57]
 [57]
 [57]
 [57]
 [45]
 [49]] 
------------------------ Dataset: eFo ------------------------
shape: (27, 1), dtype: uint16
Data:[[53]
 [54]
 [52]
 [56]
 [46]
 [57]
 [49]
 [55]
 [55]
 [54]
 [55]
 [45]
 [48]
 [32]
 [53]
 [54]
 [52]
 [56]
 [46]
 [57]
 [50]
 [50]
 [48]
 [56]
 [57]
 [45]
 [49]] 
------------------------ Dataset: eFp ------------------------
shape: (33, 1), dtype: uint16
Data:[[53]
 [54]
 [54]
 [52]
 [46]
 [54]
 [53]
 [51]
 [57]
 [53]
 [56]
 [57]
 [57]
 [57]
 [57]
 [57]
 [57]
 [45]
 [48]
 [32]
 [53]
 [54]
 [54]
 [52]
 [46]
 [54]
 [53]
 [57]
 [48]
 [51]
 [56]
 [45]
 [49]] 
------------------------ Dataset: eFq ------------------------
shape: (27, 1), dtype: uint16
Data:[[53]
 [54]
 [56]
 [48]
 [46]
 [51]
 [57]
 [51]
 [53]
 [51]
 [50]
 [45]
 [48]
 [32]
 [53]
 [54]
 [56]
 [48]
 [46]
 [51]
 [57]
 [55]
 [54]
 [52]
 [49]
 [45]
 [49]] 
------------------------ Dataset: eFr ------------------------
shape: (33, 1), dtype: uint16
Data:[[53]
 [56]
 [48]
 [54]
 [46]
 [54]
 [56]
 [57]
 [56]
 [54]
 [52]
 [57]
 [57]
 [57]
 [57]
 [57]
 [57]
 [45]
 [48]
 [32]
 [53]
 [56]
 [48]
 [54]
 [46]
 [54]
 [57]
 [51]
 [54]
 [54]
 [56]
 [45]
 [49]] 
------------------------ Dataset: eFs ------------------------
shape: (33, 1), dtype: uint16
Data:[[54]
 [52]
 [49]
 [57]
 [46]
 [52]
 [55]
 [55]
 [56]
 [56]
 [49]
 [57]
 [57]
 [57]
 [57]
 [57]
 [57]
 [45]
 [48]
 [32]
 [54]
 [52]
 [49]
 [57]
 [46]
 [52]
 [56]
 [49]
 [56]
 [56]
 [50]
 [45]
 [49]] 
------------------------ Dataset: eFt ------------------------
shape: (33, 1), dtype: uint16
Data:[[54]
 [54]
 [49]
 [49]
 [46]
 [53]
 [55]
 [48]
 [49]
 [48]
 [54]
 [45]
 [48]
 [32]
 [54]
 [54]
 [49]
 [49]
 [46]
 [53]
 [55]
 [52]
 [48]
 [55]
 [49]
 [57]
 [57]
 [57]
 [57]
 [57]
 [57]
 [45]
 [49]] 
------------------------ Dataset: eFu ------------------------
shape: (33, 1), dtype: uint16
Data:[[54]
 [54]
 [50]
 [55]
 [46]
 [52]
 [57]
 [48]
 [49]
 [55]
 [50]
 [57]
 [57]
 [57]
 [57]
 [57]
 [57]
 [45]
 [48]
 [32]
 [54]
 [54]
 [50]
 [55]
 [46]
 [52]
 [57]
 [52]
 [50]
 [51]
 [55]
 [45]
 [49]] 
------------------------ Dataset: eFv ------------------------
shape: (40, 1), dtype: uint16
Data:[[54]
 [54]
 [52]
 [51]
 [46]
 [50]
 [53]
 [48]
 [48]
 [55]
 [48]
 [57]
 [57]
 [57]
 [57]
 [57]
 [57]
 [53]
 [45]
 [48]
 [32]
 [54]
 [54]
 [52]
 [51]
 [46]
 [50]
 [53]
 [52]
 [49]
 [50]
 [57]
 [57]
 [57]
 [57]
 [57]
 [57]
 [57]
 [45]
 [49]] 
------------------------ Dataset: eFw ------------------------
shape: (34, 1), dtype: uint16
Data:[[54]
 [54]
 [53]
 [56]
 [46]
 [57]
 [57]
 [48]
 [48]
 [54]
 [48]
 [57]
 [57]
 [57]
 [57]
 [57]
 [57]
 [53]
 [45]
 [48]
 [32]
 [54]
 [54]
 [53]
 [56]
 [46]
 [57]
 [57]
 [56]
 [49]
 [49]
 [54]
 [45]
 [49]] 
------------------------ Dataset: eFx ------------------------
shape: (27, 1), dtype: uint16
Data:[[54]
 [54]
 [55]
 [52]
 [46]
 [56]
 [53]
 [54]
 [49]
 [54]
 [52]
 [45]
 [48]
 [32]
 [54]
 [54]
 [55]
 [52]
 [46]
 [56]
 [53]
 [50]
 [51]
 [55]
 [52]
 [45]
 [49]] 
------------------------ Dataset: eFy ------------------------
shape: (26, 1), dtype: uint16
Data:[[54]
 [54]
 [57]
 [48]
 [46]
 [55]
 [55]
 [52]
 [48]
 [56]
 [56]
 [45]
 [48]
 [32]
 [54]
 [54]
 [57]
 [48]
 [46]
 [55]
 [55]
 [52]
 [49]
 [50]
 [45]
 [49]] 
------------------------ Dataset: eFz ------------------------
shape: (33, 1), dtype: uint16
Data:[[53]
 [57]
 [48]
 [56]
 [46]
 [54]
 [52]
 [57]
 [55]
 [51]
 [50]
 [57]
 [57]
 [57]
 [57]
 [57]
 [57]
 [45]
 [48]
 [32]
 [53]
 [57]
 [48]
 [56]
 [46]
 [54]
 [53]
 [51]
 [55]
 [49]
 [49]
 [45]
 [49]] 
------------------------ Dataset: eG ------------------------

shape: (1, 6), dtype: uint32
Data:[[3707764736          2          1          1       1880          1]] 
------------------------ Dataset: fFb ------------------------
shape: (27, 1), dtype: uint16
Data:[[54]
 [55]
 [55]
 [50]
 [46]
 [52]
 [51]
 [52]
 [51]
 [52]
 [54]
 [45]
 [48]
 [32]
 [54]
 [55]
 [55]
 [50]
 [46]
 [52]
 [52]
 [48]
 [56]
 [49]
 [55]
 [45]
 [49]] 
------------------------ Dataset: fFc ------------------------
shape: (33, 1), dtype: uint16
Data:[[54]
 [50]
 [56]
 [53]
 [46]
 [50]
 [49]
 [49]
 [48]
 [56]
 [52]
 [45]
 [48]
 [32]
 [54]
 [50]
 [56]
 [53]
 [46]
 [50]
 [49]
 [53]
 [52]
 [48]
 [56]
 [57]
 [57]
 [57]
 [57]
 [57]
 [57]
 [45]
 [49]] 
------------------------ Dataset: fFd ------------------------
shape: (27, 1), dtype: uint16
Data:[[54]
 [51]
 [48]
 [48]
 [46]
 [57]
 [57]
 [51]
 [57]
 [49]
 [55]
 [45]
 [48]
 [32]
 [54]
 [51]
 [48]
 [48]
 [46]
 [57]
 [57]
 [56]
 [48]
 [48]
 [52]
 [45]
 [49]] 
------------------------ Dataset: fFe ------------------------
shape: (27, 1), dtype: uint16
Data:[[54]
 [51]
 [49]
 [54]
 [46]
 [56]
 [54]
 [53]
 [57]
 [52]
 [56]
 [45]
 [48]
 [32]
 [54]
 [51]
 [49]
 [54]
 [46]
 [56]
 [54]
 [57]
 [57]
 [53]
 [53]
 [45]
 [49]] 
------------------------ Dataset: fFf ------------------------
shape: (27, 1), dtype: uint16
Data:[[54]
 [51]
 [51]
 [50]
 [46]
 [54]
 [56]
 [53]
 [57]
 [49]
 [50]
 [45]
 [48]
 [32]
 [54]
 [51]
 [51]
 [50]
 [46]
 [54]
 [56]
 [57]
 [57]
 [56]
 [50]
 [45]
 [49]] 
------------------------ Dataset: fFg ------------------------
shape: (34, 1), dtype: uint16
Data:[[54]
 [52]
 [57]
 [55]
 [46]
 [56]
 [51]
 [55]
 [57]
 [55]
 [52]
 [57]
 [57]
 [57]
 [57]
 [57]
 [57]
 [53]
 [45]
 [48]
 [32]
 [54]
 [52]
 [57]
 [55]
 [46]
 [56]
 [52]
 [50]
 [48]
 [51]
 [57]
 [45]
 [49]] 
------------------------ Dataset: fFh ------------------------
shape: (27, 1), dtype: uint16
Data:[[54]
 [53]
 [49]
 [51]
 [46]
 [54]
 [52]
 [50]
 [49]
 [48]
 [56]
 [45]
 [48]
 [32]
 [54]
 [53]
 [49]
 [51]
 [46]
 [54]
 [52]
 [50]
 [50]
 [51]
 [51]
 [45]
 [49]] 
------------------------ Dataset: fFi ------------------------
shape: (33, 1), dtype: uint16
Data:[[54]
 [53]
 [50]
 [57]
 [46]
 [52]
 [53]
 [48]
 [48]
 [53]
 [55]
 [57]
 [57]
 [57]
 [57]
 [57]
 [57]
 [45]
 [48]
 [32]
 [54]
 [53]
 [50]
 [57]
 [46]
 [52]
 [53]
 [51]
 [57]
 [57]
 [50]
 [45]
 [49]] 
------------------------ Dataset: fFj ------------------------
shape: (33, 1), dtype: uint16
Data:[[54]
 [48]
 [50]
 [53]
 [46]
 [48]
 [49]
 [51]
 [57]
 [57]
 [52]
 [45]
 [48]
 [32]
 [54]
 [48]
 [50]
 [53]
 [46]
 [48]
 [48]
 [57]
 [56]
 [56]
 [57]
 [57]
 [57]
 [57]
 [57]
 [57]
 [57]
 [45]
 [49]] 
------------------------ Dataset: fFk ------------------------
shape: (27, 1), dtype: uint16
Data:[[54]
 [48]
 [52]
 [48]
 [46]
 [55]
 [53]
 [55]
 [55]
 [56]
 [54]
 [45]
 [48]
 [32]
 [54]
 [48]
 [52]
 [48]
 [46]
 [55]
 [53]
 [51]
 [55]
 [54]
 [51]
 [45]
 [49]] 
------------------------ Dataset: fFl ------------------------
shape: (27, 1), dtype: uint16
Data:[[54]
 [48]
 [53]
 [54]
 [46]
 [52]
 [53]
 [55]
 [55]
 [51]
 [53]
 [45]
 [48]
 [32]
 [54]
 [48]
 [53]
 [54]
 [46]
 [52]
 [54]
 [53]
 [56]
 [52]
 [51]
 [45]
 [49]] 
------------------------ Dataset: fFm ------------------------
shape: (33, 1), dtype: uint16
Data:[[54]
 [48]
 [55]
 [50]
 [46]
 [51]
 [54]
 [49]
 [56]
 [55]
 [51]
 [57]
 [57]
 [57]
 [57]
 [57]
 [57]
 [45]
 [48]
 [32]
 [54]
 [48]
 [55]
 [50]
 [46]
 [51]
 [54]
 [49]
 [56]
 [52]
 [49]
 [45]
 [49]] 
------------------------ Dataset: fFn ------------------------
shape: (39, 1), dtype: uint16
Data:[[53]
 [54]
 [51]
 [51]
 [46]
 [50]
 [52]
 [53]
 [55]
 [53]
 [56]
 [57]
 [57]
 [57]
 [57]
 [57]
 [57]
 [45]
 [48]
 [32]
 [53]
 [54]
 [51]
 [51]
 [46]
 [50]
 [52]
 [49]
 [53]
 [53]
 [54]
 [57]
 [57]
 [57]
 [57]
 [57]
 [57]
 [45]
 [49]] 
------------------------ Dataset: fFo ------------------------
shape: (33, 1), dtype: uint16
Data:[[53]
 [54]
 [52]
 [56]
 [46]
 [57]
 [50]
 [53]
 [54]
 [53]
 [53]
 [57]
 [57]
 [57]
 [57]
 [57]
 [57]
 [45]
 [48]
 [32]
 [53]
 [54]
 [52]
 [56]
 [46]
 [57]
 [50]
 [50]
 [48]
 [56]
 [57]
 [45]
 [49]] 
------------------------ Dataset: fFp ------------------------
shape: (27, 1), dtype: uint16
Data:[[53]
 [54]
 [54]
 [52]
 [46]
 [54]
 [53]
 [57]
 [53]
 [52]
 [49]
 [45]
 [48]
 [32]
 [53]
 [54]
 [54]
 [52]
 [46]
 [54]
 [53]
 [57]
 [48]
 [51]
 [56]
 [45]
 [49]] 
------------------------ Dataset: fFq ------------------------
shape: (33, 1), dtype: uint16
Data:[[53]
 [54]
 [56]
 [48]
 [46]
 [52]
 [48]
 [49]
 [57]
 [50]
 [50]
 [57]
 [57]
 [57]
 [57]
 [57]
 [57]
 [45]
 [48]
 [32]
 [53]
 [54]
 [56]
 [48]
 [46]
 [51]
 [57]
 [55]
 [54]
 [52]
 [49]
 [45]
 [49]] 
------------------------ Dataset: fFr ------------------------
shape: (27, 1), dtype: uint16
Data:[[53]
 [56]
 [48]
 [54]
 [46]
 [54]
 [57]
 [55]
 [54]
 [53]
 [53]
 [45]
 [48]
 [32]
 [53]
 [56]
 [48]
 [54]
 [46]
 [54]
 [57]
 [51]
 [54]
 [54]
 [56]
 [45]
 [49]] 
------------------------ Dataset: fFs ------------------------
shape: (26, 1), dtype: uint16
Data:[[54]
 [52]
 [49]
 [57]
 [46]
 [52]
 [56]
 [53]
 [56]
 [53]
 [45]
 [48]
 [32]
 [54]
 [52]
 [49]
 [57]
 [46]
 [52]
 [56]
 [49]
 [56]
 [56]
 [50]
 [45]
 [49]] 
------------------------ Dataset: fFt ------------------------
shape: (40, 1), dtype: uint16
Data:[[54]
 [54]
 [49]
 [49]
 [46]
 [53]
 [55]
 [56]
 [49]
 [51]
 [54]
 [57]
 [57]
 [57]
 [57]
 [57]
 [57]
 [53]
 [45]
 [48]
 [32]
 [54]
 [54]
 [49]
 [49]
 [46]
 [53]
 [55]
 [52]
 [48]
 [55]
 [49]
 [57]
 [57]
 [57]
 [57]
 [57]
 [57]
 [45]
 [49]] 
------------------------ Dataset: fFu ------------------------
shape: (27, 1), dtype: uint16
Data:[[54]
 [54]
 [50]
 [55]
 [46]
 [52]
 [57]
 [56]
 [48]
 [57]
 [56]
 [45]
 [48]
 [32]
 [54]
 [54]
 [50]
 [55]
 [46]
 [52]
 [57]
 [52]
 [50]
 [51]
 [55]
 [45]
 [49]] 
------------------------ Dataset: fFv ------------------------
shape: (33, 1), dtype: uint16
Data:[[54]
 [54]
 [52]
 [51]
 [46]
 [50]
 [53]
 [56]
 [50]
 [48]
 [49]
 [45]
 [48]
 [32]
 [54]
 [54]
 [52]
 [51]
 [46]
 [50]
 [53]
 [52]
 [49]
 [50]
 [57]
 [57]
 [57]
 [57]
 [57]
 [57]
 [57]
 [45]
 [49]] 
------------------------ Dataset: fFw ------------------------
shape: (27, 1), dtype: uint16
Data:[[54]
 [54]
 [53]
 [56]
 [46]
 [57]
 [57]
 [56]
 [49]
 [48]
 [51]
 [45]
 [48]
 [32]
 [54]
 [54]
 [53]
 [56]
 [46]
 [57]
 [57]
 [56]
 [49]
 [49]
 [54]
 [45]
 [49]] 
------------------------ Dataset: fFx ------------------------
shape: (27, 1), dtype: uint16
Data:[[54]
 [54]
 [55]
 [52]
 [46]
 [56]
 [53]
 [54]
 [49]
 [54]
 [52]
 [45]
 [48]
 [32]
 [54]
 [54]
 [55]
 [52]
 [46]
 [56]
 [53]
 [56]
 [53]
 [51]
 [51]
 [45]
 [49]] 
------------------------ Dataset: fFy ------------------------
shape: (26, 1), dtype: uint16
Data:[[54]
 [54]
 [57]
 [48]
 [46]
 [55]
 [56]
 [52]
 [50]
 [53]
 [54]
 [45]
 [48]
 [32]
 [54]
 [54]
 [57]
 [48]
 [46]
 [55]
 [55]
 [52]
 [49]
 [50]
 [45]
 [49]] 
------------------------ Dataset: fFz ------------------------
shape: (33, 1), dtype: uint16
Data:[[53]
 [57]
 [48]
 [56]
 [46]
 [54]
 [53]
 [55]
 [55]
 [51]
 [51]
 [57]
 [57]
 [57]
 [57]
 [57]
 [57]
 [45]
 [48]
 [32]
 [53]
 [57]
 [48]
 [56]
 [46]
 [54]
 [53]
 [51]
 [55]
 [49]
 [49]
 [45]
 [49]] 
------------------------ Dataset: fG ------------------------

