shape: (1, 6), dtype: uint32
Data:[[3707764736          2          1          1       1401          1]] 
------------------------ Dataset: lxb ------------------------
shape: (13, 1), dtype: uint16
Data:[[54]
 [55]
 [55]
 [48]
 [46]
 [52]
 [51]
 [52]
 [49]
 [56]
 [53]
 [45]
 [48]] 
------------------------ Dataset: lxc ------------------------
shape: (33, 1), dtype: uint16
Data:[[54]
 [50]
 [56]
 [51]
 [46]
 [50]
 [48]
 [57]
 [56]
 [56]
 [54]
 [45]
 [48]
 [32]
 [54]
 [50]
 [56]
 [51]
 [46]
 [50]
 [48]
 [53]
 [57]
 [54]
 [50]
 [57]
 [57]
 [57]
 [57]
 [57]
 [57]
 [45]
 [49]] 
------------------------ Dataset: lxd ------------------------
shape: (33, 1), dtype: uint16
Data:[[54]
 [50]
 [57]
 [56]
 [46]
 [57]
 [57]
 [48]
 [53]
 [52]
 [56]
 [45]
 [48]
 [32]
 [54]
 [50]
 [57]
 [56]
 [46]
 [57]
 [56]
 [57]
 [57]
 [55]
 [49]
 [57]
 [57]
 [57]
 [57]
 [57]
 [57]
 [45]
 [49]] 
------------------------ Dataset: lxe ------------------------
shape: (33, 1), dtype: uint16
Data:[[54]
 [51]
 [49]
 [52]
 [46]
 [56]
 [53]
 [52]
 [52]
 [56]
 [56]
 [45]
 [48]
 [32]
 [54]
 [51]
 [49]
 [52]
 [46]
 [56]
 [53]
 [55]
 [57]
 [57]
 [57]
 [57]
 [57]
 [57]
 [57]
 [57]
 [57]
 [45]
 [49]] 
------------------------ Dataset: lxf ------------------------
shape: (26, 1), dtype: uint16
Data:[[54]
 [51]
 [51]
 [48]
 [46]
 [54]
 [56]
 [53]
 [57]
 [57]
 [45]
 [48]
 [32]
 [54]
 [51]
 [51]
 [48]
 [46]
 [54]
 [56]
 [53]
 [51]
 [56]
 [56]
 [45]
 [49]] 
------------------------ Dataset: lxg ------------------------
shape: (33, 1), dtype: uint16
Data:[[54]
 [51]
 [52]
 [54]
 [46]
 [53]
 [50]
 [48]
 [52]
 [56]
 [53]
 [57]
 [57]
 [57]
 [57]
 [57]
 [57]
 [45]
 [48]
 [32]
 [54]
 [51]
 [52]
 [54]
 [46]
 [53]
 [50]
 [51]
 [49]
 [51]
 [49]
 [45]
 [49]] 
------------------------ Dataset: lxh ------------------------
shape: (40, 1), dtype: uint16
Data:[[54]
 [53]
 [49]
 [49]
 [46]
 [54]
 [48]
 [49]
 [57]
 [57]
 [53]
 [57]
 [57]
 [57]
 [57]
 [57]
 [57]
 [45]
 [48]
 [32]
 [54]
 [53]
 [49]
 [49]
 [46]
 [54]
 [48]
 [54]
 [48]
 [49]
 [55]
 [57]
 [57]
 [57]
 [57]
 [57]
 [57]
 [53]
 [45]
 [49]] 
------------------------ Dataset: lxi ------------------------
shape: (27, 1), dtype: uint16
Data:[[54]
 [53]
 [50]
 [55]
 [46]
 [52]
 [51]
 [52]
 [50]
 [49]
 [52]
 [45]
 [48]
 [32]
 [54]
 [53]
 [50]
 [55]
 [46]
 [52]
 [51]
 [56]
 [48]
 [55]
 [53]
 [45]
 [49]] 
------------------------ Dataset: lxj ------------------------
shape: (33, 1), dtype: uint16
Data:[[54]
 [48]
 [50]
 [51]
 [46]
 [48]
 [49]
 [51]
 [57]
 [52]
 [48]
 [57]
 [57]
 [57]
 [57]
 [57]
 [57]
 [45]
 [48]
 [32]
 [54]
 [48]
 [50]
 [51]
 [46]
 [48]
 [49]
 [48]
 [51]
 [55]
 [51]
 [45]
 [49]] 
------------------------ Dataset: lxk ------------------------
shape: (33, 1), dtype: uint16
Data:[[54]
 [48]
 [51]
 [56]
 [46]
 [55]
 [56]
 [49]
 [56]
 [53]
 [52]
 [57]
 [57]
 [57]
 [57]
 [57]
 [57]
 [45]
 [48]
 [32]
 [54]
 [48]
 [51]
 [56]
 [46]
 [55]
 [55]
 [55]
 [56]
 [49]
 [56]
 [45]
 [49]] 
------------------------ Dataset: lxl ------------------------
shape: (27, 1), dtype: uint16
Data:[[54]
 [48]
 [53]
 [52]
 [46]
 [52]
 [50]
 [55]
 [54]
 [48]
 [53]
 [45]
 [48]
 [32]
 [54]
 [48]
 [53]
 [52]
 [46]
 [52]
 [51]
 [50]
 [53]
 [55]
 [50]
 [45]
 [49]] 
------------------------ Dataset: lxm ------------------------
shape: (33, 1), dtype: uint16
Data:[[54]
 [48]
 [55]
 [48]
 [46]
 [51]
 [54]
 [57]
 [54]
 [56]
 [50]
 [45]
 [48]
 [32]
 [54]
 [48]
 [55]
 [48]
 [46]
 [51]
 [54]
 [53]
 [55]
 [49]
 [53]
 [57]
 [57]
 [57]
 [57]
 [57]
 [57]
 [45]
 [49]] 
------------------------ Dataset: lxn ------------------------
shape: (27, 1), dtype: uint16
Data:[[53]
 [54]
 [51]
 [49]
 [46]
 [50]
 [52]
 [53]
 [54]
 [50]
 [54]
 [45]
 [48]
 [32]
 [53]
 [54]
 [51]
 [49]
 [46]
 [50]
 [52]
 [57]
 [54]
 [55]
 [49]
 [45]
 [49]] 
------------------------ Dataset: lxo ------------------------
shape: (27, 1), dtype: uint16
Data:[[53]
 [54]
 [52]
 [54]
 [46]
 [57]
 [50]
 [49]
 [53]
 [49]
 [50]
 [45]
 [48]
 [32]
 [53]
 [54]
 [52]
 [54]
 [46]
 [57]
 [49]
 [55]
 [53]
 [51]
 [51]
 [45]
 [49]] 
------------------------ Dataset: lxp ------------------------
shape: (40, 1), dtype: uint16
Data:[[53]
 [54]
 [54]
 [50]
 [46]
 [54]
 [54]
 [50]
 [56]
 [53]
 [51]
 [57]
 [57]
 [57]
 [57]
 [57]
 [57]
 [45]
 [48]
 [32]
 [53]
 [54]
 [54]
 [50]
 [46]
 [54]
 [54]
 [50]
 [56]
 [57]
 [52]
 [57]
 [57]
 [57]
 [57]
 [57]
 [57]
 [53]
 [45]
 [49]] 
------------------------ Dataset: lxq ------------------------
shape: (40, 1), dtype: uint16
Data:[[53]
 [54]
 [55]
 [56]
 [46]
 [52]
 [48]
 [49]
 [53]
 [52]
 [51]
 [57]
 [57]
 [57]
 [57]
 [57]
 [57]
 [45]
 [48]
 [32]
 [53]
 [54]
 [55]
 [56]
 [46]
 [51]
 [57]
 [55]
 [53]
 [55]
 [48]
 [57]
 [57]
 [57]
 [57]
 [57]
 [57]
 [53]
 [45]
 [49]] 
------------------------ Dataset: lxr ------------------------
shape: (27, 1), dtype: uint16
Data:[[53]
 [54]
 [57]
 [52]
 [46]
 [49]
 [52]
 [57]
 [56]
 [48]
 [56]
 [45]
 [48]
 [32]
 [53]
 [54]
 [57]
 [52]
 [46]
 [49]
 [52]
 [54]
 [48]
 [51]
 [53]
 [45]
 [49]] 
------------------------ Dataset: lxs ------------------------
shape: (26, 1), dtype: uint16
Data:[[54]
 [52]
 [49]
 [55]
 [46]
 [52]
 [54]
 [49]
 [57]
 [57]
 [45]
 [48]
 [32]
 [54]
 [52]
 [49]
 [55]
 [46]
 [52]
 [54]
 [54]
 [48]
 [48]
 [49]
 [45]
 [49]] 
------------------------ Dataset: lxt ------------------------
shape: (27, 1), dtype: uint16
Data:[[54]
 [54]
 [48]
 [57]
 [46]
 [53]
 [53]
 [52]
 [50]
 [53]
 [50]
 [45]
 [48]
 [32]
 [54]
 [54]
 [48]
 [57]
 [46]
 [53]
 [53]
 [56]
 [49]
 [52]
 [52]
 [45]
 [49]] 
------------------------ Dataset: lxu ------------------------
shape: (27, 1), dtype: uint16
Data:[[54]
 [54]
 [50]
 [53]
 [46]
 [52]
 [57]
 [56]
 [51]
 [51]
 [51]
 [45]
 [48]
 [32]
 [54]
 [54]
 [50]
 [53]
 [46]
 [53]
 [48]
 [54]
 [53]
 [55]
 [52]
 [45]
 [49]] 
------------------------ Dataset: lxv ------------------------
shape: (33, 1), dtype: uint16
Data:[[54]
 [54]
 [52]
 [49]
 [46]
 [50]
 [56]
 [50]
 [50]
 [55]
 [51]
 [45]
 [48]
 [32]
 [54]
 [54]
 [52]
 [49]
 [46]
 [50]
 [55]
 [56]
 [50]
 [52]
 [49]
 [57]
 [57]
 [57]
 [57]
 [57]
 [57]
 [45]
 [49]] 
------------------------ Dataset: lxw ------------------------
shape: (27, 1), dtype: uint16
Data:[[54]
 [54]
 [53]
 [54]
 [46]
 [57]
 [52]
 [48]
 [52]
 [49]
 [53]
 [45]
 [48]
 [32]
 [54]
 [54]
 [53]
 [54]
 [46]
 [57]
 [52]
 [56]
 [54]
 [55]
 [57]
 [45]
 [49]] 
------------------------ Dataset: lxx ------------------------
shape: (33, 1), dtype: uint16
Data:[[54]
 [54]
 [55]
 [50]
 [46]
 [56]
 [51]
 [56]
 [50]
 [50]
 [54]
 [45]
 [48]
 [32]
 [54]
 [54]
 [55]
 [50]
 [46]
 [56]
 [52]
 [50]
 [48]
 [54]
 [48]
 [57]
 [57]
 [57]
 [57]
 [57]
 [57]
 [45]
 [49]] 
------------------------ Dataset: lxy ------------------------
shape: (33, 1), dtype: uint16
Data:[[54]
 [54]
 [56]
 [56]
 [46]
 [55]
 [52]
 [50]
 [55]
 [52]
 [54]
 [57]
 [57]
 [57]
 [57]
 [57]
 [57]
 [45]
 [48]
 [32]
 [54]
 [54]
 [56]
 [56]
 [46]
 [55]
 [52]
 [54]
 [49]
 [54]
 [57]
 [45]
 [49]] 
------------------------ Dataset: lxz ------------------------
shape: (33, 1), dtype: uint16
Data:[[53]
 [57]
 [48]
 [54]
 [46]
 [54]
 [52]
 [49]
 [55]
 [54]
 [52]
 [45]
 [48]
 [32]
 [53]
 [57]
 [48]
 [54]
 [46]
 [54]
 [52]
 [53]
 [55]
 [49]
 [54]
 [57]
 [57]
 [57]
 [57]
 [57]
 [57]
 [45]
 [49]] 
------------------------ Dataset: ly ------------------------

shape: (1, 6), dtype: uint32
Data:[[3707764736          2          1          1       1402          1]] 
------------------------ Dataset: mxb ------------------------
shape: (13, 1), dtype: uint16
Data:[[54]
 [55]
 [55]
 [48]
 [46]
 [52]
 [52]
 [50]
 [53]
 [49]
 [50]
 [45]
 [49]] 
------------------------ Dataset: mxc ------------------------
shape: (27, 1), dtype: uint16
Data:[[54]
 [50]
 [56]
 [51]
 [46]
 [50]
 [48]
 [57]
 [56]
 [56]
 [54]
 [45]
 [48]
 [32]
 [54]
 [50]
 [56]
 [51]
 [46]
 [50]
 [49]
 [51]
 [56]
 [52]
 [52]
 [45]
 [49]] 
------------------------ Dataset: mxd ------------------------
shape: (27, 1), dtype: uint16
Data:[[54]
 [50]
 [57]
 [56]
 [46]
 [57]
 [57]
 [48]
 [53]
 [52]
 [56]
 [45]
 [48]
 [32]
 [54]
 [50]
 [57]
 [56]
 [46]
 [57]
 [57]
 [54]
 [51]
 [56]
 [51]
 [45]
 [49]] 
------------------------ Dataset: mxe ------------------------
shape: (32, 1), dtype: uint16
Data:[[54]
 [51]
 [49]
 [52]
 [46]
 [56]
 [54]
 [49]
 [57]
 [49]
 [45]
 [48]
 [32]
 [54]
 [51]
 [49]
 [52]
 [46]
 [56]
 [53]
 [55]
 [57]
 [57]
 [57]
 [57]
 [57]
 [57]
 [57]
 [57]
 [57]
 [45]
 [49]] 
------------------------ Dataset: mxf ------------------------
shape: (26, 1), dtype: uint16
Data:[[54]
 [51]
 [51]
 [48]
 [46]
 [54]
 [56]
 [53]
 [57]
 [57]
 [45]
 [48]
 [32]
 [54]
 [51]
 [51]
 [48]
 [46]
 [54]
 [57]
 [48]
 [50]
 [52]
 [54]
 [45]
 [49]] 
------------------------ Dataset: mxg ------------------------
shape: (27, 1), dtype: uint16
Data:[[54]
 [51]
 [52]
 [54]
 [46]
 [53]
 [50]
 [54]
 [54]
 [57]
 [53]
 [45]
 [48]
 [32]
 [54]
 [51]
 [52]
 [54]
 [46]
 [53]
 [50]
 [51]
 [49]
 [51]
 [49]
 [45]
 [49]] 
------------------------ Dataset: mxh ------------------------
shape: (34, 1), dtype: uint16
Data:[[54]
 [53]
 [49]
 [49]
 [46]
 [54]
 [48]
 [57]
 [57]
 [57]
 [53]
 [45]
 [48]
 [32]
 [54]
 [53]
 [49]
 [49]
 [46]
 [54]
 [48]
 [54]
 [48]
 [49]
 [55]
 [57]
 [57]
 [57]
 [57]
 [57]
 [57]
 [53]
 [45]
 [49]] 
------------------------ Dataset: mxi ------------------------
shape: (27, 1), dtype: uint16
Data:[[54]
 [53]
 [50]
 [55]
 [46]
 [52]
 [52]
 [50]
 [48]
 [51]
 [53]
 [45]
 [48]
 [32]
 [54]
 [53]
 [50]
 [55]
 [46]
 [52]
 [51]
 [56]
 [48]
 [55]
 [53]
 [45]
 [49]] 
------------------------ Dataset: mxj ------------------------
shape: (33, 1), dtype: uint16
Data:[[54]
 [48]
 [50]
 [51]
 [46]
 [48]
 [49]
 [51]
 [57]
 [52]
 [48]
 [57]
 [57]
 [57]
 [57]
 [57]
 [57]
 [45]
 [48]
 [32]
 [54]
 [48]
 [50]
 [51]
 [46]
 [48]
 [49]
 [55]
 [56]
 [49]
 [55]
 [45]
 [49]] 
------------------------ Dataset: mxk ------------------------
shape: (33, 1), dtype: uint16
Data:[[54]
 [48]
 [51]
 [56]
 [46]
 [55]
 [56]
 [49]
 [56]
 [53]
 [52]
 [57]
 [57]
 [57]
 [57]
 [57]
 [57]
 [45]
 [48]
 [32]
 [54]
 [48]
 [51]
 [56]
 [46]
 [55]
 [57]
 [53]
 [54]
 [52]
 [50]
 [45]
 [49]] 
------------------------ Dataset: mxl ------------------------
shape: (33, 1), dtype: uint16
Data:[[54]
 [48]
 [53]
 [52]
 [46]
 [52]
 [51]
 [57]
 [51]
 [49]
 [54]
 [57]
 [57]
 [57]
 [57]
 [57]
 [57]
 [45]
 [48]
 [32]
 [54]
 [48]
 [53]
 [52]
 [46]
 [52]
 [51]
 [50]
 [53]
 [55]
 [50]
 [45]
 [49]] 
------------------------ Dataset: mxm ------------------------
shape: (27, 1), dtype: uint16
Data:[[54]
 [48]
 [55]
 [48]
 [46]
 [51]
 [54]
 [57]
 [54]
 [56]
 [50]
 [45]
 [48]
 [32]
 [54]
 [48]
 [55]
 [48]
 [46]
 [51]
 [55]
 [51]
 [55]
 [48]
 [55]
 [45]
 [49]] 
------------------------ Dataset: mxn ------------------------
shape: (27, 1), dtype: uint16
Data:[[53]
 [54]
 [51]
 [49]
 [46]
 [50]
 [53]
 [51]
 [53]
 [55]
 [51]
 [45]
 [48]
 [32]
 [53]
 [54]
 [51]
 [49]
 [46]
 [50]
 [52]
 [57]
 [54]
 [55]
 [49]
 [45]
 [49]] 
------------------------ Dataset: mxo ------------------------
shape: (27, 1), dtype: uint16
Data:[[53]
 [54]
 [52]
 [54]
 [46]
 [57]
 [50]
 [49]
 [53]
 [49]
 [50]
 [45]
 [48]
 [32]
 [53]
 [54]
 [52]
 [54]
 [46]
 [57]
 [50]
 [53]
 [54]
 [51]
 [51]
 [45]
 [49]] 
------------------------ Dataset: mxp ------------------------
shape: (40, 1), dtype: uint16
Data:[[53]
 [54]
 [54]
 [50]
 [46]
 [54]
 [54]
 [53]
 [57]
 [48]
 [56]
 [57]
 [57]
 [57]
 [57]
 [57]
 [57]
 [45]
 [48]
 [32]
 [53]
 [54]
 [54]
 [50]
 [46]
 [54]
 [54]
 [50]
 [56]
 [57]
 [52]
 [57]
 [57]
 [57]
 [57]
 [57]
 [57]
 [53]
 [45]
 [49]] 
------------------------ Dataset: mxq ------------------------
shape: (39, 1), dtype: uint16
Data:[[53]
 [54]
 [55]
 [56]
 [46]
 [52]
 [48]
 [49]
 [53]
 [52]
 [51]
 [57]
 [57]
 [57]
 [57]
 [57]
 [57]
 [45]
 [48]
 [32]
 [53]
 [54]
 [55]
 [56]
 [46]
 [52]
 [48]
 [53]
 [53]
 [52]
 [54]
 [57]
 [57]
 [57]
 [57]
 [57]
 [57]
 [45]
 [49]] 
------------------------ Dataset: mxr ------------------------
shape: (27, 1), dtype: uint16
Data:[[53]
 [54]
 [57]
 [52]
 [46]
 [49]
 [52]
 [57]
 [56]
 [48]
 [56]
 [45]
 [48]
 [32]
 [53]
 [54]
 [57]
 [52]
 [46]
 [49]
 [53]
 [55]
 [55]
 [51]
 [56]
 [45]
 [49]] 
------------------------ Dataset: mxs ------------------------
shape: (34, 1), dtype: uint16
Data:[[54]
 [52]
 [49]
 [55]
 [46]
 [52]
 [55]
 [48]
 [56]
 [50]
 [55]
 [57]
 [57]
 [57]
 [57]
 [57]
 [57]
 [53]
 [45]
 [48]
 [32]
 [54]
 [52]
 [49]
 [55]
 [46]
 [52]
 [54]
 [54]
 [48]
 [48]
 [49]
 [45]
 [49]] 
------------------------ Dataset: mxt ------------------------
shape: (27, 1), dtype: uint16
Data:[[54]
 [54]
 [48]
 [57]
 [46]
 [53]
 [54]
 [50]
 [49]
 [54]
 [54]
 [45]
 [48]
 [32]
 [54]
 [54]
 [48]
 [57]
 [46]
 [53]
 [53]
 [56]
 [49]
 [52]
 [52]
 [45]
 [49]] 
------------------------ Dataset: mxu ------------------------
shape: (34, 1), dtype: uint16
Data:[[54]
 [54]
 [50]
 [53]
 [46]
 [53]
 [48]
 [54]
 [55]
 [55]
 [51]
 [57]
 [57]
 [57]
 [57]
 [57]
 [57]
 [53]
 [45]
 [48]
 [32]
 [54]
 [54]
 [50]
 [53]
 [46]
 [53]
 [48]
 [54]
 [53]
 [55]
 [52]
 [45]
 [49]] 
------------------------ Dataset: mxv ------------------------
shape: (27, 1), dtype: uint16
Data:[[54]
 [54]
 [52]
 [49]
 [46]
 [50]
 [56]
 [50]
 [50]
 [55]
 [51]
 [45]
 [48]
 [32]
 [54]
 [54]
 [52]
 [49]
 [46]
 [50]
 [56]
 [54]
 [48]
 [54]
 [54]
 [45]
 [49]] 
------------------------ Dataset: mxw ------------------------
shape: (27, 1), dtype: uint16
Data:[[54]
 [54]
 [53]
 [54]
 [46]
 [57]
 [52]
 [56]
 [53]
 [53]
 [56]
 [45]
 [48]
 [32]
 [54]
 [54]
 [53]
 [54]
 [46]
 [57]
 [52]
 [56]
 [54]
 [55]
 [57]
 [45]
 [49]] 
------------------------ Dataset: mxx ------------------------
shape: (40, 1), dtype: uint16
Data:[[54]
 [54]
 [55]
 [50]
 [46]
 [56]
 [52]
 [54]
 [48]
 [57]
 [51]
 [57]
 [57]
 [57]
 [57]
 [57]
 [57]
 [53]
 [45]
 [48]
 [32]
 [54]
 [54]
 [55]
 [50]
 [46]
 [56]
 [52]
 [50]
 [48]
 [54]
 [48]
 [57]
 [57]
 [57]
 [57]
 [57]
 [57]
 [45]
 [49]] 
------------------------ Dataset: mxy ------------------------
shape: (33, 1), dtype: uint16
Data:[[54]
 [54]
 [56]
 [56]
 [46]
 [55]
 [53]
 [48]
 [48]
 [53]
 [54]
 [57]
 [57]
 [57]
 [57]
 [57]
 [57]
 [45]
 [48]
 [32]
 [54]
 [54]
 [56]
 [56]
 [46]
 [55]
 [52]
 [54]
 [49]
 [54]
 [57]
 [45]
 [49]] 
------------------------ Dataset: mxz ------------------------
shape: (39, 1), dtype: uint16
Data:[[53]
 [57]
 [48]
 [54]
 [46]
 [54]
 [52]
 [57]
 [54]
 [57]
 [50]
 [57]
 [57]
 [57]
 [57]
 [57]
 [57]
 [45]
 [48]
 [32]
 [53]
 [57]
 [48]
 [54]
 [46]
 [54]
 [52]
 [53]
 [55]
 [49]
 [54]
 [57]
 [57]
 [57]
 [57]
 [57]
 [57]
 [45]
 [49]] 
------------------------ Dataset: my ------------------------

shape: (1, 6), dtype: uint32
Data:[[3707764736          2          1          1       1403          1]] 
------------------------ Dataset: nxb ------------------------
shape: (13, 1), dtype: uint16
Data:[[54]
 [55]
 [55]
 [48]
 [46]
 [52]
 [52]
 [50]
 [53]
 [51]
 [49]
 [45]
 [48]] 
------------------------ Dataset: nxc ------------------------
shape: (27, 1), dtype: uint16
Data:[[54]
 [50]
 [56]
 [51]
 [46]
 [50]
 [49]
 [55]
 [56]
 [52]
 [55]
 [45]
 [48]
 [32]
 [54]
 [50]
 [56]
 [51]
 [46]
 [50]
 [49]
 [51]
 [56]
 [52]
 [52]
 [45]
 [49]] 
------------------------ Dataset: nxd ------------------------
shape: (33, 1), dtype: uint16
Data:[[54]
 [50]
 [57]
 [56]
 [46]
 [57]
 [57]
 [56]
 [52]
 [49]
 [50]
 [57]
 [57]
 [57]
 [57]
 [57]
 [57]
 [45]
 [48]
 [32]
 [54]
 [50]
 [57]
 [56]
 [46]
 [57]
 [57]
 [54]
 [51]
 [56]
 [51]
 [45]
 [49]] 
------------------------ Dataset: nxe ------------------------
shape: (26, 1), dtype: uint16
Data:[[54]
 [51]
 [49]
 [52]
 [46]
 [56]
 [54]
 [49]
 [57]
 [49]
 [45]
 [48]
 [32]
 [54]
 [51]
 [49]
 [52]
 [46]
 [56]
 [54]
 [54]
 [49]
 [54]
 [52]
 [45]
 [49]] 
------------------------ Dataset: nxf ------------------------
shape: (27, 1), dtype: uint16
Data:[[54]
 [51]
 [51]
 [48]
 [46]
 [54]
 [57]
 [48]
 [56]
 [52]
 [50]
 [45]
 [48]
 [32]
 [54]
 [51]
 [51]
 [48]
 [46]
 [54]
 [57]
 [48]
 [50]
 [52]
 [54]
 [45]
 [49]] 
------------------------ Dataset: nxg ------------------------
shape: (34, 1), dtype: uint16
Data:[[54]
 [51]
 [52]
 [54]
 [46]
 [53]
 [50]
 [54]
 [54]
 [57]
 [53]
 [45]
 [48]
 [32]
 [54]
 [51]
 [52]
 [54]
 [46]
 [53]
 [51]
 [48]
 [50]
 [52]
 [48]
 [57]
 [57]
 [57]
 [57]
 [57]
 [57]
 [53]
 [45]
 [49]] 
------------------------ Dataset: nxh ------------------------
shape: (33, 1), dtype: uint16
Data:[[54]
 [53]
 [49]
 [49]
 [46]
 [54]
 [48]
 [57]
 [57]
 [57]
 [53]
 [45]
 [48]
 [32]
 [54]
 [53]
 [49]
 [49]
 [46]
 [54]
 [49]
 [51]
 [57]
 [55]
 [52]
 [57]
 [57]
 [57]
 [57]
 [57]
 [57]
 [45]
 [49]] 
------------------------ Dataset: nxi ------------------------
shape: (27, 1), dtype: uint16
Data:[[54]
 [53]
 [50]
 [55]
 [46]
 [52]
 [52]
 [50]
 [48]
 [51]
 [53]
 [45]
 [48]
 [32]
 [54]
 [53]
 [50]
 [55]
 [46]
 [52]
 [52]
 [54]
 [49]
 [52]
 [50]
 [45]
 [49]] 
------------------------ Dataset: nxj ------------------------
shape: (33, 1), dtype: uint16
Data:[[54]
 [48]
 [50]
 [51]
 [46]
 [48]
 [50]
 [49]
 [56]
 [55]
 [52]
 [57]
 [57]
 [57]
 [57]
 [57]
 [57]
 [45]
 [48]
 [32]
 [54]
 [48]
 [50]
 [51]
 [46]
 [48]
 [49]
 [55]
 [56]
 [49]
 [55]
 [45]
 [49]] 
------------------------ Dataset: nxk ------------------------
shape: (27, 1), dtype: uint16
Data:[[54]
 [48]
 [51]
 [56]
 [46]
 [55]
 [57]
 [53]
 [55]
 [55]
 [54]
 [45]
 [48]
 [32]
 [54]
 [48]
 [51]
 [56]
 [46]
 [55]
 [57]
 [53]
 [54]
 [52]
 [50]
 [45]
 [49]] 
------------------------ Dataset: nxl ------------------------
shape: (33, 1), dtype: uint16
Data:[[54]
 [48]
 [53]
 [52]
 [46]
 [52]
 [51]
 [57]
 [51]
 [49]
 [54]
 [57]
 [57]
 [57]
 [57]
 [57]
 [57]
 [45]
 [48]
 [32]
 [54]
 [48]
 [53]
 [52]
 [46]
 [52]
 [52]
 [51]
 [57]
 [55]
 [52]
 [45]
 [49]] 
------------------------ Dataset: nxm ------------------------
shape: (27, 1), dtype: uint16
Data:[[54]
 [48]
 [55]
 [48]
 [46]
 [51]
 [55]
 [56]
 [53]
 [56]
 [52]
 [45]
 [48]
 [32]
 [54]
 [48]
 [55]
 [48]
 [46]
 [51]
 [55]
 [51]
 [55]
 [48]
 [55]
 [45]
 [49]] 
------------------------ Dataset: nxn ------------------------
shape: (33, 1), dtype: uint16
Data:[[53]
 [54]
 [51]
 [49]
 [46]
 [50]
 [53]
 [51]
 [53]
 [55]
 [51]
 [45]
 [48]
 [32]
 [53]
 [54]
 [51]
 [49]
 [46]
 [50]
 [53]
 [55]
 [56]
 [49]
 [50]
 [57]
 [57]
 [57]
 [57]
 [57]
 [57]
 [45]
 [49]] 
------------------------ Dataset: nxo ------------------------
shape: (27, 1), dtype: uint16
Data:[[53]
 [54]
 [52]
 [54]
 [46]
 [57]
 [50]
 [57]
 [53]
 [50]
 [57]
 [45]
 [48]
 [32]
 [53]
 [54]
 [52]
 [54]
 [46]
 [57]
 [50]
 [53]
 [54]
 [51]
 [51]
 [45]
 [49]] 
------------------------ Dataset: nxp ------------------------
shape: (33, 1), dtype: uint16
Data:[[53]
 [54]
 [54]
 [50]
 [46]
 [54]
 [54]
 [53]
 [57]
 [48]
 [56]
 [57]
 [57]
 [57]
 [57]
 [57]
 [57]
 [45]
 [48]
 [32]
 [53]
 [54]
 [54]
 [50]
 [46]
 [54]
 [54]
 [57]
 [53]
 [55]
 [53]
 [45]
 [49]] 
------------------------ Dataset: nxq ------------------------
shape: (33, 1), dtype: uint16
Data:[[53]
 [54]
 [55]
 [56]
 [46]
 [52]
 [49]
 [48]
 [55]
 [56]
 [52]
 [45]
 [48]
 [32]
 [53]
 [54]
 [55]
 [56]
 [46]
 [52]
 [48]
 [53]
 [53]
 [52]
 [54]
 [57]
 [57]
 [57]
 [57]
 [57]
 [57]
 [45]
 [49]] 
------------------------ Dataset: nxr ------------------------
shape: (34, 1), dtype: uint16
Data:[[53]
 [54]
 [57]
 [52]
 [46]
 [49]
 [53]
 [55]
 [56]
 [53]
 [52]
 [57]
 [57]
 [57]
 [57]
 [57]
 [57]
 [53]
 [45]
 [48]
 [32]
 [53]
 [54]
 [57]
 [52]
 [46]
 [49]
 [53]
 [55]
 [55]
 [51]
 [56]
 [45]
 [49]] 
------------------------ Dataset: nxs ------------------------
shape: (41, 1), dtype: uint16
Data:[[54]
 [52]
 [49]
 [55]
 [46]
 [52]
 [55]
 [48]
 [56]
 [50]
 [55]
 [57]
 [57]
 [57]
 [57]
 [57]
 [57]
 [53]
 [45]
 [48]
 [32]
 [54]
 [52]
 [49]
 [55]
 [46]
 [52]
 [55]
 [52]
 [50]
 [52]
 [55]
 [57]
 [57]
 [57]
 [57]
 [57]
 [57]
 [53]
 [45]
 [49]] 
------------------------ Dataset: nxt ------------------------
shape: (27, 1), dtype: uint16
Data:[[54]
 [54]
 [48]
 [57]
 [46]
 [53]
 [54]
 [50]
 [49]
 [54]
 [54]
 [45]
 [48]
 [32]
 [54]
 [54]
 [48]
 [57]
 [46]
 [53]
 [54]
 [54]
 [48]
 [57]
 [55]
 [45]
 [49]] 
------------------------ Dataset: nxu ------------------------
shape: (40, 1), dtype: uint16
Data:[[54]
 [54]
 [50]
 [53]
 [46]
 [53]
 [48]
 [54]
 [55]
 [55]
 [51]
 [57]
 [57]
 [57]
 [57]
 [57]
 [57]
 [53]
 [45]
 [48]
 [32]
 [54]
 [54]
 [50]
 [53]
 [46]
 [53]
 [49]
 [48]
 [52]
 [54]
 [49]
 [57]
 [57]
 [57]
 [57]
 [57]
 [57]
 [45]
 [49]] 
------------------------ Dataset: nxv ------------------------
shape: (27, 1), dtype: uint16
Data:[[54]
 [54]
 [52]
 [49]
 [46]
 [50]
 [57]
 [48]
 [48]
 [55]
 [51]
 [45]
 [48]
 [32]
 [54]
 [54]
 [52]
 [49]
 [46]
 [50]
 [56]
 [54]
 [48]
 [54]
 [54]
 [45]
 [49]] 
------------------------ Dataset: nxw ------------------------
shape: (27, 1), dtype: uint16
Data:[[54]
 [54]
 [53]
 [54]
 [46]
 [57]
 [53]
 [49]
 [52]
 [54]
 [52]
 [45]
 [48]
 [32]
 [54]
 [54]
 [53]
 [54]
 [46]
 [57]
 [52]
 [56]
 [54]
 [55]
 [57]
 [45]
 [49]] 
------------------------ Dataset: nxx ------------------------
shape: (34, 1), dtype: uint16
Data:[[54]
 [54]
 [55]
 [50]
 [46]
 [56]
 [52]
 [54]
 [48]
 [57]
 [51]
 [57]
 [57]
 [57]
 [57]
 [57]
 [57]
 [53]
 [45]
 [48]
 [32]
 [54]
 [54]
 [55]
 [50]
 [46]
 [56]
 [53]
 [48]
 [51]
 [53]
 [57]
 [45]
 [49]] 
------------------------ Dataset: nxy ------------------------
shape: (33, 1), dtype: uint16
Data:[[54]
 [54]
 [56]
 [56]
 [46]
 [55]
 [53]
 [48]
 [48]
 [53]
 [54]
 [57]
 [57]
 [57]
 [57]
 [57]
 [57]
 [45]
 [48]
 [32]
 [54]
 [54]
 [56]
 [56]
 [46]
 [55]
 [53]
 [52]
 [48]
 [52]
 [50]
 [45]
 [49]] 
------------------------ Dataset: nxz ------------------------
shape: (32, 1), dtype: uint16
Data:[[53]
 [57]
 [48]
 [54]
 [46]
 [54]
 [52]
 [57]
 [54]
 [57]
 [50]
 [57]
 [57]
 [57]
 [57]
 [57]
 [57]
 [45]
 [48]
 [32]
 [53]
 [57]
 [48]
 [54]
 [46]
 [54]
 [53]
 [51]
 [57]
 [56]
 [45]
 [49]] 
------------------------ Dataset: ny ------------------------

shape: (1, 6), dtype: uint32
Data:[[3707764736          2          1          1       1404          1]] 
------------------------ Dataset: oxb ------------------------
shape: (13, 1), dtype: uint16
Data:[[54]
 [55]
 [55]
 [48]
 [46]
 [52]
 [52]
 [55]
 [48]
 [48]
 [55]
 [45]
 [49]] 
------------------------ Dataset: oxc ------------------------
shape: (27, 1), dtype: uint16
Data:[[54]
 [50]
 [56]
 [51]
 [46]
 [50]
 [49]
 [55]
 [56]
 [52]
 [55]
 [45]
 [48]
 [32]
 [54]
 [50]
 [56]
 [51]
 [46]
 [50]
 [50]
 [50]
 [48]
 [48]
 [53]
 [45]
 [49]] 
------------------------ Dataset: oxd ------------------------
shape: (33, 1), dtype: uint16
Data:[[54]
 [50]
 [57]
 [56]
 [46]
 [57]
 [57]
 [56]
 [52]
 [49]
 [50]
 [57]
 [57]
 [57]
 [57]
 [57]
 [57]
 [45]
 [48]
 [32]
 [54]
 [50]
 [57]
 [57]
 [46]
 [48]
 [48]
 [50]
 [52]
 [49]
 [52]
 [45]
 [49]] 
------------------------ Dataset: oxe ------------------------
shape: (27, 1), dtype: uint16
Data:[[54]
 [51]
 [49]
 [52]
 [46]
 [56]
 [54]
 [57]
 [56]
 [51]
 [52]
 [45]
 [48]
 [32]
 [54]
 [51]
 [49]
 [52]
 [46]
 [56]
 [54]
 [54]
 [49]
 [54]
 [52]
 [45]
 [49]] 
------------------------ Dataset: oxf ------------------------
shape: (27, 1), dtype: uint16
Data:[[54]
 [51]
 [51]
 [48]
 [46]
 [54]
 [57]
 [48]
 [56]
 [52]
 [50]
 [45]
 [48]
 [32]
 [54]
 [51]
 [51]
 [48]
 [46]
 [54]
 [57]
 [56]
 [49]
 [54]
 [51]
 [45]
 [49]] 
------------------------ Dataset: oxg ------------------------
shape: (34, 1), dtype: uint16
Data:[[54]
 [51]
 [52]
 [54]
 [46]
 [53]
 [51]
 [52]
 [48]
 [51]
 [54]
 [45]
 [48]
 [32]
 [54]
 [51]
 [52]
 [54]
 [46]
 [53]
 [51]
 [48]
 [50]
 [52]
 [48]
 [57]
 [57]
 [57]
 [57]
 [57]
 [57]
 [53]
 [45]
 [49]] 
------------------------ Dataset: oxh ------------------------
shape: (33, 1), dtype: uint16
Data:[[54]
 [53]
 [49]
 [49]
 [46]
 [54]
 [49]
 [56]
 [48]
 [51]
 [49]
 [45]
 [48]
 [32]
 [54]
 [53]
 [49]
 [49]
 [46]
 [54]
 [49]
 [51]
 [57]
 [55]
 [52]
 [57]
 [57]
 [57]
 [57]
 [57]
 [57]
 [45]
 [49]] 
------------------------ Dataset: oxi ------------------------
shape: (27, 1), dtype: uint16
Data:[[54]
 [53]
 [50]
 [55]
 [46]
 [52]
 [52]
 [57]
 [57]
 [55]
 [57]
 [45]
 [48]
 [32]
 [54]
 [53]
 [50]
 [55]
 [46]
 [52]
 [52]
 [54]
 [49]
 [52]
 [50]
 [45]
 [49]] 
------------------------ Dataset: oxj ------------------------
shape: (33, 1), dtype: uint16
Data:[[54]
 [48]
 [50]
 [51]
 [46]
 [48]
 [50]
 [49]
 [56]
 [55]
 [52]
 [57]
 [57]
 [57]
 [57]
 [57]
 [57]
 [45]
 [48]
 [32]
 [54]
 [48]
 [50]
 [51]
 [46]
 [48]
 [50]
 [53]
 [56]
 [53]
 [56]
 [45]
 [49]] 
------------------------ Dataset: oxk ------------------------
shape: (27, 1), dtype: uint16
Data:[[54]
 [48]
 [51]
 [56]
 [46]
 [55]
 [57]
 [53]
 [55]
 [55]
 [54]
 [45]
 [48]
 [32]
 [54]
 [48]
 [51]
 [56]
 [46]
 [55]
 [57]
 [56]
 [54]
 [50]
 [56]
 [45]
 [49]] 
------------------------ Dataset: oxl ------------------------
shape: (27, 1), dtype: uint16
Data:[[54]
 [48]
 [53]
 [52]
 [46]
 [52]
 [52]
 [55]
 [52]
 [51]
 [49]
 [45]
 [48]
 [32]
 [54]
 [48]
 [53]
 [52]
 [46]
 [52]
 [52]
 [51]
 [57]
 [55]
 [52]
 [45]
 [49]] 
------------------------ Dataset: oxm ------------------------
shape: (33, 1), dtype: uint16
Data:[[54]
 [48]
 [55]
 [48]
 [46]
 [51]
 [55]
 [56]
 [53]
 [56]
 [52]
 [45]
 [48]
 [32]
 [54]
 [48]
 [55]
 [48]
 [46]
 [51]
 [56]
 [49]
 [55]
 [55]
 [53]
 [57]
 [57]
 [57]
 [57]
 [57]
 [57]
 [45]
 [49]] 
------------------------ Dataset: oxn ------------------------
shape: (40, 1), dtype: uint16
Data:[[53]
 [54]
 [51]
 [49]
 [46]
 [50]
 [54]
 [49]
 [53]
 [53]
 [53]
 [57]
 [57]
 [57]
 [57]
 [57]
 [57]
 [53]
 [45]
 [48]
 [32]
 [53]
 [54]
 [51]
 [49]
 [46]
 [50]
 [53]
 [55]
 [56]
 [49]
 [50]
 [57]
 [57]
 [57]
 [57]
 [57]
 [57]
 [45]
 [49]] 
------------------------ Dataset: oxo ------------------------
shape: (27, 1), dtype: uint16
Data:[[53]
 [54]
 [52]
 [54]
 [46]
 [57]
 [50]
 [57]
 [53]
 [50]
 [57]
 [45]
 [48]
 [32]
 [53]
 [54]
 [52]
 [54]
 [46]
 [57]
 [51]
 [51]
 [53]
 [56]
 [56]
 [45]
 [49]] 
------------------------ Dataset: oxp ------------------------
shape: (27, 1), dtype: uint16
Data:[[53]
 [54]
 [54]
 [50]
 [46]
 [54]
 [55]
 [51]
 [54]
 [54]
 [55]
 [45]
 [48]
 [32]
 [53]
 [54]
 [54]
 [50]
 [46]
 [54]
 [54]
 [57]
 [53]
 [55]
 [53]
 [45]
 [49]] 
------------------------ Dataset: oxq ------------------------
shape: (27, 1), dtype: uint16
Data:[[53]
 [54]
 [55]
 [56]
 [46]
 [52]
 [49]
 [48]
 [55]
 [56]
 [52]
 [45]
 [48]
 [32]
 [53]
 [54]
 [55]
 [56]
 [46]
 [52]
 [49]
 [56]
 [49]
 [49]
 [57]
 [45]
 [49]] 
------------------------ Dataset: oxr ------------------------
shape: (41, 1), dtype: uint16
Data:[[53]
 [54]
 [57]
 [52]
 [46]
 [49]
 [53]
 [55]
 [56]
 [53]
 [52]
 [57]
 [57]
 [57]
 [57]
 [57]
 [57]
 [53]
 [45]
 [48]
 [32]
 [53]
 [54]
 [57]
 [52]
 [46]
 [49]
 [54]
 [53]
 [53]
 [55]
 [56]
 [57]
 [57]
 [57]
 [57]
 [57]
 [57]
 [53]
 [45]
 [49]] 
------------------------ Dataset: oxs ------------------------
shape: (34, 1), dtype: uint16
Data:[[54]
 [52]
 [49]
 [55]
 [46]
 [52]
 [55]
 [56]
 [50]
 [51]
 [51]
 [45]
 [48]
 [32]
 [54]
 [52]
 [49]
 [55]
 [46]
 [52]
 [55]
 [52]
 [50]
 [52]
 [55]
 [57]
 [57]
 [57]
 [57]
 [57]
 [57]
 [53]
 [45]
 [49]] 
------------------------ Dataset: oxt ------------------------
shape: (26, 1), dtype: uint16
Data:[[54]
 [54]
 [48]
 [57]
 [46]
 [53]
 [55]
 [48]
 [48]
 [54]
 [45]
 [48]
 [32]
 [54]
 [54]
 [48]
 [57]
 [46]
 [53]
 [54]
 [54]
 [48]
 [57]
 [55]
 [45]
 [49]] 
------------------------ Dataset: oxu ------------------------
shape: (40, 1), dtype: uint16
Data:[[54]
 [54]
 [50]
 [53]
 [46]
 [53]
 [49]
 [52]
 [52]
 [49]
 [57]
 [57]
 [57]
 [57]
 [57]
 [57]
 [57]
 [53]
 [45]
 [48]
 [32]
 [54]
 [54]
 [50]
 [53]
 [46]
 [53]
 [49]
 [48]
 [52]
 [54]
 [49]
 [57]
 [57]
 [57]
 [57]
 [57]
 [57]
 [45]
 [49]] 
------------------------ Dataset: oxv ------------------------
shape: (27, 1), dtype: uint16
Data:[[54]
 [54]
 [52]
 [49]
 [46]
 [50]
 [57]
 [48]
 [48]
 [55]
 [51]
 [45]
 [48]
 [32]
 [54]
 [54]
 [52]
 [49]
 [46]
 [50]
 [57]
 [52]
 [49]
 [48]
 [52]
 [45]
 [49]] 
------------------------ Dataset: oxw ------------------------
shape: (34, 1), dtype: uint16
Data:[[54]
 [54]
 [53]
 [54]
 [46]
 [57]
 [53]
 [49]
 [52]
 [54]
 [52]
 [45]
 [48]
 [32]
 [54]
 [54]
 [53]
 [54]
 [46]
 [57]
 [53]
 [49]
 [54]
 [50]
 [54]
 [57]
 [57]
 [57]
 [57]
 [57]
 [57]
 [53]
 [45]
 [49]] 
------------------------ Dataset: oxx ------------------------
shape: (33, 1), dtype: uint16
Data:[[54]
 [54]
 [55]
 [50]
 [46]
 [56]
 [53]
 [52]
 [49]
 [56]
 [55]
 [57]
 [57]
 [57]
 [57]
 [57]
 [57]
 [45]
 [48]
 [32]
 [54]
 [54]
 [55]
 [50]
 [46]
 [56]
 [53]
 [48]
 [51]
 [53]
 [57]
 [45]
 [49]] 
------------------------ Dataset: oxy ------------------------
shape: (33, 1), dtype: uint16
Data:[[54]
 [54]
 [56]
 [56]
 [46]
 [55]
 [53]
 [56]
 [48]
 [52]
 [51]
 [57]
 [57]
 [57]
 [57]
 [57]
 [57]
 [45]
 [48]
 [32]
 [54]
 [54]
 [56]
 [56]
 [46]
 [55]
 [53]
 [52]
 [48]
 [52]
 [50]
 [45]
 [49]] 
------------------------ Dataset: oxz ------------------------
shape: (26, 1), dtype: uint16
Data:[[53]
 [57]
 [48]
 [54]
 [46]
 [54]
 [54]
 [53]
 [48]
 [57]
 [57]
 [45]
 [48]
 [32]
 [53]
 [57]
 [48]
 [54]
 [46]
 [54]
 [53]
 [51]
 [57]
 [56]
 [45]
 [49]] 
------------------------ Dataset: oy ------------------------

shape: (1, 6), dtype: uint32
Data:[[3707764736          2          1          1       1405          1]] 
------------------------ Dataset: pxb ------------------------
shape: (13, 1), dtype: uint16
Data:[[54]
 [55]
 [55]
 [48]
 [46]
 [52]
 [53]
 [48]
 [52]
 [48]
 [53]
 [45]
 [48]] 
------------------------ Dataset: pxc ------------------------
shape: (27, 1), dtype: uint16
Data:[[54]
 [50]
 [56]
 [51]
 [46]
 [50]
 [50]
 [57]
 [54]
 [55]
 [56]
 [45]
 [48]
 [32]
 [54]
 [50]
 [56]
 [51]
 [46]
 [50]
 [50]
 [50]
 [48]
 [48]
 [53]
 [45]
 [49]] 
------------------------ Dataset: pxd ------------------------
shape: (33, 1), dtype: uint16
Data:[[54]
 [50]
 [57]
 [57]
 [46]
 [48]
 [48]
 [54]
 [50]
 [50]
 [55]
 [57]
 [57]
 [57]
 [57]
 [57]
 [57]
 [45]
 [48]
 [32]
 [54]
 [50]
 [57]
 [57]
 [46]
 [48]
 [48]
 [50]
 [52]
 [49]
 [52]
 [45]
 [49]] 
------------------------ Dataset: pxe ------------------------
shape: (27, 1), dtype: uint16
Data:[[54]
 [51]
 [49]
 [52]
 [46]
 [56]
 [54]
 [57]
 [56]
 [51]
 [52]
 [45]
 [48]
 [32]
 [54]
 [51]
 [49]
 [52]
 [46]
 [56]
 [55]
 [51]
 [57]
 [48]
 [52]
 [45]
 [49]] 
------------------------ Dataset: pxf ------------------------
shape: (27, 1), dtype: uint16
Data:[[54]
 [51]
 [51]
 [48]
 [46]
 [54]
 [57]
 [53]
 [52]
 [48]
 [49]
 [45]
 [48]
 [32]
 [54]
 [51]
 [51]
 [48]
 [46]
 [54]
 [57]
 [56]
 [49]
 [54]
 [51]
 [45]
 [49]] 
------------------------ Dataset: pxg ------------------------
shape: (27, 1), dtype: uint16
Data:[[54]
 [51]
 [52]
 [54]
 [46]
 [53]
 [51]
 [52]
 [48]
 [51]
 [54]
 [45]
 [48]
 [32]
 [54]
 [51]
 [52]
 [54]
 [46]
 [53]
 [51]
 [55]
 [57]
 [55]
 [54]
 [45]
 [49]] 
------------------------ Dataset: pxh ------------------------
shape: (33, 1), dtype: uint16
Data:[[54]
 [53]
 [49]
 [49]
 [46]
 [54]
 [49]
 [56]
 [48]
 [51]
 [49]
 [45]
 [48]
 [32]
 [54]
 [53]
 [49]
 [49]
 [46]
 [54]
 [50]
 [50]
 [49]
 [52]
 [52]
 [57]
 [57]
 [57]
 [57]
 [57]
 [57]
 [45]
 [49]] 
------------------------ Dataset: pxi ------------------------
shape: (34, 1), dtype: uint16
Data:[[54]
 [53]
 [50]
 [55]
 [46]
 [52]
 [52]
 [57]
 [57]
 [55]
 [57]
 [45]
 [48]
 [32]
 [54]
 [53]
 [50]
 [55]
 [46]
 [52]
 [53]
 [52]
 [48]
 [50]
 [56]
 [57]
 [57]
 [57]
 [57]
 [57]
 [57]
 [53]
 [45]
 [49]] 
------------------------ Dataset: pxj ------------------------
shape: (34, 1), dtype: uint16
Data:[[54]
 [48]
 [50]
 [51]
 [46]
 [48]
 [50]
 [57]
 [54]
 [53]
 [55]
 [57]
 [57]
 [57]
 [57]
 [57]
 [57]
 [53]
 [45]
 [48]
 [32]
 [54]
 [48]
 [50]
 [51]
 [46]
 [48]
 [50]
 [53]
 [56]
 [53]
 [56]
 [45]
 [49]] 
------------------------ Dataset: pxk ------------------------
shape: (26, 1), dtype: uint16
Data:[[54]
 [48]
 [51]
 [56]
 [46]
 [55]
 [57]
 [56]
 [54]
 [49]
 [45]
 [48]
 [32]
 [54]
 [48]
 [51]
 [56]
 [46]
 [55]
 [57]
 [56]
 [54]
 [50]
 [56]
 [45]
 [49]] 
------------------------ Dataset: pxl ------------------------
shape: (33, 1), dtype: uint16
Data:[[54]
 [48]
 [53]
 [52]
 [46]
 [52]
 [52]
 [55]
 [52]
 [51]
 [49]
 [45]
 [48]
 [32]
 [54]
 [48]
 [53]
 [52]
 [46]
 [52]
 [53]
 [49]
 [57]
 [54]
 [52]
 [57]
 [57]
 [57]
 [57]
 [57]
 [57]
 [45]
 [49]] 
------------------------ Dataset: pxm ------------------------
shape: (39, 1), dtype: uint16
Data:[[54]
 [48]
 [55]
 [48]
 [46]
 [51]
 [56]
 [53]
 [55]
 [53]
 [49]
 [57]
 [57]
 [57]
 [57]
 [57]
 [57]
 [45]
 [48]
 [32]
 [54]
 [48]
 [55]
 [48]
 [46]
 [51]
 [56]
 [49]
 [55]
 [55]
 [53]
 [57]
 [57]
 [57]
 [57]
 [57]
 [57]
 [45]
 [49]] 
------------------------ Dataset: pxn ------------------------
shape: (40, 1), dtype: uint16
Data:[[53]
 [54]
 [51]
 [49]
 [46]
 [50]
 [54]
 [49]
 [53]
 [53]
 [53]
 [57]
 [57]
 [57]
 [57]
 [57]
 [57]
 [53]
 [45]
 [48]
 [32]
 [53]
 [54]
 [51]
 [49]
 [46]
 [50]
 [54]
 [53]
 [54]
 [54]
 [56]
 [57]
 [57]
 [57]
 [57]
 [57]
 [57]
 [45]
 [49]] 
------------------------ Dataset: pxo ------------------------
shape: (33, 1), dtype: uint16
Data:[[53]
 [54]
 [52]
 [54]
 [46]
 [57]
 [51]
 [56]
 [57]
 [52]
 [48]
 [57]
 [57]
 [57]
 [57]
 [57]
 [57]
 [45]
 [48]
 [32]
 [53]
 [54]
 [52]
 [54]
 [46]
 [57]
 [51]
 [51]
 [53]
 [56]
 [56]
 [45]
 [49]] 
------------------------ Dataset: pxp ------------------------
shape: (27, 1), dtype: uint16
Data:[[53]
 [54]
 [54]
 [50]
 [46]
 [54]
 [55]
 [51]
 [54]
 [54]
 [55]
 [45]
 [48]
 [32]
 [53]
 [54]
 [54]
 [50]
 [46]
 [54]
 [55]
 [55]
 [53]
 [54]
 [55]
 [45]
 [49]] 
------------------------ Dataset: pxq ------------------------
shape: (27, 1), dtype: uint16
Data:[[53]
 [54]
 [55]
 [56]
 [46]
 [52]
 [50]
 [49]
 [51]
 [53]
 [49]
 [45]
 [48]
 [32]
 [53]
 [54]
 [55]
 [56]
 [46]
 [52]
 [49]
 [56]
 [49]
 [49]
 [57]
 [45]
 [49]] 
------------------------ Dataset: pxr ------------------------
shape: (34, 1), dtype: uint16
Data:[[53]
 [54]
 [57]
 [52]
 [46]
 [49]
 [54]
 [53]
 [53]
 [52]
 [51]
 [45]
 [48]
 [32]
 [53]
 [54]
 [57]
 [52]
 [46]
 [49]
 [54]
 [53]
 [53]
 [55]
 [56]
 [57]
 [57]
 [57]
 [57]
 [57]
 [57]
 [53]
 [45]
 [49]] 
------------------------ Dataset: pxs ------------------------
shape: (34, 1), dtype: uint16
Data:[[54]
 [52]
 [49]
 [55]
 [46]
 [52]
 [55]
 [56]
 [50]
 [51]
 [51]
 [45]
 [48]
 [32]
 [54]
 [52]
 [49]
 [55]
 [46]
 [52]
 [56]
 [50]
 [49]
 [55]
 [53]
 [57]
 [57]
 [57]
 [57]
 [57]
 [57]
 [53]
 [45]
 [49]] 
------------------------ Dataset: pxt ------------------------
shape: (26, 1), dtype: uint16
Data:[[54]
 [54]
 [48]
 [57]
 [46]
 [53]
 [55]
 [48]
 [48]
 [54]
 [45]
 [48]
 [32]
 [54]
 [54]
 [48]
 [57]
 [46]
 [53]
 [55]
 [52]
 [48]
 [57]
 [53]
 [45]
 [49]] 
------------------------ Dataset: pxu ------------------------
shape: (34, 1), dtype: uint16
Data:[[54]
 [54]
 [50]
 [53]
 [46]
 [53]
 [49]
 [52]
 [52]
 [49]
 [57]
 [57]
 [57]
 [57]
 [57]
 [57]
 [57]
 [53]
 [45]
 [48]
 [32]
 [54]
 [54]
 [50]
 [53]
 [46]
 [53]
 [49]
 [56]
 [48]
 [56]
 [54]
 [45]
 [49]] 
------------------------ Dataset: pxv ------------------------
shape: (27, 1), dtype: uint16
Data:[[54]
 [54]
 [52]
 [49]
 [46]
 [50]
 [57]
 [56]
 [48]
 [53]
 [52]
 [45]
 [48]
 [32]
 [54]
 [54]
 [52]
 [49]
 [46]
 [50]
 [57]
 [52]
 [49]
 [48]
 [52]
 [45]
 [49]] 
------------------------ Dataset: pxw ------------------------
shape: (34, 1), dtype: uint16
Data:[[54]
 [54]
 [53]
 [54]
 [46]
 [57]
 [53]
 [56]
 [49]
 [50]
 [55]
 [45]
 [48]
 [32]
 [54]
 [54]
 [53]
 [54]
 [46]
 [57]
 [53]
 [49]
 [54]
 [50]
 [54]
 [57]
 [57]
 [57]
 [57]
 [57]
 [57]
 [53]
 [45]
 [49]] 
------------------------ Dataset: pxx ------------------------
shape: (33, 1), dtype: uint16
Data:[[54]
 [54]
 [55]
 [50]
 [46]
 [56]
 [53]
 [52]
 [49]
 [56]
 [55]
 [57]
 [57]
 [57]
 [57]
 [57]
 [57]
 [45]
 [48]
 [32]
 [54]
 [54]
 [55]
 [50]
 [46]
 [56]
 [53]
 [56]
 [50]
 [51]
 [54]
 [45]
 [49]] 
------------------------ Dataset: pxy ------------------------
shape: (40, 1), dtype: uint16
Data:[[54]
 [54]
 [56]
 [56]
 [46]
 [55]
 [53]
 [56]
 [48]
 [52]
 [51]
 [57]
 [57]
 [57]
 [57]
 [57]
 [57]
 [45]
 [48]
 [32]
 [54]
 [54]
 [56]
 [56]
 [46]
 [55]
 [54]
 [50]
 [50]
 [48]
 [56]
 [57]
 [57]
 [57]
 [57]
 [57]
 [57]
 [53]
 [45]
 [49]] 
------------------------ Dataset: pxz ------------------------
shape: (27, 1), dtype: uint16
Data:[[53]
 [57]
 [48]
 [54]
 [46]
 [54]
 [54]
 [53]
 [48]
 [57]
 [57]
 [45]
 [48]
 [32]
 [53]
 [57]
 [48]
 [54]
 [46]
 [54]
 [54]
 [53]
 [50]
 [53]
 [56]
 [45]
 [49]] 
------------------------ Dataset: py ------------------------

shape: (1, 6), dtype: uint32
Data:[[3707764736          2          1          1       1406          1]] 
------------------------ Dataset: qxb ------------------------
shape: (13, 1), dtype: uint16
Data:[[54]
 [55]
 [55]
 [48]
 [46]
 [52]
 [53]
 [52]
 [50]
 [48]
 [52]
 [45]
 [49]] 
------------------------ Dataset: qxc ------------------------
shape: (27, 1), dtype: uint16
Data:[[54]
 [50]
 [56]
 [51]
 [46]
 [50]
 [50]
 [57]
 [54]
 [55]
 [56]
 [45]
 [48]
 [32]
 [54]
 [50]
 [56]
 [51]
 [46]
 [50]
 [51]
 [52]
 [49]
 [55]
 [53]
 [45]
 [49]] 
------------------------ Dataset: qxd ------------------------
shape: (33, 1), dtype: uint16
Data:[[54]
 [50]
 [57]
 [57]
 [46]
 [48]
 [48]
 [54]
 [50]
 [50]
 [55]
 [57]
 [57]
 [57]
 [57]
 [57]
 [57]
 [45]
 [48]
 [32]
 [54]
 [50]
 [57]
 [57]
 [46]
 [48]
 [48]
 [57]
 [57]
 [51]
 [55]
 [45]
 [49]] 
------------------------ Dataset: qxe ------------------------
shape: (27, 1), dtype: uint16
Data:[[54]
 [51]
 [49]
 [52]
 [46]
 [56]
 [55]
 [55]
 [56]
 [57]
 [56]
 [45]
 [48]
 [32]
 [54]
 [51]
 [49]
 [52]
 [46]
 [56]
 [55]
 [51]
 [57]
 [48]
 [52]
 [45]
 [49]] 
------------------------ Dataset: qxf ------------------------
shape: (33, 1), dtype: uint16
Data:[[54]
 [51]
 [51]
 [48]
 [46]
 [55]
 [48]
 [49]
 [57]
 [53]
 [57]
 [57]
 [57]
 [57]
 [57]
 [57]
 [57]
 [45]
 [48]
 [32]
 [54]
 [51]
 [51]
 [48]
 [46]
 [54]
 [57]
 [56]
 [49]
 [54]
 [51]
 [45]
 [49]] 
------------------------ Dataset: qxg ------------------------
shape: (33, 1), dtype: uint16
Data:[[54]
 [51]
 [52]
 [54]
 [46]
 [53]
 [52]
 [56]
 [57]
 [51]
 [48]
 [57]
 [57]
 [57]
 [57]
 [57]
 [57]
 [45]
 [48]
 [32]
 [54]
 [51]
 [52]
 [54]
 [46]
 [53]
 [51]
 [55]
 [57]
 [55]
 [54]
 [45]
 [49]] 
------------------------ Dataset: qxh ------------------------
shape: (32, 1), dtype: uint16
Data:[[54]
 [53]
 [49]
 [49]
 [46]
 [54]
 [51]
 [49]
 [56]
 [57]
 [45]
 [48]
 [32]
 [54]
 [53]
 [49]
 [49]
 [46]
 [54]
 [50]
 [50]
 [49]
 [52]
 [52]
 [57]
 [57]
 [57]
 [57]
 [57]
 [57]
 [45]
 [49]] 
------------------------ Dataset: qxi ------------------------
shape: (40, 1), dtype: uint16
Data:[[54]
 [53]
 [50]
 [55]
 [46]
 [52]
 [53]
 [55]
 [57]
 [55]
 [52]
 [57]
 [57]
 [57]
 [57]
 [57]
 [57]
 [45]
 [48]
 [32]
 [54]
 [53]
 [50]
 [55]
 [46]
 [52]
 [53]
 [52]
 [48]
 [50]
 [56]
 [57]
 [57]
 [57]
 [57]
 [57]
 [57]
 [53]
 [45]
 [49]] 
------------------------ Dataset: qxj ------------------------
shape: (41, 1), dtype: uint16
Data:[[54]
 [48]
 [50]
 [51]
 [46]
 [48]
 [50]
 [57]
 [54]
 [53]
 [55]
 [57]
 [57]
 [57]
 [57]
 [57]
 [57]
 [53]
 [45]
 [48]
 [32]
 [54]
 [48]
 [50]
 [51]
 [46]
 [48]
 [51]
 [52]
 [57]
 [55]
 [49]
 [57]
 [57]
 [57]
 [57]
 [57]
 [57]
 [53]
 [45]
 [49]] 
------------------------ Dataset: qxk ------------------------
shape: (27, 1), dtype: uint16
Data:[[54]
 [48]
 [51]
 [56]
 [46]
 [56]
 [48]
 [53]
 [56]
 [55]
 [55]
 [45]
 [48]
 [32]
 [54]
 [48]
 [51]
 [56]
 [46]
 [55]
 [57]
 [56]
 [54]
 [50]
 [56]
 [45]
 [49]] 
------------------------ Dataset: qxl ------------------------
shape: (33, 1), dtype: uint16
Data:[[54]
 [48]
 [53]
 [52]
 [46]
 [52]
 [53]
 [51]
 [55]
 [54]
 [57]
 [45]
 [48]
 [32]
 [54]
 [48]
 [53]
 [52]
 [46]
 [52]
 [53]
 [49]
 [57]
 [54]
 [52]
 [57]
 [57]
 [57]
 [57]
 [57]
 [57]
 [45]
 [49]] 
------------------------ Dataset: qxm ------------------------
shape: (33, 1), dtype: uint16
Data:[[54]
 [48]
 [55]
 [48]
 [46]
 [51]
 [56]
 [53]
 [55]
 [53]
 [49]
 [57]
 [57]
 [57]
 [57]
 [57]
 [57]
 [45]
 [48]
 [32]
 [54]
 [48]
 [55]
 [48]
 [46]
 [51]
 [56]
 [57]
 [55]
 [52]
 [49]
 [45]
 [49]] 
------------------------ Dataset: qxn ------------------------
shape: (39, 1), dtype: uint16
Data:[[53]
 [54]
 [51]
 [49]
 [46]
 [50]
 [54]
 [57]
 [53]
 [50]
 [56]
 [57]
 [57]
 [57]
 [57]
 [57]
 [57]
 [45]
 [48]
 [32]
 [53]
 [54]
 [51]
 [49]
 [46]
 [50]
 [54]
 [53]
 [54]
 [54]
 [56]
 [57]
 [57]
 [57]
 [57]
 [57]
 [57]
 [45]
 [49]] 
------------------------ Dataset: qxo ------------------------
shape: (39, 1), dtype: uint16
Data:[[53]
 [54]
 [52]
 [54]
 [46]
 [57]
 [51]
 [56]
 [57]
 [52]
 [48]
 [57]
 [57]
 [57]
 [57]
 [57]
 [57]
 [45]
 [48]
 [32]
 [53]
 [54]
 [52]
 [54]
 [46]
 [57]
 [52]
 [55]
 [53]
 [49]
 [56]
 [57]
 [57]
 [57]
 [57]
 [57]
 [57]
 [45]
 [49]] 
------------------------ Dataset: qxp ------------------------
shape: (33, 1), dtype: uint16
Data:[[53]
 [54]
 [54]
 [50]
 [46]
 [54]
 [56]
 [49]
 [53]
 [54]
 [48]
 [57]
 [57]
 [57]
 [57]
 [57]
 [57]
 [45]
 [48]
 [32]
 [53]
 [54]
 [54]
 [50]
 [46]
 [54]
 [55]
 [55]
 [53]
 [54]
 [55]
 [45]
 [49]] 
------------------------ Dataset: qxq ------------------------
shape: (27, 1), dtype: uint16
Data:[[53]
 [54]
 [55]
 [56]
 [46]
 [52]
 [50]
 [49]
 [51]
 [53]
 [49]
 [45]
 [48]
 [32]
 [53]
 [54]
 [55]
 [56]
 [46]
 [52]
 [50]
 [54]
 [54]
 [48]
 [56]
 [45]
 [49]] 
------------------------ Dataset: qxr ------------------------
shape: (34, 1), dtype: uint16
Data:[[53]
 [54]
 [57]
 [52]
 [46]
 [49]
 [55]
 [51]
 [53]
 [56]
 [49]
 [45]
 [48]
 [32]
 [53]
 [54]
 [57]
 [52]
 [46]
 [49]
 [54]
 [53]
 [53]
 [55]
 [56]
 [57]
 [57]
 [57]
 [57]
 [57]
 [57]
 [53]
 [45]
 [49]] 
------------------------ Dataset: qxs ------------------------
shape: (34, 1), dtype: uint16
Data:[[54]
 [52]
 [49]
 [55]
 [46]
 [52]
 [56]
 [54]
 [48]
 [56]
 [54]
 [45]
 [48]
 [32]
 [54]
 [52]
 [49]
 [55]
 [46]
 [52]
 [56]
 [50]
 [49]
 [55]
 [53]
 [57]
 [57]
 [57]
 [57]
 [57]
 [57]
 [53]
 [45]
 [49]] 
------------------------ Dataset: qxt ------------------------
shape: (27, 1), dtype: uint16
Data:[[54]
 [54]
 [48]
 [57]
 [46]
 [53]
 [55]
 [56]
 [48]
 [57]
 [50]
 [45]
 [48]
 [32]
 [54]
 [54]
 [48]
 [57]
 [46]
 [53]
 [55]
 [52]
 [48]
 [57]
 [53]
 [45]
 [49]] 
------------------------ Dataset: qxu ------------------------
shape: (33, 1), dtype: uint16
Data:[[54]
 [54]
 [50]
 [53]
 [46]
 [53]
 [50]
 [50]
 [48]
 [54]
 [50]
 [57]
 [57]
 [57]
 [57]
 [57]
 [57]
 [45]
 [48]
 [32]
 [54]
 [54]
 [50]
 [53]
 [46]
 [53]
 [49]
 [56]
 [48]
 [56]
 [54]
 [45]
 [49]] 
------------------------ Dataset: qxv ------------------------
shape: (33, 1), dtype: uint16
Data:[[54]
 [54]
 [52]
 [49]
 [46]
 [50]
 [57]
 [56]
 [48]
 [53]
 [52]
 [45]
 [48]
 [32]
 [54]
 [54]
 [52]
 [49]
 [46]
 [51]
 [48]
 [50]
 [49]
 [57]
 [55]
 [57]
 [57]
 [57]
 [57]
 [57]
 [57]
 [45]
 [49]] 
------------------------ Dataset: qxw ------------------------
shape: (33, 1), dtype: uint16
Data:[[54]
 [54]
 [53]
 [54]
 [46]
 [57]
 [53]
 [56]
 [49]
 [50]
 [55]
 [45]
 [48]
 [32]
 [54]
 [54]
 [53]
 [54]
 [46]
 [57]
 [53]
 [52]
 [55]
 [54]
 [49]
 [57]
 [57]
 [57]
 [57]
 [57]
 [57]
 [45]
 [49]] 
------------------------ Dataset: qxx ------------------------
shape: (26, 1), dtype: uint16
Data:[[54]
 [54]
 [55]
 [50]
 [46]
 [56]
 [54]
 [52]
 [56]
 [49]
 [45]
 [48]
 [32]
 [54]
 [54]
 [55]
 [50]
 [46]
 [56]
 [53]
 [56]
 [50]
 [51]
 [54]
 [45]
 [49]] 
------------------------ Dataset: qxy ------------------------
shape: (34, 1), dtype: uint16
Data:[[54]
 [54]
 [56]
 [56]
 [46]
 [55]
 [54]
 [54]
 [49]
 [49]
 [57]
 [45]
 [48]
 [32]
 [54]
 [54]
 [56]
 [56]
 [46]
 [55]
 [54]
 [50]
 [50]
 [48]
 [56]
 [57]
 [57]
 [57]
 [57]
 [57]
 [57]
 [53]
 [45]
 [49]] 
------------------------ Dataset: qxz ------------------------
shape: (27, 1), dtype: uint16
Data:[[53]
 [57]
 [48]
 [54]
 [46]
 [54]
 [54]
 [56]
 [48]
 [56]
 [49]
 [45]
 [48]
 [32]
 [53]
 [57]
 [48]
 [54]
 [46]
 [54]
 [54]
 [53]
 [50]
 [53]
 [56]
 [45]
 [49]] 
------------------------ Dataset: qy ------------------------

shape: (1, 6), dtype: uint32
Data:[[3707764736          2          1          1       1407          1]] 
------------------------ Dataset: rxb ------------------------
shape: (13, 1), dtype: uint16
Data:[[54]
 [55]
 [55]
 [48]
 [46]
 [52]
 [53]
 [56]
 [49]
 [53]
 [55]
 [45]
 [48]] 
------------------------ Dataset: rxc ------------------------
shape: (27, 1), dtype: uint16
Data:[[54]
 [50]
 [56]
 [51]
 [46]
 [50]
 [51]
 [52]
 [49]
 [57]
 [49]
 [45]
 [48]
 [32]
 [54]
 [50]
 [56]
 [51]
 [46]
 [50]
 [51]
 [52]
 [49]
 [55]
 [53]
 [45]
 [49]] 
------------------------ Dataset: rxd ------------------------
shape: (27, 1), dtype: uint16
Data:[[54]
 [50]
 [57]
 [57]
 [46]
 [48]
 [49]
 [51]
 [56]
 [52]
 [49]
 [45]
 [48]
 [32]
 [54]
 [50]
 [57]
 [57]
 [46]
 [48]
 [48]
 [57]
 [57]
 [51]
 [55]
 [45]
 [49]] 
------------------------ Dataset: rxe ------------------------
shape: (26, 1), dtype: uint16
Data:[[54]
 [51]
 [49]
 [52]
 [46]
 [56]
 [55]
 [55]
 [56]
 [57]
 [56]
 [45]
 [48]
 [32]
 [54]
 [51]
 [49]
 [52]
 [46]
 [56]
 [56]
 [50]
 [52]
 [57]
 [45]
 [49]] 
------------------------ Dataset: rxf ------------------------
shape: (39, 1), dtype: uint16
Data:[[54]
 [51]
 [51]
 [48]
 [46]
 [55]
 [48]
 [49]
 [57]
 [53]
 [57]
 [57]
 [57]
 [57]
 [57]
 [57]
 [57]
 [45]
 [48]
 [32]
 [54]
 [51]
 [51]
 [48]
 [46]
 [55]
 [48]
 [54]
 [56]
 [49]
 [49]
 [57]
 [57]
 [57]
 [57]
 [57]
 [57]
 [45]
 [49]] 
------------------------ Dataset: rxg ------------------------
shape: (39, 1), dtype: uint16
Data:[[54]
 [51]
 [52]
 [54]
 [46]
 [53]
 [52]
 [56]
 [57]
 [51]
 [48]
 [57]
 [57]
 [57]
 [57]
 [57]
 [57]
 [45]
 [48]
 [32]
 [54]
 [51]
 [52]
 [54]
 [46]
 [53]
 [52]
 [57]
 [48]
 [53]
 [54]
 [57]
 [57]
 [57]
 [57]
 [57]
 [57]
 [45]
 [49]] 
------------------------ Dataset: rxh ------------------------
shape: (25, 1), dtype: uint16
Data:[[54]
 [53]
 [49]
 [49]
 [46]
 [54]
 [51]
 [49]
 [56]
 [57]
 [45]
 [48]
 [32]
 [54]
 [53]
 [49]
 [49]
 [46]
 [54]
 [51]
 [50]
 [49]
 [51]
 [45]
 [49]] 
------------------------ Dataset: rxi ------------------------
shape: (39, 1), dtype: uint16
Data:[[54]
 [53]
 [50]
 [55]
 [46]
 [52]
 [53]
 [55]
 [57]
 [55]
 [52]
 [57]
 [57]
 [57]
 [57]
 [57]
 [57]
 [45]
 [48]
 [32]
 [54]
 [53]
 [50]
 [55]
 [46]
 [52]
 [54]
 [50]
 [51]
 [49]
 [51]
 [57]
 [57]
 [57]
 [57]
 [57]
 [57]
 [45]
 [49]] 
------------------------ Dataset: rxj ------------------------
shape: (40, 1), dtype: uint16
Data:[[54]
 [48]
 [50]
 [51]
 [46]
 [48]
 [52]
 [50]
 [53]
 [51]
 [51]
 [57]
 [57]
 [57]
 [57]
 [57]
 [57]
 [45]
 [48]
 [32]
 [54]
 [48]
 [50]
 [51]
 [46]
 [48]
 [51]
 [52]
 [57]
 [55]
 [49]
 [57]
 [57]
 [57]
 [57]
 [57]
 [57]
 [53]
 [45]
 [49]] 
------------------------ Dataset: rxk ------------------------
shape: (27, 1), dtype: uint16
Data:[[54]
 [48]
 [51]
 [56]
 [46]
 [56]
 [48]
 [53]
 [56]
 [55]
 [55]
 [45]
 [48]
 [32]
 [54]
 [48]
 [51]
 [56]
 [46]
 [56]
 [48]
 [50]
 [51]
 [55]
 [50]
 [45]
 [49]] 
------------------------ Dataset: rxl ------------------------
shape: (27, 1), dtype: uint16
Data:[[54]
 [48]
 [53]
 [52]
 [46]
 [52]
 [53]
 [51]
 [55]
 [54]
 [57]
 [45]
 [48]
 [32]
 [54]
 [48]
 [53]
 [52]
 [46]
 [52]
 [53]
 [56]
 [50]
 [48]
 [50]
 [45]
 [49]] 
------------------------ Dataset: rxm ------------------------
shape: (33, 1), dtype: uint16
Data:[[54]
 [48]
 [55]
 [48]
 [46]
 [51]
 [57]
 [51]
 [55]
 [53]
 [55]
 [57]
 [57]
 [57]
 [57]
 [57]
 [57]
 [45]
 [48]
 [32]
 [54]
 [48]
 [55]
 [48]
 [46]
 [51]
 [56]
 [57]
 [55]
 [52]
 [49]
 [45]
 [49]] 
------------------------ Dataset: rxn ------------------------
shape: (33, 1), dtype: uint16
Data:[[53]
 [54]
 [51]
 [49]
 [46]
 [50]
 [54]
 [57]
 [53]
 [50]
 [56]
 [57]
 [57]
 [57]
 [57]
 [57]
 [57]
 [45]
 [48]
 [32]
 [53]
 [54]
 [51]
 [49]
 [46]
 [50]
 [55]
 [51]
 [53]
 [52]
 [57]
 [45]
 [49]] 
------------------------ Dataset: rxo ------------------------
shape: (40, 1), dtype: uint16
Data:[[53]
 [54]
 [52]
 [54]
 [46]
 [57]
 [53]
 [49]
 [50]
 [50]
 [51]
 [57]
 [57]
 [57]
 [57]
 [57]
 [57]
 [53]
 [45]
 [48]
 [32]
 [53]
 [54]
 [52]
 [54]
 [46]
 [57]
 [52]
 [55]
 [53]
 [49]
 [56]
 [57]
 [57]
 [57]
 [57]
 [57]
 [57]
 [45]
 [49]] 
------------------------ Dataset: rxp ------------------------
shape: (39, 1), dtype: uint16
Data:[[53]
 [54]
 [54]
 [50]
 [46]
 [54]
 [56]
 [49]
 [53]
 [54]
 [48]
 [57]
 [57]
 [57]
 [57]
 [57]
 [57]
 [45]
 [48]
 [32]
 [53]
 [54]
 [54]
 [50]
 [46]
 [54]
 [56]
 [53]
 [53]
 [52]
 [52]
 [57]
 [57]
 [57]
 [57]
 [57]
 [57]
 [45]
 [49]] 
------------------------ Dataset: rxq ------------------------
shape: (27, 1), dtype: uint16
Data:[[53]
 [54]
 [55]
 [56]
 [46]
 [52]
 [51]
 [48]
 [53]
 [51]
 [51]
 [45]
 [48]
 [32]
 [53]
 [54]
 [55]
 [56]
 [46]
 [52]
 [50]
 [54]
 [54]
 [48]
 [56]
 [45]
 [49]] 
------------------------ Dataset: rxr ------------------------
shape: (27, 1), dtype: uint16
Data:[[53]
 [54]
 [57]
 [52]
 [46]
 [49]
 [55]
 [51]
 [53]
 [56]
 [49]
 [45]
 [48]
 [32]
 [53]
 [54]
 [57]
 [52]
 [46]
 [49]
 [55]
 [51]
 [53]
 [56]
 [57]
 [45]
 [49]] 
------------------------ Dataset: rxs ------------------------
shape: (34, 1), dtype: uint16
Data:[[54]
 [52]
 [49]
 [55]
 [46]
 [52]
 [56]
 [54]
 [48]
 [56]
 [54]
 [45]
 [48]
 [32]
 [54]
 [52]
 [49]
 [55]
 [46]
 [52]
 [56]
 [57]
 [57]
 [56]
 [50]
 [57]
 [57]
 [57]
 [57]
 [57]
 [57]
 [53]
 [45]
 [49]] 
------------------------ Dataset: rxt ------------------------
shape: (33, 1), dtype: uint16
Data:[[54]
 [54]
 [48]
 [57]
 [46]
 [53]
 [55]
 [56]
 [48]
 [57]
 [50]
 [45]
 [48]
 [32]
 [54]
 [54]
 [48]
 [57]
 [46]
 [53]
 [56]
 [50]
 [48]
 [56]
 [50]
 [57]
 [57]
 [57]
 [57]
 [57]
 [57]
 [45]
 [49]] 
------------------------ Dataset: rxu ------------------------
shape: (33, 1), dtype: uint16
Data:[[54]
 [54]
 [50]
 [53]
 [46]
 [53]
 [50]
 [50]
 [48]
 [54]
 [50]
 [57]
 [57]
 [57]
 [57]
 [57]
 [57]
 [45]
 [48]
 [32]
 [54]
 [54]
 [50]
 [53]
 [46]
 [53]
 [50]
 [54]
 [49]
 [49]
 [54]
 [45]
 [49]] 
------------------------ Dataset: rxv ------------------------
shape: (39, 1), dtype: uint16
Data:[[54]
 [54]
 [52]
 [49]
 [46]
 [51]
 [48]
 [54]
 [50]
 [54]
 [52]
 [57]
 [57]
 [57]
 [57]
 [57]
 [57]
 [45]
 [48]
 [32]
 [54]
 [54]
 [52]
 [49]
 [46]
 [51]
 [48]
 [50]
 [49]
 [57]
 [55]
 [57]
 [57]
 [57]
 [57]
 [57]
 [57]
 [45]
 [49]] 
------------------------ Dataset: rxw ------------------------
shape: (27, 1), dtype: uint16
Data:[[54]
 [54]
 [53]
 [54]
 [46]
 [57]
 [53]
 [56]
 [49]
 [50]
 [55]
 [45]
 [48]
 [32]
 [54]
 [54]
 [53]
 [54]
 [46]
 [57]
 [54]
 [50]
 [48]
 [56]
 [57]
 [45]
 [49]] 
------------------------ Dataset: rxx ------------------------
shape: (26, 1), dtype: uint16
Data:[[54]
 [54]
 [55]
 [50]
 [46]
 [56]
 [54]
 [52]
 [56]
 [49]
 [45]
 [48]
 [32]
 [54]
 [54]
 [55]
 [50]
 [46]
 [56]
 [54]
 [54]
 [51]
 [53]
 [52]
 [45]
 [49]] 
------------------------ Dataset: rxy ------------------------
shape: (27, 1), dtype: uint16
Data:[[54]
 [54]
 [56]
 [56]
 [46]
 [55]
 [54]
 [54]
 [49]
 [49]
 [57]
 [45]
 [48]
 [32]
 [54]
 [54]
 [56]
 [56]
 [46]
 [55]
 [55]
 [55]
 [49]
 [56]
 [53]
 [45]
 [49]] 
------------------------ Dataset: rxz ------------------------
shape: (27, 1), dtype: uint16
Data:[[53]
 [57]
 [48]
 [54]
 [46]
 [54]
 [54]
 [56]
 [48]
 [56]
 [49]
 [45]
 [48]
 [32]
 [53]
 [57]
 [48]
 [54]
 [46]
 [54]
 [54]
 [57]
 [56]
 [52]
 [54]
 [45]
 [49]] 
------------------------ Dataset: ry ------------------------

shape: (1, 6), dtype: uint32
Data:[[3707764736          2          1          1       1408          1]] 
------------------------ Dataset: sxb ------------------------
shape: (20, 1), dtype: uint16
Data:[[54]
 [55]
 [55]
 [48]
 [46]
 [52]
 [54]
 [50]
 [49]
 [57]
 [53]
 [57]
 [57]
 [57]
 [57]
 [57]
 [57]
 [53]
 [45]
 [49]] 
------------------------ Dataset: sxc ------------------------
shape: (34, 1), dtype: uint16
Data:[[54]
 [50]
 [56]
 [51]
 [46]
 [50]
 [51]
 [52]
 [49]
 [57]
 [49]
 [45]
 [48]
 [32]
 [54]
 [50]
 [56]
 [51]
 [46]
 [50]
 [51]
 [55]
 [57]
 [53]
 [57]
 [57]
 [57]
 [57]
 [57]
 [57]
 [57]
 [53]
 [45]
 [49]] 
------------------------ Dataset: sxd ------------------------
shape: (27, 1), dtype: uint16
Data:[[54]
 [50]
 [57]
 [57]
 [46]
 [48]
 [49]
 [51]
 [56]
 [52]
 [49]
 [45]
 [48]
 [32]
 [54]
 [50]
 [57]
 [57]
 [46]
 [48]
 [50]
 [49]
 [55]
 [48]
 [57]
 [45]
 [49]] 
------------------------ Dataset: sxe ------------------------
shape: (33, 1), dtype: uint16
Data:[[54]
 [51]
 [49]
 [52]
 [46]
 [56]
 [56]
 [54]
 [49]
 [55]
 [49]
 [57]
 [57]
 [57]
 [57]
 [57]
 [57]
 [53]
 [45]
 [48]
 [32]
 [54]
 [51]
 [49]
 [52]
 [46]
 [56]
 [56]
 [50]
 [52]
 [57]
 [45]
 [49]] 
------------------------ Dataset: sxf ------------------------
shape: (33, 1), dtype: uint16
Data:[[54]
 [51]
 [51]
 [48]
 [46]
 [55]
 [49]
 [48]
 [49]
 [50]
 [54]
 [45]
 [48]
 [32]
 [54]
 [51]
 [51]
 [48]
 [46]
 [55]
 [48]
 [54]
 [56]
 [49]
 [49]
 [57]
 [57]
 [57]
 [57]
 [57]
 [57]
 [45]
 [49]] 
------------------------ Dataset: sxg ------------------------
shape: (39, 1), dtype: uint16
Data:[[54]
 [51]
 [52]
 [54]
 [46]
 [53]
 [53]
 [50]
 [50]
 [53]
 [54]
 [57]
 [57]
 [57]
 [57]
 [57]
 [57]
 [45]
 [48]
 [32]
 [54]
 [51]
 [52]
 [54]
 [46]
 [53]
 [52]
 [57]
 [48]
 [53]
 [54]
 [57]
 [57]
 [57]
 [57]
 [57]
 [57]
 [45]
 [49]] 
------------------------ Dataset: sxh ------------------------
shape: (32, 1), dtype: uint16
Data:[[54]
 [53]
 [49]
 [49]
 [46]
 [54]
 [51]
 [53]
 [48]
 [56]
 [48]
 [57]
 [57]
 [57]
 [57]
 [57]
 [57]
 [45]
 [48]
 [32]
 [54]
 [53]
 [49]
 [49]
 [46]
 [54]
 [51]
 [50]
 [49]
 [51]
 [45]
 [49]] 
------------------------ Dataset: sxi ------------------------
shape: (33, 1), dtype: uint16
Data:[[54]
 [53]
 [50]
 [55]
 [46]
 [52]
 [54]
 [54]
 [48]
 [57]
 [50]
 [45]
 [48]
 [32]
 [54]
 [53]
 [50]
 [55]
 [46]
 [52]
 [54]
 [50]
 [51]
 [49]
 [51]
 [57]
 [57]
 [57]
 [57]
 [57]
 [57]
 [45]
 [49]] 
------------------------ Dataset: sxj ------------------------
shape: (31, 1), dtype: uint16
Data:[[54]
 [48]
 [50]
 [51]
 [46]
 [48]
 [52]
 [50]
 [53]
 [51]
 [51]
 [57]
 [57]
 [57]
 [57]
 [57]
 [57]
 [45]
 [48]
 [32]
 [54]
 [48]
 [50]
 [51]
 [46]
 [48]
 [52]
 [54]
 [49]
 [45]
 [49]] 
------------------------ Dataset: sxk ------------------------
shape: (33, 1), dtype: uint16
Data:[[54]
 [48]
 [51]
 [56]
 [46]
 [56]
 [48]
 [53]
 [56]
 [55]
 [55]
 [45]
 [48]
 [32]
 [54]
 [48]
 [51]
 [56]
 [46]
 [56]
 [48]
 [57]
 [56]
 [48]
 [48]
 [57]
 [57]
 [57]
 [57]
 [57]
 [57]
 [45]
 [49]] 
------------------------ Dataset: sxl ------------------------
shape: (34, 1), dtype: uint16
Data:[[54]
 [48]
 [53]
 [52]
 [46]
 [52]
 [53]
 [57]
 [51]
 [50]
 [51]
 [57]
 [57]
 [57]
 [57]
 [57]
 [57]
 [53]
 [45]
 [48]
 [32]
 [54]
 [48]
 [53]
 [52]
 [46]
 [52]
 [53]
 [56]
 [50]
 [48]
 [50]
 [45]
 [49]] 
------------------------ Dataset: sxm ------------------------
shape: (39, 1), dtype: uint16
Data:[[54]
 [48]
 [55]
 [48]
 [46]
 [51]
 [57]
 [51]
 [55]
 [53]
 [55]
 [57]
 [57]
 [57]
 [57]
 [57]
 [57]
 [45]
 [48]
 [32]
 [54]
 [48]
 [55]
 [48]
 [46]
 [51]
 [57]
 [55]
 [55]
 [52]
 [55]
 [57]
 [57]
 [57]
 [57]
 [57]
 [57]
 [45]
 [49]] 
------------------------ Dataset: sxn ------------------------
shape: (27, 1), dtype: uint16
Data:[[53]
 [54]
 [51]
 [49]
 [46]
 [50]
 [55]
 [55]
 [53]
 [52]
 [56]
 [45]
 [48]
 [32]
 [53]
 [54]
 [51]
 [49]
 [46]
 [50]
 [55]
 [51]
 [53]
 [52]
 [57]
 [45]
 [49]] 
------------------------ Dataset: sxo ------------------------
shape: (40, 1), dtype: uint16
Data:[[53]
 [54]
 [52]
 [54]
 [46]
 [57]
 [53]
 [49]
 [50]
 [50]
 [51]
 [57]
 [57]
 [57]
 [57]
 [57]
 [57]
 [53]
 [45]
 [48]
 [32]
 [53]
 [54]
 [52]
 [54]
 [46]
 [57]
 [53]
 [53]
 [56]
 [57]
 [50]
 [57]
 [57]
 [57]
 [57]
 [57]
 [57]
 [45]
 [49]] 
------------------------ Dataset: sxp ------------------------
shape: (33, 1), dtype: uint16
Data:[[53]
 [54]
 [54]
 [50]
 [46]
 [54]
 [57]
 [52]
 [56]
 [52]
 [52]
 [45]
 [48]
 [32]
 [53]
 [54]
 [54]
 [50]
 [46]
 [54]
 [56]
 [53]
 [53]
 [52]
 [52]
 [57]
 [57]
 [57]
 [57]
 [57]
 [57]
 [45]
 [49]] 
------------------------ Dataset: sxq ------------------------
shape: (27, 1), dtype: uint16
Data:[[53]
 [54]
 [55]
 [56]
 [46]
 [52]
 [51]
 [48]
 [53]
 [51]
 [51]
 [45]
 [48]
 [32]
 [53]
 [54]
 [55]
 [56]
 [46]
 [52]
 [51]
 [53]
 [48]
 [49]
 [52]
 [45]
 [49]] 
------------------------ Dataset: sxr ------------------------
shape: (27, 1), dtype: uint16
Data:[[53]
 [54]
 [57]
 [52]
 [46]
 [49]
 [56]
 [49]
 [53]
 [53]
 [52]
 [45]
 [48]
 [32]
 [53]
 [54]
 [57]
 [52]
 [46]
 [49]
 [55]
 [51]
 [53]
 [56]
 [57]
 [45]
 [49]] 
------------------------ Dataset: sxs ------------------------
shape: (34, 1), dtype: uint16
Data:[[54]
 [52]
 [49]
 [55]
 [46]
 [52]
 [57]
 [52]
 [48]
 [57]
 [57]
 [45]
 [48]
 [32]
 [54]
 [52]
 [49]
 [55]
 [46]
 [52]
 [56]
 [57]
 [57]
 [56]
 [50]
 [57]
 [57]
 [57]
 [57]
 [57]
 [57]
 [53]
 [45]
 [49]] 
------------------------ Dataset: sxt ------------------------
shape: (33, 1), dtype: uint16
Data:[[54]
 [54]
 [48]
 [57]
 [46]
 [53]
 [56]
 [54]
 [49]
 [53]
 [53]
 [45]
 [48]
 [32]
 [54]
 [54]
 [48]
 [57]
 [46]
 [53]
 [56]
 [50]
 [48]
 [56]
 [50]
 [57]
 [57]
 [57]
 [57]
 [57]
 [57]
 [45]
 [49]] 
------------------------ Dataset: sxu ------------------------
shape: (27, 1), dtype: uint16
Data:[[54]
 [54]
 [50]
 [53]
 [46]
 [53]
 [51]
 [48]
 [48]
 [51]
 [50]
 [45]
 [48]
 [32]
 [54]
 [54]
 [50]
 [53]
 [46]
 [53]
 [50]
 [54]
 [49]
 [49]
 [54]
 [45]
 [49]] 
------------------------ Dataset: sxv ------------------------
shape: (33, 1), dtype: uint16
Data:[[54]
 [54]
 [52]
 [49]
 [46]
 [51]
 [48]
 [54]
 [50]
 [54]
 [52]
 [57]
 [57]
 [57]
 [57]
 [57]
 [57]
 [45]
 [48]
 [32]
 [54]
 [54]
 [52]
 [49]
 [46]
 [51]
 [49]
 [51]
 [55]
 [54]
 [51]
 [45]
 [49]] 
------------------------ Dataset: sxw ------------------------
shape: (27, 1), dtype: uint16
Data:[[54]
 [54]
 [53]
 [54]
 [46]
 [57]
 [54]
 [54]
 [48]
 [48]
 [57]
 [45]
 [48]
 [32]
 [54]
 [54]
 [53]
 [54]
 [46]
 [57]
 [54]
 [50]
 [48]
 [56]
 [57]
 [45]
 [49]] 
------------------------ Dataset: sxx ------------------------
shape: (27, 1), dtype: uint16
Data:[[54]
 [54]
 [55]
 [50]
 [46]
 [56]
 [55]
 [48]
 [50]
 [49]
 [56]
 [45]
 [48]
 [32]
 [54]
 [54]
 [55]
 [50]
 [46]
 [56]
 [54]
 [54]
 [51]
 [53]
 [52]
 [45]
 [49]] 
------------------------ Dataset: sxy ------------------------
shape: (27, 1), dtype: uint16
Data:[[54]
 [54]
 [56]
 [56]
 [46]
 [55]
 [55]
 [55]
 [51]
 [50]
 [50]
 [45]
 [48]
 [32]
 [54]
 [54]
 [56]
 [56]
 [46]
 [55]
 [55]
 [55]
 [49]
 [56]
 [53]
 [45]
 [49]] 
------------------------ Dataset: sxz ------------------------
shape: (27, 1), dtype: uint16
Data:[[53]
 [57]
 [48]
 [54]
 [46]
 [54]
 [55]
 [51]
 [55]
 [52]
 [55]
 [45]
 [48]
 [32]
 [53]
 [57]
 [48]
 [54]
 [46]
 [54]
 [54]
 [57]
 [56]
 [52]
 [54]
 [45]
 [49]] 
------------------------ Dataset: sy ------------------------

shape: (1, 6), dtype: uint32
Data:[[3707764736          2          1          1       1409          1]] 
------------------------ Dataset: txb ------------------------
shape: (20, 1), dtype: uint16
Data:[[54]
 [55]
 [55]
 [48]
 [46]
 [52]
 [54]
 [54]
 [49]
 [51]
 [57]
 [57]
 [57]
 [57]
 [57]
 [57]
 [57]
 [53]
 [45]
 [48]] 
------------------------ Dataset: txc ------------------------
shape: (34, 1), dtype: uint16
Data:[[54]
 [50]
 [56]
 [51]
 [46]
 [50]
 [52]
 [49]
 [57]
 [53]
 [51]
 [45]
 [48]
 [32]
 [54]
 [50]
 [56]
 [51]
 [46]
 [50]
 [51]
 [55]
 [57]
 [53]
 [57]
 [57]
 [57]
 [57]
 [57]
 [57]
 [57]
 [53]
 [45]
 [49]] 
------------------------ Dataset: txd ------------------------
shape: (27, 1), dtype: uint16
Data:[[54]
 [50]
 [57]
 [57]
 [46]
 [48]
 [50]
 [53]
 [48]
 [55]
 [49]
 [45]
 [48]
 [32]
 [54]
 [50]
 [57]
 [57]
 [46]
 [48]
 [50]
 [49]
 [55]
 [48]
 [57]
 [45]
 [49]] 
------------------------ Dataset: txe ------------------------
shape: (34, 1), dtype: uint16
Data:[[54]
 [51]
 [49]
 [52]
 [46]
 [56]
 [56]
 [54]
 [49]
 [55]
 [49]
 [57]
 [57]
 [57]
 [57]
 [57]
 [57]
 [53]
 [45]
 [48]
 [32]
 [54]
 [51]
 [49]
 [52]
 [46]
 [56]
 [56]
 [57]
 [57]
 [57]
 [51]
 [45]
 [49]] 
------------------------ Dataset: txf ------------------------
shape: (27, 1), dtype: uint16
Data:[[54]
 [51]
 [51]
 [48]
 [46]
 [55]
 [49]
 [48]
 [49]
 [50]
 [54]
 [45]
 [48]
 [32]
 [54]
 [51]
 [51]
 [48]
 [46]
 [55]
 [49]
 [56]
 [57]
 [50]
 [50]
 [45]
 [49]] 
------------------------ Dataset: txg ------------------------
shape: (33, 1), dtype: uint16
Data:[[54]
 [51]
 [52]
 [54]
 [46]
 [53]
 [53]
 [50]
 [50]
 [53]
 [54]
 [57]
 [57]
 [57]
 [57]
 [57]
 [57]
 [45]
 [48]
 [32]
 [54]
 [51]
 [52]
 [54]
 [46]
 [53]
 [53]
 [52]
 [49]
 [50]
 [51]
 [45]
 [49]] 
------------------------ Dataset: txh ------------------------
shape: (40, 1), dtype: uint16
Data:[[54]
 [53]
 [49]
 [49]
 [46]
 [54]
 [51]
 [53]
 [48]
 [56]
 [48]
 [57]
 [57]
 [57]
 [57]
 [57]
 [57]
 [45]
 [48]
 [32]
 [54]
 [53]
 [49]
 [49]
 [46]
 [54]
 [51]
 [56]
 [48]
 [50]
 [50]
 [57]
 [57]
 [57]
 [57]
 [57]
 [57]
 [53]
 [45]
 [49]] 
------------------------ Dataset: txi ------------------------
shape: (33, 1), dtype: uint16
Data:[[54]
 [53]
 [50]
 [55]
 [46]
 [52]
 [54]
 [54]
 [48]
 [57]
 [50]
 [45]
 [48]
 [32]
 [54]
 [53]
 [50]
 [55]
 [46]
 [52]
 [54]
 [57]
 [57]
 [57]
 [54]
 [57]
 [57]
 [57]
 [57]
 [57]
 [57]
 [45]
 [49]] 
------------------------ Dataset: txj ------------------------
shape: (24, 1), dtype: uint16
Data:[[54]
 [48]
 [50]
 [51]
 [46]
 [48]
 [53]
 [49]
 [48]
 [53]
 [45]
 [48]
 [32]
 [54]
 [48]
 [50]
 [51]
 [46]
 [48]
 [52]
 [54]
 [49]
 [45]
 [49]] 
------------------------ Dataset: txk ------------------------
shape: (39, 1), dtype: uint16
Data:[[54]
 [48]
 [51]
 [56]
 [46]
 [56]
 [49]
 [51]
 [56]
 [51]
 [50]
 [57]
 [57]
 [57]
 [57]
 [57]
 [57]
 [45]
 [48]
 [32]
 [54]
 [48]
 [51]
 [56]
 [46]
 [56]
 [48]
 [57]
 [56]
 [48]
 [48]
 [57]
 [57]
 [57]
 [57]
 [57]
 [57]
 [45]
 [49]] 
------------------------ Dataset: txl ------------------------
shape: (34, 1), dtype: uint16
Data:[[54]
 [48]
 [53]
 [52]
 [46]
 [52]
 [53]
 [57]
 [51]
 [50]
 [51]
 [57]
 [57]
 [57]
 [57]
 [57]
 [57]
 [53]
 [45]
 [48]
 [32]
 [54]
 [48]
 [53]
 [52]
 [46]
 [52]
 [54]
 [51]
 [52]
 [52]
 [55]
 [45]
 [49]] 
------------------------ Dataset: txm ------------------------
shape: (33, 1), dtype: uint16
Data:[[54]
 [48]
 [55]
 [48]
 [46]
 [52]
 [48]
 [49]
 [54]
 [57]
 [56]
 [45]
 [48]
 [32]
 [54]
 [48]
 [55]
 [48]
 [46]
 [51]
 [57]
 [55]
 [55]
 [52]
 [55]
 [57]
 [57]
 [57]
 [57]
 [57]
 [57]
 [45]
 [49]] 
------------------------ Dataset: txn ------------------------
shape: (27, 1), dtype: uint16
Data:[[53]
 [54]
 [51]
 [49]
 [46]
 [50]
 [55]
 [55]
 [53]
 [52]
 [56]
 [45]
 [48]
 [32]
 [53]
 [54]
 [51]
 [49]
 [46]
 [50]
 [56]
 [49]
 [54]
 [55]
 [49]
 [45]
 [49]] 
------------------------ Dataset: txo ------------------------
shape: (39, 1), dtype: uint16
Data:[[53]
 [54]
 [52]
 [54]
 [46]
 [57]
 [53]
 [57]
 [54]
 [52]
 [53]
 [57]
 [57]
 [57]
 [57]
 [57]
 [57]
 [45]
 [48]
 [32]
 [53]
 [54]
 [52]
 [54]
 [46]
 [57]
 [53]
 [53]
 [56]
 [57]
 [50]
 [57]
 [57]
 [57]
 [57]
 [57]
 [57]
 [45]
 [49]] 
------------------------ Dataset: txp ------------------------
shape: (33, 1), dtype: uint16
Data:[[53]
 [54]
 [54]
 [50]
 [46]
 [54]
 [57]
 [52]
 [56]
 [52]
 [52]
 [45]
 [48]
 [32]
 [53]
 [54]
 [54]
 [50]
 [46]
 [54]
 [57]
 [52]
 [57]
 [48]
 [49]
 [57]
 [57]
 [57]
 [57]
 [57]
 [57]
 [45]
 [49]] 
------------------------ Dataset: txq ------------------------
shape: (33, 1), dtype: uint16
Data:[[53]
 [54]
 [55]
 [56]
 [46]
 [52]
 [51]
 [56]
 [52]
 [51]
 [55]
 [57]
 [57]
 [57]
 [57]
 [57]
 [57]
 [45]
 [48]
 [32]
 [53]
 [54]
 [55]
 [56]
 [46]
 [52]
 [51]
 [53]
 [48]
 [49]
 [52]
 [45]
 [49]] 
------------------------ Dataset: txr ------------------------
shape: (33, 1), dtype: uint16
Data:[[53]
 [54]
 [57]
 [52]
 [46]
 [49]
 [56]
 [49]
 [53]
 [53]
 [52]
 [45]
 [48]
 [32]
 [53]
 [54]
 [57]
 [52]
 [46]
 [49]
 [56]
 [49]
 [53]
 [53]
 [55]
 [57]
 [57]
 [57]
 [57]
 [57]
 [57]
 [45]
 [49]] 
------------------------ Dataset: txs ------------------------
shape: (27, 1), dtype: uint16
Data:[[54]
 [52]
 [49]
 [55]
 [46]
 [52]
 [57]
 [52]
 [48]
 [57]
 [57]
 [45]
 [48]
 [32]
 [54]
 [52]
 [49]
 [55]
 [46]
 [52]
 [57]
 [56]
 [49]
 [48]
 [54]
 [45]
 [49]] 
------------------------ Dataset: txt ------------------------
shape: (34, 1), dtype: uint16
Data:[[54]
 [54]
 [48]
 [57]
 [46]
 [53]
 [56]
 [54]
 [49]
 [53]
 [53]
 [45]
 [48]
 [32]
 [54]
 [54]
 [48]
 [57]
 [46]
 [53]
 [57]
 [54]
 [49]
 [56]
 [55]
 [57]
 [57]
 [57]
 [57]
 [57]
 [57]
 [53]
 [45]
 [49]] 
------------------------ Dataset: txu ------------------------
shape: (34, 1), dtype: uint16
Data:[[54]
 [54]
 [50]
 [53]
 [46]
 [53]
 [51]
 [48]
 [48]
 [51]
 [50]
 [45]
 [48]
 [32]
 [54]
 [54]
 [50]
 [53]
 [46]
 [53]
 [51]
 [52]
 [48]
 [57]
 [48]
 [57]
 [57]
 [57]
 [57]
 [57]
 [57]
 [53]
 [45]
 [49]] 
------------------------ Dataset: txv ------------------------
shape: (33, 1), dtype: uint16
Data:[[54]
 [54]
 [52]
 [49]
 [46]
 [51]
 [49]
 [52]
 [50]
 [53]
 [52]
 [57]
 [57]
 [57]
 [57]
 [57]
 [57]
 [45]
 [48]
 [32]
 [54]
 [54]
 [52]
 [49]
 [46]
 [51]
 [49]
 [51]
 [55]
 [54]
 [51]
 [45]
 [49]] 
------------------------ Dataset: txw ------------------------
shape: (34, 1), dtype: uint16
Data:[[54]
 [54]
 [53]
 [54]
 [46]
 [57]
 [54]
 [54]
 [48]
 [48]
 [57]
 [45]
 [48]
 [32]
 [54]
 [54]
 [53]
 [54]
 [46]
 [57]
 [55]
 [48]
 [48]
 [51]
 [55]
 [57]
 [57]
 [57]
 [57]
 [57]
 [57]
 [53]
 [45]
 [49]] 
------------------------ Dataset: txx ------------------------
shape: (33, 1), dtype: uint16
Data:[[54]
 [54]
 [55]
 [50]
 [46]
 [56]
 [55]
 [48]
 [50]
 [49]
 [56]
 [45]
 [48]
 [32]
 [54]
 [54]
 [55]
 [50]
 [46]
 [56]
 [55]
 [52]
 [49]
 [51]
 [50]
 [57]
 [57]
 [57]
 [57]
 [57]
 [57]
 [45]
 [49]] 
------------------------ Dataset: txy ------------------------
shape: (27, 1), dtype: uint16
Data:[[54]
 [54]
 [56]
 [56]
 [46]
 [55]
 [55]
 [55]
 [51]
 [50]
 [50]
 [45]
 [48]
 [32]
 [54]
 [54]
 [56]
 [56]
 [46]
 [55]
 [56]
 [48]
 [55]
 [48]
 [55]
 [45]
 [49]] 
------------------------ Dataset: txz ------------------------
shape: (27, 1), dtype: uint16
Data:[[53]
 [57]
 [48]
 [54]
 [46]
 [54]
 [55]
 [51]
 [55]
 [52]
 [55]
 [45]
 [48]
 [32]
 [53]
 [57]
 [48]
 [54]
 [46]
 [54]
 [55]
 [55]
 [55]
 [54]
 [51]
 [45]
 [49]] 
------------------------ Dataset: ty ------------------------

shape: (1, 6), dtype: uint32
Data:[[3707764736          2          1          1       1410          1]] 
------------------------ Dataset: uxb ------------------------
shape: (13, 1), dtype: uint16
Data:[[54]
 [55]
 [55]
 [48]
 [46]
 [52]
 [55]
 [53]
 [55]
 [48]
 [51]
 [45]
 [49]] 
------------------------ Dataset: uxc ------------------------
shape: (34, 1), dtype: uint16
Data:[[54]
 [50]
 [56]
 [51]
 [46]
 [50]
 [52]
 [49]
 [57]
 [53]
 [51]
 [45]
 [48]
 [32]
 [54]
 [50]
 [56]
 [51]
 [46]
 [50]
 [52]
 [53]
 [56]
 [54]
 [51]
 [57]
 [57]
 [57]
 [57]
 [57]
 [57]
 [53]
 [45]
 [49]] 
------------------------ Dataset: uxd ------------------------
shape: (27, 1), dtype: uint16
Data:[[54]
 [50]
 [57]
 [57]
 [46]
 [48]
 [50]
 [53]
 [48]
 [55]
 [49]
 [45]
 [48]
 [32]
 [54]
 [50]
 [57]
 [57]
 [46]
 [48]
 [50]
 [53]
 [56]
 [56]
 [57]
 [45]
 [49]] 
------------------------ Dataset: uxe ------------------------
shape: (33, 1), dtype: uint16
Data:[[54]
 [51]
 [49]
 [52]
 [46]
 [56]
 [57]
 [54]
 [48]
 [55]
 [51]
 [57]
 [57]
 [57]
 [57]
 [57]
 [57]
 [45]
 [48]
 [32]
 [54]
 [51]
 [49]
 [52]
 [46]
 [56]
 [56]
 [57]
 [57]
 [57]
 [51]
 [45]
 [49]] 
------------------------ Dataset: uxf ------------------------
shape: (33, 1), dtype: uint16
Data:[[54]
 [51]
 [51]
 [48]
 [46]
 [55]
 [49]
 [57]
 [48]
 [57]
 [57]
 [57]
 [57]
 [57]
 [57]
 [57]
 [57]
 [45]
 [48]
 [32]
 [54]
 [51]
 [51]
 [48]
 [46]
 [55]
 [49]
 [56]
 [57]
 [50]
 [50]
 [45]
 [49]] 
------------------------ Dataset: uxg ------------------------
shape: (33, 1), dtype: uint16
Data:[[54]
 [51]
 [52]
 [54]
 [46]
 [53]
 [53]
 [56]
 [55]
 [49]
 [50]
 [57]
 [57]
 [57]
 [57]
 [57]
 [57]
 [45]
 [48]
 [32]
 [54]
 [51]
 [52]
 [54]
 [46]
 [53]
 [53]
 [52]
 [49]
 [50]
 [51]
 [45]
 [49]] 
------------------------ Dataset: uxh ------------------------
shape: (40, 1), dtype: uint16
Data:[[54]
 [53]
 [49]
 [49]
 [46]
 [54]
 [52]
 [50]
 [48]
 [56]
 [49]
 [57]
 [57]
 [57]
 [57]
 [57]
 [57]
 [45]
 [48]
 [32]
 [54]
 [53]
 [49]
 [49]
 [46]
 [54]
 [51]
 [56]
 [48]
 [50]
 [50]
 [57]
 [57]
 [57]
 [57]
 [57]
 [57]
 [53]
 [45]
 [49]] 
------------------------ Dataset: uxi ------------------------
shape: (39, 1), dtype: uint16
Data:[[54]
 [53]
 [50]
 [55]
 [46]
 [52]
 [55]
 [51]
 [57]
 [57]
 [57]
 [57]
 [57]
 [57]
 [57]
 [57]
 [57]
 [45]
 [48]
 [32]
 [54]
 [53]
 [50]
 [55]
 [46]
 [52]
 [54]
 [57]
 [57]
 [57]
 [54]
 [57]
 [57]
 [57]
 [57]
 [57]
 [57]
 [45]
 [49]] 
------------------------ Dataset: uxj ------------------------
shape: (32, 1), dtype: uint16
Data:[[54]
 [48]
 [50]
 [51]
 [46]
 [48]
 [53]
 [49]
 [48]
 [53]
 [45]
 [48]
 [32]
 [54]
 [48]
 [50]
 [51]
 [46]
 [48]
 [53]
 [51]
 [56]
 [55]
 [54]
 [57]
 [57]
 [57]
 [57]
 [57]
 [57]
 [45]
 [49]] 
------------------------ Dataset: uxk ------------------------
shape: (33, 1), dtype: uint16
Data:[[54]
 [48]
 [51]
 [56]
 [46]
 [56]
 [49]
 [51]
 [56]
 [51]
 [50]
 [57]
 [57]
 [57]
 [57]
 [57]
 [57]
 [45]
 [48]
 [32]
 [54]
 [48]
 [51]
 [56]
 [46]
 [56]
 [49]
 [56]
 [54]
 [50]
 [53]
 [45]
 [49]] 
------------------------ Dataset: uxl ------------------------
shape: (27, 1), dtype: uint16
Data:[[54]
 [48]
 [53]
 [52]
 [46]
 [52]
 [54]
 [54]
 [50]
 [51]
 [53]
 [45]
 [48]
 [32]
 [54]
 [48]
 [53]
 [52]
 [46]
 [52]
 [54]
 [51]
 [52]
 [52]
 [55]
 [45]
 [49]] 
------------------------ Dataset: uxm ------------------------
shape: (33, 1), dtype: uint16
Data:[[54]
 [48]
 [55]
 [48]
 [46]
 [52]
 [48]
 [49]
 [54]
 [57]
 [56]
 [45]
 [48]
 [32]
 [54]
 [48]
 [55]
 [48]
 [46]
 [52]
 [48]
 [53]
 [55]
 [48]
 [50]
 [57]
 [57]
 [57]
 [57]
 [57]
 [57]
 [45]
 [49]] 
------------------------ Dataset: uxn ------------------------
shape: (33, 1), dtype: uint16
Data:[[53]
 [54]
 [51]
 [49]
 [46]
 [50]
 [56]
 [53]
 [53]
 [51]
 [53]
 [57]
 [57]
 [57]
 [57]
 [57]
 [57]
 [45]
 [48]
 [32]
 [53]
 [54]
 [51]
 [49]
 [46]
 [50]
 [56]
 [49]
 [54]
 [55]
 [49]
 [45]
 [49]] 
------------------------ Dataset: uxo ------------------------
shape: (33, 1), dtype: uint16
Data:[[53]
 [54]
 [52]
 [54]
 [46]
 [57]
 [53]
 [57]
 [54]
 [52]
 [53]
 [57]
 [57]
 [57]
 [57]
 [57]
 [57]
 [45]
 [48]
 [32]
 [53]
 [54]
 [52]
 [54]
 [46]
 [57]
 [54]
 [50]
 [55]
 [56]
 [50]
 [45]
 [49]] 
------------------------ Dataset: uxp ------------------------
shape: (39, 1), dtype: uint16
Data:[[53]
 [54]
 [54]
 [50]
 [46]
 [54]
 [57]
 [56]
 [48]
 [48]
 [55]
 [57]
 [57]
 [57]
 [57]
 [57]
 [57]
 [45]
 [48]
 [32]
 [53]
 [54]
 [54]
 [50]
 [46]
 [54]
 [57]
 [52]
 [57]
 [48]
 [49]
 [57]
 [57]
 [57]
 [57]
 [57]
 [57]
 [45]
 [49]] 
------------------------ Dataset: uxq ------------------------
shape: (33, 1), dtype: uint16
Data:[[53]
 [54]
 [55]
 [56]
 [46]
 [52]
 [51]
 [56]
 [52]
 [51]
 [55]
 [57]
 [57]
 [57]
 [57]
 [57]
 [57]
 [45]
 [48]
 [32]
 [53]
 [54]
 [55]
 [56]
 [46]
 [52]
 [52]
 [48]
 [57]
 [49]
 [54]
 [45]
 [49]] 
------------------------ Dataset: uxr ------------------------
shape: (39, 1), dtype: uint16
Data:[[53]
 [54]
 [57]
 [52]
 [46]
 [49]
 [57]
 [48]
 [55]
 [51]
 [55]
 [57]
 [57]
 [57]
 [57]
 [57]
 [57]
 [45]
 [48]
 [32]
 [53]
 [54]
 [57]
 [52]
 [46]
 [49]
 [56]
 [49]
 [53]
 [53]
 [55]
 [57]
 [57]
 [57]
 [57]
 [57]
 [57]
 [45]
 [49]] 
------------------------ Dataset: uxs ------------------------
shape: (27, 1), dtype: uint16
Data:[[54]
 [52]
 [49]
 [55]
 [46]
 [53]
 [48]
 [52]
 [56]
 [56]
 [49]
 [45]
 [48]
 [32]
 [54]
 [52]
 [49]
 [55]
 [46]
 [52]
 [57]
 [56]
 [49]
 [48]
 [54]
 [45]
 [49]] 
------------------------ Dataset: uxt ------------------------
shape: (34, 1), dtype: uint16
Data:[[54]
 [54]
 [48]
 [57]
 [46]
 [53]
 [57]
 [55]
 [53]
 [48]
 [53]
 [45]
 [48]
 [32]
 [54]
 [54]
 [48]
 [57]
 [46]
 [53]
 [57]
 [54]
 [49]
 [56]
 [55]
 [57]
 [57]
 [57]
 [57]
 [57]
 [57]
 [53]
 [45]
 [49]] 
------------------------ Dataset: uxu ------------------------
shape: (40, 1), dtype: uint16
Data:[[54]
 [54]
 [50]
 [53]
 [46]
 [53]
 [51]
 [56]
 [49]
 [52]
 [57]
 [57]
 [57]
 [57]
 [57]
 [57]
 [57]
 [45]
 [48]
 [32]
 [54]
 [54]
 [50]
 [53]
 [46]
 [53]
 [51]
 [52]
 [48]
 [57]
 [48]
 [57]
 [57]
 [57]
 [57]
 [57]
 [57]
 [53]
 [45]
 [49]] 
------------------------ Dataset: uxv ------------------------
shape: (39, 1), dtype: uint16
Data:[[54]
 [54]
 [52]
 [49]
 [46]
 [51]
 [49]
 [52]
 [50]
 [53]
 [52]
 [57]
 [57]
 [57]
 [57]
 [57]
 [57]
 [45]
 [48]
 [32]
 [54]
 [54]
 [52]
 [49]
 [46]
 [51]
 [49]
 [57]
 [51]
 [56]
 [51]
 [57]
 [57]
 [57]
 [57]
 [57]
 [57]
 [45]
 [49]] 
------------------------ Dataset: uxw ------------------------
shape: (34, 1), dtype: uint16
Data:[[54]
 [54]
 [53]
 [54]
 [46]
 [57]
 [55]
 [52]
 [48]
 [55]
 [55]
 [45]
 [48]
 [32]
 [54]
 [54]
 [53]
 [54]
 [46]
 [57]
 [55]
 [48]
 [48]
 [51]
 [55]
 [57]
 [57]
 [57]
 [57]
 [57]
 [57]
 [53]
 [45]
 [49]] 
------------------------ Dataset: uxx ------------------------
shape: (33, 1), dtype: uint16
Data:[[54]
 [54]
 [55]
 [50]
 [46]
 [56]
 [55]
 [56]
 [48]
 [57]
 [50]
 [45]
 [48]
 [32]
 [54]
 [54]
 [55]
 [50]
 [46]
 [56]
 [55]
 [52]
 [49]
 [51]
 [50]
 [57]
 [57]
 [57]
 [57]
 [57]
 [57]
 [45]
 [49]] 
------------------------ Dataset: uxy ------------------------
shape: (33, 1), dtype: uint16
Data:[[54]
 [54]
 [56]
 [56]
 [46]
 [55]
 [56]
 [50]
 [50]
 [50]
 [50]
 [57]
 [57]
 [57]
 [57]
 [57]
 [57]
 [45]
 [48]
 [32]
 [54]
 [54]
 [56]
 [56]
 [46]
 [55]
 [56]
 [48]
 [55]
 [48]
 [55]
 [45]
 [49]] 
------------------------ Dataset: uxz ------------------------
shape: (33, 1), dtype: uint16
Data:[[53]
 [57]
 [48]
 [54]
 [46]
 [54]
 [56]
 [49]
 [55]
 [52]
 [56]
 [57]
 [57]
 [57]
 [57]
 [57]
 [57]
 [45]
 [48]
 [32]
 [53]
 [57]
 [48]
 [54]
 [46]
 [54]
 [55]
 [55]
 [55]
 [54]
 [51]
 [45]
 [49]] 
------------------------ Dataset: uy ------------------------

