shape: (1, 6), dtype: uint32
Data:[[3707764736          2          1          1        571          1]] 
------------------------ Dataset: Cjb ------------------------
shape: (33, 1), dtype: uint16
Data:[[54]
 [55]
 [54]
 [54]
 [46]
 [57]
 [50]
 [52]
 [54]
 [54]
 [57]
 [57]
 [57]
 [57]
 [57]
 [57]
 [57]
 [45]
 [48]
 [32]
 [54]
 [55]
 [54]
 [54]
 [46]
 [57]
 [50]
 [49]
 [55]
 [48]
 [54]
 [45]
 [49]] 
------------------------ Dataset: Cjc ------------------------
shape: (26, 1), dtype: uint16
Data:[[54]
 [50]
 [55]
 [57]
 [46]
 [55]
 [50]
 [50]
 [48]
 [54]
 [45]
 [48]
 [32]
 [54]
 [50]
 [55]
 [57]
 [46]
 [55]
 [49]
 [56]
 [48]
 [50]
 [50]
 [45]
 [49]] 
------------------------ Dataset: Cjd ------------------------
shape: (27, 1), dtype: uint16
Data:[[54]
 [50]
 [57]
 [53]
 [46]
 [52]
 [56]
 [57]
 [57]
 [54]
 [50]
 [45]
 [48]
 [32]
 [54]
 [50]
 [57]
 [53]
 [46]
 [52]
 [57]
 [51]
 [57]
 [52]
 [50]
 [45]
 [49]] 
------------------------ Dataset: Cje ------------------------
shape: (33, 1), dtype: uint16
Data:[[54]
 [51]
 [49]
 [49]
 [46]
 [51]
 [51]
 [49]
 [56]
 [50]
 [54]
 [45]
 [48]
 [32]
 [54]
 [51]
 [49]
 [49]
 [46]
 [51]
 [52]
 [48]
 [51]
 [49]
 [49]
 [57]
 [57]
 [57]
 [57]
 [57]
 [57]
 [45]
 [49]] 
------------------------ Dataset: Cjf ------------------------
shape: (39, 1), dtype: uint16
Data:[[54]
 [51]
 [50]
 [55]
 [46]
 [50]
 [49]
 [48]
 [54]
 [55]
 [57]
 [57]
 [57]
 [57]
 [57]
 [57]
 [57]
 [45]
 [48]
 [32]
 [54]
 [51]
 [50]
 [55]
 [46]
 [50]
 [49]
 [51]
 [57]
 [52]
 [54]
 [57]
 [57]
 [57]
 [57]
 [57]
 [57]
 [45]
 [49]] 
------------------------ Dataset: Cjg ------------------------
shape: (40, 1), dtype: uint16
Data:[[54]
 [51]
 [52]
 [51]
 [46]
 [48]
 [48]
 [54]
 [48]
 [49]
 [48]
 [57]
 [57]
 [57]
 [57]
 [57]
 [57]
 [53]
 [45]
 [48]
 [32]
 [54]
 [51]
 [52]
 [51]
 [46]
 [48]
 [49]
 [51]
 [57]
 [55]
 [56]
 [57]
 [57]
 [57]
 [57]
 [57]
 [57]
 [45]
 [49]] 
------------------------ Dataset: Cjh ------------------------
shape: (27, 1), dtype: uint16
Data:[[54]
 [53]
 [48]
 [56]
 [46]
 [49]
 [48]
 [49]
 [57]
 [50]
 [50]
 [45]
 [48]
 [32]
 [54]
 [53]
 [48]
 [56]
 [46]
 [48]
 [57]
 [55]
 [57]
 [51]
 [54]
 [45]
 [49]] 
------------------------ Dataset: Cji ------------------------
shape: (27, 1), dtype: uint16
Data:[[54]
 [53]
 [50]
 [51]
 [46]
 [57]
 [50]
 [57]
 [57]
 [53]
 [53]
 [45]
 [48]
 [32]
 [54]
 [53]
 [50]
 [51]
 [46]
 [57]
 [51]
 [56]
 [48]
 [48]
 [52]
 [45]
 [49]] 
------------------------ Dataset: Cjj ------------------------
shape: (33, 1), dtype: uint16
Data:[[54]
 [48]
 [49]
 [57]
 [46]
 [53]
 [48]
 [54]
 [51]
 [57]
 [49]
 [57]
 [57]
 [57]
 [57]
 [57]
 [57]
 [45]
 [48]
 [32]
 [54]
 [48]
 [49]
 [57]
 [46]
 [53]
 [48]
 [57]
 [56]
 [54]
 [50]
 [45]
 [49]] 
------------------------ Dataset: Cjk ------------------------
shape: (27, 1), dtype: uint16
Data:[[54]
 [48]
 [51]
 [53]
 [46]
 [51]
 [49]
 [55]
 [56]
 [51]
 [51]
 [45]
 [48]
 [32]
 [54]
 [48]
 [51]
 [53]
 [46]
 [51]
 [49]
 [51]
 [55]
 [53]
 [55]
 [45]
 [49]] 
------------------------ Dataset: Cjl ------------------------
shape: (33, 1), dtype: uint16
Data:[[54]
 [48]
 [53]
 [48]
 [46]
 [57]
 [51]
 [51]
 [56]
 [55]
 [56]
 [57]
 [57]
 [57]
 [57]
 [57]
 [57]
 [45]
 [48]
 [32]
 [54]
 [48]
 [53]
 [48]
 [46]
 [57]
 [51]
 [55]
 [56]
 [49]
 [51]
 [45]
 [49]] 
------------------------ Dataset: Cjm ------------------------
shape: (34, 1), dtype: uint16
Data:[[54]
 [48]
 [54]
 [54]
 [46]
 [56]
 [50]
 [57]
 [55]
 [51]
 [57]
 [45]
 [48]
 [32]
 [54]
 [48]
 [54]
 [54]
 [46]
 [56]
 [51]
 [51]
 [55]
 [50]
 [52]
 [57]
 [57]
 [57]
 [57]
 [57]
 [57]
 [53]
 [45]
 [49]] 
------------------------ Dataset: Cjn ------------------------
shape: (27, 1), dtype: uint16
Data:[[54]
 [48]
 [56]
 [50]
 [46]
 [55]
 [53]
 [55]
 [56]
 [57]
 [51]
 [45]
 [48]
 [32]
 [54]
 [48]
 [56]
 [50]
 [46]
 [55]
 [53]
 [51]
 [56]
 [57]
 [55]
 [45]
 [49]] 
------------------------ Dataset: Cjo ------------------------
shape: (33, 1), dtype: uint16
Data:[[53]
 [54]
 [52]
 [51]
 [46]
 [52]
 [53]
 [51]
 [53]
 [57]
 [53]
 [57]
 [57]
 [57]
 [57]
 [57]
 [57]
 [45]
 [48]
 [32]
 [53]
 [54]
 [52]
 [51]
 [46]
 [52]
 [52]
 [57]
 [53]
 [56]
 [52]
 [45]
 [49]] 
------------------------ Dataset: Cjp ------------------------
shape: (33, 1), dtype: uint16
Data:[[53]
 [54]
 [53]
 [57]
 [46]
 [49]
 [57]
 [55]
 [56]
 [55]
 [56]
 [57]
 [57]
 [57]
 [57]
 [57]
 [57]
 [45]
 [48]
 [32]
 [53]
 [54]
 [53]
 [57]
 [46]
 [49]
 [57]
 [52]
 [52]
 [53]
 [53]
 [45]
 [49]] 
------------------------ Dataset: Cjq ------------------------
shape: (27, 1), dtype: uint16
Data:[[53]
 [54]
 [55]
 [52]
 [46]
 [57]
 [49]
 [51]
 [55]
 [48]
 [52]
 [45]
 [48]
 [32]
 [53]
 [54]
 [55]
 [52]
 [46]
 [57]
 [48]
 [57]
 [55]
 [57]
 [53]
 [45]
 [49]] 
------------------------ Dataset: Cjr ------------------------
shape: (33, 1), dtype: uint16
Data:[[53]
 [54]
 [57]
 [48]
 [46]
 [54]
 [56]
 [49]
 [54]
 [49]
 [57]
 [57]
 [57]
 [57]
 [57]
 [57]
 [57]
 [45]
 [48]
 [32]
 [53]
 [54]
 [57]
 [48]
 [46]
 [54]
 [55]
 [56]
 [55]
 [49]
 [53]
 [45]
 [49]] 
------------------------ Dataset: Cjs ------------------------
shape: (27, 1), dtype: uint16
Data:[[54]
 [52]
 [49]
 [51]
 [46]
 [57]
 [53]
 [48]
 [48]
 [54]
 [49]
 [45]
 [48]
 [32]
 [54]
 [52]
 [49]
 [51]
 [46]
 [57]
 [53]
 [52]
 [49]
 [51]
 [50]
 [45]
 [49]] 
------------------------ Dataset: Cjt ------------------------
shape: (34, 1), dtype: uint16
Data:[[54]
 [54]
 [48]
 [54]
 [46]
 [48]
 [50]
 [54]
 [48]
 [54]
 [49]
 [45]
 [48]
 [32]
 [54]
 [54]
 [48]
 [54]
 [46]
 [48]
 [51]
 [48]
 [49]
 [53]
 [52]
 [57]
 [57]
 [57]
 [57]
 [57]
 [57]
 [53]
 [45]
 [49]] 
------------------------ Dataset: Cju ------------------------
shape: (40, 1), dtype: uint16
Data:[[54]
 [54]
 [50]
 [49]
 [46]
 [57]
 [57]
 [52]
 [50]
 [48]
 [50]
 [57]
 [57]
 [57]
 [57]
 [57]
 [57]
 [45]
 [48]
 [32]
 [54]
 [54]
 [50]
 [49]
 [46]
 [57]
 [57]
 [56]
 [49]
 [51]
 [51]
 [57]
 [57]
 [57]
 [57]
 [57]
 [57]
 [53]
 [45]
 [49]] 
------------------------ Dataset: Cjv ------------------------
shape: (26, 1), dtype: uint16
Data:[[54]
 [54]
 [51]
 [55]
 [46]
 [56]
 [52]
 [51]
 [50]
 [52]
 [49]
 [45]
 [48]
 [32]
 [54]
 [54]
 [51]
 [55]
 [46]
 [56]
 [52]
 [54]
 [50]
 [52]
 [45]
 [49]] 
------------------------ Dataset: Cjw ------------------------
shape: (33, 1), dtype: uint16
Data:[[54]
 [54]
 [53]
 [51]
 [46]
 [52]
 [51]
 [52]
 [57]
 [53]
 [54]
 [45]
 [48]
 [32]
 [54]
 [54]
 [53]
 [51]
 [46]
 [52]
 [51]
 [56]
 [57]
 [53]
 [51]
 [57]
 [57]
 [57]
 [57]
 [57]
 [57]
 [45]
 [49]] 
------------------------ Dataset: Cjx ------------------------
shape: (32, 1), dtype: uint16
Data:[[54]
 [54]
 [54]
 [57]
 [46]
 [51]
 [49]
 [52]
 [49]
 [51]
 [45]
 [48]
 [32]
 [54]
 [54]
 [54]
 [57]
 [46]
 [51]
 [49]
 [56]
 [49]
 [53]
 [53]
 [57]
 [57]
 [57]
 [57]
 [57]
 [57]
 [45]
 [49]] 
------------------------ Dataset: Cjy ------------------------
shape: (39, 1), dtype: uint16
Data:[[54]
 [54]
 [56]
 [53]
 [46]
 [50]
 [51]
 [52]
 [48]
 [50]
 [56]
 [57]
 [57]
 [57]
 [57]
 [57]
 [57]
 [45]
 [48]
 [32]
 [54]
 [54]
 [56]
 [53]
 [46]
 [50]
 [51]
 [56]
 [48]
 [54]
 [49]
 [57]
 [57]
 [57]
 [57]
 [57]
 [57]
 [45]
 [49]] 
------------------------ Dataset: Cjz ------------------------
shape: (33, 1), dtype: uint16
Data:[[53]
 [57]
 [48]
 [51]
 [46]
 [49]
 [54]
 [49]
 [55]
 [48]
 [57]
 [57]
 [57]
 [57]
 [57]
 [57]
 [57]
 [45]
 [48]
 [32]
 [53]
 [57]
 [48]
 [51]
 [46]
 [49]
 [53]
 [51]
 [56]
 [56]
 [51]
 [45]
 [49]] 
------------------------ Dataset: Ck ------------------------

shape: (1, 6), dtype: uint32
Data:[[3707764736          2          1          1        572          1]] 
------------------------ Dataset: Djb ------------------------
shape: (33, 1), dtype: uint16
Data:[[54]
 [55]
 [54]
 [54]
 [46]
 [57]
 [50]
 [52]
 [54]
 [54]
 [57]
 [57]
 [57]
 [57]
 [57]
 [57]
 [57]
 [45]
 [48]
 [32]
 [54]
 [55]
 [54]
 [54]
 [46]
 [57]
 [50]
 [54]
 [51]
 [51]
 [50]
 [45]
 [49]] 
------------------------ Dataset: Djc ------------------------
shape: (26, 1), dtype: uint16
Data:[[54]
 [50]
 [55]
 [57]
 [46]
 [55]
 [50]
 [50]
 [48]
 [54]
 [45]
 [48]
 [32]
 [54]
 [50]
 [55]
 [57]
 [46]
 [55]
 [50]
 [54]
 [48]
 [48]
 [56]
 [45]
 [49]] 
------------------------ Dataset: Djd ------------------------
shape: (27, 1), dtype: uint16
Data:[[54]
 [50]
 [57]
 [53]
 [46]
 [52]
 [57]
 [55]
 [57]
 [55]
 [55]
 [45]
 [48]
 [32]
 [54]
 [50]
 [57]
 [53]
 [46]
 [52]
 [57]
 [51]
 [57]
 [52]
 [50]
 [45]
 [49]] 
------------------------ Dataset: Dje ------------------------
shape: (33, 1), dtype: uint16
Data:[[54]
 [51]
 [49]
 [49]
 [46]
 [51]
 [52]
 [49]
 [54]
 [57]
 [50]
 [45]
 [48]
 [32]
 [54]
 [51]
 [49]
 [49]
 [46]
 [51]
 [52]
 [48]
 [51]
 [49]
 [49]
 [57]
 [57]
 [57]
 [57]
 [57]
 [57]
 [45]
 [49]] 
------------------------ Dataset: Djf ------------------------
shape: (40, 1), dtype: uint16
Data:[[54]
 [51]
 [50]
 [55]
 [46]
 [50]
 [49]
 [55]
 [57]
 [51]
 [57]
 [57]
 [57]
 [57]
 [57]
 [57]
 [57]
 [53]
 [45]
 [48]
 [32]
 [54]
 [51]
 [50]
 [55]
 [46]
 [50]
 [49]
 [51]
 [57]
 [52]
 [54]
 [57]
 [57]
 [57]
 [57]
 [57]
 [57]
 [45]
 [49]] 
------------------------ Dataset: Djg ------------------------
shape: (40, 1), dtype: uint16
Data:[[54]
 [51]
 [52]
 [51]
 [46]
 [48]
 [49]
 [51]
 [57]
 [54]
 [53]
 [57]
 [57]
 [57]
 [57]
 [57]
 [57]
 [53]
 [45]
 [48]
 [32]
 [54]
 [51]
 [52]
 [51]
 [46]
 [48]
 [49]
 [51]
 [57]
 [55]
 [56]
 [57]
 [57]
 [57]
 [57]
 [57]
 [57]
 [45]
 [49]] 
------------------------ Dataset: Djh ------------------------
shape: (33, 1), dtype: uint16
Data:[[54]
 [53]
 [48]
 [56]
 [46]
 [49]
 [48]
 [49]
 [57]
 [50]
 [50]
 [45]
 [48]
 [32]
 [54]
 [53]
 [48]
 [56]
 [46]
 [49]
 [48]
 [53]
 [57]
 [54]
 [56]
 [57]
 [57]
 [57]
 [57]
 [57]
 [57]
 [45]
 [49]] 
------------------------ Dataset: Dji ------------------------
shape: (25, 1), dtype: uint16
Data:[[54]
 [53]
 [50]
 [51]
 [46]
 [57]
 [52]
 [55]
 [52]
 [45]
 [48]
 [32]
 [54]
 [53]
 [50]
 [51]
 [46]
 [57]
 [51]
 [56]
 [48]
 [48]
 [52]
 [45]
 [49]] 
------------------------ Dataset: Djj ------------------------
shape: (27, 1), dtype: uint16
Data:[[54]
 [48]
 [49]
 [57]
 [46]
 [53]
 [48]
 [57]
 [56]
 [54]
 [52]
 [45]
 [48]
 [32]
 [54]
 [48]
 [49]
 [57]
 [46]
 [53]
 [48]
 [57]
 [56]
 [54]
 [50]
 [45]
 [49]] 
------------------------ Dataset: Djk ------------------------
shape: (34, 1), dtype: uint16
Data:[[54]
 [48]
 [51]
 [53]
 [46]
 [51]
 [49]
 [55]
 [56]
 [51]
 [51]
 [45]
 [48]
 [32]
 [54]
 [48]
 [51]
 [53]
 [46]
 [51]
 [50]
 [49]
 [56]
 [50]
 [48]
 [57]
 [57]
 [57]
 [57]
 [57]
 [57]
 [53]
 [45]
 [49]] 
------------------------ Dataset: Djl ------------------------
shape: (27, 1), dtype: uint16
Data:[[54]
 [48]
 [53]
 [48]
 [46]
 [57]
 [52]
 [49]
 [55]
 [50]
 [57]
 [45]
 [48]
 [32]
 [54]
 [48]
 [53]
 [48]
 [46]
 [57]
 [51]
 [55]
 [56]
 [49]
 [51]
 [45]
 [49]] 
------------------------ Dataset: Djm ------------------------
shape: (34, 1), dtype: uint16
Data:[[54]
 [48]
 [54]
 [54]
 [46]
 [56]
 [51]
 [55]
 [55]
 [49]
 [57]
 [45]
 [48]
 [32]
 [54]
 [48]
 [54]
 [54]
 [46]
 [56]
 [51]
 [51]
 [55]
 [50]
 [52]
 [57]
 [57]
 [57]
 [57]
 [57]
 [57]
 [53]
 [45]
 [49]] 
------------------------ Dataset: Djn ------------------------
shape: (27, 1), dtype: uint16
Data:[[54]
 [48]
 [56]
 [50]
 [46]
 [55]
 [53]
 [55]
 [56]
 [57]
 [51]
 [45]
 [48]
 [32]
 [54]
 [48]
 [56]
 [50]
 [46]
 [55]
 [54]
 [51]
 [50]
 [51]
 [49]
 [45]
 [49]] 
------------------------ Dataset: Djo ------------------------
shape: (40, 1), dtype: uint16
Data:[[53]
 [54]
 [52]
 [51]
 [46]
 [52]
 [53]
 [51]
 [53]
 [57]
 [53]
 [57]
 [57]
 [57]
 [57]
 [57]
 [57]
 [45]
 [48]
 [32]
 [53]
 [54]
 [52]
 [51]
 [46]
 [52]
 [53]
 [55]
 [53]
 [53]
 [48]
 [57]
 [57]
 [57]
 [57]
 [57]
 [57]
 [53]
 [45]
 [49]] 
------------------------ Dataset: Djp ------------------------
shape: (31, 1), dtype: uint16
Data:[[53]
 [54]
 [53]
 [57]
 [46]
 [49]
 [57]
 [55]
 [56]
 [55]
 [56]
 [57]
 [57]
 [57]
 [57]
 [57]
 [57]
 [45]
 [48]
 [32]
 [53]
 [54]
 [53]
 [57]
 [46]
 [50]
 [48]
 [49]
 [55]
 [45]
 [49]] 
------------------------ Dataset: Djq ------------------------
shape: (27, 1), dtype: uint16
Data:[[53]
 [54]
 [55]
 [52]
 [46]
 [57]
 [49]
 [51]
 [55]
 [48]
 [52]
 [45]
 [48]
 [32]
 [53]
 [54]
 [55]
 [52]
 [46]
 [57]
 [49]
 [56]
 [55]
 [49]
 [56]
 [45]
 [49]] 
------------------------ Dataset: Djr ------------------------
shape: (33, 1), dtype: uint16
Data:[[53]
 [54]
 [57]
 [48]
 [46]
 [54]
 [56]
 [49]
 [54]
 [49]
 [57]
 [57]
 [57]
 [57]
 [57]
 [57]
 [57]
 [45]
 [48]
 [32]
 [53]
 [54]
 [57]
 [48]
 [46]
 [54]
 [56]
 [53]
 [53]
 [57]
 [50]
 [45]
 [49]] 
------------------------ Dataset: Djs ------------------------
shape: (33, 1), dtype: uint16
Data:[[54]
 [52]
 [49]
 [51]
 [46]
 [57]
 [53]
 [55]
 [57]
 [55]
 [52]
 [57]
 [57]
 [57]
 [57]
 [57]
 [57]
 [45]
 [48]
 [32]
 [54]
 [52]
 [49]
 [51]
 [46]
 [57]
 [53]
 [52]
 [49]
 [51]
 [50]
 [45]
 [49]] 
------------------------ Dataset: Djt ------------------------
shape: (34, 1), dtype: uint16
Data:[[54]
 [54]
 [48]
 [54]
 [46]
 [48]
 [51]
 [52]
 [48]
 [49]
 [50]
 [45]
 [48]
 [32]
 [54]
 [54]
 [48]
 [54]
 [46]
 [48]
 [51]
 [48]
 [49]
 [53]
 [52]
 [57]
 [57]
 [57]
 [57]
 [57]
 [57]
 [53]
 [45]
 [49]] 
------------------------ Dataset: Dju ------------------------
shape: (40, 1), dtype: uint16
Data:[[54]
 [54]
 [50]
 [50]
 [46]
 [48]
 [48]
 [50]
 [49]
 [51]
 [56]
 [57]
 [57]
 [57]
 [57]
 [57]
 [57]
 [45]
 [48]
 [32]
 [54]
 [54]
 [50]
 [49]
 [46]
 [57]
 [57]
 [56]
 [49]
 [51]
 [51]
 [57]
 [57]
 [57]
 [57]
 [57]
 [57]
 [53]
 [45]
 [49]] 
------------------------ Dataset: Djv ------------------------
shape: (26, 1), dtype: uint16
Data:[[54]
 [54]
 [51]
 [55]
 [46]
 [56]
 [53]
 [48]
 [50]
 [51]
 [53]
 [45]
 [48]
 [32]
 [54]
 [54]
 [51]
 [55]
 [46]
 [56]
 [52]
 [54]
 [50]
 [52]
 [45]
 [49]] 
------------------------ Dataset: Djw ------------------------
shape: (33, 1), dtype: uint16
Data:[[54]
 [54]
 [53]
 [51]
 [46]
 [52]
 [52]
 [50]
 [55]
 [57]
 [55]
 [45]
 [48]
 [32]
 [54]
 [54]
 [53]
 [51]
 [46]
 [52]
 [51]
 [56]
 [57]
 [53]
 [51]
 [57]
 [57]
 [57]
 [57]
 [57]
 [57]
 [45]
 [49]] 
------------------------ Dataset: Djx ------------------------
shape: (32, 1), dtype: uint16
Data:[[54]
 [54]
 [54]
 [57]
 [46]
 [51]
 [50]
 [50]
 [48]
 [50]
 [45]
 [48]
 [32]
 [54]
 [54]
 [54]
 [57]
 [46]
 [51]
 [49]
 [56]
 [49]
 [53]
 [53]
 [57]
 [57]
 [57]
 [57]
 [57]
 [57]
 [45]
 [49]] 
------------------------ Dataset: Djy ------------------------
shape: (39, 1), dtype: uint16
Data:[[54]
 [54]
 [56]
 [53]
 [46]
 [50]
 [52]
 [50]
 [48]
 [51]
 [55]
 [57]
 [57]
 [57]
 [57]
 [57]
 [57]
 [45]
 [48]
 [32]
 [54]
 [54]
 [56]
 [53]
 [46]
 [50]
 [51]
 [56]
 [48]
 [54]
 [49]
 [57]
 [57]
 [57]
 [57]
 [57]
 [57]
 [45]
 [49]] 
------------------------ Dataset: Djz ------------------------
shape: (33, 1), dtype: uint16
Data:[[53]
 [57]
 [48]
 [51]
 [46]
 [49]
 [54]
 [49]
 [55]
 [48]
 [57]
 [57]
 [57]
 [57]
 [57]
 [57]
 [57]
 [45]
 [48]
 [32]
 [53]
 [57]
 [48]
 [51]
 [46]
 [49]
 [54]
 [49]
 [55]
 [52]
 [54]
 [45]
 [49]] 
------------------------ Dataset: Dk ------------------------

shape: (1, 6), dtype: uint32
Data:[[3707764736          2          1          1        573          1]] 
------------------------ Dataset: Ejb ------------------------
shape: (27, 1), dtype: uint16
Data:[[54]
 [55]
 [54]
 [54]
 [46]
 [57]
 [51]
 [48]
 [49]
 [53]
 [52]
 [45]
 [48]
 [32]
 [54]
 [55]
 [54]
 [54]
 [46]
 [57]
 [50]
 [54]
 [51]
 [51]
 [50]
 [45]
 [49]] 
------------------------ Dataset: Ejc ------------------------
shape: (27, 1), dtype: uint16
Data:[[54]
 [50]
 [55]
 [57]
 [46]
 [55]
 [51]
 [48]
 [48]
 [49]
 [55]
 [45]
 [48]
 [32]
 [54]
 [50]
 [55]
 [57]
 [46]
 [55]
 [50]
 [54]
 [48]
 [48]
 [56]
 [45]
 [49]] 
------------------------ Dataset: Ejd ------------------------
shape: (27, 1), dtype: uint16
Data:[[54]
 [50]
 [57]
 [53]
 [46]
 [52]
 [57]
 [55]
 [57]
 [55]
 [55]
 [45]
 [48]
 [32]
 [54]
 [50]
 [57]
 [53]
 [46]
 [53]
 [48]
 [49]
 [57]
 [52]
 [53]
 [45]
 [49]] 
------------------------ Dataset: Eje ------------------------
shape: (26, 1), dtype: uint16
Data:[[54]
 [51]
 [49]
 [49]
 [46]
 [51]
 [52]
 [49]
 [54]
 [57]
 [50]
 [45]
 [48]
 [32]
 [54]
 [51]
 [49]
 [49]
 [46]
 [51]
 [52]
 [54]
 [49]
 [54]
 [45]
 [49]] 
------------------------ Dataset: Ejf ------------------------
shape: (34, 1), dtype: uint16
Data:[[54]
 [51]
 [50]
 [55]
 [46]
 [50]
 [49]
 [55]
 [57]
 [51]
 [57]
 [57]
 [57]
 [57]
 [57]
 [57]
 [57]
 [53]
 [45]
 [48]
 [32]
 [54]
 [51]
 [50]
 [55]
 [46]
 [50]
 [50]
 [49]
 [57]
 [54]
 [51]
 [45]
 [49]] 
------------------------ Dataset: Ejg ------------------------
shape: (33, 1), dtype: uint16
Data:[[54]
 [51]
 [52]
 [51]
 [46]
 [48]
 [50]
 [49]
 [56]
 [56]
 [55]
 [45]
 [48]
 [32]
 [54]
 [51]
 [52]
 [51]
 [46]
 [48]
 [49]
 [51]
 [57]
 [55]
 [56]
 [57]
 [57]
 [57]
 [57]
 [57]
 [57]
 [45]
 [49]] 
------------------------ Dataset: Ejh ------------------------
shape: (32, 1), dtype: uint16
Data:[[54]
 [53]
 [48]
 [56]
 [46]
 [49]
 [48]
 [57]
 [57]
 [51]
 [45]
 [48]
 [32]
 [54]
 [53]
 [48]
 [56]
 [46]
 [49]
 [48]
 [53]
 [57]
 [54]
 [56]
 [57]
 [57]
 [57]
 [57]
 [57]
 [57]
 [45]
 [49]] 
------------------------ Dataset: Eji ------------------------
shape: (25, 1), dtype: uint16
Data:[[54]
 [53]
 [50]
 [51]
 [46]
 [57]
 [52]
 [55]
 [52]
 [45]
 [48]
 [32]
 [54]
 [53]
 [50]
 [51]
 [46]
 [57]
 [52]
 [55]
 [53]
 [48]
 [55]
 [45]
 [49]] 
------------------------ Dataset: Ejj ------------------------
shape: (33, 1), dtype: uint16
Data:[[54]
 [48]
 [49]
 [57]
 [46]
 [53]
 [48]
 [57]
 [56]
 [54]
 [52]
 [45]
 [48]
 [32]
 [54]
 [48]
 [49]
 [57]
 [46]
 [53]
 [49]
 [56]
 [50]
 [48]
 [57]
 [57]
 [57]
 [57]
 [57]
 [57]
 [57]
 [45]
 [49]] 
------------------------ Dataset: Ejk ------------------------
shape: (34, 1), dtype: uint16
Data:[[54]
 [48]
 [51]
 [53]
 [46]
 [51]
 [50]
 [53]
 [55]
 [53]
 [55]
 [45]
 [48]
 [32]
 [54]
 [48]
 [51]
 [53]
 [46]
 [51]
 [50]
 [49]
 [56]
 [50]
 [48]
 [57]
 [57]
 [57]
 [57]
 [57]
 [57]
 [53]
 [45]
 [49]] 
------------------------ Dataset: Ejl ------------------------
shape: (27, 1), dtype: uint16
Data:[[54]
 [48]
 [53]
 [48]
 [46]
 [57]
 [52]
 [49]
 [55]
 [50]
 [57]
 [45]
 [48]
 [32]
 [54]
 [48]
 [53]
 [48]
 [46]
 [57]
 [52]
 [53]
 [55]
 [57]
 [51]
 [45]
 [49]] 
------------------------ Dataset: Ejm ------------------------
shape: (27, 1), dtype: uint16
Data:[[54]
 [48]
 [54]
 [54]
 [46]
 [56]
 [51]
 [55]
 [55]
 [49]
 [57]
 [45]
 [48]
 [32]
 [54]
 [48]
 [54]
 [54]
 [46]
 [56]
 [52]
 [49]
 [55]
 [54]
 [53]
 [45]
 [49]] 
------------------------ Dataset: Ejn ------------------------
shape: (27, 1), dtype: uint16
Data:[[54]
 [48]
 [56]
 [50]
 [46]
 [55]
 [54]
 [56]
 [56]
 [55]
 [53]
 [45]
 [48]
 [32]
 [54]
 [48]
 [56]
 [50]
 [46]
 [55]
 [54]
 [51]
 [50]
 [51]
 [49]
 [45]
 [49]] 
------------------------ Dataset: Ejo ------------------------
shape: (40, 1), dtype: uint16
Data:[[53]
 [54]
 [52]
 [51]
 [46]
 [52]
 [54]
 [49]
 [53]
 [54]
 [51]
 [57]
 [57]
 [57]
 [57]
 [57]
 [57]
 [45]
 [48]
 [32]
 [53]
 [54]
 [52]
 [51]
 [46]
 [52]
 [53]
 [55]
 [53]
 [53]
 [48]
 [57]
 [57]
 [57]
 [57]
 [57]
 [57]
 [53]
 [45]
 [49]] 
------------------------ Dataset: Ejp ------------------------
shape: (25, 1), dtype: uint16
Data:[[53]
 [54]
 [53]
 [57]
 [46]
 [50]
 [48]
 [53]
 [54]
 [54]
 [54]
 [45]
 [48]
 [32]
 [53]
 [54]
 [53]
 [57]
 [46]
 [50]
 [48]
 [49]
 [55]
 [45]
 [49]] 
------------------------ Dataset: Ejq ------------------------
shape: (27, 1), dtype: uint16
Data:[[53]
 [54]
 [55]
 [52]
 [46]
 [57]
 [50]
 [49]
 [55]
 [49]
 [52]
 [45]
 [48]
 [32]
 [53]
 [54]
 [55]
 [52]
 [46]
 [57]
 [49]
 [56]
 [55]
 [49]
 [56]
 [45]
 [49]] 
------------------------ Dataset: Ejr ------------------------
shape: (27, 1), dtype: uint16
Data:[[53]
 [54]
 [57]
 [48]
 [46]
 [54]
 [56]
 [57]
 [53]
 [51]
 [51]
 [45]
 [48]
 [32]
 [53]
 [54]
 [57]
 [48]
 [46]
 [54]
 [56]
 [53]
 [53]
 [57]
 [50]
 [45]
 [49]] 
------------------------ Dataset: Ejs ------------------------
shape: (33, 1), dtype: uint16
Data:[[54]
 [52]
 [49]
 [51]
 [46]
 [57]
 [53]
 [55]
 [57]
 [55]
 [52]
 [57]
 [57]
 [57]
 [57]
 [57]
 [57]
 [45]
 [48]
 [32]
 [54]
 [52]
 [49]
 [51]
 [46]
 [57]
 [54]
 [49]
 [57]
 [57]
 [50]
 [45]
 [49]] 
------------------------ Dataset: Ejt ------------------------
shape: (27, 1), dtype: uint16
Data:[[54]
 [54]
 [48]
 [54]
 [46]
 [48]
 [51]
 [52]
 [48]
 [49]
 [50]
 [45]
 [48]
 [32]
 [54]
 [54]
 [48]
 [54]
 [46]
 [48]
 [51]
 [55]
 [57]
 [55]
 [55]
 [45]
 [49]] 
------------------------ Dataset: Eju ------------------------
shape: (39, 1), dtype: uint16
Data:[[54]
 [54]
 [50]
 [50]
 [46]
 [48]
 [48]
 [50]
 [49]
 [51]
 [56]
 [57]
 [57]
 [57]
 [57]
 [57]
 [57]
 [45]
 [48]
 [32]
 [54]
 [54]
 [50]
 [50]
 [46]
 [48]
 [48]
 [55]
 [52]
 [51]
 [54]
 [57]
 [57]
 [57]
 [57]
 [57]
 [57]
 [45]
 [49]] 
------------------------ Dataset: Ejv ------------------------
shape: (33, 1), dtype: uint16
Data:[[54]
 [54]
 [51]
 [55]
 [46]
 [56]
 [53]
 [48]
 [50]
 [51]
 [53]
 [45]
 [48]
 [32]
 [54]
 [54]
 [51]
 [55]
 [46]
 [56]
 [53]
 [52]
 [49]
 [52]
 [52]
 [57]
 [57]
 [57]
 [57]
 [57]
 [57]
 [45]
 [49]] 
------------------------ Dataset: Ejw ------------------------
shape: (27, 1), dtype: uint16
Data:[[54]
 [54]
 [53]
 [51]
 [46]
 [52]
 [52]
 [50]
 [55]
 [57]
 [55]
 [45]
 [48]
 [32]
 [54]
 [54]
 [53]
 [51]
 [46]
 [52]
 [52]
 [54]
 [55]
 [53]
 [55]
 [45]
 [49]] 
------------------------ Dataset: Ejx ------------------------
shape: (32, 1), dtype: uint16
Data:[[54]
 [54]
 [54]
 [57]
 [46]
 [51]
 [50]
 [50]
 [48]
 [50]
 [45]
 [48]
 [32]
 [54]
 [54]
 [54]
 [57]
 [46]
 [51]
 [50]
 [54]
 [50]
 [50]
 [56]
 [57]
 [57]
 [57]
 [57]
 [57]
 [57]
 [45]
 [49]] 
------------------------ Dataset: Ejy ------------------------
shape: (39, 1), dtype: uint16
Data:[[54]
 [54]
 [56]
 [53]
 [46]
 [50]
 [52]
 [50]
 [48]
 [51]
 [55]
 [57]
 [57]
 [57]
 [57]
 [57]
 [57]
 [45]
 [48]
 [32]
 [54]
 [54]
 [56]
 [53]
 [46]
 [50]
 [52]
 [54]
 [48]
 [55]
 [50]
 [57]
 [57]
 [57]
 [57]
 [57]
 [57]
 [45]
 [49]] 
------------------------ Dataset: Ejz ------------------------
shape: (27, 1), dtype: uint16
Data:[[53]
 [57]
 [48]
 [51]
 [46]
 [49]
 [54]
 [57]
 [57]
 [52]
 [49]
 [45]
 [48]
 [32]
 [53]
 [57]
 [48]
 [51]
 [46]
 [49]
 [54]
 [49]
 [55]
 [52]
 [54]
 [45]
 [49]] 
------------------------ Dataset: Ek ------------------------

shape: (1, 6), dtype: uint32
Data:[[3707764736          2          1          1        574          1]] 
------------------------ Dataset: Fjb ------------------------
shape: (27, 1), dtype: uint16
Data:[[54]
 [55]
 [54]
 [54]
 [46]
 [57]
 [51]
 [48]
 [49]
 [53]
 [52]
 [45]
 [48]
 [32]
 [54]
 [55]
 [54]
 [54]
 [46]
 [57]
 [51]
 [52]
 [50]
 [48]
 [49]
 [45]
 [49]] 
------------------------ Dataset: Fjc ------------------------
shape: (33, 1), dtype: uint16
Data:[[54]
 [50]
 [55]
 [57]
 [46]
 [55]
 [51]
 [48]
 [48]
 [49]
 [55]
 [45]
 [48]
 [32]
 [54]
 [50]
 [55]
 [57]
 [46]
 [55]
 [51]
 [51]
 [56]
 [54]
 [52]
 [57]
 [57]
 [57]
 [57]
 [57]
 [57]
 [45]
 [49]] 
------------------------ Dataset: Fjd ------------------------
shape: (27, 1), dtype: uint16
Data:[[54]
 [50]
 [57]
 [53]
 [46]
 [53]
 [48]
 [53]
 [57]
 [49]
 [54]
 [45]
 [48]
 [32]
 [54]
 [50]
 [57]
 [53]
 [46]
 [53]
 [48]
 [49]
 [57]
 [52]
 [53]
 [45]
 [49]] 
------------------------ Dataset: Fje ------------------------
shape: (26, 1), dtype: uint16
Data:[[54]
 [51]
 [49]
 [49]
 [46]
 [51]
 [52]
 [57]
 [49]
 [56]
 [50]
 [45]
 [48]
 [32]
 [54]
 [51]
 [49]
 [49]
 [46]
 [51]
 [52]
 [54]
 [49]
 [54]
 [45]
 [49]] 
------------------------ Dataset: Fjf ------------------------
shape: (27, 1), dtype: uint16
Data:[[54]
 [51]
 [50]
 [55]
 [46]
 [50]
 [50]
 [53]
 [57]
 [49]
 [52]
 [45]
 [48]
 [32]
 [54]
 [51]
 [50]
 [55]
 [46]
 [50]
 [50]
 [49]
 [57]
 [54]
 [51]
 [45]
 [49]] 
------------------------ Dataset: Fjg ------------------------
shape: (27, 1), dtype: uint16
Data:[[54]
 [51]
 [52]
 [51]
 [46]
 [48]
 [50]
 [49]
 [56]
 [56]
 [55]
 [45]
 [48]
 [32]
 [54]
 [51]
 [52]
 [51]
 [46]
 [48]
 [50]
 [49]
 [56]
 [55]
 [56]
 [45]
 [49]] 
------------------------ Dataset: Fjh ------------------------
shape: (25, 1), dtype: uint16
Data:[[54]
 [53]
 [48]
 [56]
 [46]
 [49]
 [48]
 [57]
 [57]
 [51]
 [45]
 [48]
 [32]
 [54]
 [53]
 [48]
 [56]
 [46]
 [49]
 [49]
 [53]
 [50]
 [57]
 [45]
 [49]] 
------------------------ Dataset: Fji ------------------------
shape: (27, 1), dtype: uint16
Data:[[54]
 [53]
 [50]
 [51]
 [46]
 [57]
 [53]
 [48]
 [54]
 [53]
 [51]
 [45]
 [48]
 [32]
 [54]
 [53]
 [50]
 [51]
 [46]
 [57]
 [52]
 [55]
 [53]
 [48]
 [55]
 [45]
 [49]] 
------------------------ Dataset: Fjj ------------------------
shape: (39, 1), dtype: uint16
Data:[[54]
 [48]
 [49]
 [57]
 [46]
 [53]
 [49]
 [56]
 [48]
 [55]
 [53]
 [57]
 [57]
 [57]
 [57]
 [57]
 [57]
 [45]
 [48]
 [32]
 [54]
 [48]
 [49]
 [57]
 [46]
 [53]
 [49]
 [56]
 [50]
 [48]
 [57]
 [57]
 [57]
 [57]
 [57]
 [57]
 [57]
 [45]
 [49]] 
------------------------ Dataset: Fjk ------------------------
shape: (34, 1), dtype: uint16
Data:[[54]
 [48]
 [51]
 [53]
 [46]
 [51]
 [50]
 [53]
 [55]
 [53]
 [55]
 [45]
 [48]
 [32]
 [54]
 [48]
 [51]
 [53]
 [46]
 [51]
 [50]
 [57]
 [56]
 [50]
 [51]
 [57]
 [57]
 [57]
 [57]
 [57]
 [57]
 [53]
 [45]
 [49]] 
------------------------ Dataset: Fjl ------------------------
shape: (27, 1), dtype: uint16
Data:[[54]
 [48]
 [53]
 [48]
 [46]
 [57]
 [53]
 [49]
 [52]
 [51]
 [53]
 [45]
 [48]
 [32]
 [54]
 [48]
 [53]
 [48]
 [46]
 [57]
 [52]
 [53]
 [55]
 [57]
 [51]
 [45]
 [49]] 
------------------------ Dataset: Fjm ------------------------
shape: (33, 1), dtype: uint16
Data:[[54]
 [48]
 [54]
 [54]
 [46]
 [56]
 [52]
 [53]
 [55]
 [55]
 [56]
 [57]
 [57]
 [57]
 [57]
 [57]
 [57]
 [45]
 [48]
 [32]
 [54]
 [48]
 [54]
 [54]
 [46]
 [56]
 [52]
 [49]
 [55]
 [54]
 [53]
 [45]
 [49]] 
------------------------ Dataset: Fjn ------------------------
shape: (33, 1), dtype: uint16
Data:[[54]
 [48]
 [56]
 [50]
 [46]
 [55]
 [54]
 [56]
 [56]
 [55]
 [53]
 [45]
 [48]
 [32]
 [54]
 [48]
 [56]
 [50]
 [46]
 [55]
 [54]
 [57]
 [55]
 [54]
 [50]
 [57]
 [57]
 [57]
 [57]
 [57]
 [57]
 [45]
 [49]] 
------------------------ Dataset: Fjo ------------------------
shape: (39, 1), dtype: uint16
Data:[[53]
 [54]
 [52]
 [51]
 [46]
 [52]
 [54]
 [49]
 [53]
 [54]
 [51]
 [57]
 [57]
 [57]
 [57]
 [57]
 [57]
 [45]
 [48]
 [32]
 [53]
 [54]
 [52]
 [51]
 [46]
 [52]
 [54]
 [53]
 [53]
 [51]
 [52]
 [57]
 [57]
 [57]
 [57]
 [57]
 [57]
 [45]
 [49]] 
------------------------ Dataset: Fjp ------------------------
shape: (27, 1), dtype: uint16
Data:[[53]
 [54]
 [53]
 [57]
 [46]
 [50]
 [48]
 [53]
 [54]
 [54]
 [54]
 [45]
 [48]
 [32]
 [53]
 [54]
 [53]
 [57]
 [46]
 [50]
 [48]
 [57]
 [53]
 [53]
 [57]
 [45]
 [49]] 
------------------------ Dataset: Fjq ------------------------
shape: (33, 1), dtype: uint16
Data:[[53]
 [54]
 [55]
 [52]
 [46]
 [57]
 [50]
 [49]
 [55]
 [49]
 [52]
 [45]
 [48]
 [32]
 [53]
 [54]
 [55]
 [52]
 [46]
 [57]
 [50]
 [53]
 [55]
 [55]
 [56]
 [57]
 [57]
 [57]
 [57]
 [57]
 [57]
 [45]
 [49]] 
------------------------ Dataset: Fjr ------------------------
shape: (27, 1), dtype: uint16
Data:[[53]
 [54]
 [57]
 [48]
 [46]
 [54]
 [56]
 [57]
 [53]
 [51]
 [51]
 [45]
 [48]
 [32]
 [53]
 [54]
 [57]
 [48]
 [46]
 [54]
 [57]
 [51]
 [53]
 [53]
 [56]
 [45]
 [49]] 
------------------------ Dataset: Fjs ------------------------
shape: (27, 1), dtype: uint16
Data:[[54]
 [52]
 [49]
 [51]
 [46]
 [57]
 [54]
 [54]
 [48]
 [56]
 [56]
 [45]
 [48]
 [32]
 [54]
 [52]
 [49]
 [51]
 [46]
 [57]
 [54]
 [49]
 [57]
 [57]
 [50]
 [45]
 [49]] 
------------------------ Dataset: Fjt ------------------------
shape: (34, 1), dtype: uint16
Data:[[54]
 [54]
 [48]
 [54]
 [46]
 [48]
 [52]
 [49]
 [57]
 [51]
 [50]
 [57]
 [57]
 [57]
 [57]
 [57]
 [57]
 [53]
 [45]
 [48]
 [32]
 [54]
 [54]
 [48]
 [54]
 [46]
 [48]
 [51]
 [55]
 [57]
 [55]
 [55]
 [45]
 [49]] 
------------------------ Dataset: Fju ------------------------
shape: (33, 1), dtype: uint16
Data:[[54]
 [54]
 [50]
 [50]
 [46]
 [48]
 [49]
 [48]
 [51]
 [57]
 [51]
 [45]
 [48]
 [32]
 [54]
 [54]
 [50]
 [50]
 [46]
 [48]
 [48]
 [55]
 [52]
 [51]
 [54]
 [57]
 [57]
 [57]
 [57]
 [57]
 [57]
 [45]
 [49]] 
------------------------ Dataset: Fjv ------------------------
shape: (40, 1), dtype: uint16
Data:[[54]
 [54]
 [51]
 [55]
 [46]
 [56]
 [53]
 [56]
 [51]
 [54]
 [53]
 [57]
 [57]
 [57]
 [57]
 [57]
 [57]
 [53]
 [45]
 [48]
 [32]
 [54]
 [54]
 [51]
 [55]
 [46]
 [56]
 [53]
 [52]
 [49]
 [52]
 [52]
 [57]
 [57]
 [57]
 [57]
 [57]
 [57]
 [45]
 [49]] 
------------------------ Dataset: Fjw ------------------------
shape: (27, 1), dtype: uint16
Data:[[54]
 [54]
 [53]
 [51]
 [46]
 [52]
 [53]
 [48]
 [53]
 [57]
 [51]
 [45]
 [48]
 [32]
 [54]
 [54]
 [53]
 [51]
 [46]
 [52]
 [52]
 [54]
 [55]
 [53]
 [55]
 [45]
 [49]] 
------------------------ Dataset: Fjx ------------------------
shape: (39, 1), dtype: uint16
Data:[[54]
 [54]
 [54]
 [57]
 [46]
 [51]
 [51]
 [54]
 [50]
 [51]
 [51]
 [57]
 [57]
 [57]
 [57]
 [57]
 [57]
 [45]
 [48]
 [32]
 [54]
 [54]
 [54]
 [57]
 [46]
 [51]
 [50]
 [54]
 [50]
 [50]
 [56]
 [57]
 [57]
 [57]
 [57]
 [57]
 [57]
 [45]
 [49]] 
------------------------ Dataset: Fjy ------------------------
shape: (33, 1), dtype: uint16
Data:[[54]
 [54]
 [56]
 [53]
 [46]
 [50]
 [53]
 [54]
 [49]
 [53]
 [49]
 [45]
 [48]
 [32]
 [54]
 [54]
 [56]
 [53]
 [46]
 [50]
 [52]
 [54]
 [48]
 [55]
 [50]
 [57]
 [57]
 [57]
 [57]
 [57]
 [57]
 [45]
 [49]] 
------------------------ Dataset: Fjz ------------------------
shape: (33, 1), dtype: uint16
Data:[[53]
 [57]
 [48]
 [51]
 [46]
 [49]
 [54]
 [57]
 [57]
 [52]
 [49]
 [45]
 [48]
 [32]
 [53]
 [57]
 [48]
 [51]
 [46]
 [49]
 [54]
 [57]
 [57]
 [54]
 [50]
 [57]
 [57]
 [57]
 [57]
 [57]
 [57]
 [45]
 [49]] 
------------------------ Dataset: Fk ------------------------

shape: (1, 6), dtype: uint32
Data:[[3707764736          2          1          1        575          1]] 
------------------------ Dataset: Gjb ------------------------
shape: (27, 1), dtype: uint16
Data:[[54]
 [55]
 [54]
 [54]
 [46]
 [57]
 [51]
 [56]
 [48]
 [54]
 [57]
 [45]
 [48]
 [32]
 [54]
 [55]
 [54]
 [54]
 [46]
 [57]
 [51]
 [52]
 [50]
 [48]
 [49]
 [45]
 [49]] 
------------------------ Dataset: Gjc ------------------------
shape: (32, 1), dtype: uint16
Data:[[54]
 [50]
 [55]
 [57]
 [46]
 [55]
 [51]
 [55]
 [57]
 [50]
 [45]
 [48]
 [32]
 [54]
 [50]
 [55]
 [57]
 [46]
 [55]
 [51]
 [51]
 [56]
 [54]
 [52]
 [57]
 [57]
 [57]
 [57]
 [57]
 [57]
 [45]
 [49]] 
------------------------ Dataset: Gjd ------------------------
shape: (33, 1), dtype: uint16
Data:[[54]
 [50]
 [57]
 [53]
 [46]
 [53]
 [48]
 [53]
 [57]
 [49]
 [54]
 [45]
 [48]
 [32]
 [54]
 [50]
 [57]
 [53]
 [46]
 [53]
 [49]
 [48]
 [49]
 [55]
 [52]
 [57]
 [57]
 [57]
 [57]
 [57]
 [57]
 [45]
 [49]] 
------------------------ Dataset: Gje ------------------------
shape: (26, 1), dtype: uint16
Data:[[54]
 [51]
 [49]
 [49]
 [46]
 [51]
 [52]
 [57]
 [49]
 [56]
 [50]
 [45]
 [48]
 [32]
 [54]
 [51]
 [49]
 [49]
 [46]
 [51]
 [53]
 [49]
 [50]
 [52]
 [45]
 [49]] 
------------------------ Dataset: Gjf ------------------------
shape: (33, 1), dtype: uint16
Data:[[54]
 [51]
 [50]
 [55]
 [46]
 [50]
 [50]
 [53]
 [57]
 [49]
 [52]
 [45]
 [48]
 [32]
 [54]
 [51]
 [50]
 [55]
 [46]
 [50]
 [50]
 [57]
 [56]
 [57]
 [54]
 [57]
 [57]
 [57]
 [57]
 [57]
 [57]
 [45]
 [49]] 
------------------------ Dataset: Gjg ------------------------
shape: (27, 1), dtype: uint16
Data:[[54]
 [51]
 [52]
 [51]
 [46]
 [48]
 [50]
 [49]
 [56]
 [56]
 [55]
 [45]
 [48]
 [32]
 [54]
 [51]
 [52]
 [51]
 [46]
 [48]
 [51]
 [49]
 [48]
 [56]
 [56]
 [45]
 [49]] 
------------------------ Dataset: Gjh ------------------------
shape: (32, 1), dtype: uint16
Data:[[54]
 [53]
 [48]
 [56]
 [46]
 [49]
 [49]
 [57]
 [55]
 [52]
 [50]
 [57]
 [57]
 [57]
 [57]
 [57]
 [57]
 [45]
 [48]
 [32]
 [54]
 [53]
 [48]
 [56]
 [46]
 [49]
 [49]
 [53]
 [50]
 [57]
 [45]
 [49]] 
------------------------ Dataset: Gji ------------------------
shape: (33, 1), dtype: uint16
Data:[[54]
 [53]
 [50]
 [51]
 [46]
 [57]
 [53]
 [48]
 [54]
 [53]
 [51]
 [45]
 [48]
 [32]
 [54]
 [53]
 [50]
 [51]
 [46]
 [57]
 [53]
 [52]
 [48]
 [49]
 [52]
 [57]
 [57]
 [57]
 [57]
 [57]
 [57]
 [45]
 [49]] 
------------------------ Dataset: Gjj ------------------------
shape: (32, 1), dtype: uint16
Data:[[54]
 [48]
 [49]
 [57]
 [46]
 [53]
 [50]
 [57]
 [52]
 [50]
 [45]
 [48]
 [32]
 [54]
 [48]
 [49]
 [57]
 [46]
 [53]
 [49]
 [56]
 [50]
 [48]
 [57]
 [57]
 [57]
 [57]
 [57]
 [57]
 [57]
 [45]
 [49]] 
------------------------ Dataset: Gjk ------------------------
shape: (40, 1), dtype: uint16
Data:[[54]
 [48]
 [51]
 [53]
 [46]
 [51]
 [51]
 [52]
 [50]
 [49]
 [53]
 [57]
 [57]
 [57]
 [57]
 [57]
 [57]
 [45]
 [48]
 [32]
 [54]
 [48]
 [51]
 [53]
 [46]
 [51]
 [50]
 [57]
 [56]
 [50]
 [51]
 [57]
 [57]
 [57]
 [57]
 [57]
 [57]
 [53]
 [45]
 [49]] 
------------------------ Dataset: Gjl ------------------------
shape: (27, 1), dtype: uint16
Data:[[54]
 [48]
 [53]
 [48]
 [46]
 [57]
 [53]
 [49]
 [52]
 [51]
 [53]
 [45]
 [48]
 [32]
 [54]
 [48]
 [53]
 [48]
 [46]
 [57]
 [53]
 [53]
 [54]
 [57]
 [51]
 [45]
 [49]] 
------------------------ Dataset: Gjm ------------------------
shape: (32, 1), dtype: uint16
Data:[[54]
 [48]
 [54]
 [54]
 [46]
 [56]
 [52]
 [53]
 [55]
 [55]
 [56]
 [57]
 [57]
 [57]
 [57]
 [57]
 [57]
 [45]
 [48]
 [32]
 [54]
 [48]
 [54]
 [54]
 [46]
 [56]
 [52]
 [57]
 [55]
 [56]
 [45]
 [49]] 
------------------------ Dataset: Gjn ------------------------
shape: (33, 1), dtype: uint16
Data:[[54]
 [48]
 [56]
 [50]
 [46]
 [55]
 [55]
 [51]
 [56]
 [51]
 [53]
 [45]
 [48]
 [32]
 [54]
 [48]
 [56]
 [50]
 [46]
 [55]
 [54]
 [57]
 [55]
 [54]
 [50]
 [57]
 [57]
 [57]
 [57]
 [57]
 [57]
 [45]
 [49]] 
------------------------ Dataset: Gjo ------------------------
shape: (39, 1), dtype: uint16
Data:[[53]
 [54]
 [52]
 [51]
 [46]
 [52]
 [54]
 [57]
 [53]
 [50]
 [54]
 [57]
 [57]
 [57]
 [57]
 [57]
 [57]
 [45]
 [48]
 [32]
 [53]
 [54]
 [52]
 [51]
 [46]
 [52]
 [54]
 [53]
 [53]
 [51]
 [52]
 [57]
 [57]
 [57]
 [57]
 [57]
 [57]
 [45]
 [49]] 
------------------------ Dataset: Gjp ------------------------
shape: (34, 1), dtype: uint16
Data:[[53]
 [54]
 [53]
 [57]
 [46]
 [50]
 [49]
 [51]
 [55]
 [50]
 [49]
 [57]
 [57]
 [57]
 [57]
 [57]
 [57]
 [53]
 [45]
 [48]
 [32]
 [53]
 [54]
 [53]
 [57]
 [46]
 [50]
 [48]
 [57]
 [53]
 [53]
 [57]
 [45]
 [49]] 
------------------------ Dataset: Gjq ------------------------
shape: (31, 1), dtype: uint16
Data:[[53]
 [54]
 [55]
 [52]
 [46]
 [57]
 [50]
 [57]
 [56]
 [45]
 [48]
 [32]
 [53]
 [54]
 [55]
 [52]
 [46]
 [57]
 [50]
 [53]
 [55]
 [55]
 [56]
 [57]
 [57]
 [57]
 [57]
 [57]
 [57]
 [45]
 [49]] 
------------------------ Dataset: Gjr ------------------------
shape: (27, 1), dtype: uint16
Data:[[53]
 [54]
 [57]
 [48]
 [46]
 [54]
 [57]
 [55]
 [53]
 [48]
 [49]
 [45]
 [48]
 [32]
 [53]
 [54]
 [57]
 [48]
 [46]
 [54]
 [57]
 [51]
 [53]
 [53]
 [56]
 [45]
 [49]] 
------------------------ Dataset: Gjs ------------------------
shape: (27, 1), dtype: uint16
Data:[[54]
 [52]
 [49]
 [51]
 [46]
 [57]
 [54]
 [54]
 [48]
 [56]
 [56]
 [45]
 [48]
 [32]
 [54]
 [52]
 [49]
 [51]
 [46]
 [57]
 [55]
 [48]
 [48]
 [51]
 [55]
 [45]
 [49]] 
------------------------ Dataset: Gjt ------------------------
shape: (34, 1), dtype: uint16
Data:[[54]
 [54]
 [48]
 [54]
 [46]
 [48]
 [52]
 [49]
 [57]
 [51]
 [50]
 [57]
 [57]
 [57]
 [57]
 [57]
 [57]
 [53]
 [45]
 [48]
 [32]
 [54]
 [54]
 [48]
 [54]
 [46]
 [48]
 [52]
 [55]
 [51]
 [48]
 [57]
 [45]
 [49]] 
------------------------ Dataset: Gju ------------------------
shape: (34, 1), dtype: uint16
Data:[[54]
 [54]
 [50]
 [50]
 [46]
 [48]
 [49]
 [48]
 [51]
 [57]
 [51]
 [45]
 [48]
 [32]
 [54]
 [54]
 [50]
 [50]
 [46]
 [48]
 [49]
 [52]
 [48]
 [53]
 [49]
 [57]
 [57]
 [57]
 [57]
 [57]
 [57]
 [53]
 [45]
 [49]] 
------------------------ Dataset: Gjv ------------------------
shape: (33, 1), dtype: uint16
Data:[[54]
 [54]
 [51]
 [55]
 [46]
 [56]
 [53]
 [56]
 [51]
 [54]
 [53]
 [57]
 [57]
 [57]
 [57]
 [57]
 [57]
 [53]
 [45]
 [48]
 [32]
 [54]
 [54]
 [51]
 [55]
 [46]
 [56]
 [55]
 [48]
 [55]
 [53]
 [45]
 [49]] 
------------------------ Dataset: Gjw ------------------------
shape: (27, 1), dtype: uint16
Data:[[54]
 [54]
 [53]
 [51]
 [46]
 [52]
 [53]
 [48]
 [53]
 [57]
 [51]
 [45]
 [48]
 [32]
 [54]
 [54]
 [53]
 [51]
 [46]
 [52]
 [53]
 [55]
 [51]
 [48]
 [53]
 [45]
 [49]] 
------------------------ Dataset: Gjx ------------------------
shape: (33, 1), dtype: uint16
Data:[[54]
 [54]
 [54]
 [57]
 [46]
 [51]
 [51]
 [54]
 [50]
 [51]
 [51]
 [57]
 [57]
 [57]
 [57]
 [57]
 [57]
 [45]
 [48]
 [32]
 [54]
 [54]
 [54]
 [57]
 [46]
 [51]
 [51]
 [54]
 [53]
 [49]
 [55]
 [45]
 [49]] 
------------------------ Dataset: Gjy ------------------------
shape: (27, 1), dtype: uint16
Data:[[54]
 [54]
 [56]
 [53]
 [46]
 [50]
 [53]
 [54]
 [49]
 [53]
 [49]
 [45]
 [48]
 [32]
 [54]
 [54]
 [56]
 [53]
 [46]
 [50]
 [53]
 [54]
 [49]
 [56]
 [55]
 [45]
 [49]] 
------------------------ Dataset: Gjz ------------------------
shape: (40, 1), dtype: uint16
Data:[[53]
 [57]
 [48]
 [51]
 [46]
 [49]
 [55]
 [55]
 [56]
 [55]
 [55]
 [57]
 [57]
 [57]
 [57]
 [57]
 [57]
 [53]
 [45]
 [48]
 [32]
 [53]
 [57]
 [48]
 [51]
 [46]
 [49]
 [54]
 [57]
 [57]
 [54]
 [50]
 [57]
 [57]
 [57]
 [57]
 [57]
 [57]
 [45]
 [49]] 
------------------------ Dataset: Gk ------------------------

shape: (1, 6), dtype: uint32
Data:[[3707764736          2          1          1        576          1]] 
------------------------ Dataset: Hjb ------------------------
shape: (27, 1), dtype: uint16
Data:[[54]
 [55]
 [54]
 [54]
 [46]
 [57]
 [51]
 [56]
 [48]
 [54]
 [57]
 [45]
 [48]
 [32]
 [54]
 [55]
 [54]
 [54]
 [46]
 [57]
 [52]
 [50]
 [49]
 [49]
 [51]
 [45]
 [49]] 
------------------------ Dataset: Hjc ------------------------
shape: (26, 1), dtype: uint16
Data:[[54]
 [50]
 [55]
 [57]
 [46]
 [55]
 [51]
 [55]
 [57]
 [50]
 [45]
 [48]
 [32]
 [54]
 [50]
 [55]
 [57]
 [46]
 [55]
 [52]
 [50]
 [49]
 [52]
 [52]
 [45]
 [49]] 
------------------------ Dataset: Hjd ------------------------
shape: (39, 1), dtype: uint16
Data:[[54]
 [50]
 [57]
 [53]
 [46]
 [53]
 [49]
 [54]
 [54]
 [52]
 [51]
 [57]
 [57]
 [57]
 [57]
 [57]
 [57]
 [45]
 [48]
 [32]
 [54]
 [50]
 [57]
 [53]
 [46]
 [53]
 [49]
 [48]
 [49]
 [55]
 [52]
 [57]
 [57]
 [57]
 [57]
 [57]
 [57]
 [45]
 [49]] 
------------------------ Dataset: Hje ------------------------
shape: (26, 1), dtype: uint16
Data:[[54]
 [51]
 [49]
 [49]
 [46]
 [51]
 [54]
 [51]
 [53]
 [50]
 [53]
 [45]
 [48]
 [32]
 [54]
 [51]
 [49]
 [49]
 [46]
 [51]
 [53]
 [49]
 [50]
 [52]
 [45]
 [49]] 
------------------------ Dataset: Hjf ------------------------
shape: (39, 1), dtype: uint16
Data:[[54]
 [51]
 [50]
 [55]
 [46]
 [50]
 [51]
 [55]
 [49]
 [51]
 [57]
 [57]
 [57]
 [57]
 [57]
 [57]
 [57]
 [45]
 [48]
 [32]
 [54]
 [51]
 [50]
 [55]
 [46]
 [50]
 [50]
 [57]
 [56]
 [57]
 [54]
 [57]
 [57]
 [57]
 [57]
 [57]
 [57]
 [45]
 [49]] 
------------------------ Dataset: Hjg ------------------------
shape: (27, 1), dtype: uint16
Data:[[54]
 [51]
 [52]
 [51]
 [46]
 [48]
 [51]
 [49]
 [56]
 [57]
 [52]
 [45]
 [48]
 [32]
 [54]
 [51]
 [52]
 [51]
 [46]
 [48]
 [51]
 [49]
 [48]
 [56]
 [56]
 [45]
 [49]] 
------------------------ Dataset: Hjh ------------------------
shape: (33, 1), dtype: uint16
Data:[[54]
 [53]
 [48]
 [56]
 [46]
 [49]
 [49]
 [57]
 [55]
 [52]
 [50]
 [57]
 [57]
 [57]
 [57]
 [57]
 [57]
 [45]
 [48]
 [32]
 [54]
 [53]
 [48]
 [56]
 [46]
 [49]
 [50]
 [53]
 [48]
 [54]
 [50]
 [45]
 [49]] 
------------------------ Dataset: Hji ------------------------
shape: (39, 1), dtype: uint16
Data:[[54]
 [53]
 [50]
 [51]
 [46]
 [57]
 [53]
 [56]
 [48]
 [48]
 [49]
 [57]
 [57]
 [57]
 [57]
 [57]
 [57]
 [45]
 [48]
 [32]
 [54]
 [53]
 [50]
 [51]
 [46]
 [57]
 [53]
 [52]
 [48]
 [49]
 [52]
 [57]
 [57]
 [57]
 [57]
 [57]
 [57]
 [45]
 [49]] 
------------------------ Dataset: Hjj ------------------------
shape: (32, 1), dtype: uint16
Data:[[54]
 [48]
 [49]
 [57]
 [46]
 [53]
 [50]
 [57]
 [52]
 [50]
 [45]
 [48]
 [32]
 [54]
 [48]
 [49]
 [57]
 [46]
 [53]
 [50]
 [57]
 [51]
 [52]
 [50]
 [57]
 [57]
 [57]
 [57]
 [57]
 [57]
 [45]
 [49]] 
------------------------ Dataset: Hjk ------------------------
shape: (40, 1), dtype: uint16
Data:[[54]
 [48]
 [51]
 [53]
 [46]
 [51]
 [51]
 [52]
 [50]
 [49]
 [53]
 [57]
 [57]
 [57]
 [57]
 [57]
 [57]
 [45]
 [48]
 [32]
 [54]
 [48]
 [51]
 [53]
 [46]
 [51]
 [51]
 [55]
 [56]
 [53]
 [54]
 [57]
 [57]
 [57]
 [57]
 [57]
 [57]
 [53]
 [45]
 [49]] 
------------------------ Dataset: Hjl ------------------------
shape: (33, 1), dtype: uint16
Data:[[54]
 [48]
 [53]
 [48]
 [46]
 [57]
 [54]
 [51]
 [56]
 [48]
 [57]
 [57]
 [57]
 [57]
 [57]
 [57]
 [57]
 [45]
 [48]
 [32]
 [54]
 [48]
 [53]
 [48]
 [46]
 [57]
 [53]
 [53]
 [54]
 [57]
 [51]
 [45]
 [49]] 
------------------------ Dataset: Hjm ------------------------
shape: (32, 1), dtype: uint16
Data:[[54]
 [48]
 [54]
 [54]
 [46]
 [56]
 [53]
 [53]
 [48]
 [57]
 [56]
 [57]
 [57]
 [57]
 [57]
 [57]
 [57]
 [45]
 [48]
 [32]
 [54]
 [48]
 [54]
 [54]
 [46]
 [56]
 [52]
 [57]
 [55]
 [56]
 [45]
 [49]] 
------------------------ Dataset: Hjn ------------------------
shape: (27, 1), dtype: uint16
Data:[[54]
 [48]
 [56]
 [50]
 [46]
 [55]
 [55]
 [51]
 [56]
 [51]
 [53]
 [45]
 [48]
 [32]
 [54]
 [48]
 [56]
 [50]
 [46]
 [55]
 [55]
 [55]
 [56]
 [55]
 [51]
 [45]
 [49]] 
------------------------ Dataset: Hjo ------------------------
shape: (33, 1), dtype: uint16
Data:[[53]
 [54]
 [52]
 [51]
 [46]
 [52]
 [54]
 [57]
 [53]
 [50]
 [54]
 [57]
 [57]
 [57]
 [57]
 [57]
 [57]
 [45]
 [48]
 [32]
 [53]
 [54]
 [52]
 [51]
 [46]
 [52]
 [55]
 [51]
 [54]
 [56]
 [52]
 [45]
 [49]] 
------------------------ Dataset: Hjp ------------------------
shape: (40, 1), dtype: uint16
Data:[[53]
 [54]
 [53]
 [57]
 [46]
 [50]
 [49]
 [51]
 [55]
 [50]
 [49]
 [57]
 [57]
 [57]
 [57]
 [57]
 [57]
 [53]
 [45]
 [48]
 [32]
 [53]
 [54]
 [53]
 [57]
 [46]
 [50]
 [49]
 [55]
 [55]
 [52]
 [50]
 [57]
 [57]
 [57]
 [57]
 [57]
 [57]
 [45]
 [49]] 
------------------------ Dataset: Hjq ------------------------
shape: (25, 1), dtype: uint16
Data:[[53]
 [54]
 [55]
 [52]
 [46]
 [57]
 [50]
 [57]
 [56]
 [45]
 [48]
 [32]
 [53]
 [54]
 [55]
 [52]
 [46]
 [57]
 [51]
 [51]
 [55]
 [49]
 [54]
 [45]
 [49]] 
------------------------ Dataset: Hjr ------------------------
shape: (33, 1), dtype: uint16
Data:[[53]
 [54]
 [57]
 [48]
 [46]
 [54]
 [57]
 [55]
 [53]
 [48]
 [49]
 [45]
 [48]
 [32]
 [53]
 [54]
 [57]
 [48]
 [46]
 [55]
 [48]
 [50]
 [55]
 [57]
 [52]
 [57]
 [57]
 [57]
 [57]
 [57]
 [57]
 [45]
 [49]] 
------------------------ Dataset: Hjs ------------------------
shape: (33, 1), dtype: uint16
Data:[[54]
 [52]
 [49]
 [51]
 [46]
 [57]
 [56]
 [50]
 [50]
 [50]
 [51]
 [57]
 [57]
 [57]
 [57]
 [57]
 [57]
 [45]
 [48]
 [32]
 [54]
 [52]
 [49]
 [51]
 [46]
 [57]
 [55]
 [48]
 [48]
 [51]
 [55]
 [45]
 [49]] 
------------------------ Dataset: Hjt ------------------------
shape: (33, 1), dtype: uint16
Data:[[54]
 [54]
 [48]
 [54]
 [46]
 [48]
 [53]
 [49]
 [56]
 [51]
 [52]
 [57]
 [57]
 [57]
 [57]
 [57]
 [57]
 [45]
 [48]
 [32]
 [54]
 [54]
 [48]
 [54]
 [46]
 [48]
 [52]
 [55]
 [51]
 [48]
 [57]
 [45]
 [49]] 
------------------------ Dataset: Hju ------------------------
shape: (40, 1), dtype: uint16
Data:[[54]
 [54]
 [50]
 [50]
 [46]
 [48]
 [49]
 [56]
 [48]
 [49]
 [54]
 [57]
 [57]
 [57]
 [57]
 [57]
 [57]
 [45]
 [48]
 [32]
 [54]
 [54]
 [50]
 [50]
 [46]
 [48]
 [49]
 [52]
 [48]
 [53]
 [49]
 [57]
 [57]
 [57]
 [57]
 [57]
 [57]
 [53]
 [45]
 [49]] 
------------------------ Dataset: Hjv ------------------------
shape: (26, 1), dtype: uint16
Data:[[54]
 [54]
 [51]
 [55]
 [46]
 [56]
 [55]
 [48]
 [55]
 [55]
 [55]
 [45]
 [48]
 [32]
 [54]
 [54]
 [51]
 [55]
 [46]
 [56]
 [55]
 [48]
 [55]
 [53]
 [45]
 [49]] 
------------------------ Dataset: Hjw ------------------------
shape: (27, 1), dtype: uint16
Data:[[54]
 [54]
 [53]
 [51]
 [46]
 [52]
 [53]
 [56]
 [50]
 [50]
 [52]
 [45]
 [48]
 [32]
 [54]
 [54]
 [53]
 [51]
 [46]
 [52]
 [53]
 [55]
 [51]
 [48]
 [53]
 [45]
 [49]] 
------------------------ Dataset: Hjx ------------------------
shape: (34, 1), dtype: uint16
Data:[[54]
 [54]
 [54]
 [57]
 [46]
 [51]
 [51]
 [57]
 [56]
 [55]
 [57]
 [57]
 [57]
 [57]
 [57]
 [57]
 [57]
 [53]
 [45]
 [48]
 [32]
 [54]
 [54]
 [54]
 [57]
 [46]
 [51]
 [51]
 [54]
 [53]
 [49]
 [55]
 [45]
 [49]] 
------------------------ Dataset: Hjy ------------------------
shape: (26, 1), dtype: uint16
Data:[[54]
 [54]
 [56]
 [53]
 [46]
 [50]
 [53]
 [57]
 [48]
 [57]
 [45]
 [48]
 [32]
 [54]
 [54]
 [56]
 [53]
 [46]
 [50]
 [53]
 [54]
 [49]
 [56]
 [55]
 [45]
 [49]] 
------------------------ Dataset: Hjz ------------------------
shape: (40, 1), dtype: uint16
Data:[[53]
 [57]
 [48]
 [51]
 [46]
 [49]
 [55]
 [55]
 [56]
 [55]
 [55]
 [57]
 [57]
 [57]
 [57]
 [57]
 [57]
 [53]
 [45]
 [48]
 [32]
 [53]
 [57]
 [48]
 [51]
 [46]
 [49]
 [55]
 [55]
 [55]
 [54]
 [54]
 [57]
 [57]
 [57]
 [57]
 [57]
 [57]
 [45]
 [49]] 
------------------------ Dataset: Hk ------------------------

shape: (1, 6), dtype: uint32
Data:[[3707764736          2          1          1        577          1]] 
------------------------ Dataset: Ijb ------------------------
shape: (33, 1), dtype: uint16
Data:[[54]
 [55]
 [54]
 [54]
 [46]
 [57]
 [52]
 [54]
 [49]
 [55]
 [55]
 [57]
 [57]
 [57]
 [57]
 [57]
 [57]
 [45]
 [48]
 [32]
 [54]
 [55]
 [54]
 [54]
 [46]
 [57]
 [52]
 [50]
 [49]
 [49]
 [51]
 [45]
 [49]] 
------------------------ Dataset: Ijc ------------------------
shape: (33, 1), dtype: uint16
Data:[[54]
 [50]
 [55]
 [57]
 [46]
 [55]
 [52]
 [54]
 [48]
 [49]
 [56]
 [57]
 [57]
 [57]
 [57]
 [57]
 [57]
 [45]
 [48]
 [32]
 [54]
 [50]
 [55]
 [57]
 [46]
 [55]
 [52]
 [50]
 [49]
 [52]
 [52]
 [45]
 [49]] 
------------------------ Dataset: Ijd ------------------------
shape: (33, 1), dtype: uint16
Data:[[54]
 [50]
 [57]
 [53]
 [46]
 [53]
 [49]
 [54]
 [54]
 [52]
 [51]
 [57]
 [57]
 [57]
 [57]
 [57]
 [57]
 [45]
 [48]
 [32]
 [54]
 [50]
 [57]
 [53]
 [46]
 [53]
 [49]
 [55]
 [57]
 [52]
 [51]
 [45]
 [49]] 
------------------------ Dataset: Ije ------------------------
shape: (34, 1), dtype: uint16
Data:[[54]
 [51]
 [49]
 [49]
 [46]
 [51]
 [54]
 [51]
 [53]
 [50]
 [53]
 [45]
 [48]
 [32]
 [54]
 [51]
 [49]
 [49]
 [46]
 [51]
 [54]
 [52]
 [50]
 [54]
 [50]
 [57]
 [57]
 [57]
 [57]
 [57]
 [57]
 [53]
 [45]
 [49]] 
------------------------ Dataset: Ijf ------------------------
shape: (33, 1), dtype: uint16
Data:[[54]
 [51]
 [50]
 [55]
 [46]
 [50]
 [51]
 [55]
 [49]
 [51]
 [57]
 [57]
 [57]
 [57]
 [57]
 [57]
 [57]
 [45]
 [48]
 [32]
 [54]
 [51]
 [50]
 [55]
 [46]
 [50]
 [52]
 [48]
 [56]
 [49]
 [57]
 [45]
 [49]] 
------------------------ Dataset: Ijg ------------------------
shape: (26, 1), dtype: uint16
Data:[[54]
 [51]
 [52]
 [51]
 [46]
 [48]
 [51]
 [49]
 [56]
 [57]
 [52]
 [45]
 [48]
 [32]
 [54]
 [51]
 [52]
 [51]
 [46]
 [48]
 [51]
 [55]
 [56]
 [56]
 [45]
 [49]] 
------------------------ Dataset: Ijh ------------------------
shape: (13, 1), dtype: uint16
Data:[[54]
 [53]
 [48]
 [56]
 [46]
 [49]
 [50]
 [53]
 [48]
 [54]
 [50]
 [45]
 [49]] 
------------------------ Dataset: Iji ------------------------
shape: (40, 1), dtype: uint16
Data:[[54]
 [53]
 [50]
 [51]
 [46]
 [57]
 [53]
 [56]
 [48]
 [48]
 [49]
 [57]
 [57]
 [57]
 [57]
 [57]
 [57]
 [45]
 [48]
 [32]
 [54]
 [53]
 [50]
 [51]
 [46]
 [57]
 [54]
 [50]
 [48]
 [55]
 [52]
 [57]
 [57]
 [57]
 [57]
 [57]
 [57]
 [53]
 [45]
 [49]] 
------------------------ Dataset: Ijj ------------------------
shape: (26, 1), dtype: uint16
Data:[[54]
 [48]
 [49]
 [57]
 [46]
 [53]
 [50]
 [57]
 [52]
 [50]
 [45]
 [48]
 [32]
 [54]
 [48]
 [49]
 [57]
 [46]
 [53]
 [51]
 [52]
 [53]
 [56]
 [49]
 [45]
 [49]] 
------------------------ Dataset: Ijk ------------------------
shape: (34, 1), dtype: uint16
Data:[[54]
 [48]
 [51]
 [53]
 [46]
 [51]
 [52]
 [50]
 [48]
 [53]
 [55]
 [45]
 [48]
 [32]
 [54]
 [48]
 [51]
 [53]
 [46]
 [51]
 [51]
 [55]
 [56]
 [53]
 [54]
 [57]
 [57]
 [57]
 [57]
 [57]
 [57]
 [53]
 [45]
 [49]] 
------------------------ Dataset: Ijl ------------------------
shape: (33, 1), dtype: uint16
Data:[[54]
 [48]
 [53]
 [48]
 [46]
 [57]
 [54]
 [51]
 [56]
 [48]
 [57]
 [57]
 [57]
 [57]
 [57]
 [57]
 [57]
 [45]
 [48]
 [32]
 [54]
 [48]
 [53]
 [48]
 [46]
 [57]
 [54]
 [57]
 [55]
 [51]
 [53]
 [45]
 [49]] 
------------------------ Dataset: Ijm ------------------------
shape: (39, 1), dtype: uint16
Data:[[54]
 [48]
 [54]
 [54]
 [46]
 [56]
 [53]
 [53]
 [48]
 [57]
 [56]
 [57]
 [57]
 [57]
 [57]
 [57]
 [57]
 [45]
 [48]
 [32]
 [54]
 [48]
 [54]
 [54]
 [46]
 [56]
 [53]
 [57]
 [55]
 [55]
 [53]
 [57]
 [57]
 [57]
 [57]
 [57]
 [57]
 [45]
 [49]] 
------------------------ Dataset: Ijn ------------------------
shape: (26, 1), dtype: uint16
Data:[[54]
 [48]
 [56]
 [50]
 [46]
 [55]
 [56]
 [49]
 [54]
 [50]
 [45]
 [48]
 [32]
 [54]
 [48]
 [56]
 [50]
 [46]
 [55]
 [55]
 [55]
 [56]
 [55]
 [51]
 [45]
 [49]] 
------------------------ Dataset: Ijo ------------------------
shape: (27, 1), dtype: uint16
Data:[[53]
 [54]
 [52]
 [51]
 [46]
 [52]
 [55]
 [55]
 [53]
 [50]
 [55]
 [45]
 [48]
 [32]
 [53]
 [54]
 [52]
 [51]
 [46]
 [52]
 [55]
 [51]
 [54]
 [56]
 [52]
 [45]
 [49]] 
------------------------ Dataset: Ijp ------------------------
shape: (33, 1), dtype: uint16
Data:[[53]
 [54]
 [53]
 [57]
 [46]
 [50]
 [50]
 [49]
 [55]
 [56]
 [53]
 [45]
 [48]
 [32]
 [53]
 [54]
 [53]
 [57]
 [46]
 [50]
 [49]
 [55]
 [55]
 [52]
 [50]
 [57]
 [57]
 [57]
 [57]
 [57]
 [57]
 [45]
 [49]] 
------------------------ Dataset: Ijq ------------------------
shape: (27, 1), dtype: uint16
Data:[[53]
 [54]
 [55]
 [52]
 [46]
 [57]
 [51]
 [55]
 [55]
 [54]
 [51]
 [45]
 [48]
 [32]
 [53]
 [54]
 [55]
 [52]
 [46]
 [57]
 [51]
 [51]
 [55]
 [49]
 [54]
 [45]
 [49]] 
------------------------ Dataset: Ijr ------------------------
shape: (33, 1), dtype: uint16
Data:[[53]
 [54]
 [57]
 [48]
 [46]
 [55]
 [48]
 [55]
 [49]
 [48]
 [57]
 [45]
 [48]
 [32]
 [53]
 [54]
 [57]
 [48]
 [46]
 [55]
 [48]
 [50]
 [55]
 [57]
 [52]
 [57]
 [57]
 [57]
 [57]
 [57]
 [57]
 [45]
 [49]] 
------------------------ Dataset: Ijs ------------------------
shape: (31, 1), dtype: uint16
Data:[[54]
 [52]
 [49]
 [51]
 [46]
 [57]
 [56]
 [50]
 [50]
 [50]
 [51]
 [57]
 [57]
 [57]
 [57]
 [57]
 [57]
 [45]
 [48]
 [32]
 [54]
 [52]
 [49]
 [51]
 [46]
 [57]
 [56]
 [50]
 [51]
 [45]
 [49]] 
------------------------ Dataset: Ijt ------------------------
shape: (33, 1), dtype: uint16
Data:[[54]
 [54]
 [48]
 [54]
 [46]
 [48]
 [53]
 [49]
 [56]
 [51]
 [52]
 [57]
 [57]
 [57]
 [57]
 [57]
 [57]
 [45]
 [48]
 [32]
 [54]
 [54]
 [48]
 [54]
 [46]
 [48]
 [53]
 [55]
 [57]
 [57]
 [53]
 [45]
 [49]] 
------------------------ Dataset: Iju ------------------------
shape: (39, 1), dtype: uint16
Data:[[54]
 [54]
 [50]
 [50]
 [46]
 [48]
 [49]
 [56]
 [48]
 [49]
 [54]
 [57]
 [57]
 [57]
 [57]
 [57]
 [57]
 [45]
 [48]
 [32]
 [54]
 [54]
 [50]
 [50]
 [46]
 [48]
 [50]
 [50]
 [48]
 [57]
 [52]
 [57]
 [57]
 [57]
 [57]
 [57]
 [57]
 [45]
 [49]] 
------------------------ Dataset: Ijv ------------------------
shape: (33, 1), dtype: uint16
Data:[[54]
 [54]
 [51]
 [55]
 [46]
 [56]
 [55]
 [48]
 [55]
 [55]
 [55]
 [45]
 [48]
 [32]
 [54]
 [54]
 [51]
 [55]
 [46]
 [56]
 [55]
 [51]
 [57]
 [52]
 [49]
 [57]
 [57]
 [57]
 [57]
 [57]
 [57]
 [45]
 [49]] 
------------------------ Dataset: Ijw ------------------------
shape: (27, 1), dtype: uint16
Data:[[54]
 [54]
 [53]
 [51]
 [46]
 [52]
 [53]
 [56]
 [50]
 [50]
 [52]
 [45]
 [48]
 [32]
 [54]
 [54]
 [53]
 [51]
 [46]
 [52]
 [54]
 [50]
 [51]
 [56]
 [56]
 [45]
 [49]] 
------------------------ Dataset: Ijx ------------------------
shape: (34, 1), dtype: uint16
Data:[[54]
 [54]
 [54]
 [57]
 [46]
 [51]
 [51]
 [57]
 [56]
 [55]
 [57]
 [57]
 [57]
 [57]
 [57]
 [57]
 [57]
 [53]
 [45]
 [48]
 [32]
 [54]
 [54]
 [54]
 [57]
 [46]
 [51]
 [52]
 [50]
 [51]
 [51]
 [51]
 [45]
 [49]] 
------------------------ Dataset: Ijy ------------------------
shape: (33, 1), dtype: uint16
Data:[[54]
 [54]
 [56]
 [53]
 [46]
 [50]
 [53]
 [57]
 [48]
 [57]
 [45]
 [48]
 [32]
 [54]
 [54]
 [56]
 [53]
 [46]
 [50]
 [54]
 [50]
 [48]
 [50]
 [56]
 [57]
 [57]
 [57]
 [57]
 [57]
 [57]
 [53]
 [45]
 [49]] 
------------------------ Dataset: Ijz ------------------------
shape: (41, 1), dtype: uint16
Data:[[53]
 [57]
 [48]
 [51]
 [46]
 [49]
 [55]
 [55]
 [56]
 [55]
 [55]
 [57]
 [57]
 [57]
 [57]
 [57]
 [57]
 [53]
 [45]
 [48]
 [32]
 [53]
 [57]
 [48]
 [51]
 [46]
 [49]
 [56]
 [54]
 [53]
 [54]
 [48]
 [57]
 [57]
 [57]
 [57]
 [57]
 [57]
 [53]
 [45]
 [49]] 
------------------------ Dataset: Ik ------------------------

shape: (1, 6), dtype: uint32
Data:[[3707764736          2          1          1        578          1]] 
------------------------ Dataset: Jjb ------------------------
shape: (39, 1), dtype: uint16
Data:[[54]
 [55]
 [54]
 [54]
 [46]
 [57]
 [52]
 [54]
 [49]
 [55]
 [55]
 [57]
 [57]
 [57]
 [57]
 [57]
 [57]
 [45]
 [48]
 [32]
 [54]
 [55]
 [54]
 [54]
 [46]
 [57]
 [53]
 [52]
 [55]
 [56]
 [50]
 [57]
 [57]
 [57]
 [57]
 [57]
 [57]
 [45]
 [49]] 
------------------------ Dataset: Jjc ------------------------
shape: (33, 1), dtype: uint16
Data:[[54]
 [50]
 [55]
 [57]
 [46]
 [55]
 [52]
 [54]
 [48]
 [49]
 [56]
 [57]
 [57]
 [57]
 [57]
 [57]
 [57]
 [45]
 [48]
 [32]
 [54]
 [50]
 [55]
 [57]
 [46]
 [55]
 [53]
 [48]
 [49]
 [57]
 [54]
 [45]
 [49]] 
------------------------ Dataset: Jjd ------------------------
shape: (33, 1), dtype: uint16
Data:[[54]
 [50]
 [57]
 [53]
 [46]
 [53]
 [50]
 [49]
 [56]
 [51]
 [49]
 [57]
 [57]
 [57]
 [57]
 [57]
 [57]
 [45]
 [48]
 [32]
 [54]
 [50]
 [57]
 [53]
 [46]
 [53]
 [49]
 [55]
 [57]
 [52]
 [51]
 [45]
 [49]] 
------------------------ Dataset: Jje ------------------------
shape: (33, 1), dtype: uint16
Data:[[54]
 [51]
 [49]
 [49]
 [46]
 [51]
 [54]
 [55]
 [55]
 [56]
 [45]
 [48]
 [32]
 [54]
 [51]
 [49]
 [49]
 [46]
 [51]
 [54]
 [52]
 [50]
 [54]
 [50]
 [57]
 [57]
 [57]
 [57]
 [57]
 [57]
 [53]
 [45]
 [49]] 
------------------------ Dataset: Jjf ------------------------
shape: (27, 1), dtype: uint16
Data:[[54]
 [51]
 [50]
 [55]
 [46]
 [50]
 [52]
 [50]
 [49]
 [51]
 [52]
 [45]
 [48]
 [32]
 [54]
 [51]
 [50]
 [55]
 [46]
 [50]
 [52]
 [48]
 [56]
 [49]
 [57]
 [45]
 [49]] 
------------------------ Dataset: Jjg ------------------------
shape: (26, 1), dtype: uint16
Data:[[54]
 [51]
 [52]
 [51]
 [46]
 [48]
 [52]
 [49]
 [56]
 [55]
 [56]
 [45]
 [48]
 [32]
 [54]
 [51]
 [52]
 [51]
 [46]
 [48]
 [51]
 [55]
 [56]
 [56]
 [45]
 [49]] 
------------------------ Dataset: Jjh ------------------------
shape: (33, 1), dtype: uint16
Data:[[54]
 [53]
 [48]
 [56]
 [46]
 [49]
 [52]
 [56]
 [52]
 [51]
 [49]
 [45]
 [48]
 [32]
 [54]
 [53]
 [48]
 [56]
 [46]
 [49]
 [52]
 [56]
 [55]
 [56]
 [57]
 [57]
 [57]
 [57]
 [57]
 [57]
 [57]
 [45]
 [49]] 
------------------------ Dataset: Jji ------------------------
shape: (34, 1), dtype: uint16
Data:[[54]
 [53]
 [50]
 [51]
 [46]
 [57]
 [54]
 [54]
 [49]
 [49]
 [50]
 [45]
 [48]
 [32]
 [54]
 [53]
 [50]
 [51]
 [46]
 [57]
 [54]
 [50]
 [48]
 [55]
 [52]
 [57]
 [57]
 [57]
 [57]
 [57]
 [57]
 [53]
 [45]
 [49]] 
------------------------ Dataset: Jjj ------------------------
shape: (33, 1), dtype: uint16
Data:[[54]
 [48]
 [49]
 [57]
 [46]
 [53]
 [51]
 [52]
 [52]
 [52]
 [55]
 [57]
 [57]
 [57]
 [57]
 [57]
 [57]
 [45]
 [48]
 [32]
 [54]
 [48]
 [49]
 [57]
 [46]
 [53]
 [51]
 [52]
 [53]
 [56]
 [49]
 [45]
 [49]] 
------------------------ Dataset: Jjk ------------------------
shape: (34, 1), dtype: uint16
Data:[[54]
 [48]
 [51]
 [53]
 [46]
 [51]
 [52]
 [50]
 [48]
 [53]
 [55]
 [45]
 [48]
 [32]
 [54]
 [48]
 [51]
 [53]
 [46]
 [51]
 [52]
 [53]
 [56]
 [55]
 [56]
 [57]
 [57]
 [57]
 [57]
 [57]
 [57]
 [53]
 [45]
 [49]] 
------------------------ Dataset: Jjl ------------------------
shape: (33, 1), dtype: uint16
Data:[[54]
 [48]
 [53]
 [48]
 [46]
 [57]
 [55]
 [51]
 [54]
 [49]
 [53]
 [57]
 [57]
 [57]
 [57]
 [57]
 [57]
 [45]
 [48]
 [32]
 [54]
 [48]
 [53]
 [48]
 [46]
 [57]
 [54]
 [57]
 [55]
 [51]
 [53]
 [45]
 [49]] 
------------------------ Dataset: Jjm ------------------------
shape: (33, 1), dtype: uint16
Data:[[54]
 [48]
 [54]
 [54]
 [46]
 [56]
 [54]
 [52]
 [56]
 [49]
 [53]
 [45]
 [48]
 [32]
 [54]
 [48]
 [54]
 [54]
 [46]
 [56]
 [53]
 [57]
 [55]
 [55]
 [53]
 [57]
 [57]
 [57]
 [57]
 [57]
 [57]
 [45]
 [49]] 
------------------------ Dataset: Jjn ------------------------
shape: (33, 1), dtype: uint16
Data:[[54]
 [48]
 [56]
 [50]
 [46]
 [55]
 [56]
 [49]
 [54]
 [50]
 [45]
 [48]
 [32]
 [54]
 [48]
 [56]
 [50]
 [46]
 [55]
 [56]
 [55]
 [50]
 [48]
 [49]
 [57]
 [57]
 [57]
 [57]
 [57]
 [57]
 [53]
 [45]
 [49]] 
------------------------ Dataset: Jjo ------------------------
shape: (27, 1), dtype: uint16
Data:[[53]
 [54]
 [52]
 [51]
 [46]
 [52]
 [55]
 [55]
 [53]
 [50]
 [55]
 [45]
 [48]
 [32]
 [53]
 [54]
 [52]
 [51]
 [46]
 [52]
 [56]
 [49]
 [53]
 [56]
 [49]
 [45]
 [49]] 
------------------------ Dataset: Jjp ------------------------
shape: (33, 1), dtype: uint16
Data:[[53]
 [54]
 [53]
 [57]
 [46]
 [50]
 [50]
 [49]
 [55]
 [56]
 [53]
 [45]
 [48]
 [32]
 [53]
 [54]
 [53]
 [57]
 [46]
 [50]
 [50]
 [54]
 [50]
 [50]
 [49]
 [57]
 [57]
 [57]
 [57]
 [57]
 [57]
 [45]
 [49]] 
------------------------ Dataset: Jjq ------------------------
shape: (27, 1), dtype: uint16
Data:[[53]
 [54]
 [55]
 [52]
 [46]
 [57]
 [51]
 [55]
 [55]
 [54]
 [51]
 [45]
 [48]
 [32]
 [53]
 [54]
 [55]
 [52]
 [46]
 [57]
 [52]
 [49]
 [53]
 [54]
 [57]
 [45]
 [49]] 
------------------------ Dataset: Jjr ------------------------
shape: (33, 1), dtype: uint16
Data:[[53]
 [54]
 [57]
 [48]
 [46]
 [55]
 [48]
 [55]
 [49]
 [48]
 [57]
 [45]
 [48]
 [32]
 [53]
 [54]
 [57]
 [48]
 [46]
 [55]
 [49]
 [51]
 [48]
 [56]
 [49]
 [57]
 [57]
 [57]
 [57]
 [57]
 [57]
 [45]
 [49]] 
------------------------ Dataset: Jjs ------------------------
shape: (25, 1), dtype: uint16
Data:[[54]
 [52]
 [49]
 [51]
 [46]
 [57]
 [56]
 [53]
 [50]
 [48]
 [55]
 [45]
 [48]
 [32]
 [54]
 [52]
 [49]
 [51]
 [46]
 [57]
 [56]
 [50]
 [51]
 [45]
 [49]] 
------------------------ Dataset: Jjt ------------------------
shape: (27, 1), dtype: uint16
Data:[[54]
 [54]
 [48]
 [54]
 [46]
 [48]
 [54]
 [50]
 [57]
 [56]
 [56]
 [45]
 [48]
 [32]
 [54]
 [54]
 [48]
 [54]
 [46]
 [48]
 [53]
 [55]
 [57]
 [57]
 [53]
 [45]
 [49]] 
------------------------ Dataset: Jju ------------------------
shape: (33, 1), dtype: uint16
Data:[[54]
 [54]
 [50]
 [50]
 [46]
 [48]
 [50]
 [54]
 [50]
 [52]
 [52]
 [45]
 [48]
 [32]
 [54]
 [54]
 [50]
 [50]
 [46]
 [48]
 [50]
 [50]
 [48]
 [57]
 [52]
 [57]
 [57]
 [57]
 [57]
 [57]
 [57]
 [45]
 [49]] 
------------------------ Dataset: Jjv ------------------------
shape: (33, 1), dtype: uint16
Data:[[54]
 [54]
 [51]
 [55]
 [46]
 [56]
 [55]
 [52]
 [50]
 [50]
 [53]
 [45]
 [48]
 [32]
 [54]
 [54]
 [51]
 [55]
 [46]
 [56]
 [55]
 [51]
 [57]
 [52]
 [49]
 [57]
 [57]
 [57]
 [57]
 [57]
 [57]
 [45]
 [49]] 
------------------------ Dataset: Jjw ------------------------
shape: (27, 1), dtype: uint16
Data:[[54]
 [54]
 [53]
 [51]
 [46]
 [52]
 [54]
 [54]
 [48]
 [57]
 [56]
 [45]
 [48]
 [32]
 [54]
 [54]
 [53]
 [51]
 [46]
 [52]
 [54]
 [50]
 [51]
 [56]
 [56]
 [45]
 [49]] 
------------------------ Dataset: Jjx ------------------------
shape: (33, 1), dtype: uint16
Data:[[54]
 [54]
 [54]
 [57]
 [46]
 [51]
 [52]
 [54]
 [48]
 [55]
 [54]
 [57]
 [57]
 [57]
 [57]
 [57]
 [57]
 [45]
 [48]
 [32]
 [54]
 [54]
 [54]
 [57]
 [46]
 [51]
 [52]
 [50]
 [51]
 [51]
 [51]
 [45]
 [49]] 
------------------------ Dataset: Jjy ------------------------
shape: (34, 1), dtype: uint16
Data:[[54]
 [54]
 [56]
 [53]
 [46]
 [50]
 [54]
 [54]
 [48]
 [48]
 [56]
 [45]
 [48]
 [32]
 [54]
 [54]
 [56]
 [53]
 [46]
 [50]
 [54]
 [50]
 [48]
 [50]
 [56]
 [57]
 [57]
 [57]
 [57]
 [57]
 [57]
 [53]
 [45]
 [49]] 
------------------------ Dataset: Jjz ------------------------
shape: (34, 1), dtype: uint16
Data:[[53]
 [57]
 [48]
 [51]
 [46]
 [49]
 [57]
 [49]
 [53]
 [50]
 [55]
 [45]
 [48]
 [32]
 [53]
 [57]
 [48]
 [51]
 [46]
 [49]
 [56]
 [54]
 [53]
 [54]
 [48]
 [57]
 [57]
 [57]
 [57]
 [57]
 [57]
 [53]
 [45]
 [49]] 
------------------------ Dataset: Jk ------------------------

shape: (1, 6), dtype: uint32
Data:[[3707764736          2          1          1        579          1]] 
------------------------ Dataset: Kjb ------------------------
shape: (39, 1), dtype: uint16
Data:[[54]
 [55]
 [54]
 [54]
 [46]
 [57]
 [53]
 [56]
 [49]
 [54]
 [53]
 [57]
 [57]
 [57]
 [57]
 [57]
 [57]
 [45]
 [48]
 [32]
 [54]
 [55]
 [54]
 [54]
 [46]
 [57]
 [53]
 [52]
 [55]
 [56]
 [50]
 [57]
 [57]
 [57]
 [57]
 [57]
 [57]
 [45]
 [49]] 
------------------------ Dataset: Kjc ------------------------
shape: (33, 1), dtype: uint16
Data:[[54]
 [50]
 [55]
 [57]
 [46]
 [55]
 [53]
 [52]
 [48]
 [54]
 [55]
 [57]
 [57]
 [57]
 [57]
 [57]
 [57]
 [45]
 [48]
 [32]
 [54]
 [50]
 [55]
 [57]
 [46]
 [55]
 [53]
 [48]
 [49]
 [57]
 [54]
 [45]
 [49]] 
------------------------ Dataset: Kjd ------------------------
shape: (40, 1), dtype: uint16
Data:[[54]
 [50]
 [57]
 [53]
 [46]
 [53]
 [50]
 [49]
 [56]
 [51]
 [49]
 [57]
 [57]
 [57]
 [57]
 [57]
 [57]
 [45]
 [48]
 [32]
 [54]
 [50]
 [57]
 [53]
 [46]
 [53]
 [50]
 [53]
 [56]
 [57]
 [54]
 [57]
 [57]
 [57]
 [57]
 [57]
 [57]
 [53]
 [45]
 [49]] 
------------------------ Dataset: Kje ------------------------
shape: (26, 1), dtype: uint16
Data:[[54]
 [51]
 [49]
 [49]
 [46]
 [51]
 [54]
 [55]
 [55]
 [56]
 [45]
 [48]
 [32]
 [54]
 [51]
 [49]
 [49]
 [46]
 [51]
 [54]
 [56]
 [50]
 [52]
 [57]
 [45]
 [49]] 
------------------------ Dataset: Kjf ------------------------
shape: (34, 1), dtype: uint16
Data:[[54]
 [51]
 [50]
 [55]
 [46]
 [50]
 [52]
 [50]
 [49]
 [51]
 [52]
 [45]
 [48]
 [32]
 [54]
 [51]
 [50]
 [55]
 [46]
 [50]
 [52]
 [54]
 [48]
 [48]
 [56]
 [57]
 [57]
 [57]
 [57]
 [57]
 [57]
 [53]
 [45]
 [49]] 
------------------------ Dataset: Kjg ------------------------
shape: (27, 1), dtype: uint16
Data:[[54]
 [51]
 [52]
 [51]
 [46]
 [48]
 [52]
 [49]
 [56]
 [55]
 [56]
 [45]
 [48]
 [32]
 [54]
 [51]
 [52]
 [51]
 [46]
 [48]
 [52]
 [53]
 [57]
 [54]
 [51]
 [45]
 [49]] 
------------------------ Dataset: Kjh ------------------------
shape: (40, 1), dtype: uint16
Data:[[54]
 [53]
 [48]
 [56]
 [46]
 [49]
 [53]
 [50]
 [56]
 [52]
 [49]
 [57]
 [57]
 [57]
 [57]
 [57]
 [57]
 [53]
 [45]
 [48]
 [32]
 [54]
 [53]
 [48]
 [56]
 [46]
 [49]
 [52]
 [56]
 [55]
 [56]
 [57]
 [57]
 [57]
 [57]
 [57]
 [57]
 [57]
 [45]
 [49]] 
------------------------ Dataset: Kji ------------------------
shape: (27, 1), dtype: uint16
Data:[[54]
 [53]
 [50]
 [51]
 [46]
 [57]
 [54]
 [54]
 [49]
 [49]
 [50]
 [45]
 [48]
 [32]
 [54]
 [53]
 [50]
 [51]
 [46]
 [57]
 [55]
 [48]
 [48]
 [54]
 [51]
 [45]
 [49]] 
------------------------ Dataset: Kjj ------------------------
shape: (34, 1), dtype: uint16
Data:[[54]
 [48]
 [49]
 [57]
 [46]
 [53]
 [52]
 [49]
 [55]
 [56]
 [55]
 [57]
 [57]
 [57]
 [57]
 [57]
 [57]
 [53]
 [45]
 [48]
 [32]
 [54]
 [48]
 [49]
 [57]
 [46]
 [53]
 [51]
 [52]
 [53]
 [56]
 [49]
 [45]
 [49]] 
------------------------ Dataset: Kjk ------------------------
shape: (40, 1), dtype: uint16
Data:[[54]
 [48]
 [51]
 [53]
 [46]
 [51]
 [52]
 [57]
 [54]
 [57]
 [56]
 [57]
 [57]
 [57]
 [57]
 [57]
 [57]
 [45]
 [48]
 [32]
 [54]
 [48]
 [51]
 [53]
 [46]
 [51]
 [52]
 [53]
 [56]
 [55]
 [56]
 [57]
 [57]
 [57]
 [57]
 [57]
 [57]
 [53]
 [45]
 [49]] 
------------------------ Dataset: Kjl ------------------------
shape: (33, 1), dtype: uint16
Data:[[54]
 [48]
 [53]
 [48]
 [46]
 [57]
 [55]
 [51]
 [54]
 [49]
 [53]
 [57]
 [57]
 [57]
 [57]
 [57]
 [57]
 [45]
 [48]
 [32]
 [54]
 [48]
 [53]
 [48]
 [46]
 [57]
 [55]
 [56]
 [49]
 [52]
 [57]
 [45]
 [49]] 
------------------------ Dataset: Kjm ------------------------
shape: (33, 1), dtype: uint16
Data:[[54]
 [48]
 [54]
 [54]
 [46]
 [56]
 [54]
 [52]
 [56]
 [49]
 [53]
 [45]
 [48]
 [32]
 [54]
 [48]
 [54]
 [54]
 [46]
 [56]
 [54]
 [56]
 [48]
 [51]
 [57]
 [57]
 [57]
 [57]
 [57]
 [57]
 [57]
 [45]
 [49]] 
------------------------ Dataset: Kjn ------------------------
shape: (40, 1), dtype: uint16
Data:[[54]
 [48]
 [56]
 [50]
 [46]
 [55]
 [57]
 [49]
 [55]
 [54]
 [53]
 [57]
 [57]
 [57]
 [57]
 [57]
 [57]
 [45]
 [48]
 [32]
 [54]
 [48]
 [56]
 [50]
 [46]
 [55]
 [56]
 [55]
 [50]
 [48]
 [49]
 [57]
 [57]
 [57]
 [57]
 [57]
 [57]
 [53]
 [45]
 [49]] 
------------------------ Dataset: Kjo ------------------------
shape: (27, 1), dtype: uint16
Data:[[53]
 [54]
 [52]
 [51]
 [46]
 [52]
 [56]
 [53]
 [53]
 [49]
 [57]
 [45]
 [48]
 [32]
 [53]
 [54]
 [52]
 [51]
 [46]
 [52]
 [56]
 [49]
 [53]
 [56]
 [49]
 [45]
 [49]] 
------------------------ Dataset: Kjp ------------------------
shape: (33, 1), dtype: uint16
Data:[[53]
 [54]
 [53]
 [57]
 [46]
 [50]
 [50]
 [57]
 [55]
 [49]
 [51]
 [45]
 [48]
 [32]
 [53]
 [54]
 [53]
 [57]
 [46]
 [50]
 [50]
 [54]
 [50]
 [50]
 [49]
 [57]
 [57]
 [57]
 [57]
 [57]
 [57]
 [45]
 [49]] 
------------------------ Dataset: Kjq ------------------------
shape: (34, 1), dtype: uint16
Data:[[53]
 [54]
 [55]
 [52]
 [46]
 [57]
 [52]
 [53]
 [53]
 [54]
 [48]
 [57]
 [57]
 [57]
 [57]
 [57]
 [57]
 [53]
 [45]
 [48]
 [32]
 [53]
 [54]
 [55]
 [52]
 [46]
 [57]
 [52]
 [49]
 [53]
 [54]
 [57]
 [45]
 [49]] 
------------------------ Dataset: Kjr ------------------------
shape: (40, 1), dtype: uint16
Data:[[53]
 [54]
 [57]
 [48]
 [46]
 [55]
 [50]
 [49]
 [57]
 [48]
 [55]
 [57]
 [57]
 [57]
 [57]
 [57]
 [57]
 [53]
 [45]
 [48]
 [32]
 [53]
 [54]
 [57]
 [48]
 [46]
 [55]
 [49]
 [51]
 [48]
 [56]
 [49]
 [57]
 [57]
 [57]
 [57]
 [57]
 [57]
 [45]
 [49]] 
------------------------ Dataset: Kjs ------------------------
shape: (27, 1), dtype: uint16
Data:[[54]
 [52]
 [49]
 [51]
 [46]
 [57]
 [56]
 [53]
 [50]
 [48]
 [55]
 [45]
 [48]
 [32]
 [54]
 [52]
 [49]
 [51]
 [46]
 [57]
 [56]
 [53]
 [57]
 [54]
 [53]
 [45]
 [49]] 
------------------------ Dataset: Kjt ------------------------
shape: (27, 1), dtype: uint16
Data:[[54]
 [54]
 [48]
 [54]
 [46]
 [48]
 [54]
 [50]
 [57]
 [56]
 [56]
 [45]
 [48]
 [32]
 [54]
 [54]
 [48]
 [54]
 [46]
 [48]
 [55]
 [49]
 [53]
 [51]
 [55]
 [45]
 [49]] 
------------------------ Dataset: Kju ------------------------
shape: (33, 1), dtype: uint16
Data:[[54]
 [54]
 [50]
 [50]
 [46]
 [48]
 [50]
 [54]
 [50]
 [52]
 [52]
 [45]
 [48]
 [32]
 [54]
 [54]
 [50]
 [50]
 [46]
 [48]
 [51]
 [49]
 [51]
 [55]
 [51]
 [57]
 [57]
 [57]
 [57]
 [57]
 [57]
 [45]
 [49]] 
------------------------ Dataset: Kjv ------------------------
shape: (27, 1), dtype: uint16
Data:[[54]
 [54]
 [51]
 [55]
 [46]
 [56]
 [55]
 [52]
 [50]
 [50]
 [53]
 [45]
 [48]
 [32]
 [54]
 [54]
 [51]
 [55]
 [46]
 [56]
 [55]
 [56]
 [48]
 [57]
 [57]
 [45]
 [49]] 
------------------------ Dataset: Kjw ------------------------
shape: (26, 1), dtype: uint16
Data:[[54]
 [54]
 [53]
 [51]
 [46]
 [52]
 [54]
 [54]
 [48]
 [57]
 [56]
 [45]
 [48]
 [32]
 [54]
 [54]
 [53]
 [51]
 [46]
 [52]
 [55]
 [49]
 [48]
 [54]
 [45]
 [49]] 
------------------------ Dataset: Kjx ------------------------
shape: (33, 1), dtype: uint16
Data:[[54]
 [54]
 [54]
 [57]
 [46]
 [51]
 [52]
 [54]
 [48]
 [55]
 [54]
 [57]
 [57]
 [57]
 [57]
 [57]
 [57]
 [45]
 [48]
 [32]
 [54]
 [54]
 [54]
 [57]
 [46]
 [51]
 [53]
 [48]
 [49]
 [53]
 [49]
 [45]
 [49]] 
------------------------ Dataset: Kjy ------------------------
shape: (27, 1), dtype: uint16
Data:[[54]
 [54]
 [56]
 [53]
 [46]
 [50]
 [54]
 [54]
 [48]
 [48]
 [56]
 [45]
 [48]
 [32]
 [54]
 [54]
 [56]
 [53]
 [46]
 [50]
 [55]
 [48]
 [48]
 [50]
 [55]
 [45]
 [49]] 
------------------------ Dataset: Kjz ------------------------
shape: (27, 1), dtype: uint16
Data:[[53]
 [57]
 [48]
 [51]
 [46]
 [49]
 [57]
 [49]
 [53]
 [50]
 [55]
 [45]
 [48]
 [32]
 [53]
 [57]
 [48]
 [51]
 [46]
 [49]
 [57]
 [52]
 [56]
 [48]
 [50]
 [45]
 [49]] 
------------------------ Dataset: Kk ------------------------

shape: (1, 6), dtype: uint32
Data:[[3707764736          2          1          1        580          1]] 
------------------------ Dataset: Ljb ------------------------
shape: (40, 1), dtype: uint16
Data:[[54]
 [55]
 [54]
 [54]
 [46]
 [57]
 [53]
 [56]
 [49]
 [54]
 [53]
 [57]
 [57]
 [57]
 [57]
 [57]
 [57]
 [45]
 [48]
 [32]
 [54]
 [55]
 [54]
 [54]
 [46]
 [57]
 [53]
 [56]
 [51]
 [48]
 [53]
 [57]
 [57]
 [57]
 [57]
 [57]
 [57]
 [53]
 [45]
 [49]] 
------------------------ Dataset: Ljc ------------------------
shape: (33, 1), dtype: uint16
Data:[[54]
 [50]
 [55]
 [57]
 [46]
 [55]
 [53]
 [52]
 [48]
 [54]
 [55]
 [57]
 [57]
 [57]
 [57]
 [57]
 [57]
 [45]
 [48]
 [32]
 [54]
 [50]
 [55]
 [57]
 [46]
 [55]
 [53]
 [56]
 [49]
 [53]
 [52]
 [45]
 [49]] 
------------------------ Dataset: Ljd ------------------------
shape: (34, 1), dtype: uint16
Data:[[54]
 [50]
 [57]
 [53]
 [46]
 [53]
 [50]
 [57]
 [56]
 [50]
 [57]
 [45]
 [48]
 [32]
 [54]
 [50]
 [57]
 [53]
 [46]
 [53]
 [50]
 [53]
 [56]
 [57]
 [54]
 [57]
 [57]
 [57]
 [57]
 [57]
 [57]
 [53]
 [45]
 [49]] 
------------------------ Dataset: Lje ------------------------
shape: (33, 1), dtype: uint16
Data:[[54]
 [51]
 [49]
 [49]
 [46]
 [51]
 [55]
 [49]
 [48]
 [57]
 [57]
 [57]
 [57]
 [57]
 [57]
 [57]
 [57]
 [45]
 [48]
 [32]
 [54]
 [51]
 [49]
 [49]
 [46]
 [51]
 [54]
 [56]
 [50]
 [52]
 [57]
 [45]
 [49]] 
------------------------ Dataset: Ljf ------------------------
shape: (41, 1), dtype: uint16
Data:[[54]
 [51]
 [50]
 [55]
 [46]
 [50]
 [52]
 [57]
 [57]
 [56]
 [52]
 [57]
 [57]
 [57]
 [57]
 [57]
 [57]
 [53]
 [45]
 [48]
 [32]
 [54]
 [51]
 [50]
 [55]
 [46]
 [50]
 [52]
 [54]
 [48]
 [48]
 [56]
 [57]
 [57]
 [57]
 [57]
 [57]
 [57]
 [53]
 [45]
 [49]] 
------------------------ Dataset: Ljg ------------------------
shape: (33, 1), dtype: uint16
Data:[[54]
 [51]
 [52]
 [51]
 [46]
 [48]
 [53]
 [48]
 [49]
 [55]
 [52]
 [57]
 [57]
 [57]
 [57]
 [57]
 [57]
 [45]
 [48]
 [32]
 [54]
 [51]
 [52]
 [51]
 [46]
 [48]
 [52]
 [53]
 [57]
 [54]
 [51]
 [45]
 [49]] 
------------------------ Dataset: Ljh ------------------------
shape: (34, 1), dtype: uint16
Data:[[54]
 [53]
 [48]
 [56]
 [46]
 [49]
 [53]
 [50]
 [56]
 [52]
 [49]
 [57]
 [57]
 [57]
 [57]
 [57]
 [57]
 [53]
 [45]
 [48]
 [32]
 [54]
 [53]
 [48]
 [56]
 [46]
 [49]
 [53]
 [51]
 [54]
 [53]
 [57]
 [45]
 [49]] 
------------------------ Dataset: Lji ------------------------
shape: (27, 1), dtype: uint16
Data:[[54]
 [53]
 [50]
 [51]
 [46]
 [57]
 [55]
 [52]
 [48]
 [51]
 [55]
 [45]
 [48]
 [32]
 [54]
 [53]
 [50]
 [51]
 [46]
 [57]
 [55]
 [48]
 [48]
 [54]
 [51]
 [45]
 [49]] 
------------------------ Dataset: Ljj ------------------------
shape: (34, 1), dtype: uint16
Data:[[54]
 [48]
 [49]
 [57]
 [46]
 [53]
 [52]
 [49]
 [55]
 [56]
 [55]
 [57]
 [57]
 [57]
 [57]
 [57]
 [57]
 [53]
 [45]
 [48]
 [32]
 [54]
 [48]
 [49]
 [57]
 [46]
 [53]
 [52]
 [49]
 [55]
 [57]
 [52]
 [45]
 [49]] 
------------------------ Dataset: Ljk ------------------------
shape: (39, 1), dtype: uint16
Data:[[54]
 [48]
 [51]
 [53]
 [46]
 [51]
 [52]
 [57]
 [54]
 [57]
 [56]
 [57]
 [57]
 [57]
 [57]
 [57]
 [57]
 [45]
 [48]
 [32]
 [54]
 [48]
 [51]
 [53]
 [46]
 [51]
 [53]
 [53]
 [48]
 [56]
 [55]
 [57]
 [57]
 [57]
 [57]
 [57]
 [57]
 [45]
 [49]] 
------------------------ Dataset: Ljl ------------------------
shape: (27, 1), dtype: uint16
Data:[[54]
 [48]
 [53]
 [48]
 [46]
 [57]
 [56]
 [48]
 [51]
 [48]
 [55]
 [45]
 [48]
 [32]
 [54]
 [48]
 [53]
 [48]
 [46]
 [57]
 [55]
 [56]
 [49]
 [52]
 [57]
 [45]
 [49]] 
------------------------ Dataset: Ljm ------------------------
shape: (39, 1), dtype: uint16
Data:[[54]
 [48]
 [54]
 [54]
 [46]
 [56]
 [55]
 [49]
 [50]
 [53]
 [50]
 [57]
 [57]
 [57]
 [57]
 [57]
 [57]
 [45]
 [48]
 [32]
 [54]
 [48]
 [54]
 [54]
 [46]
 [56]
 [54]
 [56]
 [48]
 [51]
 [57]
 [57]
 [57]
 [57]
 [57]
 [57]
 [57]
 [45]
 [49]] 
------------------------ Dataset: Ljn ------------------------
shape: (33, 1), dtype: uint16
Data:[[54]
 [48]
 [56]
 [50]
 [46]
 [55]
 [57]
 [49]
 [55]
 [54]
 [53]
 [57]
 [57]
 [57]
 [57]
 [57]
 [57]
 [45]
 [48]
 [32]
 [54]
 [48]
 [56]
 [50]
 [46]
 [55]
 [57]
 [57]
 [53]
 [48]
 [55]
 [45]
 [49]] 
------------------------ Dataset: Ljo ------------------------
shape: (34, 1), dtype: uint16
Data:[[53]
 [54]
 [52]
 [51]
 [46]
 [52]
 [56]
 [53]
 [53]
 [49]
 [57]
 [45]
 [48]
 [32]
 [53]
 [54]
 [52]
 [51]
 [46]
 [52]
 [56]
 [57]
 [53]
 [49]
 [50]
 [57]
 [57]
 [57]
 [57]
 [57]
 [57]
 [53]
 [45]
 [49]] 
------------------------ Dataset: Ljp ------------------------
shape: (27, 1), dtype: uint16
Data:[[53]
 [54]
 [53]
 [57]
 [46]
 [50]
 [50]
 [57]
 [55]
 [49]
 [51]
 [45]
 [48]
 [32]
 [53]
 [54]
 [53]
 [57]
 [46]
 [50]
 [51]
 [51]
 [54]
 [53]
 [52]
 [45]
 [49]] 
------------------------ Dataset: Ljq ------------------------
shape: (34, 1), dtype: uint16
Data:[[53]
 [54]
 [55]
 [52]
 [46]
 [57]
 [52]
 [53]
 [53]
 [54]
 [48]
 [57]
 [57]
 [57]
 [57]
 [57]
 [57]
 [53]
 [45]
 [48]
 [32]
 [53]
 [54]
 [55]
 [52]
 [46]
 [57]
 [52]
 [57]
 [53]
 [48]
 [51]
 [45]
 [49]] 
------------------------ Dataset: Ljr ------------------------
shape: (41, 1), dtype: uint16
Data:[[53]
 [54]
 [57]
 [48]
 [46]
 [55]
 [50]
 [49]
 [57]
 [48]
 [55]
 [57]
 [57]
 [57]
 [57]
 [57]
 [57]
 [53]
 [45]
 [48]
 [32]
 [53]
 [54]
 [57]
 [48]
 [46]
 [55]
 [51]
 [57]
 [50]
 [57]
 [55]
 [57]
 [57]
 [57]
 [57]
 [57]
 [57]
 [53]
 [45]
 [49]] 
------------------------ Dataset: Ljs ------------------------
shape: (27, 1), dtype: uint16
Data:[[54]
 [52]
 [49]
 [51]
 [46]
 [57]
 [57]
 [48]
 [48]
 [53]
 [50]
 [45]
 [48]
 [32]
 [54]
 [52]
 [49]
 [51]
 [46]
 [57]
 [56]
 [53]
 [57]
 [54]
 [53]
 [45]
 [49]] 
------------------------ Dataset: Ljt ------------------------
shape: (27, 1), dtype: uint16
Data:[[54]
 [54]
 [48]
 [54]
 [46]
 [48]
 [55]
 [49]
 [56]
 [52]
 [57]
 [45]
 [48]
 [32]
 [54]
 [54]
 [48]
 [54]
 [46]
 [48]
 [55]
 [49]
 [53]
 [51]
 [55]
 [45]
 [49]] 
------------------------ Dataset: Lju ------------------------
shape: (39, 1), dtype: uint16
Data:[[54]
 [54]
 [50]
 [50]
 [46]
 [48]
 [51]
 [52]
 [50]
 [49]
 [48]
 [57]
 [57]
 [57]
 [57]
 [57]
 [57]
 [45]
 [48]
 [32]
 [54]
 [54]
 [50]
 [50]
 [46]
 [48]
 [51]
 [49]
 [51]
 [55]
 [51]
 [57]
 [57]
 [57]
 [57]
 [57]
 [57]
 [45]
 [49]] 
------------------------ Dataset: Ljv ------------------------
shape: (27, 1), dtype: uint16
Data:[[54]
 [54]
 [51]
 [55]
 [46]
 [56]
 [56]
 [50]
 [48]
 [56]
 [52]
 [45]
 [48]
 [32]
 [54]
 [54]
 [51]
 [55]
 [46]
 [56]
 [55]
 [56]
 [48]
 [57]
 [57]
 [45]
 [49]] 
------------------------ Dataset: Ljw ------------------------
shape: (26, 1), dtype: uint16
Data:[[54]
 [54]
 [53]
 [51]
 [46]
 [52]
 [55]
 [52]
 [48]
 [56]
 [56]
 [45]
 [48]
 [32]
 [54]
 [54]
 [53]
 [51]
 [46]
 [52]
 [55]
 [49]
 [48]
 [54]
 [45]
 [49]] 
------------------------ Dataset: Ljx ------------------------
shape: (33, 1), dtype: uint16
Data:[[54]
 [54]
 [54]
 [57]
 [46]
 [51]
 [53]
 [52]
 [48]
 [53]
 [53]
 [57]
 [57]
 [57]
 [57]
 [57]
 [57]
 [45]
 [48]
 [32]
 [54]
 [54]
 [54]
 [57]
 [46]
 [51]
 [53]
 [48]
 [49]
 [53]
 [49]
 [45]
 [49]] 
------------------------ Dataset: Ljy ------------------------
shape: (27, 1), dtype: uint16
Data:[[54]
 [54]
 [56]
 [53]
 [46]
 [50]
 [55]
 [52]
 [48]
 [52]
 [49]
 [45]
 [48]
 [32]
 [54]
 [54]
 [56]
 [53]
 [46]
 [50]
 [55]
 [48]
 [48]
 [50]
 [55]
 [45]
 [49]] 
------------------------ Dataset: Ljz ------------------------
shape: (27, 1), dtype: uint16
Data:[[53]
 [57]
 [48]
 [51]
 [46]
 [49]
 [57]
 [56]
 [55]
 [52]
 [56]
 [45]
 [48]
 [32]
 [53]
 [57]
 [48]
 [51]
 [46]
 [49]
 [57]
 [52]
 [56]
 [48]
 [50]
 [45]
 [49]] 
------------------------ Dataset: Lkb ------------------------
shape: (27, 1), dtype: uint16
Data:[[54]
 [55]
 [54]
 [55]
 [46]
 [50]
 [48]
 [54]
 [49]
 [55]
 [49]
 [45]
 [48]
 [32]
 [54]
 [55]
 [54]
 [55]
 [46]
 [50]
 [49]
 [48]
 [51]
 [48]
 [57]
 [45]
 [49]] 
------------------------ Dataset: Lkc ------------------------
shape: (27, 1), dtype: uint16
Data:[[54]
 [50]
 [56]
 [48]
 [46]
 [48]
 [48]
 [53]
 [57]
 [50]
 [49]
 [45]
 [48]
 [32]
 [54]
 [50]
 [56]
 [48]
 [46]
 [48]
 [49]
 [48]
 [50]
 [57]
 [50]
 [45]
 [49]] 
------------------------ Dataset: Lkd ------------------------
shape: (26, 1), dtype: uint16
Data:[[54]
 [50]
 [57]
 [53]
 [46]
 [55]
 [56]
 [57]
 [53]
 [52]
 [45]
 [48]
 [32]
 [54]
 [50]
 [57]
 [53]
 [46]
 [55]
 [56]
 [57]
 [52]
 [55]
 [57]
 [45]
 [49]] 
------------------------ Dataset: Lke ------------------------
shape: (26, 1), dtype: uint16
Data:[[54]
 [51]
 [49]
 [49]
 [46]
 [54]
 [50]
 [57]
 [50]
 [51]
 [45]
 [48]
 [32]
 [54]
 [51]
 [49]
 [49]
 [46]
 [54]
 [50]
 [54]
 [55]
 [50]
 [52]
 [45]
 [49]] 
------------------------ Dataset: Lkf ------------------------
shape: (27, 1), dtype: uint16
Data:[[54]
 [51]
 [50]
 [55]
 [46]
 [52]
 [57]
 [55]
 [57]
 [52]
 [53]
 [45]
 [48]
 [32]
 [54]
 [51]
 [50]
 [55]
 [46]
 [52]
 [57]
 [51]
 [57]
 [57]
 [56]
 [45]
 [49]] 
------------------------ Dataset: Lkg ------------------------
shape: (33, 1), dtype: uint16
Data:[[54]
 [51]
 [52]
 [51]
 [46]
 [51]
 [49]
 [51]
 [56]
 [56]
 [51]
 [57]
 [57]
 [57]
 [57]
 [57]
 [57]
 [45]
 [48]
 [32]
 [54]
 [51]
 [52]
 [51]
 [46]
 [51]
 [49]
 [55]
 [56]
 [56]
 [57]
 [45]
 [49]] 
------------------------ Dataset: Lkh ------------------------
shape: (32, 1), dtype: uint16
Data:[[54]
 [53]
 [48]
 [56]
 [46]
 [52]
 [48]
 [51]
 [51]
 [55]
 [48]
 [57]
 [57]
 [57]
 [57]
 [57]
 [57]
 [45]
 [48]
 [32]
 [54]
 [53]
 [48]
 [56]
 [46]
 [51]
 [57]
 [57]
 [57]
 [51]
 [45]
 [49]] 
------------------------ Dataset: Lki ------------------------
shape: (33, 1), dtype: uint16
Data:[[54]
 [53]
 [50]
 [52]
 [46]
 [50]
 [50]
 [50]
 [48]
 [48]
 [54]
 [57]
 [57]
 [57]
 [57]
 [57]
 [57]
 [45]
 [48]
 [32]
 [54]
 [53]
 [50]
 [52]
 [46]
 [50]
 [49]
 [56]
 [48]
 [56]
 [54]
 [45]
 [49]] 
------------------------ Dataset: Lkj ------------------------
shape: (34, 1), dtype: uint16
Data:[[54]
 [48]
 [49]
 [57]
 [46]
 [55]
 [57]
 [51]
 [56]
 [50]
 [54]
 [57]
 [57]
 [57]
 [57]
 [57]
 [57]
 [53]
 [45]
 [48]
 [32]
 [54]
 [48]
 [49]
 [57]
 [46]
 [55]
 [56]
 [57]
 [57]
 [49]
 [57]
 [45]
 [49]] 
------------------------ Dataset: Lkk ------------------------
shape: (33, 1), dtype: uint16
Data:[[54]
 [48]
 [51]
 [53]
 [46]
 [54]
 [50]
 [52]
 [56]
 [51]
 [54]
 [57]
 [57]
 [57]
 [57]
 [57]
 [57]
 [45]
 [48]
 [32]
 [54]
 [48]
 [51]
 [53]
 [46]
 [54]
 [49]
 [52]
 [56]
 [49]
 [53]
 [45]
 [49]] 
------------------------ Dataset: Lkl ------------------------
shape: (33, 1), dtype: uint16
Data:[[54]
 [48]
 [53]
 [49]
 [46]
 [50]
 [50]
 [50]
 [52]
 [57]
 [50]
 [57]
 [57]
 [57]
 [57]
 [57]
 [57]
 [45]
 [48]
 [32]
 [54]
 [48]
 [53]
 [49]
 [46]
 [50]
 [49]
 [56]
 [56]
 [49]
 [55]
 [45]
 [49]] 
------------------------ Dataset: Lkm ------------------------
shape: (33, 1), dtype: uint16
Data:[[54]
 [48]
 [54]
 [55]
 [46]
 [49]
 [49]
 [55]
 [56]
 [53]
 [54]
 [45]
 [48]
 [32]
 [54]
 [48]
 [54]
 [55]
 [46]
 [49]
 [49]
 [51]
 [55]
 [53]
 [52]
 [57]
 [57]
 [57]
 [57]
 [57]
 [57]
 [45]
 [49]] 
------------------------ Dataset: Lkn ------------------------
shape: (33, 1), dtype: uint16
Data:[[54]
 [48]
 [56]
 [51]
 [46]
 [48]
 [52]
 [53]
 [55]
 [55]
 [54]
 [45]
 [48]
 [32]
 [54]
 [48]
 [56]
 [51]
 [46]
 [48]
 [52]
 [57]
 [55]
 [54]
 [48]
 [57]
 [57]
 [57]
 [57]
 [57]
 [57]
 [45]
 [49]] 
------------------------ Dataset: Lko ------------------------
shape: (27, 1), dtype: uint16
Data:[[53]
 [54]
 [52]
 [51]
 [46]
 [55]
 [52]
 [50]
 [52]
 [54]
 [49]
 [45]
 [48]
 [32]
 [53]
 [54]
 [52]
 [51]
 [46]
 [55]
 [52]
 [50]
 [52]
 [48]
 [53]
 [45]
 [49]] 
------------------------ Dataset: Lkp ------------------------
shape: (27, 1), dtype: uint16
Data:[[53]
 [54]
 [53]
 [57]
 [46]
 [52]
 [57]
 [52]
 [52]
 [54]
 [54]
 [45]
 [48]
 [32]
 [53]
 [54]
 [53]
 [57]
 [46]
 [52]
 [57]
 [48]
 [53]
 [57]
 [54]
 [45]
 [49]] 
------------------------ Dataset: Lkq ------------------------
shape: (27, 1), dtype: uint16
Data:[[53]
 [54]
 [55]
 [53]
 [46]
 [49]
 [57]
 [55]
 [55]
 [56]
 [51]
 [45]
 [48]
 [32]
 [53]
 [54]
 [55]
 [53]
 [46]
 [50]
 [48]
 [49]
 [55]
 [50]
 [56]
 [45]
 [49]] 
------------------------ Dataset: Lkr ------------------------
shape: (34, 1), dtype: uint16
Data:[[53]
 [54]
 [57]
 [48]
 [46]
 [57]
 [56]
 [49]
 [53]
 [57]
 [52]
 [45]
 [48]
 [32]
 [53]
 [54]
 [57]
 [48]
 [46]
 [57]
 [55]
 [55]
 [53]
 [51]
 [56]
 [57]
 [57]
 [57]
 [57]
 [57]
 [57]
 [53]
 [45]
 [49]] 
------------------------ Dataset: Lks ------------------------
shape: (33, 1), dtype: uint16
Data:[[54]
 [52]
 [49]
 [52]
 [46]
 [50]
 [53]
 [48]
 [48]
 [56]
 [51]
 [57]
 [57]
 [57]
 [57]
 [57]
 [57]
 [45]
 [48]
 [32]
 [54]
 [52]
 [49]
 [52]
 [46]
 [50]
 [52]
 [54]
 [50]
 [50]
 [55]
 [45]
 [49]] 
------------------------ Dataset: Lkt ------------------------
shape: (39, 1), dtype: uint16
Data:[[54]
 [54]
 [48]
 [54]
 [46]
 [51]
 [49]
 [56]
 [49]
 [53]
 [50]
 [57]
 [57]
 [57]
 [57]
 [57]
 [57]
 [45]
 [48]
 [32]
 [54]
 [54]
 [48]
 [54]
 [46]
 [51]
 [50]
 [50]
 [48]
 [56]
 [51]
 [57]
 [57]
 [57]
 [57]
 [57]
 [57]
 [45]
 [49]] 
------------------------ Dataset: Lku ------------------------
shape: (33, 1), dtype: uint16
Data:[[54]
 [54]
 [50]
 [50]
 [46]
 [50]
 [56]
 [54]
 [49]
 [57]
 [51]
 [57]
 [57]
 [57]
 [57]
 [57]
 [57]
 [45]
 [48]
 [32]
 [54]
 [54]
 [50]
 [50]
 [46]
 [50]
 [56]
 [50]
 [50]
 [52]
 [57]
 [45]
 [49]] 
------------------------ Dataset: Lkv ------------------------
shape: (40, 1), dtype: uint16
Data:[[54]
 [54]
 [51]
 [56]
 [46]
 [49]
 [51]
 [52]
 [50]
 [49]
 [55]
 [57]
 [57]
 [57]
 [57]
 [57]
 [57]
 [45]
 [48]
 [32]
 [54]
 [54]
 [51]
 [56]
 [46]
 [49]
 [51]
 [48]
 [49]
 [48]
 [50]
 [57]
 [57]
 [57]
 [57]
 [57]
 [57]
 [53]
 [45]
 [49]] 
------------------------ Dataset: Lkw ------------------------
shape: (33, 1), dtype: uint16
Data:[[54]
 [54]
 [53]
 [51]
 [46]
 [55]
 [50]
 [50]
 [48]
 [56]
 [52]
 [57]
 [57]
 [57]
 [57]
 [57]
 [57]
 [45]
 [48]
 [32]
 [54]
 [54]
 [53]
 [51]
 [46]
 [55]
 [49]
 [56]
 [49]
 [56]
 [51]
 [45]
 [49]] 
------------------------ Dataset: Lkx ------------------------
shape: (40, 1), dtype: uint16
Data:[[54]
 [54]
 [54]
 [57]
 [46]
 [54]
 [48]
 [50]
 [49]
 [49]
 [48]
 [57]
 [57]
 [57]
 [57]
 [57]
 [57]
 [45]
 [48]
 [32]
 [54]
 [54]
 [54]
 [57]
 [46]
 [54]
 [48]
 [54]
 [54]
 [52]
 [51]
 [57]
 [57]
 [57]
 [57]
 [57]
 [57]
 [53]
 [45]
 [49]] 
------------------------ Dataset: Lky ------------------------
shape: (34, 1), dtype: uint16
Data:[[54]
 [54]
 [56]
 [53]
 [46]
 [53]
 [52]
 [50]
 [48]
 [55]
 [55]
 [57]
 [57]
 [57]
 [57]
 [57]
 [57]
 [53]
 [45]
 [48]
 [32]
 [54]
 [54]
 [56]
 [53]
 [46]
 [53]
 [52]
 [49]
 [56]
 [52]
 [56]
 [45]
 [49]] 
------------------------ Dataset: Lkz ------------------------
shape: (39, 1), dtype: uint16
Data:[[53]
 [57]
 [48]
 [51]
 [46]
 [52]
 [52]
 [53]
 [54]
 [57]
 [57]
 [57]
 [57]
 [57]
 [57]
 [57]
 [57]
 [45]
 [48]
 [32]
 [53]
 [57]
 [48]
 [51]
 [46]
 [52]
 [52]
 [49]
 [54]
 [52]
 [53]
 [57]
 [57]
 [57]
 [57]
 [57]
 [57]
 [45]
 [49]] 
------------------------ Dataset: Ll ------------------------

