shape: (1, 6), dtype: uint32
Data:[[3707764736          2          1          1       1661          1]] 
------------------------ Dataset: DBb ------------------------
shape: (27, 1), dtype: uint16
Data:[[54]
 [55]
 [55]
 [49]
 [46]
 [53]
 [49]
 [52]
 [57]
 [54]
 [54]
 [45]
 [48]
 [32]
 [54]
 [55]
 [55]
 [49]
 [46]
 [53]
 [49]
 [56]
 [49]
 [50]
 [49]
 [45]
 [49]] 
------------------------ Dataset: DBc ------------------------
shape: (26, 1), dtype: uint16
Data:[[54]
 [50]
 [56]
 [52]
 [46]
 [50]
 [57]
 [57]
 [54]
 [50]
 [45]
 [48]
 [32]
 [54]
 [50]
 [56]
 [52]
 [46]
 [51]
 [48]
 [50]
 [49]
 [48]
 [50]
 [45]
 [49]] 
------------------------ Dataset: DBd ------------------------
shape: (13, 1), dtype: uint16
Data:[[54]
 [51]
 [48]
 [48]
 [46]
 [48]
 [54]
 [53]
 [51]
 [52]
 [55]
 [45]
 [49]] 
------------------------ Dataset: DBe ------------------------
shape: (27, 1), dtype: uint16
Data:[[54]
 [51]
 [49]
 [53]
 [46]
 [57]
 [52]
 [53]
 [56]
 [54]
 [53]
 [45]
 [48]
 [32]
 [54]
 [51]
 [49]
 [53]
 [46]
 [57]
 [52]
 [49]
 [57]
 [57]
 [57]
 [45]
 [49]] 
------------------------ Dataset: DBf ------------------------
shape: (27, 1), dtype: uint16
Data:[[54]
 [51]
 [51]
 [49]
 [46]
 [55]
 [54]
 [55]
 [55]
 [51]
 [57]
 [45]
 [48]
 [32]
 [54]
 [51]
 [51]
 [49]
 [46]
 [55]
 [55]
 [51]
 [56]
 [53]
 [57]
 [45]
 [49]] 
------------------------ Dataset: DBg ------------------------
shape: (33, 1), dtype: uint16
Data:[[54]
 [52]
 [57]
 [54]
 [46]
 [57]
 [50]
 [54]
 [51]
 [54]
 [51]
 [45]
 [48]
 [32]
 [54]
 [52]
 [57]
 [54]
 [46]
 [57]
 [51]
 [49]
 [56]
 [53]
 [56]
 [57]
 [57]
 [57]
 [57]
 [57]
 [57]
 [45]
 [49]] 
------------------------ Dataset: DBh ------------------------
shape: (13, 1), dtype: uint16
Data:[[54]
 [53]
 [49]
 [50]
 [46]
 [54]
 [57]
 [56]
 [56]
 [52]
 [52]
 [45]
 [48]] 
------------------------ Dataset: DBi ------------------------
shape: (27, 1), dtype: uint16
Data:[[54]
 [53]
 [50]
 [56]
 [46]
 [53]
 [50]
 [50]
 [49]
 [48]
 [53]
 [45]
 [48]
 [32]
 [54]
 [53]
 [50]
 [56]
 [46]
 [53]
 [50]
 [54]
 [54]
 [52]
 [50]
 [45]
 [49]] 
------------------------ Dataset: DBj ------------------------
shape: (33, 1), dtype: uint16
Data:[[54]
 [48]
 [50]
 [52]
 [46]
 [48]
 [57]
 [51]
 [56]
 [50]
 [53]
 [57]
 [57]
 [57]
 [57]
 [57]
 [57]
 [45]
 [48]
 [32]
 [54]
 [48]
 [50]
 [52]
 [46]
 [48]
 [57]
 [57]
 [50]
 [48]
 [52]
 [45]
 [49]] 
------------------------ Dataset: DBk ------------------------
shape: (33, 1), dtype: uint16
Data:[[54]
 [48]
 [51]
 [57]
 [46]
 [56]
 [53]
 [53]
 [55]
 [51]
 [55]
 [45]
 [48]
 [32]
 [54]
 [48]
 [51]
 [57]
 [46]
 [56]
 [53]
 [53]
 [54]
 [55]
 [53]
 [57]
 [57]
 [57]
 [57]
 [57]
 [57]
 [45]
 [49]] 
------------------------ Dataset: DBl ------------------------
shape: (27, 1), dtype: uint16
Data:[[54]
 [48]
 [53]
 [53]
 [46]
 [53]
 [49]
 [53]
 [50]
 [51]
 [50]
 [45]
 [48]
 [32]
 [54]
 [48]
 [53]
 [53]
 [46]
 [53]
 [50]
 [49]
 [56]
 [55]
 [52]
 [45]
 [49]] 
------------------------ Dataset: DBm ------------------------
shape: (27, 1), dtype: uint16
Data:[[54]
 [48]
 [55]
 [49]
 [46]
 [52]
 [54]
 [49]
 [55]
 [54]
 [50]
 [45]
 [48]
 [32]
 [54]
 [48]
 [55]
 [49]
 [46]
 [52]
 [52]
 [57]
 [55]
 [53]
 [53]
 [45]
 [49]] 
------------------------ Dataset: DBn ------------------------
shape: (34, 1), dtype: uint16
Data:[[53]
 [54]
 [51]
 [50]
 [46]
 [51]
 [50]
 [53]
 [54]
 [53]
 [49]
 [57]
 [57]
 [57]
 [57]
 [57]
 [57]
 [53]
 [45]
 [48]
 [32]
 [53]
 [54]
 [51]
 [50]
 [46]
 [51]
 [50]
 [49]
 [54]
 [49]
 [50]
 [45]
 [49]] 
------------------------ Dataset: DBo ------------------------
shape: (27, 1), dtype: uint16
Data:[[53]
 [54]
 [52]
 [56]
 [46]
 [48]
 [49]
 [51]
 [52]
 [54]
 [52]
 [45]
 [48]
 [32]
 [53]
 [54]
 [52]
 [56]
 [46]
 [48]
 [48]
 [57]
 [53]
 [53]
 [51]
 [45]
 [49]] 
------------------------ Dataset: DBp ------------------------
shape: (27, 1), dtype: uint16
Data:[[53]
 [54]
 [54]
 [51]
 [46]
 [55]
 [52]
 [53]
 [53]
 [51]
 [53]
 [45]
 [48]
 [32]
 [53]
 [54]
 [54]
 [51]
 [46]
 [55]
 [52]
 [49]
 [53]
 [51]
 [55]
 [45]
 [49]] 
------------------------ Dataset: DBq ------------------------
shape: (26, 1), dtype: uint16
Data:[[53]
 [54]
 [55]
 [57]
 [46]
 [52]
 [56]
 [57]
 [53]
 [51]
 [45]
 [48]
 [32]
 [53]
 [54]
 [55]
 [57]
 [46]
 [52]
 [56]
 [53]
 [53]
 [55]
 [54]
 [45]
 [49]] 
------------------------ Dataset: DBr ------------------------
shape: (34, 1), dtype: uint16
Data:[[53]
 [56]
 [48]
 [53]
 [46]
 [55]
 [57]
 [52]
 [50]
 [55]
 [54]
 [45]
 [48]
 [32]
 [53]
 [56]
 [48]
 [53]
 [46]
 [55]
 [57]
 [48]
 [52]
 [50]
 [50]
 [57]
 [57]
 [57]
 [57]
 [57]
 [57]
 [53]
 [45]
 [49]] 
------------------------ Dataset: DBs ------------------------
shape: (27, 1), dtype: uint16
Data:[[54]
 [52]
 [49]
 [56]
 [46]
 [53]
 [53]
 [53]
 [49]
 [49]
 [57]
 [45]
 [48]
 [32]
 [54]
 [52]
 [49]
 [56]
 [46]
 [53]
 [53]
 [57]
 [57]
 [53]
 [50]
 [45]
 [49]] 
------------------------ Dataset: DBt ------------------------
shape: (39, 1), dtype: uint16
Data:[[54]
 [54]
 [49]
 [48]
 [46]
 [54]
 [51]
 [52]
 [48]
 [54]
 [52]
 [57]
 [57]
 [57]
 [57]
 [57]
 [57]
 [45]
 [48]
 [32]
 [54]
 [54]
 [49]
 [48]
 [46]
 [54]
 [51]
 [57]
 [51]
 [51]
 [56]
 [57]
 [57]
 [57]
 [57]
 [57]
 [57]
 [45]
 [49]] 
------------------------ Dataset: DBu ------------------------
shape: (39, 1), dtype: uint16
Data:[[54]
 [54]
 [50]
 [54]
 [46]
 [53]
 [55]
 [48]
 [50]
 [57]
 [49]
 [57]
 [57]
 [57]
 [57]
 [57]
 [57]
 [45]
 [48]
 [32]
 [54]
 [54]
 [50]
 [54]
 [46]
 [53]
 [55]
 [52]
 [49]
 [57]
 [52]
 [57]
 [57]
 [57]
 [57]
 [57]
 [57]
 [45]
 [49]] 
------------------------ Dataset: DBv ------------------------
shape: (27, 1), dtype: uint16
Data:[[54]
 [54]
 [52]
 [50]
 [46]
 [51]
 [53]
 [52]
 [49]
 [52]
 [52]
 [45]
 [48]
 [32]
 [54]
 [54]
 [52]
 [50]
 [46]
 [51]
 [53]
 [48]
 [50]
 [49]
 [51]
 [45]
 [49]] 
------------------------ Dataset: DBw ------------------------
shape: (27, 1), dtype: uint16
Data:[[54]
 [54]
 [53]
 [56]
 [46]
 [48]
 [54]
 [55]
 [54]
 [53]
 [50]
 [45]
 [48]
 [32]
 [54]
 [54]
 [53]
 [56]
 [46]
 [48]
 [53]
 [52]
 [48]
 [49]
 [56]
 [45]
 [49]] 
------------------------ Dataset: DBx ------------------------
shape: (27, 1), dtype: uint16
Data:[[54]
 [54]
 [55]
 [51]
 [46]
 [57]
 [51]
 [52]
 [48]
 [55]
 [53]
 [45]
 [48]
 [32]
 [54]
 [54]
 [55]
 [51]
 [46]
 [57]
 [51]
 [48]
 [49]
 [52]
 [51]
 [45]
 [49]] 
------------------------ Dataset: DBy ------------------------
shape: (27, 1), dtype: uint16
Data:[[54]
 [54]
 [56]
 [57]
 [46]
 [56]
 [52]
 [54]
 [48]
 [56]
 [50]
 [45]
 [48]
 [32]
 [54]
 [54]
 [56]
 [57]
 [46]
 [56]
 [53]
 [52]
 [48]
 [50]
 [57]
 [45]
 [49]] 
------------------------ Dataset: DBz ------------------------
shape: (33, 1), dtype: uint16
Data:[[53]
 [57]
 [48]
 [55]
 [46]
 [55]
 [52]
 [53]
 [54]
 [56]
 [48]
 [57]
 [57]
 [57]
 [57]
 [57]
 [57]
 [45]
 [48]
 [32]
 [53]
 [57]
 [48]
 [55]
 [46]
 [55]
 [52]
 [57]
 [55]
 [50]
 [50]
 [45]
 [49]] 
------------------------ Dataset: DC ------------------------

shape: (1, 6), dtype: uint32
Data:[[3707764736          2          1          1       1662          1]] 
------------------------ Dataset: EBb ------------------------
shape: (33, 1), dtype: uint16
Data:[[54]
 [55]
 [55]
 [49]
 [46]
 [53]
 [50]
 [50]
 [49]
 [51]
 [55]
 [57]
 [57]
 [57]
 [57]
 [57]
 [57]
 [45]
 [48]
 [32]
 [54]
 [55]
 [55]
 [49]
 [46]
 [53]
 [49]
 [56]
 [49]
 [50]
 [49]
 [45]
 [49]] 
------------------------ Dataset: EBc ------------------------
shape: (26, 1), dtype: uint16
Data:[[54]
 [50]
 [56]
 [52]
 [46]
 [51]
 [48]
 [53]
 [57]
 [50]
 [45]
 [48]
 [32]
 [54]
 [50]
 [56]
 [52]
 [46]
 [51]
 [48]
 [50]
 [49]
 [48]
 [50]
 [45]
 [49]] 
------------------------ Dataset: EBd ------------------------
shape: (13, 1), dtype: uint16
Data:[[54]
 [51]
 [48]
 [48]
 [46]
 [48]
 [54]
 [54]
 [49]
 [49]
 [53]
 [45]
 [48]] 
------------------------ Dataset: EBe ------------------------
shape: (27, 1), dtype: uint16
Data:[[54]
 [51]
 [49]
 [53]
 [46]
 [57]
 [52]
 [53]
 [56]
 [54]
 [53]
 [45]
 [48]
 [32]
 [54]
 [51]
 [49]
 [53]
 [46]
 [57]
 [53]
 [53]
 [54]
 [49]
 [50]
 [45]
 [49]] 
------------------------ Dataset: EBf ------------------------
shape: (27, 1), dtype: uint16
Data:[[54]
 [51]
 [51]
 [49]
 [46]
 [55]
 [55]
 [51]
 [56]
 [54]
 [55]
 [45]
 [48]
 [32]
 [54]
 [51]
 [51]
 [49]
 [46]
 [55]
 [55]
 [51]
 [56]
 [53]
 [57]
 [45]
 [49]] 
------------------------ Dataset: EBg ------------------------
shape: (33, 1), dtype: uint16
Data:[[54]
 [52]
 [57]
 [54]
 [46]
 [57]
 [51]
 [52]
 [51]
 [52]
 [57]
 [45]
 [48]
 [32]
 [54]
 [52]
 [57]
 [54]
 [46]
 [57]
 [51]
 [49]
 [56]
 [53]
 [56]
 [57]
 [57]
 [57]
 [57]
 [57]
 [57]
 [45]
 [49]] 
------------------------ Dataset: EBh ------------------------
shape: (19, 1), dtype: uint16
Data:[[54]
 [53]
 [49]
 [50]
 [46]
 [55]
 [48]
 [54]
 [48]
 [55]
 [50]
 [57]
 [57]
 [57]
 [57]
 [57]
 [57]
 [45]
 [49]] 
------------------------ Dataset: EBi ------------------------
shape: (33, 1), dtype: uint16
Data:[[54]
 [53]
 [50]
 [56]
 [46]
 [53]
 [51]
 [48]
 [57]
 [50]
 [53]
 [57]
 [57]
 [57]
 [57]
 [57]
 [57]
 [45]
 [48]
 [32]
 [54]
 [53]
 [50]
 [56]
 [46]
 [53]
 [50]
 [54]
 [54]
 [52]
 [50]
 [45]
 [49]] 
------------------------ Dataset: EBj ------------------------
shape: (27, 1), dtype: uint16
Data:[[54]
 [48]
 [50]
 [52]
 [46]
 [49]
 [48]
 [52]
 [56]
 [55]
 [49]
 [45]
 [48]
 [32]
 [54]
 [48]
 [50]
 [52]
 [46]
 [48]
 [57]
 [57]
 [50]
 [48]
 [52]
 [45]
 [49]] 
------------------------ Dataset: EBk ------------------------
shape: (27, 1), dtype: uint16
Data:[[54]
 [48]
 [51]
 [57]
 [46]
 [56]
 [53]
 [53]
 [55]
 [51]
 [55]
 [45]
 [48]
 [32]
 [54]
 [48]
 [51]
 [57]
 [46]
 [56]
 [53]
 [56]
 [53]
 [48]
 [54]
 [45]
 [49]] 
------------------------ Dataset: EBl ------------------------
shape: (27, 1), dtype: uint16
Data:[[54]
 [48]
 [53]
 [53]
 [46]
 [53]
 [50]
 [49]
 [56]
 [55]
 [52]
 [45]
 [48]
 [32]
 [54]
 [48]
 [53]
 [53]
 [46]
 [53]
 [50]
 [49]
 [56]
 [55]
 [52]
 [45]
 [49]] 
------------------------ Dataset: EBm ------------------------
shape: (33, 1), dtype: uint16
Data:[[54]
 [48]
 [55]
 [49]
 [46]
 [52]
 [54]
 [49]
 [55]
 [54]
 [50]
 [45]
 [48]
 [32]
 [54]
 [48]
 [55]
 [49]
 [46]
 [52]
 [53]
 [55]
 [54]
 [56]
 [52]
 [57]
 [57]
 [57]
 [57]
 [57]
 [57]
 [45]
 [49]] 
------------------------ Dataset: EBn ------------------------
shape: (41, 1), dtype: uint16
Data:[[53]
 [54]
 [51]
 [50]
 [46]
 [51]
 [50]
 [53]
 [54]
 [53]
 [49]
 [57]
 [57]
 [57]
 [57]
 [57]
 [57]
 [53]
 [45]
 [48]
 [32]
 [53]
 [54]
 [51]
 [50]
 [46]
 [51]
 [50]
 [57]
 [53]
 [52]
 [57]
 [57]
 [57]
 [57]
 [57]
 [57]
 [57]
 [53]
 [45]
 [49]] 
------------------------ Dataset: EBo ------------------------
shape: (27, 1), dtype: uint16
Data:[[53]
 [54]
 [52]
 [56]
 [46]
 [48]
 [49]
 [51]
 [52]
 [54]
 [52]
 [45]
 [48]
 [32]
 [53]
 [54]
 [52]
 [56]
 [46]
 [48]
 [49]
 [55]
 [55]
 [57]
 [53]
 [45]
 [49]] 
------------------------ Dataset: EBp ------------------------
shape: (27, 1), dtype: uint16
Data:[[53]
 [54]
 [54]
 [51]
 [46]
 [55]
 [52]
 [53]
 [53]
 [51]
 [53]
 [45]
 [48]
 [32]
 [53]
 [54]
 [54]
 [51]
 [46]
 [55]
 [52]
 [57]
 [55]
 [54]
 [54]
 [45]
 [49]] 
------------------------ Dataset: EBq ------------------------
shape: (32, 1), dtype: uint16
Data:[[53]
 [54]
 [55]
 [57]
 [46]
 [52]
 [56]
 [57]
 [53]
 [51]
 [45]
 [48]
 [32]
 [53]
 [54]
 [55]
 [57]
 [46]
 [52]
 [57]
 [51]
 [54]
 [52]
 [54]
 [57]
 [57]
 [57]
 [57]
 [57]
 [57]
 [45]
 [49]] 
------------------------ Dataset: EBr ------------------------
shape: (33, 1), dtype: uint16
Data:[[53]
 [56]
 [48]
 [53]
 [46]
 [55]
 [57]
 [52]
 [50]
 [55]
 [54]
 [45]
 [48]
 [32]
 [53]
 [56]
 [48]
 [53]
 [46]
 [55]
 [57]
 [55]
 [57]
 [52]
 [49]
 [57]
 [57]
 [57]
 [57]
 [57]
 [57]
 [45]
 [49]] 
------------------------ Dataset: EBs ------------------------
shape: (27, 1), dtype: uint16
Data:[[54]
 [52]
 [49]
 [56]
 [46]
 [53]
 [54]
 [49]
 [54]
 [55]
 [55]
 [45]
 [48]
 [32]
 [54]
 [52]
 [49]
 [56]
 [46]
 [53]
 [53]
 [57]
 [57]
 [53]
 [50]
 [45]
 [49]] 
------------------------ Dataset: EBt ------------------------
shape: (33, 1), dtype: uint16
Data:[[54]
 [54]
 [49]
 [48]
 [46]
 [54]
 [52]
 [51]
 [56]
 [51]
 [56]
 [45]
 [48]
 [32]
 [54]
 [54]
 [49]
 [48]
 [46]
 [54]
 [51]
 [57]
 [51]
 [51]
 [56]
 [57]
 [57]
 [57]
 [57]
 [57]
 [57]
 [45]
 [49]] 
------------------------ Dataset: EBu ------------------------
shape: (33, 1), dtype: uint16
Data:[[54]
 [54]
 [50]
 [54]
 [46]
 [53]
 [55]
 [56]
 [49]
 [54]
 [53]
 [45]
 [48]
 [32]
 [54]
 [54]
 [50]
 [54]
 [46]
 [53]
 [55]
 [52]
 [49]
 [57]
 [52]
 [57]
 [57]
 [57]
 [57]
 [57]
 [57]
 [45]
 [49]] 
------------------------ Dataset: EBv ------------------------
shape: (27, 1), dtype: uint16
Data:[[54]
 [54]
 [52]
 [50]
 [46]
 [51]
 [53]
 [52]
 [49]
 [52]
 [52]
 [45]
 [48]
 [32]
 [54]
 [54]
 [52]
 [50]
 [46]
 [51]
 [53]
 [56]
 [50]
 [52]
 [52]
 [45]
 [49]] 
------------------------ Dataset: EBw ------------------------
shape: (33, 1), dtype: uint16
Data:[[54]
 [54]
 [53]
 [56]
 [46]
 [48]
 [54]
 [55]
 [54]
 [53]
 [50]
 [45]
 [48]
 [32]
 [54]
 [54]
 [53]
 [56]
 [46]
 [48]
 [54]
 [55]
 [53]
 [55]
 [50]
 [57]
 [57]
 [57]
 [57]
 [57]
 [57]
 [45]
 [49]] 
------------------------ Dataset: EBx ------------------------
shape: (33, 1), dtype: uint16
Data:[[54]
 [54]
 [55]
 [51]
 [46]
 [57]
 [51]
 [52]
 [48]
 [55]
 [53]
 [45]
 [48]
 [32]
 [54]
 [54]
 [55]
 [51]
 [46]
 [57]
 [52]
 [50]
 [49]
 [48]
 [50]
 [57]
 [57]
 [57]
 [57]
 [57]
 [57]
 [45]
 [49]] 
------------------------ Dataset: EBy ------------------------
shape: (27, 1), dtype: uint16
Data:[[54]
 [54]
 [56]
 [57]
 [46]
 [56]
 [53]
 [52]
 [48]
 [50]
 [51]
 [45]
 [48]
 [32]
 [54]
 [54]
 [56]
 [57]
 [46]
 [56]
 [53]
 [52]
 [48]
 [50]
 [57]
 [45]
 [49]] 
------------------------ Dataset: EBz ------------------------
shape: (26, 1), dtype: uint16
Data:[[53]
 [57]
 [48]
 [55]
 [46]
 [55]
 [53]
 [51]
 [55]
 [53]
 [45]
 [48]
 [32]
 [53]
 [57]
 [48]
 [55]
 [46]
 [55]
 [52]
 [57]
 [55]
 [50]
 [50]
 [45]
 [49]] 
------------------------ Dataset: EC ------------------------

shape: (1, 6), dtype: uint32
Data:[[3707764736          2          1          1       1663          1]] 
------------------------ Dataset: FBb ------------------------
shape: (39, 1), dtype: uint16
Data:[[54]
 [55]
 [55]
 [49]
 [46]
 [53]
 [50]
 [50]
 [49]
 [51]
 [55]
 [57]
 [57]
 [57]
 [57]
 [57]
 [57]
 [45]
 [48]
 [32]
 [54]
 [55]
 [55]
 [49]
 [46]
 [53]
 [50]
 [54]
 [48]
 [56]
 [54]
 [57]
 [57]
 [57]
 [57]
 [57]
 [57]
 [45]
 [49]] 
------------------------ Dataset: FBc ------------------------
shape: (26, 1), dtype: uint16
Data:[[54]
 [50]
 [56]
 [52]
 [46]
 [51]
 [48]
 [53]
 [57]
 [50]
 [45]
 [48]
 [32]
 [54]
 [50]
 [56]
 [52]
 [46]
 [51]
 [48]
 [57]
 [57]
 [56]
 [56]
 [45]
 [49]] 
------------------------ Dataset: FBd ------------------------
shape: (13, 1), dtype: uint16
Data:[[54]
 [51]
 [48]
 [48]
 [46]
 [48]
 [55]
 [49]
 [48]
 [53]
 [51]
 [45]
 [49]] 
------------------------ Dataset: FBe ------------------------
shape: (26, 1), dtype: uint16
Data:[[54]
 [51]
 [49]
 [53]
 [46]
 [57]
 [53]
 [54]
 [49]
 [54]
 [45]
 [48]
 [32]
 [54]
 [51]
 [49]
 [53]
 [46]
 [57]
 [53]
 [53]
 [54]
 [49]
 [50]
 [45]
 [49]] 
------------------------ Dataset: FBf ------------------------
shape: (27, 1), dtype: uint16
Data:[[54]
 [51]
 [51]
 [49]
 [46]
 [55]
 [55]
 [51]
 [56]
 [54]
 [55]
 [45]
 [48]
 [32]
 [54]
 [51]
 [51]
 [49]
 [46]
 [55]
 [56]
 [49]
 [56]
 [56]
 [54]
 [45]
 [49]] 
------------------------ Dataset: FBg ------------------------
shape: (33, 1), dtype: uint16
Data:[[54]
 [52]
 [57]
 [54]
 [46]
 [57]
 [51]
 [52]
 [51]
 [52]
 [57]
 [45]
 [48]
 [32]
 [54]
 [52]
 [57]
 [54]
 [46]
 [57]
 [51]
 [55]
 [57]
 [56]
 [51]
 [57]
 [57]
 [57]
 [57]
 [57]
 [57]
 [45]
 [49]] 
------------------------ Dataset: FBh ------------------------
shape: (19, 1), dtype: uint16
Data:[[54]
 [53]
 [49]
 [50]
 [46]
 [55]
 [48]
 [54]
 [48]
 [55]
 [50]
 [57]
 [57]
 [57]
 [57]
 [57]
 [57]
 [45]
 [48]] 
------------------------ Dataset: FBi ------------------------
shape: (33, 1), dtype: uint16
Data:[[54]
 [53]
 [50]
 [56]
 [46]
 [53]
 [51]
 [48]
 [57]
 [50]
 [53]
 [57]
 [57]
 [57]
 [57]
 [57]
 [57]
 [45]
 [48]
 [32]
 [54]
 [53]
 [50]
 [56]
 [46]
 [53]
 [51]
 [52]
 [52]
 [48]
 [57]
 [45]
 [49]] 
------------------------ Dataset: FBj ------------------------
shape: (27, 1), dtype: uint16
Data:[[54]
 [48]
 [50]
 [52]
 [46]
 [49]
 [48]
 [52]
 [56]
 [55]
 [49]
 [45]
 [48]
 [32]
 [54]
 [48]
 [50]
 [52]
 [46]
 [49]
 [49]
 [49]
 [57]
 [48]
 [50]
 [45]
 [49]] 
------------------------ Dataset: FBk ------------------------
shape: (33, 1), dtype: uint16
Data:[[54]
 [48]
 [51]
 [57]
 [46]
 [56]
 [54]
 [49]
 [56]
 [56]
 [57]
 [57]
 [57]
 [57]
 [57]
 [57]
 [57]
 [45]
 [48]
 [32]
 [54]
 [48]
 [51]
 [57]
 [46]
 [56]
 [53]
 [56]
 [53]
 [48]
 [54]
 [45]
 [49]] 
------------------------ Dataset: FBl ------------------------
shape: (25, 1), dtype: uint16
Data:[[54]
 [48]
 [53]
 [53]
 [46]
 [53]
 [50]
 [49]
 [56]
 [55]
 [52]
 [45]
 [48]
 [32]
 [54]
 [48]
 [53]
 [53]
 [46]
 [53]
 [51]
 [48]
 [54]
 [45]
 [49]] 
------------------------ Dataset: FBm ------------------------
shape: (27, 1), dtype: uint16
Data:[[54]
 [48]
 [55]
 [49]
 [46]
 [52]
 [54]
 [49]
 [55]
 [54]
 [50]
 [45]
 [48]
 [32]
 [54]
 [48]
 [55]
 [49]
 [46]
 [52]
 [54]
 [53]
 [55]
 [52]
 [57]
 [45]
 [49]] 
------------------------ Dataset: FBn ------------------------
shape: (34, 1), dtype: uint16
Data:[[53]
 [54]
 [51]
 [50]
 [46]
 [51]
 [51]
 [51]
 [54]
 [48]
 [50]
 [45]
 [48]
 [32]
 [53]
 [54]
 [51]
 [50]
 [46]
 [51]
 [50]
 [57]
 [53]
 [52]
 [57]
 [57]
 [57]
 [57]
 [57]
 [57]
 [57]
 [53]
 [45]
 [49]] 
------------------------ Dataset: FBo ------------------------
shape: (34, 1), dtype: uint16
Data:[[53]
 [54]
 [52]
 [56]
 [46]
 [48]
 [50]
 [50]
 [55]
 [53]
 [48]
 [57]
 [57]
 [57]
 [57]
 [57]
 [57]
 [53]
 [45]
 [48]
 [32]
 [53]
 [54]
 [52]
 [56]
 [46]
 [48]
 [49]
 [55]
 [55]
 [57]
 [53]
 [45]
 [49]] 
------------------------ Dataset: FBp ------------------------
shape: (27, 1), dtype: uint16
Data:[[53]
 [54]
 [54]
 [51]
 [46]
 [55]
 [54]
 [48]
 [52]
 [53]
 [57]
 [45]
 [48]
 [32]
 [53]
 [54]
 [54]
 [51]
 [46]
 [55]
 [52]
 [57]
 [55]
 [54]
 [54]
 [45]
 [49]] 
------------------------ Dataset: FBq ------------------------
shape: (39, 1), dtype: uint16
Data:[[53]
 [54]
 [55]
 [57]
 [46]
 [52]
 [57]
 [55]
 [54]
 [49]
 [52]
 [57]
 [57]
 [57]
 [57]
 [57]
 [57]
 [45]
 [48]
 [32]
 [53]
 [54]
 [55]
 [57]
 [46]
 [52]
 [57]
 [51]
 [54]
 [52]
 [54]
 [57]
 [57]
 [57]
 [57]
 [57]
 [57]
 [45]
 [49]] 
------------------------ Dataset: FBr ------------------------
shape: (33, 1), dtype: uint16
Data:[[53]
 [56]
 [48]
 [53]
 [46]
 [56]
 [48]
 [49]
 [55]
 [55]
 [53]
 [45]
 [48]
 [32]
 [53]
 [56]
 [48]
 [53]
 [46]
 [55]
 [57]
 [55]
 [57]
 [52]
 [49]
 [57]
 [57]
 [57]
 [57]
 [57]
 [57]
 [45]
 [49]] 
------------------------ Dataset: FBs ------------------------
shape: (26, 1), dtype: uint16
Data:[[54]
 [52]
 [49]
 [56]
 [46]
 [53]
 [54]
 [49]
 [54]
 [55]
 [55]
 [45]
 [48]
 [32]
 [54]
 [52]
 [49]
 [56]
 [46]
 [53]
 [54]
 [53]
 [49]
 [55]
 [45]
 [49]] 
------------------------ Dataset: FBt ------------------------
shape: (27, 1), dtype: uint16
Data:[[54]
 [54]
 [49]
 [48]
 [46]
 [54]
 [52]
 [51]
 [56]
 [51]
 [56]
 [45]
 [48]
 [32]
 [54]
 [54]
 [49]
 [48]
 [46]
 [54]
 [53]
 [48]
 [53]
 [48]
 [49]
 [45]
 [49]] 
------------------------ Dataset: FBu ------------------------
shape: (27, 1), dtype: uint16
Data:[[54]
 [54]
 [50]
 [54]
 [46]
 [53]
 [55]
 [56]
 [49]
 [54]
 [53]
 [45]
 [48]
 [32]
 [54]
 [54]
 [50]
 [54]
 [46]
 [53]
 [56]
 [50]
 [49]
 [53]
 [50]
 [45]
 [49]] 
------------------------ Dataset: FBv ------------------------
shape: (26, 1), dtype: uint16
Data:[[54]
 [54]
 [52]
 [50]
 [46]
 [51]
 [54]
 [51]
 [49]
 [51]
 [45]
 [48]
 [32]
 [54]
 [54]
 [52]
 [50]
 [46]
 [51]
 [53]
 [56]
 [50]
 [52]
 [52]
 [45]
 [49]] 
------------------------ Dataset: FBw ------------------------
shape: (33, 1), dtype: uint16
Data:[[54]
 [54]
 [53]
 [56]
 [46]
 [48]
 [54]
 [55]
 [54]
 [53]
 [50]
 [45]
 [48]
 [32]
 [54]
 [54]
 [53]
 [56]
 [46]
 [48]
 [55]
 [49]
 [51]
 [49]
 [55]
 [57]
 [57]
 [57]
 [57]
 [57]
 [57]
 [45]
 [49]] 
------------------------ Dataset: FBx ------------------------
shape: (33, 1), dtype: uint16
Data:[[54]
 [54]
 [55]
 [51]
 [46]
 [57]
 [52]
 [50]
 [50]
 [48]
 [52]
 [45]
 [48]
 [32]
 [54]
 [54]
 [55]
 [51]
 [46]
 [57]
 [52]
 [50]
 [49]
 [48]
 [50]
 [57]
 [57]
 [57]
 [57]
 [57]
 [57]
 [45]
 [49]] 
------------------------ Dataset: FBy ------------------------
shape: (27, 1), dtype: uint16
Data:[[54]
 [54]
 [56]
 [57]
 [46]
 [56]
 [54]
 [50]
 [51]
 [49]
 [55]
 [45]
 [48]
 [32]
 [54]
 [54]
 [56]
 [57]
 [46]
 [56]
 [53]
 [52]
 [48]
 [50]
 [57]
 [45]
 [49]] 
------------------------ Dataset: FBz ------------------------
shape: (26, 1), dtype: uint16
Data:[[53]
 [57]
 [48]
 [55]
 [46]
 [55]
 [53]
 [51]
 [55]
 [53]
 [45]
 [48]
 [32]
 [53]
 [57]
 [48]
 [55]
 [46]
 [55]
 [53]
 [55]
 [56]
 [48]
 [49]
 [45]
 [49]] 
------------------------ Dataset: FC ------------------------

shape: (1, 6), dtype: uint32
Data:[[3707764736          2          1          1       1664          1]] 
------------------------ Dataset: GBb ------------------------
shape: (33, 1), dtype: uint16
Data:[[54]
 [55]
 [55]
 [49]
 [46]
 [53]
 [51]
 [48]
 [49]
 [54]
 [53]
 [45]
 [48]
 [32]
 [54]
 [55]
 [55]
 [49]
 [46]
 [53]
 [50]
 [54]
 [48]
 [56]
 [54]
 [57]
 [57]
 [57]
 [57]
 [57]
 [57]
 [45]
 [49]] 
------------------------ Dataset: GBc ------------------------
shape: (27, 1), dtype: uint16
Data:[[54]
 [50]
 [56]
 [52]
 [46]
 [51]
 [49]
 [52]
 [55]
 [48]
 [54]
 [45]
 [48]
 [32]
 [54]
 [50]
 [56]
 [52]
 [46]
 [51]
 [48]
 [57]
 [57]
 [56]
 [56]
 [45]
 [49]] 
------------------------ Dataset: GBd ------------------------
shape: (13, 1), dtype: uint16
Data:[[54]
 [51]
 [48]
 [48]
 [46]
 [48]
 [55]
 [52]
 [49]
 [52]
 [53]
 [45]
 [48]] 
------------------------ Dataset: GBe ------------------------
shape: (33, 1), dtype: uint16
Data:[[54]
 [51]
 [49]
 [53]
 [46]
 [57]
 [53]
 [54]
 [49]
 [54]
 [45]
 [48]
 [32]
 [54]
 [51]
 [49]
 [53]
 [46]
 [57]
 [54]
 [48]
 [52]
 [51]
 [56]
 [57]
 [57]
 [57]
 [57]
 [57]
 [57]
 [53]
 [45]
 [49]] 
------------------------ Dataset: GBf ------------------------
shape: (27, 1), dtype: uint16
Data:[[54]
 [51]
 [51]
 [49]
 [46]
 [55]
 [56]
 [49]
 [57]
 [48]
 [50]
 [45]
 [48]
 [32]
 [54]
 [51]
 [51]
 [49]
 [46]
 [55]
 [56]
 [49]
 [56]
 [56]
 [54]
 [45]
 [49]] 
------------------------ Dataset: GBg ------------------------
shape: (39, 1), dtype: uint16
Data:[[54]
 [52]
 [57]
 [54]
 [46]
 [57]
 [52]
 [49]
 [57]
 [55]
 [56]
 [57]
 [57]
 [57]
 [57]
 [57]
 [57]
 [45]
 [48]
 [32]
 [54]
 [52]
 [57]
 [54]
 [46]
 [57]
 [51]
 [55]
 [57]
 [56]
 [51]
 [57]
 [57]
 [57]
 [57]
 [57]
 [57]
 [45]
 [49]] 
------------------------ Dataset: GBh ------------------------
shape: (13, 1), dtype: uint16
Data:[[54]
 [53]
 [49]
 [50]
 [46]
 [55]
 [49]
 [52]
 [48]
 [49]
 [57]
 [45]
 [49]] 
------------------------ Dataset: GBi ------------------------
shape: (27, 1), dtype: uint16
Data:[[54]
 [53]
 [50]
 [56]
 [46]
 [53]
 [51]
 [55]
 [57]
 [53]
 [56]
 [45]
 [48]
 [32]
 [54]
 [53]
 [50]
 [56]
 [46]
 [53]
 [51]
 [52]
 [52]
 [48]
 [57]
 [45]
 [49]] 
------------------------ Dataset: GBj ------------------------
shape: (34, 1), dtype: uint16
Data:[[54]
 [48]
 [50]
 [52]
 [46]
 [49]
 [49]
 [57]
 [49]
 [49]
 [52]
 [57]
 [57]
 [57]
 [57]
 [57]
 [57]
 [53]
 [45]
 [48]
 [32]
 [54]
 [48]
 [50]
 [52]
 [46]
 [49]
 [49]
 [49]
 [57]
 [48]
 [50]
 [45]
 [49]] 
------------------------ Dataset: GBk ------------------------
shape: (32, 1), dtype: uint16
Data:[[54]
 [48]
 [51]
 [57]
 [46]
 [56]
 [54]
 [49]
 [56]
 [56]
 [57]
 [57]
 [57]
 [57]
 [57]
 [57]
 [57]
 [45]
 [48]
 [32]
 [54]
 [48]
 [51]
 [57]
 [46]
 [56]
 [54]
 [53]
 [56]
 [51]
 [45]
 [49]] 
------------------------ Dataset: GBl ------------------------
shape: (25, 1), dtype: uint16
Data:[[54]
 [48]
 [53]
 [53]
 [46]
 [53]
 [51]
 [48]
 [57]
 [53]
 [54]
 [45]
 [48]
 [32]
 [54]
 [48]
 [53]
 [53]
 [46]
 [53]
 [51]
 [48]
 [54]
 [45]
 [49]] 
------------------------ Dataset: GBm ------------------------
shape: (27, 1), dtype: uint16
Data:[[54]
 [48]
 [55]
 [49]
 [46]
 [52]
 [54]
 [57]
 [55]
 [50]
 [56]
 [45]
 [48]
 [32]
 [54]
 [48]
 [55]
 [49]
 [46]
 [52]
 [54]
 [53]
 [55]
 [52]
 [57]
 [45]
 [49]] 
------------------------ Dataset: GBn ------------------------
shape: (34, 1), dtype: uint16
Data:[[53]
 [54]
 [51]
 [50]
 [46]
 [51]
 [51]
 [51]
 [54]
 [48]
 [50]
 [45]
 [48]
 [32]
 [53]
 [54]
 [51]
 [50]
 [46]
 [51]
 [51]
 [55]
 [53]
 [56]
 [50]
 [57]
 [57]
 [57]
 [57]
 [57]
 [57]
 [53]
 [45]
 [49]] 
------------------------ Dataset: GBo ------------------------
shape: (34, 1), dtype: uint16
Data:[[53]
 [54]
 [52]
 [56]
 [46]
 [48]
 [50]
 [50]
 [55]
 [53]
 [48]
 [57]
 [57]
 [57]
 [57]
 [57]
 [57]
 [53]
 [45]
 [48]
 [32]
 [53]
 [54]
 [52]
 [56]
 [46]
 [48]
 [50]
 [53]
 [54]
 [48]
 [51]
 [45]
 [49]] 
------------------------ Dataset: GBp ------------------------
shape: (34, 1), dtype: uint16
Data:[[53]
 [54]
 [54]
 [51]
 [46]
 [55]
 [54]
 [48]
 [52]
 [53]
 [57]
 [45]
 [48]
 [32]
 [53]
 [54]
 [54]
 [51]
 [46]
 [55]
 [54]
 [48]
 [54]
 [56]
 [50]
 [57]
 [57]
 [57]
 [57]
 [57]
 [57]
 [53]
 [45]
 [49]] 
------------------------ Dataset: GBq ------------------------
shape: (33, 1), dtype: uint16
Data:[[53]
 [54]
 [55]
 [57]
 [46]
 [52]
 [57]
 [55]
 [54]
 [49]
 [52]
 [57]
 [57]
 [57]
 [57]
 [57]
 [57]
 [45]
 [48]
 [32]
 [53]
 [54]
 [55]
 [57]
 [46]
 [53]
 [48]
 [50]
 [48]
 [51]
 [54]
 [45]
 [49]] 
------------------------ Dataset: GBr ------------------------
shape: (34, 1), dtype: uint16
Data:[[53]
 [56]
 [48]
 [53]
 [46]
 [56]
 [48]
 [49]
 [55]
 [55]
 [53]
 [45]
 [48]
 [32]
 [53]
 [56]
 [48]
 [53]
 [46]
 [56]
 [48]
 [53]
 [56]
 [53]
 [57]
 [57]
 [57]
 [57]
 [57]
 [57]
 [57]
 [53]
 [45]
 [49]] 
------------------------ Dataset: GBs ------------------------
shape: (26, 1), dtype: uint16
Data:[[54]
 [52]
 [49]
 [56]
 [46]
 [53]
 [54]
 [55]
 [50]
 [54]
 [56]
 [45]
 [48]
 [32]
 [54]
 [52]
 [49]
 [56]
 [46]
 [53]
 [54]
 [53]
 [49]
 [55]
 [45]
 [49]] 
------------------------ Dataset: GBt ------------------------
shape: (26, 1), dtype: uint16
Data:[[54]
 [54]
 [49]
 [48]
 [46]
 [54]
 [53]
 [52]
 [57]
 [50]
 [45]
 [48]
 [32]
 [54]
 [54]
 [49]
 [48]
 [46]
 [54]
 [53]
 [48]
 [53]
 [48]
 [49]
 [45]
 [49]] 
------------------------ Dataset: GBu ------------------------
shape: (34, 1), dtype: uint16
Data:[[54]
 [54]
 [50]
 [54]
 [46]
 [53]
 [56]
 [54]
 [48]
 [48]
 [53]
 [57]
 [57]
 [57]
 [57]
 [57]
 [57]
 [53]
 [45]
 [48]
 [32]
 [54]
 [54]
 [50]
 [54]
 [46]
 [53]
 [56]
 [50]
 [49]
 [53]
 [50]
 [45]
 [49]] 
------------------------ Dataset: GBv ------------------------
shape: (26, 1), dtype: uint16
Data:[[54]
 [54]
 [52]
 [50]
 [46]
 [51]
 [54]
 [51]
 [49]
 [51]
 [45]
 [48]
 [32]
 [54]
 [54]
 [52]
 [50]
 [46]
 [51]
 [54]
 [54]
 [50]
 [50]
 [56]
 [45]
 [49]] 
------------------------ Dataset: GBw ------------------------
shape: (39, 1), dtype: uint16
Data:[[54]
 [54]
 [53]
 [56]
 [46]
 [48]
 [55]
 [49]
 [50]
 [50]
 [51]
 [57]
 [57]
 [57]
 [57]
 [57]
 [57]
 [45]
 [48]
 [32]
 [54]
 [54]
 [53]
 [56]
 [46]
 [48]
 [55]
 [49]
 [51]
 [49]
 [55]
 [57]
 [57]
 [57]
 [57]
 [57]
 [57]
 [45]
 [49]] 
------------------------ Dataset: GBx ------------------------
shape: (27, 1), dtype: uint16
Data:[[54]
 [54]
 [55]
 [51]
 [46]
 [57]
 [52]
 [50]
 [50]
 [48]
 [52]
 [45]
 [48]
 [32]
 [54]
 [54]
 [55]
 [51]
 [46]
 [57]
 [53]
 [53]
 [50]
 [50]
 [53]
 [45]
 [49]] 
------------------------ Dataset: GBy ------------------------
shape: (27, 1), dtype: uint16
Data:[[54]
 [54]
 [56]
 [57]
 [46]
 [56]
 [54]
 [50]
 [51]
 [49]
 [55]
 [45]
 [48]
 [32]
 [54]
 [54]
 [56]
 [57]
 [46]
 [56]
 [54]
 [50]
 [51]
 [50]
 [57]
 [45]
 [49]] 
------------------------ Dataset: GBz ------------------------
shape: (27, 1), dtype: uint16
Data:[[53]
 [57]
 [48]
 [55]
 [46]
 [55]
 [54]
 [49]
 [55]
 [49]
 [56]
 [45]
 [48]
 [32]
 [53]
 [57]
 [48]
 [55]
 [46]
 [55]
 [53]
 [55]
 [56]
 [48]
 [49]
 [45]
 [49]] 
------------------------ Dataset: GC ------------------------

shape: (1, 6), dtype: uint32
Data:[[3707764736          2          1          1       1665          1]] 
------------------------ Dataset: HBb ------------------------
shape: (34, 1), dtype: uint16
Data:[[54]
 [55]
 [55]
 [49]
 [46]
 [53]
 [51]
 [48]
 [49]
 [54]
 [53]
 [45]
 [48]
 [32]
 [54]
 [55]
 [55]
 [49]
 [46]
 [53]
 [51]
 [53]
 [48]
 [52]
 [49]
 [57]
 [57]
 [57]
 [57]
 [57]
 [57]
 [53]
 [45]
 [49]] 
------------------------ Dataset: HBc ------------------------
shape: (33, 1), dtype: uint16
Data:[[54]
 [50]
 [56]
 [52]
 [46]
 [51]
 [49]
 [52]
 [55]
 [48]
 [54]
 [45]
 [48]
 [32]
 [54]
 [50]
 [56]
 [52]
 [46]
 [51]
 [49]
 [57]
 [54]
 [57]
 [55]
 [57]
 [57]
 [57]
 [57]
 [57]
 [57]
 [45]
 [49]] 
------------------------ Dataset: HBd ------------------------
shape: (20, 1), dtype: uint16
Data:[[54]
 [51]
 [48]
 [48]
 [46]
 [48]
 [55]
 [56]
 [48]
 [53]
 [48]
 [57]
 [57]
 [57]
 [57]
 [57]
 [57]
 [53]
 [45]
 [49]] 
------------------------ Dataset: HBe ------------------------
shape: (41, 1), dtype: uint16
Data:[[54]
 [51]
 [49]
 [53]
 [46]
 [57]
 [54]
 [50]
 [48]
 [53]
 [48]
 [57]
 [57]
 [57]
 [57]
 [57]
 [57]
 [53]
 [45]
 [48]
 [32]
 [54]
 [51]
 [49]
 [53]
 [46]
 [57]
 [54]
 [48]
 [52]
 [51]
 [56]
 [57]
 [57]
 [57]
 [57]
 [57]
 [57]
 [53]
 [45]
 [49]] 
------------------------ Dataset: HBf ------------------------
shape: (27, 1), dtype: uint16
Data:[[54]
 [51]
 [51]
 [49]
 [46]
 [55]
 [56]
 [49]
 [57]
 [48]
 [50]
 [45]
 [48]
 [32]
 [54]
 [51]
 [51]
 [49]
 [46]
 [55]
 [56]
 [57]
 [56]
 [50]
 [53]
 [45]
 [49]] 
------------------------ Dataset: HBg ------------------------
shape: (33, 1), dtype: uint16
Data:[[54]
 [52]
 [57]
 [54]
 [46]
 [57]
 [52]
 [49]
 [57]
 [55]
 [56]
 [57]
 [57]
 [57]
 [57]
 [57]
 [57]
 [45]
 [48]
 [32]
 [54]
 [52]
 [57]
 [54]
 [46]
 [57]
 [52]
 [53]
 [57]
 [55]
 [53]
 [45]
 [49]] 
------------------------ Dataset: HBh ------------------------
shape: (19, 1), dtype: uint16
Data:[[54]
 [53]
 [49]
 [50]
 [46]
 [55]
 [49]
 [52]
 [48]
 [49]
 [57]
 [57]
 [57]
 [57]
 [57]
 [57]
 [57]
 [45]
 [48]] 
------------------------ Dataset: HBi ------------------------
shape: (33, 1), dtype: uint16
Data:[[54]
 [53]
 [50]
 [56]
 [46]
 [53]
 [51]
 [55]
 [57]
 [53]
 [56]
 [45]
 [48]
 [32]
 [54]
 [53]
 [50]
 [56]
 [46]
 [53]
 [52]
 [50]
 [50]
 [53]
 [52]
 [57]
 [57]
 [57]
 [57]
 [57]
 [57]
 [45]
 [49]] 
------------------------ Dataset: HBj ------------------------
shape: (34, 1), dtype: uint16
Data:[[54]
 [48]
 [50]
 [52]
 [46]
 [49]
 [49]
 [57]
 [49]
 [49]
 [52]
 [57]
 [57]
 [57]
 [57]
 [57]
 [57]
 [53]
 [45]
 [48]
 [32]
 [54]
 [48]
 [50]
 [52]
 [46]
 [49]
 [50]
 [50]
 [49]
 [57]
 [50]
 [45]
 [49]] 
------------------------ Dataset: HBk ------------------------
shape: (25, 1), dtype: uint16
Data:[[54]
 [48]
 [51]
 [57]
 [46]
 [56]
 [54]
 [57]
 [55]
 [54]
 [45]
 [48]
 [32]
 [54]
 [48]
 [51]
 [57]
 [46]
 [56]
 [54]
 [53]
 [56]
 [51]
 [45]
 [49]] 
------------------------ Dataset: HBl ------------------------
shape: (27, 1), dtype: uint16
Data:[[54]
 [48]
 [53]
 [53]
 [46]
 [53]
 [51]
 [48]
 [57]
 [53]
 [54]
 [45]
 [48]
 [32]
 [54]
 [48]
 [53]
 [53]
 [46]
 [53]
 [51]
 [56]
 [55]
 [52]
 [55]
 [45]
 [49]] 
------------------------ Dataset: HBm ------------------------
shape: (27, 1), dtype: uint16
Data:[[54]
 [48]
 [55]
 [49]
 [46]
 [52]
 [54]
 [57]
 [55]
 [50]
 [56]
 [45]
 [48]
 [32]
 [54]
 [48]
 [55]
 [49]
 [46]
 [52]
 [55]
 [53]
 [48]
 [50]
 [50]
 [45]
 [49]] 
------------------------ Dataset: HBn ------------------------
shape: (40, 1), dtype: uint16
Data:[[53]
 [54]
 [51]
 [50]
 [46]
 [51]
 [52]
 [52]
 [49]
 [54]
 [49]
 [57]
 [57]
 [57]
 [57]
 [57]
 [57]
 [45]
 [48]
 [32]
 [53]
 [54]
 [51]
 [50]
 [46]
 [51]
 [51]
 [55]
 [53]
 [56]
 [50]
 [57]
 [57]
 [57]
 [57]
 [57]
 [57]
 [53]
 [45]
 [49]] 
------------------------ Dataset: HBo ------------------------
shape: (27, 1), dtype: uint16
Data:[[53]
 [54]
 [52]
 [56]
 [46]
 [48]
 [50]
 [57]
 [55]
 [51]
 [49]
 [45]
 [48]
 [32]
 [53]
 [54]
 [52]
 [56]
 [46]
 [48]
 [50]
 [53]
 [54]
 [48]
 [51]
 [45]
 [49]] 
------------------------ Dataset: HBp ------------------------
shape: (40, 1), dtype: uint16
Data:[[53]
 [54]
 [54]
 [51]
 [46]
 [55]
 [54]
 [51]
 [50]
 [51]
 [49]
 [57]
 [57]
 [57]
 [57]
 [57]
 [57]
 [45]
 [48]
 [32]
 [53]
 [54]
 [54]
 [51]
 [46]
 [55]
 [54]
 [48]
 [54]
 [56]
 [50]
 [57]
 [57]
 [57]
 [57]
 [57]
 [57]
 [53]
 [45]
 [49]] 
------------------------ Dataset: HBq ------------------------
shape: (34, 1), dtype: uint16
Data:[[53]
 [54]
 [55]
 [57]
 [46]
 [53]
 [48]
 [53]
 [53]
 [57]
 [57]
 [57]
 [57]
 [57]
 [57]
 [57]
 [57]
 [53]
 [45]
 [48]
 [32]
 [53]
 [54]
 [55]
 [57]
 [46]
 [53]
 [48]
 [50]
 [48]
 [51]
 [54]
 [45]
 [49]] 
------------------------ Dataset: HBr ------------------------
shape: (34, 1), dtype: uint16
Data:[[53]
 [56]
 [48]
 [53]
 [46]
 [56]
 [49]
 [48]
 [48]
 [54]
 [50]
 [45]
 [48]
 [32]
 [53]
 [56]
 [48]
 [53]
 [46]
 [56]
 [48]
 [53]
 [56]
 [53]
 [57]
 [57]
 [57]
 [57]
 [57]
 [57]
 [57]
 [53]
 [45]
 [49]] 
------------------------ Dataset: HBs ------------------------
shape: (34, 1), dtype: uint16
Data:[[54]
 [52]
 [49]
 [56]
 [46]
 [53]
 [54]
 [55]
 [50]
 [54]
 [56]
 [45]
 [48]
 [32]
 [54]
 [52]
 [49]
 [56]
 [46]
 [53]
 [55]
 [49]
 [56]
 [57]
 [53]
 [57]
 [57]
 [57]
 [57]
 [57]
 [57]
 [53]
 [45]
 [49]] 
------------------------ Dataset: HBt ------------------------
shape: (33, 1), dtype: uint16
Data:[[54]
 [54]
 [49]
 [48]
 [46]
 [54]
 [53]
 [52]
 [57]
 [50]
 [45]
 [48]
 [32]
 [54]
 [54]
 [49]
 [48]
 [46]
 [54]
 [54]
 [49]
 [57]
 [48]
 [48]
 [57]
 [57]
 [57]
 [57]
 [57]
 [57]
 [53]
 [45]
 [49]] 
------------------------ Dataset: HBu ------------------------
shape: (34, 1), dtype: uint16
Data:[[54]
 [54]
 [50]
 [54]
 [46]
 [53]
 [56]
 [54]
 [48]
 [48]
 [53]
 [57]
 [57]
 [57]
 [57]
 [57]
 [57]
 [53]
 [45]
 [48]
 [32]
 [54]
 [54]
 [50]
 [54]
 [46]
 [53]
 [56]
 [57]
 [57]
 [55]
 [56]
 [45]
 [49]] 
------------------------ Dataset: HBv ------------------------
shape: (27, 1), dtype: uint16
Data:[[54]
 [54]
 [52]
 [50]
 [46]
 [51]
 [55]
 [48]
 [50]
 [51]
 [54]
 [45]
 [48]
 [32]
 [54]
 [54]
 [52]
 [50]
 [46]
 [51]
 [54]
 [54]
 [50]
 [50]
 [56]
 [45]
 [49]] 
------------------------ Dataset: HBw ------------------------
shape: (39, 1), dtype: uint16
Data:[[54]
 [54]
 [53]
 [56]
 [46]
 [48]
 [55]
 [56]
 [49]
 [55]
 [51]
 [57]
 [57]
 [57]
 [57]
 [57]
 [57]
 [45]
 [48]
 [32]
 [54]
 [54]
 [53]
 [56]
 [46]
 [48]
 [55]
 [49]
 [51]
 [49]
 [55]
 [57]
 [57]
 [57]
 [57]
 [57]
 [57]
 [45]
 [49]] 
------------------------ Dataset: HBx ------------------------
shape: (27, 1), dtype: uint16
Data:[[54]
 [54]
 [55]
 [51]
 [46]
 [57]
 [53]
 [52]
 [48]
 [50]
 [55]
 [45]
 [48]
 [32]
 [54]
 [54]
 [55]
 [51]
 [46]
 [57]
 [53]
 [53]
 [50]
 [50]
 [53]
 [45]
 [49]] 
------------------------ Dataset: HBy ------------------------
shape: (27, 1), dtype: uint16
Data:[[54]
 [54]
 [56]
 [57]
 [46]
 [56]
 [55]
 [48]
 [50]
 [51]
 [52]
 [45]
 [48]
 [32]
 [54]
 [54]
 [56]
 [57]
 [46]
 [56]
 [54]
 [50]
 [51]
 [50]
 [57]
 [45]
 [49]] 
------------------------ Dataset: HBz ------------------------
shape: (33, 1), dtype: uint16
Data:[[53]
 [57]
 [48]
 [55]
 [46]
 [55]
 [54]
 [49]
 [55]
 [49]
 [56]
 [45]
 [48]
 [32]
 [53]
 [57]
 [48]
 [55]
 [46]
 [55]
 [54]
 [54]
 [51]
 [57]
 [54]
 [57]
 [57]
 [57]
 [57]
 [57]
 [57]
 [45]
 [49]] 
------------------------ Dataset: HC ------------------------

shape: (1, 6), dtype: uint32
Data:[[3707764736          2          1          1       1666          1]] 
------------------------ Dataset: IBb ------------------------
shape: (40, 1), dtype: uint16
Data:[[54]
 [55]
 [55]
 [49]
 [46]
 [53]
 [51]
 [56]
 [51]
 [49]
 [51]
 [57]
 [57]
 [57]
 [57]
 [57]
 [57]
 [45]
 [48]
 [32]
 [54]
 [55]
 [55]
 [49]
 [46]
 [53]
 [51]
 [53]
 [48]
 [52]
 [49]
 [57]
 [57]
 [57]
 [57]
 [57]
 [57]
 [53]
 [45]
 [49]] 
------------------------ Dataset: IBc ------------------------
shape: (39, 1), dtype: uint16
Data:[[54]
 [50]
 [56]
 [52]
 [46]
 [51]
 [50]
 [50]
 [52]
 [50]
 [52]
 [57]
 [57]
 [57]
 [57]
 [57]
 [57]
 [45]
 [48]
 [32]
 [54]
 [50]
 [56]
 [52]
 [46]
 [51]
 [49]
 [57]
 [54]
 [57]
 [55]
 [57]
 [57]
 [57]
 [57]
 [57]
 [57]
 [45]
 [49]] 
------------------------ Dataset: IBd ------------------------
shape: (34, 1), dtype: uint16
Data:[[54]
 [51]
 [48]
 [48]
 [46]
 [48]
 [56]
 [49]
 [57]
 [50]
 [54]
 [45]
 [48]
 [32]
 [54]
 [51]
 [48]
 [48]
 [46]
 [48]
 [56]
 [55]
 [49]
 [49]
 [55]
 [57]
 [57]
 [57]
 [57]
 [57]
 [57]
 [53]
 [45]
 [49]] 
------------------------ Dataset: IBe ------------------------
shape: (34, 1), dtype: uint16
Data:[[54]
 [51]
 [49]
 [53]
 [46]
 [57]
 [54]
 [50]
 [48]
 [53]
 [48]
 [57]
 [57]
 [57]
 [57]
 [57]
 [57]
 [53]
 [45]
 [48]
 [32]
 [54]
 [51]
 [49]
 [53]
 [46]
 [57]
 [54]
 [54]
 [50]
 [48]
 [53]
 [45]
 [49]] 
------------------------ Dataset: IBf ------------------------
shape: (33, 1), dtype: uint16
Data:[[54]
 [51]
 [51]
 [49]
 [46]
 [55]
 [56]
 [57]
 [56]
 [50]
 [53]
 [57]
 [57]
 [57]
 [57]
 [57]
 [57]
 [45]
 [48]
 [32]
 [54]
 [51]
 [51]
 [49]
 [46]
 [55]
 [56]
 [57]
 [56]
 [50]
 [53]
 [45]
 [49]] 
------------------------ Dataset: IBg ------------------------
shape: (27, 1), dtype: uint16
Data:[[54]
 [52]
 [57]
 [54]
 [46]
 [57]
 [52]
 [57]
 [57]
 [56]
 [54]
 [45]
 [48]
 [32]
 [54]
 [52]
 [57]
 [54]
 [46]
 [57]
 [52]
 [53]
 [57]
 [55]
 [53]
 [45]
 [49]] 
------------------------ Dataset: IBh ------------------------
shape: (13, 1), dtype: uint16
Data:[[54]
 [53]
 [49]
 [50]
 [46]
 [55]
 [50]
 [52]
 [55]
 [56]
 [54]
 [45]
 [49]] 
------------------------ Dataset: IBi ------------------------
shape: (39, 1), dtype: uint16
Data:[[54]
 [53]
 [50]
 [56]
 [46]
 [53]
 [52]
 [54]
 [48]
 [53]
 [53]
 [57]
 [57]
 [57]
 [57]
 [57]
 [57]
 [45]
 [48]
 [32]
 [54]
 [53]
 [50]
 [56]
 [46]
 [53]
 [52]
 [50]
 [50]
 [53]
 [52]
 [57]
 [57]
 [57]
 [57]
 [57]
 [57]
 [45]
 [49]] 
------------------------ Dataset: IBj ------------------------
shape: (27, 1), dtype: uint16
Data:[[54]
 [48]
 [50]
 [52]
 [46]
 [49]
 [50]
 [56]
 [52]
 [54]
 [56]
 [45]
 [48]
 [32]
 [54]
 [48]
 [50]
 [52]
 [46]
 [49]
 [50]
 [50]
 [49]
 [57]
 [50]
 [45]
 [49]] 
------------------------ Dataset: IBk ------------------------
shape: (32, 1), dtype: uint16
Data:[[54]
 [48]
 [51]
 [57]
 [46]
 [56]
 [54]
 [57]
 [55]
 [54]
 [45]
 [48]
 [32]
 [54]
 [48]
 [51]
 [57]
 [46]
 [56]
 [55]
 [51]
 [56]
 [50]
 [48]
 [57]
 [57]
 [57]
 [57]
 [57]
 [57]
 [45]
 [49]] 
------------------------ Dataset: IBl ------------------------
shape: (27, 1), dtype: uint16
Data:[[54]
 [48]
 [53]
 [53]
 [46]
 [53]
 [51]
 [56]
 [55]
 [53]
 [57]
 [45]
 [48]
 [32]
 [54]
 [48]
 [53]
 [53]
 [46]
 [53]
 [51]
 [56]
 [55]
 [52]
 [55]
 [45]
 [49]] 
------------------------ Dataset: IBm ------------------------
shape: (27, 1), dtype: uint16
Data:[[54]
 [48]
 [55]
 [49]
 [46]
 [52]
 [55]
 [57]
 [54]
 [55]
 [54]
 [45]
 [48]
 [32]
 [54]
 [48]
 [55]
 [49]
 [46]
 [52]
 [55]
 [53]
 [48]
 [50]
 [50]
 [45]
 [49]] 
------------------------ Dataset: IBn ------------------------
shape: (32, 1), dtype: uint16
Data:[[53]
 [54]
 [51]
 [50]
 [46]
 [51]
 [52]
 [52]
 [49]
 [54]
 [49]
 [57]
 [57]
 [57]
 [57]
 [57]
 [57]
 [45]
 [48]
 [32]
 [53]
 [54]
 [51]
 [50]
 [46]
 [51]
 [53]
 [49]
 [54]
 [53]
 [45]
 [49]] 
------------------------ Dataset: IBo ------------------------
shape: (33, 1), dtype: uint16
Data:[[53]
 [54]
 [52]
 [56]
 [46]
 [48]
 [50]
 [57]
 [55]
 [51]
 [49]
 [45]
 [48]
 [32]
 [53]
 [54]
 [52]
 [56]
 [46]
 [48]
 [51]
 [51]
 [53]
 [55]
 [49]
 [57]
 [57]
 [57]
 [57]
 [57]
 [57]
 [45]
 [49]] 
------------------------ Dataset: IBp ------------------------
shape: (33, 1), dtype: uint16
Data:[[53]
 [54]
 [54]
 [51]
 [46]
 [55]
 [54]
 [51]
 [50]
 [51]
 [49]
 [57]
 [57]
 [57]
 [57]
 [57]
 [57]
 [45]
 [48]
 [32]
 [53]
 [54]
 [54]
 [51]
 [46]
 [55]
 [54]
 [53]
 [55]
 [53]
 [51]
 [45]
 [49]] 
------------------------ Dataset: IBq ------------------------
shape: (34, 1), dtype: uint16
Data:[[53]
 [54]
 [55]
 [57]
 [46]
 [53]
 [48]
 [53]
 [53]
 [57]
 [57]
 [57]
 [57]
 [57]
 [57]
 [57]
 [57]
 [53]
 [45]
 [48]
 [32]
 [53]
 [54]
 [55]
 [57]
 [46]
 [53]
 [48]
 [57]
 [53]
 [56]
 [53]
 [45]
 [49]] 
------------------------ Dataset: IBr ------------------------
shape: (33, 1), dtype: uint16
Data:[[53]
 [56]
 [48]
 [53]
 [46]
 [56]
 [49]
 [48]
 [48]
 [54]
 [50]
 [45]
 [48]
 [32]
 [53]
 [56]
 [48]
 [53]
 [46]
 [56]
 [49]
 [51]
 [57]
 [48]
 [50]
 [57]
 [57]
 [57]
 [57]
 [57]
 [57]
 [45]
 [49]] 
------------------------ Dataset: IBs ------------------------
shape: (40, 1), dtype: uint16
Data:[[54]
 [52]
 [49]
 [56]
 [46]
 [53]
 [55]
 [53]
 [52]
 [52]
 [54]
 [57]
 [57]
 [57]
 [57]
 [57]
 [57]
 [45]
 [48]
 [32]
 [54]
 [52]
 [49]
 [56]
 [46]
 [53]
 [55]
 [49]
 [56]
 [57]
 [53]
 [57]
 [57]
 [57]
 [57]
 [57]
 [57]
 [53]
 [45]
 [49]] 
------------------------ Dataset: IBt ------------------------
shape: (41, 1), dtype: uint16
Data:[[54]
 [54]
 [49]
 [48]
 [46]
 [54]
 [55]
 [54]
 [51]
 [53]
 [57]
 [57]
 [57]
 [57]
 [57]
 [57]
 [57]
 [53]
 [45]
 [48]
 [32]
 [54]
 [54]
 [49]
 [48]
 [46]
 [54]
 [54]
 [49]
 [57]
 [48]
 [48]
 [57]
 [57]
 [57]
 [57]
 [57]
 [57]
 [53]
 [45]
 [49]] 
------------------------ Dataset: IBu ------------------------
shape: (26, 1), dtype: uint16
Data:[[54]
 [54]
 [50]
 [54]
 [46]
 [53]
 [57]
 [52]
 [50]
 [50]
 [45]
 [48]
 [32]
 [54]
 [54]
 [50]
 [54]
 [46]
 [53]
 [56]
 [57]
 [57]
 [55]
 [56]
 [45]
 [49]] 
------------------------ Dataset: IBv ------------------------
shape: (27, 1), dtype: uint16
Data:[[54]
 [54]
 [52]
 [50]
 [46]
 [51]
 [55]
 [48]
 [50]
 [51]
 [54]
 [45]
 [48]
 [32]
 [54]
 [54]
 [52]
 [50]
 [46]
 [51]
 [55]
 [52]
 [51]
 [52]
 [57]
 [45]
 [49]] 
------------------------ Dataset: IBw ------------------------
shape: (40, 1), dtype: uint16
Data:[[54]
 [54]
 [53]
 [56]
 [46]
 [48]
 [55]
 [56]
 [49]
 [55]
 [51]
 [57]
 [57]
 [57]
 [57]
 [57]
 [57]
 [45]
 [48]
 [32]
 [54]
 [54]
 [53]
 [56]
 [46]
 [48]
 [55]
 [56]
 [49]
 [55]
 [57]
 [57]
 [57]
 [57]
 [57]
 [57]
 [57]
 [53]
 [45]
 [49]] 
------------------------ Dataset: IBx ------------------------
shape: (33, 1), dtype: uint16
Data:[[54]
 [54]
 [55]
 [51]
 [46]
 [57]
 [53]
 [56]
 [50]
 [57]
 [57]
 [57]
 [57]
 [57]
 [57]
 [57]
 [57]
 [45]
 [48]
 [32]
 [54]
 [54]
 [55]
 [51]
 [46]
 [57]
 [53]
 [53]
 [50]
 [50]
 [53]
 [45]
 [49]] 
------------------------ Dataset: IBy ------------------------
shape: (34, 1), dtype: uint16
Data:[[54]
 [54]
 [56]
 [57]
 [46]
 [56]
 [55]
 [48]
 [50]
 [51]
 [52]
 [45]
 [48]
 [32]
 [54]
 [54]
 [56]
 [57]
 [46]
 [56]
 [55]
 [48]
 [49]
 [48]
 [56]
 [57]
 [57]
 [57]
 [57]
 [57]
 [57]
 [53]
 [45]
 [49]] 
------------------------ Dataset: IBz ------------------------
shape: (39, 1), dtype: uint16
Data:[[53]
 [57]
 [48]
 [55]
 [46]
 [55]
 [54]
 [57]
 [55]
 [54]
 [50]
 [57]
 [57]
 [57]
 [57]
 [57]
 [57]
 [45]
 [48]
 [32]
 [53]
 [57]
 [48]
 [55]
 [46]
 [55]
 [54]
 [54]
 [51]
 [57]
 [54]
 [57]
 [57]
 [57]
 [57]
 [57]
 [57]
 [45]
 [49]] 
------------------------ Dataset: IC ------------------------

shape: (1, 6), dtype: uint32
Data:[[3707764736          2          1          1       1667          1]] 
------------------------ Dataset: JBb ------------------------
shape: (33, 1), dtype: uint16
Data:[[54]
 [55]
 [55]
 [49]
 [46]
 [53]
 [51]
 [56]
 [51]
 [49]
 [51]
 [57]
 [57]
 [57]
 [57]
 [57]
 [57]
 [45]
 [48]
 [32]
 [54]
 [55]
 [55]
 [49]
 [46]
 [53]
 [52]
 [50]
 [49]
 [53]
 [50]
 [45]
 [49]] 
------------------------ Dataset: JBc ------------------------
shape: (33, 1), dtype: uint16
Data:[[54]
 [50]
 [56]
 [52]
 [46]
 [51]
 [50]
 [50]
 [52]
 [50]
 [52]
 [57]
 [57]
 [57]
 [57]
 [57]
 [57]
 [45]
 [48]
 [32]
 [54]
 [50]
 [56]
 [52]
 [46]
 [51]
 [50]
 [55]
 [51]
 [55]
 [50]
 [45]
 [49]] 
------------------------ Dataset: JBd ------------------------
shape: (19, 1), dtype: uint16
Data:[[54]
 [51]
 [48]
 [48]
 [46]
 [48]
 [56]
 [57]
 [57]
 [53]
 [57]
 [57]
 [57]
 [57]
 [57]
 [57]
 [57]
 [45]
 [48]] 
------------------------ Dataset: JBe ------------------------
shape: (27, 1), dtype: uint16
Data:[[54]
 [51]
 [49]
 [53]
 [46]
 [57]
 [54]
 [57]
 [56]
 [55]
 [50]
 [45]
 [48]
 [32]
 [54]
 [51]
 [49]
 [53]
 [46]
 [57]
 [54]
 [54]
 [50]
 [48]
 [53]
 [45]
 [49]] 
------------------------ Dataset: JBf ------------------------
shape: (33, 1), dtype: uint16
Data:[[54]
 [51]
 [51]
 [49]
 [46]
 [55]
 [56]
 [57]
 [56]
 [50]
 [53]
 [57]
 [57]
 [57]
 [57]
 [57]
 [57]
 [45]
 [48]
 [32]
 [54]
 [51]
 [51]
 [49]
 [46]
 [55]
 [57]
 [55]
 [56]
 [53]
 [50]
 [45]
 [49]] 
------------------------ Dataset: JBg ------------------------
shape: (27, 1), dtype: uint16
Data:[[54]
 [52]
 [57]
 [54]
 [46]
 [57]
 [52]
 [57]
 [57]
 [56]
 [54]
 [45]
 [48]
 [32]
 [54]
 [52]
 [57]
 [54]
 [46]
 [57]
 [53]
 [51]
 [57]
 [54]
 [51]
 [45]
 [49]] 
------------------------ Dataset: JBh ------------------------
shape: (20, 1), dtype: uint16
Data:[[54]
 [53]
 [49]
 [50]
 [46]
 [55]
 [50]
 [54]
 [49]
 [50]
 [50]
 [57]
 [57]
 [57]
 [57]
 [57]
 [57]
 [53]
 [45]
 [48]] 
------------------------ Dataset: JBi ------------------------
shape: (33, 1), dtype: uint16
Data:[[54]
 [53]
 [50]
 [56]
 [46]
 [53]
 [52]
 [54]
 [48]
 [53]
 [53]
 [57]
 [57]
 [57]
 [57]
 [57]
 [57]
 [45]
 [48]
 [32]
 [54]
 [53]
 [50]
 [56]
 [46]
 [53]
 [53]
 [48]
 [48]
 [50]
 [51]
 [45]
 [49]] 
------------------------ Dataset: JBj ------------------------
shape: (27, 1), dtype: uint16
Data:[[54]
 [48]
 [50]
 [52]
 [46]
 [49]
 [50]
 [56]
 [52]
 [54]
 [56]
 [45]
 [48]
 [32]
 [54]
 [48]
 [50]
 [52]
 [46]
 [49]
 [51]
 [49]
 [51]
 [51]
 [57]
 [45]
 [49]] 
------------------------ Dataset: JBk ------------------------
shape: (33, 1), dtype: uint16
Data:[[54]
 [48]
 [51]
 [57]
 [46]
 [56]
 [55]
 [56]
 [51]
 [49]
 [52]
 [45]
 [48]
 [32]
 [54]
 [48]
 [51]
 [57]
 [46]
 [56]
 [55]
 [51]
 [56]
 [50]
 [48]
 [57]
 [57]
 [57]
 [57]
 [57]
 [57]
 [45]
 [49]] 
------------------------ Dataset: JBl ------------------------
shape: (34, 1), dtype: uint16
Data:[[54]
 [48]
 [53]
 [53]
 [46]
 [53]
 [51]
 [56]
 [55]
 [53]
 [57]
 [45]
 [48]
 [32]
 [54]
 [48]
 [53]
 [53]
 [46]
 [53]
 [52]
 [54]
 [51]
 [54]
 [50]
 [57]
 [57]
 [57]
 [57]
 [57]
 [57]
 [53]
 [45]
 [49]] 
------------------------ Dataset: JBm ------------------------
shape: (34, 1), dtype: uint16
Data:[[54]
 [48]
 [55]
 [49]
 [46]
 [52]
 [55]
 [57]
 [54]
 [55]
 [54]
 [45]
 [48]
 [32]
 [54]
 [48]
 [55]
 [49]
 [46]
 [52]
 [56]
 [55]
 [56]
 [53]
 [55]
 [57]
 [57]
 [57]
 [57]
 [57]
 [57]
 [53]
 [45]
 [49]] 
------------------------ Dataset: JBn ------------------------
shape: (26, 1), dtype: uint16
Data:[[53]
 [54]
 [51]
 [50]
 [46]
 [51]
 [53]
 [49]
 [54]
 [57]
 [52]
 [45]
 [48]
 [32]
 [53]
 [54]
 [51]
 [50]
 [46]
 [51]
 [53]
 [49]
 [54]
 [53]
 [45]
 [49]] 
------------------------ Dataset: JBo ------------------------
shape: (33, 1), dtype: uint16
Data:[[53]
 [54]
 [52]
 [56]
 [46]
 [48]
 [51]
 [55]
 [54]
 [53]
 [53]
 [45]
 [48]
 [32]
 [53]
 [54]
 [52]
 [56]
 [46]
 [48]
 [51]
 [51]
 [53]
 [55]
 [49]
 [57]
 [57]
 [57]
 [57]
 [57]
 [57]
 [45]
 [49]] 
------------------------ Dataset: JBp ------------------------
shape: (34, 1), dtype: uint16
Data:[[53]
 [54]
 [54]
 [51]
 [46]
 [55]
 [54]
 [57]
 [54]
 [53]
 [53]
 [57]
 [57]
 [57]
 [57]
 [57]
 [57]
 [53]
 [45]
 [48]
 [32]
 [53]
 [54]
 [54]
 [51]
 [46]
 [55]
 [54]
 [53]
 [55]
 [53]
 [51]
 [45]
 [49]] 
------------------------ Dataset: JBq ------------------------
shape: (33, 1), dtype: uint16
Data:[[53]
 [54]
 [55]
 [57]
 [46]
 [53]
 [49]
 [51]
 [53]
 [48]
 [48]
 [57]
 [57]
 [57]
 [57]
 [57]
 [57]
 [45]
 [48]
 [32]
 [53]
 [54]
 [55]
 [57]
 [46]
 [53]
 [48]
 [57]
 [53]
 [56]
 [53]
 [45]
 [49]] 
------------------------ Dataset: JBr ------------------------
shape: (39, 1), dtype: uint16
Data:[[53]
 [56]
 [48]
 [53]
 [46]
 [56]
 [49]
 [56]
 [49]
 [55]
 [52]
 [57]
 [57]
 [57]
 [57]
 [57]
 [57]
 [45]
 [48]
 [32]
 [53]
 [56]
 [48]
 [53]
 [46]
 [56]
 [49]
 [51]
 [57]
 [48]
 [50]
 [57]
 [57]
 [57]
 [57]
 [57]
 [57]
 [45]
 [49]] 
------------------------ Dataset: JBs ------------------------
shape: (39, 1), dtype: uint16
Data:[[54]
 [52]
 [49]
 [56]
 [46]
 [53]
 [55]
 [53]
 [52]
 [52]
 [54]
 [57]
 [57]
 [57]
 [57]
 [57]
 [57]
 [45]
 [48]
 [32]
 [54]
 [52]
 [49]
 [56]
 [46]
 [53]
 [55]
 [56]
 [56]
 [54]
 [49]
 [57]
 [57]
 [57]
 [57]
 [57]
 [57]
 [45]
 [49]] 
------------------------ Dataset: JBt ------------------------
shape: (34, 1), dtype: uint16
Data:[[54]
 [54]
 [49]
 [48]
 [46]
 [54]
 [55]
 [54]
 [51]
 [53]
 [57]
 [57]
 [57]
 [57]
 [57]
 [57]
 [57]
 [53]
 [45]
 [48]
 [32]
 [54]
 [54]
 [49]
 [48]
 [46]
 [54]
 [55]
 [53]
 [57]
 [53]
 [56]
 [45]
 [49]] 
------------------------ Dataset: JBu ------------------------
shape: (26, 1), dtype: uint16
Data:[[54]
 [54]
 [50]
 [54]
 [46]
 [53]
 [57]
 [52]
 [50]
 [50]
 [45]
 [48]
 [32]
 [54]
 [54]
 [50]
 [54]
 [46]
 [53]
 [57]
 [56]
 [49]
 [53]
 [56]
 [45]
 [49]] 
------------------------ Dataset: JBv ------------------------
shape: (27, 1), dtype: uint16
Data:[[54]
 [54]
 [52]
 [50]
 [46]
 [51]
 [55]
 [56]
 [48]
 [56]
 [52]
 [45]
 [48]
 [32]
 [54]
 [54]
 [52]
 [50]
 [46]
 [51]
 [55]
 [52]
 [51]
 [52]
 [57]
 [45]
 [49]] 
------------------------ Dataset: JBw ------------------------
shape: (34, 1), dtype: uint16
Data:[[54]
 [54]
 [53]
 [56]
 [46]
 [48]
 [56]
 [54]
 [56]
 [53]
 [51]
 [45]
 [48]
 [32]
 [54]
 [54]
 [53]
 [56]
 [46]
 [48]
 [55]
 [56]
 [49]
 [55]
 [57]
 [57]
 [57]
 [57]
 [57]
 [57]
 [57]
 [53]
 [45]
 [49]] 
------------------------ Dataset: JBx ------------------------
shape: (40, 1), dtype: uint16
Data:[[54]
 [54]
 [55]
 [51]
 [46]
 [57]
 [53]
 [56]
 [50]
 [57]
 [57]
 [57]
 [57]
 [57]
 [57]
 [57]
 [57]
 [45]
 [48]
 [32]
 [54]
 [54]
 [55]
 [51]
 [46]
 [57]
 [53]
 [56]
 [54]
 [56]
 [57]
 [57]
 [57]
 [57]
 [57]
 [57]
 [57]
 [53]
 [45]
 [49]] 
------------------------ Dataset: JBy ------------------------
shape: (33, 1), dtype: uint16
Data:[[54]
 [54]
 [56]
 [57]
 [46]
 [56]
 [55]
 [48]
 [50]
 [51]
 [52]
 [45]
 [48]
 [32]
 [54]
 [54]
 [56]
 [57]
 [46]
 [56]
 [55]
 [57]
 [50]
 [57]
 [48]
 [57]
 [57]
 [57]
 [57]
 [57]
 [57]
 [45]
 [49]] 
------------------------ Dataset: JBz ------------------------
shape: (33, 1), dtype: uint16
Data:[[53]
 [57]
 [48]
 [55]
 [46]
 [55]
 [54]
 [57]
 [55]
 [54]
 [50]
 [57]
 [57]
 [57]
 [57]
 [57]
 [57]
 [45]
 [48]
 [32]
 [53]
 [57]
 [48]
 [55]
 [46]
 [55]
 [55]
 [51]
 [55]
 [54]
 [55]
 [45]
 [49]] 
------------------------ Dataset: JC ------------------------

shape: (1, 6), dtype: uint32
Data:[[3707764736          2          1          1       1668          1]] 
------------------------ Dataset: KBb ------------------------
shape: (33, 1), dtype: uint16
Data:[[54]
 [55]
 [55]
 [49]
 [46]
 [53]
 [52]
 [54]
 [49]
 [51]
 [51]
 [57]
 [57]
 [57]
 [57]
 [57]
 [57]
 [45]
 [48]
 [32]
 [54]
 [55]
 [55]
 [49]
 [46]
 [53]
 [52]
 [50]
 [49]
 [53]
 [50]
 [45]
 [49]] 
------------------------ Dataset: KBc ------------------------
shape: (27, 1), dtype: uint16
Data:[[54]
 [50]
 [56]
 [52]
 [46]
 [51]
 [51]
 [48]
 [56]
 [52]
 [56]
 [45]
 [48]
 [32]
 [54]
 [50]
 [56]
 [52]
 [46]
 [51]
 [50]
 [55]
 [51]
 [55]
 [50]
 [45]
 [49]] 
------------------------ Dataset: KBd ------------------------
shape: (40, 1), dtype: uint16
Data:[[54]
 [51]
 [48]
 [48]
 [46]
 [48]
 [57]
 [55]
 [57]
 [49]
 [57]
 [57]
 [57]
 [57]
 [57]
 [57]
 [57]
 [45]
 [48]
 [32]
 [54]
 [51]
 [48]
 [48]
 [46]
 [48]
 [56]
 [55]
 [49]
 [49]
 [55]
 [57]
 [57]
 [57]
 [57]
 [57]
 [57]
 [53]
 [45]
 [49]] 
------------------------ Dataset: KBe ------------------------
shape: (27, 1), dtype: uint16
Data:[[54]
 [51]
 [49]
 [53]
 [46]
 [57]
 [54]
 [57]
 [56]
 [55]
 [50]
 [45]
 [48]
 [32]
 [54]
 [51]
 [49]
 [53]
 [46]
 [57]
 [55]
 [51]
 [57]
 [48]
 [53]
 [45]
 [49]] 
------------------------ Dataset: KBf ------------------------
shape: (27, 1), dtype: uint16
Data:[[54]
 [51]
 [51]
 [49]
 [46]
 [55]
 [57]
 [55]
 [56]
 [53]
 [50]
 [45]
 [48]
 [32]
 [54]
 [51]
 [51]
 [49]
 [46]
 [55]
 [57]
 [55]
 [56]
 [53]
 [50]
 [45]
 [49]] 
------------------------ Dataset: KBg ------------------------
shape: (27, 1), dtype: uint16
Data:[[54]
 [52]
 [57]
 [54]
 [46]
 [57]
 [53]
 [57]
 [55]
 [49]
 [56]
 [45]
 [48]
 [32]
 [54]
 [52]
 [57]
 [54]
 [46]
 [57]
 [53]
 [51]
 [57]
 [54]
 [51]
 [45]
 [49]] 
------------------------ Dataset: KBh ------------------------
shape: (19, 1), dtype: uint16
Data:[[54]
 [53]
 [49]
 [50]
 [46]
 [55]
 [51]
 [48]
 [48]
 [55]
 [54]
 [57]
 [57]
 [57]
 [57]
 [57]
 [57]
 [45]
 [49]] 
------------------------ Dataset: KBi ------------------------
shape: (34, 1), dtype: uint16
Data:[[54]
 [53]
 [50]
 [56]
 [46]
 [53]
 [53]
 [52]
 [48]
 [54]
 [55]
 [57]
 [57]
 [57]
 [57]
 [57]
 [57]
 [53]
 [45]
 [48]
 [32]
 [54]
 [53]
 [50]
 [56]
 [46]
 [53]
 [53]
 [48]
 [48]
 [50]
 [51]
 [45]
 [49]] 
------------------------ Dataset: KBj ------------------------
shape: (27, 1), dtype: uint16
Data:[[54]
 [48]
 [50]
 [52]
 [46]
 [49]
 [51]
 [52]
 [53]
 [50]
 [54]
 [45]
 [48]
 [32]
 [54]
 [48]
 [50]
 [52]
 [46]
 [49]
 [51]
 [49]
 [51]
 [51]
 [57]
 [45]
 [49]] 
------------------------ Dataset: KBk ------------------------
shape: (27, 1), dtype: uint16
Data:[[54]
 [48]
 [51]
 [57]
 [46]
 [56]
 [55]
 [56]
 [51]
 [49]
 [52]
 [45]
 [48]
 [32]
 [54]
 [48]
 [51]
 [57]
 [46]
 [56]
 [56]
 [49]
 [56]
 [52]
 [51]
 [45]
 [49]] 
------------------------ Dataset: KBl ------------------------
shape: (34, 1), dtype: uint16
Data:[[54]
 [48]
 [53]
 [53]
 [46]
 [53]
 [52]
 [54]
 [48]
 [54]
 [51]
 [45]
 [48]
 [32]
 [54]
 [48]
 [53]
 [53]
 [46]
 [53]
 [52]
 [54]
 [51]
 [54]
 [50]
 [57]
 [57]
 [57]
 [57]
 [57]
 [57]
 [53]
 [45]
 [49]] 
------------------------ Dataset: KBm ------------------------
shape: (40, 1), dtype: uint16
Data:[[54]
 [48]
 [55]
 [49]
 [46]
 [52]
 [57]
 [49]
 [54]
 [53]
 [48]
 [57]
 [57]
 [57]
 [57]
 [57]
 [57]
 [45]
 [48]
 [32]
 [54]
 [48]
 [55]
 [49]
 [46]
 [52]
 [56]
 [55]
 [56]
 [53]
 [55]
 [57]
 [57]
 [57]
 [57]
 [57]
 [57]
 [53]
 [45]
 [49]] 
------------------------ Dataset: KBn ------------------------
shape: (33, 1), dtype: uint16
Data:[[53]
 [54]
 [51]
 [50]
 [46]
 [51]
 [53]
 [49]
 [54]
 [57]
 [52]
 [45]
 [48]
 [32]
 [53]
 [54]
 [51]
 [50]
 [46]
 [51]
 [53]
 [52]
 [57]
 [56]
 [50]
 [57]
 [57]
 [57]
 [57]
 [57]
 [57]
 [45]
 [49]] 
------------------------ Dataset: KBo ------------------------
shape: (27, 1), dtype: uint16
Data:[[53]
 [54]
 [52]
 [56]
 [46]
 [48]
 [51]
 [55]
 [54]
 [53]
 [53]
 [45]
 [48]
 [32]
 [53]
 [54]
 [52]
 [56]
 [46]
 [48]
 [52]
 [49]
 [54]
 [56]
 [54]
 [45]
 [49]] 
------------------------ Dataset: KBp ------------------------
shape: (34, 1), dtype: uint16
Data:[[53]
 [54]
 [54]
 [51]
 [46]
 [55]
 [54]
 [57]
 [54]
 [53]
 [53]
 [57]
 [57]
 [57]
 [57]
 [57]
 [57]
 [53]
 [45]
 [48]
 [32]
 [53]
 [54]
 [54]
 [51]
 [46]
 [55]
 [55]
 [55]
 [54]
 [54]
 [51]
 [45]
 [49]] 
------------------------ Dataset: KBq ------------------------
shape: (33, 1), dtype: uint16
Data:[[53]
 [54]
 [55]
 [57]
 [46]
 [53]
 [49]
 [51]
 [53]
 [48]
 [48]
 [57]
 [57]
 [57]
 [57]
 [57]
 [57]
 [45]
 [48]
 [32]
 [53]
 [54]
 [55]
 [57]
 [46]
 [53]
 [49]
 [55]
 [53]
 [57]
 [57]
 [45]
 [49]] 
------------------------ Dataset: KBr ------------------------
shape: (33, 1), dtype: uint16
Data:[[53]
 [56]
 [48]
 [53]
 [46]
 [56]
 [49]
 [56]
 [49]
 [55]
 [52]
 [57]
 [57]
 [57]
 [57]
 [57]
 [57]
 [45]
 [48]
 [32]
 [53]
 [56]
 [48]
 [53]
 [46]
 [56]
 [50]
 [49]
 [56]
 [56]
 [52]
 [45]
 [49]] 
------------------------ Dataset: KBs ------------------------
shape: (33, 1), dtype: uint16
Data:[[54]
 [52]
 [49]
 [56]
 [46]
 [53]
 [56]
 [50]
 [52]
 [48]
 [55]
 [45]
 [48]
 [32]
 [54]
 [52]
 [49]
 [56]
 [46]
 [53]
 [55]
 [56]
 [56]
 [54]
 [49]
 [57]
 [57]
 [57]
 [57]
 [57]
 [57]
 [45]
 [49]] 
------------------------ Dataset: KBt ------------------------
shape: (40, 1), dtype: uint16
Data:[[54]
 [54]
 [49]
 [48]
 [46]
 [54]
 [55]
 [54]
 [51]
 [53]
 [57]
 [57]
 [57]
 [57]
 [57]
 [57]
 [57]
 [53]
 [45]
 [48]
 [32]
 [54]
 [54]
 [49]
 [48]
 [46]
 [54]
 [57]
 [49]
 [51]
 [51]
 [54]
 [57]
 [57]
 [57]
 [57]
 [57]
 [57]
 [45]
 [49]] 
------------------------ Dataset: KBu ------------------------
shape: (27, 1), dtype: uint16
Data:[[54]
 [54]
 [50]
 [54]
 [46]
 [54]
 [48]
 [50]
 [48]
 [52]
 [54]
 [45]
 [48]
 [32]
 [54]
 [54]
 [50]
 [54]
 [46]
 [53]
 [57]
 [56]
 [49]
 [53]
 [56]
 [45]
 [49]] 
------------------------ Dataset: KBv ------------------------
shape: (33, 1), dtype: uint16
Data:[[54]
 [54]
 [52]
 [50]
 [46]
 [51]
 [55]
 [56]
 [48]
 [56]
 [52]
 [45]
 [48]
 [32]
 [54]
 [54]
 [52]
 [50]
 [46]
 [51]
 [56]
 [50]
 [49]
 [48]
 [51]
 [57]
 [57]
 [57]
 [57]
 [57]
 [57]
 [45]
 [49]] 
------------------------ Dataset: KBw ------------------------
shape: (27, 1), dtype: uint16
Data:[[54]
 [54]
 [53]
 [56]
 [46]
 [48]
 [56]
 [54]
 [56]
 [53]
 [51]
 [45]
 [48]
 [32]
 [54]
 [54]
 [53]
 [56]
 [46]
 [48]
 [56]
 [54]
 [57]
 [51]
 [54]
 [45]
 [49]] 
------------------------ Dataset: KBx ------------------------
shape: (34, 1), dtype: uint16
Data:[[54]
 [54]
 [55]
 [51]
 [46]
 [57]
 [54]
 [54]
 [49]
 [48]
 [54]
 [45]
 [48]
 [32]
 [54]
 [54]
 [55]
 [51]
 [46]
 [57]
 [53]
 [56]
 [54]
 [56]
 [57]
 [57]
 [57]
 [57]
 [57]
 [57]
 [57]
 [53]
 [45]
 [49]] 
------------------------ Dataset: KBy ------------------------
shape: (39, 1), dtype: uint16
Data:[[54]
 [54]
 [56]
 [57]
 [46]
 [56]
 [56]
 [51]
 [55]
 [55]
 [52]
 [57]
 [57]
 [57]
 [57]
 [57]
 [57]
 [45]
 [48]
 [32]
 [54]
 [54]
 [56]
 [57]
 [46]
 [56]
 [55]
 [57]
 [50]
 [57]
 [48]
 [57]
 [57]
 [57]
 [57]
 [57]
 [57]
 [45]
 [49]] 
------------------------ Dataset: KBz ------------------------
shape: (27, 1), dtype: uint16
Data:[[53]
 [57]
 [48]
 [55]
 [46]
 [55]
 [55]
 [55]
 [56]
 [53]
 [55]
 [45]
 [48]
 [32]
 [53]
 [57]
 [48]
 [55]
 [46]
 [55]
 [55]
 [51]
 [55]
 [54]
 [55]
 [45]
 [49]] 
------------------------ Dataset: KC ------------------------

shape: (1, 6), dtype: uint32
Data:[[3707764736          2          1          1       1669          1]] 
------------------------ Dataset: LBb ------------------------
shape: (33, 1), dtype: uint16
Data:[[54]
 [55]
 [55]
 [49]
 [46]
 [53]
 [52]
 [54]
 [49]
 [51]
 [51]
 [57]
 [57]
 [57]
 [57]
 [57]
 [57]
 [45]
 [48]
 [32]
 [54]
 [55]
 [55]
 [49]
 [46]
 [53]
 [53]
 [48]
 [48]
 [55]
 [49]
 [45]
 [49]] 
------------------------ Dataset: LBc ------------------------
shape: (27, 1), dtype: uint16
Data:[[54]
 [50]
 [56]
 [52]
 [46]
 [51]
 [51]
 [48]
 [56]
 [52]
 [56]
 [45]
 [48]
 [32]
 [54]
 [50]
 [56]
 [52]
 [46]
 [51]
 [51]
 [52]
 [51]
 [57]
 [51]
 [45]
 [49]] 
------------------------ Dataset: LBd ------------------------
shape: (39, 1), dtype: uint16
Data:[[54]
 [51]
 [48]
 [48]
 [46]
 [48]
 [57]
 [55]
 [57]
 [49]
 [57]
 [57]
 [57]
 [57]
 [57]
 [57]
 [57]
 [45]
 [48]
 [32]
 [54]
 [51]
 [48]
 [48]
 [46]
 [48]
 [57]
 [51]
 [57]
 [55]
 [56]
 [57]
 [57]
 [57]
 [57]
 [57]
 [57]
 [45]
 [49]] 
------------------------ Dataset: LBe ------------------------
shape: (27, 1), dtype: uint16
Data:[[54]
 [51]
 [49]
 [53]
 [46]
 [57]
 [55]
 [55]
 [57]
 [48]
 [51]
 [45]
 [48]
 [32]
 [54]
 [51]
 [49]
 [53]
 [46]
 [57]
 [55]
 [51]
 [57]
 [48]
 [53]
 [45]
 [49]] 
------------------------ Dataset: LBf ------------------------
shape: (27, 1), dtype: uint16
Data:[[54]
 [51]
 [51]
 [49]
 [46]
 [55]
 [57]
 [55]
 [56]
 [53]
 [50]
 [45]
 [48]
 [32]
 [54]
 [51]
 [51]
 [49]
 [46]
 [56]
 [48]
 [53]
 [56]
 [55]
 [55]
 [45]
 [49]] 
------------------------ Dataset: LBg ------------------------
shape: (34, 1), dtype: uint16
Data:[[54]
 [52]
 [57]
 [54]
 [46]
 [57]
 [53]
 [57]
 [55]
 [49]
 [56]
 [45]
 [48]
 [32]
 [54]
 [52]
 [57]
 [54]
 [46]
 [57]
 [54]
 [50]
 [48]
 [57]
 [51]
 [57]
 [57]
 [57]
 [57]
 [57]
 [57]
 [53]
 [45]
 [49]] 
------------------------ Dataset: LBh ------------------------
shape: (13, 1), dtype: uint16
Data:[[54]
 [53]
 [49]
 [50]
 [46]
 [55]
 [51]
 [52]
 [49]
 [49]
 [50]
 [45]
 [48]] 
------------------------ Dataset: LBi ------------------------
shape: (34, 1), dtype: uint16
Data:[[54]
 [53]
 [50]
 [56]
 [46]
 [53]
 [53]
 [52]
 [48]
 [54]
 [55]
 [57]
 [57]
 [57]
 [57]
 [57]
 [57]
 [53]
 [45]
 [48]
 [32]
 [54]
 [53]
 [50]
 [56]
 [46]
 [53]
 [53]
 [56]
 [51]
 [57]
 [57]
 [45]
 [49]] 
------------------------ Dataset: LBj ------------------------
shape: (27, 1), dtype: uint16
Data:[[54]
 [48]
 [50]
 [52]
 [46]
 [49]
 [51]
 [52]
 [53]
 [50]
 [54]
 [45]
 [48]
 [32]
 [54]
 [48]
 [50]
 [52]
 [46]
 [49]
 [52]
 [55]
 [53]
 [52]
 [56]
 [45]
 [49]] 
------------------------ Dataset: LBk ------------------------
shape: (33, 1), dtype: uint16
Data:[[54]
 [48]
 [51]
 [57]
 [46]
 [56]
 [56]
 [54]
 [48]
 [48]
 [52]
 [57]
 [57]
 [57]
 [57]
 [57]
 [57]
 [45]
 [48]
 [32]
 [54]
 [48]
 [51]
 [57]
 [46]
 [56]
 [56]
 [49]
 [56]
 [52]
 [51]
 [45]
 [49]] 
------------------------ Dataset: LBl ------------------------
shape: (34, 1), dtype: uint16
Data:[[54]
 [48]
 [53]
 [53]
 [46]
 [53]
 [53]
 [52]
 [50]
 [52]
 [52]
 [45]
 [48]
 [32]
 [54]
 [48]
 [53]
 [53]
 [46]
 [53]
 [52]
 [54]
 [51]
 [54]
 [50]
 [57]
 [57]
 [57]
 [57]
 [57]
 [57]
 [53]
 [45]
 [49]] 
------------------------ Dataset: LBm ------------------------
shape: (33, 1), dtype: uint16
Data:[[54]
 [48]
 [55]
 [49]
 [46]
 [52]
 [57]
 [49]
 [54]
 [53]
 [48]
 [57]
 [57]
 [57]
 [57]
 [57]
 [57]
 [45]
 [48]
 [32]
 [54]
 [48]
 [55]
 [49]
 [46]
 [52]
 [57]
 [57]
 [56]
 [49]
 [54]
 [45]
 [49]] 
------------------------ Dataset: LBn ------------------------
shape: (33, 1), dtype: uint16
Data:[[53]
 [54]
 [51]
 [50]
 [46]
 [51]
 [53]
 [55]
 [54]
 [57]
 [50]
 [45]
 [48]
 [32]
 [53]
 [54]
 [51]
 [50]
 [46]
 [51]
 [53]
 [52]
 [57]
 [56]
 [50]
 [57]
 [57]
 [57]
 [57]
 [57]
 [57]
 [45]
 [49]] 
------------------------ Dataset: LBo ------------------------
shape: (33, 1), dtype: uint16
Data:[[53]
 [54]
 [52]
 [56]
 [46]
 [48]
 [52]
 [53]
 [56]
 [52]
 [51]
 [57]
 [57]
 [57]
 [57]
 [57]
 [57]
 [45]
 [48]
 [32]
 [53]
 [54]
 [52]
 [56]
 [46]
 [48]
 [52]
 [49]
 [54]
 [56]
 [54]
 [45]
 [49]] 
------------------------ Dataset: LBp ------------------------
shape: (27, 1), dtype: uint16
Data:[[53]
 [54]
 [54]
 [51]
 [46]
 [55]
 [55]
 [55]
 [54]
 [54]
 [51]
 [45]
 [48]
 [32]
 [53]
 [54]
 [54]
 [51]
 [46]
 [55]
 [55]
 [55]
 [54]
 [54]
 [51]
 [45]
 [49]] 
------------------------ Dataset: LBq ------------------------
shape: (27, 1), dtype: uint16
Data:[[53]
 [54]
 [55]
 [57]
 [46]
 [53]
 [50]
 [49]
 [53]
 [53]
 [49]
 [45]
 [48]
 [32]
 [53]
 [54]
 [55]
 [57]
 [46]
 [53]
 [49]
 [55]
 [53]
 [57]
 [57]
 [45]
 [49]] 
------------------------ Dataset: LBr ------------------------
shape: (27, 1), dtype: uint16
Data:[[53]
 [56]
 [48]
 [53]
 [46]
 [56]
 [50]
 [55]
 [54]
 [48]
 [51]
 [45]
 [48]
 [32]
 [53]
 [56]
 [48]
 [53]
 [46]
 [56]
 [50]
 [49]
 [56]
 [56]
 [52]
 [45]
 [49]] 
------------------------ Dataset: LBs ------------------------
shape: (33, 1), dtype: uint16
Data:[[54]
 [52]
 [49]
 [56]
 [46]
 [53]
 [56]
 [50]
 [52]
 [48]
 [55]
 [45]
 [48]
 [32]
 [54]
 [52]
 [49]
 [56]
 [46]
 [53]
 [56]
 [54]
 [49]
 [55]
 [54]
 [57]
 [57]
 [57]
 [57]
 [57]
 [57]
 [45]
 [49]] 
------------------------ Dataset: LBt ------------------------
shape: (33, 1), dtype: uint16
Data:[[54]
 [54]
 [49]
 [48]
 [46]
 [54]
 [57]
 [49]
 [49]
 [56]
 [57]
 [45]
 [48]
 [32]
 [54]
 [54]
 [49]
 [48]
 [46]
 [54]
 [57]
 [49]
 [51]
 [51]
 [54]
 [57]
 [57]
 [57]
 [57]
 [57]
 [57]
 [45]
 [49]] 
------------------------ Dataset: LBu ------------------------
shape: (27, 1), dtype: uint16
Data:[[54]
 [54]
 [50]
 [54]
 [46]
 [54]
 [48]
 [50]
 [48]
 [52]
 [54]
 [45]
 [48]
 [32]
 [54]
 [54]
 [50]
 [54]
 [46]
 [54]
 [48]
 [54]
 [49]
 [55]
 [55]
 [45]
 [49]] 
------------------------ Dataset: LBv ------------------------
shape: (33, 1), dtype: uint16
Data:[[54]
 [54]
 [52]
 [50]
 [46]
 [51]
 [56]
 [54]
 [49]
 [48]
 [54]
 [45]
 [48]
 [32]
 [54]
 [54]
 [52]
 [50]
 [46]
 [51]
 [56]
 [50]
 [49]
 [48]
 [51]
 [57]
 [57]
 [57]
 [57]
 [57]
 [57]
 [45]
 [49]] 
------------------------ Dataset: LBw ------------------------
shape: (34, 1), dtype: uint16
Data:[[54]
 [54]
 [53]
 [56]
 [46]
 [48]
 [57]
 [56]
 [53]
 [55]
 [56]
 [57]
 [57]
 [57]
 [57]
 [57]
 [57]
 [53]
 [45]
 [48]
 [32]
 [54]
 [54]
 [53]
 [56]
 [46]
 [48]
 [56]
 [54]
 [57]
 [51]
 [54]
 [45]
 [49]] 
------------------------ Dataset: LBx ------------------------
shape: (27, 1), dtype: uint16
Data:[[54]
 [54]
 [55]
 [51]
 [46]
 [57]
 [54]
 [54]
 [49]
 [48]
 [54]
 [45]
 [48]
 [32]
 [54]
 [54]
 [55]
 [51]
 [46]
 [57]
 [54]
 [54]
 [49]
 [48]
 [54]
 [45]
 [49]] 
------------------------ Dataset: LBy ------------------------
shape: (39, 1), dtype: uint16
Data:[[54]
 [54]
 [56]
 [57]
 [46]
 [56]
 [56]
 [51]
 [55]
 [55]
 [52]
 [57]
 [57]
 [57]
 [57]
 [57]
 [57]
 [45]
 [48]
 [32]
 [54]
 [54]
 [56]
 [57]
 [46]
 [56]
 [56]
 [56]
 [51]
 [55]
 [57]
 [57]
 [57]
 [57]
 [57]
 [57]
 [57]
 [45]
 [49]] 
------------------------ Dataset: LBz ------------------------
shape: (34, 1), dtype: uint16
Data:[[53]
 [57]
 [48]
 [55]
 [46]
 [55]
 [55]
 [55]
 [56]
 [53]
 [55]
 [45]
 [48]
 [32]
 [53]
 [57]
 [48]
 [55]
 [46]
 [55]
 [56]
 [53]
 [55]
 [50]
 [54]
 [57]
 [57]
 [57]
 [57]
 [57]
 [57]
 [53]
 [45]
 [49]] 
------------------------ Dataset: LC ------------------------

shape: (1, 6), dtype: uint32
Data:[[3707764736          2          1          1       1670          1]] 
------------------------ Dataset: MBb ------------------------
shape: (33, 1), dtype: uint16
Data:[[54]
 [55]
 [55]
 [49]
 [46]
 [53]
 [53]
 [52]
 [49]
 [51]
 [49]
 [57]
 [57]
 [57]
 [57]
 [57]
 [57]
 [45]
 [48]
 [32]
 [54]
 [55]
 [55]
 [49]
 [46]
 [53]
 [53]
 [48]
 [48]
 [55]
 [49]
 [45]
 [49]] 
------------------------ Dataset: MBc ------------------------
shape: (33, 1), dtype: uint16
Data:[[54]
 [50]
 [56]
 [52]
 [46]
 [51]
 [52]
 [51]
 [57]
 [53]
 [52]
 [57]
 [57]
 [57]
 [57]
 [57]
 [57]
 [45]
 [48]
 [32]
 [54]
 [50]
 [56]
 [52]
 [46]
 [51]
 [51]
 [52]
 [51]
 [57]
 [51]
 [45]
 [49]] 
------------------------ Dataset: MBd ------------------------
shape: (33, 1), dtype: uint16
Data:[[54]
 [51]
 [48]
 [48]
 [46]
 [48]
 [57]
 [55]
 [57]
 [49]
 [57]
 [57]
 [57]
 [57]
 [57]
 [57]
 [57]
 [45]
 [48]
 [32]
 [54]
 [51]
 [48]
 [48]
 [46]
 [49]
 [48]
 [50]
 [48]
 [57]
 [57]
 [45]
 [49]] 
------------------------ Dataset: MBe ------------------------
shape: (27, 1), dtype: uint16
Data:[[54]
 [51]
 [49]
 [53]
 [46]
 [57]
 [55]
 [55]
 [57]
 [48]
 [51]
 [45]
 [48]
 [32]
 [54]
 [51]
 [49]
 [53]
 [46]
 [57]
 [56]
 [51]
 [55]
 [57]
 [50]
 [45]
 [49]] 
------------------------ Dataset: MBf ------------------------
shape: (27, 1), dtype: uint16
Data:[[54]
 [51]
 [51]
 [49]
 [46]
 [56]
 [48]
 [53]
 [57]
 [51]
 [52]
 [45]
 [48]
 [32]
 [54]
 [51]
 [51]
 [49]
 [46]
 [56]
 [48]
 [53]
 [56]
 [55]
 [55]
 [45]
 [49]] 
------------------------ Dataset: MBg ------------------------
shape: (41, 1), dtype: uint16
Data:[[54]
 [52]
 [57]
 [54]
 [46]
 [57]
 [54]
 [54]
 [48]
 [57]
 [54]
 [57]
 [57]
 [57]
 [57]
 [57]
 [57]
 [53]
 [45]
 [48]
 [32]
 [54]
 [52]
 [57]
 [54]
 [46]
 [57]
 [54]
 [50]
 [48]
 [57]
 [51]
 [57]
 [57]
 [57]
 [57]
 [57]
 [57]
 [53]
 [45]
 [49]] 
------------------------ Dataset: MBh ------------------------
shape: (13, 1), dtype: uint16
Data:[[54]
 [53]
 [49]
 [50]
 [46]
 [55]
 [51]
 [55]
 [57]
 [57]
 [49]
 [45]
 [49]] 
------------------------ Dataset: MBi ------------------------
shape: (33, 1), dtype: uint16
Data:[[54]
 [53]
 [50]
 [56]
 [46]
 [53]
 [54]
 [50]
 [49]
 [57]
 [54]
 [57]
 [57]
 [57]
 [57]
 [57]
 [57]
 [45]
 [48]
 [32]
 [54]
 [53]
 [50]
 [56]
 [46]
 [53]
 [53]
 [56]
 [51]
 [57]
 [57]
 [45]
 [49]] 
------------------------ Dataset: MBj ------------------------
shape: (33, 1), dtype: uint16
Data:[[54]
 [48]
 [50]
 [52]
 [46]
 [49]
 [52]
 [55]
 [53]
 [56]
 [51]
 [57]
 [57]
 [57]
 [57]
 [57]
 [57]
 [45]
 [48]
 [32]
 [54]
 [48]
 [50]
 [52]
 [46]
 [49]
 [52]
 [55]
 [53]
 [52]
 [56]
 [45]
 [49]] 
------------------------ Dataset: MBk ------------------------
shape: (40, 1), dtype: uint16
Data:[[54]
 [48]
 [51]
 [57]
 [46]
 [56]
 [56]
 [54]
 [48]
 [48]
 [52]
 [57]
 [57]
 [57]
 [57]
 [57]
 [57]
 [45]
 [48]
 [32]
 [54]
 [48]
 [51]
 [57]
 [46]
 [56]
 [56]
 [57]
 [56]
 [49]
 [52]
 [57]
 [57]
 [57]
 [57]
 [57]
 [57]
 [53]
 [45]
 [49]] 
------------------------ Dataset: MBl ------------------------
shape: (26, 1), dtype: uint16
Data:[[54]
 [48]
 [53]
 [53]
 [46]
 [53]
 [53]
 [52]
 [50]
 [52]
 [52]
 [45]
 [48]
 [32]
 [54]
 [48]
 [53]
 [53]
 [46]
 [53]
 [53]
 [51]
 [57]
 [49]
 [45]
 [49]] 
------------------------ Dataset: MBm ------------------------
shape: (33, 1), dtype: uint16
Data:[[54]
 [48]
 [55]
 [49]
 [46]
 [52]
 [57]
 [57]
 [54]
 [49]
 [51]
 [57]
 [57]
 [57]
 [57]
 [57]
 [57]
 [45]
 [48]
 [32]
 [54]
 [48]
 [55]
 [49]
 [46]
 [52]
 [57]
 [57]
 [56]
 [49]
 [54]
 [45]
 [49]] 
------------------------ Dataset: MBn ------------------------
shape: (26, 1), dtype: uint16
Data:[[53]
 [54]
 [51]
 [50]
 [46]
 [51]
 [53]
 [55]
 [54]
 [57]
 [50]
 [45]
 [48]
 [32]
 [53]
 [54]
 [51]
 [50]
 [46]
 [51]
 [54]
 [49]
 [54]
 [52]
 [45]
 [49]] 
------------------------ Dataset: MBo ------------------------
shape: (39, 1), dtype: uint16
Data:[[53]
 [54]
 [52]
 [56]
 [46]
 [48]
 [52]
 [53]
 [56]
 [52]
 [51]
 [57]
 [57]
 [57]
 [57]
 [57]
 [57]
 [45]
 [48]
 [32]
 [53]
 [54]
 [52]
 [56]
 [46]
 [48]
 [52]
 [57]
 [55]
 [48]
 [49]
 [57]
 [57]
 [57]
 [57]
 [57]
 [57]
 [45]
 [49]] 
------------------------ Dataset: MBp ------------------------
shape: (33, 1), dtype: uint16
Data:[[53]
 [54]
 [54]
 [51]
 [46]
 [55]
 [55]
 [55]
 [54]
 [54]
 [51]
 [45]
 [48]
 [32]
 [53]
 [54]
 [54]
 [51]
 [46]
 [55]
 [57]
 [48]
 [48]
 [52]
 [56]
 [57]
 [57]
 [57]
 [57]
 [57]
 [57]
 [45]
 [49]] 
------------------------ Dataset: MBq ------------------------
shape: (27, 1), dtype: uint16
Data:[[53]
 [54]
 [55]
 [57]
 [46]
 [53]
 [50]
 [49]
 [53]
 [53]
 [49]
 [45]
 [48]
 [32]
 [53]
 [54]
 [55]
 [57]
 [46]
 [53]
 [50]
 [53]
 [53]
 [56]
 [54]
 [45]
 [49]] 
------------------------ Dataset: MBr ------------------------
shape: (26, 1), dtype: uint16
Data:[[53]
 [56]
 [48]
 [53]
 [46]
 [56]
 [50]
 [55]
 [54]
 [48]
 [51]
 [45]
 [48]
 [32]
 [53]
 [56]
 [48]
 [53]
 [46]
 [56]
 [51]
 [48]
 [51]
 [50]
 [45]
 [49]] 
------------------------ Dataset: MBs ------------------------
shape: (39, 1), dtype: uint16
Data:[[54]
 [52]
 [49]
 [56]
 [46]
 [53]
 [56]
 [57]
 [56]
 [57]
 [55]
 [57]
 [57]
 [57]
 [57]
 [57]
 [57]
 [45]
 [48]
 [32]
 [54]
 [52]
 [49]
 [56]
 [46]
 [53]
 [56]
 [54]
 [49]
 [55]
 [54]
 [57]
 [57]
 [57]
 [57]
 [57]
 [57]
 [45]
 [49]] 
------------------------ Dataset: MBt ------------------------
shape: (33, 1), dtype: uint16
Data:[[54]
 [54]
 [49]
 [48]
 [46]
 [54]
 [57]
 [52]
 [57]
 [50]
 [51]
 [45]
 [48]
 [32]
 [54]
 [54]
 [49]
 [48]
 [46]
 [54]
 [57]
 [49]
 [51]
 [51]
 [54]
 [57]
 [57]
 [57]
 [57]
 [57]
 [57]
 [45]
 [49]] 
------------------------ Dataset: MBu ------------------------
shape: (27, 1), dtype: uint16
Data:[[54]
 [54]
 [50]
 [54]
 [46]
 [54]
 [49]
 [52]
 [55]
 [56]
 [56]
 [45]
 [48]
 [32]
 [54]
 [54]
 [50]
 [54]
 [46]
 [54]
 [48]
 [54]
 [49]
 [55]
 [55]
 [45]
 [49]] 
------------------------ Dataset: MBv ------------------------
shape: (27, 1), dtype: uint16
Data:[[54]
 [54]
 [52]
 [50]
 [46]
 [51]
 [56]
 [54]
 [49]
 [48]
 [54]
 [45]
 [48]
 [32]
 [54]
 [54]
 [52]
 [50]
 [46]
 [51]
 [57]
 [48]
 [50]
 [51]
 [53]
 [45]
 [49]] 
------------------------ Dataset: MBw ------------------------
shape: (41, 1), dtype: uint16
Data:[[54]
 [54]
 [53]
 [56]
 [46]
 [48]
 [57]
 [56]
 [53]
 [55]
 [56]
 [57]
 [57]
 [57]
 [57]
 [57]
 [57]
 [53]
 [45]
 [48]
 [32]
 [54]
 [54]
 [53]
 [56]
 [46]
 [48]
 [57]
 [53]
 [48]
 [54]
 [52]
 [57]
 [57]
 [57]
 [57]
 [57]
 [57]
 [53]
 [45]
 [49]] 
------------------------ Dataset: MBx ------------------------
shape: (33, 1), dtype: uint16
Data:[[54]
 [54]
 [55]
 [51]
 [46]
 [57]
 [54]
 [54]
 [49]
 [48]
 [54]
 [45]
 [48]
 [32]
 [54]
 [54]
 [55]
 [51]
 [46]
 [57]
 [55]
 [53]
 [52]
 [51]
 [49]
 [57]
 [57]
 [57]
 [57]
 [57]
 [57]
 [45]
 [49]] 
------------------------ Dataset: MBy ------------------------
shape: (33, 1), dtype: uint16
Data:[[54]
 [54]
 [56]
 [57]
 [46]
 [56]
 [57]
 [54]
 [48]
 [51]
 [56]
 [45]
 [48]
 [32]
 [54]
 [54]
 [56]
 [57]
 [46]
 [56]
 [56]
 [56]
 [51]
 [55]
 [57]
 [57]
 [57]
 [57]
 [57]
 [57]
 [57]
 [45]
 [49]] 
------------------------ Dataset: MBz ------------------------
shape: (41, 1), dtype: uint16
Data:[[53]
 [57]
 [48]
 [55]
 [46]
 [55]
 [56]
 [53]
 [55]
 [53]
 [51]
 [57]
 [57]
 [57]
 [57]
 [57]
 [57]
 [53]
 [45]
 [48]
 [32]
 [53]
 [57]
 [48]
 [55]
 [46]
 [55]
 [56]
 [53]
 [55]
 [50]
 [54]
 [57]
 [57]
 [57]
 [57]
 [57]
 [57]
 [53]
 [45]
 [49]] 
------------------------ Dataset: MC ------------------------

