shape: (1, 6), dtype: uint32
Data:[[3707764736          2          1          1        941          1]] 
------------------------ Dataset: Jpb ------------------------
shape: (13, 1), dtype: uint16
Data:[[54]
 [55]
 [54]
 [56]
 [46]
 [52]
 [56]
 [50]
 [49]
 [56]
 [53]
 [45]
 [48]] 
------------------------ Dataset: Jpc ------------------------
shape: (39, 1), dtype: uint16
Data:[[54]
 [50]
 [56]
 [49]
 [46]
 [50]
 [54]
 [51]
 [48]
 [53]
 [52]
 [57]
 [57]
 [57]
 [57]
 [57]
 [57]
 [45]
 [48]
 [32]
 [54]
 [50]
 [56]
 [49]
 [46]
 [50]
 [53]
 [55]
 [56]
 [48]
 [55]
 [57]
 [57]
 [57]
 [57]
 [57]
 [57]
 [45]
 [49]] 
------------------------ Dataset: Jpd ------------------------
shape: (27, 1), dtype: uint16
Data:[[54]
 [50]
 [57]
 [55]
 [46]
 [48]
 [51]
 [56]
 [48]
 [55]
 [51]
 [45]
 [48]
 [32]
 [54]
 [50]
 [57]
 [55]
 [46]
 [48]
 [52]
 [50]
 [52]
 [51]
 [54]
 [45]
 [49]] 
------------------------ Dataset: Jpe ------------------------
shape: (40, 1), dtype: uint16
Data:[[54]
 [51]
 [49]
 [50]
 [46]
 [57]
 [51]
 [53]
 [49]
 [51]
 [48]
 [57]
 [57]
 [57]
 [57]
 [57]
 [57]
 [45]
 [48]
 [32]
 [54]
 [51]
 [49]
 [50]
 [46]
 [57]
 [50]
 [52]
 [56]
 [53]
 [50]
 [57]
 [57]
 [57]
 [57]
 [57]
 [57]
 [53]
 [45]
 [49]] 
------------------------ Dataset: Jpf ------------------------
shape: (27, 1), dtype: uint16
Data:[[54]
 [51]
 [50]
 [56]
 [46]
 [55]
 [53]
 [48]
 [48]
 [56]
 [51]
 [45]
 [48]
 [32]
 [54]
 [51]
 [50]
 [56]
 [46]
 [55]
 [53]
 [51]
 [57]
 [55]
 [57]
 [45]
 [49]] 
------------------------ Dataset: Jpg ------------------------
shape: (19, 1), dtype: uint16
Data:[[54]
 [51]
 [52]
 [52]
 [46]
 [53]
 [54]
 [57]
 [57]
 [49]
 [50]
 [57]
 [57]
 [57]
 [57]
 [57]
 [57]
 [45]
 [49]] 
------------------------ Dataset: Jph ------------------------
shape: (27, 1), dtype: uint16
Data:[[54]
 [53]
 [48]
 [57]
 [46]
 [54]
 [55]
 [51]
 [57]
 [55]
 [54]
 [45]
 [48]
 [32]
 [54]
 [53]
 [48]
 [57]
 [46]
 [54]
 [54]
 [57]
 [57]
 [54]
 [52]
 [45]
 [49]] 
------------------------ Dataset: Jpi ------------------------
shape: (27, 1), dtype: uint16
Data:[[54]
 [53]
 [50]
 [53]
 [46]
 [52]
 [55]
 [51]
 [57]
 [53]
 [52]
 [45]
 [48]
 [32]
 [54]
 [53]
 [50]
 [53]
 [46]
 [52]
 [55]
 [55]
 [57]
 [57]
 [50]
 [45]
 [49]] 
------------------------ Dataset: Jpj ------------------------
shape: (27, 1), dtype: uint16
Data:[[54]
 [48]
 [50]
 [49]
 [46]
 [48]
 [55]
 [55]
 [55]
 [50]
 [52]
 [45]
 [48]
 [32]
 [54]
 [48]
 [50]
 [49]
 [46]
 [48]
 [56]
 [49]
 [55]
 [49]
 [52]
 [45]
 [49]] 
------------------------ Dataset: Jpk ------------------------
shape: (19, 1), dtype: uint16
Data:[[54]
 [48]
 [51]
 [54]
 [46]
 [56]
 [54]
 [48]
 [57]
 [56]
 [52]
 [57]
 [57]
 [57]
 [57]
 [57]
 [57]
 [45]
 [49]] 
------------------------ Dataset: Jpl ------------------------
shape: (33, 1), dtype: uint16
Data:[[54]
 [48]
 [53]
 [50]
 [46]
 [52]
 [56]
 [49]
 [56]
 [50]
 [50]
 [45]
 [48]
 [32]
 [54]
 [48]
 [53]
 [50]
 [46]
 [52]
 [56]
 [54]
 [53]
 [49]
 [54]
 [57]
 [57]
 [57]
 [57]
 [57]
 [57]
 [45]
 [49]] 
------------------------ Dataset: Jpm ------------------------
shape: (27, 1), dtype: uint16
Data:[[54]
 [48]
 [54]
 [56]
 [46]
 [51]
 [57]
 [52]
 [52]
 [55]
 [50]
 [45]
 [48]
 [32]
 [54]
 [48]
 [54]
 [56]
 [46]
 [51]
 [57]
 [48]
 [50]
 [50]
 [55]
 [45]
 [49]] 
------------------------ Dataset: Jpn ------------------------
shape: (27, 1), dtype: uint16
Data:[[54]
 [48]
 [56]
 [52]
 [46]
 [51]
 [50]
 [49]
 [56]
 [51]
 [53]
 [45]
 [48]
 [32]
 [54]
 [48]
 [56]
 [52]
 [46]
 [51]
 [49]
 [55]
 [57]
 [48]
 [56]
 [45]
 [49]] 
------------------------ Dataset: Jpo ------------------------
shape: (33, 1), dtype: uint16
Data:[[53]
 [54]
 [52]
 [53]
 [46]
 [48]
 [48]
 [49]
 [55]
 [49]
 [57]
 [45]
 [48]
 [32]
 [53]
 [54]
 [52]
 [52]
 [46]
 [57]
 [57]
 [55]
 [54]
 [53]
 [55]
 [57]
 [57]
 [57]
 [57]
 [57]
 [57]
 [45]
 [49]] 
------------------------ Dataset: Jpp ------------------------
shape: (34, 1), dtype: uint16
Data:[[53]
 [54]
 [54]
 [48]
 [46]
 [55]
 [52]
 [53]
 [54]
 [57]
 [49]
 [57]
 [57]
 [57]
 [57]
 [57]
 [57]
 [53]
 [45]
 [48]
 [32]
 [53]
 [54]
 [54]
 [48]
 [46]
 [55]
 [52]
 [57]
 [55]
 [48]
 [55]
 [45]
 [49]] 
------------------------ Dataset: Jpq ------------------------
shape: (33, 1), dtype: uint16
Data:[[53]
 [54]
 [55]
 [54]
 [46]
 [52]
 [52]
 [53]
 [57]
 [51]
 [48]
 [57]
 [57]
 [57]
 [57]
 [57]
 [57]
 [45]
 [48]
 [32]
 [53]
 [54]
 [55]
 [54]
 [46]
 [52]
 [52]
 [54]
 [48]
 [52]
 [53]
 [45]
 [49]] 
------------------------ Dataset: Jpr ------------------------
shape: (27, 1), dtype: uint16
Data:[[53]
 [54]
 [57]
 [50]
 [46]
 [50]
 [50]
 [57]
 [57]
 [54]
 [54]
 [45]
 [48]
 [32]
 [53]
 [54]
 [57]
 [50]
 [46]
 [50]
 [50]
 [54]
 [48]
 [52]
 [52]
 [45]
 [49]] 
------------------------ Dataset: Jps ------------------------
shape: (33, 1), dtype: uint16
Data:[[54]
 [52]
 [49]
 [53]
 [46]
 [53]
 [51]
 [50]
 [51]
 [55]
 [50]
 [45]
 [48]
 [32]
 [54]
 [52]
 [49]
 [53]
 [46]
 [53]
 [51]
 [53]
 [48]
 [49]
 [54]
 [57]
 [57]
 [57]
 [57]
 [57]
 [57]
 [45]
 [49]] 
------------------------ Dataset: Jpt ------------------------
shape: (33, 1), dtype: uint16
Data:[[54]
 [54]
 [48]
 [55]
 [46]
 [54]
 [50]
 [50]
 [49]
 [54]
 [56]
 [57]
 [57]
 [57]
 [57]
 [57]
 [57]
 [45]
 [48]
 [32]
 [54]
 [54]
 [48]
 [55]
 [46]
 [54]
 [48]
 [54]
 [51]
 [51]
 [49]
 [45]
 [49]] 
------------------------ Dataset: Jpu ------------------------
shape: (33, 1), dtype: uint16
Data:[[54]
 [54]
 [50]
 [51]
 [46]
 [53]
 [51]
 [57]
 [55]
 [54]
 [49]
 [45]
 [48]
 [32]
 [54]
 [54]
 [50]
 [51]
 [46]
 [53]
 [52]
 [50]
 [51]
 [56]
 [56]
 [57]
 [57]
 [57]
 [57]
 [57]
 [57]
 [45]
 [49]] 
------------------------ Dataset: Jpv ------------------------
shape: (34, 1), dtype: uint16
Data:[[54]
 [54]
 [51]
 [57]
 [46]
 [51]
 [55]
 [52]
 [50]
 [53]
 [50]
 [45]
 [48]
 [32]
 [54]
 [54]
 [51]
 [57]
 [46]
 [51]
 [55]
 [52]
 [49]
 [48]
 [51]
 [57]
 [57]
 [57]
 [57]
 [57]
 [57]
 [53]
 [45]
 [49]] 
------------------------ Dataset: Jpw ------------------------
shape: (33, 1), dtype: uint16
Data:[[54]
 [54]
 [53]
 [52]
 [46]
 [57]
 [57]
 [48]
 [48]
 [52]
 [56]
 [45]
 [48]
 [32]
 [54]
 [54]
 [53]
 [52]
 [46]
 [57]
 [56]
 [54]
 [49]
 [50]
 [52]
 [57]
 [57]
 [57]
 [57]
 [57]
 [57]
 [45]
 [49]] 
------------------------ Dataset: Jpx ------------------------
shape: (39, 1), dtype: uint16
Data:[[54]
 [54]
 [55]
 [48]
 [46]
 [56]
 [56]
 [56]
 [50]
 [52]
 [55]
 [57]
 [57]
 [57]
 [57]
 [57]
 [57]
 [45]
 [48]
 [32]
 [54]
 [54]
 [55]
 [48]
 [46]
 [56]
 [57]
 [48]
 [51]
 [50]
 [52]
 [57]
 [57]
 [57]
 [57]
 [57]
 [57]
 [45]
 [49]] 
------------------------ Dataset: Jpy ------------------------
shape: (27, 1), dtype: uint16
Data:[[54]
 [54]
 [56]
 [54]
 [46]
 [55]
 [57]
 [48]
 [48]
 [55]
 [53]
 [45]
 [48]
 [32]
 [54]
 [54]
 [56]
 [54]
 [46]
 [55]
 [56]
 [54]
 [48]
 [54]
 [49]
 [45]
 [49]] 
------------------------ Dataset: Jpz ------------------------
shape: (34, 1), dtype: uint16
Data:[[53]
 [57]
 [48]
 [52]
 [46]
 [55]
 [48]
 [53]
 [56]
 [55]
 [53]
 [45]
 [48]
 [32]
 [53]
 [57]
 [48]
 [52]
 [46]
 [55]
 [48]
 [50]
 [49]
 [51]
 [52]
 [57]
 [57]
 [57]
 [57]
 [57]
 [57]
 [53]
 [45]
 [49]] 
------------------------ Dataset: Jq ------------------------

shape: (1, 6), dtype: uint32
Data:[[3707764736          2          1          1        942          1]] 
------------------------ Dataset: Kpb ------------------------
shape: (13, 1), dtype: uint16
Data:[[54]
 [55]
 [54]
 [56]
 [46]
 [52]
 [56]
 [54]
 [51]
 [50]
 [51]
 [45]
 [49]] 
------------------------ Dataset: Kpc ------------------------
shape: (39, 1), dtype: uint16
Data:[[54]
 [50]
 [56]
 [49]
 [46]
 [50]
 [54]
 [51]
 [48]
 [53]
 [52]
 [57]
 [57]
 [57]
 [57]
 [57]
 [57]
 [45]
 [48]
 [32]
 [54]
 [50]
 [56]
 [49]
 [46]
 [50]
 [54]
 [55]
 [54]
 [50]
 [49]
 [57]
 [57]
 [57]
 [57]
 [57]
 [57]
 [45]
 [49]] 
------------------------ Dataset: Kpd ------------------------
shape: (34, 1), dtype: uint16
Data:[[54]
 [50]
 [57]
 [55]
 [46]
 [48]
 [52]
 [53]
 [56]
 [57]
 [50]
 [57]
 [57]
 [57]
 [57]
 [57]
 [57]
 [53]
 [45]
 [48]
 [32]
 [54]
 [50]
 [57]
 [55]
 [46]
 [48]
 [52]
 [50]
 [52]
 [51]
 [54]
 [45]
 [49]] 
------------------------ Dataset: Kpe ------------------------
shape: (33, 1), dtype: uint16
Data:[[54]
 [51]
 [49]
 [50]
 [46]
 [57]
 [51]
 [53]
 [49]
 [51]
 [48]
 [57]
 [57]
 [57]
 [57]
 [57]
 [57]
 [45]
 [48]
 [32]
 [54]
 [51]
 [49]
 [50]
 [46]
 [57]
 [51]
 [53]
 [51]
 [50]
 [56]
 [45]
 [49]] 
------------------------ Dataset: Kpf ------------------------
shape: (27, 1), dtype: uint16
Data:[[54]
 [51]
 [50]
 [56]
 [46]
 [55]
 [53]
 [55]
 [57]
 [51]
 [56]
 [45]
 [48]
 [32]
 [54]
 [51]
 [50]
 [56]
 [46]
 [55]
 [53]
 [51]
 [57]
 [55]
 [57]
 [45]
 [49]] 
------------------------ Dataset: Kpg ------------------------
shape: (13, 1), dtype: uint16
Data:[[54]
 [51]
 [52]
 [52]
 [46]
 [53]
 [55]
 [51]
 [56]
 [55]
 [57]
 [45]
 [48]] 
------------------------ Dataset: Kph ------------------------
shape: (27, 1), dtype: uint16
Data:[[54]
 [53]
 [48]
 [57]
 [46]
 [54]
 [55]
 [51]
 [57]
 [55]
 [54]
 [45]
 [48]
 [32]
 [54]
 [53]
 [48]
 [57]
 [46]
 [54]
 [55]
 [56]
 [48]
 [57]
 [55]
 [45]
 [49]] 
------------------------ Dataset: Kpi ------------------------
shape: (33, 1), dtype: uint16
Data:[[54]
 [53]
 [50]
 [53]
 [46]
 [52]
 [56]
 [50]
 [48]
 [49]
 [51]
 [57]
 [57]
 [57]
 [57]
 [57]
 [57]
 [45]
 [48]
 [32]
 [54]
 [53]
 [50]
 [53]
 [46]
 [52]
 [55]
 [55]
 [57]
 [57]
 [50]
 [45]
 [49]] 
------------------------ Dataset: Kpj ------------------------
shape: (27, 1), dtype: uint16
Data:[[54]
 [48]
 [50]
 [49]
 [46]
 [48]
 [56]
 [53]
 [55]
 [54]
 [51]
 [45]
 [48]
 [32]
 [54]
 [48]
 [50]
 [49]
 [46]
 [48]
 [56]
 [49]
 [55]
 [49]
 [52]
 [45]
 [49]] 
------------------------ Dataset: Kpk ------------------------
shape: (13, 1), dtype: uint16
Data:[[54]
 [48]
 [51]
 [54]
 [46]
 [56]
 [54]
 [54]
 [48]
 [51]
 [53]
 [45]
 [49]] 
------------------------ Dataset: Kpl ------------------------
shape: (33, 1), dtype: uint16
Data:[[54]
 [48]
 [53]
 [50]
 [46]
 [52]
 [56]
 [57]
 [55]
 [48]
 [50]
 [45]
 [48]
 [32]
 [54]
 [48]
 [53]
 [50]
 [46]
 [52]
 [56]
 [54]
 [53]
 [49]
 [54]
 [57]
 [57]
 [57]
 [57]
 [57]
 [57]
 [45]
 [49]] 
------------------------ Dataset: Kpm ------------------------
shape: (33, 1), dtype: uint16
Data:[[54]
 [48]
 [54]
 [56]
 [46]
 [51]
 [57]
 [52]
 [52]
 [55]
 [50]
 [45]
 [48]
 [32]
 [54]
 [48]
 [54]
 [56]
 [46]
 [51]
 [57]
 [56]
 [49]
 [50]
 [51]
 [57]
 [57]
 [57]
 [57]
 [57]
 [57]
 [45]
 [49]] 
------------------------ Dataset: Kpn ------------------------
shape: (33, 1), dtype: uint16
Data:[[54]
 [48]
 [56]
 [52]
 [46]
 [51]
 [50]
 [49]
 [56]
 [51]
 [53]
 [45]
 [48]
 [32]
 [54]
 [48]
 [56]
 [52]
 [46]
 [51]
 [50]
 [53]
 [57]
 [56]
 [49]
 [57]
 [57]
 [57]
 [57]
 [57]
 [57]
 [45]
 [49]] 
------------------------ Dataset: Kpo ------------------------
shape: (27, 1), dtype: uint16
Data:[[53]
 [54]
 [52]
 [53]
 [46]
 [48]
 [48]
 [49]
 [55]
 [49]
 [57]
 [45]
 [48]
 [32]
 [53]
 [54]
 [52]
 [53]
 [46]
 [48]
 [48]
 [53]
 [54]
 [51]
 [52]
 [45]
 [49]] 
------------------------ Dataset: Kpp ------------------------
shape: (33, 1), dtype: uint16
Data:[[53]
 [54]
 [54]
 [48]
 [46]
 [55]
 [53]
 [51]
 [54]
 [49]
 [54]
 [57]
 [57]
 [57]
 [57]
 [57]
 [57]
 [45]
 [48]
 [32]
 [53]
 [54]
 [54]
 [48]
 [46]
 [55]
 [52]
 [57]
 [55]
 [48]
 [55]
 [45]
 [49]] 
------------------------ Dataset: Kpq ------------------------
shape: (27, 1), dtype: uint16
Data:[[53]
 [54]
 [55]
 [54]
 [46]
 [52]
 [53]
 [51]
 [54]
 [52]
 [56]
 [45]
 [48]
 [32]
 [53]
 [54]
 [55]
 [54]
 [46]
 [52]
 [52]
 [54]
 [48]
 [52]
 [53]
 [45]
 [49]] 
------------------------ Dataset: Kpr ------------------------
shape: (27, 1), dtype: uint16
Data:[[53]
 [54]
 [57]
 [50]
 [46]
 [50]
 [50]
 [57]
 [57]
 [54]
 [54]
 [45]
 [48]
 [32]
 [53]
 [54]
 [57]
 [50]
 [46]
 [50]
 [51]
 [51]
 [55]
 [57]
 [49]
 [45]
 [49]] 
------------------------ Dataset: Kps ------------------------
shape: (39, 1), dtype: uint16
Data:[[54]
 [52]
 [49]
 [53]
 [46]
 [53]
 [51]
 [53]
 [53]
 [51]
 [53]
 [57]
 [57]
 [57]
 [57]
 [57]
 [57]
 [45]
 [48]
 [32]
 [54]
 [52]
 [49]
 [53]
 [46]
 [53]
 [51]
 [53]
 [48]
 [49]
 [54]
 [57]
 [57]
 [57]
 [57]
 [57]
 [57]
 [45]
 [49]] 
------------------------ Dataset: Kpt ------------------------
shape: (33, 1), dtype: uint16
Data:[[54]
 [54]
 [48]
 [55]
 [46]
 [54]
 [50]
 [50]
 [49]
 [54]
 [56]
 [57]
 [57]
 [57]
 [57]
 [57]
 [57]
 [45]
 [48]
 [32]
 [54]
 [54]
 [48]
 [55]
 [46]
 [54]
 [50]
 [50]
 [48]
 [57]
 [54]
 [45]
 [49]] 
------------------------ Dataset: Kpu ------------------------
shape: (39, 1), dtype: uint16
Data:[[54]
 [54]
 [50]
 [51]
 [46]
 [53]
 [52]
 [54]
 [48]
 [55]
 [52]
 [57]
 [57]
 [57]
 [57]
 [57]
 [57]
 [45]
 [48]
 [32]
 [54]
 [54]
 [50]
 [51]
 [46]
 [53]
 [52]
 [50]
 [51]
 [56]
 [56]
 [57]
 [57]
 [57]
 [57]
 [57]
 [57]
 [45]
 [49]] 
------------------------ Dataset: Kpv ------------------------
shape: (27, 1), dtype: uint16
Data:[[54]
 [54]
 [51]
 [57]
 [46]
 [51]
 [55]
 [52]
 [50]
 [53]
 [50]
 [45]
 [48]
 [32]
 [54]
 [54]
 [51]
 [57]
 [46]
 [51]
 [56]
 [50]
 [51]
 [50]
 [56]
 [45]
 [49]] 
------------------------ Dataset: Kpw ------------------------
shape: (27, 1), dtype: uint16
Data:[[54]
 [54]
 [53]
 [52]
 [46]
 [57]
 [57]
 [48]
 [48]
 [52]
 [56]
 [45]
 [48]
 [32]
 [54]
 [54]
 [53]
 [52]
 [46]
 [57]
 [57]
 [52]
 [49]
 [52]
 [54]
 [45]
 [49]] 
------------------------ Dataset: Kpx ------------------------
shape: (32, 1), dtype: uint16
Data:[[54]
 [54]
 [55]
 [48]
 [46]
 [56]
 [57]
 [52]
 [49]
 [50]
 [45]
 [48]
 [32]
 [54]
 [54]
 [55]
 [48]
 [46]
 [56]
 [57]
 [48]
 [51]
 [50]
 [52]
 [57]
 [57]
 [57]
 [57]
 [57]
 [57]
 [45]
 [49]] 
------------------------ Dataset: Kpy ------------------------
shape: (26, 1), dtype: uint16
Data:[[54]
 [54]
 [56]
 [54]
 [46]
 [55]
 [57]
 [48]
 [48]
 [55]
 [53]
 [45]
 [48]
 [32]
 [54]
 [54]
 [56]
 [54]
 [46]
 [55]
 [57]
 [52]
 [49]
 [52]
 [45]
 [49]] 
------------------------ Dataset: Kpz ------------------------
shape: (26, 1), dtype: uint16
Data:[[53]
 [57]
 [48]
 [52]
 [46]
 [55]
 [48]
 [53]
 [56]
 [55]
 [53]
 [45]
 [48]
 [32]
 [53]
 [57]
 [48]
 [52]
 [46]
 [55]
 [48]
 [57]
 [56]
 [54]
 [45]
 [49]] 
------------------------ Dataset: Kq ------------------------

shape: (1, 6), dtype: uint32
Data:[[3707764736          2          1          1        943          1]] 
------------------------ Dataset: Lpb ------------------------
shape: (13, 1), dtype: uint16
Data:[[54]
 [55]
 [54]
 [56]
 [46]
 [52]
 [57]
 [52]
 [57]
 [56]
 [51]
 [45]
 [48]] 
------------------------ Dataset: Lpc ------------------------
shape: (33, 1), dtype: uint16
Data:[[54]
 [50]
 [56]
 [49]
 [46]
 [50]
 [55]
 [51]
 [51]
 [52]
 [53]
 [45]
 [48]
 [32]
 [54]
 [50]
 [56]
 [49]
 [46]
 [50]
 [54]
 [55]
 [54]
 [50]
 [49]
 [57]
 [57]
 [57]
 [57]
 [57]
 [57]
 [45]
 [49]] 
------------------------ Dataset: Lpd ------------------------
shape: (34, 1), dtype: uint16
Data:[[54]
 [50]
 [57]
 [55]
 [46]
 [48]
 [52]
 [53]
 [56]
 [57]
 [50]
 [57]
 [57]
 [57]
 [57]
 [57]
 [57]
 [53]
 [45]
 [48]
 [32]
 [54]
 [50]
 [57]
 [55]
 [46]
 [48]
 [53]
 [48]
 [49]
 [55]
 [57]
 [45]
 [49]] 
------------------------ Dataset: Lpe ------------------------
shape: (27, 1), dtype: uint16
Data:[[54]
 [51]
 [49]
 [50]
 [46]
 [57]
 [51]
 [57]
 [54]
 [53]
 [57]
 [45]
 [48]
 [32]
 [54]
 [51]
 [49]
 [50]
 [46]
 [57]
 [51]
 [53]
 [51]
 [50]
 [56]
 [45]
 [49]] 
------------------------ Dataset: Lpf ------------------------
shape: (27, 1), dtype: uint16
Data:[[54]
 [51]
 [50]
 [56]
 [46]
 [55]
 [53]
 [55]
 [57]
 [51]
 [56]
 [45]
 [48]
 [32]
 [54]
 [51]
 [50]
 [56]
 [46]
 [55]
 [54]
 [50]
 [48]
 [48]
 [57]
 [45]
 [49]] 
------------------------ Dataset: Lpg ------------------------
shape: (13, 1), dtype: uint16
Data:[[54]
 [51]
 [52]
 [52]
 [46]
 [53]
 [56]
 [50]
 [50]
 [57]
 [49]
 [45]
 [49]] 
------------------------ Dataset: Lph ------------------------
shape: (27, 1), dtype: uint16
Data:[[54]
 [53]
 [48]
 [57]
 [46]
 [54]
 [56]
 [49]
 [57]
 [55]
 [52]
 [45]
 [48]
 [32]
 [54]
 [53]
 [48]
 [57]
 [46]
 [54]
 [55]
 [56]
 [48]
 [57]
 [55]
 [45]
 [49]] 
------------------------ Dataset: Lpi ------------------------
shape: (39, 1), dtype: uint16
Data:[[54]
 [53]
 [50]
 [53]
 [46]
 [52]
 [56]
 [50]
 [48]
 [49]
 [51]
 [57]
 [57]
 [57]
 [57]
 [57]
 [57]
 [45]
 [48]
 [32]
 [54]
 [53]
 [50]
 [53]
 [46]
 [52]
 [56]
 [53]
 [57]
 [55]
 [51]
 [57]
 [57]
 [57]
 [57]
 [57]
 [57]
 [45]
 [49]] 
------------------------ Dataset: Lpj ------------------------
shape: (34, 1), dtype: uint16
Data:[[54]
 [48]
 [50]
 [49]
 [46]
 [48]
 [56]
 [53]
 [55]
 [54]
 [51]
 [45]
 [48]
 [32]
 [54]
 [48]
 [50]
 [49]
 [46]
 [48]
 [56]
 [57]
 [55]
 [52]
 [50]
 [57]
 [57]
 [57]
 [57]
 [57]
 [57]
 [53]
 [45]
 [49]] 
------------------------ Dataset: Lpk ------------------------
shape: (13, 1), dtype: uint16
Data:[[54]
 [48]
 [51]
 [54]
 [46]
 [56]
 [54]
 [54]
 [48]
 [51]
 [53]
 [45]
 [48]] 
------------------------ Dataset: Lpl ------------------------
shape: (27, 1), dtype: uint16
Data:[[54]
 [48]
 [53]
 [50]
 [46]
 [52]
 [56]
 [57]
 [55]
 [48]
 [50]
 [45]
 [48]
 [32]
 [54]
 [48]
 [53]
 [50]
 [46]
 [52]
 [57]
 [51]
 [55]
 [51]
 [57]
 [45]
 [49]] 
------------------------ Dataset: Lpm ------------------------
shape: (33, 1), dtype: uint16
Data:[[54]
 [48]
 [54]
 [56]
 [46]
 [52]
 [48]
 [49]
 [55]
 [56]
 [49]
 [45]
 [48]
 [32]
 [54]
 [48]
 [54]
 [56]
 [46]
 [51]
 [57]
 [56]
 [49]
 [50]
 [51]
 [57]
 [57]
 [57]
 [57]
 [57]
 [57]
 [45]
 [49]] 
------------------------ Dataset: Lpn ------------------------
shape: (33, 1), dtype: uint16
Data:[[54]
 [48]
 [56]
 [52]
 [46]
 [51]
 [50]
 [57]
 [55]
 [54]
 [57]
 [45]
 [48]
 [32]
 [54]
 [48]
 [56]
 [52]
 [46]
 [51]
 [50]
 [53]
 [57]
 [56]
 [49]
 [57]
 [57]
 [57]
 [57]
 [57]
 [57]
 [45]
 [49]] 
------------------------ Dataset: Lpo ------------------------
shape: (33, 1), dtype: uint16
Data:[[53]
 [54]
 [52]
 [53]
 [46]
 [48]
 [48]
 [57]
 [52]
 [56]
 [54]
 [57]
 [57]
 [57]
 [57]
 [57]
 [57]
 [45]
 [48]
 [32]
 [53]
 [54]
 [52]
 [53]
 [46]
 [48]
 [48]
 [53]
 [54]
 [51]
 [52]
 [45]
 [49]] 
------------------------ Dataset: Lpp ------------------------
shape: (33, 1), dtype: uint16
Data:[[53]
 [54]
 [54]
 [48]
 [46]
 [55]
 [53]
 [51]
 [54]
 [49]
 [54]
 [57]
 [57]
 [57]
 [57]
 [57]
 [57]
 [45]
 [48]
 [32]
 [53]
 [54]
 [54]
 [48]
 [46]
 [55]
 [53]
 [55]
 [53]
 [54]
 [56]
 [45]
 [49]] 
------------------------ Dataset: Lpq ------------------------
shape: (27, 1), dtype: uint16
Data:[[53]
 [54]
 [55]
 [54]
 [46]
 [52]
 [53]
 [51]
 [54]
 [52]
 [56]
 [45]
 [48]
 [32]
 [53]
 [54]
 [55]
 [54]
 [46]
 [52]
 [53]
 [51]
 [56]
 [51]
 [51]
 [45]
 [49]] 
------------------------ Dataset: Lpr ------------------------
shape: (27, 1), dtype: uint16
Data:[[53]
 [54]
 [57]
 [50]
 [46]
 [50]
 [51]
 [55]
 [53]
 [57]
 [53]
 [45]
 [48]
 [32]
 [53]
 [54]
 [57]
 [50]
 [46]
 [50]
 [51]
 [51]
 [55]
 [57]
 [49]
 [45]
 [49]] 
------------------------ Dataset: Lps ------------------------
shape: (33, 1), dtype: uint16
Data:[[54]
 [52]
 [49]
 [53]
 [46]
 [53]
 [51]
 [53]
 [53]
 [51]
 [53]
 [57]
 [57]
 [57]
 [57]
 [57]
 [57]
 [45]
 [48]
 [32]
 [54]
 [52]
 [49]
 [53]
 [46]
 [53]
 [51]
 [56]
 [50]
 [57]
 [49]
 [45]
 [49]] 
------------------------ Dataset: Lpt ------------------------
shape: (40, 1), dtype: uint16
Data:[[54]
 [54]
 [48]
 [55]
 [46]
 [54]
 [50]
 [50]
 [49]
 [54]
 [56]
 [57]
 [57]
 [57]
 [57]
 [57]
 [57]
 [45]
 [48]
 [32]
 [54]
 [54]
 [48]
 [55]
 [46]
 [54]
 [50]
 [53]
 [53]
 [53]
 [57]
 [57]
 [57]
 [57]
 [57]
 [57]
 [57]
 [53]
 [45]
 [49]] 
------------------------ Dataset: Lpu ------------------------
shape: (39, 1), dtype: uint16
Data:[[54]
 [54]
 [50]
 [51]
 [46]
 [53]
 [52]
 [54]
 [48]
 [55]
 [52]
 [57]
 [57]
 [57]
 [57]
 [57]
 [57]
 [45]
 [48]
 [32]
 [54]
 [54]
 [50]
 [51]
 [46]
 [53]
 [53]
 [48]
 [48]
 [56]
 [56]
 [57]
 [57]
 [57]
 [57]
 [57]
 [57]
 [45]
 [49]] 
------------------------ Dataset: Lpv ------------------------
shape: (27, 1), dtype: uint16
Data:[[54]
 [54]
 [51]
 [57]
 [46]
 [51]
 [56]
 [50]
 [51]
 [50]
 [56]
 [45]
 [48]
 [32]
 [54]
 [54]
 [51]
 [57]
 [46]
 [51]
 [56]
 [50]
 [51]
 [50]
 [56]
 [45]
 [49]] 
------------------------ Dataset: Lpw ------------------------
shape: (33, 1), dtype: uint16
Data:[[54]
 [54]
 [53]
 [52]
 [46]
 [57]
 [57]
 [56]
 [50]
 [52]
 [48]
 [57]
 [57]
 [57]
 [57]
 [57]
 [57]
 [45]
 [48]
 [32]
 [54]
 [54]
 [53]
 [52]
 [46]
 [57]
 [57]
 [52]
 [49]
 [52]
 [54]
 [45]
 [49]] 
------------------------ Dataset: Lpx ------------------------
shape: (25, 1), dtype: uint16
Data:[[54]
 [54]
 [55]
 [48]
 [46]
 [56]
 [57]
 [52]
 [49]
 [50]
 [45]
 [48]
 [32]
 [54]
 [54]
 [55]
 [48]
 [46]
 [56]
 [57]
 [56]
 [49]
 [57]
 [45]
 [49]] 
------------------------ Dataset: Lpy ------------------------
shape: (25, 1), dtype: uint16
Data:[[54]
 [54]
 [56]
 [54]
 [46]
 [55]
 [57]
 [56]
 [57]
 [56]
 [45]
 [48]
 [32]
 [54]
 [54]
 [56]
 [54]
 [46]
 [55]
 [57]
 [52]
 [49]
 [52]
 [45]
 [49]] 
------------------------ Dataset: Lpz ------------------------
shape: (26, 1), dtype: uint16
Data:[[53]
 [57]
 [48]
 [52]
 [46]
 [55]
 [49]
 [51]
 [55]
 [49]
 [56]
 [45]
 [48]
 [32]
 [53]
 [57]
 [48]
 [52]
 [46]
 [55]
 [48]
 [57]
 [56]
 [54]
 [45]
 [49]] 
------------------------ Dataset: Lq ------------------------

shape: (1, 6), dtype: uint32
Data:[[3707764736          2          1          1        944          1]] 
------------------------ Dataset: Mpb ------------------------
shape: (13, 1), dtype: uint16
Data:[[54]
 [55]
 [54]
 [56]
 [46]
 [52]
 [57]
 [53]
 [48]
 [48]
 [54]
 [45]
 [49]] 
------------------------ Dataset: Mpc ------------------------
shape: (13, 1), dtype: uint16
Data:[[54]
 [50]
 [56]
 [49]
 [46]
 [50]
 [55]
 [51]
 [51]
 [52]
 [53]
 [45]
 [48]] 
------------------------ Dataset: Mpd ------------------------
shape: (27, 1), dtype: uint16
Data:[[54]
 [50]
 [57]
 [55]
 [46]
 [48]
 [53]
 [51]
 [56]
 [57]
 [57]
 [45]
 [48]
 [32]
 [54]
 [50]
 [57]
 [55]
 [46]
 [48]
 [53]
 [48]
 [49]
 [55]
 [57]
 [45]
 [49]] 
------------------------ Dataset: Mpe ------------------------
shape: (34, 1), dtype: uint16
Data:[[54]
 [51]
 [49]
 [50]
 [46]
 [57]
 [51]
 [57]
 [54]
 [53]
 [57]
 [45]
 [48]
 [32]
 [54]
 [51]
 [49]
 [50]
 [46]
 [57]
 [52]
 [48]
 [50]
 [48]
 [51]
 [57]
 [57]
 [57]
 [57]
 [57]
 [57]
 [53]
 [45]
 [49]] 
------------------------ Dataset: Mpf ------------------------
shape: (27, 1), dtype: uint16
Data:[[54]
 [51]
 [50]
 [56]
 [46]
 [55]
 [54]
 [53]
 [56]
 [56]
 [51]
 [45]
 [48]
 [32]
 [54]
 [51]
 [50]
 [56]
 [46]
 [55]
 [54]
 [50]
 [48]
 [48]
 [57]
 [45]
 [49]] 
------------------------ Dataset: Mpg ------------------------
shape: (13, 1), dtype: uint16
Data:[[54]
 [51]
 [52]
 [52]
 [46]
 [53]
 [56]
 [50]
 [53]
 [55]
 [56]
 [45]
 [48]] 
------------------------ Dataset: Mph ------------------------
shape: (27, 1), dtype: uint16
Data:[[54]
 [53]
 [48]
 [57]
 [46]
 [54]
 [56]
 [49]
 [57]
 [55]
 [52]
 [45]
 [48]
 [32]
 [54]
 [53]
 [48]
 [57]
 [46]
 [54]
 [56]
 [54]
 [48]
 [50]
 [52]
 [45]
 [49]] 
------------------------ Dataset: Mpi ------------------------
shape: (39, 1), dtype: uint16
Data:[[54]
 [53]
 [50]
 [53]
 [46]
 [52]
 [56]
 [57]
 [57]
 [49]
 [55]
 [57]
 [57]
 [57]
 [57]
 [57]
 [57]
 [45]
 [48]
 [32]
 [54]
 [53]
 [50]
 [53]
 [46]
 [52]
 [56]
 [53]
 [57]
 [55]
 [51]
 [57]
 [57]
 [57]
 [57]
 [57]
 [57]
 [45]
 [49]] 
------------------------ Dataset: Mpj ------------------------
shape: (41, 1), dtype: uint16
Data:[[54]
 [48]
 [50]
 [49]
 [46]
 [48]
 [57]
 [51]
 [55]
 [54]
 [49]
 [57]
 [57]
 [57]
 [57]
 [57]
 [57]
 [53]
 [45]
 [48]
 [32]
 [54]
 [48]
 [50]
 [49]
 [46]
 [48]
 [56]
 [57]
 [55]
 [52]
 [50]
 [57]
 [57]
 [57]
 [57]
 [57]
 [57]
 [53]
 [45]
 [49]] 
------------------------ Dataset: Mpk ------------------------
shape: (13, 1), dtype: uint16
Data:[[54]
 [48]
 [51]
 [54]
 [46]
 [56]
 [55]
 [51]
 [57]
 [54]
 [51]
 [45]
 [49]] 
------------------------ Dataset: Mpl ------------------------
shape: (27, 1), dtype: uint16
Data:[[54]
 [48]
 [53]
 [50]
 [46]
 [52]
 [57]
 [55]
 [55]
 [51]
 [56]
 [45]
 [48]
 [32]
 [54]
 [48]
 [53]
 [50]
 [46]
 [52]
 [57]
 [51]
 [55]
 [51]
 [57]
 [45]
 [49]] 
------------------------ Dataset: Mpm ------------------------
shape: (27, 1), dtype: uint16
Data:[[54]
 [48]
 [54]
 [56]
 [46]
 [52]
 [48]
 [49]
 [55]
 [56]
 [49]
 [45]
 [48]
 [32]
 [54]
 [48]
 [54]
 [56]
 [46]
 [52]
 [48]
 [53]
 [55]
 [56]
 [53]
 [45]
 [49]] 
------------------------ Dataset: Mpn ------------------------
shape: (33, 1), dtype: uint16
Data:[[54]
 [48]
 [56]
 [52]
 [46]
 [51]
 [50]
 [57]
 [55]
 [54]
 [57]
 [45]
 [48]
 [32]
 [54]
 [48]
 [56]
 [52]
 [46]
 [51]
 [51]
 [52]
 [54]
 [57]
 [57]
 [57]
 [57]
 [57]
 [57]
 [57]
 [57]
 [45]
 [49]] 
------------------------ Dataset: Mpo ------------------------
shape: (33, 1), dtype: uint16
Data:[[53]
 [54]
 [52]
 [53]
 [46]
 [48]
 [48]
 [57]
 [52]
 [56]
 [54]
 [57]
 [57]
 [57]
 [57]
 [57]
 [57]
 [45]
 [48]
 [32]
 [53]
 [54]
 [52]
 [53]
 [46]
 [48]
 [49]
 [51]
 [53]
 [52]
 [55]
 [45]
 [49]] 
------------------------ Dataset: Mpp ------------------------
shape: (27, 1), dtype: uint16
Data:[[53]
 [54]
 [54]
 [48]
 [46]
 [55]
 [54]
 [49]
 [53]
 [54]
 [53]
 [45]
 [48]
 [32]
 [53]
 [54]
 [54]
 [48]
 [46]
 [55]
 [53]
 [55]
 [53]
 [54]
 [56]
 [45]
 [49]] 
------------------------ Dataset: Mpq ------------------------
shape: (27, 1), dtype: uint16
Data:[[53]
 [54]
 [55]
 [54]
 [46]
 [52]
 [54]
 [49]
 [53]
 [55]
 [55]
 [45]
 [48]
 [32]
 [53]
 [54]
 [55]
 [54]
 [46]
 [52]
 [53]
 [51]
 [56]
 [51]
 [51]
 [45]
 [49]] 
------------------------ Dataset: Mpr ------------------------
shape: (27, 1), dtype: uint16
Data:[[53]
 [54]
 [57]
 [50]
 [46]
 [50]
 [51]
 [55]
 [53]
 [57]
 [53]
 [45]
 [48]
 [32]
 [53]
 [54]
 [57]
 [50]
 [46]
 [50]
 [52]
 [49]
 [54]
 [48]
 [55]
 [45]
 [49]] 
------------------------ Dataset: Mps ------------------------
shape: (33, 1), dtype: uint16
Data:[[54]
 [52]
 [49]
 [53]
 [46]
 [53]
 [52]
 [49]
 [57]
 [56]
 [56]
 [57]
 [57]
 [57]
 [57]
 [57]
 [57]
 [45]
 [48]
 [32]
 [54]
 [52]
 [49]
 [53]
 [46]
 [53]
 [51]
 [56]
 [50]
 [57]
 [49]
 [45]
 [49]] 
------------------------ Dataset: Mpt ------------------------
shape: (34, 1), dtype: uint16
Data:[[54]
 [54]
 [48]
 [55]
 [46]
 [54]
 [50]
 [54]
 [49]
 [51]
 [52]
 [45]
 [48]
 [32]
 [54]
 [54]
 [48]
 [55]
 [46]
 [54]
 [50]
 [53]
 [53]
 [53]
 [57]
 [57]
 [57]
 [57]
 [57]
 [57]
 [57]
 [53]
 [45]
 [49]] 
------------------------ Dataset: Mpu ------------------------
shape: (33, 1), dtype: uint16
Data:[[54]
 [54]
 [50]
 [51]
 [46]
 [53]
 [53]
 [52]
 [51]
 [53]
 [49]
 [45]
 [48]
 [32]
 [54]
 [54]
 [50]
 [51]
 [46]
 [53]
 [53]
 [48]
 [48]
 [56]
 [56]
 [57]
 [57]
 [57]
 [57]
 [57]
 [57]
 [45]
 [49]] 
------------------------ Dataset: Mpv ------------------------
shape: (27, 1), dtype: uint16
Data:[[54]
 [54]
 [51]
 [57]
 [46]
 [51]
 [56]
 [50]
 [51]
 [50]
 [56]
 [45]
 [48]
 [32]
 [54]
 [54]
 [51]
 [57]
 [46]
 [51]
 [57]
 [48]
 [50]
 [57]
 [55]
 [45]
 [49]] 
------------------------ Dataset: Mpw ------------------------
shape: (33, 1), dtype: uint16
Data:[[54]
 [54]
 [53]
 [52]
 [46]
 [57]
 [57]
 [56]
 [50]
 [52]
 [48]
 [57]
 [57]
 [57]
 [57]
 [57]
 [57]
 [45]
 [48]
 [32]
 [54]
 [54]
 [53]
 [53]
 [46]
 [48]
 [48]
 [50]
 [52]
 [52]
 [53]
 [45]
 [49]] 
------------------------ Dataset: Mpx ------------------------
shape: (26, 1), dtype: uint16
Data:[[54]
 [54]
 [55]
 [48]
 [46]
 [57]
 [48]
 [50]
 [48]
 [51]
 [52]
 [45]
 [48]
 [32]
 [54]
 [54]
 [55]
 [48]
 [46]
 [56]
 [57]
 [56]
 [49]
 [57]
 [45]
 [49]] 
------------------------ Dataset: Mpy ------------------------
shape: (25, 1), dtype: uint16
Data:[[54]
 [54]
 [56]
 [54]
 [46]
 [55]
 [57]
 [56]
 [57]
 [56]
 [45]
 [48]
 [32]
 [54]
 [54]
 [56]
 [54]
 [46]
 [56]
 [48]
 [51]
 [57]
 [51]
 [45]
 [49]] 
------------------------ Dataset: Mpz ------------------------
shape: (27, 1), dtype: uint16
Data:[[53]
 [57]
 [48]
 [52]
 [46]
 [55]
 [49]
 [51]
 [55]
 [49]
 [56]
 [45]
 [48]
 [32]
 [53]
 [57]
 [48]
 [52]
 [46]
 [55]
 [49]
 [55]
 [57]
 [53]
 [50]
 [45]
 [49]] 
------------------------ Dataset: Mq ------------------------

shape: (1, 6), dtype: uint32
Data:[[3707764736          2          1          1        945          1]] 
------------------------ Dataset: Npb ------------------------
shape: (19, 1), dtype: uint16
Data:[[54]
 [55]
 [54]
 [56]
 [46]
 [53]
 [48]
 [50]
 [50]
 [48]
 [51]
 [57]
 [57]
 [57]
 [57]
 [57]
 [57]
 [45]
 [49]] 
------------------------ Dataset: Npc ------------------------
shape: (39, 1), dtype: uint16
Data:[[54]
 [50]
 [56]
 [49]
 [46]
 [50]
 [57]
 [56]
 [52]
 [49]
 [52]
 [57]
 [57]
 [57]
 [57]
 [57]
 [57]
 [45]
 [48]
 [32]
 [54]
 [50]
 [56]
 [49]
 [46]
 [50]
 [57]
 [55]
 [54]
 [56]
 [57]
 [57]
 [57]
 [57]
 [57]
 [57]
 [57]
 [45]
 [49]] 
------------------------ Dataset: Npd ------------------------
shape: (33, 1), dtype: uint16
Data:[[54]
 [50]
 [57]
 [55]
 [46]
 [48]
 [53]
 [51]
 [56]
 [57]
 [57]
 [45]
 [48]
 [32]
 [54]
 [50]
 [57]
 [55]
 [46]
 [48]
 [53]
 [55]
 [57]
 [49]
 [57]
 [57]
 [57]
 [57]
 [57]
 [57]
 [57]
 [45]
 [49]] 
------------------------ Dataset: Npe ------------------------
shape: (34, 1), dtype: uint16
Data:[[54]
 [51]
 [49]
 [50]
 [46]
 [57]
 [52]
 [52]
 [54]
 [55]
 [50]
 [45]
 [48]
 [32]
 [54]
 [51]
 [49]
 [50]
 [46]
 [57]
 [52]
 [48]
 [50]
 [48]
 [51]
 [57]
 [57]
 [57]
 [57]
 [57]
 [57]
 [53]
 [45]
 [49]] 
------------------------ Dataset: Npf ------------------------
shape: (33, 1), dtype: uint16
Data:[[54]
 [51]
 [50]
 [56]
 [46]
 [55]
 [54]
 [53]
 [56]
 [56]
 [51]
 [45]
 [48]
 [32]
 [54]
 [51]
 [50]
 [56]
 [46]
 [55]
 [54]
 [57]
 [57]
 [51]
 [49]
 [57]
 [57]
 [57]
 [57]
 [57]
 [57]
 [45]
 [49]] 
------------------------ Dataset: Npg ------------------------
shape: (13, 1), dtype: uint16
Data:[[54]
 [51]
 [52]
 [52]
 [46]
 [53]
 [56]
 [54]
 [57]
 [52]
 [53]
 [45]
 [49]] 
------------------------ Dataset: Nph ------------------------
shape: (33, 1), dtype: uint16
Data:[[54]
 [53]
 [48]
 [57]
 [46]
 [54]
 [57]
 [48]
 [52]
 [52]
 [52]
 [57]
 [57]
 [57]
 [57]
 [57]
 [57]
 [45]
 [48]
 [32]
 [54]
 [53]
 [48]
 [57]
 [46]
 [54]
 [56]
 [54]
 [48]
 [50]
 [52]
 [45]
 [49]] 
------------------------ Dataset: Npi ------------------------
shape: (33, 1), dtype: uint16
Data:[[54]
 [53]
 [50]
 [53]
 [46]
 [52]
 [56]
 [57]
 [57]
 [49]
 [55]
 [57]
 [57]
 [57]
 [57]
 [57]
 [57]
 [45]
 [48]
 [32]
 [54]
 [53]
 [50]
 [53]
 [46]
 [52]
 [57]
 [52]
 [52]
 [49]
 [53]
 [45]
 [49]] 
------------------------ Dataset: Npj ------------------------
shape: (34, 1), dtype: uint16
Data:[[54]
 [48]
 [50]
 [49]
 [46]
 [48]
 [57]
 [51]
 [55]
 [54]
 [49]
 [57]
 [57]
 [57]
 [57]
 [57]
 [57]
 [53]
 [45]
 [48]
 [32]
 [54]
 [48]
 [50]
 [49]
 [46]
 [48]
 [57]
 [55]
 [55]
 [54]
 [54]
 [45]
 [49]] 
------------------------ Dataset: Npk ------------------------
shape: (13, 1), dtype: uint16
Data:[[54]
 [48]
 [51]
 [54]
 [46]
 [56]
 [55]
 [55]
 [56]
 [56]
 [51]
 [45]
 [48]] 
------------------------ Dataset: Npl ------------------------
shape: (27, 1), dtype: uint16
Data:[[54]
 [48]
 [53]
 [50]
 [46]
 [52]
 [57]
 [55]
 [55]
 [51]
 [56]
 [45]
 [48]
 [32]
 [54]
 [48]
 [53]
 [50]
 [46]
 [53]
 [48]
 [54]
 [53]
 [57]
 [55]
 [45]
 [49]] 
------------------------ Dataset: Npm ------------------------
shape: (33, 1), dtype: uint16
Data:[[54]
 [48]
 [54]
 [56]
 [46]
 [52]
 [48]
 [57]
 [55]
 [52]
 [50]
 [57]
 [57]
 [57]
 [57]
 [57]
 [57]
 [45]
 [48]
 [32]
 [54]
 [48]
 [54]
 [56]
 [46]
 [52]
 [48]
 [53]
 [55]
 [56]
 [53]
 [45]
 [49]] 
------------------------ Dataset: Npn ------------------------
shape: (33, 1), dtype: uint16
Data:[[54]
 [48]
 [56]
 [52]
 [46]
 [51]
 [51]
 [57]
 [55]
 [55]
 [57]
 [45]
 [48]
 [32]
 [54]
 [48]
 [56]
 [52]
 [46]
 [51]
 [51]
 [52]
 [54]
 [57]
 [57]
 [57]
 [57]
 [57]
 [57]
 [57]
 [57]
 [45]
 [49]] 
------------------------ Dataset: Npo ------------------------
shape: (27, 1), dtype: uint16
Data:[[53]
 [54]
 [52]
 [53]
 [46]
 [48]
 [49]
 [55]
 [53]
 [55]
 [56]
 [45]
 [48]
 [32]
 [53]
 [54]
 [52]
 [53]
 [46]
 [48]
 [49]
 [51]
 [53]
 [52]
 [55]
 [45]
 [49]] 
------------------------ Dataset: Npp ------------------------
shape: (27, 1), dtype: uint16
Data:[[53]
 [54]
 [54]
 [48]
 [46]
 [55]
 [54]
 [49]
 [53]
 [54]
 [53]
 [45]
 [48]
 [32]
 [53]
 [54]
 [54]
 [48]
 [46]
 [55]
 [54]
 [53]
 [57]
 [48]
 [49]
 [45]
 [49]] 
------------------------ Dataset: Npq ------------------------
shape: (34, 1), dtype: uint16
Data:[[53]
 [54]
 [55]
 [54]
 [46]
 [52]
 [54]
 [49]
 [53]
 [55]
 [55]
 [45]
 [48]
 [32]
 [53]
 [54]
 [55]
 [54]
 [46]
 [52]
 [54]
 [49]
 [54]
 [56]
 [50]
 [57]
 [57]
 [57]
 [57]
 [57]
 [57]
 [53]
 [45]
 [49]] 
------------------------ Dataset: Npr ------------------------
shape: (27, 1), dtype: uint16
Data:[[53]
 [54]
 [57]
 [50]
 [46]
 [50]
 [52]
 [53]
 [53]
 [52]
 [53]
 [45]
 [48]
 [32]
 [53]
 [54]
 [57]
 [50]
 [46]
 [50]
 [52]
 [49]
 [54]
 [48]
 [55]
 [45]
 [49]] 
------------------------ Dataset: Nps ------------------------
shape: (32, 1), dtype: uint16
Data:[[54]
 [52]
 [49]
 [53]
 [46]
 [53]
 [52]
 [49]
 [57]
 [56]
 [56]
 [57]
 [57]
 [57]
 [57]
 [57]
 [57]
 [45]
 [48]
 [32]
 [54]
 [52]
 [49]
 [53]
 [46]
 [53]
 [52]
 [54]
 [48]
 [50]
 [45]
 [49]] 
------------------------ Dataset: Npt ------------------------
shape: (27, 1), dtype: uint16
Data:[[54]
 [54]
 [48]
 [55]
 [46]
 [54]
 [50]
 [54]
 [49]
 [51]
 [52]
 [45]
 [48]
 [32]
 [54]
 [54]
 [48]
 [55]
 [46]
 [54]
 [51]
 [48]
 [48]
 [57]
 [57]
 [45]
 [49]] 
------------------------ Dataset: Npu ------------------------
shape: (27, 1), dtype: uint16
Data:[[54]
 [54]
 [50]
 [51]
 [46]
 [53]
 [53]
 [52]
 [51]
 [53]
 [49]
 [45]
 [48]
 [32]
 [54]
 [54]
 [50]
 [51]
 [46]
 [53]
 [53]
 [56]
 [48]
 [57]
 [52]
 [45]
 [49]] 
------------------------ Dataset: Npv ------------------------
shape: (27, 1), dtype: uint16
Data:[[54]
 [54]
 [51]
 [57]
 [46]
 [51]
 [57]
 [48]
 [50]
 [57]
 [54]
 [45]
 [48]
 [32]
 [54]
 [54]
 [51]
 [57]
 [46]
 [51]
 [57]
 [48]
 [50]
 [57]
 [55]
 [45]
 [49]] 
------------------------ Dataset: Npw ------------------------
shape: (33, 1), dtype: uint16
Data:[[54]
 [54]
 [53]
 [53]
 [46]
 [48]
 [48]
 [55]
 [57]
 [50]
 [56]
 [57]
 [57]
 [57]
 [57]
 [57]
 [57]
 [45]
 [48]
 [32]
 [54]
 [54]
 [53]
 [53]
 [46]
 [48]
 [48]
 [50]
 [52]
 [52]
 [53]
 [45]
 [49]] 
------------------------ Dataset: Npx ------------------------
shape: (33, 1), dtype: uint16
Data:[[54]
 [54]
 [55]
 [48]
 [46]
 [57]
 [48]
 [50]
 [48]
 [51]
 [52]
 [45]
 [48]
 [32]
 [54]
 [54]
 [55]
 [48]
 [46]
 [57]
 [48]
 [54]
 [48]
 [54]
 [50]
 [57]
 [57]
 [57]
 [57]
 [57]
 [57]
 [45]
 [49]] 
------------------------ Dataset: Npy ------------------------
shape: (26, 1), dtype: uint16
Data:[[54]
 [54]
 [56]
 [54]
 [46]
 [56]
 [48]
 [54]
 [55]
 [51]
 [50]
 [45]
 [48]
 [32]
 [54]
 [54]
 [56]
 [54]
 [46]
 [56]
 [48]
 [51]
 [57]
 [51]
 [45]
 [49]] 
------------------------ Dataset: Npz ------------------------
shape: (27, 1), dtype: uint16
Data:[[53]
 [57]
 [48]
 [52]
 [46]
 [55]
 [50]
 [50]
 [57]
 [51]
 [51]
 [45]
 [48]
 [32]
 [53]
 [57]
 [48]
 [52]
 [46]
 [55]
 [49]
 [55]
 [57]
 [53]
 [50]
 [45]
 [49]] 
------------------------ Dataset: Nq ------------------------

shape: (1, 6), dtype: uint32
Data:[[3707764736          2          1          1        946          1]] 
------------------------ Dataset: Opb ------------------------
shape: (19, 1), dtype: uint16
Data:[[54]
 [55]
 [54]
 [56]
 [46]
 [53]
 [48]
 [51]
 [49]
 [56]
 [51]
 [57]
 [57]
 [57]
 [57]
 [57]
 [57]
 [45]
 [48]] 
------------------------ Dataset: Opc ------------------------
shape: (33, 1), dtype: uint16
Data:[[54]
 [50]
 [56]
 [49]
 [46]
 [50]
 [57]
 [56]
 [52]
 [49]
 [52]
 [57]
 [57]
 [57]
 [57]
 [57]
 [57]
 [45]
 [48]
 [32]
 [54]
 [50]
 [56]
 [49]
 [46]
 [51]
 [48]
 [53]
 [49]
 [57]
 [53]
 [45]
 [49]] 
------------------------ Dataset: Opd ------------------------
shape: (33, 1), dtype: uint16
Data:[[54]
 [50]
 [57]
 [55]
 [46]
 [48]
 [54]
 [49]
 [57]
 [48]
 [57]
 [45]
 [48]
 [32]
 [54]
 [50]
 [57]
 [55]
 [46]
 [48]
 [53]
 [55]
 [57]
 [49]
 [57]
 [57]
 [57]
 [57]
 [57]
 [57]
 [57]
 [45]
 [49]] 
------------------------ Dataset: Ope ------------------------
shape: (27, 1), dtype: uint16
Data:[[54]
 [51]
 [49]
 [50]
 [46]
 [57]
 [52]
 [52]
 [54]
 [55]
 [50]
 [45]
 [48]
 [32]
 [54]
 [51]
 [49]
 [50]
 [46]
 [57]
 [52]
 [54]
 [51]
 [55]
 [54]
 [45]
 [49]] 
------------------------ Dataset: Opf ------------------------
shape: (39, 1), dtype: uint16
Data:[[54]
 [51]
 [50]
 [56]
 [46]
 [55]
 [55]
 [51]
 [57]
 [55]
 [50]
 [57]
 [57]
 [57]
 [57]
 [57]
 [57]
 [45]
 [48]
 [32]
 [54]
 [51]
 [50]
 [56]
 [46]
 [55]
 [54]
 [57]
 [57]
 [51]
 [49]
 [57]
 [57]
 [57]
 [57]
 [57]
 [57]
 [45]
 [49]] 
------------------------ Dataset: Opg ------------------------
shape: (13, 1), dtype: uint16
Data:[[54]
 [51]
 [52]
 [52]
 [46]
 [53]
 [56]
 [57]
 [57]
 [52]
 [54]
 [45]
 [48]] 
------------------------ Dataset: Oph ------------------------
shape: (33, 1), dtype: uint16
Data:[[54]
 [53]
 [48]
 [57]
 [46]
 [54]
 [57]
 [48]
 [52]
 [52]
 [52]
 [57]
 [57]
 [57]
 [57]
 [57]
 [57]
 [45]
 [48]
 [32]
 [54]
 [53]
 [48]
 [57]
 [46]
 [54]
 [57]
 [52]
 [48]
 [51]
 [56]
 [45]
 [49]] 
------------------------ Dataset: Opi ------------------------
shape: (33, 1), dtype: uint16
Data:[[54]
 [53]
 [50]
 [53]
 [46]
 [52]
 [57]
 [56]
 [49]
 [52]
 [54]
 [57]
 [57]
 [57]
 [57]
 [57]
 [57]
 [45]
 [48]
 [32]
 [54]
 [53]
 [50]
 [53]
 [46]
 [52]
 [57]
 [52]
 [52]
 [49]
 [53]
 [45]
 [49]] 
------------------------ Dataset: Opj ------------------------
shape: (34, 1), dtype: uint16
Data:[[54]
 [48]
 [50]
 [49]
 [46]
 [49]
 [48]
 [50]
 [53]
 [56]
 [49]
 [57]
 [57]
 [57]
 [57]
 [57]
 [57]
 [53]
 [45]
 [48]
 [32]
 [54]
 [48]
 [50]
 [49]
 [46]
 [48]
 [57]
 [55]
 [55]
 [54]
 [54]
 [45]
 [49]] 
------------------------ Dataset: Opk ------------------------
shape: (13, 1), dtype: uint16
Data:[[54]
 [48]
 [51]
 [54]
 [46]
 [56]
 [56]
 [50]
 [57]
 [53]
 [53]
 [45]
 [49]] 
------------------------ Dataset: Opl ------------------------
shape: (27, 1), dtype: uint16
Data:[[54]
 [48]
 [53]
 [50]
 [46]
 [53]
 [48]
 [54]
 [55]
 [50]
 [57]
 [45]
 [48]
 [32]
 [54]
 [48]
 [53]
 [50]
 [46]
 [53]
 [48]
 [54]
 [53]
 [57]
 [55]
 [45]
 [49]] 
------------------------ Dataset: Opm ------------------------
shape: (33, 1), dtype: uint16
Data:[[54]
 [48]
 [54]
 [56]
 [46]
 [52]
 [48]
 [57]
 [55]
 [52]
 [50]
 [57]
 [57]
 [57]
 [57]
 [57]
 [57]
 [45]
 [48]
 [32]
 [54]
 [48]
 [54]
 [56]
 [46]
 [52]
 [50]
 [48]
 [51]
 [54]
 [56]
 [45]
 [49]] 
------------------------ Dataset: Opn ------------------------
shape: (27, 1), dtype: uint16
Data:[[54]
 [48]
 [56]
 [52]
 [46]
 [51]
 [51]
 [57]
 [55]
 [55]
 [57]
 [45]
 [48]
 [32]
 [54]
 [48]
 [56]
 [52]
 [46]
 [51]
 [52]
 [49]
 [57]
 [54]
 [57]
 [45]
 [49]] 
------------------------ Dataset: Opo ------------------------
shape: (34, 1), dtype: uint16
Data:[[53]
 [54]
 [52]
 [53]
 [46]
 [48]
 [49]
 [55]
 [53]
 [55]
 [56]
 [45]
 [48]
 [32]
 [53]
 [54]
 [52]
 [53]
 [46]
 [48]
 [50]
 [50]
 [48]
 [51]
 [48]
 [57]
 [57]
 [57]
 [57]
 [57]
 [57]
 [53]
 [45]
 [49]] 
------------------------ Dataset: Opp ------------------------
shape: (27, 1), dtype: uint16
Data:[[53]
 [54]
 [54]
 [48]
 [46]
 [55]
 [54]
 [57]
 [57]
 [50]
 [53]
 [45]
 [48]
 [32]
 [53]
 [54]
 [54]
 [48]
 [46]
 [55]
 [54]
 [53]
 [57]
 [48]
 [49]
 [45]
 [49]] 
------------------------ Dataset: Opq ------------------------
shape: (34, 1), dtype: uint16
Data:[[53]
 [54]
 [55]
 [54]
 [46]
 [52]
 [55]
 [51]
 [56]
 [49]
 [57]
 [45]
 [48]
 [32]
 [53]
 [54]
 [55]
 [54]
 [46]
 [52]
 [54]
 [49]
 [54]
 [56]
 [50]
 [57]
 [57]
 [57]
 [57]
 [57]
 [57]
 [53]
 [45]
 [49]] 
------------------------ Dataset: Opr ------------------------
shape: (33, 1), dtype: uint16
Data:[[53]
 [54]
 [57]
 [50]
 [46]
 [50]
 [52]
 [53]
 [53]
 [52]
 [53]
 [45]
 [48]
 [32]
 [53]
 [54]
 [57]
 [50]
 [46]
 [50]
 [52]
 [57]
 [54]
 [50]
 [49]
 [57]
 [57]
 [57]
 [57]
 [57]
 [57]
 [45]
 [49]] 
------------------------ Dataset: Ops ------------------------
shape: (33, 1), dtype: uint16
Data:[[54]
 [52]
 [49]
 [53]
 [46]
 [53]
 [53]
 [48]
 [52]
 [49]
 [54]
 [57]
 [57]
 [57]
 [57]
 [57]
 [57]
 [53]
 [45]
 [48]
 [32]
 [54]
 [52]
 [49]
 [53]
 [46]
 [53]
 [52]
 [54]
 [48]
 [50]
 [45]
 [49]] 
------------------------ Dataset: Opt ------------------------
shape: (26, 1), dtype: uint16
Data:[[54]
 [54]
 [48]
 [55]
 [46]
 [54]
 [51]
 [52]
 [48]
 [56]
 [45]
 [48]
 [32]
 [54]
 [54]
 [48]
 [55]
 [46]
 [54]
 [51]
 [48]
 [48]
 [57]
 [57]
 [45]
 [49]] 
------------------------ Dataset: Opu ------------------------
shape: (27, 1), dtype: uint16
Data:[[54]
 [54]
 [50]
 [51]
 [46]
 [53]
 [54]
 [50]
 [52]
 [55]
 [54]
 [45]
 [48]
 [32]
 [54]
 [54]
 [50]
 [51]
 [46]
 [53]
 [53]
 [56]
 [48]
 [57]
 [52]
 [45]
 [49]] 
------------------------ Dataset: Opv ------------------------
shape: (27, 1), dtype: uint16
Data:[[54]
 [54]
 [51]
 [57]
 [46]
 [52]
 [48]
 [50]
 [48]
 [56]
 [53]
 [45]
 [48]
 [32]
 [54]
 [54]
 [51]
 [57]
 [46]
 [51]
 [57]
 [48]
 [50]
 [57]
 [55]
 [45]
 [49]] 
------------------------ Dataset: Opw ------------------------
shape: (39, 1), dtype: uint16
Data:[[54]
 [54]
 [53]
 [53]
 [46]
 [48]
 [48]
 [55]
 [57]
 [50]
 [56]
 [57]
 [57]
 [57]
 [57]
 [57]
 [57]
 [45]
 [48]
 [32]
 [54]
 [54]
 [53]
 [53]
 [46]
 [48]
 [49]
 [48]
 [50]
 [56]
 [52]
 [57]
 [57]
 [57]
 [57]
 [57]
 [57]
 [45]
 [49]] 
------------------------ Dataset: Opx ------------------------
shape: (33, 1), dtype: uint16
Data:[[54]
 [54]
 [55]
 [48]
 [46]
 [57]
 [49]
 [48]
 [48]
 [55]
 [55]
 [45]
 [48]
 [32]
 [54]
 [54]
 [55]
 [48]
 [46]
 [57]
 [48]
 [54]
 [48]
 [54]
 [50]
 [57]
 [57]
 [57]
 [57]
 [57]
 [57]
 [45]
 [49]] 
------------------------ Dataset: Opy ------------------------
shape: (19, 1), dtype: uint16
Data:[[54]
 [54]
 [56]
 [54]
 [46]
 [56]
 [49]
 [49]
 [53]
 [50]
 [55]
 [57]
 [57]
 [57]
 [57]
 [57]
 [57]
 [45]
 [49]] 
------------------------ Dataset: Opz ------------------------
shape: (27, 1), dtype: uint16
Data:[[53]
 [57]
 [48]
 [52]
 [46]
 [55]
 [50]
 [50]
 [57]
 [51]
 [51]
 [45]
 [48]
 [32]
 [53]
 [57]
 [48]
 [52]
 [46]
 [55]
 [50]
 [53]
 [55]
 [56]
 [56]
 [45]
 [49]] 
------------------------ Dataset: Oq ------------------------

shape: (1, 6), dtype: uint32
Data:[[3707764736          2          1          1        947          1]] 
------------------------ Dataset: Ppb ------------------------
shape: (20, 1), dtype: uint16
Data:[[54]
 [55]
 [54]
 [56]
 [46]
 [53]
 [48]
 [54]
 [54]
 [52]
 [52]
 [57]
 [57]
 [57]
 [57]
 [57]
 [57]
 [53]
 [45]
 [48]] 
------------------------ Dataset: Ppc ------------------------
shape: (33, 1), dtype: uint16
Data:[[54]
 [50]
 [56]
 [49]
 [46]
 [51]
 [48]
 [52]
 [53]
 [56]
 [56]
 [57]
 [57]
 [57]
 [57]
 [57]
 [57]
 [45]
 [48]
 [32]
 [54]
 [50]
 [56]
 [49]
 [46]
 [51]
 [48]
 [53]
 [49]
 [57]
 [53]
 [45]
 [49]] 
------------------------ Dataset: Ppd ------------------------
shape: (27, 1), dtype: uint16
Data:[[54]
 [50]
 [57]
 [55]
 [46]
 [48]
 [54]
 [49]
 [57]
 [48]
 [57]
 [45]
 [48]
 [32]
 [54]
 [50]
 [57]
 [55]
 [46]
 [48]
 [55]
 [50]
 [50]
 [52]
 [54]
 [45]
 [49]] 
------------------------ Dataset: Ppe ------------------------
shape: (33, 1), dtype: uint16
Data:[[54]
 [51]
 [49]
 [50]
 [46]
 [57]
 [53]
 [48]
 [49]
 [53]
 [54]
 [57]
 [57]
 [57]
 [57]
 [57]
 [57]
 [45]
 [48]
 [32]
 [54]
 [51]
 [49]
 [50]
 [46]
 [57]
 [52]
 [54]
 [51]
 [55]
 [54]
 [45]
 [49]] 
------------------------ Dataset: Ppf ------------------------
shape: (33, 1), dtype: uint16
Data:[[54]
 [51]
 [50]
 [56]
 [46]
 [55]
 [55]
 [51]
 [57]
 [55]
 [50]
 [57]
 [57]
 [57]
 [57]
 [57]
 [57]
 [45]
 [48]
 [32]
 [54]
 [51]
 [50]
 [56]
 [46]
 [55]
 [55]
 [56]
 [55]
 [50]
 [54]
 [45]
 [49]] 
------------------------ Dataset: Ppg ------------------------
shape: (13, 1), dtype: uint16
Data:[[54]
 [51]
 [52]
 [52]
 [46]
 [53]
 [57]
 [51]
 [57]
 [52]
 [51]
 [45]
 [49]] 
------------------------ Dataset: Pph ------------------------
shape: (27, 1), dtype: uint16
Data:[[54]
 [53]
 [48]
 [57]
 [46]
 [54]
 [57]
 [56]
 [48]
 [57]
 [50]
 [45]
 [48]
 [32]
 [54]
 [53]
 [48]
 [57]
 [46]
 [54]
 [57]
 [52]
 [48]
 [51]
 [56]
 [45]
 [49]] 
------------------------ Dataset: Ppi ------------------------
shape: (32, 1), dtype: uint16
Data:[[54]
 [53]
 [50]
 [53]
 [46]
 [52]
 [57]
 [56]
 [49]
 [52]
 [54]
 [57]
 [57]
 [57]
 [57]
 [57]
 [57]
 [45]
 [48]
 [32]
 [54]
 [53]
 [50]
 [53]
 [46]
 [53]
 [48]
 [50]
 [48]
 [54]
 [45]
 [49]] 
------------------------ Dataset: Ppj ------------------------
shape: (40, 1), dtype: uint16
Data:[[54]
 [48]
 [50]
 [49]
 [46]
 [49]
 [48]
 [50]
 [53]
 [56]
 [49]
 [57]
 [57]
 [57]
 [57]
 [57]
 [57]
 [53]
 [45]
 [48]
 [32]
 [54]
 [48]
 [50]
 [49]
 [46]
 [49]
 [48]
 [54]
 [50]
 [56]
 [53]
 [57]
 [57]
 [57]
 [57]
 [57]
 [57]
 [45]
 [49]] 
------------------------ Dataset: Ppk ------------------------
shape: (19, 1), dtype: uint16
Data:[[54]
 [48]
 [51]
 [54]
 [46]
 [56]
 [56]
 [53]
 [56]
 [57]
 [52]
 [57]
 [57]
 [57]
 [57]
 [57]
 [57]
 [45]
 [48]] 
------------------------ Dataset: Ppl ------------------------
shape: (27, 1), dtype: uint16
Data:[[54]
 [48]
 [53]
 [50]
 [46]
 [53]
 [48]
 [54]
 [55]
 [50]
 [57]
 [45]
 [48]
 [32]
 [54]
 [48]
 [53]
 [50]
 [46]
 [53]
 [48]
 [57]
 [57]
 [55]
 [55]
 [45]
 [49]] 
------------------------ Dataset: Ppm ------------------------
shape: (27, 1), dtype: uint16
Data:[[54]
 [48]
 [54]
 [56]
 [46]
 [52]
 [50]
 [48]
 [53]
 [49]
 [50]
 [45]
 [48]
 [32]
 [54]
 [48]
 [54]
 [56]
 [46]
 [52]
 [50]
 [48]
 [51]
 [54]
 [56]
 [45]
 [49]] 
------------------------ Dataset: Ppn ------------------------
shape: (33, 1), dtype: uint16
Data:[[54]
 [48]
 [56]
 [52]
 [46]
 [51]
 [52]
 [53]
 [56]
 [53]
 [51]
 [57]
 [57]
 [57]
 [57]
 [57]
 [57]
 [45]
 [48]
 [32]
 [54]
 [48]
 [56]
 [52]
 [46]
 [51]
 [52]
 [49]
 [57]
 [54]
 [57]
 [45]
 [49]] 
------------------------ Dataset: Ppo ------------------------
shape: (40, 1), dtype: uint16
Data:[[53]
 [54]
 [52]
 [53]
 [46]
 [48]
 [50]
 [53]
 [53]
 [56]
 [57]
 [57]
 [57]
 [57]
 [57]
 [57]
 [57]
 [45]
 [48]
 [32]
 [53]
 [54]
 [52]
 [53]
 [46]
 [48]
 [50]
 [50]
 [48]
 [51]
 [48]
 [57]
 [57]
 [57]
 [57]
 [57]
 [57]
 [53]
 [45]
 [49]] 
------------------------ Dataset: Ppp ------------------------
shape: (34, 1), dtype: uint16
Data:[[53]
 [54]
 [54]
 [48]
 [46]
 [55]
 [54]
 [57]
 [57]
 [50]
 [53]
 [45]
 [48]
 [32]
 [53]
 [54]
 [54]
 [48]
 [46]
 [55]
 [55]
 [51]
 [54]
 [52]
 [50]
 [57]
 [57]
 [57]
 [57]
 [57]
 [57]
 [53]
 [45]
 [49]] 
------------------------ Dataset: Ppq ------------------------
shape: (27, 1), dtype: uint16
Data:[[53]
 [54]
 [55]
 [54]
 [46]
 [52]
 [55]
 [51]
 [56]
 [49]
 [57]
 [45]
 [48]
 [32]
 [53]
 [54]
 [55]
 [54]
 [46]
 [52]
 [54]
 [57]
 [53]
 [54]
 [55]
 [45]
 [49]] 
------------------------ Dataset: Ppr ------------------------
shape: (39, 1), dtype: uint16
Data:[[53]
 [54]
 [57]
 [50]
 [46]
 [50]
 [53]
 [52]
 [48]
 [48]
 [51]
 [57]
 [57]
 [57]
 [57]
 [57]
 [57]
 [45]
 [48]
 [32]
 [53]
 [54]
 [57]
 [50]
 [46]
 [50]
 [52]
 [57]
 [54]
 [50]
 [49]
 [57]
 [57]
 [57]
 [57]
 [57]
 [57]
 [45]
 [49]] 
------------------------ Dataset: Pps ------------------------
shape: (34, 1), dtype: uint16
Data:[[54]
 [52]
 [49]
 [53]
 [46]
 [53]
 [53]
 [48]
 [52]
 [49]
 [54]
 [57]
 [57]
 [57]
 [57]
 [57]
 [57]
 [53]
 [45]
 [48]
 [32]
 [54]
 [52]
 [49]
 [53]
 [46]
 [53]
 [53]
 [53]
 [55]
 [48]
 [51]
 [45]
 [49]] 
------------------------ Dataset: Ppt ------------------------
shape: (26, 1), dtype: uint16
Data:[[54]
 [54]
 [48]
 [55]
 [46]
 [54]
 [51]
 [52]
 [48]
 [56]
 [45]
 [48]
 [32]
 [54]
 [54]
 [48]
 [55]
 [46]
 [54]
 [51]
 [56]
 [48]
 [57]
 [51]
 [45]
 [49]] 
------------------------ Dataset: Ppu ------------------------
shape: (33, 1), dtype: uint16
Data:[[54]
 [54]
 [50]
 [51]
 [46]
 [53]
 [54]
 [50]
 [52]
 [55]
 [54]
 [45]
 [48]
 [32]
 [54]
 [54]
 [50]
 [51]
 [46]
 [53]
 [55]
 [49]
 [52]
 [54]
 [50]
 [57]
 [57]
 [57]
 [57]
 [57]
 [57]
 [45]
 [49]] 
------------------------ Dataset: Ppv ------------------------
shape: (27, 1), dtype: uint16
Data:[[54]
 [54]
 [51]
 [57]
 [46]
 [52]
 [48]
 [50]
 [48]
 [56]
 [53]
 [45]
 [48]
 [32]
 [54]
 [54]
 [51]
 [57]
 [46]
 [51]
 [57]
 [56]
 [49]
 [54]
 [53]
 [45]
 [49]] 
------------------------ Dataset: Ppw ------------------------
shape: (33, 1), dtype: uint16
Data:[[54]
 [54]
 [53]
 [53]
 [46]
 [48]
 [49]
 [52]
 [49]
 [53]
 [53]
 [45]
 [48]
 [32]
 [54]
 [54]
 [53]
 [53]
 [46]
 [48]
 [49]
 [48]
 [50]
 [56]
 [52]
 [57]
 [57]
 [57]
 [57]
 [57]
 [57]
 [45]
 [49]] 
------------------------ Dataset: Ppx ------------------------
shape: (34, 1), dtype: uint16
Data:[[54]
 [54]
 [55]
 [48]
 [46]
 [57]
 [49]
 [48]
 [48]
 [55]
 [55]
 [45]
 [48]
 [32]
 [54]
 [54]
 [55]
 [48]
 [46]
 [57]
 [49]
 [52]
 [48]
 [53]
 [50]
 [57]
 [57]
 [57]
 [57]
 [57]
 [57]
 [53]
 [45]
 [49]] 
------------------------ Dataset: Ppy ------------------------
shape: (34, 1), dtype: uint16
Data:[[54]
 [54]
 [56]
 [54]
 [46]
 [56]
 [48]
 [54]
 [55]
 [51]
 [50]
 [45]
 [48]
 [32]
 [54]
 [54]
 [56]
 [54]
 [46]
 [56]
 [49]
 [57]
 [50]
 [55]
 [51]
 [57]
 [57]
 [57]
 [57]
 [57]
 [57]
 [53]
 [45]
 [49]] 
------------------------ Dataset: Ppz ------------------------
shape: (27, 1), dtype: uint16
Data:[[53]
 [57]
 [48]
 [52]
 [46]
 [55]
 [50]
 [57]
 [55]
 [57]
 [50]
 [45]
 [48]
 [32]
 [53]
 [57]
 [48]
 [52]
 [46]
 [55]
 [50]
 [53]
 [55]
 [56]
 [56]
 [45]
 [49]] 
------------------------ Dataset: Pq ------------------------

shape: (1, 6), dtype: uint32
Data:[[3707764736          2          1          1        948          1]] 
------------------------ Dataset: Qpb ------------------------
shape: (13, 1), dtype: uint16
Data:[[54]
 [55]
 [54]
 [56]
 [46]
 [53]
 [49]
 [48]
 [52]
 [53]
 [54]
 [45]
 [49]] 
------------------------ Dataset: Qpc ------------------------
shape: (27, 1), dtype: uint16
Data:[[54]
 [50]
 [56]
 [49]
 [46]
 [51]
 [49]
 [48]
 [51]
 [51]
 [53]
 [45]
 [48]
 [32]
 [54]
 [50]
 [56]
 [49]
 [46]
 [51]
 [48]
 [53]
 [49]
 [57]
 [53]
 [45]
 [49]] 
------------------------ Dataset: Qpd ------------------------
shape: (33, 1), dtype: uint16
Data:[[54]
 [50]
 [57]
 [55]
 [46]
 [48]
 [55]
 [50]
 [52]
 [50]
 [52]
 [57]
 [57]
 [57]
 [57]
 [57]
 [57]
 [45]
 [48]
 [32]
 [54]
 [50]
 [57]
 [55]
 [46]
 [48]
 [55]
 [50]
 [50]
 [52]
 [54]
 [45]
 [49]] 
------------------------ Dataset: Qpe ------------------------
shape: (33, 1), dtype: uint16
Data:[[54]
 [51]
 [49]
 [50]
 [46]
 [57]
 [53]
 [48]
 [49]
 [53]
 [54]
 [57]
 [57]
 [57]
 [57]
 [57]
 [57]
 [45]
 [48]
 [32]
 [54]
 [51]
 [49]
 [50]
 [46]
 [57]
 [53]
 [53]
 [48]
 [48]
 [55]
 [45]
 [49]] 
------------------------ Dataset: Qpf ------------------------
shape: (27, 1), dtype: uint16
Data:[[54]
 [51]
 [50]
 [56]
 [46]
 [55]
 [56]
 [49]
 [57]
 [54]
 [52]
 [45]
 [48]
 [32]
 [54]
 [51]
 [50]
 [56]
 [46]
 [55]
 [55]
 [56]
 [55]
 [50]
 [54]
 [45]
 [49]] 
------------------------ Dataset: Qpg ------------------------
shape: (13, 1), dtype: uint16
Data:[[54]
 [51]
 [52]
 [52]
 [46]
 [53]
 [57]
 [55]
 [56]
 [49]
 [50]
 [45]
 [48]] 
------------------------ Dataset: Qph ------------------------
shape: (34, 1), dtype: uint16
Data:[[54]
 [53]
 [48]
 [57]
 [46]
 [54]
 [57]
 [56]
 [48]
 [57]
 [50]
 [45]
 [48]
 [32]
 [54]
 [53]
 [48]
 [57]
 [46]
 [55]
 [48]
 [49]
 [57]
 [55]
 [56]
 [57]
 [57]
 [57]
 [57]
 [57]
 [57]
 [53]
 [45]
 [49]] 
------------------------ Dataset: Qpi ------------------------
shape: (26, 1), dtype: uint16
Data:[[54]
 [53]
 [50]
 [53]
 [46]
 [53]
 [48]
 [53]
 [57]
 [56]
 [56]
 [45]
 [48]
 [32]
 [54]
 [53]
 [50]
 [53]
 [46]
 [53]
 [48]
 [50]
 [48]
 [54]
 [45]
 [49]] 
------------------------ Dataset: Qpj ------------------------
shape: (39, 1), dtype: uint16
Data:[[54]
 [48]
 [50]
 [49]
 [46]
 [49]
 [49]
 [48]
 [50]
 [55]
 [50]
 [57]
 [57]
 [57]
 [57]
 [57]
 [57]
 [45]
 [48]
 [32]
 [54]
 [48]
 [50]
 [49]
 [46]
 [49]
 [48]
 [54]
 [50]
 [56]
 [53]
 [57]
 [57]
 [57]
 [57]
 [57]
 [57]
 [45]
 [49]] 
------------------------ Dataset: Qpk ------------------------
shape: (13, 1), dtype: uint16
Data:[[54]
 [48]
 [51]
 [54]
 [46]
 [56]
 [56]
 [57]
 [56]
 [48]
 [55]
 [45]
 [49]] 
------------------------ Dataset: Qpl ------------------------
shape: (27, 1), dtype: uint16
Data:[[54]
 [48]
 [53]
 [50]
 [46]
 [53]
 [49]
 [51]
 [55]
 [57]
 [55]
 [45]
 [48]
 [32]
 [54]
 [48]
 [53]
 [50]
 [46]
 [53]
 [48]
 [57]
 [57]
 [55]
 [55]
 [45]
 [49]] 
------------------------ Dataset: Qpm ------------------------
shape: (27, 1), dtype: uint16
Data:[[54]
 [48]
 [54]
 [56]
 [46]
 [52]
 [50]
 [48]
 [53]
 [49]
 [50]
 [45]
 [48]
 [32]
 [54]
 [48]
 [54]
 [56]
 [46]
 [52]
 [50]
 [51]
 [50]
 [53]
 [50]
 [45]
 [49]] 
------------------------ Dataset: Qpn ------------------------
shape: (33, 1), dtype: uint16
Data:[[54]
 [48]
 [56]
 [52]
 [46]
 [51]
 [52]
 [53]
 [56]
 [53]
 [51]
 [57]
 [57]
 [57]
 [57]
 [57]
 [57]
 [45]
 [48]
 [32]
 [54]
 [48]
 [56]
 [52]
 [46]
 [51]
 [53]
 [48]
 [50]
 [55]
 [50]
 [45]
 [49]] 
------------------------ Dataset: Qpo ------------------------
shape: (39, 1), dtype: uint16
Data:[[53]
 [54]
 [52]
 [53]
 [46]
 [48]
 [50]
 [53]
 [53]
 [56]
 [57]
 [57]
 [57]
 [57]
 [57]
 [57]
 [57]
 [45]
 [48]
 [32]
 [53]
 [54]
 [52]
 [53]
 [46]
 [48]
 [50]
 [57]
 [54]
 [50]
 [55]
 [57]
 [57]
 [57]
 [57]
 [57]
 [57]
 [45]
 [49]] 
------------------------ Dataset: Qpp ------------------------
shape: (40, 1), dtype: uint16
Data:[[53]
 [54]
 [54]
 [48]
 [46]
 [55]
 [55]
 [55]
 [54]
 [55]
 [52]
 [57]
 [57]
 [57]
 [57]
 [57]
 [57]
 [45]
 [48]
 [32]
 [53]
 [54]
 [54]
 [48]
 [46]
 [55]
 [55]
 [51]
 [54]
 [52]
 [50]
 [57]
 [57]
 [57]
 [57]
 [57]
 [57]
 [53]
 [45]
 [49]] 
------------------------ Dataset: Qpq ------------------------
shape: (34, 1), dtype: uint16
Data:[[53]
 [54]
 [55]
 [54]
 [46]
 [52]
 [55]
 [51]
 [56]
 [49]
 [57]
 [45]
 [48]
 [32]
 [53]
 [54]
 [55]
 [54]
 [46]
 [52]
 [55]
 [55]
 [55]
 [52]
 [50]
 [57]
 [57]
 [57]
 [57]
 [57]
 [57]
 [53]
 [45]
 [49]] 
------------------------ Dataset: Qpr ------------------------
shape: (40, 1), dtype: uint16
Data:[[53]
 [54]
 [57]
 [50]
 [46]
 [50]
 [53]
 [52]
 [48]
 [48]
 [51]
 [57]
 [57]
 [57]
 [57]
 [57]
 [57]
 [45]
 [48]
 [32]
 [53]
 [54]
 [57]
 [50]
 [46]
 [50]
 [53]
 [55]
 [54]
 [50]
 [50]
 [57]
 [57]
 [57]
 [57]
 [57]
 [57]
 [53]
 [45]
 [49]] 
------------------------ Dataset: Qps ------------------------
shape: (27, 1), dtype: uint16
Data:[[54]
 [52]
 [49]
 [53]
 [46]
 [53]
 [53]
 [56]
 [48]
 [55]
 [52]
 [45]
 [48]
 [32]
 [54]
 [52]
 [49]
 [53]
 [46]
 [53]
 [53]
 [53]
 [55]
 [48]
 [51]
 [45]
 [49]] 
------------------------ Dataset: Qpt ------------------------
shape: (27, 1), dtype: uint16
Data:[[54]
 [54]
 [48]
 [55]
 [46]
 [54]
 [52]
 [50]
 [49]
 [49]
 [54]
 [45]
 [48]
 [32]
 [54]
 [54]
 [48]
 [55]
 [46]
 [54]
 [51]
 [56]
 [48]
 [57]
 [51]
 [45]
 [49]] 
------------------------ Dataset: Qpu ------------------------
shape: (33, 1), dtype: uint16
Data:[[54]
 [54]
 [50]
 [51]
 [46]
 [53]
 [55]
 [49]
 [54]
 [48]
 [57]
 [45]
 [48]
 [32]
 [54]
 [54]
 [50]
 [51]
 [46]
 [53]
 [55]
 [49]
 [52]
 [54]
 [50]
 [57]
 [57]
 [57]
 [57]
 [57]
 [57]
 [45]
 [49]] 
------------------------ Dataset: Qpv ------------------------
shape: (33, 1), dtype: uint16
Data:[[54]
 [54]
 [51]
 [57]
 [46]
 [52]
 [48]
 [50]
 [48]
 [56]
 [53]
 [45]
 [48]
 [32]
 [54]
 [54]
 [51]
 [57]
 [46]
 [52]
 [48]
 [54]
 [49]
 [57]
 [54]
 [57]
 [57]
 [57]
 [57]
 [57]
 [57]
 [45]
 [49]] 
------------------------ Dataset: Qpw ------------------------
shape: (27, 1), dtype: uint16
Data:[[54]
 [54]
 [53]
 [53]
 [46]
 [48]
 [49]
 [52]
 [49]
 [53]
 [53]
 [45]
 [48]
 [32]
 [54]
 [54]
 [53]
 [53]
 [46]
 [48]
 [49]
 [56]
 [50]
 [57]
 [50]
 [45]
 [49]] 
------------------------ Dataset: Qpx ------------------------
shape: (40, 1), dtype: uint16
Data:[[54]
 [54]
 [55]
 [48]
 [46]
 [57]
 [49]
 [56]
 [49]
 [49]
 [49]
 [57]
 [57]
 [57]
 [57]
 [57]
 [57]
 [45]
 [48]
 [32]
 [54]
 [54]
 [55]
 [48]
 [46]
 [57]
 [49]
 [52]
 [48]
 [53]
 [50]
 [57]
 [57]
 [57]
 [57]
 [57]
 [57]
 [53]
 [45]
 [49]] 
------------------------ Dataset: Qpy ------------------------
shape: (19, 1), dtype: uint16
Data:[[54]
 [54]
 [56]
 [54]
 [46]
 [56]
 [49]
 [53]
 [54]
 [56]
 [57]
 [57]
 [57]
 [57]
 [57]
 [57]
 [57]
 [45]
 [48]] 
------------------------ Dataset: Qpz ------------------------
shape: (27, 1), dtype: uint16
Data:[[53]
 [57]
 [48]
 [52]
 [46]
 [55]
 [50]
 [57]
 [55]
 [57]
 [50]
 [45]
 [48]
 [32]
 [53]
 [57]
 [48]
 [52]
 [46]
 [55]
 [51]
 [51]
 [55]
 [54]
 [53]
 [45]
 [49]] 
------------------------ Dataset: Qq ------------------------

shape: (1, 6), dtype: uint32
Data:[[3707764736          2          1          1        949          1]] 
------------------------ Dataset: Rpb ------------------------
shape: (13, 1), dtype: uint16
Data:[[54]
 [55]
 [54]
 [56]
 [46]
 [53]
 [49]
 [52]
 [49]
 [56]
 [49]
 [45]
 [48]] 
------------------------ Dataset: Rpc ------------------------
shape: (27, 1), dtype: uint16
Data:[[54]
 [50]
 [56]
 [49]
 [46]
 [51]
 [49]
 [48]
 [51]
 [51]
 [53]
 [45]
 [48]
 [32]
 [54]
 [50]
 [56]
 [49]
 [46]
 [51]
 [49]
 [49]
 [49]
 [56]
 [53]
 [45]
 [49]] 
------------------------ Dataset: Rpd ------------------------
shape: (33, 1), dtype: uint16
Data:[[54]
 [50]
 [57]
 [55]
 [46]
 [48]
 [55]
 [50]
 [52]
 [50]
 [52]
 [57]
 [57]
 [57]
 [57]
 [57]
 [57]
 [45]
 [48]
 [32]
 [54]
 [50]
 [57]
 [55]
 [46]
 [48]
 [55]
 [53]
 [49]
 [52]
 [53]
 [45]
 [49]] 
------------------------ Dataset: Rpe ------------------------
shape: (26, 1), dtype: uint16
Data:[[54]
 [51]
 [49]
 [50]
 [46]
 [57]
 [53]
 [56]
 [50]
 [57]
 [45]
 [48]
 [32]
 [54]
 [51]
 [49]
 [50]
 [46]
 [57]
 [53]
 [53]
 [48]
 [48]
 [55]
 [45]
 [49]] 
------------------------ Dataset: Rpf ------------------------
shape: (27, 1), dtype: uint16
Data:[[54]
 [51]
 [50]
 [56]
 [46]
 [55]
 [56]
 [49]
 [57]
 [54]
 [52]
 [45]
 [48]
 [32]
 [54]
 [51]
 [50]
 [56]
 [46]
 [55]
 [56]
 [54]
 [48]
 [51]
 [53]
 [45]
 [49]] 
------------------------ Dataset: Rpg ------------------------
shape: (13, 1), dtype: uint16
Data:[[54]
 [51]
 [52]
 [52]
 [46]
 [54]
 [48]
 [49]
 [56]
 [56]
 [53]
 [45]
 [49]] 
------------------------ Dataset: Rph ------------------------
shape: (40, 1), dtype: uint16
Data:[[54]
 [53]
 [48]
 [57]
 [46]
 [55]
 [48]
 [53]
 [57]
 [52]
 [48]
 [57]
 [57]
 [57]
 [57]
 [57]
 [57]
 [45]
 [48]
 [32]
 [54]
 [53]
 [48]
 [57]
 [46]
 [55]
 [48]
 [49]
 [57]
 [55]
 [56]
 [57]
 [57]
 [57]
 [57]
 [57]
 [57]
 [53]
 [45]
 [49]] 
------------------------ Dataset: Rpi ------------------------
shape: (33, 1), dtype: uint16
Data:[[54]
 [53]
 [50]
 [53]
 [46]
 [53]
 [48]
 [53]
 [57]
 [56]
 [56]
 [45]
 [48]
 [32]
 [54]
 [53]
 [50]
 [53]
 [46]
 [53]
 [49]
 [48]
 [48]
 [54]
 [57]
 [57]
 [57]
 [57]
 [57]
 [57]
 [57]
 [45]
 [49]] 
------------------------ Dataset: Rpj ------------------------
shape: (33, 1), dtype: uint16
Data:[[54]
 [48]
 [50]
 [49]
 [46]
 [49]
 [49]
 [48]
 [50]
 [55]
 [50]
 [57]
 [57]
 [57]
 [57]
 [57]
 [57]
 [45]
 [48]
 [32]
 [54]
 [48]
 [50]
 [49]
 [46]
 [49]
 [49]
 [51]
 [57]
 [51]
 [52]
 [45]
 [49]] 
------------------------ Dataset: Rpk ------------------------
shape: (13, 1), dtype: uint16
Data:[[54]
 [48]
 [51]
 [54]
 [46]
 [56]
 [57]
 [51]
 [56]
 [49]
 [49]
 [45]
 [48]] 
------------------------ Dataset: Rpl ------------------------
shape: (27, 1), dtype: uint16
Data:[[54]
 [48]
 [53]
 [50]
 [46]
 [53]
 [49]
 [51]
 [55]
 [57]
 [55]
 [45]
 [48]
 [32]
 [54]
 [48]
 [53]
 [50]
 [46]
 [53]
 [49]
 [55]
 [55]
 [55]
 [49]
 [45]
 [49]] 
------------------------ Dataset: Rpm ------------------------
shape: (27, 1), dtype: uint16
Data:[[54]
 [48]
 [54]
 [56]
 [46]
 [52]
 [50]
 [53]
 [57]
 [54]
 [49]
 [45]
 [48]
 [32]
 [54]
 [48]
 [54]
 [56]
 [46]
 [52]
 [50]
 [51]
 [50]
 [53]
 [50]
 [45]
 [49]] 
------------------------ Dataset: Rpn ------------------------
shape: (13, 1), dtype: uint16
Data:[[54]
 [48]
 [56]
 [52]
 [46]
 [51]
 [53]
 [48]
 [50]
 [55]
 [50]
 [45]
 [49]] 
------------------------ Dataset: Rpo ------------------------
shape: (33, 1), dtype: uint16
Data:[[53]
 [54]
 [52]
 [53]
 [46]
 [48]
 [51]
 [51]
 [54]
 [49]
 [54]
 [45]
 [48]
 [32]
 [53]
 [54]
 [52]
 [53]
 [46]
 [48]
 [50]
 [57]
 [54]
 [50]
 [55]
 [57]
 [57]
 [57]
 [57]
 [57]
 [57]
 [45]
 [49]] 
------------------------ Dataset: Rpp ------------------------
shape: (39, 1), dtype: uint16
Data:[[53]
 [54]
 [54]
 [48]
 [46]
 [55]
 [55]
 [55]
 [54]
 [55]
 [52]
 [57]
 [57]
 [57]
 [57]
 [57]
 [57]
 [45]
 [48]
 [32]
 [53]
 [54]
 [54]
 [48]
 [46]
 [55]
 [56]
 [49]
 [55]
 [51]
 [54]
 [57]
 [57]
 [57]
 [57]
 [57]
 [57]
 [45]
 [49]] 
------------------------ Dataset: Rpq ------------------------
shape: (33, 1), dtype: uint16
Data:[[53]
 [54]
 [55]
 [54]
 [46]
 [52]
 [56]
 [56]
 [49]
 [51]
 [45]
 [48]
 [32]
 [53]
 [54]
 [55]
 [54]
 [46]
 [52]
 [55]
 [55]
 [55]
 [52]
 [50]
 [57]
 [57]
 [57]
 [57]
 [57]
 [57]
 [53]
 [45]
 [49]] 
------------------------ Dataset: Rpr ------------------------
shape: (40, 1), dtype: uint16
Data:[[53]
 [54]
 [57]
 [50]
 [46]
 [50]
 [54]
 [49]
 [54]
 [48]
 [51]
 [57]
 [57]
 [57]
 [57]
 [57]
 [57]
 [45]
 [48]
 [32]
 [53]
 [54]
 [57]
 [50]
 [46]
 [50]
 [53]
 [55]
 [54]
 [50]
 [50]
 [57]
 [57]
 [57]
 [57]
 [57]
 [57]
 [53]
 [45]
 [49]] 
------------------------ Dataset: Rps ------------------------
shape: (26, 1), dtype: uint16
Data:[[54]
 [52]
 [49]
 [53]
 [46]
 [53]
 [53]
 [56]
 [48]
 [55]
 [52]
 [45]
 [48]
 [32]
 [54]
 [52]
 [49]
 [53]
 [46]
 [53]
 [54]
 [50]
 [48]
 [51]
 [45]
 [49]] 
------------------------ Dataset: Rpt ------------------------
shape: (33, 1), dtype: uint16
Data:[[54]
 [54]
 [48]
 [55]
 [46]
 [54]
 [52]
 [50]
 [49]
 [49]
 [54]
 [45]
 [48]
 [32]
 [54]
 [54]
 [48]
 [55]
 [46]
 [54]
 [52]
 [54]
 [49]
 [54]
 [55]
 [57]
 [57]
 [57]
 [57]
 [57]
 [57]
 [45]
 [49]] 
------------------------ Dataset: Rpu ------------------------
shape: (27, 1), dtype: uint16
Data:[[54]
 [54]
 [50]
 [51]
 [46]
 [53]
 [55]
 [49]
 [54]
 [48]
 [57]
 [45]
 [48]
 [32]
 [54]
 [54]
 [50]
 [51]
 [46]
 [53]
 [55]
 [53]
 [54]
 [57]
 [49]
 [45]
 [49]] 
------------------------ Dataset: Rpv ------------------------
shape: (39, 1), dtype: uint16
Data:[[54]
 [54]
 [51]
 [57]
 [46]
 [52]
 [49]
 [54]
 [52]
 [56]
 [56]
 [57]
 [57]
 [57]
 [57]
 [57]
 [57]
 [45]
 [48]
 [32]
 [54]
 [54]
 [51]
 [57]
 [46]
 [52]
 [48]
 [54]
 [49]
 [57]
 [54]
 [57]
 [57]
 [57]
 [57]
 [57]
 [57]
 [45]
 [49]] 
------------------------ Dataset: Rpw ------------------------
shape: (34, 1), dtype: uint16
Data:[[54]
 [54]
 [53]
 [53]
 [46]
 [48]
 [50]
 [50]
 [49]
 [53]
 [57]
 [57]
 [57]
 [57]
 [57]
 [57]
 [57]
 [53]
 [45]
 [48]
 [32]
 [54]
 [54]
 [53]
 [53]
 [46]
 [48]
 [49]
 [56]
 [50]
 [57]
 [50]
 [45]
 [49]] 
------------------------ Dataset: Rpx ------------------------
shape: (32, 1), dtype: uint16
Data:[[54]
 [54]
 [55]
 [48]
 [46]
 [57]
 [49]
 [56]
 [49]
 [49]
 [49]
 [57]
 [57]
 [57]
 [57]
 [57]
 [57]
 [45]
 [48]
 [32]
 [54]
 [54]
 [55]
 [48]
 [46]
 [57]
 [50]
 [50]
 [48]
 [57]
 [45]
 [49]] 
------------------------ Dataset: Rpy ------------------------
shape: (20, 1), dtype: uint16
Data:[[54]
 [54]
 [56]
 [54]
 [46]
 [56]
 [49]
 [57]
 [50]
 [55]
 [51]
 [57]
 [57]
 [57]
 [57]
 [57]
 [57]
 [53]
 [45]
 [49]] 
------------------------ Dataset: Rpz ------------------------
shape: (34, 1), dtype: uint16
Data:[[53]
 [57]
 [48]
 [52]
 [46]
 [55]
 [51]
 [55]
 [56]
 [57]
 [50]
 [57]
 [57]
 [57]
 [57]
 [57]
 [57]
 [53]
 [45]
 [48]
 [32]
 [53]
 [57]
 [48]
 [52]
 [46]
 [55]
 [51]
 [51]
 [55]
 [54]
 [53]
 [45]
 [49]] 
------------------------ Dataset: Rq ------------------------

shape: (1, 6), dtype: uint32
Data:[[3707764736          2          1          1        950          1]] 
------------------------ Dataset: Spb ------------------------
shape: (20, 1), dtype: uint16
Data:[[54]
 [55]
 [54]
 [56]
 [46]
 [53]
 [49]
 [56]
 [49]
 [54]
 [52]
 [57]
 [57]
 [57]
 [57]
 [57]
 [57]
 [53]
 [45]
 [49]] 
------------------------ Dataset: Spc ------------------------
shape: (33, 1), dtype: uint16
Data:[[54]
 [50]
 [56]
 [49]
 [46]
 [51]
 [49]
 [55]
 [57]
 [53]
 [57]
 [57]
 [57]
 [57]
 [57]
 [57]
 [57]
 [45]
 [48]
 [32]
 [54]
 [50]
 [56]
 [49]
 [46]
 [51]
 [49]
 [49]
 [49]
 [56]
 [53]
 [45]
 [49]] 
------------------------ Dataset: Spd ------------------------
shape: (27, 1), dtype: uint16
Data:[[54]
 [50]
 [57]
 [55]
 [46]
 [48]
 [55]
 [56]
 [48]
 [51]
 [57]
 [45]
 [48]
 [32]
 [54]
 [50]
 [57]
 [55]
 [46]
 [48]
 [55]
 [53]
 [49]
 [52]
 [53]
 [45]
 [49]] 
------------------------ Dataset: Spe ------------------------
shape: (26, 1), dtype: uint16
Data:[[54]
 [51]
 [49]
 [50]
 [46]
 [57]
 [53]
 [56]
 [50]
 [57]
 [45]
 [48]
 [32]
 [54]
 [51]
 [49]
 [50]
 [46]
 [57]
 [54]
 [50]
 [50]
 [57]
 [52]
 [45]
 [49]] 
------------------------ Dataset: Spf ------------------------
shape: (34, 1), dtype: uint16
Data:[[54]
 [51]
 [50]
 [56]
 [46]
 [55]
 [56]
 [57]
 [56]
 [51]
 [57]
 [57]
 [57]
 [57]
 [57]
 [57]
 [57]
 [53]
 [45]
 [48]
 [32]
 [54]
 [51]
 [50]
 [56]
 [46]
 [55]
 [56]
 [54]
 [48]
 [51]
 [53]
 [45]
 [49]] 
------------------------ Dataset: Spg ------------------------
shape: (13, 1), dtype: uint16
Data:[[54]
 [51]
 [52]
 [52]
 [46]
 [54]
 [48]
 [54]
 [49]
 [52]
 [50]
 [45]
 [48]] 
------------------------ Dataset: Sph ------------------------
shape: (32, 1), dtype: uint16
Data:[[54]
 [53]
 [48]
 [57]
 [46]
 [55]
 [48]
 [53]
 [57]
 [52]
 [48]
 [57]
 [57]
 [57]
 [57]
 [57]
 [57]
 [45]
 [48]
 [32]
 [54]
 [53]
 [48]
 [57]
 [46]
 [55]
 [48]
 [57]
 [57]
 [56]
 [45]
 [49]] 
------------------------ Dataset: Spi ------------------------
shape: (39, 1), dtype: uint16
Data:[[54]
 [53]
 [50]
 [53]
 [46]
 [53]
 [49]
 [51]
 [57]
 [54]
 [55]
 [57]
 [57]
 [57]
 [57]
 [57]
 [57]
 [45]
 [48]
 [32]
 [54]
 [53]
 [50]
 [53]
 [46]
 [53]
 [49]
 [48]
 [48]
 [54]
 [57]
 [57]
 [57]
 [57]
 [57]
 [57]
 [57]
 [45]
 [49]] 
------------------------ Dataset: Spj ------------------------
shape: (27, 1), dtype: uint16
Data:[[54]
 [48]
 [50]
 [49]
 [46]
 [49]
 [49]
 [55]
 [55]
 [51]
 [56]
 [45]
 [48]
 [32]
 [54]
 [48]
 [50]
 [49]
 [46]
 [49]
 [49]
 [51]
 [57]
 [51]
 [52]
 [45]
 [49]] 
------------------------ Dataset: Spk ------------------------
shape: (19, 1), dtype: uint16
Data:[[54]
 [48]
 [51]
 [54]
 [46]
 [56]
 [57]
 [55]
 [57]
 [55]
 [56]
 [57]
 [57]
 [57]
 [57]
 [57]
 [57]
 [45]
 [49]] 
------------------------ Dataset: Spl ------------------------
shape: (26, 1), dtype: uint16
Data:[[54]
 [48]
 [53]
 [50]
 [46]
 [53]
 [50]
 [49]
 [55]
 [56]
 [45]
 [48]
 [32]
 [54]
 [48]
 [53]
 [50]
 [46]
 [53]
 [49]
 [55]
 [55]
 [55]
 [49]
 [45]
 [49]] 
------------------------ Dataset: Spm ------------------------
shape: (27, 1), dtype: uint16
Data:[[54]
 [48]
 [54]
 [56]
 [46]
 [52]
 [50]
 [53]
 [57]
 [54]
 [49]
 [45]
 [48]
 [32]
 [54]
 [48]
 [54]
 [56]
 [46]
 [52]
 [50]
 [57]
 [56]
 [54]
 [52]
 [45]
 [49]] 
------------------------ Dataset: Spn ------------------------
shape: (13, 1), dtype: uint16
Data:[[54]
 [48]
 [56]
 [52]
 [46]
 [51]
 [53]
 [51]
 [56]
 [53]
 [51]
 [45]
 [48]] 
------------------------ Dataset: Spo ------------------------
shape: (34, 1), dtype: uint16
Data:[[53]
 [54]
 [52]
 [53]
 [46]
 [48]
 [51]
 [51]
 [54]
 [49]
 [54]
 [45]
 [48]
 [32]
 [53]
 [54]
 [52]
 [53]
 [46]
 [48]
 [51]
 [55]
 [54]
 [50]
 [48]
 [57]
 [57]
 [57]
 [57]
 [57]
 [57]
 [53]
 [45]
 [49]] 
------------------------ Dataset: Spp ------------------------
shape: (33, 1), dtype: uint16
Data:[[53]
 [54]
 [54]
 [48]
 [46]
 [55]
 [56]
 [53]
 [55]
 [50]
 [54]
 [45]
 [48]
 [32]
 [53]
 [54]
 [54]
 [48]
 [46]
 [55]
 [56]
 [49]
 [55]
 [51]
 [54]
 [57]
 [57]
 [57]
 [57]
 [57]
 [57]
 [45]
 [49]] 
------------------------ Dataset: Spq ------------------------
shape: (26, 1), dtype: uint16
Data:[[53]
 [54]
 [55]
 [54]
 [46]
 [52]
 [56]
 [56]
 [49]
 [51]
 [45]
 [48]
 [32]
 [53]
 [54]
 [55]
 [54]
 [46]
 [52]
 [56]
 [56]
 [50]
 [57]
 [53]
 [45]
 [49]] 
------------------------ Dataset: Spr ------------------------
shape: (33, 1), dtype: uint16
Data:[[53]
 [54]
 [57]
 [50]
 [46]
 [50]
 [54]
 [49]
 [54]
 [48]
 [51]
 [57]
 [57]
 [57]
 [57]
 [57]
 [57]
 [45]
 [48]
 [32]
 [53]
 [54]
 [57]
 [50]
 [46]
 [50]
 [54]
 [53]
 [55]
 [48]
 [56]
 [45]
 [49]] 
------------------------ Dataset: Sps ------------------------
shape: (26, 1), dtype: uint16
Data:[[54]
 [52]
 [49]
 [53]
 [46]
 [53]
 [54]
 [54]
 [48]
 [50]
 [50]
 [45]
 [48]
 [32]
 [54]
 [52]
 [49]
 [53]
 [46]
 [53]
 [54]
 [50]
 [48]
 [51]
 [45]
 [49]] 
------------------------ Dataset: Spt ------------------------
shape: (39, 1), dtype: uint16
Data:[[54]
 [54]
 [48]
 [55]
 [46]
 [54]
 [53]
 [48]
 [49]
 [51]
 [56]
 [57]
 [57]
 [57]
 [57]
 [57]
 [57]
 [45]
 [48]
 [32]
 [54]
 [54]
 [48]
 [55]
 [46]
 [54]
 [52]
 [54]
 [49]
 [54]
 [55]
 [57]
 [57]
 [57]
 [57]
 [57]
 [57]
 [45]
 [49]] 
------------------------ Dataset: Spu ------------------------
shape: (27, 1), dtype: uint16
Data:[[54]
 [54]
 [50]
 [51]
 [46]
 [53]
 [55]
 [56]
 [51]
 [56]
 [56]
 [45]
 [48]
 [32]
 [54]
 [54]
 [50]
 [51]
 [46]
 [53]
 [55]
 [53]
 [54]
 [57]
 [49]
 [45]
 [49]] 
------------------------ Dataset: Spv ------------------------
shape: (33, 1), dtype: uint16
Data:[[54]
 [54]
 [51]
 [57]
 [46]
 [52]
 [49]
 [54]
 [52]
 [56]
 [56]
 [57]
 [57]
 [57]
 [57]
 [57]
 [57]
 [45]
 [48]
 [32]
 [54]
 [54]
 [51]
 [57]
 [46]
 [52]
 [50]
 [49]
 [57]
 [49]
 [53]
 [45]
 [49]] 
------------------------ Dataset: Spw ------------------------
shape: (34, 1), dtype: uint16
Data:[[54]
 [54]
 [53]
 [53]
 [46]
 [48]
 [50]
 [50]
 [49]
 [53]
 [57]
 [57]
 [57]
 [57]
 [57]
 [57]
 [57]
 [53]
 [45]
 [48]
 [32]
 [54]
 [54]
 [53]
 [53]
 [46]
 [48]
 [50]
 [54]
 [48]
 [57]
 [54]
 [45]
 [49]] 
------------------------ Dataset: Spx ------------------------
shape: (32, 1), dtype: uint16
Data:[[54]
 [54]
 [55]
 [48]
 [46]
 [57]
 [51]
 [48]
 [57]
 [48]
 [52]
 [57]
 [57]
 [57]
 [57]
 [57]
 [57]
 [45]
 [48]
 [32]
 [54]
 [54]
 [55]
 [48]
 [46]
 [57]
 [50]
 [50]
 [48]
 [57]
 [45]
 [49]] 
------------------------ Dataset: Spy ------------------------
shape: (19, 1), dtype: uint16
Data:[[54]
 [54]
 [56]
 [54]
 [46]
 [56]
 [50]
 [50]
 [52]
 [54]
 [55]
 [57]
 [57]
 [57]
 [57]
 [57]
 [57]
 [45]
 [48]] 
------------------------ Dataset: Spz ------------------------
shape: (41, 1), dtype: uint16
Data:[[53]
 [57]
 [48]
 [52]
 [46]
 [55]
 [51]
 [55]
 [56]
 [57]
 [50]
 [57]
 [57]
 [57]
 [57]
 [57]
 [57]
 [53]
 [45]
 [48]
 [32]
 [53]
 [57]
 [48]
 [52]
 [46]
 [55]
 [52]
 [50]
 [52]
 [53]
 [57]
 [57]
 [57]
 [57]
 [57]
 [57]
 [57]
 [53]
 [45]
 [49]] 
------------------------ Dataset: Sq ------------------------

