shape: (1, 6), dtype: uint32
Data:[[3707764736          2          1          1        931          1]] 
------------------------ Dataset: zpb ------------------------
shape: (13, 1), dtype: uint16
Data:[[54]
 [55]
 [54]
 [56]
 [46]
 [52]
 [52]
 [50]
 [51]
 [55]
 [53]
 [45]
 [48]] 
------------------------ Dataset: zpc ------------------------
shape: (13, 1), dtype: uint16
Data:[[54]
 [50]
 [56]
 [49]
 [46]
 [50]
 [50]
 [49]
 [56]
 [51]
 [55]
 [45]
 [48]] 
------------------------ Dataset: zpd ------------------------
shape: (27, 1), dtype: uint16
Data:[[54]
 [50]
 [57]
 [54]
 [46]
 [57]
 [57]
 [55]
 [56]
 [55]
 [50]
 [45]
 [48]
 [32]
 [54]
 [50]
 [57]
 [55]
 [46]
 [48]
 [48]
 [50]
 [48]
 [55]
 [49]
 [45]
 [49]] 
------------------------ Dataset: zpe ------------------------
shape: (27, 1), dtype: uint16
Data:[[54]
 [51]
 [49]
 [50]
 [46]
 [56]
 [54]
 [57]
 [56]
 [50]
 [53]
 [45]
 [48]
 [32]
 [54]
 [51]
 [49]
 [50]
 [46]
 [56]
 [54]
 [54]
 [49]
 [55]
 [50]
 [45]
 [49]] 
------------------------ Dataset: zpf ------------------------
shape: (34, 1), dtype: uint16
Data:[[54]
 [51]
 [50]
 [56]
 [46]
 [55]
 [48]
 [57]
 [57]
 [55]
 [56]
 [45]
 [48]
 [32]
 [54]
 [51]
 [50]
 [56]
 [46]
 [55]
 [49]
 [52]
 [48]
 [50]
 [50]
 [57]
 [57]
 [57]
 [57]
 [57]
 [57]
 [53]
 [45]
 [49]] 
------------------------ Dataset: zpg ------------------------
shape: (13, 1), dtype: uint16
Data:[[54]
 [51]
 [52]
 [52]
 [46]
 [53]
 [51]
 [48]
 [48]
 [50]
 [50]
 [45]
 [49]] 
------------------------ Dataset: zph ------------------------
shape: (27, 1), dtype: uint16
Data:[[54]
 [53]
 [48]
 [57]
 [46]
 [54]
 [51]
 [52]
 [48]
 [49]
 [51]
 [45]
 [48]
 [32]
 [54]
 [53]
 [48]
 [57]
 [46]
 [54]
 [51]
 [48]
 [48]
 [49]
 [54]
 [45]
 [49]] 
------------------------ Dataset: zpi ------------------------
shape: (27, 1), dtype: uint16
Data:[[54]
 [53]
 [50]
 [53]
 [46]
 [52]
 [51]
 [52]
 [48]
 [56]
 [51]
 [45]
 [48]
 [32]
 [54]
 [53]
 [50]
 [53]
 [46]
 [52]
 [51]
 [56]
 [48]
 [51]
 [54]
 [45]
 [49]] 
------------------------ Dataset: zpj ------------------------
shape: (27, 1), dtype: uint16
Data:[[54]
 [48]
 [50]
 [49]
 [46]
 [48]
 [51]
 [55]
 [57]
 [52]
 [55]
 [45]
 [48]
 [32]
 [54]
 [48]
 [50]
 [49]
 [46]
 [48]
 [52]
 [49]
 [56]
 [49]
 [54]
 [45]
 [49]] 
------------------------ Dataset: zpk ------------------------
shape: (27, 1), dtype: uint16
Data:[[54]
 [48]
 [51]
 [54]
 [46]
 [56]
 [50]
 [53]
 [55]
 [56]
 [52]
 [45]
 [48]
 [32]
 [54]
 [48]
 [51]
 [54]
 [46]
 [56]
 [49]
 [55]
 [55]
 [56]
 [52]
 [45]
 [49]] 
------------------------ Dataset: zpl ------------------------
shape: (33, 1), dtype: uint16
Data:[[54]
 [48]
 [53]
 [50]
 [46]
 [52]
 [52]
 [50]
 [56]
 [52]
 [54]
 [45]
 [48]
 [32]
 [54]
 [48]
 [53]
 [50]
 [46]
 [52]
 [52]
 [54]
 [51]
 [56]
 [55]
 [57]
 [57]
 [57]
 [57]
 [57]
 [57]
 [45]
 [49]] 
------------------------ Dataset: zpm ------------------------
shape: (34, 1), dtype: uint16
Data:[[54]
 [48]
 [54]
 [56]
 [46]
 [51]
 [53]
 [49]
 [54]
 [57]
 [57]
 [45]
 [48]
 [32]
 [54]
 [48]
 [54]
 [56]
 [46]
 [51]
 [52]
 [54]
 [50]
 [48]
 [51]
 [57]
 [57]
 [57]
 [57]
 [57]
 [57]
 [53]
 [45]
 [49]] 
------------------------ Dataset: zpn ------------------------
shape: (31, 1), dtype: uint16
Data:[[54]
 [48]
 [56]
 [52]
 [46]
 [50]
 [56]
 [50]
 [48]
 [51]
 [55]
 [57]
 [57]
 [57]
 [57]
 [57]
 [57]
 [45]
 [48]
 [32]
 [54]
 [48]
 [56]
 [52]
 [46]
 [50]
 [55]
 [56]
 [55]
 [45]
 [49]] 
------------------------ Dataset: zpo ------------------------
shape: (34, 1), dtype: uint16
Data:[[53]
 [54]
 [52]
 [52]
 [46]
 [57]
 [54]
 [49]
 [54]
 [55]
 [51]
 [45]
 [48]
 [32]
 [53]
 [54]
 [52]
 [52]
 [46]
 [57]
 [53]
 [56]
 [54]
 [51]
 [56]
 [57]
 [57]
 [57]
 [57]
 [57]
 [57]
 [53]
 [45]
 [49]] 
------------------------ Dataset: zpp ------------------------
shape: (27, 1), dtype: uint16
Data:[[53]
 [54]
 [54]
 [48]
 [46]
 [55]
 [48]
 [53]
 [54]
 [53]
 [54]
 [45]
 [48]
 [32]
 [53]
 [54]
 [54]
 [48]
 [46]
 [55]
 [48]
 [57]
 [56]
 [50]
 [56]
 [45]
 [49]] 
------------------------ Dataset: zpq ------------------------
shape: (27, 1), dtype: uint16
Data:[[53]
 [54]
 [55]
 [54]
 [46]
 [52]
 [48]
 [53]
 [55]
 [48]
 [57]
 [45]
 [48]
 [32]
 [53]
 [54]
 [55]
 [54]
 [46]
 [52]
 [48]
 [53]
 [55]
 [48]
 [57]
 [45]
 [49]] 
------------------------ Dataset: zpr ------------------------
shape: (33, 1), dtype: uint16
Data:[[53]
 [54]
 [57]
 [50]
 [46]
 [49]
 [57]
 [49]
 [53]
 [56]
 [57]
 [45]
 [48]
 [32]
 [53]
 [54]
 [57]
 [50]
 [46]
 [49]
 [56]
 [54]
 [57]
 [52]
 [57]
 [57]
 [57]
 [57]
 [57]
 [57]
 [57]
 [45]
 [49]] 
------------------------ Dataset: zps ------------------------
shape: (27, 1), dtype: uint16
Data:[[54]
 [52]
 [49]
 [53]
 [46]
 [53]
 [48]
 [48]
 [51]
 [57]
 [55]
 [45]
 [48]
 [32]
 [54]
 [52]
 [49]
 [53]
 [46]
 [52]
 [56]
 [52]
 [56]
 [51]
 [57]
 [45]
 [49]] 
------------------------ Dataset: zpt ------------------------
shape: (27, 1), dtype: uint16
Data:[[54]
 [54]
 [48]
 [55]
 [46]
 [53]
 [53]
 [48]
 [49]
 [50]
 [56]
 [45]
 [48]
 [32]
 [54]
 [54]
 [48]
 [55]
 [46]
 [53]
 [53]
 [52]
 [49]
 [50]
 [49]
 [45]
 [49]] 
------------------------ Dataset: zpu ------------------------
shape: (33, 1), dtype: uint16
Data:[[54]
 [54]
 [50]
 [51]
 [46]
 [53]
 [48]
 [48]
 [50]
 [51]
 [52]
 [45]
 [48]
 [32]
 [54]
 [54]
 [50]
 [51]
 [46]
 [53]
 [48]
 [52]
 [49]
 [57]
 [54]
 [57]
 [57]
 [57]
 [57]
 [57]
 [57]
 [45]
 [49]] 
------------------------ Dataset: zpv ------------------------
shape: (27, 1), dtype: uint16
Data:[[54]
 [54]
 [51]
 [57]
 [46]
 [51]
 [51]
 [49]
 [49]
 [48]
 [55]
 [45]
 [48]
 [32]
 [54]
 [54]
 [51]
 [57]
 [46]
 [51]
 [51]
 [56]
 [50]
 [54]
 [52]
 [45]
 [49]] 
------------------------ Dataset: zpw ------------------------
shape: (27, 1), dtype: uint16
Data:[[54]
 [54]
 [53]
 [52]
 [46]
 [57]
 [53]
 [48]
 [48]
 [53]
 [51]
 [45]
 [48]
 [32]
 [54]
 [54]
 [53]
 [52]
 [46]
 [57]
 [52]
 [54]
 [52]
 [49]
 [49]
 [45]
 [49]] 
------------------------ Dataset: zpx ------------------------
shape: (34, 1), dtype: uint16
Data:[[54]
 [54]
 [55]
 [48]
 [46]
 [56]
 [52]
 [54]
 [52]
 [51]
 [52]
 [57]
 [57]
 [57]
 [57]
 [57]
 [57]
 [53]
 [45]
 [48]
 [32]
 [54]
 [54]
 [55]
 [48]
 [46]
 [56]
 [53]
 [48]
 [50]
 [51]
 [53]
 [45]
 [49]] 
------------------------ Dataset: zpy ------------------------
shape: (33, 1), dtype: uint16
Data:[[54]
 [54]
 [56]
 [54]
 [46]
 [55]
 [53]
 [48]
 [48]
 [50]
 [52]
 [45]
 [48]
 [32]
 [54]
 [54]
 [56]
 [54]
 [46]
 [55]
 [52]
 [54]
 [56]
 [53]
 [57]
 [57]
 [57]
 [57]
 [57]
 [57]
 [57]
 [45]
 [49]] 
------------------------ Dataset: zpz ------------------------
shape: (27, 1), dtype: uint16
Data:[[53]
 [57]
 [48]
 [52]
 [46]
 [54]
 [54]
 [53]
 [55]
 [53]
 [49]
 [45]
 [48]
 [32]
 [53]
 [57]
 [48]
 [52]
 [46]
 [54]
 [54]
 [49]
 [56]
 [49]
 [52]
 [45]
 [49]] 
------------------------ Dataset: zq ------------------------

shape: (1, 6), dtype: uint32
Data:[[3707764736          2          1          1        932          1]] 
------------------------ Dataset: Apb ------------------------
shape: (19, 1), dtype: uint16
Data:[[54]
 [55]
 [54]
 [56]
 [46]
 [52]
 [52]
 [54]
 [51]
 [48]
 [57]
 [57]
 [57]
 [57]
 [57]
 [57]
 [57]
 [45]
 [49]] 
------------------------ Dataset: Apc ------------------------
shape: (39, 1), dtype: uint16
Data:[[54]
 [50]
 [56]
 [49]
 [46]
 [50]
 [51]
 [52]
 [54]
 [55]
 [51]
 [57]
 [57]
 [57]
 [57]
 [57]
 [57]
 [45]
 [48]
 [32]
 [54]
 [50]
 [56]
 [49]
 [46]
 [50]
 [49]
 [55]
 [56]
 [48]
 [52]
 [57]
 [57]
 [57]
 [57]
 [57]
 [57]
 [45]
 [49]] 
------------------------ Dataset: Apd ------------------------
shape: (27, 1), dtype: uint16
Data:[[54]
 [50]
 [57]
 [55]
 [46]
 [48]
 [48]
 [54]
 [49]
 [56]
 [57]
 [45]
 [48]
 [32]
 [54]
 [50]
 [57]
 [55]
 [46]
 [48]
 [48]
 [50]
 [48]
 [55]
 [49]
 [45]
 [49]] 
------------------------ Dataset: Ape ------------------------
shape: (27, 1), dtype: uint16
Data:[[54]
 [51]
 [49]
 [50]
 [46]
 [56]
 [54]
 [57]
 [56]
 [50]
 [53]
 [45]
 [48]
 [32]
 [54]
 [51]
 [49]
 [50]
 [46]
 [56]
 [55]
 [51]
 [56]
 [55]
 [55]
 [45]
 [49]] 
------------------------ Dataset: Apf ------------------------
shape: (40, 1), dtype: uint16
Data:[[54]
 [51]
 [50]
 [56]
 [46]
 [55]
 [49]
 [55]
 [57]
 [54]
 [53]
 [57]
 [57]
 [57]
 [57]
 [57]
 [57]
 [45]
 [48]
 [32]
 [54]
 [51]
 [50]
 [56]
 [46]
 [55]
 [49]
 [52]
 [48]
 [50]
 [50]
 [57]
 [57]
 [57]
 [57]
 [57]
 [57]
 [53]
 [45]
 [49]] 
------------------------ Dataset: Apg ------------------------
shape: (13, 1), dtype: uint16
Data:[[54]
 [51]
 [52]
 [52]
 [46]
 [53]
 [51]
 [53]
 [51]
 [57]
 [53]
 [45]
 [48]] 
------------------------ Dataset: Aph ------------------------
shape: (27, 1), dtype: uint16
Data:[[54]
 [53]
 [48]
 [57]
 [46]
 [54]
 [51]
 [52]
 [48]
 [49]
 [51]
 [45]
 [48]
 [32]
 [54]
 [53]
 [48]
 [57]
 [46]
 [54]
 [51]
 [55]
 [57]
 [57]
 [49]
 [45]
 [49]] 
------------------------ Dataset: Api ------------------------
shape: (33, 1), dtype: uint16
Data:[[54]
 [53]
 [50]
 [53]
 [46]
 [52]
 [52]
 [50]
 [48]
 [55]
 [50]
 [57]
 [57]
 [57]
 [57]
 [57]
 [57]
 [45]
 [48]
 [32]
 [54]
 [53]
 [50]
 [53]
 [46]
 [52]
 [51]
 [56]
 [48]
 [51]
 [54]
 [45]
 [49]] 
------------------------ Dataset: Apj ------------------------
shape: (34, 1), dtype: uint16
Data:[[54]
 [48]
 [50]
 [49]
 [46]
 [48]
 [52]
 [53]
 [56]
 [49]
 [52]
 [57]
 [57]
 [57]
 [57]
 [57]
 [57]
 [53]
 [45]
 [48]
 [32]
 [54]
 [48]
 [50]
 [49]
 [46]
 [48]
 [52]
 [49]
 [56]
 [49]
 [54]
 [45]
 [49]] 
------------------------ Dataset: Apk ------------------------
shape: (26, 1), dtype: uint16
Data:[[54]
 [48]
 [51]
 [54]
 [46]
 [56]
 [50]
 [53]
 [55]
 [56]
 [52]
 [45]
 [48]
 [32]
 [54]
 [48]
 [51]
 [54]
 [46]
 [56]
 [50]
 [53]
 [55]
 [56]
 [45]
 [49]] 
------------------------ Dataset: Apl ------------------------
shape: (40, 1), dtype: uint16
Data:[[54]
 [48]
 [53]
 [50]
 [46]
 [52]
 [52]
 [57]
 [55]
 [55]
 [53]
 [57]
 [57]
 [57]
 [57]
 [57]
 [57]
 [53]
 [45]
 [48]
 [32]
 [54]
 [48]
 [53]
 [50]
 [46]
 [52]
 [52]
 [54]
 [51]
 [56]
 [55]
 [57]
 [57]
 [57]
 [57]
 [57]
 [57]
 [45]
 [49]] 
------------------------ Dataset: Apm ------------------------
shape: (27, 1), dtype: uint16
Data:[[54]
 [48]
 [54]
 [56]
 [46]
 [51]
 [53]
 [49]
 [54]
 [57]
 [57]
 [45]
 [48]
 [32]
 [54]
 [48]
 [54]
 [56]
 [46]
 [51]
 [53]
 [56]
 [55]
 [52]
 [51]
 [45]
 [49]] 
------------------------ Dataset: Apn ------------------------
shape: (40, 1), dtype: uint16
Data:[[54]
 [48]
 [56]
 [52]
 [46]
 [50]
 [56]
 [50]
 [48]
 [51]
 [55]
 [57]
 [57]
 [57]
 [57]
 [57]
 [57]
 [45]
 [48]
 [32]
 [54]
 [48]
 [56]
 [52]
 [46]
 [50]
 [56]
 [53]
 [57]
 [52]
 [49]
 [57]
 [57]
 [57]
 [57]
 [57]
 [57]
 [53]
 [45]
 [49]] 
------------------------ Dataset: Apo ------------------------
shape: (33, 1), dtype: uint16
Data:[[53]
 [54]
 [52]
 [52]
 [46]
 [57]
 [54]
 [49]
 [54]
 [55]
 [51]
 [45]
 [48]
 [32]
 [53]
 [54]
 [52]
 [52]
 [46]
 [57]
 [54]
 [53]
 [54]
 [49]
 [55]
 [57]
 [57]
 [57]
 [57]
 [57]
 [57]
 [45]
 [49]] 
------------------------ Dataset: App ------------------------
shape: (33, 1), dtype: uint16
Data:[[53]
 [54]
 [54]
 [48]
 [46]
 [55]
 [49]
 [51]
 [54]
 [57]
 [49]
 [57]
 [57]
 [57]
 [57]
 [57]
 [57]
 [45]
 [48]
 [32]
 [53]
 [54]
 [54]
 [48]
 [46]
 [55]
 [48]
 [57]
 [56]
 [50]
 [56]
 [45]
 [49]] 
------------------------ Dataset: Apq ------------------------
shape: (26, 1), dtype: uint16
Data:[[53]
 [54]
 [55]
 [54]
 [46]
 [52]
 [48]
 [53]
 [55]
 [48]
 [57]
 [45]
 [48]
 [32]
 [53]
 [54]
 [55]
 [54]
 [46]
 [52]
 [49]
 [51]
 [53]
 [54]
 [45]
 [49]] 
------------------------ Dataset: Apr ------------------------
shape: (27, 1), dtype: uint16
Data:[[53]
 [54]
 [57]
 [50]
 [46]
 [49]
 [57]
 [49]
 [53]
 [56]
 [57]
 [45]
 [48]
 [32]
 [53]
 [54]
 [57]
 [50]
 [46]
 [50]
 [48]
 [48]
 [55]
 [55]
 [54]
 [45]
 [49]] 
------------------------ Dataset: Aps ------------------------
shape: (33, 1), dtype: uint16
Data:[[54]
 [52]
 [49]
 [53]
 [46]
 [53]
 [48]
 [48]
 [51]
 [57]
 [55]
 [45]
 [48]
 [32]
 [54]
 [52]
 [49]
 [53]
 [46]
 [53]
 [48]
 [48]
 [49]
 [53]
 [51]
 [57]
 [57]
 [57]
 [57]
 [57]
 [57]
 [45]
 [49]] 
------------------------ Dataset: Apt ------------------------
shape: (33, 1), dtype: uint16
Data:[[54]
 [54]
 [48]
 [55]
 [46]
 [53]
 [53]
 [57]
 [51]
 [53]
 [49]
 [57]
 [57]
 [57]
 [57]
 [57]
 [57]
 [45]
 [48]
 [32]
 [54]
 [54]
 [48]
 [55]
 [46]
 [53]
 [53]
 [52]
 [49]
 [50]
 [49]
 [45]
 [49]] 
------------------------ Dataset: Apu ------------------------
shape: (33, 1), dtype: uint16
Data:[[54]
 [54]
 [50]
 [51]
 [46]
 [53]
 [48]
 [54]
 [50]
 [53]
 [52]
 [45]
 [48]
 [32]
 [54]
 [54]
 [50]
 [51]
 [46]
 [53]
 [48]
 [52]
 [49]
 [57]
 [54]
 [57]
 [57]
 [57]
 [57]
 [57]
 [57]
 [45]
 [49]] 
------------------------ Dataset: Apv ------------------------
shape: (34, 1), dtype: uint16
Data:[[54]
 [54]
 [51]
 [57]
 [46]
 [51]
 [51]
 [52]
 [56]
 [52]
 [55]
 [57]
 [57]
 [57]
 [57]
 [57]
 [57]
 [53]
 [45]
 [48]
 [32]
 [54]
 [54]
 [51]
 [57]
 [46]
 [51]
 [51]
 [56]
 [50]
 [54]
 [52]
 [45]
 [49]] 
------------------------ Dataset: Apw ------------------------
shape: (33, 1), dtype: uint16
Data:[[54]
 [54]
 [53]
 [52]
 [46]
 [57]
 [53]
 [48]
 [48]
 [53]
 [51]
 [45]
 [48]
 [32]
 [54]
 [54]
 [53]
 [52]
 [46]
 [57]
 [53]
 [52]
 [48]
 [56]
 [52]
 [57]
 [57]
 [57]
 [57]
 [57]
 [57]
 [45]
 [49]] 
------------------------ Dataset: Apx ------------------------
shape: (33, 1), dtype: uint16
Data:[[54]
 [54]
 [55]
 [48]
 [46]
 [56]
 [53]
 [52]
 [49]
 [50]
 [48]
 [57]
 [57]
 [57]
 [57]
 [57]
 [57]
 [45]
 [48]
 [32]
 [54]
 [54]
 [55]
 [48]
 [46]
 [56]
 [53]
 [48]
 [50]
 [51]
 [53]
 [45]
 [49]] 
------------------------ Dataset: Apy ------------------------
shape: (34, 1), dtype: uint16
Data:[[54]
 [54]
 [56]
 [54]
 [46]
 [55]
 [53]
 [48]
 [48]
 [50]
 [52]
 [45]
 [48]
 [32]
 [54]
 [54]
 [56]
 [54]
 [46]
 [55]
 [53]
 [52]
 [48]
 [55]
 [51]
 [57]
 [57]
 [57]
 [57]
 [57]
 [57]
 [53]
 [45]
 [49]] 
------------------------ Dataset: Apz ------------------------
shape: (27, 1), dtype: uint16
Data:[[53]
 [57]
 [48]
 [52]
 [46]
 [54]
 [54]
 [53]
 [55]
 [53]
 [49]
 [45]
 [48]
 [32]
 [53]
 [57]
 [48]
 [52]
 [46]
 [54]
 [55]
 [49]
 [48]
 [52]
 [49]
 [45]
 [49]] 
------------------------ Dataset: Aq ------------------------

shape: (1, 6), dtype: uint32
Data:[[3707764736          2          1          1        933          1]] 
------------------------ Dataset: Bpb ------------------------
shape: (19, 1), dtype: uint16
Data:[[54]
 [55]
 [54]
 [56]
 [46]
 [52]
 [53]
 [48]
 [49]
 [49]
 [54]
 [57]
 [57]
 [57]
 [57]
 [57]
 [57]
 [45]
 [48]] 
------------------------ Dataset: Bpc ------------------------
shape: (33, 1), dtype: uint16
Data:[[54]
 [50]
 [56]
 [49]
 [46]
 [50]
 [51]
 [52]
 [54]
 [55]
 [51]
 [57]
 [57]
 [57]
 [57]
 [57]
 [57]
 [45]
 [48]
 [32]
 [54]
 [50]
 [56]
 [49]
 [46]
 [50]
 [50]
 [53]
 [56]
 [49]
 [50]
 [45]
 [49]] 
------------------------ Dataset: Bpd ------------------------
shape: (27, 1), dtype: uint16
Data:[[54]
 [50]
 [57]
 [55]
 [46]
 [48]
 [48]
 [54]
 [49]
 [56]
 [57]
 [45]
 [48]
 [32]
 [54]
 [50]
 [57]
 [55]
 [46]
 [48]
 [49]
 [48]
 [52]
 [52]
 [55]
 [45]
 [49]] 
------------------------ Dataset: Bpe ------------------------
shape: (33, 1), dtype: uint16
Data:[[54]
 [51]
 [49]
 [50]
 [46]
 [56]
 [55]
 [55]
 [56]
 [54]
 [49]
 [57]
 [57]
 [57]
 [57]
 [57]
 [57]
 [45]
 [48]
 [32]
 [54]
 [51]
 [49]
 [50]
 [46]
 [56]
 [55]
 [51]
 [56]
 [55]
 [55]
 [45]
 [49]] 
------------------------ Dataset: Bpf ------------------------
shape: (33, 1), dtype: uint16
Data:[[54]
 [51]
 [50]
 [56]
 [46]
 [55]
 [49]
 [55]
 [57]
 [54]
 [53]
 [57]
 [57]
 [57]
 [57]
 [57]
 [57]
 [45]
 [48]
 [32]
 [54]
 [51]
 [50]
 [56]
 [46]
 [55]
 [50]
 [49]
 [56]
 [52]
 [53]
 [45]
 [49]] 
------------------------ Dataset: Bpg ------------------------
shape: (13, 1), dtype: uint16
Data:[[54]
 [51]
 [52]
 [52]
 [46]
 [53]
 [51]
 [56]
 [49]
 [54]
 [56]
 [45]
 [49]] 
------------------------ Dataset: Bph ------------------------
shape: (33, 1), dtype: uint16
Data:[[54]
 [53]
 [48]
 [57]
 [46]
 [54]
 [52]
 [49]
 [57]
 [55]
 [49]
 [57]
 [57]
 [57]
 [57]
 [57]
 [57]
 [45]
 [48]
 [32]
 [54]
 [53]
 [48]
 [57]
 [46]
 [54]
 [51]
 [55]
 [57]
 [57]
 [49]
 [45]
 [49]] 
------------------------ Dataset: Bpi ------------------------
shape: (33, 1), dtype: uint16
Data:[[54]
 [53]
 [50]
 [53]
 [46]
 [52]
 [52]
 [50]
 [48]
 [55]
 [50]
 [57]
 [57]
 [57]
 [57]
 [57]
 [57]
 [45]
 [48]
 [32]
 [54]
 [53]
 [50]
 [53]
 [46]
 [52]
 [52]
 [54]
 [48]
 [50]
 [54]
 [45]
 [49]] 
------------------------ Dataset: Bpj ------------------------
shape: (34, 1), dtype: uint16
Data:[[54]
 [48]
 [50]
 [49]
 [46]
 [48]
 [52]
 [53]
 [56]
 [49]
 [52]
 [57]
 [57]
 [57]
 [57]
 [57]
 [57]
 [53]
 [45]
 [48]
 [32]
 [54]
 [48]
 [50]
 [49]
 [46]
 [48]
 [52]
 [57]
 [55]
 [57]
 [56]
 [45]
 [49]] 
------------------------ Dataset: Bpk ------------------------
shape: (27, 1), dtype: uint16
Data:[[54]
 [48]
 [51]
 [54]
 [46]
 [56]
 [50]
 [53]
 [55]
 [56]
 [52]
 [45]
 [48]
 [32]
 [54]
 [48]
 [51]
 [54]
 [46]
 [56]
 [51]
 [52]
 [48]
 [49]
 [54]
 [45]
 [49]] 
------------------------ Dataset: Bpl ------------------------
shape: (40, 1), dtype: uint16
Data:[[54]
 [48]
 [53]
 [50]
 [46]
 [52]
 [52]
 [57]
 [55]
 [55]
 [53]
 [57]
 [57]
 [57]
 [57]
 [57]
 [57]
 [53]
 [45]
 [48]
 [32]
 [54]
 [48]
 [53]
 [50]
 [46]
 [52]
 [53]
 [51]
 [55]
 [55]
 [50]
 [57]
 [57]
 [57]
 [57]
 [57]
 [57]
 [45]
 [49]] 
------------------------ Dataset: Bpm ------------------------
shape: (27, 1), dtype: uint16
Data:[[54]
 [48]
 [54]
 [56]
 [46]
 [51]
 [54]
 [54]
 [53]
 [51]
 [57]
 [45]
 [48]
 [32]
 [54]
 [48]
 [54]
 [56]
 [46]
 [51]
 [53]
 [56]
 [55]
 [52]
 [51]
 [45]
 [49]] 
------------------------ Dataset: Bpn ------------------------
shape: (34, 1), dtype: uint16
Data:[[54]
 [48]
 [56]
 [52]
 [46]
 [50]
 [57]
 [48]
 [48]
 [55]
 [51]
 [45]
 [48]
 [32]
 [54]
 [48]
 [56]
 [52]
 [46]
 [50]
 [56]
 [53]
 [57]
 [52]
 [49]
 [57]
 [57]
 [57]
 [57]
 [57]
 [57]
 [53]
 [45]
 [49]] 
------------------------ Dataset: Bpo ------------------------
shape: (33, 1), dtype: uint16
Data:[[53]
 [54]
 [52]
 [52]
 [46]
 [57]
 [54]
 [57]
 [56]
 [54]
 [52]
 [45]
 [48]
 [32]
 [53]
 [54]
 [52]
 [52]
 [46]
 [57]
 [54]
 [53]
 [54]
 [49]
 [55]
 [57]
 [57]
 [57]
 [57]
 [57]
 [57]
 [45]
 [49]] 
------------------------ Dataset: Bpp ------------------------
shape: (39, 1), dtype: uint16
Data:[[53]
 [54]
 [54]
 [48]
 [46]
 [55]
 [49]
 [51]
 [54]
 [57]
 [49]
 [57]
 [57]
 [57]
 [57]
 [57]
 [57]
 [45]
 [48]
 [32]
 [53]
 [54]
 [54]
 [48]
 [46]
 [55]
 [49]
 [55]
 [54]
 [56]
 [54]
 [57]
 [57]
 [57]
 [57]
 [57]
 [57]
 [45]
 [49]] 
------------------------ Dataset: Bpq ------------------------
shape: (26, 1), dtype: uint16
Data:[[53]
 [54]
 [55]
 [54]
 [46]
 [52]
 [49]
 [51]
 [53]
 [51]
 [56]
 [45]
 [48]
 [32]
 [53]
 [54]
 [55]
 [54]
 [46]
 [52]
 [49]
 [51]
 [53]
 [54]
 [45]
 [49]] 
------------------------ Dataset: Bpr ------------------------
shape: (27, 1), dtype: uint16
Data:[[53]
 [54]
 [57]
 [50]
 [46]
 [50]
 [48]
 [51]
 [48]
 [52]
 [57]
 [45]
 [48]
 [32]
 [53]
 [54]
 [57]
 [50]
 [46]
 [50]
 [48]
 [48]
 [55]
 [55]
 [54]
 [45]
 [49]] 
------------------------ Dataset: Bps ------------------------
shape: (27, 1), dtype: uint16
Data:[[54]
 [52]
 [49]
 [53]
 [46]
 [53]
 [48]
 [48]
 [51]
 [57]
 [55]
 [45]
 [48]
 [32]
 [54]
 [52]
 [49]
 [53]
 [46]
 [53]
 [48]
 [51]
 [56]
 [49]
 [49]
 [45]
 [49]] 
------------------------ Dataset: Bpt ------------------------
shape: (19, 1), dtype: uint16
Data:[[54]
 [54]
 [48]
 [55]
 [46]
 [53]
 [53]
 [57]
 [51]
 [53]
 [49]
 [57]
 [57]
 [57]
 [57]
 [57]
 [57]
 [45]
 [48]] 
------------------------ Dataset: Bpu ------------------------
shape: (27, 1), dtype: uint16
Data:[[54]
 [54]
 [50]
 [51]
 [46]
 [53]
 [48]
 [54]
 [50]
 [53]
 [52]
 [45]
 [48]
 [32]
 [54]
 [54]
 [50]
 [51]
 [46]
 [53]
 [49]
 [48]
 [48]
 [54]
 [56]
 [45]
 [49]] 
------------------------ Dataset: Bpv ------------------------
shape: (33, 1), dtype: uint16
Data:[[54]
 [54]
 [51]
 [57]
 [46]
 [51]
 [52]
 [50]
 [49]
 [50]
 [50]
 [57]
 [57]
 [57]
 [57]
 [57]
 [57]
 [45]
 [48]
 [32]
 [54]
 [54]
 [51]
 [57]
 [46]
 [51]
 [51]
 [56]
 [50]
 [54]
 [52]
 [45]
 [49]] 
------------------------ Dataset: Bpw ------------------------
shape: (40, 1), dtype: uint16
Data:[[54]
 [54]
 [53]
 [52]
 [46]
 [57]
 [53]
 [56]
 [49]
 [52]
 [57]
 [57]
 [57]
 [57]
 [57]
 [57]
 [57]
 [53]
 [45]
 [48]
 [32]
 [54]
 [54]
 [53]
 [52]
 [46]
 [57]
 [53]
 [52]
 [48]
 [56]
 [52]
 [57]
 [57]
 [57]
 [57]
 [57]
 [57]
 [45]
 [49]] 
------------------------ Dataset: Bpx ------------------------
shape: (33, 1), dtype: uint16
Data:[[54]
 [54]
 [55]
 [48]
 [46]
 [56]
 [53]
 [52]
 [49]
 [50]
 [48]
 [57]
 [57]
 [57]
 [57]
 [57]
 [57]
 [45]
 [48]
 [32]
 [54]
 [54]
 [55]
 [48]
 [46]
 [56]
 [53]
 [56]
 [49]
 [52]
 [54]
 [45]
 [49]] 
------------------------ Dataset: Bpy ------------------------
shape: (41, 1), dtype: uint16
Data:[[54]
 [54]
 [56]
 [54]
 [46]
 [55]
 [53]
 [56]
 [50]
 [57]
 [49]
 [57]
 [57]
 [57]
 [57]
 [57]
 [57]
 [53]
 [45]
 [48]
 [32]
 [54]
 [54]
 [56]
 [54]
 [46]
 [55]
 [53]
 [52]
 [48]
 [55]
 [51]
 [57]
 [57]
 [57]
 [57]
 [57]
 [57]
 [53]
 [45]
 [49]] 
------------------------ Dataset: Bpz ------------------------
shape: (27, 1), dtype: uint16
Data:[[53]
 [57]
 [48]
 [52]
 [46]
 [54]
 [55]
 [53]
 [51]
 [55]
 [55]
 [45]
 [48]
 [32]
 [53]
 [57]
 [48]
 [52]
 [46]
 [54]
 [55]
 [49]
 [48]
 [52]
 [49]
 [45]
 [49]] 
------------------------ Dataset: Bq ------------------------

shape: (1, 6), dtype: uint32
Data:[[3707764736          2          1          1        934          1]] 
------------------------ Dataset: Cpb ------------------------
shape: (20, 1), dtype: uint16
Data:[[54]
 [55]
 [54]
 [56]
 [46]
 [52]
 [53]
 [52]
 [50]
 [55]
 [53]
 [57]
 [57]
 [57]
 [57]
 [57]
 [57]
 [53]
 [45]
 [49]] 
------------------------ Dataset: Cpc ------------------------
shape: (33, 1), dtype: uint16
Data:[[54]
 [50]
 [56]
 [49]
 [46]
 [50]
 [51]
 [52]
 [54]
 [55]
 [51]
 [57]
 [57]
 [57]
 [57]
 [57]
 [57]
 [45]
 [48]
 [32]
 [54]
 [50]
 [56]
 [49]
 [46]
 [50]
 [51]
 [53]
 [48]
 [50]
 [53]
 [45]
 [49]] 
------------------------ Dataset: Cpd ------------------------
shape: (27, 1), dtype: uint16
Data:[[54]
 [50]
 [57]
 [55]
 [46]
 [48]
 [49]
 [51]
 [57]
 [53]
 [51]
 [45]
 [48]
 [32]
 [54]
 [50]
 [57]
 [55]
 [46]
 [48]
 [49]
 [48]
 [52]
 [52]
 [55]
 [45]
 [49]] 
------------------------ Dataset: Cpe ------------------------
shape: (33, 1), dtype: uint16
Data:[[54]
 [51]
 [49]
 [50]
 [46]
 [56]
 [55]
 [55]
 [56]
 [54]
 [49]
 [57]
 [57]
 [57]
 [57]
 [57]
 [57]
 [45]
 [48]
 [32]
 [54]
 [51]
 [49]
 [50]
 [46]
 [56]
 [56]
 [49]
 [57]
 [51]
 [51]
 [45]
 [49]] 
------------------------ Dataset: Cpf ------------------------
shape: (27, 1), dtype: uint16
Data:[[54]
 [51]
 [50]
 [56]
 [46]
 [55]
 [50]
 [53]
 [56]
 [55]
 [50]
 [45]
 [48]
 [32]
 [54]
 [51]
 [50]
 [56]
 [46]
 [55]
 [50]
 [49]
 [56]
 [52]
 [53]
 [45]
 [49]] 
------------------------ Dataset: Cpg ------------------------
shape: (19, 1), dtype: uint16
Data:[[54]
 [51]
 [52]
 [52]
 [46]
 [53]
 [52]
 [50]
 [49]
 [50]
 [53]
 [57]
 [57]
 [57]
 [57]
 [57]
 [57]
 [45]
 [48]] 
------------------------ Dataset: Cph ------------------------
shape: (33, 1), dtype: uint16
Data:[[54]
 [53]
 [48]
 [57]
 [46]
 [54]
 [52]
 [49]
 [57]
 [55]
 [49]
 [57]
 [57]
 [57]
 [57]
 [57]
 [57]
 [45]
 [48]
 [32]
 [54]
 [53]
 [48]
 [57]
 [46]
 [54]
 [52]
 [54]
 [48]
 [49]
 [55]
 [45]
 [49]] 
------------------------ Dataset: Cpi ------------------------
shape: (27, 1), dtype: uint16
Data:[[54]
 [53]
 [50]
 [53]
 [46]
 [52]
 [52]
 [57]
 [57]
 [56]
 [57]
 [45]
 [48]
 [32]
 [54]
 [53]
 [50]
 [53]
 [46]
 [52]
 [52]
 [54]
 [48]
 [50]
 [54]
 [45]
 [49]] 
------------------------ Dataset: Cpj ------------------------
shape: (27, 1), dtype: uint16
Data:[[54]
 [48]
 [50]
 [49]
 [46]
 [48]
 [53]
 [51]
 [56]
 [48]
 [53]
 [45]
 [48]
 [32]
 [54]
 [48]
 [50]
 [49]
 [46]
 [48]
 [52]
 [57]
 [55]
 [57]
 [56]
 [45]
 [49]] 
------------------------ Dataset: Cpk ------------------------
shape: (27, 1), dtype: uint16
Data:[[54]
 [48]
 [51]
 [54]
 [46]
 [56]
 [51]
 [52]
 [48]
 [49]
 [49]
 [45]
 [48]
 [32]
 [54]
 [48]
 [51]
 [54]
 [46]
 [56]
 [51]
 [52]
 [48]
 [49]
 [54]
 [45]
 [49]] 
------------------------ Dataset: Cpl ------------------------
shape: (40, 1), dtype: uint16
Data:[[54]
 [48]
 [53]
 [50]
 [46]
 [52]
 [53]
 [55]
 [55]
 [56]
 [57]
 [57]
 [57]
 [57]
 [57]
 [57]
 [57]
 [53]
 [45]
 [48]
 [32]
 [54]
 [48]
 [53]
 [50]
 [46]
 [52]
 [53]
 [51]
 [55]
 [55]
 [50]
 [57]
 [57]
 [57]
 [57]
 [57]
 [57]
 [45]
 [49]] 
------------------------ Dataset: Cpm ------------------------
shape: (27, 1), dtype: uint16
Data:[[54]
 [48]
 [54]
 [56]
 [46]
 [51]
 [54]
 [54]
 [53]
 [51]
 [57]
 [45]
 [48]
 [32]
 [54]
 [48]
 [54]
 [56]
 [46]
 [51]
 [54]
 [56]
 [57]
 [49]
 [55]
 [45]
 [49]] 
------------------------ Dataset: Cpn ------------------------
shape: (27, 1), dtype: uint16
Data:[[54]
 [48]
 [56]
 [52]
 [46]
 [50]
 [57]
 [48]
 [48]
 [55]
 [51]
 [45]
 [48]
 [32]
 [54]
 [48]
 [56]
 [52]
 [46]
 [50]
 [57]
 [51]
 [57]
 [56]
 [55]
 [45]
 [49]] 
------------------------ Dataset: Cpo ------------------------
shape: (27, 1), dtype: uint16
Data:[[53]
 [54]
 [52]
 [52]
 [46]
 [57]
 [54]
 [57]
 [56]
 [54]
 [52]
 [45]
 [48]
 [32]
 [53]
 [54]
 [52]
 [52]
 [46]
 [57]
 [55]
 [51]
 [54]
 [49]
 [55]
 [45]
 [49]] 
------------------------ Dataset: Cpp ------------------------
shape: (39, 1), dtype: uint16
Data:[[53]
 [54]
 [54]
 [48]
 [46]
 [55]
 [50]
 [49]
 [54]
 [56]
 [54]
 [57]
 [57]
 [57]
 [57]
 [57]
 [57]
 [45]
 [48]
 [32]
 [53]
 [54]
 [54]
 [48]
 [46]
 [55]
 [49]
 [55]
 [54]
 [56]
 [54]
 [57]
 [57]
 [57]
 [57]
 [57]
 [57]
 [45]
 [49]] 
------------------------ Dataset: Cpq ------------------------
shape: (32, 1), dtype: uint16
Data:[[53]
 [54]
 [55]
 [54]
 [46]
 [52]
 [50]
 [50]
 [50]
 [57]
 [49]
 [57]
 [57]
 [57]
 [57]
 [57]
 [57]
 [45]
 [48]
 [32]
 [53]
 [54]
 [55]
 [54]
 [46]
 [52]
 [49]
 [51]
 [53]
 [54]
 [45]
 [49]] 
------------------------ Dataset: Cpr ------------------------
shape: (33, 1), dtype: uint16
Data:[[53]
 [54]
 [57]
 [50]
 [46]
 [50]
 [48]
 [51]
 [48]
 [52]
 [57]
 [45]
 [48]
 [32]
 [53]
 [54]
 [57]
 [50]
 [46]
 [50]
 [48]
 [57]
 [48]
 [56]
 [49]
 [57]
 [57]
 [57]
 [57]
 [57]
 [57]
 [45]
 [49]] 
------------------------ Dataset: Cps ------------------------
shape: (27, 1), dtype: uint16
Data:[[54]
 [52]
 [49]
 [53]
 [46]
 [53]
 [48]
 [53]
 [56]
 [57]
 [57]
 [45]
 [48]
 [32]
 [54]
 [52]
 [49]
 [53]
 [46]
 [53]
 [48]
 [51]
 [56]
 [49]
 [49]
 [45]
 [49]] 
------------------------ Dataset: Cpt ------------------------
shape: (27, 1), dtype: uint16
Data:[[54]
 [54]
 [48]
 [55]
 [46]
 [53]
 [56]
 [55]
 [48]
 [56]
 [52]
 [45]
 [48]
 [32]
 [54]
 [54]
 [48]
 [55]
 [46]
 [53]
 [56]
 [54]
 [53]
 [54]
 [54]
 [45]
 [49]] 
------------------------ Dataset: Cpu ------------------------
shape: (27, 1), dtype: uint16
Data:[[54]
 [54]
 [50]
 [51]
 [46]
 [53]
 [49]
 [51]
 [57]
 [56]
 [51]
 [45]
 [48]
 [32]
 [54]
 [54]
 [50]
 [51]
 [46]
 [53]
 [49]
 [48]
 [48]
 [54]
 [56]
 [45]
 [49]] 
------------------------ Dataset: Cpv ------------------------
shape: (39, 1), dtype: uint16
Data:[[54]
 [54]
 [51]
 [57]
 [46]
 [51]
 [52]
 [50]
 [49]
 [50]
 [50]
 [57]
 [57]
 [57]
 [57]
 [57]
 [57]
 [45]
 [48]
 [32]
 [54]
 [54]
 [51]
 [57]
 [46]
 [51]
 [53]
 [48]
 [50]
 [56]
 [49]
 [57]
 [57]
 [57]
 [57]
 [57]
 [57]
 [45]
 [49]] 
------------------------ Dataset: Cpw ------------------------
shape: (34, 1), dtype: uint16
Data:[[54]
 [54]
 [53]
 [52]
 [46]
 [57]
 [53]
 [56]
 [49]
 [52]
 [57]
 [57]
 [57]
 [57]
 [57]
 [57]
 [57]
 [53]
 [45]
 [48]
 [32]
 [54]
 [54]
 [53]
 [52]
 [46]
 [57]
 [54]
 [50]
 [49]
 [50]
 [50]
 [45]
 [49]] 
------------------------ Dataset: Cpx ------------------------
shape: (27, 1), dtype: uint16
Data:[[54]
 [54]
 [55]
 [48]
 [46]
 [56]
 [54]
 [50]
 [48]
 [57]
 [49]
 [45]
 [48]
 [32]
 [54]
 [54]
 [55]
 [48]
 [46]
 [56]
 [53]
 [56]
 [49]
 [52]
 [54]
 [45]
 [49]] 
------------------------ Dataset: Cpy ------------------------
shape: (40, 1), dtype: uint16
Data:[[54]
 [54]
 [56]
 [54]
 [46]
 [55]
 [53]
 [56]
 [50]
 [57]
 [49]
 [57]
 [57]
 [57]
 [57]
 [57]
 [57]
 [53]
 [45]
 [48]
 [32]
 [54]
 [54]
 [56]
 [54]
 [46]
 [55]
 [54]
 [50]
 [49]
 [56]
 [54]
 [57]
 [57]
 [57]
 [57]
 [57]
 [57]
 [45]
 [49]] 
------------------------ Dataset: Cpz ------------------------
shape: (27, 1), dtype: uint16
Data:[[53]
 [57]
 [48]
 [52]
 [46]
 [54]
 [55]
 [53]
 [51]
 [55]
 [55]
 [45]
 [48]
 [32]
 [53]
 [57]
 [48]
 [52]
 [46]
 [54]
 [56]
 [48]
 [50]
 [51]
 [51]
 [45]
 [49]] 
------------------------ Dataset: Cq ------------------------

shape: (1, 6), dtype: uint32
Data:[[3707764736          2          1          1        935          1]] 
------------------------ Dataset: Dpb ------------------------
shape: (13, 1), dtype: uint16
Data:[[54]
 [55]
 [54]
 [56]
 [46]
 [52]
 [53]
 [56]
 [55]
 [57]
 [51]
 [45]
 [48]] 
------------------------ Dataset: Dpc ------------------------
shape: (27, 1), dtype: uint16
Data:[[54]
 [50]
 [56]
 [49]
 [46]
 [50]
 [51]
 [56]
 [50]
 [53]
 [50]
 [45]
 [48]
 [32]
 [54]
 [50]
 [56]
 [49]
 [46]
 [50]
 [51]
 [53]
 [48]
 [50]
 [53]
 [45]
 [49]] 
------------------------ Dataset: Dpd ------------------------
shape: (33, 1), dtype: uint16
Data:[[54]
 [50]
 [57]
 [55]
 [46]
 [48]
 [49]
 [51]
 [57]
 [53]
 [51]
 [45]
 [48]
 [32]
 [54]
 [50]
 [57]
 [55]
 [46]
 [48]
 [49]
 [56]
 [48]
 [53]
 [49]
 [57]
 [57]
 [57]
 [57]
 [57]
 [57]
 [45]
 [49]] 
------------------------ Dataset: Dpe ------------------------
shape: (27, 1), dtype: uint16
Data:[[54]
 [51]
 [49]
 [50]
 [46]
 [56]
 [56]
 [53]
 [56]
 [54]
 [55]
 [45]
 [48]
 [32]
 [54]
 [51]
 [49]
 [50]
 [46]
 [56]
 [56]
 [49]
 [57]
 [51]
 [51]
 [45]
 [49]] 
------------------------ Dataset: Dpf ------------------------
shape: (27, 1), dtype: uint16
Data:[[54]
 [51]
 [50]
 [56]
 [46]
 [55]
 [50]
 [53]
 [56]
 [55]
 [50]
 [45]
 [48]
 [32]
 [54]
 [51]
 [50]
 [56]
 [46]
 [55]
 [50]
 [57]
 [57]
 [57]
 [50]
 [45]
 [49]] 
------------------------ Dataset: Dpg ------------------------
shape: (13, 1), dtype: uint16
Data:[[54]
 [51]
 [52]
 [52]
 [46]
 [53]
 [52]
 [53]
 [57]
 [51]
 [50]
 [45]
 [49]] 
------------------------ Dataset: Dph ------------------------
shape: (33, 1), dtype: uint16
Data:[[54]
 [53]
 [48]
 [57]
 [46]
 [54]
 [53]
 [48]
 [48]
 [55]
 [49]
 [57]
 [57]
 [57]
 [57]
 [57]
 [57]
 [45]
 [48]
 [32]
 [54]
 [53]
 [48]
 [57]
 [46]
 [54]
 [52]
 [54]
 [48]
 [49]
 [55]
 [45]
 [49]] 
------------------------ Dataset: Dpi ------------------------
shape: (27, 1), dtype: uint16
Data:[[54]
 [53]
 [50]
 [53]
 [46]
 [52]
 [52]
 [57]
 [57]
 [56]
 [57]
 [45]
 [48]
 [32]
 [54]
 [53]
 [50]
 [53]
 [46]
 [52]
 [53]
 [51]
 [57]
 [56]
 [55]
 [45]
 [49]] 
------------------------ Dataset: Dpj ------------------------
shape: (33, 1), dtype: uint16
Data:[[54]
 [48]
 [50]
 [49]
 [46]
 [48]
 [53]
 [51]
 [56]
 [48]
 [53]
 [45]
 [48]
 [32]
 [54]
 [48]
 [50]
 [49]
 [46]
 [48]
 [53]
 [55]
 [57]
 [51]
 [56]
 [57]
 [57]
 [57]
 [57]
 [57]
 [57]
 [45]
 [49]] 
------------------------ Dataset: Dpk ------------------------
shape: (27, 1), dtype: uint16
Data:[[54]
 [48]
 [51]
 [54]
 [46]
 [56]
 [52]
 [50]
 [48]
 [54]
 [55]
 [45]
 [48]
 [32]
 [54]
 [48]
 [51]
 [54]
 [46]
 [56]
 [51]
 [52]
 [48]
 [49]
 [54]
 [45]
 [49]] 
------------------------ Dataset: Dpl ------------------------
shape: (40, 1), dtype: uint16
Data:[[54]
 [48]
 [53]
 [50]
 [46]
 [52]
 [53]
 [55]
 [55]
 [56]
 [57]
 [57]
 [57]
 [57]
 [57]
 [57]
 [57]
 [53]
 [45]
 [48]
 [32]
 [54]
 [48]
 [53]
 [50]
 [46]
 [52]
 [54]
 [49]
 [55]
 [53]
 [52]
 [57]
 [57]
 [57]
 [57]
 [57]
 [57]
 [45]
 [49]] 
------------------------ Dataset: Dpm ------------------------
shape: (33, 1), dtype: uint16
Data:[[54]
 [48]
 [54]
 [56]
 [46]
 [51]
 [55]
 [54]
 [49]
 [50]
 [51]
 [57]
 [57]
 [57]
 [57]
 [57]
 [57]
 [45]
 [48]
 [32]
 [54]
 [48]
 [54]
 [56]
 [46]
 [51]
 [54]
 [56]
 [57]
 [49]
 [55]
 [45]
 [49]] 
------------------------ Dataset: Dpn ------------------------
shape: (27, 1), dtype: uint16
Data:[[54]
 [48]
 [56]
 [52]
 [46]
 [50]
 [57]
 [55]
 [57]
 [49]
 [49]
 [45]
 [48]
 [32]
 [54]
 [48]
 [56]
 [52]
 [46]
 [50]
 [57]
 [51]
 [57]
 [56]
 [55]
 [45]
 [49]] 
------------------------ Dataset: Dpo ------------------------
shape: (27, 1), dtype: uint16
Data:[[53]
 [54]
 [52]
 [52]
 [46]
 [57]
 [55]
 [55]
 [54]
 [48]
 [49]
 [45]
 [48]
 [32]
 [53]
 [54]
 [52]
 [52]
 [46]
 [57]
 [55]
 [51]
 [54]
 [49]
 [55]
 [45]
 [49]] 
------------------------ Dataset: Dpp ------------------------
shape: (33, 1), dtype: uint16
Data:[[53]
 [54]
 [54]
 [48]
 [46]
 [55]
 [50]
 [49]
 [54]
 [56]
 [54]
 [57]
 [57]
 [57]
 [57]
 [57]
 [57]
 [45]
 [48]
 [32]
 [53]
 [54]
 [54]
 [48]
 [46]
 [55]
 [50]
 [53]
 [54]
 [48]
 [53]
 [45]
 [49]] 
------------------------ Dataset: Dpq ------------------------
shape: (33, 1), dtype: uint16
Data:[[53]
 [54]
 [55]
 [54]
 [46]
 [52]
 [50]
 [50]
 [50]
 [57]
 [49]
 [57]
 [57]
 [57]
 [57]
 [57]
 [57]
 [45]
 [48]
 [32]
 [53]
 [54]
 [55]
 [54]
 [46]
 [52]
 [50]
 [50]
 [51]
 [56]
 [51]
 [45]
 [49]] 
------------------------ Dataset: Dpr ------------------------
shape: (33, 1), dtype: uint16
Data:[[53]
 [54]
 [57]
 [50]
 [46]
 [50]
 [49]
 [48]
 [53]
 [52]
 [56]
 [45]
 [48]
 [32]
 [53]
 [54]
 [57]
 [50]
 [46]
 [50]
 [48]
 [57]
 [48]
 [56]
 [49]
 [57]
 [57]
 [57]
 [57]
 [57]
 [57]
 [45]
 [49]] 
------------------------ Dataset: Dps ------------------------
shape: (34, 1), dtype: uint16
Data:[[54]
 [52]
 [49]
 [53]
 [46]
 [53]
 [48]
 [53]
 [56]
 [57]
 [57]
 [45]
 [48]
 [32]
 [54]
 [52]
 [49]
 [53]
 [46]
 [53]
 [48]
 [56]
 [50]
 [50]
 [49]
 [57]
 [57]
 [57]
 [57]
 [57]
 [57]
 [53]
 [45]
 [49]] 
------------------------ Dataset: Dpt ------------------------
shape: (33, 1), dtype: uint16
Data:[[54]
 [54]
 [48]
 [55]
 [46]
 [53]
 [56]
 [55]
 [48]
 [56]
 [52]
 [45]
 [48]
 [32]
 [54]
 [54]
 [48]
 [55]
 [46]
 [53]
 [57]
 [50]
 [52]
 [56]
 [55]
 [57]
 [57]
 [57]
 [57]
 [57]
 [57]
 [45]
 [49]] 
------------------------ Dataset: Dpu ------------------------
shape: (27, 1), dtype: uint16
Data:[[54]
 [54]
 [50]
 [51]
 [46]
 [53]
 [49]
 [51]
 [57]
 [56]
 [51]
 [45]
 [48]
 [32]
 [54]
 [54]
 [50]
 [51]
 [46]
 [53]
 [49]
 [56]
 [48]
 [56]
 [56]
 [45]
 [49]] 
------------------------ Dataset: Dpv ------------------------
shape: (33, 1), dtype: uint16
Data:[[54]
 [54]
 [51]
 [57]
 [46]
 [51]
 [53]
 [48]
 [49]
 [48]
 [54]
 [45]
 [48]
 [32]
 [54]
 [54]
 [51]
 [57]
 [46]
 [51]
 [53]
 [48]
 [50]
 [56]
 [49]
 [57]
 [57]
 [57]
 [57]
 [57]
 [57]
 [45]
 [49]] 
------------------------ Dataset: Dpw ------------------------
shape: (27, 1), dtype: uint16
Data:[[54]
 [54]
 [53]
 [52]
 [46]
 [57]
 [55]
 [50]
 [48]
 [57]
 [55]
 [45]
 [48]
 [32]
 [54]
 [54]
 [53]
 [52]
 [46]
 [57]
 [54]
 [50]
 [49]
 [50]
 [50]
 [45]
 [49]] 
------------------------ Dataset: Dpx ------------------------
shape: (33, 1), dtype: uint16
Data:[[54]
 [54]
 [55]
 [48]
 [46]
 [56]
 [54]
 [50]
 [48]
 [57]
 [49]
 [45]
 [48]
 [32]
 [54]
 [54]
 [55]
 [48]
 [46]
 [56]
 [54]
 [54]
 [49]
 [49]
 [56]
 [57]
 [57]
 [57]
 [57]
 [57]
 [57]
 [45]
 [49]] 
------------------------ Dataset: Dpy ------------------------
shape: (33, 1), dtype: uint16
Data:[[54]
 [54]
 [56]
 [54]
 [46]
 [55]
 [54]
 [54]
 [48]
 [57]
 [55]
 [45]
 [48]
 [32]
 [54]
 [54]
 [56]
 [54]
 [46]
 [55]
 [54]
 [50]
 [49]
 [56]
 [54]
 [57]
 [57]
 [57]
 [57]
 [57]
 [57]
 [45]
 [49]] 
------------------------ Dataset: Dpz ------------------------
shape: (27, 1), dtype: uint16
Data:[[53]
 [57]
 [48]
 [52]
 [46]
 [54]
 [56]
 [52]
 [49]
 [49]
 [52]
 [45]
 [48]
 [32]
 [53]
 [57]
 [48]
 [52]
 [46]
 [54]
 [56]
 [48]
 [50]
 [51]
 [51]
 [45]
 [49]] 
------------------------ Dataset: Dq ------------------------

shape: (1, 6), dtype: uint32
Data:[[3707764736          2          1          1        936          1]] 
------------------------ Dataset: Epb ------------------------
shape: (19, 1), dtype: uint16
Data:[[54]
 [55]
 [54]
 [56]
 [46]
 [52]
 [54]
 [54]
 [54]
 [55]
 [54]
 [57]
 [57]
 [57]
 [57]
 [57]
 [57]
 [45]
 [49]] 
------------------------ Dataset: Epc ------------------------
shape: (27, 1), dtype: uint16
Data:[[54]
 [50]
 [56]
 [49]
 [46]
 [50]
 [51]
 [56]
 [50]
 [53]
 [50]
 [45]
 [48]
 [32]
 [54]
 [50]
 [56]
 [49]
 [46]
 [50]
 [52]
 [49]
 [57]
 [50]
 [57]
 [45]
 [49]] 
------------------------ Dataset: Epd ------------------------
shape: (33, 1), dtype: uint16
Data:[[54]
 [50]
 [57]
 [55]
 [46]
 [48]
 [50]
 [49]
 [57]
 [48]
 [54]
 [45]
 [48]
 [32]
 [54]
 [50]
 [57]
 [55]
 [46]
 [48]
 [49]
 [56]
 [48]
 [53]
 [49]
 [57]
 [57]
 [57]
 [57]
 [57]
 [57]
 [45]
 [49]] 
------------------------ Dataset: Epe ------------------------
shape: (27, 1), dtype: uint16
Data:[[54]
 [51]
 [49]
 [50]
 [46]
 [56]
 [56]
 [53]
 [56]
 [54]
 [55]
 [45]
 [48]
 [32]
 [54]
 [51]
 [49]
 [50]
 [46]
 [56]
 [56]
 [57]
 [56]
 [56]
 [51]
 [45]
 [49]] 
------------------------ Dataset: Epf ------------------------
shape: (27, 1), dtype: uint16
Data:[[54]
 [51]
 [50]
 [56]
 [46]
 [55]
 [51]
 [52]
 [48]
 [52]
 [52]
 [45]
 [48]
 [32]
 [54]
 [51]
 [50]
 [56]
 [46]
 [55]
 [50]
 [57]
 [57]
 [57]
 [50]
 [45]
 [49]] 
------------------------ Dataset: Epg ------------------------
shape: (13, 1), dtype: uint16
Data:[[54]
 [51]
 [52]
 [52]
 [46]
 [53]
 [52]
 [57]
 [57]
 [54]
 [57]
 [45]
 [48]] 
------------------------ Dataset: Eph ------------------------
shape: (33, 1), dtype: uint16
Data:[[54]
 [53]
 [48]
 [57]
 [46]
 [54]
 [53]
 [48]
 [48]
 [55]
 [49]
 [57]
 [57]
 [57]
 [57]
 [57]
 [57]
 [45]
 [48]
 [32]
 [54]
 [53]
 [48]
 [57]
 [46]
 [54]
 [53]
 [52]
 [48]
 [50]
 [53]
 [45]
 [49]] 
------------------------ Dataset: Epi ------------------------
shape: (27, 1), dtype: uint16
Data:[[54]
 [53]
 [50]
 [53]
 [46]
 [52]
 [53]
 [56]
 [48]
 [54]
 [53]
 [45]
 [48]
 [32]
 [54]
 [53]
 [50]
 [53]
 [46]
 [52]
 [53]
 [51]
 [57]
 [56]
 [55]
 [45]
 [49]] 
------------------------ Dataset: Epj ------------------------
shape: (33, 1), dtype: uint16
Data:[[54]
 [48]
 [50]
 [49]
 [46]
 [48]
 [54]
 [56]
 [50]
 [51]
 [51]
 [45]
 [48]
 [32]
 [54]
 [48]
 [50]
 [49]
 [46]
 [48]
 [53]
 [55]
 [57]
 [51]
 [56]
 [57]
 [57]
 [57]
 [57]
 [57]
 [57]
 [45]
 [49]] 
------------------------ Dataset: Epk ------------------------
shape: (27, 1), dtype: uint16
Data:[[54]
 [48]
 [51]
 [54]
 [46]
 [56]
 [52]
 [50]
 [48]
 [54]
 [55]
 [45]
 [48]
 [32]
 [54]
 [48]
 [51]
 [54]
 [46]
 [56]
 [52]
 [50]
 [48]
 [54]
 [55]
 [45]
 [49]] 
------------------------ Dataset: Epl ------------------------
shape: (33, 1), dtype: uint16
Data:[[54]
 [48]
 [53]
 [50]
 [46]
 [52]
 [54]
 [53]
 [55]
 [51]
 [53]
 [45]
 [48]
 [32]
 [54]
 [48]
 [53]
 [50]
 [46]
 [52]
 [54]
 [49]
 [55]
 [53]
 [52]
 [57]
 [57]
 [57]
 [57]
 [57]
 [57]
 [45]
 [49]] 
------------------------ Dataset: Epm ------------------------
shape: (32, 1), dtype: uint16
Data:[[54]
 [48]
 [54]
 [56]
 [46]
 [51]
 [55]
 [54]
 [49]
 [50]
 [51]
 [57]
 [57]
 [57]
 [57]
 [57]
 [57]
 [45]
 [48]
 [32]
 [54]
 [48]
 [54]
 [56]
 [46]
 [51]
 [55]
 [54]
 [49]
 [54]
 [45]
 [49]] 
------------------------ Dataset: Epn ------------------------
shape: (27, 1), dtype: uint16
Data:[[54]
 [48]
 [56]
 [52]
 [46]
 [50]
 [57]
 [55]
 [57]
 [49]
 [49]
 [45]
 [48]
 [32]
 [54]
 [48]
 [56]
 [52]
 [46]
 [51]
 [48]
 [50]
 [51]
 [54]
 [53]
 [45]
 [49]] 
------------------------ Dataset: Epo ------------------------
shape: (33, 1), dtype: uint16
Data:[[53]
 [54]
 [52]
 [52]
 [46]
 [57]
 [55]
 [55]
 [54]
 [48]
 [49]
 [45]
 [48]
 [32]
 [53]
 [54]
 [52]
 [52]
 [46]
 [57]
 [56]
 [49]
 [53]
 [56]
 [57]
 [57]
 [57]
 [57]
 [57]
 [57]
 [57]
 [45]
 [49]] 
------------------------ Dataset: Epp ------------------------
shape: (34, 1), dtype: uint16
Data:[[53]
 [54]
 [54]
 [48]
 [46]
 [55]
 [50]
 [57]
 [53]
 [52]
 [50]
 [57]
 [57]
 [57]
 [57]
 [57]
 [57]
 [53]
 [45]
 [48]
 [32]
 [53]
 [54]
 [54]
 [48]
 [46]
 [55]
 [50]
 [53]
 [54]
 [48]
 [53]
 [45]
 [49]] 
------------------------ Dataset: Epq ------------------------
shape: (33, 1), dtype: uint16
Data:[[53]
 [54]
 [55]
 [54]
 [46]
 [52]
 [51]
 [48]
 [57]
 [57]
 [48]
 [57]
 [57]
 [57]
 [57]
 [57]
 [57]
 [45]
 [48]
 [32]
 [53]
 [54]
 [55]
 [54]
 [46]
 [52]
 [50]
 [50]
 [51]
 [56]
 [51]
 [45]
 [49]] 
------------------------ Dataset: Epr ------------------------
shape: (33, 1), dtype: uint16
Data:[[53]
 [54]
 [57]
 [50]
 [46]
 [50]
 [49]
 [48]
 [53]
 [52]
 [56]
 [45]
 [48]
 [32]
 [53]
 [54]
 [57]
 [50]
 [46]
 [50]
 [49]
 [52]
 [53]
 [55]
 [53]
 [57]
 [57]
 [57]
 [57]
 [57]
 [57]
 [45]
 [49]] 
------------------------ Dataset: Eps ------------------------
shape: (34, 1), dtype: uint16
Data:[[54]
 [52]
 [49]
 [53]
 [46]
 [53]
 [49]
 [48]
 [50]
 [52]
 [51]
 [45]
 [48]
 [32]
 [54]
 [52]
 [49]
 [53]
 [46]
 [53]
 [48]
 [56]
 [50]
 [50]
 [49]
 [57]
 [57]
 [57]
 [57]
 [57]
 [57]
 [53]
 [45]
 [49]] 
------------------------ Dataset: Ept ------------------------
shape: (39, 1), dtype: uint16
Data:[[54]
 [54]
 [48]
 [55]
 [46]
 [53]
 [57]
 [51]
 [57]
 [54]
 [55]
 [57]
 [57]
 [57]
 [57]
 [57]
 [57]
 [45]
 [48]
 [32]
 [54]
 [54]
 [48]
 [55]
 [46]
 [53]
 [57]
 [50]
 [52]
 [56]
 [55]
 [57]
 [57]
 [57]
 [57]
 [57]
 [57]
 [45]
 [49]] 
------------------------ Dataset: Epu ------------------------
shape: (27, 1), dtype: uint16
Data:[[54]
 [54]
 [50]
 [51]
 [46]
 [53]
 [50]
 [50]
 [48]
 [52]
 [50]
 [45]
 [48]
 [32]
 [54]
 [54]
 [50]
 [51]
 [46]
 [53]
 [49]
 [56]
 [48]
 [56]
 [56]
 [45]
 [49]] 
------------------------ Dataset: Epv ------------------------
shape: (33, 1), dtype: uint16
Data:[[54]
 [54]
 [51]
 [57]
 [46]
 [51]
 [53]
 [56]
 [49]
 [48]
 [54]
 [45]
 [48]
 [32]
 [54]
 [54]
 [51]
 [57]
 [46]
 [51]
 [53]
 [48]
 [50]
 [56]
 [49]
 [57]
 [57]
 [57]
 [57]
 [57]
 [57]
 [45]
 [49]] 
------------------------ Dataset: Epw ------------------------
shape: (33, 1), dtype: uint16
Data:[[54]
 [54]
 [53]
 [52]
 [46]
 [57]
 [55]
 [50]
 [48]
 [57]
 [55]
 [45]
 [48]
 [32]
 [54]
 [54]
 [53]
 [52]
 [46]
 [57]
 [55]
 [52]
 [56]
 [50]
 [55]
 [57]
 [57]
 [57]
 [57]
 [57]
 [57]
 [45]
 [49]] 
------------------------ Dataset: Epx ------------------------
shape: (40, 1), dtype: uint16
Data:[[54]
 [54]
 [55]
 [48]
 [46]
 [56]
 [55]
 [48]
 [48]
 [57]
 [50]
 [57]
 [57]
 [57]
 [57]
 [57]
 [57]
 [53]
 [45]
 [48]
 [32]
 [54]
 [54]
 [55]
 [48]
 [46]
 [56]
 [54]
 [54]
 [49]
 [49]
 [56]
 [57]
 [57]
 [57]
 [57]
 [57]
 [57]
 [45]
 [49]] 
------------------------ Dataset: Epy ------------------------
shape: (33, 1), dtype: uint16
Data:[[54]
 [54]
 [56]
 [54]
 [46]
 [55]
 [54]
 [54]
 [48]
 [57]
 [55]
 [45]
 [48]
 [32]
 [54]
 [54]
 [56]
 [54]
 [46]
 [55]
 [55]
 [48]
 [49]
 [52]
 [49]
 [57]
 [57]
 [57]
 [57]
 [57]
 [57]
 [45]
 [49]] 
------------------------ Dataset: Epz ------------------------
shape: (33, 1), dtype: uint16
Data:[[53]
 [57]
 [48]
 [52]
 [46]
 [54]
 [56]
 [52]
 [49]
 [49]
 [52]
 [45]
 [48]
 [32]
 [53]
 [57]
 [48]
 [52]
 [46]
 [54]
 [56]
 [56]
 [57]
 [54]
 [57]
 [57]
 [57]
 [57]
 [57]
 [57]
 [57]
 [45]
 [49]] 
------------------------ Dataset: Eq ------------------------

shape: (1, 6), dtype: uint32
Data:[[3707764736          2          1          1        937          1]] 
------------------------ Dataset: Fpb ------------------------
shape: (20, 1), dtype: uint16
Data:[[54]
 [55]
 [54]
 [56]
 [46]
 [52]
 [54]
 [54]
 [55]
 [51]
 [48]
 [57]
 [57]
 [57]
 [57]
 [57]
 [57]
 [53]
 [45]
 [48]] 
------------------------ Dataset: Fpc ------------------------
shape: (27, 1), dtype: uint16
Data:[[54]
 [50]
 [56]
 [49]
 [46]
 [50]
 [52]
 [53]
 [56]
 [51]
 [53]
 [45]
 [48]
 [32]
 [54]
 [50]
 [56]
 [49]
 [46]
 [50]
 [52]
 [49]
 [57]
 [50]
 [57]
 [45]
 [49]] 
------------------------ Dataset: Fpd ------------------------
shape: (27, 1), dtype: uint16
Data:[[54]
 [50]
 [57]
 [55]
 [46]
 [48]
 [50]
 [49]
 [57]
 [48]
 [54]
 [45]
 [48]
 [32]
 [54]
 [50]
 [57]
 [55]
 [46]
 [48]
 [50]
 [54]
 [48]
 [51]
 [55]
 [45]
 [49]] 
------------------------ Dataset: Fpe ------------------------
shape: (34, 1), dtype: uint16
Data:[[54]
 [51]
 [49]
 [50]
 [46]
 [56]
 [57]
 [51]
 [56]
 [56]
 [52]
 [57]
 [57]
 [57]
 [57]
 [57]
 [57]
 [53]
 [45]
 [48]
 [32]
 [54]
 [51]
 [49]
 [50]
 [46]
 [56]
 [56]
 [57]
 [56]
 [56]
 [51]
 [45]
 [49]] 
------------------------ Dataset: Fpf ------------------------
shape: (27, 1), dtype: uint16
Data:[[54]
 [51]
 [50]
 [56]
 [46]
 [55]
 [51]
 [52]
 [48]
 [52]
 [52]
 [45]
 [48]
 [32]
 [54]
 [51]
 [50]
 [56]
 [46]
 [55]
 [51]
 [56]
 [48]
 [49]
 [56]
 [45]
 [49]] 
------------------------ Dataset: Fpg ------------------------
shape: (19, 1), dtype: uint16
Data:[[54]
 [51]
 [52]
 [52]
 [46]
 [53]
 [53]
 [51]
 [57]
 [55]
 [48]
 [57]
 [57]
 [57]
 [57]
 [57]
 [57]
 [45]
 [49]] 
------------------------ Dataset: Fph ------------------------
shape: (27, 1), dtype: uint16
Data:[[54]
 [53]
 [48]
 [57]
 [46]
 [54]
 [53]
 [56]
 [54]
 [51]
 [54]
 [45]
 [48]
 [32]
 [54]
 [53]
 [48]
 [57]
 [46]
 [54]
 [53]
 [52]
 [48]
 [50]
 [53]
 [45]
 [49]] 
------------------------ Dataset: Fpi ------------------------
shape: (27, 1), dtype: uint16
Data:[[54]
 [53]
 [50]
 [53]
 [46]
 [52]
 [53]
 [56]
 [48]
 [54]
 [53]
 [45]
 [48]
 [32]
 [54]
 [53]
 [50]
 [53]
 [46]
 [52]
 [54]
 [51]
 [54]
 [53]
 [51]
 [45]
 [49]] 
------------------------ Dataset: Fpj ------------------------
shape: (26, 1), dtype: uint16
Data:[[54]
 [48]
 [50]
 [49]
 [46]
 [48]
 [54]
 [56]
 [50]
 [51]
 [51]
 [45]
 [48]
 [32]
 [54]
 [48]
 [50]
 [49]
 [46]
 [48]
 [54]
 [56]
 [50]
 [51]
 [45]
 [49]] 
------------------------ Dataset: Fpk ------------------------
shape: (13, 1), dtype: uint16
Data:[[54]
 [48]
 [51]
 [54]
 [46]
 [56]
 [52]
 [50]
 [48]
 [54]
 [55]
 [45]
 [48]] 
------------------------ Dataset: Fpl ------------------------
shape: (33, 1), dtype: uint16
Data:[[54]
 [48]
 [53]
 [50]
 [46]
 [52]
 [54]
 [53]
 [55]
 [51]
 [53]
 [45]
 [48]
 [32]
 [54]
 [48]
 [53]
 [50]
 [46]
 [52]
 [54]
 [57]
 [57]
 [49]
 [54]
 [57]
 [57]
 [57]
 [57]
 [57]
 [57]
 [45]
 [49]] 
------------------------ Dataset: Fpm ------------------------
shape: (32, 1), dtype: uint16
Data:[[54]
 [48]
 [54]
 [56]
 [46]
 [51]
 [56]
 [52]
 [51]
 [55]
 [51]
 [57]
 [57]
 [57]
 [57]
 [57]
 [57]
 [45]
 [48]
 [32]
 [54]
 [48]
 [54]
 [56]
 [46]
 [51]
 [55]
 [54]
 [49]
 [54]
 [45]
 [49]] 
------------------------ Dataset: Fpn ------------------------
shape: (27, 1), dtype: uint16
Data:[[54]
 [48]
 [56]
 [52]
 [46]
 [51]
 [48]
 [53]
 [57]
 [56]
 [55]
 [45]
 [48]
 [32]
 [54]
 [48]
 [56]
 [52]
 [46]
 [51]
 [48]
 [50]
 [51]
 [54]
 [53]
 [45]
 [49]] 
------------------------ Dataset: Fpo ------------------------
shape: (39, 1), dtype: uint16
Data:[[53]
 [54]
 [52]
 [52]
 [46]
 [57]
 [56]
 [54]
 [56]
 [53]
 [55]
 [57]
 [57]
 [57]
 [57]
 [57]
 [57]
 [45]
 [48]
 [32]
 [53]
 [54]
 [52]
 [52]
 [46]
 [57]
 [56]
 [49]
 [53]
 [56]
 [57]
 [57]
 [57]
 [57]
 [57]
 [57]
 [57]
 [45]
 [49]] 
------------------------ Dataset: Fpp ------------------------
shape: (34, 1), dtype: uint16
Data:[[53]
 [54]
 [54]
 [48]
 [46]
 [55]
 [50]
 [57]
 [53]
 [52]
 [50]
 [57]
 [57]
 [57]
 [57]
 [57]
 [57]
 [53]
 [45]
 [48]
 [32]
 [53]
 [54]
 [54]
 [48]
 [46]
 [55]
 [51]
 [52]
 [50]
 [53]
 [57]
 [45]
 [49]] 
------------------------ Dataset: Fpq ------------------------
shape: (33, 1), dtype: uint16
Data:[[53]
 [54]
 [55]
 [54]
 [46]
 [52]
 [51]
 [48]
 [57]
 [57]
 [48]
 [57]
 [57]
 [57]
 [57]
 [57]
 [57]
 [45]
 [48]
 [32]
 [53]
 [54]
 [55]
 [54]
 [46]
 [52]
 [51]
 [49]
 [48]
 [51]
 [51]
 [45]
 [49]] 
------------------------ Dataset: Fpr ------------------------
shape: (33, 1), dtype: uint16
Data:[[53]
 [54]
 [57]
 [50]
 [46]
 [50]
 [49]
 [54]
 [52]
 [51]
 [55]
 [45]
 [48]
 [32]
 [53]
 [54]
 [57]
 [50]
 [46]
 [50]
 [49]
 [52]
 [53]
 [55]
 [53]
 [57]
 [57]
 [57]
 [57]
 [57]
 [57]
 [45]
 [49]] 
------------------------ Dataset: Fps ------------------------
shape: (27, 1), dtype: uint16
Data:[[54]
 [52]
 [49]
 [53]
 [46]
 [53]
 [49]
 [48]
 [50]
 [52]
 [51]
 [45]
 [48]
 [32]
 [54]
 [52]
 [49]
 [53]
 [46]
 [53]
 [49]
 [52]
 [49]
 [52]
 [49]
 [45]
 [49]] 
------------------------ Dataset: Fpt ------------------------
shape: (39, 1), dtype: uint16
Data:[[54]
 [54]
 [48]
 [55]
 [46]
 [53]
 [57]
 [51]
 [57]
 [54]
 [55]
 [57]
 [57]
 [57]
 [57]
 [57]
 [57]
 [45]
 [48]
 [32]
 [54]
 [54]
 [48]
 [55]
 [46]
 [53]
 [57]
 [56]
 [53]
 [54]
 [55]
 [57]
 [57]
 [57]
 [57]
 [57]
 [57]
 [45]
 [49]] 
------------------------ Dataset: Fpu ------------------------
shape: (26, 1), dtype: uint16
Data:[[54]
 [54]
 [50]
 [51]
 [46]
 [53]
 [50]
 [50]
 [48]
 [52]
 [50]
 [45]
 [48]
 [32]
 [54]
 [54]
 [50]
 [51]
 [46]
 [53]
 [50]
 [54]
 [50]
 [53]
 [45]
 [49]] 
------------------------ Dataset: Fpv ------------------------
shape: (33, 1), dtype: uint16
Data:[[54]
 [54]
 [51]
 [57]
 [46]
 [51]
 [53]
 [56]
 [49]
 [48]
 [54]
 [45]
 [48]
 [32]
 [54]
 [54]
 [51]
 [57]
 [46]
 [51]
 [53]
 [56]
 [50]
 [52]
 [49]
 [57]
 [57]
 [57]
 [57]
 [57]
 [57]
 [45]
 [49]] 
------------------------ Dataset: Fpw ------------------------
shape: (33, 1), dtype: uint16
Data:[[54]
 [54]
 [53]
 [52]
 [46]
 [57]
 [55]
 [53]
 [52]
 [56]
 [53]
 [45]
 [48]
 [32]
 [54]
 [54]
 [53]
 [52]
 [46]
 [57]
 [55]
 [52]
 [56]
 [50]
 [55]
 [57]
 [57]
 [57]
 [57]
 [57]
 [57]
 [45]
 [49]] 
------------------------ Dataset: Fpx ------------------------
shape: (34, 1), dtype: uint16
Data:[[54]
 [54]
 [55]
 [48]
 [46]
 [56]
 [55]
 [48]
 [48]
 [57]
 [50]
 [57]
 [57]
 [57]
 [57]
 [57]
 [57]
 [53]
 [45]
 [48]
 [32]
 [54]
 [54]
 [55]
 [48]
 [46]
 [56]
 [55]
 [52]
 [50]
 [50]
 [56]
 [45]
 [49]] 
------------------------ Dataset: Fpy ------------------------
shape: (33, 1), dtype: uint16
Data:[[54]
 [54]
 [56]
 [54]
 [46]
 [55]
 [55]
 [52]
 [55]
 [53]
 [49]
 [45]
 [48]
 [32]
 [54]
 [54]
 [56]
 [54]
 [46]
 [55]
 [55]
 [48]
 [49]
 [52]
 [49]
 [57]
 [57]
 [57]
 [57]
 [57]
 [57]
 [45]
 [49]] 
------------------------ Dataset: Fpz ------------------------
shape: (33, 1), dtype: uint16
Data:[[53]
 [57]
 [48]
 [52]
 [46]
 [54]
 [57]
 [49]
 [55]
 [57]
 [56]
 [45]
 [48]
 [32]
 [53]
 [57]
 [48]
 [52]
 [46]
 [54]
 [56]
 [56]
 [57]
 [54]
 [57]
 [57]
 [57]
 [57]
 [57]
 [57]
 [57]
 [45]
 [49]] 
------------------------ Dataset: Fq ------------------------

shape: (1, 6), dtype: uint32
Data:[[3707764736          2          1          1        938          1]] 
------------------------ Dataset: Gpb ------------------------
shape: (20, 1), dtype: uint16
Data:[[54]
 [55]
 [54]
 [56]
 [46]
 [52]
 [55]
 [48]
 [55]
 [53]
 [55]
 [57]
 [57]
 [57]
 [57]
 [57]
 [57]
 [53]
 [45]
 [49]] 
------------------------ Dataset: Gpc ------------------------
shape: (27, 1), dtype: uint16
Data:[[54]
 [50]
 [56]
 [49]
 [46]
 [50]
 [52]
 [53]
 [56]
 [51]
 [53]
 [45]
 [48]
 [32]
 [54]
 [50]
 [56]
 [49]
 [46]
 [50]
 [52]
 [57]
 [56]
 [54]
 [50]
 [45]
 [49]] 
------------------------ Dataset: Gpd ------------------------
shape: (27, 1), dtype: uint16
Data:[[54]
 [50]
 [57]
 [55]
 [46]
 [48]
 [50]
 [57]
 [56]
 [53]
 [51]
 [45]
 [48]
 [32]
 [54]
 [50]
 [57]
 [55]
 [46]
 [48]
 [50]
 [54]
 [48]
 [51]
 [55]
 [45]
 [49]] 
------------------------ Dataset: Gpe ------------------------
shape: (40, 1), dtype: uint16
Data:[[54]
 [51]
 [49]
 [50]
 [46]
 [56]
 [57]
 [51]
 [56]
 [56]
 [52]
 [57]
 [57]
 [57]
 [57]
 [57]
 [57]
 [53]
 [45]
 [48]
 [32]
 [54]
 [51]
 [49]
 [50]
 [46]
 [56]
 [57]
 [55]
 [56]
 [52]
 [57]
 [57]
 [57]
 [57]
 [57]
 [57]
 [57]
 [45]
 [49]] 
------------------------ Dataset: Gpf ------------------------
shape: (26, 1), dtype: uint16
Data:[[54]
 [51]
 [50]
 [56]
 [46]
 [55]
 [52]
 [50]
 [48]
 [50]
 [45]
 [48]
 [32]
 [54]
 [51]
 [50]
 [56]
 [46]
 [55]
 [51]
 [56]
 [48]
 [49]
 [56]
 [45]
 [49]] 
------------------------ Dataset: Gpg ------------------------
shape: (13, 1), dtype: uint16
Data:[[54]
 [51]
 [52]
 [52]
 [46]
 [53]
 [53]
 [55]
 [56]
 [57]
 [52]
 [45]
 [48]] 
------------------------ Dataset: Gph ------------------------
shape: (27, 1), dtype: uint16
Data:[[54]
 [53]
 [48]
 [57]
 [46]
 [54]
 [53]
 [56]
 [54]
 [51]
 [54]
 [45]
 [48]
 [32]
 [54]
 [53]
 [48]
 [57]
 [46]
 [54]
 [54]
 [50]
 [48]
 [57]
 [53]
 [45]
 [49]] 
------------------------ Dataset: Gpi ------------------------
shape: (27, 1), dtype: uint16
Data:[[54]
 [53]
 [50]
 [53]
 [46]
 [52]
 [54]
 [54]
 [50]
 [50]
 [49]
 [45]
 [48]
 [32]
 [54]
 [53]
 [50]
 [53]
 [46]
 [52]
 [54]
 [51]
 [54]
 [53]
 [51]
 [45]
 [49]] 
------------------------ Dataset: Gpj ------------------------
shape: (26, 1), dtype: uint16
Data:[[54]
 [48]
 [50]
 [49]
 [46]
 [48]
 [54]
 [56]
 [50]
 [51]
 [51]
 [45]
 [48]
 [32]
 [54]
 [48]
 [50]
 [49]
 [46]
 [48]
 [55]
 [51]
 [56]
 [49]
 [45]
 [49]] 
------------------------ Dataset: Gpk ------------------------
shape: (13, 1), dtype: uint16
Data:[[54]
 [48]
 [51]
 [54]
 [46]
 [56]
 [53]
 [48]
 [49]
 [55]
 [56]
 [45]
 [48]] 
------------------------ Dataset: Gpl ------------------------
shape: (33, 1), dtype: uint16
Data:[[54]
 [48]
 [53]
 [50]
 [46]
 [52]
 [55]
 [52]
 [48]
 [50]
 [52]
 [45]
 [48]
 [32]
 [54]
 [48]
 [53]
 [50]
 [46]
 [52]
 [54]
 [57]
 [57]
 [49]
 [54]
 [57]
 [57]
 [57]
 [57]
 [57]
 [57]
 [45]
 [49]] 
------------------------ Dataset: Gpm ------------------------
shape: (33, 1), dtype: uint16
Data:[[54]
 [48]
 [54]
 [56]
 [46]
 [51]
 [56]
 [52]
 [51]
 [55]
 [51]
 [57]
 [57]
 [57]
 [57]
 [57]
 [57]
 [45]
 [48]
 [32]
 [54]
 [48]
 [54]
 [56]
 [46]
 [51]
 [56]
 [51]
 [57]
 [51]
 [50]
 [45]
 [49]] 
------------------------ Dataset: Gpn ------------------------
shape: (27, 1), dtype: uint16
Data:[[54]
 [48]
 [56]
 [52]
 [46]
 [51]
 [48]
 [53]
 [57]
 [56]
 [55]
 [45]
 [48]
 [32]
 [54]
 [48]
 [56]
 [52]
 [46]
 [51]
 [48]
 [57]
 [56]
 [55]
 [53]
 [45]
 [49]] 
------------------------ Dataset: Gpo ------------------------
shape: (33, 1), dtype: uint16
Data:[[53]
 [54]
 [52]
 [52]
 [46]
 [57]
 [56]
 [54]
 [56]
 [53]
 [55]
 [57]
 [57]
 [57]
 [57]
 [57]
 [57]
 [45]
 [48]
 [32]
 [53]
 [54]
 [52]
 [52]
 [46]
 [57]
 [57]
 [48]
 [50]
 [49]
 [53]
 [45]
 [49]] 
------------------------ Dataset: Gpp ------------------------
shape: (27, 1), dtype: uint16
Data:[[53]
 [54]
 [54]
 [48]
 [46]
 [55]
 [51]
 [55]
 [53]
 [57]
 [49]
 [45]
 [48]
 [32]
 [53]
 [54]
 [54]
 [48]
 [46]
 [55]
 [51]
 [52]
 [50]
 [53]
 [57]
 [45]
 [49]] 
------------------------ Dataset: Gpq ------------------------
shape: (27, 1), dtype: uint16
Data:[[53]
 [54]
 [55]
 [54]
 [46]
 [52]
 [51]
 [56]
 [57]
 [57]
 [56]
 [45]
 [48]
 [32]
 [53]
 [54]
 [55]
 [54]
 [46]
 [52]
 [51]
 [49]
 [48]
 [51]
 [51]
 [45]
 [49]] 
------------------------ Dataset: Gpr ------------------------
shape: (26, 1), dtype: uint16
Data:[[53]
 [54]
 [57]
 [50]
 [46]
 [50]
 [49]
 [54]
 [52]
 [51]
 [55]
 [45]
 [48]
 [32]
 [53]
 [54]
 [57]
 [50]
 [46]
 [50]
 [49]
 [57]
 [52]
 [51]
 [45]
 [49]] 
------------------------ Dataset: Gps ------------------------
shape: (33, 1), dtype: uint16
Data:[[54]
 [52]
 [49]
 [53]
 [46]
 [53]
 [49]
 [55]
 [57]
 [51]
 [56]
 [57]
 [57]
 [57]
 [57]
 [57]
 [57]
 [45]
 [48]
 [32]
 [54]
 [52]
 [49]
 [53]
 [46]
 [53]
 [49]
 [52]
 [49]
 [52]
 [49]
 [45]
 [49]] 
------------------------ Dataset: Gpt ------------------------
shape: (33, 1), dtype: uint16
Data:[[54]
 [54]
 [48]
 [55]
 [46]
 [53]
 [57]
 [57]
 [51]
 [57]
 [52]
 [45]
 [48]
 [32]
 [54]
 [54]
 [48]
 [55]
 [46]
 [53]
 [57]
 [56]
 [53]
 [54]
 [55]
 [57]
 [57]
 [57]
 [57]
 [57]
 [57]
 [45]
 [49]] 
------------------------ Dataset: Gpu ------------------------
shape: (25, 1), dtype: uint16
Data:[[54]
 [54]
 [50]
 [51]
 [46]
 [53]
 [51]
 [48]
 [48]
 [55]
 [45]
 [48]
 [32]
 [54]
 [54]
 [50]
 [51]
 [46]
 [53]
 [50]
 [54]
 [50]
 [53]
 [45]
 [49]] 
------------------------ Dataset: Gpv ------------------------
shape: (33, 1), dtype: uint16
Data:[[54]
 [54]
 [51]
 [57]
 [46]
 [51]
 [54]
 [54]
 [50]
 [49]
 [49]
 [45]
 [48]
 [32]
 [54]
 [54]
 [51]
 [57]
 [46]
 [51]
 [53]
 [56]
 [50]
 [52]
 [49]
 [57]
 [57]
 [57]
 [57]
 [57]
 [57]
 [45]
 [49]] 
------------------------ Dataset: Gpw ------------------------
shape: (33, 1), dtype: uint16
Data:[[54]
 [54]
 [53]
 [52]
 [46]
 [57]
 [55]
 [53]
 [52]
 [56]
 [53]
 [45]
 [48]
 [32]
 [54]
 [54]
 [53]
 [52]
 [46]
 [57]
 [55]
 [56]
 [50]
 [57]
 [48]
 [57]
 [57]
 [57]
 [57]
 [57]
 [57]
 [45]
 [49]] 
------------------------ Dataset: Gpx ------------------------
shape: (27, 1), dtype: uint16
Data:[[54]
 [54]
 [55]
 [48]
 [46]
 [56]
 [55]
 [56]
 [49]
 [52]
 [54]
 [45]
 [48]
 [32]
 [54]
 [54]
 [55]
 [48]
 [46]
 [56]
 [55]
 [52]
 [50]
 [50]
 [56]
 [45]
 [49]] 
------------------------ Dataset: Gpy ------------------------
shape: (33, 1), dtype: uint16
Data:[[54]
 [54]
 [56]
 [54]
 [46]
 [55]
 [55]
 [52]
 [55]
 [53]
 [49]
 [45]
 [48]
 [32]
 [54]
 [54]
 [56]
 [54]
 [46]
 [55]
 [55]
 [57]
 [50]
 [53]
 [54]
 [57]
 [57]
 [57]
 [57]
 [57]
 [57]
 [45]
 [49]] 
------------------------ Dataset: Gpz ------------------------
shape: (34, 1), dtype: uint16
Data:[[53]
 [57]
 [48]
 [52]
 [46]
 [54]
 [57]
 [49]
 [55]
 [57]
 [56]
 [45]
 [48]
 [32]
 [53]
 [57]
 [48]
 [52]
 [46]
 [54]
 [57]
 [52]
 [51]
 [53]
 [57]
 [57]
 [57]
 [57]
 [57]
 [57]
 [57]
 [53]
 [45]
 [49]] 
------------------------ Dataset: Gq ------------------------

shape: (1, 6), dtype: uint32
Data:[[3707764736          2          1          1        939          1]] 
------------------------ Dataset: Hpb ------------------------
shape: (13, 1), dtype: uint16
Data:[[54]
 [55]
 [54]
 [56]
 [46]
 [52]
 [55]
 [52]
 [51]
 [48]
 [51]
 [45]
 [48]] 
------------------------ Dataset: Hpc ------------------------
shape: (27, 1), dtype: uint16
Data:[[54]
 [50]
 [56]
 [49]
 [46]
 [50]
 [53]
 [51]
 [56]
 [52]
 [54]
 [45]
 [48]
 [32]
 [54]
 [50]
 [56]
 [49]
 [46]
 [50]
 [52]
 [57]
 [56]
 [54]
 [50]
 [45]
 [49]] 
------------------------ Dataset: Hpd ------------------------
shape: (27, 1), dtype: uint16
Data:[[54]
 [50]
 [57]
 [55]
 [46]
 [48]
 [50]
 [57]
 [56]
 [53]
 [51]
 [45]
 [48]
 [32]
 [54]
 [50]
 [57]
 [55]
 [46]
 [48]
 [51]
 [52]
 [49]
 [52]
 [53]
 [45]
 [49]] 
------------------------ Dataset: Hpe ------------------------
shape: (32, 1), dtype: uint16
Data:[[54]
 [51]
 [49]
 [50]
 [46]
 [57]
 [48]
 [51]
 [49]
 [51]
 [45]
 [48]
 [32]
 [54]
 [51]
 [49]
 [50]
 [46]
 [56]
 [57]
 [55]
 [56]
 [52]
 [57]
 [57]
 [57]
 [57]
 [57]
 [57]
 [57]
 [45]
 [49]] 
------------------------ Dataset: Hpf ------------------------
shape: (26, 1), dtype: uint16
Data:[[54]
 [51]
 [50]
 [56]
 [46]
 [55]
 [52]
 [50]
 [48]
 [50]
 [45]
 [48]
 [32]
 [54]
 [51]
 [50]
 [56]
 [46]
 [55]
 [52]
 [56]
 [51]
 [52]
 [56]
 [45]
 [49]] 
------------------------ Dataset: Hpg ------------------------
shape: (12, 1), dtype: uint16
Data:[[54]
 [51]
 [52]
 [52]
 [46]
 [53]
 [54]
 [49]
 [56]
 [53]
 [45]
 [49]] 
------------------------ Dataset: Hph ------------------------
shape: (27, 1), dtype: uint16
Data:[[54]
 [53]
 [48]
 [57]
 [46]
 [54]
 [54]
 [54]
 [48]
 [55]
 [55]
 [45]
 [48]
 [32]
 [54]
 [53]
 [48]
 [57]
 [46]
 [54]
 [54]
 [50]
 [48]
 [57]
 [53]
 [45]
 [49]] 
------------------------ Dataset: Hpi ------------------------
shape: (34, 1), dtype: uint16
Data:[[54]
 [53]
 [50]
 [53]
 [46]
 [52]
 [54]
 [54]
 [50]
 [50]
 [49]
 [45]
 [48]
 [32]
 [54]
 [53]
 [50]
 [53]
 [46]
 [52]
 [55]
 [48]
 [48]
 [50]
 [49]
 [57]
 [57]
 [57]
 [57]
 [57]
 [57]
 [53]
 [45]
 [49]] 
------------------------ Dataset: Hpj ------------------------
shape: (26, 1), dtype: uint16
Data:[[54]
 [48]
 [50]
 [49]
 [46]
 [48]
 [55]
 [49]
 [52]
 [55]
 [51]
 [45]
 [48]
 [32]
 [54]
 [48]
 [50]
 [49]
 [46]
 [48]
 [55]
 [51]
 [56]
 [49]
 [45]
 [49]] 
------------------------ Dataset: Hpk ------------------------
shape: (19, 1), dtype: uint16
Data:[[54]
 [48]
 [51]
 [54]
 [46]
 [56]
 [53]
 [48]
 [51]
 [49]
 [51]
 [57]
 [57]
 [57]
 [57]
 [57]
 [57]
 [45]
 [49]] 
------------------------ Dataset: Hpl ------------------------
shape: (27, 1), dtype: uint16
Data:[[54]
 [48]
 [53]
 [50]
 [46]
 [52]
 [55]
 [52]
 [48]
 [50]
 [52]
 [45]
 [48]
 [32]
 [54]
 [48]
 [53]
 [50]
 [46]
 [52]
 [55]
 [55]
 [56]
 [50]
 [55]
 [45]
 [49]] 
------------------------ Dataset: Hpm ------------------------
shape: (33, 1), dtype: uint16
Data:[[54]
 [48]
 [54]
 [56]
 [46]
 [51]
 [56]
 [52]
 [51]
 [55]
 [51]
 [57]
 [57]
 [57]
 [57]
 [57]
 [57]
 [45]
 [48]
 [32]
 [54]
 [48]
 [54]
 [56]
 [46]
 [51]
 [57]
 [48]
 [50]
 [50]
 [55]
 [45]
 [49]] 
------------------------ Dataset: Hpn ------------------------
shape: (27, 1), dtype: uint16
Data:[[54]
 [48]
 [56]
 [52]
 [46]
 [51]
 [49]
 [51]
 [57]
 [51]
 [55]
 [45]
 [48]
 [32]
 [54]
 [48]
 [56]
 [52]
 [46]
 [51]
 [48]
 [57]
 [56]
 [55]
 [53]
 [45]
 [49]] 
------------------------ Dataset: Hpo ------------------------
shape: (33, 1), dtype: uint16
Data:[[53]
 [54]
 [52]
 [52]
 [46]
 [57]
 [57]
 [51]
 [54]
 [49]
 [49]
 [57]
 [57]
 [57]
 [57]
 [57]
 [57]
 [45]
 [48]
 [32]
 [53]
 [54]
 [52]
 [52]
 [46]
 [57]
 [57]
 [48]
 [50]
 [49]
 [53]
 [45]
 [49]] 
------------------------ Dataset: Hpp ------------------------
shape: (27, 1), dtype: uint16
Data:[[53]
 [54]
 [54]
 [48]
 [46]
 [55]
 [51]
 [55]
 [53]
 [57]
 [49]
 [45]
 [48]
 [32]
 [53]
 [54]
 [54]
 [48]
 [46]
 [55]
 [52]
 [49]
 [55]
 [50]
 [53]
 [45]
 [49]] 
------------------------ Dataset: Hpq ------------------------
shape: (27, 1), dtype: uint16
Data:[[53]
 [54]
 [55]
 [54]
 [46]
 [52]
 [51]
 [56]
 [57]
 [57]
 [56]
 [45]
 [48]
 [32]
 [53]
 [54]
 [55]
 [54]
 [46]
 [52]
 [51]
 [56]
 [56]
 [57]
 [55]
 [45]
 [49]] 
------------------------ Dataset: Hpr ------------------------
shape: (26, 1), dtype: uint16
Data:[[53]
 [54]
 [57]
 [50]
 [46]
 [50]
 [50]
 [50]
 [52]
 [50]
 [53]
 [45]
 [48]
 [32]
 [53]
 [54]
 [57]
 [50]
 [46]
 [50]
 [49]
 [57]
 [52]
 [51]
 [45]
 [49]] 
------------------------ Dataset: Hps ------------------------
shape: (32, 1), dtype: uint16
Data:[[54]
 [52]
 [49]
 [53]
 [46]
 [53]
 [49]
 [55]
 [57]
 [51]
 [56]
 [57]
 [57]
 [57]
 [57]
 [57]
 [57]
 [45]
 [48]
 [32]
 [54]
 [52]
 [49]
 [53]
 [46]
 [53]
 [51]
 [50]
 [48]
 [57]
 [45]
 [49]] 
------------------------ Dataset: Hpt ------------------------
shape: (27, 1), dtype: uint16
Data:[[54]
 [54]
 [48]
 [55]
 [46]
 [53]
 [57]
 [57]
 [51]
 [57]
 [52]
 [45]
 [48]
 [32]
 [54]
 [54]
 [48]
 [55]
 [46]
 [54]
 [48]
 [54]
 [51]
 [51]
 [49]
 [45]
 [49]] 
------------------------ Dataset: Hpu ------------------------
shape: (26, 1), dtype: uint16
Data:[[54]
 [54]
 [50]
 [51]
 [46]
 [53]
 [51]
 [48]
 [48]
 [55]
 [45]
 [48]
 [32]
 [54]
 [54]
 [50]
 [51]
 [46]
 [53]
 [51]
 [52]
 [49]
 [55]
 [50]
 [45]
 [49]] 
------------------------ Dataset: Hpv ------------------------
shape: (26, 1), dtype: uint16
Data:[[54]
 [54]
 [51]
 [57]
 [46]
 [51]
 [54]
 [54]
 [50]
 [49]
 [49]
 [45]
 [48]
 [32]
 [54]
 [54]
 [51]
 [57]
 [46]
 [51]
 [54]
 [54]
 [48]
 [55]
 [45]
 [49]] 
------------------------ Dataset: Hpw ------------------------
shape: (39, 1), dtype: uint16
Data:[[54]
 [54]
 [53]
 [52]
 [46]
 [57]
 [56]
 [50]
 [51]
 [56]
 [49]
 [57]
 [57]
 [57]
 [57]
 [57]
 [57]
 [45]
 [48]
 [32]
 [54]
 [54]
 [53]
 [52]
 [46]
 [57]
 [55]
 [56]
 [50]
 [57]
 [48]
 [57]
 [57]
 [57]
 [57]
 [57]
 [57]
 [45]
 [49]] 
------------------------ Dataset: Hpx ------------------------
shape: (27, 1), dtype: uint16
Data:[[54]
 [54]
 [55]
 [48]
 [46]
 [56]
 [55]
 [56]
 [49]
 [52]
 [54]
 [45]
 [48]
 [32]
 [54]
 [54]
 [55]
 [48]
 [46]
 [56]
 [56]
 [50]
 [49]
 [52]
 [49]
 [45]
 [49]] 
------------------------ Dataset: Hpy ------------------------
shape: (33, 1), dtype: uint16
Data:[[54]
 [54]
 [56]
 [54]
 [46]
 [55]
 [56]
 [50]
 [50]
 [49]
 [57]
 [45]
 [48]
 [32]
 [54]
 [54]
 [56]
 [54]
 [46]
 [55]
 [55]
 [57]
 [50]
 [53]
 [54]
 [57]
 [57]
 [57]
 [57]
 [57]
 [57]
 [45]
 [49]] 
------------------------ Dataset: Hpz ------------------------
shape: (33, 1), dtype: uint16
Data:[[53]
 [57]
 [48]
 [52]
 [46]
 [54]
 [57]
 [56]
 [51]
 [49]
 [45]
 [48]
 [32]
 [53]
 [57]
 [48]
 [52]
 [46]
 [54]
 [57]
 [52]
 [51]
 [53]
 [57]
 [57]
 [57]
 [57]
 [57]
 [57]
 [57]
 [53]
 [45]
 [49]] 
------------------------ Dataset: Hq ------------------------

shape: (1, 6), dtype: uint32
Data:[[3707764736          2          1          1        940          1]] 
------------------------ Dataset: Ipb ------------------------
shape: (13, 1), dtype: uint16
Data:[[54]
 [55]
 [54]
 [56]
 [46]
 [52]
 [55]
 [56]
 [49]
 [50]
 [57]
 [45]
 [49]] 
------------------------ Dataset: Ipc ------------------------
shape: (33, 1), dtype: uint16
Data:[[54]
 [50]
 [56]
 [49]
 [46]
 [50]
 [53]
 [51]
 [56]
 [52]
 [54]
 [45]
 [48]
 [32]
 [54]
 [50]
 [56]
 [49]
 [46]
 [50]
 [53]
 [55]
 [56]
 [48]
 [55]
 [57]
 [57]
 [57]
 [57]
 [57]
 [57]
 [45]
 [49]] 
------------------------ Dataset: Ipd ------------------------
shape: (27, 1), dtype: uint16
Data:[[54]
 [50]
 [57]
 [55]
 [46]
 [48]
 [51]
 [56]
 [48]
 [55]
 [51]
 [45]
 [48]
 [32]
 [54]
 [50]
 [57]
 [55]
 [46]
 [48]
 [51]
 [52]
 [49]
 [52]
 [53]
 [45]
 [49]] 
------------------------ Dataset: Ipe ------------------------
shape: (12, 1), dtype: uint16
Data:[[54]
 [51]
 [49]
 [50]
 [46]
 [57]
 [48]
 [51]
 [49]
 [51]
 [45]
 [48]] 
------------------------ Dataset: Ipf ------------------------
shape: (27, 1), dtype: uint16
Data:[[54]
 [51]
 [50]
 [56]
 [46]
 [55]
 [53]
 [48]
 [48]
 [56]
 [51]
 [45]
 [48]
 [32]
 [54]
 [51]
 [50]
 [56]
 [46]
 [55]
 [52]
 [56]
 [51]
 [52]
 [56]
 [45]
 [49]] 
------------------------ Dataset: Ipg ------------------------
shape: (13, 1), dtype: uint16
Data:[[54]
 [51]
 [52]
 [52]
 [46]
 [53]
 [54]
 [53]
 [56]
 [51]
 [49]
 [45]
 [48]] 
------------------------ Dataset: Iph ------------------------
shape: (27, 1), dtype: uint16
Data:[[54]
 [53]
 [48]
 [57]
 [46]
 [54]
 [54]
 [54]
 [48]
 [55]
 [55]
 [45]
 [48]
 [32]
 [54]
 [53]
 [48]
 [57]
 [46]
 [54]
 [54]
 [57]
 [57]
 [54]
 [52]
 [45]
 [49]] 
------------------------ Dataset: Ipi ------------------------
shape: (34, 1), dtype: uint16
Data:[[54]
 [53]
 [50]
 [53]
 [46]
 [52]
 [55]
 [51]
 [57]
 [53]
 [52]
 [45]
 [48]
 [32]
 [54]
 [53]
 [50]
 [53]
 [46]
 [52]
 [55]
 [48]
 [48]
 [50]
 [49]
 [57]
 [57]
 [57]
 [57]
 [57]
 [57]
 [53]
 [45]
 [49]] 
------------------------ Dataset: Ipj ------------------------
shape: (26, 1), dtype: uint16
Data:[[54]
 [48]
 [50]
 [49]
 [46]
 [48]
 [55]
 [55]
 [55]
 [50]
 [52]
 [45]
 [48]
 [32]
 [54]
 [48]
 [50]
 [49]
 [46]
 [48]
 [55]
 [51]
 [56]
 [49]
 [45]
 [49]] 
------------------------ Dataset: Ipk ------------------------
shape: (13, 1), dtype: uint16
Data:[[54]
 [48]
 [51]
 [54]
 [46]
 [56]
 [54]
 [48]
 [57]
 [56]
 [52]
 [45]
 [48]] 
------------------------ Dataset: Ipl ------------------------
shape: (27, 1), dtype: uint16
Data:[[54]
 [48]
 [53]
 [50]
 [46]
 [52]
 [56]
 [49]
 [56]
 [50]
 [50]
 [45]
 [48]
 [32]
 [54]
 [48]
 [53]
 [50]
 [46]
 [52]
 [55]
 [55]
 [56]
 [50]
 [55]
 [45]
 [49]] 
------------------------ Dataset: Ipm ------------------------
shape: (27, 1), dtype: uint16
Data:[[54]
 [48]
 [54]
 [56]
 [46]
 [51]
 [56]
 [57]
 [55]
 [49]
 [55]
 [45]
 [48]
 [32]
 [54]
 [48]
 [54]
 [56]
 [46]
 [51]
 [57]
 [48]
 [50]
 [50]
 [55]
 [45]
 [49]] 
------------------------ Dataset: Ipn ------------------------
shape: (27, 1), dtype: uint16
Data:[[54]
 [48]
 [56]
 [52]
 [46]
 [51]
 [49]
 [51]
 [57]
 [51]
 [55]
 [45]
 [48]
 [32]
 [54]
 [48]
 [56]
 [52]
 [46]
 [51]
 [49]
 [55]
 [57]
 [48]
 [56]
 [45]
 [49]] 
------------------------ Dataset: Ipo ------------------------
shape: (39, 1), dtype: uint16
Data:[[53]
 [54]
 [52]
 [52]
 [46]
 [57]
 [57]
 [51]
 [54]
 [49]
 [49]
 [57]
 [57]
 [57]
 [57]
 [57]
 [57]
 [45]
 [48]
 [32]
 [53]
 [54]
 [52]
 [52]
 [46]
 [57]
 [57]
 [55]
 [54]
 [53]
 [55]
 [57]
 [57]
 [57]
 [57]
 [57]
 [57]
 [45]
 [49]] 
------------------------ Dataset: Ipp ------------------------
shape: (34, 1), dtype: uint16
Data:[[53]
 [54]
 [54]
 [48]
 [46]
 [55]
 [52]
 [53]
 [54]
 [57]
 [49]
 [57]
 [57]
 [57]
 [57]
 [57]
 [57]
 [53]
 [45]
 [48]
 [32]
 [53]
 [54]
 [54]
 [48]
 [46]
 [55]
 [52]
 [49]
 [55]
 [50]
 [53]
 [45]
 [49]] 
------------------------ Dataset: Ipq ------------------------
shape: (27, 1), dtype: uint16
Data:[[53]
 [54]
 [55]
 [54]
 [46]
 [52]
 [51]
 [56]
 [57]
 [57]
 [56]
 [45]
 [48]
 [32]
 [53]
 [54]
 [55]
 [54]
 [46]
 [52]
 [52]
 [54]
 [48]
 [52]
 [53]
 [45]
 [49]] 
------------------------ Dataset: Ipr ------------------------
shape: (27, 1), dtype: uint16
Data:[[53]
 [54]
 [57]
 [50]
 [46]
 [50]
 [50]
 [50]
 [52]
 [50]
 [53]
 [45]
 [48]
 [32]
 [53]
 [54]
 [57]
 [50]
 [46]
 [50]
 [50]
 [54]
 [48]
 [52]
 [52]
 [45]
 [49]] 
------------------------ Dataset: Ips ------------------------
shape: (26, 1), dtype: uint16
Data:[[54]
 [52]
 [49]
 [53]
 [46]
 [53]
 [51]
 [50]
 [51]
 [55]
 [50]
 [45]
 [48]
 [32]
 [54]
 [52]
 [49]
 [53]
 [46]
 [53]
 [51]
 [50]
 [48]
 [57]
 [45]
 [49]] 
------------------------ Dataset: Ipt ------------------------
shape: (33, 1), dtype: uint16
Data:[[54]
 [54]
 [48]
 [55]
 [46]
 [54]
 [48]
 [54]
 [49]
 [51]
 [53]
 [57]
 [57]
 [57]
 [57]
 [57]
 [57]
 [45]
 [48]
 [32]
 [54]
 [54]
 [48]
 [55]
 [46]
 [54]
 [48]
 [54]
 [51]
 [51]
 [49]
 [45]
 [49]] 
------------------------ Dataset: Ipu ------------------------
shape: (27, 1), dtype: uint16
Data:[[54]
 [54]
 [50]
 [51]
 [46]
 [53]
 [51]
 [57]
 [55]
 [54]
 [49]
 [45]
 [48]
 [32]
 [54]
 [54]
 [50]
 [51]
 [46]
 [53]
 [51]
 [52]
 [49]
 [55]
 [50]
 [45]
 [49]] 
------------------------ Dataset: Ipv ------------------------
shape: (34, 1), dtype: uint16
Data:[[54]
 [54]
 [51]
 [57]
 [46]
 [51]
 [54]
 [54]
 [50]
 [49]
 [49]
 [45]
 [48]
 [32]
 [54]
 [54]
 [51]
 [57]
 [46]
 [51]
 [55]
 [52]
 [49]
 [48]
 [51]
 [57]
 [57]
 [57]
 [57]
 [57]
 [57]
 [53]
 [45]
 [49]] 
------------------------ Dataset: Ipw ------------------------
shape: (39, 1), dtype: uint16
Data:[[54]
 [54]
 [53]
 [52]
 [46]
 [57]
 [56]
 [50]
 [51]
 [56]
 [49]
 [57]
 [57]
 [57]
 [57]
 [57]
 [57]
 [45]
 [48]
 [32]
 [54]
 [54]
 [53]
 [52]
 [46]
 [57]
 [56]
 [54]
 [49]
 [50]
 [52]
 [57]
 [57]
 [57]
 [57]
 [57]
 [57]
 [45]
 [49]] 
------------------------ Dataset: Ipx ------------------------
shape: (33, 1), dtype: uint16
Data:[[54]
 [54]
 [55]
 [48]
 [46]
 [56]
 [56]
 [56]
 [50]
 [52]
 [55]
 [57]
 [57]
 [57]
 [57]
 [57]
 [57]
 [45]
 [48]
 [32]
 [54]
 [54]
 [55]
 [48]
 [46]
 [56]
 [56]
 [50]
 [49]
 [52]
 [49]
 [45]
 [49]] 
------------------------ Dataset: Ipy ------------------------
shape: (27, 1), dtype: uint16
Data:[[54]
 [54]
 [56]
 [54]
 [46]
 [55]
 [56]
 [50]
 [50]
 [49]
 [57]
 [45]
 [48]
 [32]
 [54]
 [54]
 [56]
 [54]
 [46]
 [55]
 [56]
 [54]
 [48]
 [54]
 [49]
 [45]
 [49]] 
------------------------ Dataset: Ipz ------------------------
shape: (33, 1), dtype: uint16
Data:[[53]
 [57]
 [48]
 [52]
 [46]
 [54]
 [57]
 [56]
 [51]
 [49]
 [45]
 [48]
 [32]
 [53]
 [57]
 [48]
 [52]
 [46]
 [55]
 [48]
 [50]
 [49]
 [51]
 [52]
 [57]
 [57]
 [57]
 [57]
 [57]
 [57]
 [53]
 [45]
 [49]] 
------------------------ Dataset: Iqb ------------------------
shape: (33, 1), dtype: uint16
Data:[[54]
 [55]
 [54]
 [56]
 [46]
 [55]
 [51]
 [48]
 [50]
 [55]
 [53]
 [57]
 [57]
 [57]
 [57]
 [57]
 [57]
 [45]
 [48]
 [32]
 [54]
 [55]
 [54]
 [56]
 [46]
 [55]
 [50]
 [54]
 [53]
 [48]
 [53]
 [45]
 [49]] 
------------------------ Dataset: Iqc ------------------------
shape: (27, 1), dtype: uint16
Data:[[54]
 [50]
 [56]
 [49]
 [46]
 [53]
 [50]
 [57]
 [56]
 [57]
 [56]
 [45]
 [48]
 [32]
 [54]
 [50]
 [56]
 [49]
 [46]
 [53]
 [50]
 [53]
 [57]
 [55]
 [49]
 [45]
 [49]] 
------------------------ Dataset: Iqd ------------------------
shape: (27, 1), dtype: uint16
Data:[[54]
 [50]
 [57]
 [55]
 [46]
 [50]
 [57]
 [55]
 [57]
 [48]
 [57]
 [45]
 [48]
 [32]
 [54]
 [50]
 [57]
 [55]
 [46]
 [50]
 [57]
 [51]
 [56]
 [56]
 [49]
 [45]
 [49]] 
------------------------ Dataset: Iqe ------------------------
shape: (26, 1), dtype: uint16
Data:[[54]
 [51]
 [49]
 [51]
 [46]
 [49]
 [54]
 [57]
 [57]
 [51]
 [45]
 [48]
 [32]
 [54]
 [51]
 [49]
 [51]
 [46]
 [49]
 [55]
 [52]
 [48]
 [51]
 [52]
 [45]
 [49]] 
------------------------ Dataset: Iqf ------------------------
shape: (34, 1), dtype: uint16
Data:[[54]
 [51]
 [50]
 [57]
 [46]
 [48]
 [48]
 [54]
 [52]
 [55]
 [52]
 [45]
 [48]
 [32]
 [54]
 [51]
 [50]
 [57]
 [46]
 [48]
 [48]
 [55]
 [55]
 [51]
 [50]
 [57]
 [57]
 [57]
 [57]
 [57]
 [57]
 [53]
 [45]
 [49]] 
------------------------ Dataset: Iqg ------------------------
shape: (26, 1), dtype: uint16
Data:[[54]
 [51]
 [52]
 [52]
 [46]
 [56]
 [50]
 [57]
 [57]
 [55]
 [45]
 [48]
 [32]
 [54]
 [51]
 [52]
 [52]
 [46]
 [56]
 [51]
 [52]
 [48]
 [50]
 [52]
 [45]
 [49]] 
------------------------ Dataset: Iqh ------------------------
shape: (27, 1), dtype: uint16
Data:[[54]
 [53]
 [48]
 [57]
 [46]
 [57]
 [50]
 [56]
 [56]
 [53]
 [53]
 [45]
 [48]
 [32]
 [54]
 [53]
 [48]
 [57]
 [46]
 [57]
 [50]
 [56]
 [54]
 [50]
 [51]
 [45]
 [49]] 
------------------------ Dataset: Iqi ------------------------
shape: (33, 1), dtype: uint16
Data:[[54]
 [53]
 [50]
 [53]
 [46]
 [55]
 [50]
 [57]
 [57]
 [51]
 [52]
 [45]
 [48]
 [32]
 [54]
 [53]
 [50]
 [53]
 [46]
 [55]
 [50]
 [53]
 [57]
 [53]
 [56]
 [57]
 [57]
 [57]
 [57]
 [57]
 [57]
 [45]
 [49]] 
------------------------ Dataset: Iqj ------------------------
shape: (27, 1), dtype: uint16
Data:[[54]
 [48]
 [50]
 [49]
 [46]
 [51]
 [50]
 [53]
 [57]
 [48]
 [53]
 [45]
 [48]
 [32]
 [54]
 [48]
 [50]
 [49]
 [46]
 [51]
 [51]
 [48]
 [50]
 [52]
 [49]
 [45]
 [49]] 
------------------------ Dataset: Iqk ------------------------
shape: (33, 1), dtype: uint16
Data:[[54]
 [48]
 [51]
 [55]
 [46]
 [49]
 [49]
 [52]
 [54]
 [57]
 [55]
 [57]
 [57]
 [57]
 [57]
 [57]
 [57]
 [45]
 [48]
 [32]
 [54]
 [48]
 [51]
 [55]
 [46]
 [49]
 [48]
 [53]
 [56]
 [52]
 [52]
 [45]
 [49]] 
------------------------ Dataset: Iql ------------------------
shape: (27, 1), dtype: uint16
Data:[[54]
 [48]
 [53]
 [50]
 [46]
 [55]
 [50]
 [57]
 [57]
 [49]
 [55]
 [45]
 [48]
 [32]
 [54]
 [48]
 [53]
 [50]
 [46]
 [55]
 [50]
 [57]
 [57]
 [49]
 [51]
 [45]
 [49]] 
------------------------ Dataset: Iqm ------------------------
shape: (34, 1), dtype: uint16
Data:[[54]
 [48]
 [54]
 [56]
 [46]
 [54]
 [52]
 [57]
 [55]
 [50]
 [50]
 [57]
 [57]
 [57]
 [57]
 [57]
 [57]
 [53]
 [45]
 [48]
 [32]
 [54]
 [48]
 [54]
 [56]
 [46]
 [54]
 [52]
 [57]
 [55]
 [49]
 [56]
 [45]
 [49]] 
------------------------ Dataset: Iqn ------------------------
shape: (13, 1), dtype: uint16
Data:[[54]
 [48]
 [56]
 [52]
 [46]
 [53]
 [54]
 [54]
 [48]
 [48]
 [51]
 [45]
 [48]] 
------------------------ Dataset: Iqo ------------------------
shape: (27, 1), dtype: uint16
Data:[[53]
 [54]
 [52]
 [53]
 [46]
 [50]
 [52]
 [53]
 [55]
 [48]
 [54]
 [45]
 [48]
 [32]
 [53]
 [54]
 [52]
 [53]
 [46]
 [50]
 [52]
 [57]
 [53]
 [57]
 [54]
 [45]
 [49]] 
------------------------ Dataset: Iqp ------------------------
shape: (33, 1), dtype: uint16
Data:[[53]
 [54]
 [54]
 [49]
 [46]
 [48]
 [48]
 [50]
 [53]
 [56]
 [55]
 [57]
 [57]
 [57]
 [57]
 [57]
 [57]
 [45]
 [48]
 [32]
 [53]
 [54]
 [54]
 [49]
 [46]
 [48]
 [48]
 [50]
 [53]
 [48]
 [54]
 [45]
 [49]] 
------------------------ Dataset: Iqq ------------------------
shape: (27, 1), dtype: uint16
Data:[[53]
 [54]
 [55]
 [54]
 [46]
 [54]
 [57]
 [55]
 [53]
 [55]
 [54]
 [45]
 [48]
 [32]
 [53]
 [54]
 [55]
 [54]
 [46]
 [54]
 [57]
 [51]
 [53]
 [56]
 [53]
 [45]
 [49]] 
------------------------ Dataset: Iqr ------------------------
shape: (27, 1), dtype: uint16
Data:[[53]
 [54]
 [57]
 [50]
 [46]
 [52]
 [55]
 [52]
 [56]
 [50]
 [57]
 [45]
 [48]
 [32]
 [53]
 [54]
 [57]
 [50]
 [46]
 [52]
 [55]
 [55]
 [55]
 [57]
 [50]
 [45]
 [49]] 
------------------------ Dataset: Iqs ------------------------
shape: (33, 1), dtype: uint16
Data:[[54]
 [52]
 [49]
 [53]
 [46]
 [55]
 [56]
 [49]
 [57]
 [52]
 [48]
 [57]
 [57]
 [57]
 [57]
 [57]
 [57]
 [45]
 [48]
 [32]
 [54]
 [52]
 [49]
 [53]
 [46]
 [55]
 [55]
 [56]
 [48]
 [50]
 [54]
 [45]
 [49]] 
------------------------ Dataset: Iqt ------------------------
shape: (27, 1), dtype: uint16
Data:[[54]
 [54]
 [48]
 [55]
 [46]
 [56]
 [53]
 [55]
 [57]
 [56]
 [51]
 [45]
 [48]
 [32]
 [54]
 [54]
 [48]
 [55]
 [46]
 [56]
 [53]
 [52]
 [48]
 [51]
 [54]
 [45]
 [49]] 
------------------------ Dataset: Iqu ------------------------
shape: (34, 1), dtype: uint16
Data:[[54]
 [54]
 [50]
 [51]
 [46]
 [55]
 [56]
 [54]
 [50]
 [55]
 [54]
 [45]
 [48]
 [32]
 [54]
 [54]
 [50]
 [51]
 [46]
 [55]
 [56]
 [50]
 [48]
 [48]
 [53]
 [57]
 [57]
 [57]
 [57]
 [57]
 [57]
 [53]
 [45]
 [49]] 
------------------------ Dataset: Iqv ------------------------
shape: (33, 1), dtype: uint16
Data:[[54]
 [54]
 [51]
 [57]
 [46]
 [54]
 [49]
 [56]
 [49]
 [50]
 [53]
 [45]
 [48]
 [32]
 [54]
 [54]
 [51]
 [57]
 [46]
 [54]
 [50]
 [50]
 [48]
 [54]
 [57]
 [57]
 [57]
 [57]
 [57]
 [57]
 [57]
 [45]
 [49]] 
------------------------ Dataset: Iqw ------------------------
shape: (27, 1), dtype: uint16
Data:[[54]
 [54]
 [53]
 [53]
 [46]
 [50]
 [51]
 [48]
 [55]
 [51]
 [52]
 [45]
 [48]
 [32]
 [54]
 [54]
 [53]
 [53]
 [46]
 [50]
 [51]
 [52]
 [49]
 [57]
 [55]
 [45]
 [49]] 
------------------------ Dataset: Iqx ------------------------
shape: (26, 1), dtype: uint16
Data:[[54]
 [54]
 [55]
 [49]
 [46]
 [49]
 [51]
 [52]
 [51]
 [50]
 [45]
 [48]
 [32]
 [54]
 [54]
 [55]
 [49]
 [46]
 [49]
 [51]
 [48]
 [48]
 [54]
 [52]
 [45]
 [49]] 
------------------------ Dataset: Iqy ------------------------
shape: (33, 1), dtype: uint16
Data:[[54]
 [54]
 [56]
 [55]
 [46]
 [48]
 [51]
 [49]
 [51]
 [52]
 [57]
 [45]
 [48]
 [32]
 [54]
 [54]
 [56]
 [55]
 [46]
 [48]
 [51]
 [56]
 [48]
 [57]
 [56]
 [57]
 [57]
 [57]
 [57]
 [57]
 [57]
 [45]
 [49]] 
------------------------ Dataset: Iqz ------------------------
shape: (27, 1), dtype: uint16
Data:[[53]
 [57]
 [48]
 [52]
 [46]
 [57]
 [52]
 [53]
 [54]
 [54]
 [52]
 [45]
 [48]
 [32]
 [53]
 [57]
 [48]
 [52]
 [46]
 [57]
 [53]
 [48]
 [51]
 [49]
 [53]
 [45]
 [49]] 
------------------------ Dataset: Ir ------------------------

