shape: (1, 6), dtype: uint32
Data:[[3707764736          2          1          1        831          1]] 
------------------------ Dataset: Unb ------------------------
shape: (33, 1), dtype: uint16
Data:[[54]
 [55]
 [54]
 [56]
 [46]
 [48]
 [51]
 [54]
 [51]
 [56]
 [57]
 [45]
 [48]
 [32]
 [54]
 [55]
 [54]
 [56]
 [46]
 [48]
 [50]
 [54]
 [49]
 [49]
 [54]
 [57]
 [57]
 [57]
 [57]
 [57]
 [57]
 [45]
 [49]] 
------------------------ Dataset: Unc ------------------------
shape: (27, 1), dtype: uint16
Data:[[54]
 [50]
 [56]
 [48]
 [46]
 [55]
 [57]
 [54]
 [51]
 [54]
 [50]
 [45]
 [48]
 [32]
 [54]
 [50]
 [56]
 [48]
 [46]
 [55]
 [57]
 [53]
 [51]
 [57]
 [55]
 [45]
 [49]] 
------------------------ Dataset: Und ------------------------
shape: (33, 1), dtype: uint16
Data:[[54]
 [50]
 [57]
 [54]
 [46]
 [53]
 [54]
 [57]
 [56]
 [54]
 [54]
 [57]
 [57]
 [57]
 [57]
 [57]
 [57]
 [45]
 [48]
 [32]
 [54]
 [50]
 [57]
 [54]
 [46]
 [53]
 [55]
 [52]
 [52]
 [57]
 [50]
 [45]
 [49]] 
------------------------ Dataset: Une ------------------------
shape: (27, 1), dtype: uint16
Data:[[54]
 [51]
 [49]
 [50]
 [46]
 [52]
 [49]
 [55]
 [57]
 [54]
 [57]
 [45]
 [48]
 [32]
 [54]
 [51]
 [49]
 [50]
 [46]
 [52]
 [49]
 [51]
 [57]
 [50]
 [56]
 [45]
 [49]] 
------------------------ Dataset: Unf ------------------------
shape: (25, 1), dtype: uint16
Data:[[54]
 [51]
 [50]
 [56]
 [46]
 [50]
 [57]
 [48]
 [48]
 [49]
 [51]
 [45]
 [48]
 [32]
 [54]
 [51]
 [50]
 [56]
 [46]
 [50]
 [57]
 [51]
 [57]
 [45]
 [49]] 
------------------------ Dataset: Ung ------------------------
shape: (13, 1), dtype: uint16
Data:[[54]
 [51]
 [52]
 [52]
 [46]
 [49]
 [49]
 [52]
 [49]
 [55]
 [51]
 [45]
 [48]] 
------------------------ Dataset: Unh ------------------------
shape: (34, 1), dtype: uint16
Data:[[54]
 [53]
 [48]
 [57]
 [46]
 [50]
 [49]
 [52]
 [53]
 [50]
 [55]
 [57]
 [57]
 [57]
 [57]
 [57]
 [57]
 [53]
 [45]
 [48]
 [32]
 [54]
 [53]
 [48]
 [57]
 [46]
 [50]
 [48]
 [57]
 [57]
 [55]
 [51]
 [45]
 [49]] 
------------------------ Dataset: Uni ------------------------
shape: (33, 1), dtype: uint16
Data:[[54]
 [53]
 [50]
 [53]
 [46]
 [48]
 [50]
 [50]
 [49]
 [51]
 [49]
 [45]
 [48]
 [32]
 [54]
 [53]
 [50]
 [53]
 [46]
 [48]
 [49]
 [55]
 [57]
 [54]
 [53]
 [57]
 [57]
 [57]
 [57]
 [57]
 [57]
 [45]
 [49]] 
------------------------ Dataset: Unj ------------------------
shape: (27, 1), dtype: uint16
Data:[[54]
 [48]
 [50]
 [48]
 [46]
 [54]
 [49]
 [56]
 [48]
 [56]
 [52]
 [45]
 [48]
 [32]
 [54]
 [48]
 [50]
 [48]
 [46]
 [54]
 [49]
 [51]
 [55]
 [54]
 [52]
 [45]
 [49]] 
------------------------ Dataset: Unk ------------------------
shape: (39, 1), dtype: uint16
Data:[[54]
 [48]
 [51]
 [54]
 [46]
 [52]
 [49]
 [48]
 [57]
 [50]
 [52]
 [57]
 [57]
 [57]
 [57]
 [57]
 [57]
 [45]
 [48]
 [32]
 [54]
 [48]
 [51]
 [54]
 [46]
 [52]
 [48]
 [54]
 [53]
 [56]
 [48]
 [57]
 [57]
 [57]
 [57]
 [57]
 [57]
 [45]
 [49]] 
------------------------ Dataset: Unl ------------------------
shape: (27, 1), dtype: uint16
Data:[[54]
 [48]
 [53]
 [50]
 [46]
 [48]
 [48]
 [54]
 [48]
 [55]
 [52]
 [45]
 [48]
 [32]
 [54]
 [48]
 [53]
 [50]
 [46]
 [48]
 [49]
 [49]
 [48]
 [52]
 [57]
 [45]
 [49]] 
------------------------ Dataset: Unm ------------------------
shape: (33, 1), dtype: uint16
Data:[[54]
 [48]
 [54]
 [55]
 [46]
 [57]
 [48]
 [57]
 [56]
 [49]
 [52]
 [45]
 [48]
 [32]
 [54]
 [48]
 [54]
 [55]
 [46]
 [57]
 [49]
 [51]
 [56]
 [55]
 [52]
 [57]
 [57]
 [57]
 [57]
 [57]
 [57]
 [45]
 [49]] 
------------------------ Dataset: Unn ------------------------
shape: (27, 1), dtype: uint16
Data:[[54]
 [48]
 [56]
 [51]
 [46]
 [56]
 [54]
 [49]
 [55]
 [54]
 [53]
 [45]
 [48]
 [32]
 [54]
 [48]
 [56]
 [51]
 [46]
 [56]
 [54]
 [53]
 [55]
 [56]
 [52]
 [45]
 [49]] 
------------------------ Dataset: Uno ------------------------
shape: (27, 1), dtype: uint16
Data:[[53]
 [54]
 [52]
 [52]
 [46]
 [53]
 [52]
 [48]
 [56]
 [54]
 [56]
 [45]
 [48]
 [32]
 [53]
 [54]
 [52]
 [52]
 [46]
 [53]
 [52]
 [54]
 [48]
 [54]
 [56]
 [45]
 [49]] 
------------------------ Dataset: Unp ------------------------
shape: (32, 1), dtype: uint16
Data:[[53]
 [54]
 [54]
 [48]
 [46]
 [50]
 [57]
 [51]
 [53]
 [51]
 [45]
 [48]
 [32]
 [53]
 [54]
 [54]
 [48]
 [46]
 [50]
 [56]
 [57]
 [53]
 [53]
 [52]
 [57]
 [57]
 [57]
 [57]
 [57]
 [57]
 [45]
 [49]] 
------------------------ Dataset: Unq ------------------------
shape: (33, 1), dtype: uint16
Data:[[53]
 [54]
 [55]
 [53]
 [46]
 [57]
 [56]
 [53]
 [54]
 [48]
 [48]
 [57]
 [57]
 [57]
 [57]
 [57]
 [57]
 [45]
 [48]
 [32]
 [53]
 [54]
 [55]
 [53]
 [46]
 [57]
 [56]
 [53]
 [54]
 [50]
 [49]
 [45]
 [49]] 
------------------------ Dataset: Unr ------------------------
shape: (26, 1), dtype: uint16
Data:[[53]
 [54]
 [57]
 [49]
 [46]
 [55]
 [54]
 [57]
 [54]
 [52]
 [51]
 [45]
 [48]
 [32]
 [53]
 [54]
 [57]
 [49]
 [46]
 [55]
 [55]
 [51]
 [54]
 [55]
 [45]
 [49]] 
------------------------ Dataset: Uns ------------------------
shape: (39, 1), dtype: uint16
Data:[[54]
 [52]
 [49]
 [53]
 [46]
 [48]
 [53]
 [48]
 [49]
 [49]
 [50]
 [57]
 [57]
 [57]
 [57]
 [57]
 [57]
 [45]
 [48]
 [32]
 [54]
 [52]
 [49]
 [53]
 [46]
 [48]
 [53]
 [52]
 [48]
 [49]
 [51]
 [57]
 [57]
 [57]
 [57]
 [57]
 [57]
 [45]
 [49]] 
------------------------ Dataset: Unt ------------------------
shape: (27, 1), dtype: uint16
Data:[[54]
 [54]
 [48]
 [55]
 [46]
 [49]
 [49]
 [52]
 [48]
 [53]
 [53]
 [45]
 [48]
 [32]
 [54]
 [54]
 [48]
 [55]
 [46]
 [49]
 [50]
 [50]
 [48]
 [53]
 [56]
 [45]
 [49]] 
------------------------ Dataset: Unu ------------------------
shape: (33, 1), dtype: uint16
Data:[[54]
 [54]
 [50]
 [51]
 [46]
 [48]
 [56]
 [51]
 [49]
 [50]
 [57]
 [45]
 [48]
 [32]
 [54]
 [54]
 [50]
 [51]
 [46]
 [48]
 [55]
 [53]
 [57]
 [51]
 [48]
 [57]
 [57]
 [57]
 [57]
 [57]
 [57]
 [45]
 [49]] 
------------------------ Dataset: Unv ------------------------
shape: (33, 1), dtype: uint16
Data:[[54]
 [54]
 [51]
 [56]
 [46]
 [57]
 [49]
 [52]
 [48]
 [52]
 [54]
 [57]
 [57]
 [57]
 [57]
 [57]
 [57]
 [45]
 [48]
 [32]
 [54]
 [54]
 [51]
 [56]
 [46]
 [57]
 [50]
 [52]
 [50]
 [55]
 [52]
 [45]
 [49]] 
------------------------ Dataset: Unw ------------------------
shape: (41, 1), dtype: uint16
Data:[[54]
 [54]
 [53]
 [52]
 [46]
 [53]
 [50]
 [50]
 [48]
 [57]
 [55]
 [57]
 [57]
 [57]
 [57]
 [57]
 [57]
 [53]
 [45]
 [48]
 [32]
 [54]
 [54]
 [53]
 [52]
 [46]
 [53]
 [49]
 [56]
 [49]
 [50]
 [57]
 [57]
 [57]
 [57]
 [57]
 [57]
 [57]
 [53]
 [45]
 [49]] 
------------------------ Dataset: Unx ------------------------
shape: (26, 1), dtype: uint16
Data:[[54]
 [54]
 [55]
 [48]
 [46]
 [52]
 [50]
 [54]
 [48]
 [55]
 [54]
 [45]
 [48]
 [32]
 [54]
 [54]
 [55]
 [48]
 [46]
 [52]
 [50]
 [50]
 [49]
 [55]
 [45]
 [49]] 
------------------------ Dataset: Uny ------------------------
shape: (27, 1), dtype: uint16
Data:[[54]
 [54]
 [56]
 [54]
 [46]
 [51]
 [51]
 [48]
 [48]
 [56]
 [54]
 [45]
 [48]
 [32]
 [54]
 [54]
 [56]
 [54]
 [46]
 [51]
 [51]
 [52]
 [49]
 [49]
 [50]
 [45]
 [49]] 
------------------------ Dataset: Unz ------------------------
shape: (27, 1), dtype: uint16
Data:[[53]
 [57]
 [48]
 [52]
 [46]
 [50]
 [52]
 [53]
 [55]
 [52]
 [49]
 [45]
 [48]
 [32]
 [53]
 [57]
 [48]
 [52]
 [46]
 [50]
 [53]
 [48]
 [54]
 [49]
 [53]
 [45]
 [49]] 
------------------------ Dataset: Uo ------------------------

shape: (1, 6), dtype: uint32
Data:[[3707764736          2          1          1        832          1]] 
------------------------ Dataset: Vnb ------------------------
shape: (27, 1), dtype: uint16
Data:[[54]
 [55]
 [54]
 [56]
 [46]
 [48]
 [51]
 [54]
 [51]
 [56]
 [57]
 [45]
 [48]
 [32]
 [54]
 [55]
 [54]
 [56]
 [46]
 [48]
 [52]
 [52]
 [53]
 [53]
 [57]
 [45]
 [49]] 
------------------------ Dataset: Vnc ------------------------
shape: (27, 1), dtype: uint16
Data:[[54]
 [50]
 [56]
 [48]
 [46]
 [55]
 [57]
 [54]
 [51]
 [54]
 [50]
 [45]
 [48]
 [32]
 [54]
 [50]
 [56]
 [48]
 [46]
 [55]
 [57]
 [56]
 [54]
 [50]
 [56]
 [45]
 [49]] 
------------------------ Dataset: Vnd ------------------------
shape: (33, 1), dtype: uint16
Data:[[54]
 [50]
 [57]
 [54]
 [46]
 [53]
 [56]
 [48]
 [49]
 [52]
 [56]
 [57]
 [57]
 [57]
 [57]
 [57]
 [57]
 [45]
 [48]
 [32]
 [54]
 [50]
 [57]
 [54]
 [46]
 [53]
 [55]
 [52]
 [52]
 [57]
 [50]
 [45]
 [49]] 
------------------------ Dataset: Vne ------------------------
shape: (27, 1), dtype: uint16
Data:[[54]
 [51]
 [49]
 [50]
 [46]
 [52]
 [49]
 [55]
 [57]
 [54]
 [57]
 [45]
 [48]
 [32]
 [54]
 [51]
 [49]
 [50]
 [46]
 [52]
 [50]
 [49]
 [56]
 [55]
 [56]
 [45]
 [49]] 
------------------------ Dataset: Vnf ------------------------
shape: (31, 1), dtype: uint16
Data:[[54]
 [51]
 [50]
 [56]
 [46]
 [50]
 [57]
 [55]
 [56]
 [53]
 [56]
 [57]
 [57]
 [57]
 [57]
 [57]
 [57]
 [45]
 [48]
 [32]
 [54]
 [51]
 [50]
 [56]
 [46]
 [50]
 [57]
 [51]
 [57]
 [45]
 [49]] 
------------------------ Dataset: Vng ------------------------
shape: (13, 1), dtype: uint16
Data:[[54]
 [51]
 [52]
 [52]
 [46]
 [49]
 [49]
 [56]
 [48]
 [51]
 [49]
 [45]
 [49]] 
------------------------ Dataset: Vnh ------------------------
shape: (41, 1), dtype: uint16
Data:[[54]
 [53]
 [48]
 [57]
 [46]
 [50]
 [49]
 [52]
 [53]
 [50]
 [55]
 [57]
 [57]
 [57]
 [57]
 [57]
 [57]
 [53]
 [45]
 [48]
 [32]
 [54]
 [53]
 [48]
 [57]
 [46]
 [50]
 [49]
 [55]
 [57]
 [57]
 [56]
 [57]
 [57]
 [57]
 [57]
 [57]
 [57]
 [53]
 [45]
 [49]] 
------------------------ Dataset: Vni ------------------------
shape: (27, 1), dtype: uint16
Data:[[54]
 [53]
 [50]
 [53]
 [46]
 [48]
 [50]
 [50]
 [49]
 [51]
 [49]
 [45]
 [48]
 [32]
 [54]
 [53]
 [50]
 [53]
 [46]
 [48]
 [50]
 [54]
 [49]
 [57]
 [56]
 [45]
 [49]] 
------------------------ Dataset: Vnj ------------------------
shape: (27, 1), dtype: uint16
Data:[[54]
 [48]
 [50]
 [48]
 [46]
 [54]
 [49]
 [56]
 [48]
 [56]
 [52]
 [45]
 [48]
 [32]
 [54]
 [48]
 [50]
 [48]
 [46]
 [54]
 [50]
 [49]
 [55]
 [50]
 [55]
 [45]
 [49]] 
------------------------ Dataset: Vnk ------------------------
shape: (33, 1), dtype: uint16
Data:[[54]
 [48]
 [51]
 [54]
 [46]
 [52]
 [49]
 [48]
 [57]
 [50]
 [52]
 [57]
 [57]
 [57]
 [57]
 [57]
 [57]
 [45]
 [48]
 [32]
 [54]
 [48]
 [51]
 [54]
 [46]
 [52]
 [49]
 [52]
 [57]
 [53]
 [49]
 [45]
 [49]] 
------------------------ Dataset: Vnl ------------------------
shape: (27, 1), dtype: uint16
Data:[[54]
 [48]
 [53]
 [50]
 [46]
 [48]
 [49]
 [51]
 [55]
 [54]
 [56]
 [45]
 [48]
 [32]
 [54]
 [48]
 [53]
 [50]
 [46]
 [48]
 [49]
 [49]
 [48]
 [52]
 [57]
 [45]
 [49]] 
------------------------ Dataset: Vnm ------------------------
shape: (33, 1), dtype: uint16
Data:[[54]
 [48]
 [54]
 [55]
 [46]
 [57]
 [49]
 [55]
 [56]
 [49]
 [51]
 [45]
 [48]
 [32]
 [54]
 [48]
 [54]
 [55]
 [46]
 [57]
 [49]
 [51]
 [56]
 [55]
 [52]
 [57]
 [57]
 [57]
 [57]
 [57]
 [57]
 [45]
 [49]] 
------------------------ Dataset: Vnn ------------------------
shape: (34, 1), dtype: uint16
Data:[[54]
 [48]
 [56]
 [51]
 [46]
 [56]
 [54]
 [57]
 [55]
 [56]
 [51]
 [57]
 [57]
 [57]
 [57]
 [57]
 [57]
 [53]
 [45]
 [48]
 [32]
 [54]
 [48]
 [56]
 [51]
 [46]
 [56]
 [54]
 [53]
 [55]
 [56]
 [52]
 [45]
 [49]] 
------------------------ Dataset: Vno ------------------------
shape: (33, 1), dtype: uint16
Data:[[53]
 [54]
 [52]
 [52]
 [46]
 [53]
 [52]
 [54]
 [48]
 [55]
 [52]
 [57]
 [57]
 [57]
 [57]
 [57]
 [57]
 [45]
 [48]
 [32]
 [53]
 [54]
 [52]
 [52]
 [46]
 [53]
 [52]
 [54]
 [48]
 [54]
 [56]
 [45]
 [49]] 
------------------------ Dataset: Vnp ------------------------
shape: (26, 1), dtype: uint16
Data:[[53]
 [54]
 [54]
 [48]
 [46]
 [50]
 [57]
 [51]
 [53]
 [51]
 [45]
 [48]
 [32]
 [53]
 [54]
 [54]
 [48]
 [46]
 [50]
 [57]
 [56]
 [55]
 [52]
 [49]
 [45]
 [49]] 
------------------------ Dataset: Vnq ------------------------
shape: (27, 1), dtype: uint16
Data:[[53]
 [54]
 [55]
 [53]
 [46]
 [57]
 [57]
 [51]
 [53]
 [53]
 [56]
 [45]
 [48]
 [32]
 [53]
 [54]
 [55]
 [53]
 [46]
 [57]
 [56]
 [53]
 [54]
 [50]
 [49]
 [45]
 [49]] 
------------------------ Dataset: Vnr ------------------------
shape: (25, 1), dtype: uint16
Data:[[53]
 [54]
 [57]
 [49]
 [46]
 [55]
 [55]
 [55]
 [54]
 [51]
 [45]
 [48]
 [32]
 [53]
 [54]
 [57]
 [49]
 [46]
 [55]
 [55]
 [51]
 [54]
 [55]
 [45]
 [49]] 
------------------------ Dataset: Vns ------------------------
shape: (40, 1), dtype: uint16
Data:[[54]
 [52]
 [49]
 [53]
 [46]
 [48]
 [53]
 [56]
 [48]
 [52]
 [54]
 [57]
 [57]
 [57]
 [57]
 [57]
 [57]
 [53]
 [45]
 [48]
 [32]
 [54]
 [52]
 [49]
 [53]
 [46]
 [48]
 [53]
 [52]
 [48]
 [49]
 [51]
 [57]
 [57]
 [57]
 [57]
 [57]
 [57]
 [45]
 [49]] 
------------------------ Dataset: Vnt ------------------------
shape: (26, 1), dtype: uint16
Data:[[54]
 [54]
 [48]
 [55]
 [46]
 [49]
 [50]
 [50]
 [48]
 [54]
 [45]
 [48]
 [32]
 [54]
 [54]
 [48]
 [55]
 [46]
 [49]
 [50]
 [50]
 [48]
 [53]
 [56]
 [45]
 [49]] 
------------------------ Dataset: Vnu ------------------------
shape: (34, 1), dtype: uint16
Data:[[54]
 [54]
 [50]
 [51]
 [46]
 [48]
 [56]
 [51]
 [49]
 [50]
 [57]
 [45]
 [48]
 [32]
 [54]
 [54]
 [50]
 [51]
 [46]
 [48]
 [56]
 [56]
 [49]
 [51]
 [48]
 [57]
 [57]
 [57]
 [57]
 [57]
 [57]
 [53]
 [45]
 [49]] 
------------------------ Dataset: Vnv ------------------------
shape: (33, 1), dtype: uint16
Data:[[54]
 [54]
 [51]
 [56]
 [46]
 [57]
 [50]
 [52]
 [51]
 [51]
 [51]
 [57]
 [57]
 [57]
 [57]
 [57]
 [57]
 [45]
 [48]
 [32]
 [54]
 [54]
 [51]
 [56]
 [46]
 [57]
 [50]
 [52]
 [50]
 [55]
 [52]
 [45]
 [49]] 
------------------------ Dataset: Vnw ------------------------
shape: (40, 1), dtype: uint16
Data:[[54]
 [54]
 [53]
 [52]
 [46]
 [53]
 [50]
 [50]
 [48]
 [57]
 [55]
 [57]
 [57]
 [57]
 [57]
 [57]
 [57]
 [53]
 [45]
 [48]
 [32]
 [54]
 [54]
 [53]
 [52]
 [46]
 [53]
 [50]
 [54]
 [49]
 [56]
 [56]
 [57]
 [57]
 [57]
 [57]
 [57]
 [57]
 [45]
 [49]] 
------------------------ Dataset: Vnx ------------------------
shape: (27, 1), dtype: uint16
Data:[[54]
 [54]
 [55]
 [48]
 [46]
 [52]
 [50]
 [54]
 [48]
 [55]
 [54]
 [45]
 [48]
 [32]
 [54]
 [54]
 [55]
 [48]
 [46]
 [52]
 [51]
 [48]
 [50]
 [56]
 [56]
 [45]
 [49]] 
------------------------ Dataset: Vny ------------------------
shape: (27, 1), dtype: uint16
Data:[[54]
 [54]
 [56]
 [54]
 [46]
 [51]
 [51]
 [56]
 [49]
 [55]
 [53]
 [45]
 [48]
 [32]
 [54]
 [54]
 [56]
 [54]
 [46]
 [51]
 [51]
 [52]
 [49]
 [49]
 [50]
 [45]
 [49]] 
------------------------ Dataset: Vnz ------------------------
shape: (33, 1), dtype: uint16
Data:[[53]
 [57]
 [48]
 [52]
 [46]
 [50]
 [53]
 [53]
 [51]
 [50]
 [50]
 [57]
 [57]
 [57]
 [57]
 [57]
 [57]
 [45]
 [48]
 [32]
 [53]
 [57]
 [48]
 [52]
 [46]
 [50]
 [53]
 [48]
 [54]
 [49]
 [53]
 [45]
 [49]] 
------------------------ Dataset: Vo ------------------------

shape: (1, 6), dtype: uint32
Data:[[3707764736          2          1          1        833          1]] 
------------------------ Dataset: Wnb ------------------------
shape: (27, 1), dtype: uint16
Data:[[54]
 [55]
 [54]
 [56]
 [46]
 [48]
 [52]
 [52]
 [53]
 [56]
 [51]
 [45]
 [48]
 [32]
 [54]
 [55]
 [54]
 [56]
 [46]
 [48]
 [52]
 [52]
 [53]
 [53]
 [57]
 [45]
 [49]] 
------------------------ Dataset: Wnc ------------------------
shape: (27, 1), dtype: uint16
Data:[[54]
 [50]
 [56]
 [48]
 [46]
 [56]
 [48]
 [49]
 [56]
 [55]
 [57]
 [45]
 [48]
 [32]
 [54]
 [50]
 [56]
 [48]
 [46]
 [55]
 [57]
 [56]
 [54]
 [50]
 [56]
 [45]
 [49]] 
------------------------ Dataset: Wnd ------------------------
shape: (33, 1), dtype: uint16
Data:[[54]
 [50]
 [57]
 [54]
 [46]
 [53]
 [56]
 [48]
 [49]
 [52]
 [56]
 [57]
 [57]
 [57]
 [57]
 [57]
 [57]
 [45]
 [48]
 [32]
 [54]
 [50]
 [57]
 [54]
 [46]
 [53]
 [56]
 [50]
 [48]
 [52]
 [50]
 [45]
 [49]] 
------------------------ Dataset: Wne ------------------------
shape: (27, 1), dtype: uint16
Data:[[54]
 [51]
 [49]
 [50]
 [46]
 [52]
 [50]
 [53]
 [56]
 [49]
 [51]
 [45]
 [48]
 [32]
 [54]
 [51]
 [49]
 [50]
 [46]
 [52]
 [50]
 [49]
 [56]
 [55]
 [56]
 [45]
 [49]] 
------------------------ Dataset: Wnf ------------------------
shape: (33, 1), dtype: uint16
Data:[[54]
 [51]
 [50]
 [56]
 [46]
 [50]
 [57]
 [55]
 [56]
 [53]
 [56]
 [57]
 [57]
 [57]
 [57]
 [57]
 [57]
 [45]
 [48]
 [32]
 [54]
 [51]
 [50]
 [56]
 [46]
 [51]
 [48]
 [49]
 [57]
 [48]
 [52]
 [45]
 [49]] 
------------------------ Dataset: Wng ------------------------
shape: (13, 1), dtype: uint16
Data:[[54]
 [51]
 [52]
 [52]
 [46]
 [49]
 [50]
 [49]
 [57]
 [54]
 [49]
 [45]
 [48]] 
------------------------ Dataset: Wnh ------------------------
shape: (34, 1), dtype: uint16
Data:[[54]
 [53]
 [48]
 [57]
 [46]
 [50]
 [50]
 [49]
 [57]
 [54]
 [51]
 [45]
 [48]
 [32]
 [54]
 [53]
 [48]
 [57]
 [46]
 [50]
 [49]
 [55]
 [57]
 [57]
 [56]
 [57]
 [57]
 [57]
 [57]
 [57]
 [57]
 [53]
 [45]
 [49]] 
------------------------ Dataset: Wni ------------------------
shape: (27, 1), dtype: uint16
Data:[[54]
 [53]
 [50]
 [53]
 [46]
 [48]
 [51]
 [48]
 [48]
 [54]
 [55]
 [45]
 [48]
 [32]
 [54]
 [53]
 [50]
 [53]
 [46]
 [48]
 [50]
 [54]
 [49]
 [57]
 [56]
 [45]
 [49]] 
------------------------ Dataset: Wnj ------------------------
shape: (33, 1), dtype: uint16
Data:[[54]
 [48]
 [50]
 [48]
 [46]
 [54]
 [50]
 [53]
 [55]
 [55]
 [54]
 [57]
 [57]
 [57]
 [57]
 [57]
 [57]
 [45]
 [48]
 [32]
 [54]
 [48]
 [50]
 [48]
 [46]
 [54]
 [50]
 [49]
 [55]
 [50]
 [55]
 [45]
 [49]] 
------------------------ Dataset: Wnk ------------------------
shape: (27, 1), dtype: uint16
Data:[[54]
 [48]
 [51]
 [54]
 [46]
 [52]
 [49]
 [57]
 [51]
 [52]
 [54]
 [45]
 [48]
 [32]
 [54]
 [48]
 [51]
 [54]
 [46]
 [52]
 [49]
 [52]
 [57]
 [53]
 [49]
 [45]
 [49]] 
------------------------ Dataset: Wnl ------------------------
shape: (27, 1), dtype: uint16
Data:[[54]
 [48]
 [53]
 [50]
 [46]
 [48]
 [49]
 [51]
 [55]
 [54]
 [56]
 [45]
 [48]
 [32]
 [54]
 [48]
 [53]
 [50]
 [46]
 [48]
 [49]
 [55]
 [55]
 [50]
 [54]
 [45]
 [49]] 
------------------------ Dataset: Wnm ------------------------
shape: (27, 1), dtype: uint16
Data:[[54]
 [48]
 [54]
 [55]
 [46]
 [57]
 [49]
 [55]
 [56]
 [49]
 [51]
 [45]
 [48]
 [32]
 [54]
 [48]
 [54]
 [55]
 [46]
 [57]
 [50]
 [49]
 [55]
 [57]
 [54]
 [45]
 [49]] 
------------------------ Dataset: Wnn ------------------------
shape: (40, 1), dtype: uint16
Data:[[54]
 [48]
 [56]
 [51]
 [46]
 [56]
 [54]
 [57]
 [55]
 [56]
 [51]
 [57]
 [57]
 [57]
 [57]
 [57]
 [57]
 [53]
 [45]
 [48]
 [32]
 [54]
 [48]
 [56]
 [51]
 [46]
 [56]
 [55]
 [52]
 [48]
 [48]
 [54]
 [57]
 [57]
 [57]
 [57]
 [57]
 [57]
 [45]
 [49]] 
------------------------ Dataset: Wno ------------------------
shape: (39, 1), dtype: uint16
Data:[[53]
 [54]
 [52]
 [52]
 [46]
 [53]
 [52]
 [54]
 [48]
 [55]
 [52]
 [57]
 [57]
 [57]
 [57]
 [57]
 [57]
 [45]
 [48]
 [32]
 [53]
 [54]
 [52]
 [52]
 [46]
 [53]
 [53]
 [51]
 [55]
 [52]
 [55]
 [57]
 [57]
 [57]
 [57]
 [57]
 [57]
 [45]
 [49]] 
------------------------ Dataset: Wnp ------------------------
shape: (27, 1), dtype: uint16
Data:[[53]
 [54]
 [54]
 [48]
 [46]
 [51]
 [48]
 [49]
 [55]
 [48]
 [51]
 [45]
 [48]
 [32]
 [53]
 [54]
 [54]
 [48]
 [46]
 [50]
 [57]
 [56]
 [55]
 [52]
 [49]
 [45]
 [49]] 
------------------------ Dataset: Wnq ------------------------
shape: (27, 1), dtype: uint16
Data:[[53]
 [54]
 [55]
 [53]
 [46]
 [57]
 [57]
 [51]
 [53]
 [53]
 [56]
 [45]
 [48]
 [32]
 [53]
 [54]
 [55]
 [53]
 [46]
 [57]
 [57]
 [51]
 [53]
 [53]
 [56]
 [45]
 [49]] 
------------------------ Dataset: Wnr ------------------------
shape: (26, 1), dtype: uint16
Data:[[53]
 [54]
 [57]
 [49]
 [46]
 [55]
 [55]
 [55]
 [54]
 [51]
 [45]
 [48]
 [32]
 [53]
 [54]
 [57]
 [49]
 [46]
 [55]
 [56]
 [49]
 [54]
 [49]
 [50]
 [45]
 [49]] 
------------------------ Dataset: Wns ------------------------
shape: (34, 1), dtype: uint16
Data:[[54]
 [52]
 [49]
 [53]
 [46]
 [48]
 [53]
 [56]
 [48]
 [52]
 [54]
 [57]
 [57]
 [57]
 [57]
 [57]
 [57]
 [53]
 [45]
 [48]
 [32]
 [54]
 [52]
 [49]
 [53]
 [46]
 [48]
 [54]
 [50]
 [48]
 [57]
 [54]
 [45]
 [49]] 
------------------------ Dataset: Wnt ------------------------
shape: (32, 1), dtype: uint16
Data:[[54]
 [54]
 [48]
 [55]
 [46]
 [49]
 [50]
 [50]
 [48]
 [54]
 [45]
 [48]
 [32]
 [54]
 [54]
 [48]
 [55]
 [46]
 [49]
 [51]
 [49]
 [52]
 [54]
 [57]
 [57]
 [57]
 [57]
 [57]
 [57]
 [57]
 [45]
 [49]] 
------------------------ Dataset: Wnu ------------------------
shape: (34, 1), dtype: uint16
Data:[[54]
 [54]
 [50]
 [51]
 [46]
 [49]
 [48]
 [52]
 [48]
 [54]
 [57]
 [45]
 [48]
 [32]
 [54]
 [54]
 [50]
 [51]
 [46]
 [48]
 [56]
 [56]
 [49]
 [51]
 [48]
 [57]
 [57]
 [57]
 [57]
 [57]
 [57]
 [53]
 [45]
 [49]] 
------------------------ Dataset: Wnv ------------------------
shape: (33, 1), dtype: uint16
Data:[[54]
 [54]
 [51]
 [56]
 [46]
 [57]
 [50]
 [52]
 [51]
 [51]
 [51]
 [57]
 [57]
 [57]
 [57]
 [57]
 [57]
 [45]
 [48]
 [32]
 [54]
 [54]
 [51]
 [56]
 [46]
 [57]
 [51]
 [48]
 [50]
 [55]
 [50]
 [45]
 [49]] 
------------------------ Dataset: Wnw ------------------------
shape: (33, 1), dtype: uint16
Data:[[54]
 [54]
 [53]
 [52]
 [46]
 [53]
 [51]
 [49]
 [52]
 [49]
 [51]
 [45]
 [48]
 [32]
 [54]
 [54]
 [53]
 [52]
 [46]
 [53]
 [50]
 [54]
 [49]
 [56]
 [56]
 [57]
 [57]
 [57]
 [57]
 [57]
 [57]
 [45]
 [49]] 
------------------------ Dataset: Wnx ------------------------
shape: (34, 1), dtype: uint16
Data:[[54]
 [54]
 [55]
 [48]
 [46]
 [52]
 [51]
 [52]
 [52]
 [48]
 [48]
 [57]
 [57]
 [57]
 [57]
 [57]
 [57]
 [53]
 [45]
 [48]
 [32]
 [54]
 [54]
 [55]
 [48]
 [46]
 [52]
 [51]
 [48]
 [50]
 [56]
 [56]
 [45]
 [49]] 
------------------------ Dataset: Wny ------------------------
shape: (26, 1), dtype: uint16
Data:[[54]
 [54]
 [56]
 [54]
 [46]
 [51]
 [51]
 [56]
 [49]
 [55]
 [53]
 [45]
 [48]
 [32]
 [54]
 [54]
 [56]
 [54]
 [46]
 [51]
 [52]
 [50]
 [51]
 [54]
 [45]
 [49]] 
------------------------ Dataset: Wnz ------------------------
shape: (33, 1), dtype: uint16
Data:[[53]
 [57]
 [48]
 [52]
 [46]
 [50]
 [53]
 [53]
 [51]
 [50]
 [50]
 [57]
 [57]
 [57]
 [57]
 [57]
 [57]
 [45]
 [48]
 [32]
 [53]
 [57]
 [48]
 [52]
 [46]
 [50]
 [53]
 [56]
 [53]
 [52]
 [51]
 [45]
 [49]] 
------------------------ Dataset: Wo ------------------------

shape: (1, 6), dtype: uint32
Data:[[3707764736          2          1          1        834          1]] 
------------------------ Dataset: Xnb ------------------------
shape: (27, 1), dtype: uint16
Data:[[54]
 [55]
 [54]
 [56]
 [46]
 [48]
 [52]
 [52]
 [53]
 [56]
 [51]
 [45]
 [48]
 [32]
 [54]
 [55]
 [54]
 [56]
 [46]
 [48]
 [52]
 [55]
 [53]
 [52]
 [52]
 [45]
 [49]] 
------------------------ Dataset: Xnc ------------------------
shape: (27, 1), dtype: uint16
Data:[[54]
 [50]
 [56]
 [48]
 [46]
 [56]
 [48]
 [49]
 [56]
 [55]
 [57]
 [45]
 [48]
 [32]
 [54]
 [50]
 [56]
 [48]
 [46]
 [56]
 [48]
 [57]
 [56]
 [51]
 [55]
 [45]
 [49]] 
------------------------ Dataset: Xnd ------------------------
shape: (34, 1), dtype: uint16
Data:[[54]
 [50]
 [57]
 [54]
 [46]
 [53]
 [56]
 [53]
 [56]
 [52]
 [57]
 [57]
 [57]
 [57]
 [57]
 [57]
 [57]
 [53]
 [45]
 [48]
 [32]
 [54]
 [50]
 [57]
 [54]
 [46]
 [53]
 [56]
 [50]
 [48]
 [52]
 [50]
 [45]
 [49]] 
------------------------ Dataset: Xne ------------------------
shape: (27, 1), dtype: uint16
Data:[[54]
 [51]
 [49]
 [50]
 [46]
 [52]
 [50]
 [53]
 [56]
 [49]
 [51]
 [45]
 [48]
 [32]
 [54]
 [51]
 [49]
 [50]
 [46]
 [52]
 [51]
 [48]
 [54]
 [55]
 [56]
 [45]
 [49]] 
------------------------ Dataset: Xnf ------------------------
shape: (33, 1), dtype: uint16
Data:[[54]
 [51]
 [50]
 [56]
 [46]
 [51]
 [48]
 [53]
 [56]
 [56]
 [56]
 [57]
 [57]
 [57]
 [57]
 [57]
 [57]
 [45]
 [48]
 [32]
 [54]
 [51]
 [50]
 [56]
 [46]
 [51]
 [48]
 [49]
 [57]
 [48]
 [52]
 [45]
 [49]] 
------------------------ Dataset: Xng ------------------------
shape: (13, 1), dtype: uint16
Data:[[54]
 [51]
 [52]
 [52]
 [46]
 [49]
 [50]
 [54]
 [51]
 [52]
 [54]
 [45]
 [49]] 
------------------------ Dataset: Xnh ------------------------
shape: (33, 1), dtype: uint16
Data:[[54]
 [53]
 [48]
 [57]
 [46]
 [50]
 [50]
 [49]
 [57]
 [54]
 [51]
 [45]
 [48]
 [32]
 [54]
 [53]
 [48]
 [57]
 [46]
 [50]
 [50]
 [53]
 [57]
 [56]
 [50]
 [57]
 [57]
 [57]
 [57]
 [57]
 [57]
 [45]
 [49]] 
------------------------ Dataset: Xni ------------------------
shape: (27, 1), dtype: uint16
Data:[[54]
 [53]
 [50]
 [53]
 [46]
 [48]
 [51]
 [48]
 [48]
 [54]
 [55]
 [45]
 [48]
 [32]
 [54]
 [53]
 [50]
 [53]
 [46]
 [48]
 [51]
 [52]
 [48]
 [54]
 [51]
 [45]
 [49]] 
------------------------ Dataset: Xnj ------------------------
shape: (39, 1), dtype: uint16
Data:[[54]
 [48]
 [50]
 [48]
 [46]
 [54]
 [50]
 [53]
 [55]
 [55]
 [54]
 [57]
 [57]
 [57]
 [57]
 [57]
 [57]
 [45]
 [48]
 [32]
 [54]
 [48]
 [50]
 [48]
 [46]
 [54]
 [50]
 [57]
 [55]
 [54]
 [51]
 [57]
 [57]
 [57]
 [57]
 [57]
 [57]
 [45]
 [49]] 
------------------------ Dataset: Xnk ------------------------
shape: (33, 1), dtype: uint16
Data:[[54]
 [48]
 [51]
 [54]
 [46]
 [52]
 [49]
 [57]
 [51]
 [52]
 [54]
 [45]
 [48]
 [32]
 [54]
 [48]
 [51]
 [54]
 [46]
 [52]
 [50]
 [50]
 [54]
 [49]
 [54]
 [57]
 [57]
 [57]
 [57]
 [57]
 [57]
 [45]
 [49]] 
------------------------ Dataset: Xnl ------------------------
shape: (27, 1), dtype: uint16
Data:[[54]
 [48]
 [53]
 [50]
 [46]
 [48]
 [50]
 [49]
 [55]
 [51]
 [52]
 [45]
 [48]
 [32]
 [54]
 [48]
 [53]
 [50]
 [46]
 [48]
 [49]
 [55]
 [55]
 [50]
 [54]
 [45]
 [49]] 
------------------------ Dataset: Xnm ------------------------
shape: (33, 1), dtype: uint16
Data:[[54]
 [48]
 [54]
 [55]
 [46]
 [57]
 [50]
 [53]
 [56]
 [49]
 [54]
 [57]
 [57]
 [57]
 [57]
 [57]
 [57]
 [45]
 [48]
 [32]
 [54]
 [48]
 [54]
 [55]
 [46]
 [57]
 [50]
 [49]
 [55]
 [57]
 [54]
 [45]
 [49]] 
------------------------ Dataset: Xnn ------------------------
shape: (32, 1), dtype: uint16
Data:[[54]
 [48]
 [56]
 [51]
 [46]
 [56]
 [55]
 [55]
 [55]
 [55]
 [45]
 [48]
 [32]
 [54]
 [48]
 [56]
 [51]
 [46]
 [56]
 [55]
 [52]
 [48]
 [48]
 [54]
 [57]
 [57]
 [57]
 [57]
 [57]
 [57]
 [45]
 [49]] 
------------------------ Dataset: Xno ------------------------
shape: (40, 1), dtype: uint16
Data:[[53]
 [54]
 [52]
 [52]
 [46]
 [53]
 [53]
 [48]
 [53]
 [52]
 [53]
 [57]
 [57]
 [57]
 [57]
 [57]
 [57]
 [53]
 [45]
 [48]
 [32]
 [53]
 [54]
 [52]
 [52]
 [46]
 [53]
 [53]
 [51]
 [55]
 [52]
 [55]
 [57]
 [57]
 [57]
 [57]
 [57]
 [57]
 [45]
 [49]] 
------------------------ Dataset: Xnp ------------------------
shape: (34, 1), dtype: uint16
Data:[[53]
 [54]
 [54]
 [48]
 [46]
 [51]
 [48]
 [49]
 [55]
 [48]
 [51]
 [45]
 [48]
 [32]
 [53]
 [54]
 [54]
 [48]
 [46]
 [51]
 [48]
 [53]
 [54]
 [50]
 [56]
 [57]
 [57]
 [57]
 [57]
 [57]
 [57]
 [53]
 [45]
 [49]] 
------------------------ Dataset: Xnq ------------------------
shape: (27, 1), dtype: uint16
Data:[[53]
 [54]
 [55]
 [53]
 [46]
 [57]
 [57]
 [51]
 [53]
 [53]
 [56]
 [45]
 [48]
 [32]
 [53]
 [54]
 [55]
 [54]
 [46]
 [48]
 [48]
 [51]
 [52]
 [50]
 [56]
 [45]
 [49]] 
------------------------ Dataset: Xnr ------------------------
shape: (33, 1), dtype: uint16
Data:[[53]
 [54]
 [57]
 [49]
 [46]
 [55]
 [56]
 [53]
 [53]
 [57]
 [52]
 [57]
 [57]
 [57]
 [57]
 [57]
 [57]
 [45]
 [48]
 [32]
 [53]
 [54]
 [57]
 [49]
 [46]
 [55]
 [56]
 [49]
 [54]
 [49]
 [50]
 [45]
 [49]] 
------------------------ Dataset: Xns ------------------------
shape: (27, 1), dtype: uint16
Data:[[54]
 [52]
 [49]
 [53]
 [46]
 [48]
 [54]
 [54]
 [48]
 [53]
 [50]
 [45]
 [48]
 [32]
 [54]
 [52]
 [49]
 [53]
 [46]
 [48]
 [54]
 [50]
 [48]
 [57]
 [54]
 [45]
 [49]] 
------------------------ Dataset: Xnt ------------------------
shape: (39, 1), dtype: uint16
Data:[[54]
 [54]
 [48]
 [55]
 [46]
 [49]
 [51]
 [49]
 [54]
 [53]
 [52]
 [57]
 [57]
 [57]
 [57]
 [57]
 [57]
 [45]
 [48]
 [32]
 [54]
 [54]
 [48]
 [55]
 [46]
 [49]
 [51]
 [49]
 [52]
 [54]
 [57]
 [57]
 [57]
 [57]
 [57]
 [57]
 [57]
 [45]
 [49]] 
------------------------ Dataset: Xnu ------------------------
shape: (33, 1), dtype: uint16
Data:[[54]
 [54]
 [50]
 [51]
 [46]
 [49]
 [48]
 [52]
 [48]
 [54]
 [57]
 [45]
 [48]
 [32]
 [54]
 [54]
 [50]
 [51]
 [46]
 [49]
 [48]
 [51]
 [57]
 [56]
 [51]
 [57]
 [57]
 [57]
 [57]
 [57]
 [57]
 [45]
 [49]] 
------------------------ Dataset: Xnv ------------------------
shape: (33, 1), dtype: uint16
Data:[[54]
 [54]
 [51]
 [56]
 [46]
 [57]
 [51]
 [52]
 [49]
 [51]
 [54]
 [57]
 [57]
 [57]
 [57]
 [57]
 [57]
 [45]
 [48]
 [32]
 [54]
 [54]
 [51]
 [56]
 [46]
 [57]
 [51]
 [48]
 [50]
 [55]
 [50]
 [45]
 [49]] 
------------------------ Dataset: Xnw ------------------------
shape: (27, 1), dtype: uint16
Data:[[54]
 [54]
 [53]
 [52]
 [46]
 [53]
 [51]
 [49]
 [52]
 [49]
 [51]
 [45]
 [48]
 [32]
 [54]
 [54]
 [53]
 [52]
 [46]
 [53]
 [51]
 [52]
 [51]
 [54]
 [49]
 [45]
 [49]] 
------------------------ Dataset: Xnx ------------------------
shape: (34, 1), dtype: uint16
Data:[[54]
 [54]
 [55]
 [48]
 [46]
 [52]
 [51]
 [52]
 [52]
 [48]
 [48]
 [57]
 [57]
 [57]
 [57]
 [57]
 [57]
 [53]
 [45]
 [48]
 [32]
 [54]
 [54]
 [55]
 [48]
 [46]
 [52]
 [51]
 [56]
 [49]
 [54]
 [53]
 [45]
 [49]] 
------------------------ Dataset: Xny ------------------------
shape: (26, 1), dtype: uint16
Data:[[54]
 [54]
 [56]
 [54]
 [46]
 [51]
 [52]
 [54]
 [50]
 [48]
 [56]
 [45]
 [48]
 [32]
 [54]
 [54]
 [56]
 [54]
 [46]
 [51]
 [52]
 [50]
 [51]
 [54]
 [45]
 [49]] 
------------------------ Dataset: Xnz ------------------------
shape: (33, 1), dtype: uint16
Data:[[53]
 [57]
 [48]
 [52]
 [46]
 [50]
 [54]
 [50]
 [55]
 [49]
 [48]
 [57]
 [57]
 [57]
 [57]
 [57]
 [57]
 [45]
 [48]
 [32]
 [53]
 [57]
 [48]
 [52]
 [46]
 [50]
 [53]
 [56]
 [53]
 [52]
 [51]
 [45]
 [49]] 
------------------------ Dataset: Xo ------------------------

shape: (1, 6), dtype: uint32
Data:[[3707764736          2          1          1        835          1]] 
------------------------ Dataset: Ynb ------------------------
shape: (33, 1), dtype: uint16
Data:[[54]
 [55]
 [54]
 [56]
 [46]
 [48]
 [52]
 [56]
 [50]
 [53]
 [51]
 [57]
 [57]
 [57]
 [57]
 [57]
 [57]
 [45]
 [48]
 [32]
 [54]
 [55]
 [54]
 [56]
 [46]
 [48]
 [52]
 [55]
 [53]
 [52]
 [52]
 [45]
 [49]] 
------------------------ Dataset: Ync ------------------------
shape: (27, 1), dtype: uint16
Data:[[54]
 [50]
 [56]
 [48]
 [46]
 [56]
 [48]
 [57]
 [56]
 [51]
 [53]
 [45]
 [48]
 [32]
 [54]
 [50]
 [56]
 [48]
 [46]
 [56]
 [48]
 [57]
 [56]
 [51]
 [55]
 [45]
 [49]] 
------------------------ Dataset: Ynd ------------------------
shape: (33, 1), dtype: uint16
Data:[[54]
 [50]
 [57]
 [54]
 [46]
 [53]
 [56]
 [53]
 [56]
 [52]
 [57]
 [57]
 [57]
 [57]
 [57]
 [57]
 [57]
 [53]
 [45]
 [48]
 [32]
 [54]
 [50]
 [57]
 [54]
 [46]
 [53]
 [56]
 [57]
 [56]
 [54]
 [45]
 [49]] 
------------------------ Dataset: Yne ------------------------
shape: (27, 1), dtype: uint16
Data:[[54]
 [51]
 [49]
 [50]
 [46]
 [52]
 [51]
 [51]
 [56]
 [53]
 [55]
 [45]
 [48]
 [32]
 [54]
 [51]
 [49]
 [50]
 [46]
 [52]
 [51]
 [48]
 [54]
 [55]
 [56]
 [45]
 [49]] 
------------------------ Dataset: Ynf ------------------------
shape: (39, 1), dtype: uint16
Data:[[54]
 [51]
 [50]
 [56]
 [46]
 [51]
 [48]
 [53]
 [56]
 [56]
 [56]
 [57]
 [57]
 [57]
 [57]
 [57]
 [57]
 [45]
 [48]
 [32]
 [54]
 [51]
 [50]
 [56]
 [46]
 [51]
 [49]
 [50]
 [56]
 [48]
 [51]
 [57]
 [57]
 [57]
 [57]
 [57]
 [57]
 [45]
 [49]] 
------------------------ Dataset: Yng ------------------------
shape: (19, 1), dtype: uint16
Data:[[54]
 [51]
 [52]
 [52]
 [46]
 [49]
 [50]
 [57]
 [57]
 [50]
 [52]
 [57]
 [57]
 [57]
 [57]
 [57]
 [57]
 [45]
 [48]] 
------------------------ Dataset: Ynh ------------------------
shape: (33, 1), dtype: uint16
Data:[[54]
 [53]
 [48]
 [57]
 [46]
 [50]
 [50]
 [57]
 [57]
 [53]
 [51]
 [45]
 [48]
 [32]
 [54]
 [53]
 [48]
 [57]
 [46]
 [50]
 [50]
 [53]
 [57]
 [56]
 [50]
 [57]
 [57]
 [57]
 [57]
 [57]
 [57]
 [45]
 [49]] 
------------------------ Dataset: Yni ------------------------
shape: (27, 1), dtype: uint16
Data:[[54]
 [53]
 [50]
 [53]
 [46]
 [48]
 [51]
 [56]
 [48]
 [56]
 [50]
 [45]
 [48]
 [32]
 [54]
 [53]
 [50]
 [53]
 [46]
 [48]
 [51]
 [52]
 [48]
 [54]
 [51]
 [45]
 [49]] 
------------------------ Dataset: Ynj ------------------------
shape: (33, 1), dtype: uint16
Data:[[54]
 [48]
 [50]
 [48]
 [46]
 [54]
 [51]
 [51]
 [55]
 [56]
 [52]
 [45]
 [48]
 [32]
 [54]
 [48]
 [50]
 [48]
 [46]
 [54]
 [50]
 [57]
 [55]
 [54]
 [51]
 [57]
 [57]
 [57]
 [57]
 [57]
 [57]
 [45]
 [49]] 
------------------------ Dataset: Ynk ------------------------
shape: (31, 1), dtype: uint16
Data:[[54]
 [48]
 [51]
 [54]
 [46]
 [52]
 [50]
 [54]
 [50]
 [45]
 [48]
 [32]
 [54]
 [48]
 [51]
 [54]
 [46]
 [52]
 [50]
 [50]
 [54]
 [49]
 [54]
 [57]
 [57]
 [57]
 [57]
 [57]
 [57]
 [45]
 [49]] 
------------------------ Dataset: Ynl ------------------------
shape: (27, 1), dtype: uint16
Data:[[54]
 [48]
 [53]
 [50]
 [46]
 [48]
 [50]
 [49]
 [55]
 [51]
 [52]
 [45]
 [48]
 [32]
 [54]
 [48]
 [53]
 [50]
 [46]
 [48]
 [50]
 [53]
 [55]
 [54]
 [51]
 [45]
 [49]] 
------------------------ Dataset: Ynm ------------------------
shape: (33, 1), dtype: uint16
Data:[[54]
 [48]
 [54]
 [55]
 [46]
 [57]
 [50]
 [53]
 [56]
 [49]
 [54]
 [57]
 [57]
 [57]
 [57]
 [57]
 [57]
 [45]
 [48]
 [32]
 [54]
 [48]
 [54]
 [55]
 [46]
 [57]
 [50]
 [57]
 [55]
 [56]
 [54]
 [45]
 [49]] 
------------------------ Dataset: Ynn ------------------------
shape: (32, 1), dtype: uint16
Data:[[54]
 [48]
 [56]
 [51]
 [46]
 [56]
 [55]
 [55]
 [55]
 [55]
 [45]
 [48]
 [32]
 [54]
 [48]
 [56]
 [51]
 [46]
 [56]
 [56]
 [49]
 [56]
 [48]
 [50]
 [57]
 [57]
 [57]
 [57]
 [57]
 [57]
 [45]
 [49]] 
------------------------ Dataset: Yno ------------------------
shape: (40, 1), dtype: uint16
Data:[[53]
 [54]
 [52]
 [52]
 [46]
 [53]
 [53]
 [55]
 [53]
 [55]
 [51]
 [57]
 [57]
 [57]
 [57]
 [57]
 [57]
 [53]
 [45]
 [48]
 [32]
 [53]
 [54]
 [52]
 [52]
 [46]
 [53]
 [53]
 [51]
 [55]
 [52]
 [55]
 [57]
 [57]
 [57]
 [57]
 [57]
 [57]
 [45]
 [49]] 
------------------------ Dataset: Ynp ------------------------
shape: (40, 1), dtype: uint16
Data:[[53]
 [54]
 [54]
 [48]
 [46]
 [51]
 [48]
 [57]
 [53]
 [49]
 [53]
 [57]
 [57]
 [57]
 [57]
 [57]
 [57]
 [45]
 [48]
 [32]
 [53]
 [54]
 [54]
 [48]
 [46]
 [51]
 [48]
 [53]
 [54]
 [50]
 [56]
 [57]
 [57]
 [57]
 [57]
 [57]
 [57]
 [53]
 [45]
 [49]] 
------------------------ Dataset: Ynq ------------------------
shape: (33, 1), dtype: uint16
Data:[[53]
 [54]
 [55]
 [54]
 [46]
 [48]
 [48]
 [50]
 [57]
 [54]
 [48]
 [57]
 [57]
 [57]
 [57]
 [57]
 [57]
 [45]
 [48]
 [32]
 [53]
 [54]
 [55]
 [54]
 [46]
 [48]
 [48]
 [51]
 [52]
 [50]
 [56]
 [45]
 [49]] 
------------------------ Dataset: Ynr ------------------------
shape: (32, 1), dtype: uint16
Data:[[53]
 [54]
 [57]
 [49]
 [46]
 [55]
 [56]
 [53]
 [53]
 [57]
 [52]
 [57]
 [57]
 [57]
 [57]
 [57]
 [57]
 [45]
 [48]
 [32]
 [53]
 [54]
 [57]
 [49]
 [46]
 [55]
 [56]
 [57]
 [53]
 [51]
 [45]
 [49]] 
------------------------ Dataset: Yns ------------------------
shape: (26, 1), dtype: uint16
Data:[[54]
 [52]
 [49]
 [53]
 [46]
 [48]
 [54]
 [54]
 [48]
 [53]
 [50]
 [45]
 [48]
 [32]
 [54]
 [52]
 [49]
 [53]
 [46]
 [48]
 [54]
 [57]
 [57]
 [57]
 [45]
 [49]] 
------------------------ Dataset: Ynt ------------------------
shape: (40, 1), dtype: uint16
Data:[[54]
 [54]
 [48]
 [55]
 [46]
 [49]
 [51]
 [49]
 [54]
 [53]
 [52]
 [57]
 [57]
 [57]
 [57]
 [57]
 [57]
 [45]
 [48]
 [32]
 [54]
 [54]
 [48]
 [55]
 [46]
 [49]
 [51]
 [56]
 [49]
 [48]
 [56]
 [57]
 [57]
 [57]
 [57]
 [57]
 [57]
 [53]
 [45]
 [49]] 
------------------------ Dataset: Ynu ------------------------
shape: (27, 1), dtype: uint16
Data:[[54]
 [54]
 [50]
 [51]
 [46]
 [49]
 [48]
 [52]
 [48]
 [54]
 [57]
 [45]
 [48]
 [32]
 [54]
 [54]
 [50]
 [51]
 [46]
 [49]
 [49]
 [51]
 [53]
 [52]
 [52]
 [45]
 [49]] 
------------------------ Dataset: Ynv ------------------------
shape: (39, 1), dtype: uint16
Data:[[54]
 [54]
 [51]
 [56]
 [46]
 [57]
 [51]
 [52]
 [49]
 [51]
 [54]
 [57]
 [57]
 [57]
 [57]
 [57]
 [57]
 [45]
 [48]
 [32]
 [54]
 [54]
 [51]
 [56]
 [46]
 [57]
 [51]
 [56]
 [49]
 [56]
 [50]
 [57]
 [57]
 [57]
 [57]
 [57]
 [57]
 [45]
 [49]] 
------------------------ Dataset: Ynw ------------------------
shape: (27, 1), dtype: uint16
Data:[[54]
 [54]
 [53]
 [52]
 [46]
 [53]
 [51]
 [56]
 [48]
 [55]
 [56]
 [45]
 [48]
 [32]
 [54]
 [54]
 [53]
 [52]
 [46]
 [53]
 [51]
 [52]
 [51]
 [54]
 [49]
 [45]
 [49]] 
------------------------ Dataset: Ynx ------------------------
shape: (33, 1), dtype: uint16
Data:[[54]
 [54]
 [55]
 [48]
 [46]
 [52]
 [52]
 [52]
 [54]
 [52]
 [51]
 [57]
 [57]
 [57]
 [57]
 [57]
 [57]
 [45]
 [48]
 [32]
 [54]
 [54]
 [55]
 [48]
 [46]
 [52]
 [51]
 [56]
 [49]
 [54]
 [53]
 [45]
 [49]] 
------------------------ Dataset: Yny ------------------------
shape: (27, 1), dtype: uint16
Data:[[54]
 [54]
 [56]
 [54]
 [46]
 [51]
 [52]
 [54]
 [50]
 [48]
 [56]
 [45]
 [48]
 [32]
 [54]
 [54]
 [56]
 [54]
 [46]
 [51]
 [53]
 [48]
 [53]
 [56]
 [57]
 [45]
 [49]] 
------------------------ Dataset: Ynz ------------------------
shape: (39, 1), dtype: uint16
Data:[[53]
 [57]
 [48]
 [52]
 [46]
 [50]
 [54]
 [50]
 [55]
 [49]
 [48]
 [57]
 [57]
 [57]
 [57]
 [57]
 [57]
 [45]
 [48]
 [32]
 [53]
 [57]
 [48]
 [52]
 [46]
 [50]
 [54]
 [56]
 [57]
 [49]
 [54]
 [57]
 [57]
 [57]
 [57]
 [57]
 [57]
 [45]
 [49]] 
------------------------ Dataset: Yo ------------------------

shape: (1, 6), dtype: uint32
Data:[[3707764736          2          1          1        836          1]] 
------------------------ Dataset: Znb ------------------------
shape: (33, 1), dtype: uint16
Data:[[54]
 [55]
 [54]
 [56]
 [46]
 [48]
 [52]
 [56]
 [50]
 [53]
 [51]
 [57]
 [57]
 [57]
 [57]
 [57]
 [57]
 [45]
 [48]
 [32]
 [54]
 [55]
 [54]
 [56]
 [46]
 [48]
 [53]
 [48]
 [56]
 [51]
 [55]
 [45]
 [49]] 
------------------------ Dataset: Znc ------------------------
shape: (27, 1), dtype: uint16
Data:[[54]
 [50]
 [56]
 [48]
 [46]
 [56]
 [50]
 [51]
 [50]
 [55]
 [56]
 [45]
 [48]
 [32]
 [54]
 [50]
 [56]
 [48]
 [46]
 [56]
 [48]
 [57]
 [56]
 [51]
 [55]
 [45]
 [49]] 
------------------------ Dataset: Znd ------------------------
shape: (26, 1), dtype: uint16
Data:[[54]
 [50]
 [57]
 [54]
 [46]
 [53]
 [57]
 [51]
 [56]
 [56]
 [51]
 [45]
 [48]
 [32]
 [54]
 [50]
 [57]
 [54]
 [46]
 [53]
 [56]
 [57]
 [56]
 [54]
 [45]
 [49]] 
------------------------ Dataset: Zne ------------------------
shape: (27, 1), dtype: uint16
Data:[[54]
 [51]
 [49]
 [50]
 [46]
 [52]
 [51]
 [51]
 [56]
 [53]
 [55]
 [45]
 [48]
 [32]
 [54]
 [51]
 [49]
 [50]
 [46]
 [52]
 [51]
 [55]
 [56]
 [57]
 [50]
 [45]
 [49]] 
------------------------ Dataset: Znf ------------------------
shape: (39, 1), dtype: uint16
Data:[[54]
 [51]
 [50]
 [56]
 [46]
 [51]
 [49]
 [51]
 [57]
 [50]
 [57]
 [57]
 [57]
 [57]
 [57]
 [57]
 [57]
 [45]
 [48]
 [32]
 [54]
 [51]
 [50]
 [56]
 [46]
 [51]
 [49]
 [50]
 [56]
 [48]
 [51]
 [57]
 [57]
 [57]
 [57]
 [57]
 [57]
 [45]
 [49]] 
------------------------ Dataset: Zng ------------------------
shape: (19, 1), dtype: uint16
Data:[[54]
 [51]
 [52]
 [52]
 [46]
 [49]
 [51]
 [51]
 [57]
 [56]
 [49]
 [57]
 [57]
 [57]
 [57]
 [57]
 [57]
 [45]
 [49]] 
------------------------ Dataset: Znh ------------------------
shape: (27, 1), dtype: uint16
Data:[[54]
 [53]
 [48]
 [57]
 [46]
 [50]
 [50]
 [57]
 [57]
 [53]
 [51]
 [45]
 [48]
 [32]
 [54]
 [53]
 [48]
 [57]
 [46]
 [50]
 [51]
 [53]
 [50]
 [49]
 [56]
 [45]
 [49]] 
------------------------ Dataset: Zni ------------------------
shape: (27, 1), dtype: uint16
Data:[[54]
 [53]
 [50]
 [53]
 [46]
 [48]
 [51]
 [56]
 [48]
 [56]
 [50]
 [45]
 [48]
 [32]
 [54]
 [53]
 [50]
 [53]
 [46]
 [48]
 [52]
 [50]
 [48]
 [55]
 [57]
 [45]
 [49]] 
------------------------ Dataset: Znj ------------------------
shape: (27, 1), dtype: uint16
Data:[[54]
 [48]
 [50]
 [48]
 [46]
 [54]
 [51]
 [51]
 [55]
 [56]
 [52]
 [45]
 [48]
 [32]
 [54]
 [48]
 [50]
 [48]
 [46]
 [54]
 [51]
 [55]
 [55]
 [52]
 [52]
 [45]
 [49]] 
------------------------ Dataset: Znk ------------------------
shape: (31, 1), dtype: uint16
Data:[[54]
 [48]
 [51]
 [54]
 [46]
 [52]
 [50]
 [54]
 [50]
 [45]
 [48]
 [32]
 [54]
 [48]
 [51]
 [54]
 [46]
 [52]
 [50]
 [57]
 [57]
 [52]
 [56]
 [57]
 [57]
 [57]
 [57]
 [57]
 [57]
 [45]
 [49]] 
------------------------ Dataset: Znl ------------------------
shape: (27, 1), dtype: uint16
Data:[[54]
 [48]
 [53]
 [50]
 [46]
 [48]
 [50]
 [57]
 [56]
 [53]
 [56]
 [45]
 [48]
 [32]
 [54]
 [48]
 [53]
 [50]
 [46]
 [48]
 [50]
 [53]
 [55]
 [54]
 [51]
 [45]
 [49]] 
------------------------ Dataset: Znm ------------------------
shape: (27, 1), dtype: uint16
Data:[[54]
 [48]
 [54]
 [55]
 [46]
 [57]
 [51]
 [51]
 [55]
 [48]
 [57]
 [45]
 [48]
 [32]
 [54]
 [48]
 [54]
 [55]
 [46]
 [57]
 [50]
 [57]
 [55]
 [56]
 [54]
 [45]
 [49]] 
------------------------ Dataset: Znn ------------------------
shape: (33, 1), dtype: uint16
Data:[[54]
 [48]
 [56]
 [51]
 [46]
 [56]
 [56]
 [53]
 [55]
 [57]
 [50]
 [45]
 [48]
 [32]
 [54]
 [48]
 [56]
 [51]
 [46]
 [56]
 [56]
 [49]
 [56]
 [48]
 [50]
 [57]
 [57]
 [57]
 [57]
 [57]
 [57]
 [45]
 [49]] 
------------------------ Dataset: Zno ------------------------
shape: (34, 1), dtype: uint16
Data:[[53]
 [54]
 [52]
 [52]
 [46]
 [53]
 [53]
 [55]
 [53]
 [55]
 [51]
 [57]
 [57]
 [57]
 [57]
 [57]
 [57]
 [53]
 [45]
 [48]
 [32]
 [53]
 [54]
 [52]
 [52]
 [46]
 [53]
 [54]
 [49]
 [54]
 [48]
 [51]
 [45]
 [49]] 
------------------------ Dataset: Znp ------------------------
shape: (40, 1), dtype: uint16
Data:[[53]
 [54]
 [54]
 [48]
 [46]
 [51]
 [48]
 [57]
 [53]
 [49]
 [53]
 [57]
 [57]
 [57]
 [57]
 [57]
 [57]
 [45]
 [48]
 [32]
 [53]
 [54]
 [54]
 [48]
 [46]
 [51]
 [49]
 [51]
 [54]
 [50]
 [54]
 [57]
 [57]
 [57]
 [57]
 [57]
 [57]
 [53]
 [45]
 [49]] 
------------------------ Dataset: Znq ------------------------
shape: (27, 1), dtype: uint16
Data:[[53]
 [54]
 [55]
 [54]
 [46]
 [48]
 [49]
 [56]
 [53]
 [57]
 [51]
 [45]
 [48]
 [32]
 [53]
 [54]
 [55]
 [54]
 [46]
 [48]
 [48]
 [51]
 [52]
 [50]
 [56]
 [45]
 [49]] 
------------------------ Dataset: Znr ------------------------
shape: (32, 1), dtype: uint16
Data:[[53]
 [54]
 [57]
 [49]
 [46]
 [55]
 [57]
 [52]
 [49]
 [50]
 [52]
 [57]
 [57]
 [57]
 [57]
 [57]
 [57]
 [45]
 [48]
 [32]
 [53]
 [54]
 [57]
 [49]
 [46]
 [55]
 [56]
 [57]
 [53]
 [51]
 [45]
 [49]] 
------------------------ Dataset: Zns ------------------------
shape: (26, 1), dtype: uint16
Data:[[54]
 [52]
 [49]
 [53]
 [46]
 [48]
 [55]
 [52]
 [48]
 [50]
 [50]
 [45]
 [48]
 [32]
 [54]
 [52]
 [49]
 [53]
 [46]
 [48]
 [54]
 [57]
 [57]
 [57]
 [45]
 [49]] 
------------------------ Dataset: Znt ------------------------
shape: (34, 1), dtype: uint16
Data:[[54]
 [54]
 [48]
 [55]
 [46]
 [49]
 [51]
 [56]
 [48]
 [49]
 [57]
 [45]
 [48]
 [32]
 [54]
 [54]
 [48]
 [55]
 [46]
 [49]
 [51]
 [56]
 [49]
 [48]
 [56]
 [57]
 [57]
 [57]
 [57]
 [57]
 [57]
 [53]
 [45]
 [49]] 
------------------------ Dataset: Znu ------------------------
shape: (27, 1), dtype: uint16
Data:[[54]
 [54]
 [50]
 [51]
 [46]
 [49]
 [49]
 [51]
 [52]
 [57]
 [51]
 [45]
 [48]
 [32]
 [54]
 [54]
 [50]
 [51]
 [46]
 [49]
 [49]
 [51]
 [53]
 [52]
 [52]
 [45]
 [49]] 
------------------------ Dataset: Znv ------------------------
shape: (40, 1), dtype: uint16
Data:[[54]
 [54]
 [51]
 [56]
 [46]
 [57]
 [52]
 [50]
 [49]
 [54]
 [52]
 [57]
 [57]
 [57]
 [57]
 [57]
 [57]
 [53]
 [45]
 [48]
 [32]
 [54]
 [54]
 [51]
 [56]
 [46]
 [57]
 [51]
 [56]
 [49]
 [56]
 [50]
 [57]
 [57]
 [57]
 [57]
 [57]
 [57]
 [45]
 [49]] 
------------------------ Dataset: Znw ------------------------
shape: (27, 1), dtype: uint16
Data:[[54]
 [54]
 [53]
 [52]
 [46]
 [53]
 [51]
 [56]
 [48]
 [55]
 [56]
 [45]
 [48]
 [32]
 [54]
 [54]
 [53]
 [52]
 [46]
 [53]
 [52]
 [50]
 [49]
 [50]
 [53]
 [45]
 [49]] 
------------------------ Dataset: Znx ------------------------
shape: (39, 1), dtype: uint16
Data:[[54]
 [54]
 [55]
 [48]
 [46]
 [52]
 [52]
 [52]
 [54]
 [52]
 [51]
 [57]
 [57]
 [57]
 [57]
 [57]
 [57]
 [45]
 [48]
 [32]
 [54]
 [54]
 [55]
 [48]
 [46]
 [52]
 [52]
 [54]
 [51]
 [54]
 [48]
 [57]
 [57]
 [57]
 [57]
 [57]
 [57]
 [45]
 [49]] 
------------------------ Dataset: Zny ------------------------
shape: (26, 1), dtype: uint16
Data:[[54]
 [54]
 [56]
 [54]
 [46]
 [51]
 [53]
 [52]
 [50]
 [51]
 [45]
 [48]
 [32]
 [54]
 [54]
 [56]
 [54]
 [46]
 [51]
 [53]
 [48]
 [53]
 [56]
 [57]
 [45]
 [49]] 
------------------------ Dataset: Znz ------------------------
shape: (39, 1), dtype: uint16
Data:[[53]
 [57]
 [48]
 [52]
 [46]
 [50]
 [55]
 [48]
 [48]
 [50]
 [53]
 [57]
 [57]
 [57]
 [57]
 [57]
 [57]
 [45]
 [48]
 [32]
 [53]
 [57]
 [48]
 [52]
 [46]
 [50]
 [54]
 [56]
 [57]
 [49]
 [54]
 [57]
 [57]
 [57]
 [57]
 [57]
 [57]
 [45]
 [49]] 
------------------------ Dataset: Zo ------------------------

shape: (1, 6), dtype: uint32
Data:[[3707764736          2          1          1        837          1]] 
------------------------ Dataset: 1nb ------------------------
shape: (27, 1), dtype: uint16
Data:[[54]
 [55]
 [54]
 [56]
 [46]
 [48]
 [53]
 [52]
 [49]
 [52]
 [49]
 [45]
 [48]
 [32]
 [54]
 [55]
 [54]
 [56]
 [46]
 [48]
 [53]
 [48]
 [56]
 [51]
 [55]
 [45]
 [49]] 
------------------------ Dataset: 1nc ------------------------
shape: (34, 1), dtype: uint16
Data:[[54]
 [50]
 [56]
 [48]
 [46]
 [56]
 [50]
 [51]
 [50]
 [55]
 [56]
 [45]
 [48]
 [32]
 [54]
 [50]
 [56]
 [48]
 [46]
 [56]
 [50]
 [51]
 [48]
 [52]
 [53]
 [57]
 [57]
 [57]
 [57]
 [57]
 [57]
 [53]
 [45]
 [49]] 
------------------------ Dataset: 1nd ------------------------
shape: (27, 1), dtype: uint16
Data:[[54]
 [50]
 [57]
 [54]
 [46]
 [53]
 [57]
 [51]
 [56]
 [56]
 [51]
 [45]
 [48]
 [32]
 [54]
 [50]
 [57]
 [54]
 [46]
 [53]
 [57]
 [56]
 [51]
 [57]
 [53]
 [45]
 [49]] 
------------------------ Dataset: 1ne ------------------------
shape: (27, 1), dtype: uint16
Data:[[54]
 [51]
 [49]
 [50]
 [46]
 [52]
 [52]
 [49]
 [57]
 [53]
 [49]
 [45]
 [48]
 [32]
 [54]
 [51]
 [49]
 [50]
 [46]
 [52]
 [51]
 [55]
 [56]
 [57]
 [50]
 [45]
 [49]] 
------------------------ Dataset: 1nf ------------------------
shape: (39, 1), dtype: uint16
Data:[[54]
 [51]
 [50]
 [56]
 [46]
 [51]
 [49]
 [51]
 [57]
 [50]
 [57]
 [57]
 [57]
 [57]
 [57]
 [57]
 [57]
 [45]
 [48]
 [32]
 [54]
 [51]
 [50]
 [56]
 [46]
 [51]
 [50]
 [48]
 [49]
 [50]
 [52]
 [57]
 [57]
 [57]
 [57]
 [57]
 [57]
 [45]
 [49]] 
------------------------ Dataset: 1ng ------------------------
shape: (19, 1), dtype: uint16
Data:[[54]
 [51]
 [52]
 [52]
 [46]
 [49]
 [51]
 [55]
 [57]
 [51]
 [56]
 [57]
 [57]
 [57]
 [57]
 [57]
 [57]
 [45]
 [48]] 
------------------------ Dataset: 1nh ------------------------
shape: (34, 1), dtype: uint16
Data:[[54]
 [53]
 [48]
 [57]
 [46]
 [50]
 [51]
 [57]
 [55]
 [53]
 [57]
 [57]
 [57]
 [57]
 [57]
 [57]
 [57]
 [53]
 [45]
 [48]
 [32]
 [54]
 [53]
 [48]
 [57]
 [46]
 [50]
 [51]
 [53]
 [50]
 [49]
 [56]
 [45]
 [49]] 
------------------------ Dataset: 1ni ------------------------
shape: (34, 1), dtype: uint16
Data:[[54]
 [53]
 [50]
 [53]
 [46]
 [48]
 [52]
 [54]
 [48]
 [53]
 [51]
 [57]
 [57]
 [57]
 [57]
 [57]
 [57]
 [53]
 [45]
 [48]
 [32]
 [54]
 [53]
 [50]
 [53]
 [46]
 [48]
 [52]
 [50]
 [48]
 [55]
 [57]
 [45]
 [49]] 
------------------------ Dataset: 1nj ------------------------
shape: (27, 1), dtype: uint16
Data:[[54]
 [48]
 [50]
 [48]
 [46]
 [54]
 [52]
 [49]
 [55]
 [54]
 [51]
 [45]
 [48]
 [32]
 [54]
 [48]
 [50]
 [48]
 [46]
 [54]
 [51]
 [55]
 [55]
 [52]
 [52]
 [45]
 [49]] 
------------------------ Dataset: 1nk ------------------------
shape: (40, 1), dtype: uint16
Data:[[54]
 [48]
 [51]
 [54]
 [46]
 [52]
 [51]
 [52]
 [52]
 [56]
 [54]
 [57]
 [57]
 [57]
 [57]
 [57]
 [57]
 [53]
 [45]
 [48]
 [32]
 [54]
 [48]
 [51]
 [54]
 [46]
 [52]
 [50]
 [57]
 [57]
 [52]
 [56]
 [57]
 [57]
 [57]
 [57]
 [57]
 [57]
 [45]
 [49]] 
------------------------ Dataset: 1nl ------------------------
shape: (26, 1), dtype: uint16
Data:[[54]
 [48]
 [53]
 [50]
 [46]
 [48]
 [50]
 [57]
 [56]
 [53]
 [56]
 [45]
 [48]
 [32]
 [54]
 [48]
 [53]
 [50]
 [46]
 [48]
 [51]
 [51]
 [55]
 [52]
 [45]
 [49]] 
------------------------ Dataset: 1nm ------------------------
shape: (34, 1), dtype: uint16
Data:[[54]
 [48]
 [54]
 [55]
 [46]
 [57]
 [51]
 [51]
 [55]
 [48]
 [57]
 [45]
 [48]
 [32]
 [54]
 [48]
 [54]
 [55]
 [46]
 [57]
 [51]
 [55]
 [54]
 [57]
 [49]
 [57]
 [57]
 [57]
 [57]
 [57]
 [57]
 [53]
 [45]
 [49]] 
------------------------ Dataset: 1nn ------------------------
shape: (27, 1), dtype: uint16
Data:[[54]
 [48]
 [56]
 [51]
 [46]
 [56]
 [56]
 [53]
 [55]
 [57]
 [50]
 [45]
 [48]
 [32]
 [54]
 [48]
 [56]
 [51]
 [46]
 [56]
 [56]
 [57]
 [55]
 [53]
 [55]
 [45]
 [49]] 
------------------------ Dataset: 1no ------------------------
shape: (33, 1), dtype: uint16
Data:[[53]
 [54]
 [52]
 [52]
 [46]
 [53]
 [54]
 [53]
 [53]
 [51]
 [56]
 [57]
 [57]
 [57]
 [57]
 [57]
 [57]
 [45]
 [48]
 [32]
 [53]
 [54]
 [52]
 [52]
 [46]
 [53]
 [54]
 [49]
 [54]
 [48]
 [51]
 [45]
 [49]] 
------------------------ Dataset: 1np ------------------------
shape: (41, 1), dtype: uint16
Data:[[53]
 [54]
 [54]
 [48]
 [46]
 [51]
 [49]
 [55]
 [55]
 [49]
 [50]
 [57]
 [57]
 [57]
 [57]
 [57]
 [57]
 [53]
 [45]
 [48]
 [32]
 [53]
 [54]
 [54]
 [48]
 [46]
 [51]
 [49]
 [51]
 [54]
 [50]
 [54]
 [57]
 [57]
 [57]
 [57]
 [57]
 [57]
 [53]
 [45]
 [49]] 
------------------------ Dataset: 1nq ------------------------
shape: (27, 1), dtype: uint16
Data:[[53]
 [54]
 [55]
 [54]
 [46]
 [48]
 [49]
 [56]
 [53]
 [57]
 [51]
 [45]
 [48]
 [32]
 [53]
 [54]
 [55]
 [54]
 [46]
 [48]
 [49]
 [52]
 [56]
 [54]
 [53]
 [45]
 [49]] 
------------------------ Dataset: 1nr ------------------------
shape: (40, 1), dtype: uint16
Data:[[53]
 [54]
 [57]
 [49]
 [46]
 [55]
 [57]
 [52]
 [49]
 [50]
 [52]
 [57]
 [57]
 [57]
 [57]
 [57]
 [57]
 [45]
 [48]
 [32]
 [53]
 [54]
 [57]
 [49]
 [46]
 [55]
 [57]
 [55]
 [54]
 [48]
 [54]
 [57]
 [57]
 [57]
 [57]
 [57]
 [57]
 [53]
 [45]
 [49]] 
------------------------ Dataset: 1ns ------------------------
shape: (27, 1), dtype: uint16
Data:[[54]
 [52]
 [49]
 [53]
 [46]
 [48]
 [55]
 [52]
 [48]
 [50]
 [50]
 [45]
 [48]
 [32]
 [54]
 [52]
 [49]
 [53]
 [46]
 [48]
 [56]
 [49]
 [56]
 [49]
 [52]
 [45]
 [49]] 
------------------------ Dataset: 1nt ------------------------
shape: (40, 1), dtype: uint16
Data:[[54]
 [54]
 [48]
 [55]
 [46]
 [49]
 [52]
 [57]
 [57]
 [54]
 [51]
 [57]
 [57]
 [57]
 [57]
 [57]
 [57]
 [45]
 [48]
 [32]
 [54]
 [54]
 [48]
 [55]
 [46]
 [49]
 [51]
 [56]
 [49]
 [48]
 [56]
 [57]
 [57]
 [57]
 [57]
 [57]
 [57]
 [53]
 [45]
 [49]] 
------------------------ Dataset: 1nu ------------------------
shape: (33, 1), dtype: uint16
Data:[[54]
 [54]
 [50]
 [51]
 [46]
 [49]
 [49]
 [55]
 [53]
 [54]
 [54]
 [57]
 [57]
 [57]
 [57]
 [57]
 [57]
 [45]
 [48]
 [32]
 [54]
 [54]
 [50]
 [51]
 [46]
 [49]
 [49]
 [51]
 [53]
 [52]
 [52]
 [45]
 [49]] 
------------------------ Dataset: 1nv ------------------------
shape: (34, 1), dtype: uint16
Data:[[54]
 [54]
 [51]
 [56]
 [46]
 [57]
 [52]
 [50]
 [49]
 [54]
 [52]
 [57]
 [57]
 [57]
 [57]
 [57]
 [57]
 [53]
 [45]
 [48]
 [32]
 [54]
 [54]
 [51]
 [56]
 [46]
 [57]
 [52]
 [54]
 [49]
 [54]
 [54]
 [45]
 [49]] 
------------------------ Dataset: 1nw ------------------------
shape: (27, 1), dtype: uint16
Data:[[54]
 [54]
 [53]
 [52]
 [46]
 [53]
 [52]
 [54]
 [48]
 [56]
 [56]
 [45]
 [48]
 [32]
 [54]
 [54]
 [53]
 [52]
 [46]
 [53]
 [52]
 [50]
 [49]
 [50]
 [53]
 [45]
 [49]] 
------------------------ Dataset: 1nx ------------------------
shape: (33, 1), dtype: uint16
Data:[[54]
 [54]
 [55]
 [48]
 [46]
 [52]
 [53]
 [48]
 [49]
 [56]
 [54]
 [45]
 [48]
 [32]
 [54]
 [54]
 [55]
 [48]
 [46]
 [52]
 [52]
 [54]
 [51]
 [54]
 [48]
 [57]
 [57]
 [57]
 [57]
 [57]
 [57]
 [45]
 [49]] 
------------------------ Dataset: 1ny ------------------------
shape: (26, 1), dtype: uint16
Data:[[54]
 [54]
 [56]
 [54]
 [46]
 [51]
 [53]
 [52]
 [50]
 [51]
 [45]
 [48]
 [32]
 [54]
 [54]
 [56]
 [54]
 [46]
 [51]
 [53]
 [56]
 [50]
 [51]
 [50]
 [45]
 [49]] 
------------------------ Dataset: 1nz ------------------------
shape: (39, 1), dtype: uint16
Data:[[53]
 [57]
 [48]
 [52]
 [46]
 [50]
 [55]
 [48]
 [48]
 [50]
 [53]
 [57]
 [57]
 [57]
 [57]
 [57]
 [57]
 [45]
 [48]
 [32]
 [53]
 [57]
 [48]
 [52]
 [46]
 [50]
 [55]
 [52]
 [54]
 [52]
 [49]
 [57]
 [57]
 [57]
 [57]
 [57]
 [57]
 [45]
 [49]] 
------------------------ Dataset: 1o ------------------------

shape: (1, 6), dtype: uint32
Data:[[3707764736          2          1          1        838          1]] 
------------------------ Dataset: 2nb ------------------------
shape: (27, 1), dtype: uint16
Data:[[54]
 [55]
 [54]
 [56]
 [46]
 [48]
 [53]
 [52]
 [49]
 [52]
 [49]
 [45]
 [48]
 [32]
 [54]
 [55]
 [54]
 [56]
 [46]
 [48]
 [53]
 [56]
 [49]
 [57]
 [57]
 [45]
 [49]] 
------------------------ Dataset: 2nc ------------------------
shape: (27, 1), dtype: uint16
Data:[[54]
 [50]
 [56]
 [48]
 [46]
 [56]
 [50]
 [51]
 [50]
 [55]
 [56]
 [45]
 [48]
 [32]
 [54]
 [50]
 [56]
 [48]
 [46]
 [56]
 [50]
 [56]
 [48]
 [49]
 [50]
 [45]
 [49]] 
------------------------ Dataset: 2nd ------------------------
shape: (33, 1), dtype: uint16
Data:[[54]
 [50]
 [57]
 [54]
 [46]
 [54]
 [48]
 [49]
 [57]
 [51]
 [56]
 [57]
 [57]
 [57]
 [57]
 [57]
 [57]
 [45]
 [48]
 [32]
 [54]
 [50]
 [57]
 [54]
 [46]
 [53]
 [57]
 [56]
 [51]
 [57]
 [53]
 [45]
 [49]] 
------------------------ Dataset: 2ne ------------------------
shape: (27, 1), dtype: uint16
Data:[[54]
 [51]
 [49]
 [50]
 [46]
 [52]
 [52]
 [49]
 [57]
 [53]
 [49]
 [45]
 [48]
 [32]
 [54]
 [51]
 [49]
 [50]
 [46]
 [52]
 [52]
 [53]
 [57]
 [52]
 [54]
 [45]
 [49]] 
------------------------ Dataset: 2nf ------------------------
shape: (39, 1), dtype: uint16
Data:[[54]
 [51]
 [50]
 [56]
 [46]
 [51]
 [50]
 [49]
 [57]
 [52]
 [56]
 [57]
 [57]
 [57]
 [57]
 [57]
 [57]
 [45]
 [48]
 [32]
 [54]
 [51]
 [50]
 [56]
 [46]
 [51]
 [50]
 [48]
 [49]
 [50]
 [52]
 [57]
 [57]
 [57]
 [57]
 [57]
 [57]
 [45]
 [49]] 
------------------------ Dataset: 2ng ------------------------
shape: (13, 1), dtype: uint16
Data:[[54]
 [51]
 [52]
 [52]
 [46]
 [49]
 [52]
 [50]
 [48]
 [54]
 [50]
 [45]
 [49]] 
------------------------ Dataset: 2nh ------------------------
shape: (34, 1), dtype: uint16
Data:[[54]
 [53]
 [48]
 [57]
 [46]
 [50]
 [51]
 [57]
 [55]
 [53]
 [57]
 [57]
 [57]
 [57]
 [57]
 [57]
 [57]
 [53]
 [45]
 [48]
 [32]
 [54]
 [53]
 [48]
 [57]
 [46]
 [50]
 [52]
 [53]
 [50]
 [57]
 [53]
 [45]
 [49]] 
------------------------ Dataset: 2ni ------------------------
shape: (40, 1), dtype: uint16
Data:[[54]
 [53]
 [50]
 [53]
 [46]
 [48]
 [52]
 [54]
 [48]
 [53]
 [51]
 [57]
 [57]
 [57]
 [57]
 [57]
 [57]
 [53]
 [45]
 [48]
 [32]
 [54]
 [53]
 [50]
 [53]
 [46]
 [48]
 [53]
 [48]
 [49]
 [55]
 [52]
 [57]
 [57]
 [57]
 [57]
 [57]
 [57]
 [45]
 [49]] 
------------------------ Dataset: 2nj ------------------------
shape: (27, 1), dtype: uint16
Data:[[54]
 [48]
 [50]
 [48]
 [46]
 [54]
 [52]
 [49]
 [55]
 [54]
 [51]
 [45]
 [48]
 [32]
 [54]
 [48]
 [50]
 [48]
 [46]
 [54]
 [52]
 [53]
 [55]
 [51]
 [50]
 [45]
 [49]] 
------------------------ Dataset: 2nk ------------------------
shape: (34, 1), dtype: uint16
Data:[[54]
 [48]
 [51]
 [54]
 [46]
 [52]
 [51]
 [52]
 [52]
 [56]
 [54]
 [57]
 [57]
 [57]
 [57]
 [57]
 [57]
 [53]
 [45]
 [48]
 [32]
 [54]
 [48]
 [51]
 [54]
 [46]
 [52]
 [51]
 [55]
 [56]
 [53]
 [49]
 [45]
 [49]] 
------------------------ Dataset: 2nl ------------------------
shape: (25, 1), dtype: uint16
Data:[[54]
 [48]
 [53]
 [50]
 [46]
 [48]
 [51]
 [55]
 [55]
 [52]
 [45]
 [48]
 [32]
 [54]
 [48]
 [53]
 [50]
 [46]
 [48]
 [51]
 [51]
 [55]
 [52]
 [45]
 [49]] 
------------------------ Dataset: 2nm ------------------------
shape: (40, 1), dtype: uint16
Data:[[54]
 [48]
 [54]
 [55]
 [46]
 [57]
 [52]
 [49]
 [55]
 [55]
 [52]
 [57]
 [57]
 [57]
 [57]
 [57]
 [57]
 [45]
 [48]
 [32]
 [54]
 [48]
 [54]
 [55]
 [46]
 [57]
 [51]
 [55]
 [54]
 [57]
 [49]
 [57]
 [57]
 [57]
 [57]
 [57]
 [57]
 [53]
 [45]
 [49]] 
------------------------ Dataset: 2nn ------------------------
shape: (27, 1), dtype: uint16
Data:[[54]
 [48]
 [56]
 [51]
 [46]
 [56]
 [57]
 [51]
 [56]
 [51]
 [55]
 [45]
 [48]
 [32]
 [54]
 [48]
 [56]
 [51]
 [46]
 [56]
 [56]
 [57]
 [55]
 [53]
 [55]
 [45]
 [49]] 
------------------------ Dataset: 2no ------------------------
shape: (33, 1), dtype: uint16
Data:[[53]
 [54]
 [52]
 [52]
 [46]
 [53]
 [54]
 [53]
 [53]
 [51]
 [56]
 [57]
 [57]
 [57]
 [57]
 [57]
 [57]
 [45]
 [48]
 [32]
 [53]
 [54]
 [52]
 [52]
 [46]
 [53]
 [54]
 [57]
 [57]
 [51]
 [57]
 [45]
 [49]] 
------------------------ Dataset: 2np ------------------------
shape: (34, 1), dtype: uint16
Data:[[53]
 [54]
 [54]
 [48]
 [46]
 [51]
 [49]
 [55]
 [55]
 [49]
 [50]
 [57]
 [57]
 [57]
 [57]
 [57]
 [57]
 [53]
 [45]
 [48]
 [32]
 [53]
 [54]
 [54]
 [48]
 [46]
 [51]
 [50]
 [49]
 [53]
 [51]
 [55]
 [45]
 [49]] 
------------------------ Dataset: 2nq ------------------------
shape: (33, 1), dtype: uint16
Data:[[53]
 [54]
 [55]
 [54]
 [46]
 [48]
 [49]
 [56]
 [53]
 [57]
 [51]
 [45]
 [48]
 [32]
 [53]
 [54]
 [55]
 [54]
 [46]
 [48]
 [50]
 [52]
 [54]
 [53]
 [55]
 [57]
 [57]
 [57]
 [57]
 [57]
 [57]
 [45]
 [49]] 
------------------------ Dataset: 2nr ------------------------
shape: (34, 1), dtype: uint16
Data:[[53]
 [54]
 [57]
 [49]
 [46]
 [56]
 [48]
 [49]
 [54]
 [49]
 [54]
 [45]
 [48]
 [32]
 [53]
 [54]
 [57]
 [49]
 [46]
 [55]
 [57]
 [55]
 [54]
 [48]
 [54]
 [57]
 [57]
 [57]
 [57]
 [57]
 [57]
 [53]
 [45]
 [49]] 
------------------------ Dataset: 2ns ------------------------
shape: (34, 1), dtype: uint16
Data:[[54]
 [52]
 [49]
 [53]
 [46]
 [48]
 [56]
 [49]
 [57]
 [51]
 [50]
 [57]
 [57]
 [57]
 [57]
 [57]
 [57]
 [53]
 [45]
 [48]
 [32]
 [54]
 [52]
 [49]
 [53]
 [46]
 [48]
 [56]
 [49]
 [56]
 [49]
 [52]
 [45]
 [49]] 
------------------------ Dataset: 2nt ------------------------
shape: (39, 1), dtype: uint16
Data:[[54]
 [54]
 [48]
 [55]
 [46]
 [49]
 [52]
 [57]
 [57]
 [54]
 [51]
 [57]
 [57]
 [57]
 [57]
 [57]
 [57]
 [45]
 [48]
 [32]
 [54]
 [54]
 [48]
 [55]
 [46]
 [49]
 [52]
 [53]
 [57]
 [55]
 [52]
 [57]
 [57]
 [57]
 [57]
 [57]
 [57]
 [45]
 [49]] 
------------------------ Dataset: 2nu ------------------------
shape: (39, 1), dtype: uint16
Data:[[54]
 [54]
 [50]
 [51]
 [46]
 [49]
 [49]
 [55]
 [53]
 [54]
 [54]
 [57]
 [57]
 [57]
 [57]
 [57]
 [57]
 [45]
 [48]
 [32]
 [54]
 [54]
 [50]
 [51]
 [46]
 [49]
 [49]
 [55]
 [53]
 [54]
 [54]
 [57]
 [57]
 [57]
 [57]
 [57]
 [57]
 [45]
 [49]] 
------------------------ Dataset: 2nv ------------------------
shape: (27, 1), dtype: uint16
Data:[[54]
 [54]
 [51]
 [56]
 [46]
 [57]
 [53]
 [48]
 [49]
 [48]
 [51]
 [45]
 [48]
 [32]
 [54]
 [54]
 [51]
 [56]
 [46]
 [57]
 [52]
 [54]
 [49]
 [54]
 [54]
 [45]
 [49]] 
------------------------ Dataset: 2nw ------------------------
shape: (27, 1), dtype: uint16
Data:[[54]
 [54]
 [53]
 [52]
 [46]
 [53]
 [52]
 [54]
 [48]
 [56]
 [56]
 [45]
 [48]
 [32]
 [54]
 [54]
 [53]
 [52]
 [46]
 [53]
 [53]
 [48]
 [48]
 [53]
 [53]
 [45]
 [49]] 
------------------------ Dataset: 2nx ------------------------
shape: (27, 1), dtype: uint16
Data:[[54]
 [54]
 [55]
 [48]
 [46]
 [52]
 [53]
 [48]
 [49]
 [56]
 [54]
 [45]
 [48]
 [32]
 [54]
 [54]
 [55]
 [48]
 [46]
 [52]
 [53]
 [52]
 [49]
 [56]
 [51]
 [45]
 [49]] 
------------------------ Dataset: 2ny ------------------------
shape: (27, 1), dtype: uint16
Data:[[54]
 [54]
 [56]
 [54]
 [46]
 [51]
 [54]
 [50]
 [51]
 [50]
 [55]
 [45]
 [48]
 [32]
 [54]
 [54]
 [56]
 [54]
 [46]
 [51]
 [53]
 [56]
 [50]
 [51]
 [50]
 [45]
 [49]] 
------------------------ Dataset: 2nz ------------------------
shape: (33, 1), dtype: uint16
Data:[[53]
 [57]
 [48]
 [52]
 [46]
 [50]
 [55]
 [56]
 [48]
 [51]
 [52]
 [45]
 [48]
 [32]
 [53]
 [57]
 [48]
 [52]
 [46]
 [50]
 [55]
 [52]
 [54]
 [52]
 [49]
 [57]
 [57]
 [57]
 [57]
 [57]
 [57]
 [45]
 [49]] 
------------------------ Dataset: 2o ------------------------

shape: (1, 6), dtype: uint32
Data:[[3707764736          2          1          1        839          1]] 
------------------------ Dataset: 3nb ------------------------
shape: (33, 1), dtype: uint16
Data:[[54]
 [55]
 [54]
 [56]
 [46]
 [48]
 [54]
 [50]
 [49]
 [54]
 [49]
 [57]
 [57]
 [57]
 [57]
 [57]
 [57]
 [45]
 [48]
 [32]
 [54]
 [55]
 [54]
 [56]
 [46]
 [48]
 [53]
 [56]
 [49]
 [57]
 [57]
 [45]
 [49]] 
------------------------ Dataset: 3nc ------------------------
shape: (33, 1), dtype: uint16
Data:[[54]
 [50]
 [56]
 [48]
 [46]
 [56]
 [50]
 [55]
 [57]
 [56]
 [53]
 [57]
 [57]
 [57]
 [57]
 [57]
 [57]
 [45]
 [48]
 [32]
 [54]
 [50]
 [56]
 [48]
 [46]
 [56]
 [50]
 [56]
 [48]
 [49]
 [50]
 [45]
 [49]] 
------------------------ Dataset: 3nd ------------------------
shape: (39, 1), dtype: uint16
Data:[[54]
 [50]
 [57]
 [54]
 [46]
 [54]
 [48]
 [49]
 [57]
 [51]
 [56]
 [57]
 [57]
 [57]
 [57]
 [57]
 [57]
 [45]
 [48]
 [32]
 [54]
 [50]
 [57]
 [54]
 [46]
 [54]
 [48]
 [55]
 [48]
 [57]
 [57]
 [57]
 [57]
 [57]
 [57]
 [57]
 [57]
 [45]
 [49]] 
------------------------ Dataset: 3ne ------------------------
shape: (34, 1), dtype: uint16
Data:[[54]
 [51]
 [49]
 [50]
 [46]
 [52]
 [53]
 [48]
 [53]
 [49]
 [52]
 [57]
 [57]
 [57]
 [57]
 [57]
 [57]
 [53]
 [45]
 [48]
 [32]
 [54]
 [51]
 [49]
 [50]
 [46]
 [52]
 [52]
 [53]
 [57]
 [52]
 [54]
 [45]
 [49]] 
------------------------ Dataset: 3nf ------------------------
shape: (39, 1), dtype: uint16
Data:[[54]
 [51]
 [50]
 [56]
 [46]
 [51]
 [50]
 [49]
 [57]
 [52]
 [56]
 [57]
 [57]
 [57]
 [57]
 [57]
 [57]
 [45]
 [48]
 [32]
 [54]
 [51]
 [50]
 [56]
 [46]
 [51]
 [50]
 [54]
 [48]
 [54]
 [55]
 [57]
 [57]
 [57]
 [57]
 [57]
 [57]
 [45]
 [49]] 
------------------------ Dataset: 3ng ------------------------
shape: (13, 1), dtype: uint16
Data:[[54]
 [51]
 [52]
 [52]
 [46]
 [49]
 [52]
 [53]
 [56]
 [56]
 [56]
 [45]
 [48]] 
------------------------ Dataset: 3nh ------------------------
shape: (26, 1), dtype: uint16
Data:[[54]
 [53]
 [48]
 [57]
 [46]
 [50]
 [53]
 [51]
 [50]
 [50]
 [45]
 [48]
 [32]
 [54]
 [53]
 [48]
 [57]
 [46]
 [50]
 [52]
 [53]
 [50]
 [57]
 [53]
 [45]
 [49]] 
------------------------ Dataset: 3ni ------------------------
shape: (33, 1), dtype: uint16
Data:[[54]
 [53]
 [50]
 [53]
 [46]
 [48]
 [53]
 [51]
 [57]
 [57]
 [50]
 [45]
 [48]
 [32]
 [54]
 [53]
 [50]
 [53]
 [46]
 [48]
 [53]
 [48]
 [49]
 [55]
 [52]
 [57]
 [57]
 [57]
 [57]
 [57]
 [57]
 [45]
 [49]] 
------------------------ Dataset: 3nj ------------------------
shape: (34, 1), dtype: uint16
Data:[[54]
 [48]
 [50]
 [48]
 [46]
 [54]
 [52]
 [57]
 [55]
 [53]
 [52]
 [57]
 [57]
 [57]
 [57]
 [57]
 [57]
 [53]
 [45]
 [48]
 [32]
 [54]
 [48]
 [50]
 [48]
 [46]
 [54]
 [52]
 [53]
 [55]
 [51]
 [50]
 [45]
 [49]] 
------------------------ Dataset: 3nk ------------------------
shape: (27, 1), dtype: uint16
Data:[[54]
 [48]
 [51]
 [54]
 [46]
 [52]
 [52]
 [56]
 [48]
 [56]
 [56]
 [45]
 [48]
 [32]
 [54]
 [48]
 [51]
 [54]
 [46]
 [52]
 [51]
 [55]
 [56]
 [53]
 [49]
 [45]
 [49]] 
------------------------ Dataset: 3nl ------------------------
shape: (26, 1), dtype: uint16
Data:[[54]
 [48]
 [53]
 [50]
 [46]
 [48]
 [51]
 [55]
 [55]
 [52]
 [45]
 [48]
 [32]
 [54]
 [48]
 [53]
 [50]
 [46]
 [48]
 [52]
 [51]
 [48]
 [48]
 [57]
 [45]
 [49]] 
------------------------ Dataset: 3nm ------------------------
shape: (32, 1), dtype: uint16
Data:[[54]
 [48]
 [54]
 [55]
 [46]
 [57]
 [52]
 [49]
 [55]
 [55]
 [52]
 [57]
 [57]
 [57]
 [57]
 [57]
 [57]
 [45]
 [48]
 [32]
 [54]
 [48]
 [54]
 [55]
 [46]
 [57]
 [52]
 [53]
 [55]
 [57]
 [45]
 [49]] 
------------------------ Dataset: 3nn ------------------------
shape: (27, 1), dtype: uint16
Data:[[54]
 [48]
 [56]
 [51]
 [46]
 [56]
 [57]
 [51]
 [56]
 [51]
 [55]
 [45]
 [48]
 [32]
 [54]
 [48]
 [56]
 [51]
 [46]
 [56]
 [57]
 [55]
 [55]
 [55]
 [54]
 [45]
 [49]] 
------------------------ Dataset: 3no ------------------------
shape: (33, 1), dtype: uint16
Data:[[53]
 [54]
 [52]
 [52]
 [46]
 [53]
 [55]
 [52]
 [56]
 [56]
 [50]
 [57]
 [57]
 [57]
 [57]
 [57]
 [57]
 [45]
 [48]
 [32]
 [53]
 [54]
 [52]
 [52]
 [46]
 [53]
 [54]
 [57]
 [57]
 [51]
 [57]
 [45]
 [49]] 
------------------------ Dataset: 3np ------------------------
shape: (33, 1), dtype: uint16
Data:[[53]
 [54]
 [54]
 [48]
 [46]
 [51]
 [50]
 [53]
 [53]
 [53]
 [57]
 [57]
 [57]
 [57]
 [57]
 [57]
 [57]
 [45]
 [48]
 [32]
 [53]
 [54]
 [54]
 [48]
 [46]
 [51]
 [50]
 [49]
 [53]
 [51]
 [55]
 [45]
 [49]] 
------------------------ Dataset: 3nq ------------------------
shape: (33, 1), dtype: uint16
Data:[[53]
 [54]
 [55]
 [54]
 [46]
 [48]
 [50]
 [55]
 [56]
 [57]
 [55]
 [45]
 [48]
 [32]
 [53]
 [54]
 [55]
 [54]
 [46]
 [48]
 [50]
 [52]
 [54]
 [53]
 [55]
 [57]
 [57]
 [57]
 [57]
 [57]
 [57]
 [45]
 [49]] 
------------------------ Dataset: 3nr ------------------------
shape: (33, 1), dtype: uint16
Data:[[53]
 [54]
 [57]
 [49]
 [46]
 [56]
 [48]
 [49]
 [54]
 [49]
 [54]
 [45]
 [48]
 [32]
 [53]
 [54]
 [57]
 [49]
 [46]
 [56]
 [48]
 [54]
 [57]
 [57]
 [56]
 [57]
 [57]
 [57]
 [57]
 [57]
 [57]
 [45]
 [49]] 
------------------------ Dataset: 3ns ------------------------
shape: (34, 1), dtype: uint16
Data:[[54]
 [52]
 [49]
 [53]
 [46]
 [48]
 [56]
 [49]
 [57]
 [51]
 [50]
 [57]
 [57]
 [57]
 [57]
 [57]
 [57]
 [53]
 [45]
 [48]
 [32]
 [54]
 [52]
 [49]
 [53]
 [46]
 [48]
 [56]
 [54]
 [50]
 [49]
 [49]
 [45]
 [49]] 
------------------------ Dataset: 3nt ------------------------
shape: (39, 1), dtype: uint16
Data:[[54]
 [54]
 [48]
 [55]
 [46]
 [49]
 [52]
 [57]
 [57]
 [54]
 [51]
 [57]
 [57]
 [57]
 [57]
 [57]
 [57]
 [45]
 [48]
 [32]
 [54]
 [54]
 [48]
 [55]
 [46]
 [49]
 [53]
 [52]
 [48]
 [51]
 [54]
 [57]
 [57]
 [57]
 [57]
 [57]
 [57]
 [45]
 [49]] 
------------------------ Dataset: 3nu ------------------------
shape: (39, 1), dtype: uint16
Data:[[54]
 [54]
 [50]
 [51]
 [46]
 [49]
 [49]
 [55]
 [53]
 [54]
 [54]
 [57]
 [57]
 [57]
 [57]
 [57]
 [57]
 [45]
 [48]
 [32]
 [54]
 [54]
 [50]
 [51]
 [46]
 [49]
 [50]
 [50]
 [51]
 [57]
 [57]
 [57]
 [57]
 [57]
 [57]
 [57]
 [57]
 [45]
 [49]] 
------------------------ Dataset: 3nv ------------------------
shape: (27, 1), dtype: uint16
Data:[[54]
 [54]
 [51]
 [56]
 [46]
 [57]
 [53]
 [48]
 [49]
 [48]
 [51]
 [45]
 [48]
 [32]
 [54]
 [54]
 [51]
 [56]
 [46]
 [57]
 [53]
 [52]
 [50]
 [52]
 [50]
 [45]
 [49]] 
------------------------ Dataset: 3nw ------------------------
shape: (27, 1), dtype: uint16
Data:[[54]
 [54]
 [53]
 [52]
 [46]
 [53]
 [53]
 [52]
 [48]
 [50]
 [54]
 [45]
 [48]
 [32]
 [54]
 [54]
 [53]
 [52]
 [46]
 [53]
 [53]
 [48]
 [48]
 [53]
 [53]
 [45]
 [49]] 
------------------------ Dataset: 3nx ------------------------
shape: (27, 1), dtype: uint16
Data:[[54]
 [54]
 [55]
 [48]
 [46]
 [52]
 [53]
 [56]
 [49]
 [50]
 [55]
 [45]
 [48]
 [32]
 [54]
 [54]
 [55]
 [48]
 [46]
 [52]
 [53]
 [52]
 [49]
 [56]
 [51]
 [45]
 [49]] 
------------------------ Dataset: 3ny ------------------------
shape: (27, 1), dtype: uint16
Data:[[54]
 [54]
 [56]
 [54]
 [46]
 [51]
 [54]
 [50]
 [51]
 [50]
 [55]
 [45]
 [48]
 [32]
 [54]
 [54]
 [56]
 [54]
 [46]
 [51]
 [54]
 [54]
 [50]
 [55]
 [52]
 [45]
 [49]] 
------------------------ Dataset: 3nz ------------------------
shape: (33, 1), dtype: uint16
Data:[[53]
 [57]
 [48]
 [52]
 [46]
 [50]
 [55]
 [56]
 [48]
 [51]
 [52]
 [45]
 [48]
 [32]
 [53]
 [57]
 [48]
 [52]
 [46]
 [50]
 [56]
 [49]
 [55]
 [57]
 [53]
 [57]
 [57]
 [57]
 [57]
 [57]
 [57]
 [45]
 [49]] 
------------------------ Dataset: 3o ------------------------

shape: (1, 6), dtype: uint32
Data:[[3707764736          2          1          1        840          1]] 
------------------------ Dataset: 4nb ------------------------
shape: (33, 1), dtype: uint16
Data:[[54]
 [55]
 [54]
 [56]
 [46]
 [48]
 [54]
 [50]
 [49]
 [54]
 [49]
 [57]
 [57]
 [57]
 [57]
 [57]
 [57]
 [45]
 [48]
 [32]
 [54]
 [55]
 [54]
 [56]
 [46]
 [48]
 [54]
 [54]
 [49]
 [51]
 [55]
 [45]
 [49]] 
------------------------ Dataset: 4nc ------------------------
shape: (34, 1), dtype: uint16
Data:[[54]
 [50]
 [56]
 [48]
 [46]
 [56]
 [51]
 [51]
 [57]
 [48]
 [52]
 [57]
 [57]
 [57]
 [57]
 [57]
 [57]
 [53]
 [45]
 [48]
 [32]
 [54]
 [50]
 [56]
 [48]
 [46]
 [56]
 [50]
 [56]
 [48]
 [49]
 [50]
 [45]
 [49]] 
------------------------ Dataset: 4nd ------------------------
shape: (33, 1), dtype: uint16
Data:[[54]
 [50]
 [57]
 [54]
 [46]
 [54]
 [49]
 [49]
 [53]
 [56]
 [57]
 [45]
 [48]
 [32]
 [54]
 [50]
 [57]
 [54]
 [46]
 [54]
 [48]
 [55]
 [48]
 [57]
 [57]
 [57]
 [57]
 [57]
 [57]
 [57]
 [57]
 [45]
 [49]] 
------------------------ Dataset: 4ne ------------------------
shape: (34, 1), dtype: uint16
Data:[[54]
 [51]
 [49]
 [50]
 [46]
 [52]
 [53]
 [48]
 [53]
 [49]
 [52]
 [57]
 [57]
 [57]
 [57]
 [57]
 [57]
 [53]
 [45]
 [48]
 [32]
 [54]
 [51]
 [49]
 [50]
 [46]
 [52]
 [53]
 [51]
 [57]
 [51]
 [53]
 [45]
 [49]] 
------------------------ Dataset: 4nf ------------------------
shape: (33, 1), dtype: uint16
Data:[[54]
 [51]
 [50]
 [56]
 [46]
 [51]
 [50]
 [57]
 [57]
 [55]
 [54]
 [45]
 [48]
 [32]
 [54]
 [51]
 [50]
 [56]
 [46]
 [51]
 [50]
 [54]
 [48]
 [54]
 [55]
 [57]
 [57]
 [57]
 [57]
 [57]
 [57]
 [45]
 [49]] 
------------------------ Dataset: 4ng ------------------------
shape: (13, 1), dtype: uint16
Data:[[54]
 [51]
 [52]
 [52]
 [46]
 [49]
 [53]
 [48]
 [49]
 [53]
 [57]
 [45]
 [49]] 
------------------------ Dataset: 4nh ------------------------
shape: (26, 1), dtype: uint16
Data:[[54]
 [53]
 [48]
 [57]
 [46]
 [50]
 [53]
 [51]
 [50]
 [50]
 [45]
 [48]
 [32]
 [54]
 [53]
 [48]
 [57]
 [46]
 [50]
 [53]
 [53]
 [56]
 [48]
 [55]
 [45]
 [49]] 
------------------------ Dataset: 4ni ------------------------
shape: (27, 1), dtype: uint16
Data:[[54]
 [53]
 [50]
 [53]
 [46]
 [48]
 [53]
 [51]
 [57]
 [57]
 [50]
 [45]
 [48]
 [32]
 [54]
 [53]
 [50]
 [53]
 [46]
 [48]
 [54]
 [48]
 [53]
 [49]
 [50]
 [45]
 [49]] 
------------------------ Dataset: 4nj ------------------------
shape: (34, 1), dtype: uint16
Data:[[54]
 [48]
 [50]
 [48]
 [46]
 [54]
 [52]
 [57]
 [55]
 [53]
 [52]
 [57]
 [57]
 [57]
 [57]
 [57]
 [57]
 [53]
 [45]
 [48]
 [32]
 [54]
 [48]
 [50]
 [48]
 [46]
 [54]
 [53]
 [53]
 [49]
 [48]
 [51]
 [45]
 [49]] 
------------------------ Dataset: 4nk ------------------------
shape: (33, 1), dtype: uint16
Data:[[54]
 [48]
 [51]
 [54]
 [46]
 [52]
 [52]
 [56]
 [48]
 [56]
 [56]
 [45]
 [48]
 [32]
 [54]
 [48]
 [51]
 [54]
 [46]
 [52]
 [52]
 [56]
 [50]
 [55]
 [56]
 [57]
 [57]
 [57]
 [57]
 [57]
 [57]
 [45]
 [49]] 
------------------------ Dataset: 4nl ------------------------
shape: (27, 1), dtype: uint16
Data:[[54]
 [48]
 [53]
 [50]
 [46]
 [48]
 [52]
 [55]
 [53]
 [53]
 [50]
 [45]
 [48]
 [32]
 [54]
 [48]
 [53]
 [50]
 [46]
 [48]
 [52]
 [51]
 [48]
 [48]
 [57]
 [45]
 [49]] 
------------------------ Dataset: 4nm ------------------------
shape: (33, 1), dtype: uint16
Data:[[54]
 [48]
 [54]
 [55]
 [46]
 [57]
 [53]
 [54]
 [50]
 [52]
 [55]
 [57]
 [57]
 [57]
 [57]
 [57]
 [57]
 [53]
 [45]
 [48]
 [32]
 [54]
 [48]
 [54]
 [55]
 [46]
 [57]
 [52]
 [53]
 [55]
 [57]
 [45]
 [49]] 
------------------------ Dataset: 4nn ------------------------
shape: (27, 1), dtype: uint16
Data:[[54]
 [48]
 [56]
 [51]
 [46]
 [57]
 [48]
 [49]
 [56]
 [48]
 [56]
 [45]
 [48]
 [32]
 [54]
 [48]
 [56]
 [51]
 [46]
 [56]
 [57]
 [55]
 [55]
 [55]
 [54]
 [45]
 [49]] 
------------------------ Dataset: 4no ------------------------
shape: (39, 1), dtype: uint16
Data:[[53]
 [54]
 [52]
 [52]
 [46]
 [53]
 [55]
 [52]
 [56]
 [56]
 [50]
 [57]
 [57]
 [57]
 [57]
 [57]
 [57]
 [45]
 [48]
 [32]
 [53]
 [54]
 [52]
 [52]
 [46]
 [53]
 [55]
 [56]
 [52]
 [50]
 [48]
 [57]
 [57]
 [57]
 [57]
 [57]
 [57]
 [45]
 [49]] 
------------------------ Dataset: 4np ------------------------
shape: (33, 1), dtype: uint16
Data:[[53]
 [54]
 [54]
 [48]
 [46]
 [51]
 [50]
 [53]
 [53]
 [53]
 [57]
 [57]
 [57]
 [57]
 [57]
 [57]
 [57]
 [45]
 [48]
 [32]
 [53]
 [54]
 [54]
 [48]
 [46]
 [51]
 [50]
 [57]
 [53]
 [53]
 [49]
 [45]
 [49]] 
------------------------ Dataset: 4nq ------------------------
shape: (27, 1), dtype: uint16
Data:[[53]
 [54]
 [55]
 [54]
 [46]
 [48]
 [50]
 [55]
 [56]
 [57]
 [55]
 [45]
 [48]
 [32]
 [53]
 [54]
 [55]
 [54]
 [46]
 [48]
 [51]
 [50]
 [52]
 [48]
 [55]
 [45]
 [49]] 
------------------------ Dataset: 4nr ------------------------
shape: (33, 1), dtype: uint16
Data:[[53]
 [54]
 [57]
 [49]
 [46]
 [56]
 [48]
 [57]
 [53]
 [54]
 [57]
 [45]
 [48]
 [32]
 [53]
 [54]
 [57]
 [49]
 [46]
 [56]
 [48]
 [54]
 [57]
 [57]
 [56]
 [57]
 [57]
 [57]
 [57]
 [57]
 [57]
 [45]
 [49]] 
------------------------ Dataset: 4ns ------------------------
shape: (27, 1), dtype: uint16
Data:[[54]
 [52]
 [49]
 [53]
 [46]
 [48]
 [57]
 [48]
 [48]
 [54]
 [51]
 [45]
 [48]
 [32]
 [54]
 [52]
 [49]
 [53]
 [46]
 [48]
 [56]
 [54]
 [50]
 [49]
 [49]
 [45]
 [49]] 
------------------------ Dataset: 4nt ------------------------
shape: (40, 1), dtype: uint16
Data:[[54]
 [54]
 [48]
 [55]
 [46]
 [49]
 [53]
 [55]
 [57]
 [57]
 [49]
 [57]
 [57]
 [57]
 [57]
 [57]
 [57]
 [53]
 [45]
 [48]
 [32]
 [54]
 [54]
 [48]
 [55]
 [46]
 [49]
 [53]
 [52]
 [48]
 [51]
 [54]
 [57]
 [57]
 [57]
 [57]
 [57]
 [57]
 [45]
 [49]] 
------------------------ Dataset: 4nu ------------------------
shape: (40, 1), dtype: uint16
Data:[[54]
 [54]
 [50]
 [51]
 [46]
 [49]
 [50]
 [49]
 [52]
 [57]
 [55]
 [57]
 [57]
 [57]
 [57]
 [57]
 [57]
 [53]
 [45]
 [48]
 [32]
 [54]
 [54]
 [50]
 [51]
 [46]
 [49]
 [50]
 [50]
 [51]
 [57]
 [57]
 [57]
 [57]
 [57]
 [57]
 [57]
 [57]
 [45]
 [49]] 
------------------------ Dataset: 4nv ------------------------
shape: (33, 1), dtype: uint16
Data:[[54]
 [54]
 [51]
 [56]
 [46]
 [57]
 [53]
 [56]
 [49]
 [53]
 [52]
 [57]
 [57]
 [57]
 [57]
 [57]
 [57]
 [45]
 [48]
 [32]
 [54]
 [54]
 [51]
 [56]
 [46]
 [57]
 [53]
 [52]
 [50]
 [52]
 [50]
 [45]
 [49]] 
------------------------ Dataset: 4nw ------------------------
shape: (27, 1), dtype: uint16
Data:[[54]
 [54]
 [53]
 [52]
 [46]
 [53]
 [53]
 [52]
 [48]
 [50]
 [54]
 [45]
 [48]
 [32]
 [54]
 [54]
 [53]
 [52]
 [46]
 [53]
 [53]
 [56]
 [48]
 [56]
 [54]
 [45]
 [49]] 
------------------------ Dataset: 4nx ------------------------
shape: (33, 1), dtype: uint16
Data:[[54]
 [54]
 [55]
 [48]
 [46]
 [52]
 [53]
 [56]
 [49]
 [50]
 [55]
 [45]
 [48]
 [32]
 [54]
 [54]
 [55]
 [48]
 [46]
 [52]
 [54]
 [50]
 [49]
 [53]
 [55]
 [57]
 [57]
 [57]
 [57]
 [57]
 [57]
 [45]
 [49]] 
------------------------ Dataset: 4ny ------------------------
shape: (27, 1), dtype: uint16
Data:[[54]
 [54]
 [56]
 [54]
 [46]
 [51]
 [55]
 [48]
 [50]
 [51]
 [54]
 [45]
 [48]
 [32]
 [54]
 [54]
 [56]
 [54]
 [46]
 [51]
 [54]
 [54]
 [50]
 [55]
 [52]
 [45]
 [49]] 
------------------------ Dataset: 4nz ------------------------
shape: (33, 1), dtype: uint16
Data:[[53]
 [57]
 [48]
 [52]
 [46]
 [50]
 [56]
 [53]
 [55]
 [50]
 [54]
 [45]
 [48]
 [32]
 [53]
 [57]
 [48]
 [52]
 [46]
 [50]
 [56]
 [49]
 [55]
 [57]
 [53]
 [57]
 [57]
 [57]
 [57]
 [57]
 [57]
 [45]
 [49]] 
------------------------ Dataset: 4o ------------------------

