shape: (1, 6), dtype: uint32
Data:[[3707764736          2          1          1       1451          1]] 
------------------------ Dataset: ayb ------------------------
shape: (34, 1), dtype: uint16
Data:[[54]
 [55]
 [55]
 [48]
 [46]
 [54]
 [52]
 [50]
 [50]
 [50]
 [57]
 [57]
 [57]
 [57]
 [57]
 [57]
 [57]
 [53]
 [45]
 [48]
 [32]
 [54]
 [55]
 [55]
 [48]
 [46]
 [54]
 [51]
 [56]
 [50]
 [53]
 [51]
 [45]
 [49]] 
------------------------ Dataset: ayc ------------------------
shape: (40, 1), dtype: uint16
Data:[[54]
 [50]
 [56]
 [51]
 [46]
 [52]
 [48]
 [57]
 [57]
 [52]
 [55]
 [57]
 [57]
 [57]
 [57]
 [57]
 [57]
 [53]
 [45]
 [48]
 [32]
 [54]
 [50]
 [56]
 [51]
 [46]
 [52]
 [49]
 [51]
 [56]
 [57]
 [51]
 [57]
 [57]
 [57]
 [57]
 [57]
 [57]
 [45]
 [49]] 
------------------------ Dataset: ayd ------------------------
shape: (27, 1), dtype: uint16
Data:[[54]
 [50]
 [57]
 [57]
 [46]
 [49]
 [57]
 [51]
 [57]
 [51]
 [54]
 [45]
 [48]
 [32]
 [54]
 [50]
 [57]
 [57]
 [46]
 [49]
 [57]
 [55]
 [57]
 [53]
 [57]
 [45]
 [49]] 
------------------------ Dataset: aye ------------------------
shape: (33, 1), dtype: uint16
Data:[[54]
 [51]
 [49]
 [53]
 [46]
 [48]
 [54]
 [54]
 [55]
 [51]
 [57]
 [57]
 [57]
 [57]
 [57]
 [57]
 [57]
 [45]
 [48]
 [32]
 [54]
 [51]
 [49]
 [53]
 [46]
 [48]
 [54]
 [54]
 [55]
 [54]
 [53]
 [45]
 [49]] 
------------------------ Dataset: ayf ------------------------
shape: (26, 1), dtype: uint16
Data:[[54]
 [51]
 [51]
 [48]
 [46]
 [56]
 [57]
 [48]
 [48]
 [54]
 [56]
 [45]
 [48]
 [32]
 [54]
 [51]
 [51]
 [48]
 [46]
 [56]
 [56]
 [54]
 [48]
 [50]
 [45]
 [49]] 
------------------------ Dataset: ayg ------------------------
shape: (27, 1), dtype: uint16
Data:[[54]
 [51]
 [52]
 [54]
 [46]
 [55]
 [50]
 [55]
 [48]
 [48]
 [51]
 [45]
 [48]
 [32]
 [54]
 [51]
 [52]
 [54]
 [46]
 [55]
 [50]
 [55]
 [48]
 [51]
 [50]
 [45]
 [49]] 
------------------------ Dataset: ayh ------------------------
shape: (27, 1), dtype: uint16
Data:[[54]
 [53]
 [49]
 [49]
 [46]
 [56]
 [49]
 [54]
 [49]
 [49]
 [54]
 [45]
 [48]
 [32]
 [54]
 [53]
 [49]
 [49]
 [46]
 [56]
 [49]
 [49]
 [51]
 [52]
 [53]
 [45]
 [49]] 
------------------------ Dataset: ayi ------------------------
shape: (34, 1), dtype: uint16
Data:[[54]
 [53]
 [50]
 [55]
 [46]
 [54]
 [53]
 [48]
 [52]
 [55]
 [52]
 [57]
 [57]
 [57]
 [57]
 [57]
 [57]
 [53]
 [45]
 [48]
 [32]
 [54]
 [53]
 [50]
 [55]
 [46]
 [54]
 [52]
 [52]
 [55]
 [57]
 [50]
 [45]
 [49]] 
------------------------ Dataset: ayj ------------------------
shape: (34, 1), dtype: uint16
Data:[[54]
 [48]
 [50]
 [51]
 [46]
 [50]
 [51]
 [52]
 [55]
 [53]
 [57]
 [45]
 [48]
 [32]
 [54]
 [48]
 [50]
 [51]
 [46]
 [50]
 [51]
 [52]
 [56]
 [52]
 [48]
 [57]
 [57]
 [57]
 [57]
 [57]
 [57]
 [53]
 [45]
 [49]] 
------------------------ Dataset: ayk ------------------------
shape: (27, 1), dtype: uint16
Data:[[54]
 [48]
 [51]
 [56]
 [46]
 [57]
 [56]
 [49]
 [56]
 [50]
 [53]
 [45]
 [48]
 [32]
 [54]
 [48]
 [51]
 [56]
 [46]
 [57]
 [56]
 [53]
 [56]
 [52]
 [54]
 [45]
 [49]] 
------------------------ Dataset: ayl ------------------------
shape: (25, 1), dtype: uint16
Data:[[54]
 [48]
 [53]
 [52]
 [46]
 [54]
 [52]
 [48]
 [49]
 [45]
 [48]
 [32]
 [54]
 [48]
 [53]
 [52]
 [46]
 [54]
 [52]
 [49]
 [56]
 [51]
 [52]
 [45]
 [49]] 
------------------------ Dataset: aym ------------------------
shape: (34, 1), dtype: uint16
Data:[[54]
 [48]
 [55]
 [48]
 [46]
 [53]
 [56]
 [55]
 [52]
 [50]
 [54]
 [57]
 [57]
 [57]
 [57]
 [57]
 [57]
 [53]
 [45]
 [48]
 [32]
 [54]
 [48]
 [55]
 [48]
 [46]
 [53]
 [56]
 [52]
 [54]
 [54]
 [52]
 [45]
 [49]] 
------------------------ Dataset: ayn ------------------------
shape: (26, 1), dtype: uint16
Data:[[53]
 [54]
 [51]
 [49]
 [46]
 [52]
 [53]
 [51]
 [56]
 [49]
 [45]
 [48]
 [32]
 [53]
 [54]
 [51]
 [49]
 [46]
 [52]
 [52]
 [57]
 [55]
 [49]
 [54]
 [45]
 [49]] 
------------------------ Dataset: ayo ------------------------
shape: (27, 1), dtype: uint16
Data:[[53]
 [54]
 [52]
 [55]
 [46]
 [49]
 [50]
 [53]
 [52]
 [57]
 [57]
 [45]
 [48]
 [32]
 [53]
 [54]
 [52]
 [55]
 [46]
 [49]
 [50]
 [57]
 [54]
 [48]
 [57]
 [45]
 [49]] 
------------------------ Dataset: ayp ------------------------
shape: (33, 1), dtype: uint16
Data:[[53]
 [54]
 [54]
 [50]
 [46]
 [56]
 [54]
 [57]
 [54]
 [54]
 [52]
 [57]
 [57]
 [57]
 [57]
 [57]
 [57]
 [45]
 [48]
 [32]
 [53]
 [54]
 [54]
 [50]
 [46]
 [56]
 [55]
 [48]
 [57]
 [49]
 [49]
 [45]
 [49]] 
------------------------ Dataset: ayq ------------------------
shape: (33, 1), dtype: uint16
Data:[[53]
 [54]
 [55]
 [56]
 [46]
 [54]
 [48]
 [50]
 [53]
 [57]
 [52]
 [45]
 [48]
 [32]
 [53]
 [54]
 [55]
 [56]
 [46]
 [54]
 [48]
 [53]
 [56]
 [53]
 [56]
 [57]
 [57]
 [57]
 [57]
 [57]
 [57]
 [45]
 [49]] 
------------------------ Dataset: ayr ------------------------
shape: (33, 1), dtype: uint16
Data:[[53]
 [54]
 [57]
 [52]
 [46]
 [51]
 [53]
 [51]
 [54]
 [49]
 [50]
 [57]
 [57]
 [57]
 [57]
 [57]
 [57]
 [45]
 [48]
 [32]
 [53]
 [54]
 [57]
 [52]
 [46]
 [51]
 [53]
 [55]
 [54]
 [51]
 [49]
 [45]
 [49]] 
------------------------ Dataset: ays ------------------------
shape: (34, 1), dtype: uint16
Data:[[54]
 [52]
 [49]
 [55]
 [46]
 [54]
 [55]
 [50]
 [53]
 [55]
 [57]
 [57]
 [57]
 [57]
 [57]
 [57]
 [57]
 [53]
 [45]
 [48]
 [32]
 [54]
 [52]
 [49]
 [55]
 [46]
 [54]
 [54]
 [57]
 [56]
 [48]
 [56]
 [45]
 [49]] 
------------------------ Dataset: ayt ------------------------
shape: (40, 1), dtype: uint16
Data:[[54]
 [54]
 [48]
 [57]
 [46]
 [55]
 [54]
 [50]
 [48]
 [57]
 [53]
 [57]
 [57]
 [57]
 [57]
 [57]
 [57]
 [53]
 [45]
 [48]
 [32]
 [54]
 [54]
 [48]
 [57]
 [46]
 [55]
 [53]
 [56]
 [49]
 [49]
 [54]
 [57]
 [57]
 [57]
 [57]
 [57]
 [57]
 [45]
 [49]] 
------------------------ Dataset: ayu ------------------------
shape: (33, 1), dtype: uint16
Data:[[54]
 [54]
 [50]
 [53]
 [46]
 [55]
 [49]
 [49]
 [54]
 [49]
 [52]
 [45]
 [48]
 [32]
 [54]
 [54]
 [50]
 [53]
 [46]
 [55]
 [48]
 [55]
 [57]
 [57]
 [56]
 [57]
 [57]
 [57]
 [57]
 [57]
 [57]
 [45]
 [49]] 
------------------------ Dataset: ayv ------------------------
shape: (39, 1), dtype: uint16
Data:[[54]
 [54]
 [52]
 [49]
 [46]
 [52]
 [56]
 [50]
 [48]
 [55]
 [48]
 [57]
 [57]
 [57]
 [57]
 [57]
 [57]
 [45]
 [48]
 [32]
 [54]
 [54]
 [52]
 [49]
 [46]
 [52]
 [57]
 [49]
 [53]
 [56]
 [51]
 [57]
 [57]
 [57]
 [57]
 [57]
 [57]
 [45]
 [49]] 
------------------------ Dataset: ayw ------------------------
shape: (32, 1), dtype: uint16
Data:[[54]
 [54]
 [53]
 [55]
 [46]
 [49]
 [54]
 [53]
 [52]
 [51]
 [48]
 [57]
 [57]
 [57]
 [57]
 [57]
 [57]
 [45]
 [48]
 [32]
 [54]
 [54]
 [53]
 [55]
 [46]
 [49]
 [54]
 [54]
 [51]
 [52]
 [45]
 [49]] 
------------------------ Dataset: ayx ------------------------
shape: (27, 1), dtype: uint16
Data:[[54]
 [54]
 [55]
 [51]
 [46]
 [48]
 [52]
 [55]
 [54]
 [57]
 [54]
 [45]
 [48]
 [32]
 [54]
 [54]
 [55]
 [51]
 [46]
 [48]
 [52]
 [55]
 [54]
 [57]
 [54]
 [45]
 [49]] 
------------------------ Dataset: ayy ------------------------
shape: (33, 1), dtype: uint16
Data:[[54]
 [54]
 [56]
 [56]
 [46]
 [57]
 [53]
 [53]
 [51]
 [56]
 [50]
 [45]
 [48]
 [32]
 [54]
 [54]
 [56]
 [56]
 [46]
 [57]
 [53]
 [48]
 [48]
 [56]
 [54]
 [57]
 [57]
 [57]
 [57]
 [57]
 [57]
 [45]
 [49]] 
------------------------ Dataset: ayz ------------------------
shape: (13, 1), dtype: uint16
Data:[[53]
 [57]
 [48]
 [54]
 [46]
 [56]
 [53]
 [55]
 [54]
 [55]
 [50]
 [45]
 [48]] 
------------------------ Dataset: az ------------------------

shape: (1, 6), dtype: uint32
Data:[[3707764736          2          1          1       1452          1]] 
------------------------ Dataset: byb ------------------------
shape: (34, 1), dtype: uint16
Data:[[54]
 [55]
 [55]
 [48]
 [46]
 [54]
 [52]
 [50]
 [50]
 [50]
 [57]
 [57]
 [57]
 [57]
 [57]
 [57]
 [57]
 [53]
 [45]
 [48]
 [32]
 [54]
 [55]
 [55]
 [48]
 [46]
 [54]
 [52]
 [54]
 [49]
 [57]
 [54]
 [45]
 [49]] 
------------------------ Dataset: byc ------------------------
shape: (33, 1), dtype: uint16
Data:[[54]
 [50]
 [56]
 [51]
 [46]
 [52]
 [49]
 [55]
 [57]
 [48]
 [55]
 [45]
 [48]
 [32]
 [54]
 [50]
 [56]
 [51]
 [46]
 [52]
 [49]
 [51]
 [56]
 [57]
 [51]
 [57]
 [57]
 [57]
 [57]
 [57]
 [57]
 [45]
 [49]] 
------------------------ Dataset: byd ------------------------
shape: (27, 1), dtype: uint16
Data:[[54]
 [50]
 [57]
 [57]
 [46]
 [50]
 [48]
 [50]
 [53]
 [51]
 [52]
 [45]
 [48]
 [32]
 [54]
 [50]
 [57]
 [57]
 [46]
 [49]
 [57]
 [55]
 [57]
 [53]
 [57]
 [45]
 [49]] 
------------------------ Dataset: bye ------------------------
shape: (27, 1), dtype: uint16
Data:[[54]
 [51]
 [49]
 [53]
 [46]
 [48]
 [55]
 [51]
 [56]
 [57]
 [57]
 [45]
 [48]
 [32]
 [54]
 [51]
 [49]
 [53]
 [46]
 [48]
 [54]
 [54]
 [55]
 [54]
 [53]
 [45]
 [49]] 
------------------------ Dataset: byf ------------------------
shape: (26, 1), dtype: uint16
Data:[[54]
 [51]
 [51]
 [48]
 [46]
 [56]
 [57]
 [48]
 [48]
 [54]
 [56]
 [45]
 [48]
 [32]
 [54]
 [51]
 [51]
 [48]
 [46]
 [56]
 [57]
 [51]
 [57]
 [52]
 [45]
 [49]] 
------------------------ Dataset: byg ------------------------
shape: (27, 1), dtype: uint16
Data:[[54]
 [51]
 [52]
 [54]
 [46]
 [55]
 [52]
 [48]
 [50]
 [57]
 [56]
 [45]
 [48]
 [32]
 [54]
 [51]
 [52]
 [54]
 [46]
 [55]
 [50]
 [55]
 [48]
 [51]
 [50]
 [45]
 [49]] 
------------------------ Dataset: byh ------------------------
shape: (27, 1), dtype: uint16
Data:[[54]
 [53]
 [49]
 [49]
 [46]
 [56]
 [49]
 [54]
 [49]
 [49]
 [54]
 [45]
 [48]
 [32]
 [54]
 [53]
 [49]
 [49]
 [46]
 [56]
 [50]
 [51]
 [54]
 [56]
 [54]
 [45]
 [49]] 
------------------------ Dataset: byi ------------------------
shape: (34, 1), dtype: uint16
Data:[[54]
 [53]
 [50]
 [55]
 [46]
 [54]
 [53]
 [48]
 [52]
 [55]
 [52]
 [57]
 [57]
 [57]
 [57]
 [57]
 [57]
 [53]
 [45]
 [48]
 [32]
 [54]
 [53]
 [50]
 [55]
 [46]
 [54]
 [53]
 [48]
 [51]
 [57]
 [49]
 [45]
 [49]] 
------------------------ Dataset: byj ------------------------
shape: (34, 1), dtype: uint16
Data:[[54]
 [48]
 [50]
 [51]
 [46]
 [50]
 [51]
 [57]
 [53]
 [55]
 [54]
 [45]
 [48]
 [32]
 [54]
 [48]
 [50]
 [51]
 [46]
 [50]
 [51]
 [52]
 [56]
 [52]
 [48]
 [57]
 [57]
 [57]
 [57]
 [57]
 [57]
 [53]
 [45]
 [49]] 
------------------------ Dataset: byk ------------------------
shape: (33, 1), dtype: uint16
Data:[[54]
 [48]
 [51]
 [56]
 [46]
 [57]
 [56]
 [57]
 [57]
 [55]
 [57]
 [57]
 [57]
 [57]
 [57]
 [57]
 [57]
 [45]
 [48]
 [32]
 [54]
 [48]
 [51]
 [56]
 [46]
 [57]
 [56]
 [53]
 [56]
 [52]
 [54]
 [45]
 [49]] 
------------------------ Dataset: byl ------------------------
shape: (34, 1), dtype: uint16
Data:[[54]
 [48]
 [53]
 [52]
 [46]
 [54]
 [53]
 [48]
 [48]
 [57]
 [48]
 [57]
 [57]
 [57]
 [57]
 [57]
 [57]
 [53]
 [45]
 [48]
 [32]
 [54]
 [48]
 [53]
 [52]
 [46]
 [54]
 [52]
 [49]
 [56]
 [51]
 [52]
 [45]
 [49]] 
------------------------ Dataset: bym ------------------------
shape: (34, 1), dtype: uint16
Data:[[54]
 [48]
 [55]
 [48]
 [46]
 [53]
 [56]
 [55]
 [52]
 [50]
 [54]
 [57]
 [57]
 [57]
 [57]
 [57]
 [57]
 [53]
 [45]
 [48]
 [32]
 [54]
 [48]
 [55]
 [48]
 [46]
 [53]
 [56]
 [57]
 [54]
 [49]
 [53]
 [45]
 [49]] 
------------------------ Dataset: byn ------------------------
shape: (26, 1), dtype: uint16
Data:[[53]
 [54]
 [51]
 [49]
 [46]
 [52]
 [53]
 [51]
 [56]
 [49]
 [45]
 [48]
 [32]
 [53]
 [54]
 [51]
 [49]
 [46]
 [52]
 [53]
 [56]
 [48]
 [56]
 [52]
 [45]
 [49]] 
------------------------ Dataset: byo ------------------------
shape: (27, 1), dtype: uint16
Data:[[53]
 [54]
 [52]
 [55]
 [46]
 [49]
 [51]
 [51]
 [53]
 [52]
 [53]
 [45]
 [48]
 [32]
 [53]
 [54]
 [52]
 [55]
 [46]
 [49]
 [50]
 [57]
 [54]
 [48]
 [57]
 [45]
 [49]] 
------------------------ Dataset: byp ------------------------
shape: (33, 1), dtype: uint16
Data:[[53]
 [54]
 [54]
 [50]
 [46]
 [56]
 [56]
 [50]
 [55]
 [50]
 [57]
 [57]
 [57]
 [57]
 [57]
 [57]
 [57]
 [45]
 [48]
 [32]
 [53]
 [54]
 [54]
 [50]
 [46]
 [56]
 [55]
 [48]
 [57]
 [49]
 [49]
 [45]
 [49]] 
------------------------ Dataset: byq ------------------------
shape: (33, 1), dtype: uint16
Data:[[53]
 [54]
 [55]
 [56]
 [46]
 [54]
 [48]
 [57]
 [53]
 [54]
 [56]
 [45]
 [48]
 [32]
 [53]
 [54]
 [55]
 [56]
 [46]
 [54]
 [48]
 [53]
 [56]
 [53]
 [56]
 [57]
 [57]
 [57]
 [57]
 [57]
 [57]
 [45]
 [49]] 
------------------------ Dataset: byr ------------------------
shape: (34, 1), dtype: uint16
Data:[[53]
 [54]
 [57]
 [52]
 [46]
 [51]
 [54]
 [49]
 [54]
 [49]
 [51]
 [57]
 [57]
 [57]
 [57]
 [57]
 [57]
 [53]
 [45]
 [48]
 [32]
 [53]
 [54]
 [57]
 [52]
 [46]
 [51]
 [53]
 [55]
 [54]
 [51]
 [49]
 [45]
 [49]] 
------------------------ Dataset: bys ------------------------
shape: (34, 1), dtype: uint16
Data:[[54]
 [52]
 [49]
 [55]
 [46]
 [54]
 [55]
 [50]
 [53]
 [55]
 [57]
 [57]
 [57]
 [57]
 [57]
 [57]
 [57]
 [53]
 [45]
 [48]
 [32]
 [54]
 [52]
 [49]
 [55]
 [46]
 [54]
 [55]
 [52]
 [49]
 [48]
 [52]
 [45]
 [49]] 
------------------------ Dataset: byt ------------------------
shape: (34, 1), dtype: uint16
Data:[[54]
 [54]
 [48]
 [57]
 [46]
 [55]
 [54]
 [50]
 [48]
 [57]
 [53]
 [57]
 [57]
 [57]
 [57]
 [57]
 [57]
 [53]
 [45]
 [48]
 [32]
 [54]
 [54]
 [48]
 [57]
 [46]
 [55]
 [54]
 [54]
 [49]
 [52]
 [49]
 [45]
 [49]] 
------------------------ Dataset: byu ------------------------
shape: (27, 1), dtype: uint16
Data:[[54]
 [54]
 [50]
 [53]
 [46]
 [55]
 [49]
 [49]
 [54]
 [49]
 [52]
 [45]
 [48]
 [32]
 [54]
 [54]
 [50]
 [53]
 [46]
 [55]
 [49]
 [49]
 [56]
 [48]
 [55]
 [45]
 [49]] 
------------------------ Dataset: byv ------------------------
shape: (33, 1), dtype: uint16
Data:[[54]
 [54]
 [52]
 [49]
 [46]
 [52]
 [57]
 [49]
 [55]
 [48]
 [56]
 [45]
 [48]
 [32]
 [54]
 [54]
 [52]
 [49]
 [46]
 [52]
 [57]
 [49]
 [53]
 [56]
 [51]
 [57]
 [57]
 [57]
 [57]
 [57]
 [57]
 [45]
 [49]] 
------------------------ Dataset: byw ------------------------
shape: (26, 1), dtype: uint16
Data:[[54]
 [54]
 [53]
 [55]
 [46]
 [49]
 [55]
 [49]
 [50]
 [55]
 [53]
 [45]
 [48]
 [32]
 [54]
 [54]
 [53]
 [55]
 [46]
 [49]
 [54]
 [54]
 [51]
 [52]
 [45]
 [49]] 
------------------------ Dataset: byx ------------------------
shape: (13, 1), dtype: uint16
Data:[[54]
 [54]
 [55]
 [51]
 [46]
 [48]
 [52]
 [55]
 [54]
 [57]
 [54]
 [45]
 [48]] 
------------------------ Dataset: byy ------------------------
shape: (13, 1), dtype: uint16
Data:[[54]
 [54]
 [56]
 [56]
 [46]
 [57]
 [53]
 [53]
 [51]
 [56]
 [50]
 [45]
 [48]] 
------------------------ Dataset: byz ------------------------
shape: (13, 1), dtype: uint16
Data:[[53]
 [57]
 [48]
 [54]
 [46]
 [56]
 [53]
 [55]
 [56]
 [53]
 [54]
 [45]
 [49]] 
------------------------ Dataset: bz ------------------------

shape: (1, 6), dtype: uint32
Data:[[3707764736          2          1          1       1453          1]] 
------------------------ Dataset: cyb ------------------------
shape: (27, 1), dtype: uint16
Data:[[54]
 [55]
 [55]
 [48]
 [46]
 [54]
 [53]
 [48]
 [50]
 [50]
 [55]
 [45]
 [48]
 [32]
 [54]
 [55]
 [55]
 [48]
 [46]
 [54]
 [52]
 [54]
 [49]
 [57]
 [54]
 [45]
 [49]] 
------------------------ Dataset: cyc ------------------------
shape: (27, 1), dtype: uint16
Data:[[54]
 [50]
 [56]
 [51]
 [46]
 [52]
 [49]
 [55]
 [57]
 [48]
 [55]
 [45]
 [48]
 [32]
 [54]
 [50]
 [56]
 [51]
 [46]
 [52]
 [50]
 [50]
 [49]
 [50]
 [55]
 [45]
 [49]] 
------------------------ Dataset: cyd ------------------------
shape: (27, 1), dtype: uint16
Data:[[54]
 [50]
 [57]
 [57]
 [46]
 [50]
 [48]
 [50]
 [53]
 [51]
 [52]
 [45]
 [48]
 [32]
 [54]
 [50]
 [57]
 [57]
 [46]
 [50]
 [48]
 [54]
 [48]
 [57]
 [54]
 [45]
 [49]] 
------------------------ Dataset: cye ------------------------
shape: (27, 1), dtype: uint16
Data:[[54]
 [51]
 [49]
 [53]
 [46]
 [48]
 [55]
 [51]
 [56]
 [57]
 [57]
 [45]
 [48]
 [32]
 [54]
 [51]
 [49]
 [53]
 [46]
 [48]
 [55]
 [48]
 [54]
 [50]
 [52]
 [45]
 [49]] 
------------------------ Dataset: cyf ------------------------
shape: (26, 1), dtype: uint16
Data:[[54]
 [51]
 [51]
 [48]
 [46]
 [56]
 [57]
 [55]
 [57]
 [52]
 [54]
 [45]
 [48]
 [32]
 [54]
 [51]
 [51]
 [48]
 [46]
 [56]
 [57]
 [51]
 [57]
 [52]
 [45]
 [49]] 
------------------------ Dataset: cyg ------------------------
shape: (34, 1), dtype: uint16
Data:[[54]
 [51]
 [52]
 [54]
 [46]
 [55]
 [52]
 [48]
 [50]
 [57]
 [56]
 [45]
 [48]
 [32]
 [54]
 [51]
 [52]
 [54]
 [46]
 [55]
 [52]
 [48]
 [50]
 [57]
 [57]
 [57]
 [57]
 [57]
 [57]
 [57]
 [57]
 [53]
 [45]
 [49]] 
------------------------ Dataset: cyh ------------------------
shape: (33, 1), dtype: uint16
Data:[[54]
 [53]
 [49]
 [49]
 [46]
 [56]
 [50]
 [56]
 [49]
 [56]
 [52]
 [57]
 [57]
 [57]
 [57]
 [57]
 [57]
 [45]
 [48]
 [32]
 [54]
 [53]
 [49]
 [49]
 [46]
 [56]
 [50]
 [51]
 [54]
 [56]
 [54]
 [45]
 [49]] 
------------------------ Dataset: cyi ------------------------
shape: (34, 1), dtype: uint16
Data:[[54]
 [53]
 [50]
 [55]
 [46]
 [54]
 [53]
 [48]
 [52]
 [55]
 [52]
 [57]
 [57]
 [57]
 [57]
 [57]
 [57]
 [53]
 [45]
 [48]
 [32]
 [54]
 [53]
 [50]
 [55]
 [46]
 [54]
 [53]
 [56]
 [48]
 [54]
 [56]
 [45]
 [49]] 
------------------------ Dataset: cyj ------------------------
shape: (33, 1), dtype: uint16
Data:[[54]
 [48]
 [50]
 [51]
 [46]
 [50]
 [51]
 [57]
 [53]
 [55]
 [54]
 [45]
 [48]
 [32]
 [54]
 [48]
 [50]
 [51]
 [46]
 [50]
 [52]
 [48]
 [51]
 [51]
 [54]
 [57]
 [57]
 [57]
 [57]
 [57]
 [57]
 [45]
 [49]] 
------------------------ Dataset: cyk ------------------------
shape: (39, 1), dtype: uint16
Data:[[54]
 [48]
 [51]
 [56]
 [46]
 [57]
 [56]
 [57]
 [57]
 [55]
 [57]
 [57]
 [57]
 [57]
 [57]
 [57]
 [57]
 [45]
 [48]
 [32]
 [54]
 [48]
 [51]
 [56]
 [46]
 [57]
 [57]
 [52]
 [48]
 [48]
 [49]
 [57]
 [57]
 [57]
 [57]
 [57]
 [57]
 [45]
 [49]] 
------------------------ Dataset: cyl ------------------------
shape: (34, 1), dtype: uint16
Data:[[54]
 [48]
 [53]
 [52]
 [46]
 [54]
 [53]
 [48]
 [48]
 [57]
 [48]
 [57]
 [57]
 [57]
 [57]
 [57]
 [57]
 [53]
 [45]
 [48]
 [32]
 [54]
 [48]
 [53]
 [52]
 [46]
 [54]
 [53]
 [49]
 [54]
 [57]
 [54]
 [45]
 [49]] 
------------------------ Dataset: cym ------------------------
shape: (33, 1), dtype: uint16
Data:[[54]
 [48]
 [55]
 [48]
 [46]
 [53]
 [57]
 [50]
 [56]
 [56]
 [53]
 [57]
 [57]
 [57]
 [57]
 [57]
 [57]
 [45]
 [48]
 [32]
 [54]
 [48]
 [55]
 [48]
 [46]
 [53]
 [56]
 [57]
 [54]
 [49]
 [53]
 [45]
 [49]] 
------------------------ Dataset: cyn ------------------------
shape: (33, 1), dtype: uint16
Data:[[53]
 [54]
 [51]
 [49]
 [46]
 [52]
 [54]
 [49]
 [55]
 [54]
 [53]
 [57]
 [57]
 [57]
 [57]
 [57]
 [57]
 [45]
 [48]
 [32]
 [53]
 [54]
 [51]
 [49]
 [46]
 [52]
 [53]
 [56]
 [48]
 [56]
 [52]
 [45]
 [49]] 
------------------------ Dataset: cyo ------------------------
shape: (34, 1), dtype: uint16
Data:[[53]
 [54]
 [52]
 [55]
 [46]
 [49]
 [51]
 [51]
 [53]
 [52]
 [53]
 [45]
 [48]
 [32]
 [53]
 [54]
 [52]
 [55]
 [46]
 [49]
 [51]
 [55]
 [55]
 [54]
 [52]
 [57]
 [57]
 [57]
 [57]
 [57]
 [57]
 [53]
 [45]
 [49]] 
------------------------ Dataset: cyp ------------------------
shape: (33, 1), dtype: uint16
Data:[[53]
 [54]
 [54]
 [50]
 [46]
 [56]
 [56]
 [50]
 [55]
 [50]
 [57]
 [57]
 [57]
 [57]
 [57]
 [57]
 [57]
 [45]
 [48]
 [32]
 [53]
 [54]
 [54]
 [50]
 [46]
 [56]
 [56]
 [51]
 [48]
 [56]
 [51]
 [45]
 [49]] 
------------------------ Dataset: cyq ------------------------
shape: (27, 1), dtype: uint16
Data:[[53]
 [54]
 [55]
 [56]
 [46]
 [54]
 [48]
 [57]
 [53]
 [54]
 [56]
 [45]
 [48]
 [32]
 [53]
 [54]
 [55]
 [56]
 [46]
 [54]
 [49]
 [53]
 [51]
 [48]
 [57]
 [45]
 [49]] 
------------------------ Dataset: cyr ------------------------
shape: (41, 1), dtype: uint16
Data:[[53]
 [54]
 [57]
 [52]
 [46]
 [51]
 [54]
 [49]
 [54]
 [49]
 [51]
 [57]
 [57]
 [57]
 [57]
 [57]
 [57]
 [53]
 [45]
 [48]
 [32]
 [53]
 [54]
 [57]
 [52]
 [46]
 [51]
 [54]
 [53]
 [54]
 [48]
 [48]
 [57]
 [57]
 [57]
 [57]
 [57]
 [57]
 [53]
 [45]
 [49]] 
------------------------ Dataset: cys ------------------------
shape: (34, 1), dtype: uint16
Data:[[54]
 [52]
 [49]
 [55]
 [46]
 [54]
 [55]
 [55]
 [57]
 [49]
 [50]
 [57]
 [57]
 [57]
 [57]
 [57]
 [57]
 [53]
 [45]
 [48]
 [32]
 [54]
 [52]
 [49]
 [55]
 [46]
 [54]
 [55]
 [52]
 [49]
 [48]
 [52]
 [45]
 [49]] 
------------------------ Dataset: cyt ------------------------
shape: (33, 1), dtype: uint16
Data:[[54]
 [54]
 [48]
 [57]
 [46]
 [55]
 [55]
 [48]
 [48]
 [52]
 [55]
 [57]
 [57]
 [57]
 [57]
 [57]
 [57]
 [45]
 [48]
 [32]
 [54]
 [54]
 [48]
 [57]
 [46]
 [55]
 [54]
 [54]
 [49]
 [52]
 [49]
 [45]
 [49]] 
------------------------ Dataset: cyu ------------------------
shape: (33, 1), dtype: uint16
Data:[[54]
 [54]
 [50]
 [53]
 [46]
 [55]
 [49]
 [52]
 [53]
 [55]
 [50]
 [57]
 [57]
 [57]
 [57]
 [57]
 [57]
 [45]
 [48]
 [32]
 [54]
 [54]
 [50]
 [53]
 [46]
 [55]
 [49]
 [49]
 [56]
 [48]
 [55]
 [45]
 [49]] 
------------------------ Dataset: cyv ------------------------
shape: (33, 1), dtype: uint16
Data:[[54]
 [54]
 [52]
 [49]
 [46]
 [52]
 [57]
 [49]
 [55]
 [48]
 [56]
 [45]
 [48]
 [32]
 [54]
 [54]
 [52]
 [49]
 [46]
 [52]
 [57]
 [52]
 [57]
 [55]
 [51]
 [57]
 [57]
 [57]
 [57]
 [57]
 [57]
 [45]
 [49]] 
------------------------ Dataset: cyw ------------------------
shape: (33, 1), dtype: uint16
Data:[[54]
 [54]
 [53]
 [55]
 [46]
 [49]
 [55]
 [49]
 [50]
 [55]
 [53]
 [45]
 [48]
 [32]
 [54]
 [54]
 [53]
 [55]
 [46]
 [49]
 [55]
 [52]
 [50]
 [48]
 [57]
 [57]
 [57]
 [57]
 [57]
 [57]
 [57]
 [45]
 [49]] 
------------------------ Dataset: cyx ------------------------
shape: (27, 1), dtype: uint16
Data:[[54]
 [54]
 [55]
 [51]
 [46]
 [48]
 [55]
 [50]
 [50]
 [51]
 [51]
 [45]
 [48]
 [32]
 [54]
 [54]
 [55]
 [51]
 [46]
 [48]
 [55]
 [50]
 [50]
 [50]
 [55]
 [45]
 [49]] 
------------------------ Dataset: cyy ------------------------
shape: (40, 1), dtype: uint16
Data:[[54]
 [54]
 [56]
 [56]
 [46]
 [57]
 [55]
 [56]
 [52]
 [57]
 [52]
 [57]
 [57]
 [57]
 [57]
 [57]
 [57]
 [45]
 [48]
 [32]
 [54]
 [54]
 [56]
 [56]
 [46]
 [57]
 [55]
 [56]
 [52]
 [48]
 [51]
 [57]
 [57]
 [57]
 [57]
 [57]
 [57]
 [53]
 [45]
 [49]] 
------------------------ Dataset: cyz ------------------------
shape: (20, 1), dtype: uint16
Data:[[53]
 [57]
 [48]
 [54]
 [46]
 [56]
 [54]
 [53]
 [54]
 [57]
 [52]
 [57]
 [57]
 [57]
 [57]
 [57]
 [57]
 [53]
 [45]
 [49]] 
------------------------ Dataset: cz ------------------------

shape: (1, 6), dtype: uint32
Data:[[3707764736          2          1          1       1454          1]] 
------------------------ Dataset: dyb ------------------------
shape: (34, 1), dtype: uint16
Data:[[54]
 [55]
 [55]
 [48]
 [46]
 [54]
 [53]
 [48]
 [50]
 [50]
 [55]
 [45]
 [48]
 [32]
 [54]
 [55]
 [55]
 [48]
 [46]
 [54]
 [53]
 [53]
 [52]
 [51]
 [57]
 [57]
 [57]
 [57]
 [57]
 [57]
 [57]
 [53]
 [45]
 [49]] 
------------------------ Dataset: dyc ------------------------
shape: (27, 1), dtype: uint16
Data:[[54]
 [50]
 [56]
 [51]
 [46]
 [52]
 [50]
 [53]
 [56]
 [56]
 [53]
 [45]
 [48]
 [32]
 [54]
 [50]
 [56]
 [51]
 [46]
 [52]
 [50]
 [50]
 [49]
 [50]
 [55]
 [45]
 [49]] 
------------------------ Dataset: dyd ------------------------
shape: (27, 1), dtype: uint16
Data:[[54]
 [50]
 [57]
 [57]
 [46]
 [50]
 [49]
 [48]
 [49]
 [54]
 [54]
 [45]
 [48]
 [32]
 [54]
 [50]
 [57]
 [57]
 [46]
 [50]
 [48]
 [54]
 [48]
 [57]
 [54]
 [45]
 [49]] 
------------------------ Dataset: dye ------------------------
shape: (27, 1), dtype: uint16
Data:[[54]
 [51]
 [49]
 [53]
 [46]
 [48]
 [55]
 [51]
 [56]
 [57]
 [57]
 [45]
 [48]
 [32]
 [54]
 [51]
 [49]
 [53]
 [46]
 [48]
 [55]
 [56]
 [48]
 [51]
 [56]
 [45]
 [49]] 
------------------------ Dataset: dyf ------------------------
shape: (33, 1), dtype: uint16
Data:[[54]
 [51]
 [51]
 [48]
 [46]
 [56]
 [57]
 [55]
 [57]
 [52]
 [54]
 [45]
 [48]
 [32]
 [54]
 [51]
 [51]
 [48]
 [46]
 [57]
 [48]
 [49]
 [57]
 [51]
 [56]
 [57]
 [57]
 [57]
 [57]
 [57]
 [57]
 [45]
 [49]] 
------------------------ Dataset: dyg ------------------------
shape: (40, 1), dtype: uint16
Data:[[54]
 [51]
 [52]
 [54]
 [46]
 [55]
 [52]
 [52]
 [52]
 [54]
 [56]
 [57]
 [57]
 [57]
 [57]
 [57]
 [57]
 [45]
 [48]
 [32]
 [54]
 [51]
 [52]
 [54]
 [46]
 [55]
 [52]
 [48]
 [50]
 [57]
 [57]
 [57]
 [57]
 [57]
 [57]
 [57]
 [57]
 [53]
 [45]
 [49]] 
------------------------ Dataset: dyh ------------------------
shape: (33, 1), dtype: uint16
Data:[[54]
 [53]
 [49]
 [49]
 [46]
 [56]
 [50]
 [56]
 [49]
 [56]
 [52]
 [57]
 [57]
 [57]
 [57]
 [57]
 [57]
 [45]
 [48]
 [32]
 [54]
 [53]
 [49]
 [49]
 [46]
 [56]
 [51]
 [49]
 [57]
 [48]
 [56]
 [45]
 [49]] 
------------------------ Dataset: dyi ------------------------
shape: (27, 1), dtype: uint16
Data:[[54]
 [53]
 [50]
 [55]
 [46]
 [54]
 [53]
 [56]
 [48]
 [49]
 [53]
 [45]
 [48]
 [32]
 [54]
 [53]
 [50]
 [55]
 [46]
 [54]
 [53]
 [56]
 [48]
 [54]
 [56]
 [45]
 [49]] 
------------------------ Dataset: dyj ------------------------
shape: (40, 1), dtype: uint16
Data:[[54]
 [48]
 [50]
 [51]
 [46]
 [50]
 [52]
 [54]
 [49]
 [50]
 [57]
 [57]
 [57]
 [57]
 [57]
 [57]
 [57]
 [53]
 [45]
 [48]
 [32]
 [54]
 [48]
 [50]
 [51]
 [46]
 [50]
 [52]
 [48]
 [51]
 [51]
 [54]
 [57]
 [57]
 [57]
 [57]
 [57]
 [57]
 [45]
 [49]] 
------------------------ Dataset: dyk ------------------------
shape: (39, 1), dtype: uint16
Data:[[54]
 [48]
 [51]
 [56]
 [46]
 [57]
 [57]
 [55]
 [56]
 [50]
 [54]
 [57]
 [57]
 [57]
 [57]
 [57]
 [57]
 [45]
 [48]
 [32]
 [54]
 [48]
 [51]
 [56]
 [46]
 [57]
 [57]
 [52]
 [48]
 [48]
 [49]
 [57]
 [57]
 [57]
 [57]
 [57]
 [57]
 [45]
 [49]] 
------------------------ Dataset: dyl ------------------------
shape: (26, 1), dtype: uint16
Data:[[54]
 [48]
 [53]
 [52]
 [46]
 [54]
 [53]
 [54]
 [55]
 [50]
 [45]
 [48]
 [32]
 [54]
 [48]
 [53]
 [52]
 [46]
 [54]
 [53]
 [49]
 [54]
 [57]
 [54]
 [45]
 [49]] 
------------------------ Dataset: dym ------------------------
shape: (32, 1), dtype: uint16
Data:[[54]
 [48]
 [55]
 [48]
 [46]
 [53]
 [57]
 [50]
 [56]
 [56]
 [53]
 [57]
 [57]
 [57]
 [57]
 [57]
 [57]
 [45]
 [48]
 [32]
 [54]
 [48]
 [55]
 [48]
 [46]
 [53]
 [57]
 [52]
 [51]
 [55]
 [45]
 [49]] 
------------------------ Dataset: dyn ------------------------
shape: (33, 1), dtype: uint16
Data:[[53]
 [54]
 [51]
 [49]
 [46]
 [52]
 [54]
 [49]
 [55]
 [54]
 [53]
 [57]
 [57]
 [57]
 [57]
 [57]
 [57]
 [45]
 [48]
 [32]
 [53]
 [54]
 [51]
 [49]
 [46]
 [52]
 [54]
 [53]
 [56]
 [51]
 [50]
 [45]
 [49]] 
------------------------ Dataset: dyo ------------------------
shape: (34, 1), dtype: uint16
Data:[[53]
 [54]
 [52]
 [55]
 [46]
 [49]
 [52]
 [49]
 [53]
 [52]
 [57]
 [45]
 [48]
 [32]
 [53]
 [54]
 [52]
 [55]
 [46]
 [49]
 [51]
 [55]
 [55]
 [54]
 [52]
 [57]
 [57]
 [57]
 [57]
 [57]
 [57]
 [53]
 [45]
 [49]] 
------------------------ Dataset: dyp ------------------------
shape: (34, 1), dtype: uint16
Data:[[53]
 [54]
 [54]
 [50]
 [46]
 [56]
 [56]
 [56]
 [55]
 [56]
 [53]
 [57]
 [57]
 [57]
 [57]
 [57]
 [57]
 [53]
 [45]
 [48]
 [32]
 [53]
 [54]
 [54]
 [50]
 [46]
 [56]
 [56]
 [51]
 [48]
 [56]
 [51]
 [45]
 [49]] 
------------------------ Dataset: dyq ------------------------
shape: (27, 1), dtype: uint16
Data:[[53]
 [54]
 [55]
 [56]
 [46]
 [54]
 [49]
 [55]
 [55]
 [56]
 [54]
 [45]
 [48]
 [32]
 [53]
 [54]
 [55]
 [56]
 [46]
 [54]
 [49]
 [53]
 [51]
 [48]
 [57]
 [45]
 [49]] 
------------------------ Dataset: dyr ------------------------
shape: (40, 1), dtype: uint16
Data:[[53]
 [54]
 [57]
 [52]
 [46]
 [51]
 [54]
 [57]
 [53]
 [50]
 [50]
 [57]
 [57]
 [57]
 [57]
 [57]
 [57]
 [45]
 [48]
 [32]
 [53]
 [54]
 [57]
 [52]
 [46]
 [51]
 [54]
 [53]
 [54]
 [48]
 [48]
 [57]
 [57]
 [57]
 [57]
 [57]
 [57]
 [53]
 [45]
 [49]] 
------------------------ Dataset: dys ------------------------
shape: (34, 1), dtype: uint16
Data:[[54]
 [52]
 [49]
 [55]
 [46]
 [54]
 [55]
 [55]
 [57]
 [49]
 [50]
 [57]
 [57]
 [57]
 [57]
 [57]
 [57]
 [53]
 [45]
 [48]
 [32]
 [54]
 [52]
 [49]
 [55]
 [46]
 [54]
 [56]
 [50]
 [48]
 [53]
 [49]
 [45]
 [49]] 
------------------------ Dataset: dyt ------------------------
shape: (33, 1), dtype: uint16
Data:[[54]
 [54]
 [48]
 [57]
 [46]
 [55]
 [55]
 [48]
 [48]
 [52]
 [55]
 [57]
 [57]
 [57]
 [57]
 [57]
 [57]
 [45]
 [48]
 [32]
 [54]
 [54]
 [48]
 [57]
 [46]
 [55]
 [55]
 [52]
 [48]
 [49]
 [56]
 [45]
 [49]] 
------------------------ Dataset: dyu ------------------------
shape: (39, 1), dtype: uint16
Data:[[54]
 [54]
 [50]
 [53]
 [46]
 [55]
 [49]
 [52]
 [53]
 [55]
 [50]
 [57]
 [57]
 [57]
 [57]
 [57]
 [57]
 [45]
 [48]
 [32]
 [54]
 [54]
 [50]
 [53]
 [46]
 [55]
 [49]
 [56]
 [49]
 [52]
 [48]
 [57]
 [57]
 [57]
 [57]
 [57]
 [57]
 [45]
 [49]] 
------------------------ Dataset: dyv ------------------------
shape: (39, 1), dtype: uint16
Data:[[54]
 [54]
 [52]
 [49]
 [46]
 [52]
 [57]
 [56]
 [48]
 [54]
 [48]
 [57]
 [57]
 [57]
 [57]
 [57]
 [57]
 [45]
 [48]
 [32]
 [54]
 [54]
 [52]
 [49]
 [46]
 [52]
 [57]
 [52]
 [57]
 [55]
 [51]
 [57]
 [57]
 [57]
 [57]
 [57]
 [57]
 [45]
 [49]] 
------------------------ Dataset: dyw ------------------------
shape: (33, 1), dtype: uint16
Data:[[54]
 [54]
 [53]
 [55]
 [46]
 [49]
 [55]
 [56]
 [49]
 [56]
 [56]
 [45]
 [48]
 [32]
 [54]
 [54]
 [53]
 [55]
 [46]
 [49]
 [55]
 [52]
 [50]
 [48]
 [57]
 [57]
 [57]
 [57]
 [57]
 [57]
 [57]
 [45]
 [49]] 
------------------------ Dataset: dyx ------------------------
shape: (27, 1), dtype: uint16
Data:[[54]
 [54]
 [55]
 [51]
 [46]
 [48]
 [55]
 [50]
 [50]
 [51]
 [51]
 [45]
 [48]
 [32]
 [54]
 [54]
 [55]
 [51]
 [46]
 [48]
 [55]
 [54]
 [52]
 [54]
 [50]
 [45]
 [49]] 
------------------------ Dataset: dyy ------------------------
shape: (40, 1), dtype: uint16
Data:[[54]
 [54]
 [56]
 [56]
 [46]
 [57]
 [55]
 [56]
 [52]
 [57]
 [52]
 [57]
 [57]
 [57]
 [57]
 [57]
 [57]
 [45]
 [48]
 [32]
 [54]
 [54]
 [56]
 [56]
 [46]
 [57]
 [56]
 [53]
 [56]
 [56]
 [53]
 [57]
 [57]
 [57]
 [57]
 [57]
 [57]
 [53]
 [45]
 [49]] 
------------------------ Dataset: dyz ------------------------
shape: (12, 1), dtype: uint16
Data:[[53]
 [57]
 [48]
 [54]
 [46]
 [56]
 [54]
 [53]
 [55]
 [56]
 [45]
 [48]] 
------------------------ Dataset: dz ------------------------

shape: (1, 6), dtype: uint32
Data:[[3707764736          2          1          1       1455          1]] 
------------------------ Dataset: eyb ------------------------
shape: (40, 1), dtype: uint16
Data:[[54]
 [55]
 [55]
 [48]
 [46]
 [54]
 [54]
 [50]
 [48]
 [56]
 [53]
 [57]
 [57]
 [57]
 [57]
 [57]
 [57]
 [45]
 [48]
 [32]
 [54]
 [55]
 [55]
 [48]
 [46]
 [54]
 [53]
 [53]
 [52]
 [51]
 [57]
 [57]
 [57]
 [57]
 [57]
 [57]
 [57]
 [53]
 [45]
 [49]] 
------------------------ Dataset: eyc ------------------------
shape: (34, 1), dtype: uint16
Data:[[54]
 [50]
 [56]
 [51]
 [46]
 [52]
 [50]
 [53]
 [56]
 [56]
 [53]
 [45]
 [48]
 [32]
 [54]
 [50]
 [56]
 [51]
 [46]
 [52]
 [50]
 [57]
 [56]
 [57]
 [50]
 [57]
 [57]
 [57]
 [57]
 [57]
 [57]
 [53]
 [45]
 [49]] 
------------------------ Dataset: eyd ------------------------
shape: (34, 1), dtype: uint16
Data:[[54]
 [50]
 [57]
 [57]
 [46]
 [50]
 [49]
 [48]
 [49]
 [54]
 [54]
 [45]
 [48]
 [32]
 [54]
 [50]
 [57]
 [57]
 [46]
 [50]
 [49]
 [52]
 [55]
 [52]
 [50]
 [57]
 [57]
 [57]
 [57]
 [57]
 [57]
 [53]
 [45]
 [49]] 
------------------------ Dataset: eye ------------------------
shape: (27, 1), dtype: uint16
Data:[[54]
 [51]
 [49]
 [53]
 [46]
 [48]
 [56]
 [50]
 [50]
 [51]
 [56]
 [45]
 [48]
 [32]
 [54]
 [51]
 [49]
 [53]
 [46]
 [48]
 [55]
 [56]
 [48]
 [51]
 [56]
 [45]
 [49]] 
------------------------ Dataset: eyf ------------------------
shape: (33, 1), dtype: uint16
Data:[[54]
 [51]
 [51]
 [48]
 [46]
 [57]
 [48]
 [54]
 [49]
 [52]
 [50]
 [45]
 [48]
 [32]
 [54]
 [51]
 [51]
 [48]
 [46]
 [57]
 [48]
 [49]
 [57]
 [51]
 [56]
 [57]
 [57]
 [57]
 [57]
 [57]
 [57]
 [45]
 [49]] 
------------------------ Dataset: eyg ------------------------
shape: (32, 1), dtype: uint16
Data:[[54]
 [51]
 [52]
 [54]
 [46]
 [55]
 [52]
 [52]
 [52]
 [54]
 [56]
 [57]
 [57]
 [57]
 [57]
 [57]
 [57]
 [45]
 [48]
 [32]
 [54]
 [51]
 [52]
 [54]
 [46]
 [55]
 [52]
 [52]
 [48]
 [50]
 [45]
 [49]] 
------------------------ Dataset: eyh ------------------------
shape: (26, 1), dtype: uint16
Data:[[54]
 [53]
 [49]
 [49]
 [46]
 [56]
 [51]
 [54]
 [48]
 [56]
 [45]
 [48]
 [32]
 [54]
 [53]
 [49]
 [49]
 [46]
 [56]
 [51]
 [49]
 [57]
 [48]
 [56]
 [45]
 [49]] 
------------------------ Dataset: eyi ------------------------
shape: (27, 1), dtype: uint16
Data:[[54]
 [53]
 [50]
 [55]
 [46]
 [54]
 [54]
 [53]
 [57]
 [56]
 [53]
 [45]
 [48]
 [32]
 [54]
 [53]
 [50]
 [55]
 [46]
 [54]
 [53]
 [56]
 [48]
 [54]
 [56]
 [45]
 [49]] 
------------------------ Dataset: eyj ------------------------
shape: (34, 1), dtype: uint16
Data:[[54]
 [48]
 [50]
 [51]
 [46]
 [50]
 [52]
 [54]
 [49]
 [50]
 [57]
 [57]
 [57]
 [57]
 [57]
 [57]
 [57]
 [53]
 [45]
 [48]
 [32]
 [54]
 [48]
 [50]
 [51]
 [46]
 [50]
 [52]
 [54]
 [49]
 [52]
 [50]
 [45]
 [49]] 
------------------------ Dataset: eyk ------------------------
shape: (33, 1), dtype: uint16
Data:[[54]
 [48]
 [51]
 [56]
 [46]
 [57]
 [57]
 [55]
 [56]
 [50]
 [54]
 [57]
 [57]
 [57]
 [57]
 [57]
 [57]
 [45]
 [48]
 [32]
 [54]
 [48]
 [51]
 [57]
 [46]
 [48]
 [48]
 [49]
 [56]
 [48]
 [53]
 [45]
 [49]] 
------------------------ Dataset: eyl ------------------------
shape: (26, 1), dtype: uint16
Data:[[54]
 [48]
 [53]
 [52]
 [46]
 [54]
 [53]
 [54]
 [55]
 [50]
 [45]
 [48]
 [32]
 [54]
 [48]
 [53]
 [52]
 [46]
 [54]
 [53]
 [57]
 [54]
 [53]
 [57]
 [45]
 [49]] 
------------------------ Dataset: eym ------------------------
shape: (26, 1), dtype: uint16
Data:[[54]
 [48]
 [55]
 [48]
 [46]
 [53]
 [57]
 [56]
 [49]
 [54]
 [55]
 [45]
 [48]
 [32]
 [54]
 [48]
 [55]
 [48]
 [46]
 [53]
 [57]
 [52]
 [51]
 [55]
 [45]
 [49]] 
------------------------ Dataset: eyn ------------------------
shape: (34, 1), dtype: uint16
Data:[[53]
 [54]
 [51]
 [49]
 [46]
 [52]
 [54]
 [57]
 [57]
 [57]
 [52]
 [57]
 [57]
 [57]
 [57]
 [57]
 [57]
 [53]
 [45]
 [48]
 [32]
 [53]
 [54]
 [51]
 [49]
 [46]
 [52]
 [54]
 [53]
 [56]
 [51]
 [50]
 [45]
 [49]] 
------------------------ Dataset: eyo ------------------------
shape: (27, 1), dtype: uint16
Data:[[53]
 [54]
 [52]
 [55]
 [46]
 [49]
 [52]
 [49]
 [53]
 [52]
 [57]
 [45]
 [48]
 [32]
 [53]
 [54]
 [52]
 [55]
 [46]
 [49]
 [52]
 [53]
 [53]
 [54]
 [50]
 [45]
 [49]] 
------------------------ Dataset: eyp ------------------------
shape: (34, 1), dtype: uint16
Data:[[53]
 [54]
 [54]
 [50]
 [46]
 [56]
 [56]
 [56]
 [55]
 [56]
 [53]
 [57]
 [57]
 [57]
 [57]
 [57]
 [57]
 [53]
 [45]
 [48]
 [32]
 [53]
 [54]
 [54]
 [50]
 [46]
 [56]
 [56]
 [57]
 [56]
 [52]
 [51]
 [45]
 [49]] 
------------------------ Dataset: eyq ------------------------
shape: (27, 1), dtype: uint16
Data:[[53]
 [54]
 [55]
 [56]
 [46]
 [54]
 [49]
 [55]
 [55]
 [56]
 [54]
 [45]
 [48]
 [32]
 [53]
 [54]
 [55]
 [56]
 [46]
 [54]
 [50]
 [49]
 [54]
 [57]
 [55]
 [45]
 [49]] 
------------------------ Dataset: eyr ------------------------
shape: (33, 1), dtype: uint16
Data:[[53]
 [54]
 [57]
 [52]
 [46]
 [51]
 [54]
 [57]
 [53]
 [50]
 [50]
 [57]
 [57]
 [57]
 [57]
 [57]
 [57]
 [45]
 [48]
 [32]
 [53]
 [54]
 [57]
 [52]
 [46]
 [51]
 [55]
 [51]
 [53]
 [56]
 [57]
 [45]
 [49]] 
------------------------ Dataset: eys ------------------------
shape: (33, 1), dtype: uint16
Data:[[54]
 [52]
 [49]
 [55]
 [46]
 [54]
 [56]
 [54]
 [48]
 [48]
 [54]
 [57]
 [57]
 [57]
 [57]
 [57]
 [57]
 [45]
 [48]
 [32]
 [54]
 [52]
 [49]
 [55]
 [46]
 [54]
 [56]
 [50]
 [48]
 [53]
 [49]
 [45]
 [49]] 
------------------------ Dataset: eyt ------------------------
shape: (27, 1), dtype: uint16
Data:[[54]
 [54]
 [48]
 [57]
 [46]
 [55]
 [55]
 [56]
 [49]
 [50]
 [50]
 [45]
 [48]
 [32]
 [54]
 [54]
 [48]
 [57]
 [46]
 [55]
 [55]
 [52]
 [48]
 [49]
 [56]
 [45]
 [49]] 
------------------------ Dataset: eyu ------------------------
shape: (33, 1), dtype: uint16
Data:[[54]
 [54]
 [50]
 [53]
 [46]
 [55]
 [50]
 [50]
 [48]
 [54]
 [56]
 [45]
 [48]
 [32]
 [54]
 [54]
 [50]
 [53]
 [46]
 [55]
 [49]
 [56]
 [49]
 [52]
 [48]
 [57]
 [57]
 [57]
 [57]
 [57]
 [57]
 [45]
 [49]] 
------------------------ Dataset: eyv ------------------------
shape: (40, 1), dtype: uint16
Data:[[54]
 [54]
 [52]
 [49]
 [46]
 [52]
 [57]
 [56]
 [48]
 [54]
 [48]
 [57]
 [57]
 [57]
 [57]
 [57]
 [57]
 [45]
 [48]
 [32]
 [54]
 [54]
 [52]
 [49]
 [46]
 [53]
 [48]
 [50]
 [48]
 [56]
 [53]
 [57]
 [57]
 [57]
 [57]
 [57]
 [57]
 [53]
 [45]
 [49]] 
------------------------ Dataset: eyw ------------------------
shape: (27, 1), dtype: uint16
Data:[[54]
 [54]
 [53]
 [55]
 [46]
 [49]
 [55]
 [56]
 [49]
 [56]
 [56]
 [45]
 [48]
 [32]
 [54]
 [54]
 [53]
 [55]
 [46]
 [49]
 [56]
 [50]
 [48]
 [52]
 [54]
 [45]
 [49]] 
------------------------ Dataset: eyx ------------------------
shape: (27, 1), dtype: uint16
Data:[[54]
 [54]
 [55]
 [51]
 [46]
 [48]
 [55]
 [54]
 [50]
 [53]
 [56]
 [45]
 [48]
 [32]
 [54]
 [54]
 [55]
 [51]
 [46]
 [48]
 [55]
 [54]
 [52]
 [54]
 [50]
 [45]
 [49]] 
------------------------ Dataset: eyy ------------------------
shape: (41, 1), dtype: uint16
Data:[[54]
 [54]
 [56]
 [56]
 [46]
 [57]
 [56]
 [53]
 [50]
 [52]
 [51]
 [57]
 [57]
 [57]
 [57]
 [57]
 [57]
 [53]
 [45]
 [48]
 [32]
 [54]
 [54]
 [56]
 [56]
 [46]
 [57]
 [56]
 [53]
 [56]
 [56]
 [53]
 [57]
 [57]
 [57]
 [57]
 [57]
 [57]
 [53]
 [45]
 [49]] 
------------------------ Dataset: eyz ------------------------
shape: (13, 1), dtype: uint16
Data:[[53]
 [57]
 [48]
 [54]
 [46]
 [56]
 [55]
 [51]
 [56]
 [49]
 [50]
 [45]
 [49]] 
------------------------ Dataset: ez ------------------------

shape: (1, 6), dtype: uint32
Data:[[3707764736          2          1          1       1456          1]] 
------------------------ Dataset: fyb ------------------------
shape: (33, 1), dtype: uint16
Data:[[54]
 [55]
 [55]
 [48]
 [46]
 [54]
 [54]
 [50]
 [48]
 [56]
 [53]
 [57]
 [57]
 [57]
 [57]
 [57]
 [57]
 [45]
 [48]
 [32]
 [54]
 [55]
 [55]
 [48]
 [46]
 [54]
 [54]
 [54]
 [56]
 [57]
 [57]
 [45]
 [49]] 
------------------------ Dataset: fyc ------------------------
shape: (33, 1), dtype: uint16
Data:[[54]
 [50]
 [56]
 [51]
 [46]
 [52]
 [51]
 [51]
 [57]
 [49]
 [45]
 [48]
 [32]
 [54]
 [50]
 [56]
 [51]
 [46]
 [52]
 [50]
 [57]
 [56]
 [57]
 [50]
 [57]
 [57]
 [57]
 [57]
 [57]
 [57]
 [53]
 [45]
 [49]] 
------------------------ Dataset: fyd ------------------------
shape: (40, 1), dtype: uint16
Data:[[54]
 [50]
 [57]
 [57]
 [46]
 [50]
 [49]
 [56]
 [48]
 [54]
 [55]
 [57]
 [57]
 [57]
 [57]
 [57]
 [57]
 [45]
 [48]
 [32]
 [54]
 [50]
 [57]
 [57]
 [46]
 [50]
 [49]
 [52]
 [55]
 [52]
 [50]
 [57]
 [57]
 [57]
 [57]
 [57]
 [57]
 [53]
 [45]
 [49]] 
------------------------ Dataset: fye ------------------------
shape: (33, 1), dtype: uint16
Data:[[54]
 [51]
 [49]
 [53]
 [46]
 [48]
 [56]
 [50]
 [50]
 [51]
 [56]
 [45]
 [48]
 [32]
 [54]
 [51]
 [49]
 [53]
 [46]
 [48]
 [56]
 [53]
 [57]
 [52]
 [53]
 [57]
 [57]
 [57]
 [57]
 [57]
 [57]
 [45]
 [49]] 
------------------------ Dataset: fyf ------------------------
shape: (27, 1), dtype: uint16
Data:[[54]
 [51]
 [51]
 [48]
 [46]
 [57]
 [48]
 [54]
 [49]
 [52]
 [50]
 [45]
 [48]
 [32]
 [54]
 [51]
 [51]
 [48]
 [46]
 [57]
 [48]
 [57]
 [57]
 [53]
 [53]
 [45]
 [49]] 
------------------------ Dataset: fyg ------------------------
shape: (33, 1), dtype: uint16
Data:[[54]
 [51]
 [52]
 [54]
 [46]
 [55]
 [52]
 [52]
 [52]
 [54]
 [56]
 [57]
 [57]
 [57]
 [57]
 [57]
 [57]
 [45]
 [48]
 [32]
 [54]
 [51]
 [52]
 [54]
 [46]
 [55]
 [52]
 [57]
 [57]
 [52]
 [49]
 [45]
 [49]] 
------------------------ Dataset: fyh ------------------------
shape: (33, 1), dtype: uint16
Data:[[54]
 [53]
 [49]
 [49]
 [46]
 [56]
 [51]
 [54]
 [48]
 [56]
 [45]
 [48]
 [32]
 [54]
 [53]
 [49]
 [49]
 [46]
 [56]
 [51]
 [56]
 [53]
 [49]
 [52]
 [57]
 [57]
 [57]
 [57]
 [57]
 [57]
 [53]
 [45]
 [49]] 
------------------------ Dataset: fyi ------------------------
shape: (27, 1), dtype: uint16
Data:[[54]
 [53]
 [50]
 [55]
 [46]
 [54]
 [54]
 [53]
 [57]
 [56]
 [53]
 [45]
 [48]
 [32]
 [54]
 [53]
 [50]
 [55]
 [46]
 [54]
 [54]
 [53]
 [57]
 [56]
 [53]
 [45]
 [49]] 
------------------------ Dataset: fyj ------------------------
shape: (34, 1), dtype: uint16
Data:[[54]
 [48]
 [50]
 [51]
 [46]
 [50]
 [53]
 [55]
 [56]
 [51]
 [55]
 [57]
 [57]
 [57]
 [57]
 [57]
 [57]
 [53]
 [45]
 [48]
 [32]
 [54]
 [48]
 [50]
 [51]
 [46]
 [50]
 [52]
 [54]
 [49]
 [52]
 [50]
 [45]
 [49]] 
------------------------ Dataset: fyk ------------------------
shape: (34, 1), dtype: uint16
Data:[[54]
 [48]
 [51]
 [57]
 [46]
 [48]
 [48]
 [53]
 [55]
 [55]
 [49]
 [57]
 [57]
 [57]
 [57]
 [57]
 [57]
 [53]
 [45]
 [48]
 [32]
 [54]
 [48]
 [51]
 [57]
 [46]
 [48]
 [48]
 [49]
 [56]
 [48]
 [53]
 [45]
 [49]] 
------------------------ Dataset: fyl ------------------------
shape: (33, 1), dtype: uint16
Data:[[54]
 [48]
 [53]
 [52]
 [46]
 [54]
 [54]
 [51]
 [53]
 [57]
 [50]
 [57]
 [57]
 [57]
 [57]
 [57]
 [57]
 [45]
 [48]
 [32]
 [54]
 [48]
 [53]
 [52]
 [46]
 [54]
 [53]
 [57]
 [54]
 [53]
 [57]
 [45]
 [49]] 
------------------------ Dataset: fym ------------------------
shape: (27, 1), dtype: uint16
Data:[[54]
 [48]
 [55]
 [48]
 [46]
 [53]
 [57]
 [56]
 [49]
 [54]
 [55]
 [45]
 [48]
 [32]
 [54]
 [48]
 [55]
 [48]
 [46]
 [54]
 [48]
 [51]
 [51]
 [54]
 [55]
 [45]
 [49]] 
------------------------ Dataset: fyn ------------------------
shape: (34, 1), dtype: uint16
Data:[[53]
 [54]
 [51]
 [49]
 [46]
 [52]
 [54]
 [57]
 [57]
 [57]
 [52]
 [57]
 [57]
 [57]
 [57]
 [57]
 [57]
 [53]
 [45]
 [48]
 [32]
 [53]
 [54]
 [51]
 [49]
 [46]
 [52]
 [55]
 [52]
 [48]
 [48]
 [55]
 [45]
 [49]] 
------------------------ Dataset: fyo ------------------------
shape: (26, 1), dtype: uint16
Data:[[53]
 [54]
 [52]
 [55]
 [46]
 [49]
 [52]
 [57]
 [52]
 [57]
 [45]
 [48]
 [32]
 [53]
 [54]
 [52]
 [55]
 [46]
 [49]
 [52]
 [53]
 [53]
 [54]
 [50]
 [45]
 [49]] 
------------------------ Dataset: fyp ------------------------
shape: (27, 1), dtype: uint16
Data:[[53]
 [54]
 [54]
 [50]
 [46]
 [56]
 [57]
 [51]
 [54]
 [55]
 [52]
 [45]
 [48]
 [32]
 [53]
 [54]
 [54]
 [50]
 [46]
 [56]
 [56]
 [57]
 [56]
 [52]
 [51]
 [45]
 [49]] 
------------------------ Dataset: fyq ------------------------
shape: (34, 1), dtype: uint16
Data:[[53]
 [54]
 [55]
 [56]
 [46]
 [54]
 [50]
 [53]
 [54]
 [53]
 [51]
 [57]
 [57]
 [57]
 [57]
 [57]
 [57]
 [53]
 [45]
 [48]
 [32]
 [53]
 [54]
 [55]
 [56]
 [46]
 [54]
 [50]
 [49]
 [54]
 [57]
 [55]
 [45]
 [49]] 
------------------------ Dataset: fyr ------------------------
shape: (33, 1), dtype: uint16
Data:[[53]
 [54]
 [57]
 [52]
 [46]
 [51]
 [55]
 [55]
 [55]
 [52]
 [48]
 [57]
 [57]
 [57]
 [57]
 [57]
 [57]
 [45]
 [48]
 [32]
 [53]
 [54]
 [57]
 [52]
 [46]
 [51]
 [55]
 [51]
 [53]
 [56]
 [57]
 [45]
 [49]] 
------------------------ Dataset: fys ------------------------
shape: (39, 1), dtype: uint16
Data:[[54]
 [52]
 [49]
 [55]
 [46]
 [54]
 [56]
 [54]
 [48]
 [48]
 [54]
 [57]
 [57]
 [57]
 [57]
 [57]
 [57]
 [45]
 [48]
 [32]
 [54]
 [52]
 [49]
 [55]
 [46]
 [54]
 [56]
 [57]
 [57]
 [57]
 [48]
 [57]
 [57]
 [57]
 [57]
 [57]
 [57]
 [45]
 [49]] 
------------------------ Dataset: fyt ------------------------
shape: (26, 1), dtype: uint16
Data:[[54]
 [54]
 [48]
 [57]
 [46]
 [55]
 [55]
 [56]
 [49]
 [50]
 [50]
 [45]
 [48]
 [32]
 [54]
 [54]
 [48]
 [57]
 [46]
 [55]
 [56]
 [51]
 [51]
 [55]
 [45]
 [49]] 
------------------------ Dataset: fyu ------------------------
shape: (27, 1), dtype: uint16
Data:[[54]
 [54]
 [50]
 [53]
 [46]
 [55]
 [50]
 [50]
 [48]
 [54]
 [56]
 [45]
 [48]
 [32]
 [54]
 [54]
 [50]
 [53]
 [46]
 [55]
 [50]
 [54]
 [49]
 [51]
 [50]
 [45]
 [49]] 
------------------------ Dataset: fyv ------------------------
shape: (41, 1), dtype: uint16
Data:[[54]
 [54]
 [52]
 [49]
 [46]
 [53]
 [48]
 [54]
 [49]
 [56]
 [50]
 [57]
 [57]
 [57]
 [57]
 [57]
 [57]
 [53]
 [45]
 [48]
 [32]
 [54]
 [54]
 [52]
 [49]
 [46]
 [53]
 [48]
 [50]
 [48]
 [56]
 [53]
 [57]
 [57]
 [57]
 [57]
 [57]
 [57]
 [53]
 [45]
 [49]] 
------------------------ Dataset: fyw ------------------------
shape: (27, 1), dtype: uint16
Data:[[54]
 [54]
 [53]
 [55]
 [46]
 [49]
 [56]
 [54]
 [48]
 [51]
 [56]
 [45]
 [48]
 [32]
 [54]
 [54]
 [53]
 [55]
 [46]
 [49]
 [56]
 [50]
 [48]
 [52]
 [54]
 [45]
 [49]] 
------------------------ Dataset: fyx ------------------------
shape: (27, 1), dtype: uint16
Data:[[54]
 [54]
 [55]
 [51]
 [46]
 [48]
 [56]
 [50]
 [51]
 [51]
 [50]
 [45]
 [48]
 [32]
 [54]
 [54]
 [55]
 [51]
 [46]
 [48]
 [55]
 [54]
 [52]
 [54]
 [50]
 [45]
 [49]] 
------------------------ Dataset: fyy ------------------------
shape: (34, 1), dtype: uint16
Data:[[54]
 [54]
 [56]
 [56]
 [46]
 [57]
 [57]
 [48]
 [55]
 [56]
 [56]
 [45]
 [48]
 [32]
 [54]
 [54]
 [56]
 [56]
 [46]
 [57]
 [56]
 [53]
 [56]
 [56]
 [53]
 [57]
 [57]
 [57]
 [57]
 [57]
 [57]
 [53]
 [45]
 [49]] 
------------------------ Dataset: fyz ------------------------
shape: (13, 1), dtype: uint16
Data:[[53]
 [57]
 [48]
 [54]
 [46]
 [56]
 [55]
 [51]
 [56]
 [49]
 [50]
 [45]
 [48]] 
------------------------ Dataset: fz ------------------------

shape: (1, 6), dtype: uint32
Data:[[3707764736          2          1          1       1457          1]] 
------------------------ Dataset: gyb ------------------------
shape: (33, 1), dtype: uint16
Data:[[54]
 [55]
 [55]
 [48]
 [46]
 [54]
 [55]
 [51]
 [49]
 [50]
 [49]
 [57]
 [57]
 [57]
 [57]
 [57]
 [57]
 [45]
 [48]
 [32]
 [54]
 [55]
 [55]
 [48]
 [46]
 [54]
 [54]
 [54]
 [56]
 [57]
 [57]
 [45]
 [49]] 
------------------------ Dataset: gyc ------------------------
shape: (26, 1), dtype: uint16
Data:[[54]
 [50]
 [56]
 [51]
 [46]
 [52]
 [51]
 [51]
 [57]
 [49]
 [45]
 [48]
 [32]
 [54]
 [50]
 [56]
 [51]
 [46]
 [52]
 [51]
 [55]
 [56]
 [54]
 [50]
 [45]
 [49]] 
------------------------ Dataset: gyd ------------------------
shape: (40, 1), dtype: uint16
Data:[[54]
 [50]
 [57]
 [57]
 [46]
 [50]
 [49]
 [56]
 [48]
 [54]
 [55]
 [57]
 [57]
 [57]
 [57]
 [57]
 [57]
 [45]
 [48]
 [32]
 [54]
 [50]
 [57]
 [57]
 [46]
 [50]
 [50]
 [50]
 [48]
 [49]
 [55]
 [57]
 [57]
 [57]
 [57]
 [57]
 [57]
 [53]
 [45]
 [49]] 
------------------------ Dataset: gye ------------------------
shape: (33, 1), dtype: uint16
Data:[[54]
 [51]
 [49]
 [53]
 [46]
 [48]
 [56]
 [57]
 [56]
 [54]
 [53]
 [45]
 [48]
 [32]
 [54]
 [51]
 [49]
 [53]
 [46]
 [48]
 [56]
 [53]
 [57]
 [52]
 [53]
 [57]
 [57]
 [57]
 [57]
 [57]
 [57]
 [45]
 [49]] 
------------------------ Dataset: gyf ------------------------
shape: (33, 1), dtype: uint16
Data:[[54]
 [51]
 [51]
 [48]
 [46]
 [57]
 [49]
 [55]
 [53]
 [54]
 [51]
 [57]
 [57]
 [57]
 [57]
 [57]
 [57]
 [45]
 [48]
 [32]
 [54]
 [51]
 [51]
 [48]
 [46]
 [57]
 [48]
 [57]
 [57]
 [53]
 [53]
 [45]
 [49]] 
------------------------ Dataset: gyg ------------------------
shape: (27, 1), dtype: uint16
Data:[[54]
 [51]
 [52]
 [54]
 [46]
 [55]
 [52]
 [57]
 [57]
 [51]
 [53]
 [45]
 [48]
 [32]
 [54]
 [51]
 [52]
 [54]
 [46]
 [55]
 [52]
 [57]
 [57]
 [52]
 [49]
 [45]
 [49]] 
------------------------ Dataset: gyh ------------------------
shape: (34, 1), dtype: uint16
Data:[[54]
 [53]
 [49]
 [49]
 [46]
 [56]
 [52]
 [50]
 [50]
 [57]
 [56]
 [45]
 [48]
 [32]
 [54]
 [53]
 [49]
 [49]
 [46]
 [56]
 [51]
 [56]
 [53]
 [49]
 [52]
 [57]
 [57]
 [57]
 [57]
 [57]
 [57]
 [53]
 [45]
 [49]] 
------------------------ Dataset: gyi ------------------------
shape: (27, 1), dtype: uint16
Data:[[54]
 [53]
 [50]
 [55]
 [46]
 [54]
 [54]
 [53]
 [57]
 [56]
 [53]
 [45]
 [48]
 [32]
 [54]
 [53]
 [50]
 [55]
 [46]
 [54]
 [55]
 [51]
 [57]
 [56]
 [51]
 [45]
 [49]] 
------------------------ Dataset: gyj ------------------------
shape: (34, 1), dtype: uint16
Data:[[54]
 [48]
 [50]
 [51]
 [46]
 [50]
 [53]
 [55]
 [56]
 [51]
 [55]
 [57]
 [57]
 [57]
 [57]
 [57]
 [57]
 [53]
 [45]
 [48]
 [32]
 [54]
 [48]
 [50]
 [51]
 [46]
 [50]
 [53]
 [55]
 [56]
 [51]
 [57]
 [45]
 [49]] 
------------------------ Dataset: gyk ------------------------
shape: (40, 1), dtype: uint16
Data:[[54]
 [48]
 [51]
 [57]
 [46]
 [48]
 [48]
 [53]
 [55]
 [55]
 [49]
 [57]
 [57]
 [57]
 [57]
 [57]
 [57]
 [53]
 [45]
 [48]
 [32]
 [54]
 [48]
 [51]
 [57]
 [46]
 [48]
 [49]
 [53]
 [52]
 [56]
 [50]
 [57]
 [57]
 [57]
 [57]
 [57]
 [57]
 [45]
 [49]] 
------------------------ Dataset: gyl ------------------------
shape: (33, 1), dtype: uint16
Data:[[54]
 [48]
 [53]
 [52]
 [46]
 [54]
 [54]
 [51]
 [53]
 [57]
 [50]
 [57]
 [57]
 [57]
 [57]
 [57]
 [57]
 [45]
 [48]
 [32]
 [54]
 [48]
 [53]
 [52]
 [46]
 [54]
 [54]
 [54]
 [50]
 [49]
 [50]
 [45]
 [49]] 
------------------------ Dataset: gym ------------------------
shape: (27, 1), dtype: uint16
Data:[[54]
 [48]
 [55]
 [48]
 [46]
 [54]
 [48]
 [54]
 [48]
 [55]
 [54]
 [45]
 [48]
 [32]
 [54]
 [48]
 [55]
 [48]
 [46]
 [54]
 [48]
 [51]
 [51]
 [54]
 [55]
 [45]
 [49]] 
------------------------ Dataset: gyn ------------------------
shape: (33, 1), dtype: uint16
Data:[[53]
 [54]
 [51]
 [49]
 [46]
 [52]
 [55]
 [55]
 [55]
 [56]
 [50]
 [57]
 [57]
 [57]
 [57]
 [57]
 [57]
 [45]
 [48]
 [32]
 [53]
 [54]
 [51]
 [49]
 [46]
 [52]
 [55]
 [52]
 [48]
 [48]
 [55]
 [45]
 [49]] 
------------------------ Dataset: gyo ------------------------
shape: (26, 1), dtype: uint16
Data:[[53]
 [54]
 [52]
 [55]
 [46]
 [49]
 [52]
 [57]
 [52]
 [57]
 [45]
 [48]
 [32]
 [53]
 [54]
 [52]
 [55]
 [46]
 [49]
 [53]
 [51]
 [53]
 [51]
 [56]
 [45]
 [49]] 
------------------------ Dataset: gyp ------------------------
shape: (27, 1), dtype: uint16
Data:[[53]
 [54]
 [54]
 [50]
 [46]
 [56]
 [57]
 [51]
 [54]
 [55]
 [52]
 [45]
 [48]
 [32]
 [53]
 [54]
 [54]
 [50]
 [46]
 [56]
 [57]
 [53]
 [50]
 [48]
 [50]
 [45]
 [49]] 
------------------------ Dataset: gyq ------------------------
shape: (34, 1), dtype: uint16
Data:[[53]
 [54]
 [55]
 [56]
 [46]
 [54]
 [50]
 [53]
 [54]
 [53]
 [51]
 [57]
 [57]
 [57]
 [57]
 [57]
 [57]
 [53]
 [45]
 [48]
 [32]
 [53]
 [54]
 [55]
 [56]
 [46]
 [54]
 [50]
 [57]
 [53]
 [57]
 [57]
 [45]
 [49]] 
------------------------ Dataset: gyr ------------------------
shape: (40, 1), dtype: uint16
Data:[[53]
 [54]
 [57]
 [52]
 [46]
 [51]
 [55]
 [55]
 [55]
 [52]
 [48]
 [57]
 [57]
 [57]
 [57]
 [57]
 [57]
 [45]
 [48]
 [32]
 [53]
 [54]
 [57]
 [52]
 [46]
 [51]
 [56]
 [49]
 [54]
 [56]
 [55]
 [57]
 [57]
 [57]
 [57]
 [57]
 [57]
 [53]
 [45]
 [49]] 
------------------------ Dataset: gys ------------------------
shape: (40, 1), dtype: uint16
Data:[[54]
 [52]
 [49]
 [55]
 [46]
 [55]
 [48]
 [48]
 [57]
 [54]
 [56]
 [57]
 [57]
 [57]
 [57]
 [57]
 [57]
 [53]
 [45]
 [48]
 [32]
 [54]
 [52]
 [49]
 [55]
 [46]
 [54]
 [56]
 [57]
 [57]
 [57]
 [48]
 [57]
 [57]
 [57]
 [57]
 [57]
 [57]
 [45]
 [49]] 
------------------------ Dataset: gyt ------------------------
shape: (32, 1), dtype: uint16
Data:[[54]
 [54]
 [48]
 [57]
 [46]
 [55]
 [56]
 [54]
 [51]
 [53]
 [52]
 [57]
 [57]
 [57]
 [57]
 [57]
 [57]
 [45]
 [48]
 [32]
 [54]
 [54]
 [48]
 [57]
 [46]
 [55]
 [56]
 [51]
 [51]
 [55]
 [45]
 [49]] 
------------------------ Dataset: gyu ------------------------
shape: (27, 1), dtype: uint16
Data:[[54]
 [54]
 [50]
 [53]
 [46]
 [55]
 [51]
 [48]
 [48]
 [50]
 [55]
 [45]
 [48]
 [32]
 [54]
 [54]
 [50]
 [53]
 [46]
 [55]
 [50]
 [54]
 [49]
 [51]
 [50]
 [45]
 [49]] 
------------------------ Dataset: gyv ------------------------
shape: (33, 1), dtype: uint16
Data:[[54]
 [54]
 [52]
 [49]
 [46]
 [53]
 [48]
 [54]
 [49]
 [56]
 [50]
 [57]
 [57]
 [57]
 [57]
 [57]
 [57]
 [53]
 [45]
 [48]
 [32]
 [54]
 [54]
 [52]
 [49]
 [46]
 [53]
 [49]
 [48]
 [50]
 [51]
 [45]
 [49]] 
------------------------ Dataset: gyw ------------------------
shape: (33, 1), dtype: uint16
Data:[[54]
 [54]
 [53]
 [55]
 [46]
 [49]
 [56]
 [54]
 [48]
 [51]
 [56]
 [45]
 [48]
 [32]
 [54]
 [54]
 [53]
 [55]
 [46]
 [49]
 [57]
 [48]
 [49]
 [49]
 [49]
 [57]
 [57]
 [57]
 [57]
 [57]
 [57]
 [45]
 [49]] 
------------------------ Dataset: gyx ------------------------
shape: (27, 1), dtype: uint16
Data:[[54]
 [54]
 [55]
 [51]
 [46]
 [48]
 [56]
 [50]
 [51]
 [51]
 [50]
 [45]
 [48]
 [32]
 [54]
 [54]
 [55]
 [51]
 [46]
 [48]
 [56]
 [48]
 [53]
 [56]
 [53]
 [45]
 [49]] 
------------------------ Dataset: gyy ------------------------
shape: (33, 1), dtype: uint16
Data:[[54]
 [54]
 [56]
 [56]
 [46]
 [57]
 [57]
 [48]
 [55]
 [56]
 [56]
 [45]
 [48]
 [32]
 [54]
 [54]
 [56]
 [56]
 [46]
 [57]
 [57]
 [49]
 [55]
 [55]
 [54]
 [57]
 [57]
 [57]
 [57]
 [57]
 [57]
 [45]
 [49]] 
------------------------ Dataset: gyz ------------------------
shape: (13, 1), dtype: uint16
Data:[[53]
 [57]
 [48]
 [54]
 [46]
 [56]
 [56]
 [49]
 [54]
 [55]
 [53]
 [45]
 [49]] 
------------------------ Dataset: gz ------------------------

shape: (1, 6), dtype: uint32
Data:[[3707764736          2          1          1       1458          1]] 
------------------------ Dataset: hyb ------------------------
shape: (33, 1), dtype: uint16
Data:[[54]
 [55]
 [55]
 [48]
 [46]
 [54]
 [55]
 [51]
 [49]
 [50]
 [49]
 [57]
 [57]
 [57]
 [57]
 [57]
 [57]
 [45]
 [48]
 [32]
 [54]
 [55]
 [55]
 [48]
 [46]
 [54]
 [55]
 [55]
 [51]
 [50]
 [53]
 [45]
 [49]] 
------------------------ Dataset: hyc ------------------------
shape: (33, 1), dtype: uint16
Data:[[54]
 [50]
 [56]
 [51]
 [46]
 [52]
 [52]
 [49]
 [57]
 [48]
 [54]
 [57]
 [57]
 [57]
 [57]
 [57]
 [57]
 [45]
 [48]
 [32]
 [54]
 [50]
 [56]
 [51]
 [46]
 [52]
 [51]
 [55]
 [56]
 [54]
 [50]
 [45]
 [49]] 
------------------------ Dataset: hyd ------------------------
shape: (34, 1), dtype: uint16
Data:[[54]
 [50]
 [57]
 [57]
 [46]
 [50]
 [50]
 [53]
 [57]
 [53]
 [53]
 [45]
 [48]
 [32]
 [54]
 [50]
 [57]
 [57]
 [46]
 [50]
 [50]
 [50]
 [48]
 [49]
 [55]
 [57]
 [57]
 [57]
 [57]
 [57]
 [57]
 [53]
 [45]
 [49]] 
------------------------ Dataset: hye ------------------------
shape: (34, 1), dtype: uint16
Data:[[54]
 [51]
 [49]
 [53]
 [46]
 [48]
 [56]
 [57]
 [56]
 [54]
 [53]
 [45]
 [48]
 [32]
 [54]
 [51]
 [49]
 [53]
 [46]
 [48]
 [57]
 [56]
 [57]
 [54]
 [50]
 [57]
 [57]
 [57]
 [57]
 [57]
 [57]
 [53]
 [45]
 [49]] 
------------------------ Dataset: hyf ------------------------
shape: (33, 1), dtype: uint16
Data:[[54]
 [51]
 [51]
 [48]
 [46]
 [57]
 [49]
 [55]
 [53]
 [54]
 [51]
 [57]
 [57]
 [57]
 [57]
 [57]
 [57]
 [45]
 [48]
 [32]
 [54]
 [51]
 [51]
 [48]
 [46]
 [57]
 [49]
 [56]
 [49]
 [55]
 [53]
 [45]
 [49]] 
------------------------ Dataset: hyg ------------------------
shape: (27, 1), dtype: uint16
Data:[[54]
 [51]
 [52]
 [54]
 [46]
 [55]
 [53]
 [56]
 [48]
 [50]
 [57]
 [45]
 [48]
 [32]
 [54]
 [51]
 [52]
 [54]
 [46]
 [55]
 [52]
 [57]
 [57]
 [52]
 [49]
 [45]
 [49]] 
------------------------ Dataset: hyh ------------------------
shape: (33, 1), dtype: uint16
Data:[[54]
 [53]
 [49]
 [49]
 [46]
 [56]
 [52]
 [50]
 [50]
 [57]
 [56]
 [45]
 [48]
 [32]
 [54]
 [53]
 [49]
 [49]
 [46]
 [56]
 [52]
 [52]
 [51]
 [54]
 [50]
 [57]
 [57]
 [57]
 [57]
 [57]
 [57]
 [45]
 [49]] 
------------------------ Dataset: hyi ------------------------
shape: (27, 1), dtype: uint16
Data:[[54]
 [53]
 [50]
 [55]
 [46]
 [54]
 [55]
 [51]
 [57]
 [56]
 [51]
 [45]
 [48]
 [32]
 [54]
 [53]
 [50]
 [55]
 [46]
 [54]
 [55]
 [51]
 [57]
 [56]
 [51]
 [45]
 [49]] 
------------------------ Dataset: hyj ------------------------
shape: (27, 1), dtype: uint16
Data:[[54]
 [48]
 [50]
 [51]
 [46]
 [50]
 [54]
 [51]
 [51]
 [57]
 [50]
 [45]
 [48]
 [32]
 [54]
 [48]
 [50]
 [51]
 [46]
 [50]
 [53]
 [55]
 [56]
 [51]
 [57]
 [45]
 [49]] 
------------------------ Dataset: hyk ------------------------
shape: (39, 1), dtype: uint16
Data:[[54]
 [48]
 [51]
 [57]
 [46]
 [48]
 [49]
 [53]
 [52]
 [50]
 [51]
 [57]
 [57]
 [57]
 [57]
 [57]
 [57]
 [45]
 [48]
 [32]
 [54]
 [48]
 [51]
 [57]
 [46]
 [48]
 [49]
 [53]
 [52]
 [56]
 [50]
 [57]
 [57]
 [57]
 [57]
 [57]
 [57]
 [45]
 [49]] 
------------------------ Dataset: hyl ------------------------
shape: (27, 1), dtype: uint16
Data:[[54]
 [48]
 [53]
 [52]
 [46]
 [54]
 [55]
 [48]
 [50]
 [52]
 [52]
 [45]
 [48]
 [32]
 [54]
 [48]
 [53]
 [52]
 [46]
 [54]
 [54]
 [54]
 [50]
 [49]
 [50]
 [45]
 [49]] 
------------------------ Dataset: hym ------------------------
shape: (27, 1), dtype: uint16
Data:[[54]
 [48]
 [55]
 [48]
 [46]
 [54]
 [48]
 [54]
 [48]
 [55]
 [54]
 [45]
 [48]
 [32]
 [54]
 [48]
 [55]
 [48]
 [46]
 [54]
 [48]
 [57]
 [56]
 [49]
 [56]
 [45]
 [49]] 
------------------------ Dataset: hyn ------------------------
shape: (33, 1), dtype: uint16
Data:[[53]
 [54]
 [51]
 [49]
 [46]
 [52]
 [55]
 [55]
 [55]
 [56]
 [50]
 [57]
 [57]
 [57]
 [57]
 [57]
 [57]
 [45]
 [48]
 [32]
 [53]
 [54]
 [51]
 [49]
 [46]
 [52]
 [56]
 [49]
 [56]
 [56]
 [54]
 [45]
 [49]] 
------------------------ Dataset: hyo ------------------------
shape: (27, 1), dtype: uint16
Data:[[53]
 [54]
 [52]
 [55]
 [46]
 [49]
 [53]
 [55]
 [53]
 [52]
 [53]
 [45]
 [48]
 [32]
 [53]
 [54]
 [52]
 [55]
 [46]
 [49]
 [53]
 [51]
 [53]
 [51]
 [56]
 [45]
 [49]] 
------------------------ Dataset: hyp ------------------------
shape: (27, 1), dtype: uint16
Data:[[53]
 [54]
 [54]
 [50]
 [46]
 [56]
 [57]
 [56]
 [48]
 [57]
 [53]
 [45]
 [48]
 [32]
 [53]
 [54]
 [54]
 [50]
 [46]
 [56]
 [57]
 [53]
 [50]
 [48]
 [50]
 [45]
 [49]] 
------------------------ Dataset: hyq ------------------------
shape: (33, 1), dtype: uint16
Data:[[53]
 [54]
 [55]
 [56]
 [46]
 [54]
 [51]
 [52]
 [51]
 [48]
 [54]
 [57]
 [57]
 [57]
 [57]
 [57]
 [57]
 [45]
 [48]
 [32]
 [53]
 [54]
 [55]
 [56]
 [46]
 [54]
 [50]
 [57]
 [53]
 [57]
 [57]
 [45]
 [49]] 
------------------------ Dataset: hyr ------------------------
shape: (34, 1), dtype: uint16
Data:[[53]
 [54]
 [57]
 [52]
 [46]
 [51]
 [56]
 [53]
 [53]
 [52]
 [49]
 [45]
 [48]
 [32]
 [53]
 [54]
 [57]
 [52]
 [46]
 [51]
 [56]
 [49]
 [54]
 [56]
 [55]
 [57]
 [57]
 [57]
 [57]
 [57]
 [57]
 [53]
 [45]
 [49]] 
------------------------ Dataset: hys ------------------------
shape: (34, 1), dtype: uint16
Data:[[54]
 [52]
 [49]
 [55]
 [46]
 [55]
 [48]
 [48]
 [57]
 [54]
 [56]
 [57]
 [57]
 [57]
 [57]
 [57]
 [57]
 [53]
 [45]
 [48]
 [32]
 [54]
 [52]
 [49]
 [55]
 [46]
 [55]
 [48]
 [49]
 [48]
 [51]
 [57]
 [45]
 [49]] 
------------------------ Dataset: hyt ------------------------
shape: (39, 1), dtype: uint16
Data:[[54]
 [54]
 [48]
 [57]
 [46]
 [55]
 [56]
 [54]
 [51]
 [53]
 [52]
 [57]
 [57]
 [57]
 [57]
 [57]
 [57]
 [45]
 [48]
 [32]
 [54]
 [54]
 [48]
 [57]
 [46]
 [55]
 [57]
 [48]
 [50]
 [53]
 [56]
 [57]
 [57]
 [57]
 [57]
 [57]
 [57]
 [45]
 [49]] 
------------------------ Dataset: hyu ------------------------
shape: (34, 1), dtype: uint16
Data:[[54]
 [54]
 [50]
 [53]
 [46]
 [55]
 [51]
 [48]
 [48]
 [50]
 [55]
 [45]
 [48]
 [32]
 [54]
 [54]
 [50]
 [53]
 [46]
 [55]
 [51]
 [57]
 [51]
 [53]
 [54]
 [57]
 [57]
 [57]
 [57]
 [57]
 [57]
 [53]
 [45]
 [49]] 
------------------------ Dataset: hyv ------------------------
shape: (32, 1), dtype: uint16
Data:[[54]
 [54]
 [52]
 [49]
 [46]
 [53]
 [49]
 [52]
 [49]
 [48]
 [55]
 [57]
 [57]
 [57]
 [57]
 [57]
 [57]
 [45]
 [48]
 [32]
 [54]
 [54]
 [52]
 [49]
 [46]
 [53]
 [49]
 [48]
 [50]
 [51]
 [45]
 [49]] 
------------------------ Dataset: hyw ------------------------
shape: (33, 1), dtype: uint16
Data:[[54]
 [54]
 [53]
 [55]
 [46]
 [49]
 [57]
 [52]
 [48]
 [56]
 [57]
 [45]
 [48]
 [32]
 [54]
 [54]
 [53]
 [55]
 [46]
 [49]
 [57]
 [48]
 [49]
 [49]
 [49]
 [57]
 [57]
 [57]
 [57]
 [57]
 [57]
 [45]
 [49]] 
------------------------ Dataset: hyx ------------------------
shape: (33, 1), dtype: uint16
Data:[[54]
 [54]
 [55]
 [51]
 [46]
 [48]
 [56]
 [50]
 [51]
 [51]
 [50]
 [45]
 [48]
 [32]
 [54]
 [54]
 [55]
 [51]
 [46]
 [48]
 [56]
 [54]
 [49]
 [49]
 [50]
 [57]
 [57]
 [57]
 [57]
 [57]
 [57]
 [45]
 [49]] 
------------------------ Dataset: hyy ------------------------
shape: (33, 1), dtype: uint16
Data:[[54]
 [54]
 [56]
 [56]
 [46]
 [57]
 [57]
 [53]
 [54]
 [50]
 [53]
 [45]
 [48]
 [32]
 [54]
 [54]
 [56]
 [56]
 [46]
 [57]
 [57]
 [49]
 [55]
 [55]
 [54]
 [57]
 [57]
 [57]
 [57]
 [57]
 [57]
 [45]
 [49]] 
------------------------ Dataset: hyz ------------------------
shape: (13, 1), dtype: uint16
Data:[[53]
 [57]
 [48]
 [54]
 [46]
 [56]
 [56]
 [49]
 [54]
 [56]
 [49]
 [45]
 [48]] 
------------------------ Dataset: hz ------------------------

shape: (1, 6), dtype: uint32
Data:[[3707764736          2          1          1       1459          1]] 
------------------------ Dataset: iyb ------------------------
shape: (27, 1), dtype: uint16
Data:[[54]
 [55]
 [55]
 [48]
 [46]
 [54]
 [56]
 [50]
 [54]
 [49]
 [51]
 [45]
 [48]
 [32]
 [54]
 [55]
 [55]
 [48]
 [46]
 [54]
 [55]
 [55]
 [51]
 [50]
 [53]
 [45]
 [49]] 
------------------------ Dataset: iyc ------------------------
shape: (19, 1), dtype: uint16
Data:[[54]
 [50]
 [56]
 [51]
 [46]
 [52]
 [52]
 [49]
 [57]
 [48]
 [54]
 [57]
 [57]
 [57]
 [57]
 [57]
 [57]
 [45]
 [48]] 
------------------------ Dataset: iyd ------------------------
shape: (33, 1), dtype: uint16
Data:[[54]
 [50]
 [57]
 [57]
 [46]
 [50]
 [50]
 [53]
 [57]
 [53]
 [53]
 [45]
 [48]
 [32]
 [54]
 [50]
 [57]
 [57]
 [46]
 [50]
 [50]
 [57]
 [56]
 [57]
 [54]
 [57]
 [57]
 [57]
 [57]
 [57]
 [57]
 [45]
 [49]] 
------------------------ Dataset: iye ------------------------
shape: (34, 1), dtype: uint16
Data:[[54]
 [51]
 [49]
 [53]
 [46]
 [49]
 [48]
 [50]
 [57]
 [49]
 [51]
 [45]
 [48]
 [32]
 [54]
 [51]
 [49]
 [53]
 [46]
 [48]
 [57]
 [56]
 [57]
 [54]
 [50]
 [57]
 [57]
 [57]
 [57]
 [57]
 [57]
 [53]
 [45]
 [49]] 
------------------------ Dataset: iyf ------------------------
shape: (33, 1), dtype: uint16
Data:[[54]
 [51]
 [51]
 [48]
 [46]
 [57]
 [50]
 [50]
 [48]
 [54]
 [56]
 [57]
 [57]
 [57]
 [57]
 [57]
 [57]
 [45]
 [48]
 [32]
 [54]
 [51]
 [51]
 [48]
 [46]
 [57]
 [49]
 [56]
 [49]
 [55]
 [53]
 [45]
 [49]] 
------------------------ Dataset: iyg ------------------------
shape: (27, 1), dtype: uint16
Data:[[54]
 [51]
 [52]
 [54]
 [46]
 [55]
 [53]
 [56]
 [48]
 [50]
 [57]
 [45]
 [48]
 [32]
 [54]
 [51]
 [52]
 [54]
 [46]
 [55]
 [53]
 [56]
 [48]
 [50]
 [57]
 [45]
 [49]] 
------------------------ Dataset: iyh ------------------------
shape: (39, 1), dtype: uint16
Data:[[54]
 [53]
 [49]
 [49]
 [46]
 [56]
 [52]
 [55]
 [57]
 [54]
 [50]
 [57]
 [57]
 [57]
 [57]
 [57]
 [57]
 [45]
 [48]
 [32]
 [54]
 [53]
 [49]
 [49]
 [46]
 [56]
 [52]
 [52]
 [51]
 [54]
 [50]
 [57]
 [57]
 [57]
 [57]
 [57]
 [57]
 [45]
 [49]] 
------------------------ Dataset: iyi ------------------------
shape: (27, 1), dtype: uint16
Data:[[54]
 [53]
 [50]
 [55]
 [46]
 [54]
 [55]
 [51]
 [57]
 [56]
 [51]
 [45]
 [48]
 [32]
 [54]
 [53]
 [50]
 [55]
 [46]
 [54]
 [56]
 [50]
 [48]
 [48]
 [51]
 [45]
 [49]] 
------------------------ Dataset: iyj ------------------------
shape: (33, 1), dtype: uint16
Data:[[54]
 [48]
 [50]
 [51]
 [46]
 [50]
 [54]
 [51]
 [51]
 [57]
 [50]
 [45]
 [48]
 [32]
 [54]
 [48]
 [50]
 [51]
 [46]
 [50]
 [54]
 [51]
 [51]
 [57]
 [53]
 [57]
 [57]
 [57]
 [57]
 [57]
 [57]
 [45]
 [49]] 
------------------------ Dataset: iyk ------------------------
shape: (33, 1), dtype: uint16
Data:[[54]
 [48]
 [51]
 [57]
 [46]
 [48]
 [50]
 [49]
 [57]
 [56]
 [52]
 [45]
 [48]
 [32]
 [54]
 [48]
 [51]
 [57]
 [46]
 [48]
 [49]
 [53]
 [52]
 [56]
 [50]
 [57]
 [57]
 [57]
 [57]
 [57]
 [57]
 [45]
 [49]] 
------------------------ Dataset: iyl ------------------------
shape: (27, 1), dtype: uint16
Data:[[54]
 [48]
 [53]
 [52]
 [46]
 [54]
 [55]
 [48]
 [50]
 [52]
 [52]
 [45]
 [48]
 [32]
 [54]
 [48]
 [53]
 [52]
 [46]
 [54]
 [55]
 [52]
 [51]
 [49]
 [49]
 [45]
 [49]] 
------------------------ Dataset: iym ------------------------
shape: (33, 1), dtype: uint16
Data:[[54]
 [48]
 [55]
 [48]
 [46]
 [54]
 [49]
 [51]
 [55]
 [55]
 [48]
 [57]
 [57]
 [57]
 [57]
 [57]
 [57]
 [45]
 [48]
 [32]
 [54]
 [48]
 [55]
 [48]
 [46]
 [54]
 [48]
 [57]
 [56]
 [49]
 [56]
 [45]
 [49]] 
------------------------ Dataset: iyn ------------------------
shape: (27, 1), dtype: uint16
Data:[[53]
 [54]
 [51]
 [49]
 [46]
 [52]
 [56]
 [53]
 [54]
 [52]
 [50]
 [45]
 [48]
 [32]
 [53]
 [54]
 [51]
 [49]
 [46]
 [52]
 [56]
 [49]
 [56]
 [56]
 [54]
 [45]
 [49]] 
------------------------ Dataset: iyo ------------------------
shape: (27, 1), dtype: uint16
Data:[[53]
 [54]
 [52]
 [55]
 [46]
 [49]
 [53]
 [55]
 [53]
 [52]
 [53]
 [45]
 [48]
 [32]
 [53]
 [54]
 [52]
 [55]
 [46]
 [49]
 [54]
 [50]
 [50]
 [49]
 [57]
 [45]
 [49]] 
------------------------ Dataset: iyp ------------------------
shape: (33, 1), dtype: uint16
Data:[[53]
 [54]
 [54]
 [50]
 [46]
 [56]
 [57]
 [56]
 [48]
 [57]
 [53]
 [45]
 [48]
 [32]
 [53]
 [54]
 [54]
 [50]
 [46]
 [57]
 [48]
 [48]
 [50]
 [49]
 [54]
 [57]
 [57]
 [57]
 [57]
 [57]
 [57]
 [45]
 [49]] 
------------------------ Dataset: iyq ------------------------
shape: (39, 1), dtype: uint16
Data:[[53]
 [54]
 [55]
 [56]
 [46]
 [54]
 [51]
 [52]
 [51]
 [48]
 [54]
 [57]
 [57]
 [57]
 [57]
 [57]
 [57]
 [45]
 [48]
 [32]
 [53]
 [54]
 [55]
 [56]
 [46]
 [54]
 [51]
 [55]
 [54]
 [53]
 [54]
 [57]
 [57]
 [57]
 [57]
 [57]
 [57]
 [45]
 [49]] 
------------------------ Dataset: iyr ------------------------
shape: (27, 1), dtype: uint16
Data:[[53]
 [54]
 [57]
 [52]
 [46]
 [51]
 [56]
 [53]
 [53]
 [52]
 [49]
 [45]
 [48]
 [32]
 [53]
 [54]
 [57]
 [52]
 [46]
 [51]
 [56]
 [57]
 [53]
 [55]
 [55]
 [45]
 [49]] 
------------------------ Dataset: iys ------------------------
shape: (27, 1), dtype: uint16
Data:[[54]
 [52]
 [49]
 [55]
 [46]
 [55]
 [48]
 [52]
 [49]
 [49]
 [49]
 [45]
 [48]
 [32]
 [54]
 [52]
 [49]
 [55]
 [46]
 [55]
 [48]
 [49]
 [48]
 [51]
 [57]
 [45]
 [49]] 
------------------------ Dataset: iyt ------------------------
shape: (33, 1), dtype: uint16
Data:[[54]
 [54]
 [48]
 [57]
 [46]
 [55]
 [57]
 [52]
 [49]
 [51]
 [52]
 [45]
 [48]
 [32]
 [54]
 [54]
 [48]
 [57]
 [46]
 [55]
 [57]
 [48]
 [50]
 [53]
 [56]
 [57]
 [57]
 [57]
 [57]
 [57]
 [57]
 [45]
 [49]] 
------------------------ Dataset: iyu ------------------------
shape: (40, 1), dtype: uint16
Data:[[54]
 [54]
 [50]
 [53]
 [46]
 [55]
 [51]
 [57]
 [52]
 [52]
 [55]
 [57]
 [57]
 [57]
 [57]
 [57]
 [57]
 [45]
 [48]
 [32]
 [54]
 [54]
 [50]
 [53]
 [46]
 [55]
 [51]
 [57]
 [51]
 [53]
 [54]
 [57]
 [57]
 [57]
 [57]
 [57]
 [57]
 [53]
 [45]
 [49]] 
------------------------ Dataset: iyv ------------------------
shape: (32, 1), dtype: uint16
Data:[[54]
 [54]
 [52]
 [49]
 [46]
 [53]
 [49]
 [52]
 [49]
 [48]
 [55]
 [57]
 [57]
 [57]
 [57]
 [57]
 [57]
 [45]
 [48]
 [32]
 [54]
 [54]
 [52]
 [49]
 [46]
 [53]
 [49]
 [56]
 [51]
 [55]
 [45]
 [49]] 
------------------------ Dataset: iyw ------------------------
shape: (27, 1), dtype: uint16
Data:[[54]
 [54]
 [53]
 [55]
 [46]
 [49]
 [57]
 [52]
 [48]
 [56]
 [57]
 [45]
 [48]
 [32]
 [54]
 [54]
 [53]
 [55]
 [46]
 [49]
 [57]
 [56]
 [48]
 [55]
 [57]
 [45]
 [49]] 
------------------------ Dataset: iyx ------------------------
shape: (40, 1), dtype: uint16
Data:[[54]
 [54]
 [55]
 [51]
 [46]
 [48]
 [57]
 [48]
 [48]
 [54]
 [55]
 [57]
 [57]
 [57]
 [57]
 [57]
 [57]
 [53]
 [45]
 [48]
 [32]
 [54]
 [54]
 [55]
 [51]
 [46]
 [48]
 [56]
 [54]
 [49]
 [49]
 [50]
 [57]
 [57]
 [57]
 [57]
 [57]
 [57]
 [45]
 [49]] 
------------------------ Dataset: iyy ------------------------
shape: (26, 1), dtype: uint16
Data:[[54]
 [54]
 [56]
 [56]
 [46]
 [57]
 [57]
 [53]
 [54]
 [50]
 [53]
 [45]
 [48]
 [32]
 [54]
 [54]
 [56]
 [56]
 [46]
 [57]
 [57]
 [56]
 [54]
 [52]
 [45]
 [49]] 
------------------------ Dataset: iyz ------------------------
shape: (19, 1), dtype: uint16
Data:[[53]
 [57]
 [48]
 [54]
 [46]
 [56]
 [57]
 [48]
 [49]
 [49]
 [55]
 [57]
 [57]
 [57]
 [57]
 [57]
 [57]
 [45]
 [48]] 
------------------------ Dataset: iz ------------------------

shape: (1, 6), dtype: uint32
Data:[[3707764736          2          1          1       1460          1]] 
------------------------ Dataset: jyb ------------------------
shape: (27, 1), dtype: uint16
Data:[[54]
 [55]
 [55]
 [48]
 [46]
 [54]
 [56]
 [50]
 [54]
 [49]
 [51]
 [45]
 [48]
 [32]
 [54]
 [55]
 [55]
 [48]
 [46]
 [54]
 [56]
 [52]
 [50]
 [54]
 [55]
 [45]
 [49]] 
------------------------ Dataset: jyc ------------------------
shape: (29, 1), dtype: uint16
Data:[[54]
 [50]
 [56]
 [51]
 [46]
 [52]
 [54]
 [48]
 [52]
 [49]
 [57]
 [57]
 [57]
 [57]
 [57]
 [57]
 [57]
 [45]
 [48]
 [32]
 [54]
 [50]
 [56]
 [51]
 [46]
 [52]
 [54]
 [45]
 [49]] 
------------------------ Dataset: jyd ------------------------
shape: (40, 1), dtype: uint16
Data:[[54]
 [50]
 [57]
 [57]
 [46]
 [50]
 [51]
 [51]
 [57]
 [49]
 [51]
 [57]
 [57]
 [57]
 [57]
 [57]
 [57]
 [53]
 [45]
 [48]
 [32]
 [54]
 [50]
 [57]
 [57]
 [46]
 [50]
 [50]
 [57]
 [56]
 [57]
 [54]
 [57]
 [57]
 [57]
 [57]
 [57]
 [57]
 [45]
 [49]] 
------------------------ Dataset: jye ------------------------
shape: (34, 1), dtype: uint16
Data:[[54]
 [51]
 [49]
 [53]
 [46]
 [49]
 [48]
 [50]
 [57]
 [49]
 [51]
 [45]
 [48]
 [32]
 [54]
 [51]
 [49]
 [53]
 [46]
 [49]
 [48]
 [50]
 [57]
 [53]
 [55]
 [57]
 [57]
 [57]
 [57]
 [57]
 [57]
 [53]
 [45]
 [49]] 
------------------------ Dataset: jyf ------------------------
shape: (40, 1), dtype: uint16
Data:[[54]
 [51]
 [51]
 [48]
 [46]
 [57]
 [50]
 [50]
 [48]
 [54]
 [56]
 [57]
 [57]
 [57]
 [57]
 [57]
 [57]
 [45]
 [48]
 [32]
 [54]
 [51]
 [51]
 [48]
 [46]
 [57]
 [50]
 [53]
 [57]
 [57]
 [49]
 [57]
 [57]
 [57]
 [57]
 [57]
 [57]
 [53]
 [45]
 [49]] 
------------------------ Dataset: jyg ------------------------
shape: (33, 1), dtype: uint16
Data:[[54]
 [51]
 [52]
 [54]
 [46]
 [55]
 [53]
 [56]
 [48]
 [50]
 [57]
 [45]
 [48]
 [32]
 [54]
 [51]
 [52]
 [54]
 [46]
 [55]
 [54]
 [54]
 [56]
 [50]
 [51]
 [57]
 [57]
 [57]
 [57]
 [57]
 [57]
 [45]
 [49]] 
------------------------ Dataset: jyh ------------------------
shape: (33, 1), dtype: uint16
Data:[[54]
 [53]
 [49]
 [49]
 [46]
 [56]
 [52]
 [55]
 [57]
 [54]
 [50]
 [57]
 [57]
 [57]
 [57]
 [57]
 [57]
 [45]
 [48]
 [32]
 [54]
 [53]
 [49]
 [49]
 [46]
 [56]
 [53]
 [49]
 [48]
 [50]
 [56]
 [45]
 [49]] 
------------------------ Dataset: jyi ------------------------
shape: (34, 1), dtype: uint16
Data:[[54]
 [53]
 [50]
 [55]
 [46]
 [54]
 [56]
 [54]
 [48]
 [55]
 [57]
 [57]
 [57]
 [57]
 [57]
 [57]
 [57]
 [53]
 [45]
 [48]
 [32]
 [54]
 [53]
 [50]
 [55]
 [46]
 [54]
 [56]
 [50]
 [48]
 [48]
 [51]
 [45]
 [49]] 
------------------------ Dataset: jyj ------------------------
shape: (33, 1), dtype: uint16
Data:[[54]
 [48]
 [50]
 [51]
 [46]
 [50]
 [54]
 [57]
 [56]
 [55]
 [53]
 [45]
 [48]
 [32]
 [54]
 [48]
 [50]
 [51]
 [46]
 [50]
 [54]
 [51]
 [51]
 [57]
 [53]
 [57]
 [57]
 [57]
 [57]
 [57]
 [57]
 [45]
 [49]] 
------------------------ Dataset: jyk ------------------------
shape: (33, 1), dtype: uint16
Data:[[54]
 [48]
 [51]
 [57]
 [46]
 [48]
 [50]
 [49]
 [57]
 [56]
 [52]
 [45]
 [48]
 [32]
 [54]
 [48]
 [51]
 [57]
 [46]
 [48]
 [49]
 [56]
 [55]
 [54]
 [53]
 [57]
 [57]
 [57]
 [57]
 [57]
 [57]
 [45]
 [49]] 
------------------------ Dataset: jyl ------------------------
shape: (26, 1), dtype: uint16
Data:[[54]
 [48]
 [53]
 [52]
 [46]
 [54]
 [55]
 [56]
 [48]
 [56]
 [45]
 [48]
 [32]
 [54]
 [48]
 [53]
 [52]
 [46]
 [54]
 [55]
 [52]
 [51]
 [49]
 [49]
 [45]
 [49]] 
------------------------ Dataset: jym ------------------------
shape: (33, 1), dtype: uint16
Data:[[54]
 [48]
 [55]
 [48]
 [46]
 [54]
 [49]
 [51]
 [55]
 [55]
 [48]
 [57]
 [57]
 [57]
 [57]
 [57]
 [57]
 [45]
 [48]
 [32]
 [54]
 [48]
 [55]
 [48]
 [46]
 [54]
 [49]
 [55]
 [55]
 [57]
 [50]
 [45]
 [49]] 
------------------------ Dataset: jyn ------------------------
shape: (27, 1), dtype: uint16
Data:[[53]
 [54]
 [51]
 [49]
 [46]
 [52]
 [56]
 [53]
 [54]
 [52]
 [50]
 [45]
 [48]
 [32]
 [53]
 [54]
 [51]
 [49]
 [46]
 [52]
 [56]
 [57]
 [56]
 [53]
 [55]
 [45]
 [49]] 
------------------------ Dataset: jyo ------------------------
shape: (26, 1), dtype: uint16
Data:[[53]
 [54]
 [52]
 [55]
 [46]
 [49]
 [54]
 [53]
 [54]
 [56]
 [45]
 [48]
 [32]
 [53]
 [54]
 [52]
 [55]
 [46]
 [49]
 [54]
 [50]
 [50]
 [49]
 [57]
 [45]
 [49]] 
------------------------ Dataset: jyp ------------------------
shape: (33, 1), dtype: uint16
Data:[[53]
 [54]
 [54]
 [50]
 [46]
 [57]
 [48]
 [53]
 [54]
 [52]
 [53]
 [45]
 [48]
 [32]
 [53]
 [54]
 [54]
 [50]
 [46]
 [57]
 [48]
 [48]
 [50]
 [49]
 [54]
 [57]
 [57]
 [57]
 [57]
 [57]
 [57]
 [45]
 [49]] 
------------------------ Dataset: jyq ------------------------
shape: (33, 1), dtype: uint16
Data:[[53]
 [54]
 [55]
 [56]
 [46]
 [54]
 [52]
 [49]
 [54]
 [50]
 [57]
 [45]
 [48]
 [32]
 [53]
 [54]
 [55]
 [56]
 [46]
 [54]
 [51]
 [55]
 [54]
 [53]
 [54]
 [57]
 [57]
 [57]
 [57]
 [57]
 [57]
 [45]
 [49]] 
------------------------ Dataset: jyr ------------------------
shape: (27, 1), dtype: uint16
Data:[[53]
 [54]
 [57]
 [52]
 [46]
 [51]
 [57]
 [51]
 [53]
 [51]
 [52]
 [45]
 [48]
 [32]
 [53]
 [54]
 [57]
 [52]
 [46]
 [51]
 [56]
 [57]
 [53]
 [55]
 [55]
 [45]
 [49]] 
------------------------ Dataset: jys ------------------------
shape: (34, 1), dtype: uint16
Data:[[54]
 [52]
 [49]
 [55]
 [46]
 [55]
 [48]
 [52]
 [49]
 [49]
 [49]
 [45]
 [48]
 [32]
 [54]
 [52]
 [49]
 [55]
 [46]
 [55]
 [48]
 [54]
 [49]
 [53]
 [51]
 [57]
 [57]
 [57]
 [57]
 [57]
 [57]
 [53]
 [45]
 [49]] 
------------------------ Dataset: jyt ------------------------
shape: (27, 1), dtype: uint16
Data:[[54]
 [54]
 [48]
 [57]
 [46]
 [55]
 [57]
 [52]
 [49]
 [51]
 [52]
 [45]
 [48]
 [32]
 [54]
 [54]
 [48]
 [57]
 [46]
 [55]
 [57]
 [56]
 [48]
 [56]
 [56]
 [45]
 [49]] 
------------------------ Dataset: jyu ------------------------
shape: (33, 1), dtype: uint16
Data:[[54]
 [54]
 [50]
 [53]
 [46]
 [55]
 [51]
 [57]
 [52]
 [52]
 [55]
 [57]
 [57]
 [57]
 [57]
 [57]
 [57]
 [45]
 [48]
 [32]
 [54]
 [54]
 [50]
 [53]
 [46]
 [55]
 [52]
 [50]
 [57]
 [54]
 [51]
 [45]
 [49]] 
------------------------ Dataset: jyv ------------------------
shape: (26, 1), dtype: uint16
Data:[[54]
 [54]
 [52]
 [49]
 [46]
 [53]
 [50]
 [51]
 [54]
 [50]
 [56]
 [45]
 [48]
 [32]
 [54]
 [54]
 [52]
 [49]
 [46]
 [53]
 [49]
 [56]
 [51]
 [55]
 [45]
 [49]] 
------------------------ Dataset: jyw ------------------------
shape: (33, 1), dtype: uint16
Data:[[54]
 [54]
 [53]
 [55]
 [46]
 [50]
 [48]
 [50]
 [51]
 [57]
 [55]
 [57]
 [57]
 [57]
 [57]
 [57]
 [57]
 [45]
 [48]
 [32]
 [54]
 [54]
 [53]
 [55]
 [46]
 [49]
 [57]
 [56]
 [48]
 [55]
 [57]
 [45]
 [49]] 
------------------------ Dataset: jyx ------------------------
shape: (34, 1), dtype: uint16
Data:[[54]
 [54]
 [55]
 [51]
 [46]
 [48]
 [57]
 [48]
 [48]
 [54]
 [55]
 [57]
 [57]
 [57]
 [57]
 [57]
 [57]
 [53]
 [45]
 [48]
 [32]
 [54]
 [54]
 [55]
 [51]
 [46]
 [48]
 [57]
 [52]
 [48]
 [57]
 [52]
 [45]
 [49]] 
------------------------ Dataset: jyy ------------------------
shape: (26, 1), dtype: uint16
Data:[[54]
 [54]
 [56]
 [57]
 [46]
 [48]
 [48]
 [50]
 [51]
 [55]
 [57]
 [45]
 [48]
 [32]
 [54]
 [54]
 [56]
 [56]
 [46]
 [57]
 [57]
 [56]
 [54]
 [52]
 [45]
 [49]] 
------------------------ Dataset: jyz ------------------------
shape: (19, 1), dtype: uint16
Data:[[53]
 [57]
 [48]
 [54]
 [46]
 [56]
 [57]
 [48]
 [49]
 [50]
 [53]
 [57]
 [57]
 [57]
 [57]
 [57]
 [57]
 [45]
 [49]] 
------------------------ Dataset: jzb ------------------------
shape: (39, 1), dtype: uint16
Data:[[54]
 [55]
 [55]
 [48]
 [46]
 [57]
 [51]
 [55]
 [49]
 [49]
 [51]
 [57]
 [57]
 [57]
 [57]
 [57]
 [57]
 [45]
 [48]
 [32]
 [54]
 [55]
 [55]
 [48]
 [46]
 [57]
 [51]
 [56]
 [51]
 [51]
 [56]
 [57]
 [57]
 [57]
 [57]
 [57]
 [57]
 [45]
 [49]] 
------------------------ Dataset: jzc ------------------------
shape: (27, 1), dtype: uint16
Data:[[54]
 [50]
 [56]
 [51]
 [46]
 [55]
 [48]
 [57]
 [56]
 [56]
 [49]
 [45]
 [48]
 [32]
 [54]
 [50]
 [56]
 [51]
 [46]
 [55]
 [48]
 [53]
 [56]
 [54]
 [52]
 [45]
 [49]] 
------------------------ Dataset: jzd ------------------------
shape: (34, 1), dtype: uint16
Data:[[54]
 [50]
 [57]
 [57]
 [46]
 [52]
 [56]
 [53]
 [49]
 [50]
 [50]
 [57]
 [57]
 [57]
 [57]
 [57]
 [57]
 [53]
 [45]
 [48]
 [32]
 [54]
 [50]
 [57]
 [57]
 [46]
 [52]
 [55]
 [57]
 [53]
 [49]
 [52]
 [45]
 [49]] 
------------------------ Dataset: jze ------------------------
shape: (27, 1), dtype: uint16
Data:[[54]
 [51]
 [49]
 [53]
 [46]
 [51]
 [53]
 [52]
 [50]
 [57]
 [52]
 [45]
 [48]
 [32]
 [54]
 [51]
 [49]
 [53]
 [46]
 [51]
 [53]
 [56]
 [51]
 [54]
 [52]
 [45]
 [49]] 
------------------------ Dataset: jzf ------------------------
shape: (34, 1), dtype: uint16
Data:[[54]
 [51]
 [51]
 [49]
 [46]
 [49]
 [54]
 [57]
 [56]
 [53]
 [53]
 [45]
 [48]
 [32]
 [54]
 [51]
 [51]
 [49]
 [46]
 [49]
 [55]
 [52]
 [49]
 [57]
 [57]
 [57]
 [57]
 [57]
 [57]
 [57]
 [57]
 [53]
 [45]
 [49]] 
------------------------ Dataset: jzg ------------------------
shape: (1, 1), dtype: float64
Data:[[2.]] 
------------------------ Dataset: jzh ------------------------
shape: (39, 1), dtype: uint16
Data:[[54]
 [53]
 [49]
 [50]
 [46]
 [48]
 [57]
 [51]
 [57]
 [53]
 [57]
 [57]
 [57]
 [57]
 [57]
 [57]
 [57]
 [45]
 [48]
 [32]
 [54]
 [53]
 [49]
 [50]
 [46]
 [48]
 [57]
 [56]
 [50]
 [55]
 [57]
 [57]
 [57]
 [57]
 [57]
 [57]
 [57]
 [45]
 [49]] 
------------------------ Dataset: jzi ------------------------
shape: (33, 1), dtype: uint16
Data:[[54]
 [53]
 [50]
 [55]
 [46]
 [57]
 [51]
 [52]
 [49]
 [48]
 [49]
 [57]
 [57]
 [57]
 [57]
 [57]
 [57]
 [45]
 [48]
 [32]
 [54]
 [53]
 [50]
 [55]
 [46]
 [57]
 [51]
 [48]
 [48]
 [54]
 [57]
 [45]
 [49]] 
------------------------ Dataset: jzj ------------------------
shape: (26, 1), dtype: uint16
Data:[[54]
 [48]
 [50]
 [51]
 [46]
 [53]
 [49]
 [51]
 [55]
 [51]
 [52]
 [45]
 [48]
 [32]
 [54]
 [48]
 [50]
 [51]
 [46]
 [53]
 [49]
 [55]
 [55]
 [50]
 [45]
 [49]] 
------------------------ Dataset: jzk ------------------------
shape: (33, 1), dtype: uint16
Data:[[54]
 [48]
 [51]
 [57]
 [46]
 [50]
 [55]
 [51]
 [55]
 [53]
 [50]
 [57]
 [57]
 [57]
 [57]
 [57]
 [57]
 [53]
 [45]
 [48]
 [32]
 [54]
 [48]
 [51]
 [57]
 [46]
 [50]
 [54]
 [57]
 [56]
 [49]
 [45]
 [49]] 
------------------------ Dataset: jzl ------------------------
shape: (33, 1), dtype: uint16
Data:[[54]
 [48]
 [53]
 [52]
 [46]
 [57]
 [50]
 [55]
 [48]
 [49]
 [54]
 [45]
 [48]
 [32]
 [54]
 [48]
 [53]
 [52]
 [46]
 [57]
 [50]
 [49]
 [54]
 [57]
 [53]
 [57]
 [57]
 [57]
 [57]
 [57]
 [57]
 [45]
 [49]] 
------------------------ Dataset: jzm ------------------------
shape: (40, 1), dtype: uint16
Data:[[54]
 [48]
 [55]
 [48]
 [46]
 [56]
 [54]
 [57]
 [55]
 [52]
 [56]
 [57]
 [57]
 [57]
 [57]
 [57]
 [57]
 [53]
 [45]
 [48]
 [32]
 [54]
 [48]
 [55]
 [48]
 [46]
 [56]
 [54]
 [53]
 [56]
 [57]
 [50]
 [57]
 [57]
 [57]
 [57]
 [57]
 [57]
 [45]
 [49]] 
------------------------ Dataset: jzn ------------------------
shape: (40, 1), dtype: uint16
Data:[[53]
 [54]
 [51]
 [49]
 [46]
 [55]
 [51]
 [55]
 [53]
 [52]
 [53]
 [57]
 [57]
 [57]
 [57]
 [57]
 [57]
 [45]
 [48]
 [32]
 [53]
 [54]
 [51]
 [49]
 [46]
 [55]
 [52]
 [49]
 [55]
 [57]
 [48]
 [57]
 [57]
 [57]
 [57]
 [57]
 [57]
 [53]
 [45]
 [49]] 
------------------------ Dataset: jzo ------------------------
shape: (33, 1), dtype: uint16
Data:[[53]
 [54]
 [52]
 [55]
 [46]
 [52]
 [49]
 [52]
 [55]
 [54]
 [49]
 [57]
 [57]
 [57]
 [57]
 [57]
 [57]
 [45]
 [48]
 [32]
 [53]
 [54]
 [52]
 [55]
 [46]
 [52]
 [49]
 [52]
 [56]
 [50]
 [55]
 [45]
 [49]] 
------------------------ Dataset: jzp ------------------------
shape: (27, 1), dtype: uint16
Data:[[53]
 [54]
 [54]
 [51]
 [46]
 [49]
 [53]
 [48]
 [55]
 [48]
 [56]
 [45]
 [48]
 [32]
 [53]
 [54]
 [54]
 [51]
 [46]
 [49]
 [53]
 [53]
 [52]
 [51]
 [51]
 [45]
 [49]] 
------------------------ Dataset: jzq ------------------------
shape: (39, 1), dtype: uint16
Data:[[53]
 [54]
 [55]
 [56]
 [46]
 [56]
 [57]
 [51]
 [55]
 [56]
 [55]
 [57]
 [57]
 [57]
 [57]
 [57]
 [57]
 [45]
 [48]
 [32]
 [53]
 [54]
 [55]
 [56]
 [46]
 [56]
 [57]
 [55]
 [53]
 [56]
 [56]
 [57]
 [57]
 [57]
 [57]
 [57]
 [57]
 [45]
 [49]] 
------------------------ Dataset: jzr ------------------------
shape: (33, 1), dtype: uint16
Data:[[53]
 [54]
 [57]
 [52]
 [46]
 [54]
 [53]
 [51]
 [57]
 [49]
 [48]
 [57]
 [57]
 [57]
 [57]
 [57]
 [57]
 [45]
 [48]
 [32]
 [53]
 [54]
 [57]
 [52]
 [46]
 [54]
 [53]
 [55]
 [54]
 [51]
 [57]
 [45]
 [49]] 
------------------------ Dataset: jzs ------------------------
shape: (27, 1), dtype: uint16
Data:[[54]
 [52]
 [49]
 [55]
 [46]
 [57]
 [54]
 [49]
 [57]
 [49]
 [56]
 [45]
 [48]
 [32]
 [54]
 [52]
 [49]
 [55]
 [46]
 [57]
 [53]
 [55]
 [57]
 [50]
 [50]
 [45]
 [49]] 
------------------------ Dataset: jzt ------------------------
shape: (13, 1), dtype: uint16
Data:[[54]
 [54]
 [49]
 [48]
 [46]
 [48]
 [53]
 [52]
 [48]
 [52]
 [56]
 [45]
 [48]] 
------------------------ Dataset: jzu ------------------------
shape: (33, 1), dtype: uint16
Data:[[54]
 [54]
 [50]
 [53]
 [46]
 [57]
 [57]
 [48]
 [48]
 [54]
 [50]
 [45]
 [48]
 [32]
 [54]
 [54]
 [50]
 [53]
 [46]
 [57]
 [57]
 [52]
 [49]
 [48]
 [48]
 [57]
 [57]
 [57]
 [57]
 [57]
 [57]
 [45]
 [49]] 
------------------------ Dataset: jzv ------------------------
shape: (13, 1), dtype: uint16
Data:[[54]
 [54]
 [52]
 [49]
 [46]
 [55]
 [55]
 [48]
 [48]
 [57]
 [53]
 [45]
 [49]] 
------------------------ Dataset: jzw ------------------------
shape: (33, 1), dtype: uint16
Data:[[54]
 [54]
 [53]
 [55]
 [46]
 [52]
 [53]
 [48]
 [49]
 [53]
 [51]
 [45]
 [48]
 [32]
 [54]
 [54]
 [53]
 [55]
 [46]
 [52]
 [52]
 [56]
 [51]
 [51]
 [55]
 [57]
 [57]
 [57]
 [57]
 [57]
 [57]
 [45]
 [49]] 
------------------------ Dataset: jzx ------------------------
shape: (27, 1), dtype: uint16
Data:[[54]
 [54]
 [55]
 [51]
 [46]
 [51]
 [53]
 [57]
 [51]
 [51]
 [55]
 [45]
 [48]
 [32]
 [54]
 [54]
 [55]
 [51]
 [46]
 [51]
 [53]
 [50]
 [51]
 [50]
 [53]
 [45]
 [49]] 
------------------------ Dataset: jzy ------------------------
shape: (27, 1), dtype: uint16
Data:[[54]
 [54]
 [56]
 [57]
 [46]
 [50]
 [55]
 [52]
 [55]
 [48]
 [56]
 [45]
 [48]
 [32]
 [54]
 [54]
 [56]
 [57]
 [46]
 [50]
 [54]
 [57]
 [55]
 [52]
 [53]
 [45]
 [49]] 
------------------------ Dataset: jzz ------------------------
shape: (33, 1), dtype: uint16
Data:[[53]
 [57]
 [48]
 [55]
 [46]
 [49]
 [53]
 [48]
 [51]
 [56]
 [53]
 [57]
 [57]
 [57]
 [57]
 [57]
 [57]
 [45]
 [48]
 [32]
 [53]
 [57]
 [48]
 [55]
 [46]
 [49]
 [52]
 [54]
 [55]
 [56]
 [55]
 [45]
 [49]] 
------------------------ Dataset: k ------------------------

