shape: (1, 6), dtype: uint32
Data:[[3707764736          2          1          1        441          1]] 
------------------------ Dataset: thb ------------------------
shape: (33, 1), dtype: uint16
Data:[[54]
 [55]
 [54]
 [54]
 [46]
 [51]
 [56]
 [51]
 [57]
 [48]
 [48]
 [57]
 [57]
 [57]
 [57]
 [57]
 [57]
 [45]
 [48]
 [32]
 [54]
 [55]
 [54]
 [54]
 [46]
 [51]
 [56]
 [51]
 [54]
 [51]
 [50]
 [45]
 [49]] 
------------------------ Dataset: thc ------------------------
shape: (33, 1), dtype: uint16
Data:[[54]
 [50]
 [55]
 [57]
 [46]
 [49]
 [56]
 [50]
 [48]
 [56]
 [54]
 [57]
 [57]
 [57]
 [57]
 [57]
 [57]
 [45]
 [48]
 [32]
 [54]
 [50]
 [55]
 [57]
 [46]
 [49]
 [56]
 [53]
 [57]
 [56]
 [50]
 [45]
 [49]] 
------------------------ Dataset: thd ------------------------
shape: (27, 1), dtype: uint16
Data:[[54]
 [50]
 [57]
 [52]
 [46]
 [57]
 [53]
 [56]
 [48]
 [52]
 [51]
 [45]
 [48]
 [32]
 [54]
 [50]
 [57]
 [52]
 [46]
 [57]
 [53]
 [52]
 [48]
 [53]
 [50]
 [45]
 [49]] 
------------------------ Dataset: the ------------------------
shape: (33, 1), dtype: uint16
Data:[[54]
 [51]
 [49]
 [48]
 [46]
 [55]
 [57]
 [48]
 [51]
 [48]
 [56]
 [45]
 [48]
 [32]
 [54]
 [51]
 [49]
 [48]
 [46]
 [55]
 [55]
 [55]
 [57]
 [53]
 [51]
 [57]
 [57]
 [57]
 [57]
 [57]
 [57]
 [45]
 [49]] 
------------------------ Dataset: thf ------------------------
shape: (27, 1), dtype: uint16
Data:[[54]
 [51]
 [50]
 [54]
 [46]
 [54]
 [52]
 [49]
 [56]
 [55]
 [55]
 [45]
 [48]
 [32]
 [54]
 [51]
 [50]
 [54]
 [46]
 [54]
 [51]
 [51]
 [57]
 [55]
 [51]
 [45]
 [49]] 
------------------------ Dataset: thg ------------------------
shape: (27, 1), dtype: uint16
Data:[[54]
 [51]
 [52]
 [50]
 [46]
 [52]
 [53]
 [53]
 [50]
 [51]
 [49]
 [45]
 [48]
 [32]
 [54]
 [51]
 [52]
 [50]
 [46]
 [52]
 [53]
 [53]
 [50]
 [51]
 [49]
 [45]
 [49]] 
------------------------ Dataset: thh ------------------------
shape: (34, 1), dtype: uint16
Data:[[54]
 [53]
 [48]
 [55]
 [46]
 [53]
 [53]
 [56]
 [48]
 [49]
 [57]
 [45]
 [48]
 [32]
 [54]
 [53]
 [48]
 [55]
 [46]
 [53]
 [54]
 [54]
 [48]
 [52]
 [49]
 [57]
 [57]
 [57]
 [57]
 [57]
 [57]
 [53]
 [45]
 [49]] 
------------------------ Dataset: thi ------------------------
shape: (27, 1), dtype: uint16
Data:[[54]
 [53]
 [50]
 [51]
 [46]
 [51]
 [56]
 [49]
 [57]
 [52]
 [53]
 [45]
 [48]
 [32]
 [54]
 [53]
 [50]
 [51]
 [46]
 [51]
 [56]
 [53]
 [57]
 [54]
 [49]
 [45]
 [49]] 
------------------------ Dataset: thj ------------------------
shape: (34, 1), dtype: uint16
Data:[[54]
 [48]
 [49]
 [56]
 [46]
 [57]
 [54]
 [51]
 [48]
 [50]
 [49]
 [45]
 [48]
 [32]
 [54]
 [48]
 [49]
 [56]
 [46]
 [57]
 [54]
 [48]
 [50]
 [57]
 [51]
 [57]
 [57]
 [57]
 [57]
 [57]
 [57]
 [53]
 [45]
 [49]] 
------------------------ Dataset: thk ------------------------
shape: (26, 1), dtype: uint16
Data:[[54]
 [48]
 [51]
 [52]
 [46]
 [55]
 [55]
 [48]
 [48]
 [57]
 [51]
 [45]
 [48]
 [32]
 [54]
 [48]
 [51]
 [52]
 [46]
 [55]
 [54]
 [53]
 [56]
 [49]
 [45]
 [49]] 
------------------------ Dataset: thl ------------------------
shape: (27, 1), dtype: uint16
Data:[[54]
 [48]
 [53]
 [48]
 [46]
 [51]
 [56]
 [49]
 [55]
 [51]
 [52]
 [45]
 [48]
 [32]
 [54]
 [48]
 [53]
 [48]
 [46]
 [51]
 [56]
 [57]
 [55]
 [49]
 [55]
 [45]
 [49]] 
------------------------ Dataset: thm ------------------------
shape: (27, 1), dtype: uint16
Data:[[54]
 [48]
 [54]
 [54]
 [46]
 [50]
 [56]
 [51]
 [52]
 [57]
 [53]
 [45]
 [48]
 [32]
 [54]
 [48]
 [54]
 [54]
 [46]
 [50]
 [56]
 [48]
 [53]
 [51]
 [50]
 [45]
 [49]] 
------------------------ Dataset: thn ------------------------
shape: (27, 1), dtype: uint16
Data:[[54]
 [48]
 [56]
 [50]
 [46]
 [50]
 [49]
 [57]
 [53]
 [55]
 [55]
 [45]
 [48]
 [32]
 [54]
 [48]
 [56]
 [50]
 [46]
 [50]
 [49]
 [52]
 [54]
 [52]
 [52]
 [45]
 [49]] 
------------------------ Dataset: tho ------------------------
shape: (27, 1), dtype: uint16
Data:[[53]
 [54]
 [52]
 [50]
 [46]
 [57]
 [48]
 [54]
 [51]
 [55]
 [54]
 [45]
 [48]
 [32]
 [53]
 [54]
 [52]
 [50]
 [46]
 [57]
 [49]
 [49]
 [49]
 [57]
 [51]
 [45]
 [49]] 
------------------------ Dataset: thp ------------------------
shape: (27, 1), dtype: uint16
Data:[[53]
 [54]
 [53]
 [56]
 [46]
 [54]
 [53]
 [51]
 [53]
 [48]
 [51]
 [45]
 [48]
 [32]
 [53]
 [54]
 [53]
 [56]
 [46]
 [54]
 [53]
 [51]
 [53]
 [48]
 [54]
 [45]
 [49]] 
------------------------ Dataset: thq ------------------------
shape: (27, 1), dtype: uint16
Data:[[53]
 [54]
 [55]
 [52]
 [46]
 [51]
 [54]
 [49]
 [50]
 [57]
 [54]
 [45]
 [48]
 [32]
 [53]
 [54]
 [55]
 [52]
 [46]
 [51]
 [55]
 [55]
 [49]
 [52]
 [56]
 [45]
 [49]] 
------------------------ Dataset: thr ------------------------
shape: (33, 1), dtype: uint16
Data:[[53]
 [54]
 [57]
 [48]
 [46]
 [49]
 [52]
 [51]
 [50]
 [52]
 [52]
 [57]
 [57]
 [57]
 [57]
 [57]
 [57]
 [45]
 [48]
 [32]
 [53]
 [54]
 [57]
 [48]
 [46]
 [49]
 [51]
 [55]
 [54]
 [48]
 [56]
 [45]
 [49]] 
------------------------ Dataset: ths ------------------------
shape: (27, 1), dtype: uint16
Data:[[54]
 [52]
 [49]
 [51]
 [46]
 [52]
 [49]
 [56]
 [48]
 [51]
 [50]
 [45]
 [48]
 [32]
 [54]
 [52]
 [49]
 [51]
 [46]
 [52]
 [49]
 [54]
 [53]
 [51]
 [55]
 [45]
 [49]] 
------------------------ Dataset: tht ------------------------
shape: (33, 1), dtype: uint16
Data:[[54]
 [54]
 [48]
 [53]
 [46]
 [52]
 [55]
 [56]
 [49]
 [52]
 [50]
 [57]
 [57]
 [57]
 [57]
 [57]
 [57]
 [45]
 [48]
 [32]
 [54]
 [54]
 [48]
 [53]
 [46]
 [52]
 [56]
 [50]
 [48]
 [54]
 [54]
 [45]
 [49]] 
------------------------ Dataset: thu ------------------------
shape: (40, 1), dtype: uint16
Data:[[54]
 [54]
 [50]
 [49]
 [46]
 [52]
 [53]
 [52]
 [49]
 [49]
 [49]
 [57]
 [57]
 [57]
 [57]
 [57]
 [57]
 [45]
 [48]
 [32]
 [54]
 [54]
 [50]
 [49]
 [46]
 [52]
 [53]
 [48]
 [53]
 [49]
 [52]
 [57]
 [57]
 [57]
 [57]
 [57]
 [57]
 [53]
 [45]
 [49]] 
------------------------ Dataset: thv ------------------------
shape: (34, 1), dtype: uint16
Data:[[54]
 [54]
 [51]
 [55]
 [46]
 [50]
 [57]
 [52]
 [49]
 [50]
 [49]
 [45]
 [48]
 [32]
 [54]
 [54]
 [51]
 [55]
 [46]
 [50]
 [57]
 [56]
 [49]
 [49]
 [57]
 [57]
 [57]
 [57]
 [57]
 [57]
 [57]
 [53]
 [45]
 [49]] 
------------------------ Dataset: thw ------------------------
shape: (33, 1), dtype: uint16
Data:[[54]
 [54]
 [53]
 [50]
 [46]
 [56]
 [57]
 [49]
 [49]
 [57]
 [52]
 [57]
 [57]
 [57]
 [57]
 [57]
 [57]
 [45]
 [48]
 [32]
 [54]
 [54]
 [53]
 [50]
 [46]
 [56]
 [57]
 [53]
 [56]
 [51]
 [57]
 [45]
 [49]] 
------------------------ Dataset: thx ------------------------
shape: (32, 1), dtype: uint16
Data:[[54]
 [54]
 [54]
 [56]
 [46]
 [55]
 [55]
 [48]
 [49]
 [56]
 [52]
 [57]
 [57]
 [57]
 [57]
 [57]
 [57]
 [45]
 [48]
 [32]
 [54]
 [54]
 [54]
 [56]
 [46]
 [55]
 [54]
 [54]
 [48]
 [57]
 [45]
 [49]] 
------------------------ Dataset: thy ------------------------
shape: (27, 1), dtype: uint16
Data:[[54]
 [54]
 [56]
 [52]
 [46]
 [54]
 [55]
 [52]
 [48]
 [52]
 [53]
 [45]
 [48]
 [32]
 [54]
 [54]
 [56]
 [52]
 [46]
 [54]
 [55]
 [48]
 [48]
 [52]
 [51]
 [45]
 [49]] 
------------------------ Dataset: thz ------------------------
shape: (27, 1), dtype: uint16
Data:[[53]
 [57]
 [48]
 [50]
 [46]
 [53]
 [57]
 [57]
 [48]
 [50]
 [54]
 [45]
 [48]
 [32]
 [53]
 [57]
 [48]
 [50]
 [46]
 [53]
 [57]
 [51]
 [55]
 [56]
 [52]
 [45]
 [49]] 
------------------------ Dataset: ti ------------------------

shape: (1, 6), dtype: uint32
Data:[[3707764736          2          1          1        442          1]] 
------------------------ Dataset: uhb ------------------------
shape: (39, 1), dtype: uint16
Data:[[54]
 [55]
 [54]
 [54]
 [46]
 [51]
 [56]
 [51]
 [57]
 [48]
 [48]
 [57]
 [57]
 [57]
 [57]
 [57]
 [57]
 [45]
 [48]
 [32]
 [54]
 [55]
 [54]
 [54]
 [46]
 [51]
 [56]
 [54]
 [57]
 [54]
 [51]
 [57]
 [57]
 [57]
 [57]
 [57]
 [57]
 [45]
 [49]] 
------------------------ Dataset: uhc ------------------------
shape: (27, 1), dtype: uint16
Data:[[54]
 [50]
 [55]
 [57]
 [46]
 [49]
 [57]
 [51]
 [49]
 [54]
 [57]
 [45]
 [48]
 [32]
 [54]
 [50]
 [55]
 [57]
 [46]
 [49]
 [56]
 [53]
 [57]
 [56]
 [50]
 [45]
 [49]] 
------------------------ Dataset: uhd ------------------------
shape: (27, 1), dtype: uint16
Data:[[54]
 [50]
 [57]
 [52]
 [46]
 [57]
 [53]
 [56]
 [48]
 [52]
 [51]
 [45]
 [48]
 [32]
 [54]
 [50]
 [57]
 [52]
 [46]
 [57]
 [54]
 [51]
 [50]
 [50]
 [51]
 [45]
 [49]] 
------------------------ Dataset: uhe ------------------------
shape: (33, 1), dtype: uint16
Data:[[54]
 [51]
 [49]
 [48]
 [46]
 [55]
 [57]
 [48]
 [51]
 [48]
 [56]
 [45]
 [48]
 [32]
 [54]
 [51]
 [49]
 [48]
 [46]
 [55]
 [56]
 [55]
 [57]
 [50]
 [51]
 [57]
 [57]
 [57]
 [57]
 [57]
 [57]
 [45]
 [49]] 
------------------------ Dataset: uhf ------------------------
shape: (33, 1), dtype: uint16
Data:[[54]
 [51]
 [50]
 [54]
 [46]
 [54]
 [52]
 [49]
 [56]
 [55]
 [55]
 [45]
 [48]
 [32]
 [54]
 [51]
 [50]
 [54]
 [46]
 [54]
 [52]
 [49]
 [56]
 [55]
 [57]
 [57]
 [57]
 [57]
 [57]
 [57]
 [57]
 [45]
 [49]] 
------------------------ Dataset: uhg ------------------------
shape: (27, 1), dtype: uint16
Data:[[54]
 [51]
 [52]
 [50]
 [46]
 [52]
 [53]
 [53]
 [50]
 [51]
 [49]
 [45]
 [48]
 [32]
 [54]
 [51]
 [52]
 [50]
 [46]
 [52]
 [54]
 [50]
 [49]
 [48]
 [51]
 [45]
 [49]] 
------------------------ Dataset: uhh ------------------------
shape: (34, 1), dtype: uint16
Data:[[54]
 [53]
 [48]
 [55]
 [46]
 [53]
 [54]
 [54]
 [48]
 [53]
 [51]
 [45]
 [48]
 [32]
 [54]
 [53]
 [48]
 [55]
 [46]
 [53]
 [54]
 [54]
 [48]
 [52]
 [49]
 [57]
 [57]
 [57]
 [57]
 [57]
 [57]
 [53]
 [45]
 [49]] 
------------------------ Dataset: uhi ------------------------
shape: (27, 1), dtype: uint16
Data:[[54]
 [53]
 [50]
 [51]
 [46]
 [51]
 [57]
 [48]
 [49]
 [56]
 [50]
 [45]
 [48]
 [32]
 [54]
 [53]
 [50]
 [51]
 [46]
 [51]
 [56]
 [53]
 [57]
 [54]
 [49]
 [45]
 [49]] 
------------------------ Dataset: uhj ------------------------
shape: (27, 1), dtype: uint16
Data:[[54]
 [48]
 [49]
 [56]
 [46]
 [57]
 [54]
 [51]
 [48]
 [50]
 [49]
 [45]
 [48]
 [32]
 [54]
 [48]
 [49]
 [56]
 [46]
 [57]
 [54]
 [53]
 [55]
 [50]
 [55]
 [45]
 [49]] 
------------------------ Dataset: uhk ------------------------
shape: (27, 1), dtype: uint16
Data:[[54]
 [48]
 [51]
 [52]
 [46]
 [55]
 [55]
 [48]
 [48]
 [57]
 [51]
 [45]
 [48]
 [32]
 [54]
 [48]
 [51]
 [52]
 [46]
 [55]
 [55]
 [51]
 [55]
 [55]
 [54]
 [45]
 [49]] 
------------------------ Dataset: uhl ------------------------
shape: (27, 1), dtype: uint16
Data:[[54]
 [48]
 [53]
 [48]
 [46]
 [51]
 [56]
 [57]
 [56]
 [56]
 [49]
 [45]
 [48]
 [32]
 [54]
 [48]
 [53]
 [48]
 [46]
 [51]
 [56]
 [57]
 [55]
 [49]
 [55]
 [45]
 [49]] 
------------------------ Dataset: uhm ------------------------
shape: (27, 1), dtype: uint16
Data:[[54]
 [48]
 [54]
 [54]
 [46]
 [50]
 [56]
 [51]
 [52]
 [57]
 [53]
 [45]
 [48]
 [32]
 [54]
 [48]
 [54]
 [54]
 [46]
 [50]
 [56]
 [56]
 [48]
 [51]
 [56]
 [45]
 [49]] 
------------------------ Dataset: uhn ------------------------
shape: (27, 1), dtype: uint16
Data:[[54]
 [48]
 [56]
 [50]
 [46]
 [50]
 [49]
 [57]
 [53]
 [55]
 [55]
 [45]
 [48]
 [32]
 [54]
 [48]
 [56]
 [50]
 [46]
 [50]
 [50]
 [52]
 [54]
 [49]
 [52]
 [45]
 [49]] 
------------------------ Dataset: uho ------------------------
shape: (26, 1), dtype: uint16
Data:[[53]
 [54]
 [52]
 [50]
 [46]
 [57]
 [49]
 [52]
 [50]
 [56]
 [45]
 [48]
 [32]
 [53]
 [54]
 [52]
 [50]
 [46]
 [57]
 [49]
 [49]
 [49]
 [57]
 [51]
 [45]
 [49]] 
------------------------ Dataset: uhp ------------------------
shape: (34, 1), dtype: uint16
Data:[[53]
 [54]
 [53]
 [56]
 [46]
 [54]
 [54]
 [54]
 [49]
 [52]
 [50]
 [57]
 [57]
 [57]
 [57]
 [57]
 [57]
 [53]
 [45]
 [48]
 [32]
 [53]
 [54]
 [53]
 [56]
 [46]
 [54]
 [53]
 [51]
 [53]
 [48]
 [54]
 [45]
 [49]] 
------------------------ Dataset: uhq ------------------------
shape: (27, 1), dtype: uint16
Data:[[53]
 [54]
 [55]
 [52]
 [46]
 [51]
 [55]
 [55]
 [52]
 [49]
 [53]
 [45]
 [48]
 [32]
 [53]
 [54]
 [55]
 [52]
 [46]
 [51]
 [55]
 [55]
 [49]
 [52]
 [56]
 [45]
 [49]] 
------------------------ Dataset: uhr ------------------------
shape: (40, 1), dtype: uint16
Data:[[53]
 [54]
 [57]
 [48]
 [46]
 [49]
 [52]
 [51]
 [50]
 [52]
 [52]
 [57]
 [57]
 [57]
 [57]
 [57]
 [57]
 [45]
 [48]
 [32]
 [53]
 [54]
 [57]
 [48]
 [46]
 [49]
 [52]
 [53]
 [55]
 [49]
 [57]
 [57]
 [57]
 [57]
 [57]
 [57]
 [57]
 [53]
 [45]
 [49]] 
------------------------ Dataset: uhs ------------------------
shape: (33, 1), dtype: uint16
Data:[[54]
 [52]
 [49]
 [51]
 [46]
 [52]
 [49]
 [56]
 [48]
 [51]
 [50]
 [45]
 [48]
 [32]
 [54]
 [52]
 [49]
 [51]
 [46]
 [52]
 [50]
 [50]
 [48]
 [48]
 [57]
 [57]
 [57]
 [57]
 [57]
 [57]
 [57]
 [45]
 [49]] 
------------------------ Dataset: uht ------------------------
shape: (27, 1), dtype: uint16
Data:[[54]
 [54]
 [48]
 [53]
 [46]
 [52]
 [56]
 [54]
 [48]
 [50]
 [57]
 [45]
 [48]
 [32]
 [54]
 [54]
 [48]
 [53]
 [46]
 [52]
 [56]
 [50]
 [48]
 [54]
 [54]
 [45]
 [49]] 
------------------------ Dataset: uhu ------------------------
shape: (33, 1), dtype: uint16
Data:[[54]
 [54]
 [50]
 [49]
 [46]
 [52]
 [53]
 [52]
 [49]
 [49]
 [49]
 [57]
 [57]
 [57]
 [57]
 [57]
 [57]
 [45]
 [48]
 [32]
 [54]
 [54]
 [50]
 [49]
 [46]
 [52]
 [53]
 [56]
 [49]
 [49]
 [57]
 [45]
 [49]] 
------------------------ Dataset: uhv ------------------------
shape: (40, 1), dtype: uint16
Data:[[54]
 [54]
 [51]
 [55]
 [46]
 [51]
 [48]
 [50]
 [48]
 [55]
 [54]
 [57]
 [57]
 [57]
 [57]
 [57]
 [57]
 [45]
 [48]
 [32]
 [54]
 [54]
 [51]
 [55]
 [46]
 [50]
 [57]
 [56]
 [49]
 [49]
 [57]
 [57]
 [57]
 [57]
 [57]
 [57]
 [57]
 [53]
 [45]
 [49]] 
------------------------ Dataset: uhw ------------------------
shape: (27, 1), dtype: uint16
Data:[[54]
 [54]
 [53]
 [50]
 [46]
 [57]
 [48]
 [48]
 [57]
 [55]
 [53]
 [45]
 [48]
 [32]
 [54]
 [54]
 [53]
 [50]
 [46]
 [56]
 [57]
 [53]
 [56]
 [51]
 [57]
 [45]
 [49]] 
------------------------ Dataset: uhx ------------------------
shape: (33, 1), dtype: uint16
Data:[[54]
 [54]
 [54]
 [56]
 [46]
 [55]
 [55]
 [48]
 [49]
 [56]
 [52]
 [57]
 [57]
 [57]
 [57]
 [57]
 [57]
 [45]
 [48]
 [32]
 [54]
 [54]
 [54]
 [56]
 [46]
 [55]
 [55]
 [52]
 [49]
 [55]
 [49]
 [45]
 [49]] 
------------------------ Dataset: uhy ------------------------
shape: (26, 1), dtype: uint16
Data:[[54]
 [54]
 [56]
 [52]
 [46]
 [54]
 [55]
 [52]
 [48]
 [52]
 [53]
 [45]
 [48]
 [32]
 [54]
 [54]
 [56]
 [52]
 [46]
 [54]
 [55]
 [56]
 [50]
 [54]
 [45]
 [49]] 
------------------------ Dataset: uhz ------------------------
shape: (27, 1), dtype: uint16
Data:[[53]
 [57]
 [48]
 [50]
 [46]
 [53]
 [57]
 [57]
 [48]
 [50]
 [54]
 [45]
 [48]
 [32]
 [53]
 [57]
 [48]
 [50]
 [46]
 [54]
 [48]
 [54]
 [49]
 [53]
 [52]
 [45]
 [49]] 
------------------------ Dataset: ui ------------------------

shape: (1, 6), dtype: uint32
Data:[[3707764736          2          1          1        443          1]] 
------------------------ Dataset: vhb ------------------------
shape: (33, 1), dtype: uint16
Data:[[54]
 [55]
 [54]
 [54]
 [46]
 [51]
 [57]
 [48]
 [50]
 [51]
 [50]
 [45]
 [48]
 [32]
 [54]
 [55]
 [54]
 [54]
 [46]
 [51]
 [56]
 [54]
 [57]
 [54]
 [51]
 [57]
 [57]
 [57]
 [57]
 [57]
 [57]
 [45]
 [49]] 
------------------------ Dataset: vhc ------------------------
shape: (34, 1), dtype: uint16
Data:[[54]
 [50]
 [55]
 [57]
 [46]
 [49]
 [57]
 [51]
 [49]
 [54]
 [57]
 [45]
 [48]
 [32]
 [54]
 [50]
 [55]
 [57]
 [46]
 [49]
 [57]
 [53]
 [52]
 [49]
 [50]
 [57]
 [57]
 [57]
 [57]
 [57]
 [57]
 [53]
 [45]
 [49]] 
------------------------ Dataset: vhd ------------------------
shape: (33, 1), dtype: uint16
Data:[[54]
 [50]
 [57]
 [52]
 [46]
 [57]
 [54]
 [54]
 [50]
 [48]
 [56]
 [57]
 [57]
 [57]
 [57]
 [57]
 [57]
 [45]
 [48]
 [32]
 [54]
 [50]
 [57]
 [52]
 [46]
 [57]
 [54]
 [51]
 [50]
 [50]
 [51]
 [45]
 [49]] 
------------------------ Dataset: vhe ------------------------
shape: (33, 1), dtype: uint16
Data:[[54]
 [51]
 [49]
 [48]
 [46]
 [55]
 [57]
 [48]
 [51]
 [48]
 [56]
 [45]
 [48]
 [32]
 [54]
 [51]
 [49]
 [48]
 [46]
 [55]
 [57]
 [51]
 [57]
 [54]
 [48]
 [57]
 [57]
 [57]
 [57]
 [57]
 [57]
 [45]
 [49]] 
------------------------ Dataset: vhf ------------------------
shape: (33, 1), dtype: uint16
Data:[[54]
 [51]
 [50]
 [54]
 [46]
 [54]
 [53]
 [48]
 [48]
 [57]
 [50]
 [45]
 [48]
 [32]
 [54]
 [51]
 [50]
 [54]
 [46]
 [54]
 [52]
 [49]
 [56]
 [55]
 [57]
 [57]
 [57]
 [57]
 [57]
 [57]
 [57]
 [45]
 [49]] 
------------------------ Dataset: vhg ------------------------
shape: (27, 1), dtype: uint16
Data:[[54]
 [51]
 [52]
 [50]
 [46]
 [52]
 [53]
 [57]
 [49]
 [50]
 [55]
 [45]
 [48]
 [32]
 [54]
 [51]
 [52]
 [50]
 [46]
 [52]
 [54]
 [50]
 [49]
 [48]
 [51]
 [45]
 [49]] 
------------------------ Dataset: vhh ------------------------
shape: (33, 1), dtype: uint16
Data:[[54]
 [53]
 [48]
 [55]
 [46]
 [53]
 [54]
 [54]
 [48]
 [53]
 [51]
 [45]
 [48]
 [32]
 [54]
 [53]
 [48]
 [55]
 [46]
 [53]
 [55]
 [52]
 [50]
 [54]
 [55]
 [57]
 [57]
 [57]
 [57]
 [57]
 [57]
 [45]
 [49]] 
------------------------ Dataset: vhi ------------------------
shape: (27, 1), dtype: uint16
Data:[[54]
 [53]
 [50]
 [51]
 [46]
 [51]
 [57]
 [48]
 [49]
 [56]
 [50]
 [45]
 [48]
 [32]
 [54]
 [53]
 [50]
 [51]
 [46]
 [51]
 [57]
 [52]
 [48]
 [49]
 [53]
 [45]
 [49]] 
------------------------ Dataset: vhj ------------------------
shape: (33, 1), dtype: uint16
Data:[[54]
 [48]
 [49]
 [56]
 [46]
 [57]
 [54]
 [57]
 [55]
 [51]
 [54]
 [57]
 [57]
 [57]
 [57]
 [57]
 [57]
 [45]
 [48]
 [32]
 [54]
 [48]
 [49]
 [56]
 [46]
 [57]
 [54]
 [53]
 [55]
 [50]
 [55]
 [45]
 [49]] 
------------------------ Dataset: vhk ------------------------
shape: (33, 1), dtype: uint16
Data:[[54]
 [48]
 [51]
 [52]
 [46]
 [55]
 [55]
 [55]
 [55]
 [54]
 [48]
 [57]
 [57]
 [57]
 [57]
 [57]
 [57]
 [45]
 [48]
 [32]
 [54]
 [48]
 [51]
 [52]
 [46]
 [55]
 [55]
 [51]
 [55]
 [55]
 [54]
 [45]
 [49]] 
------------------------ Dataset: vhl ------------------------
shape: (33, 1), dtype: uint16
Data:[[54]
 [48]
 [53]
 [48]
 [46]
 [51]
 [56]
 [57]
 [56]
 [56]
 [49]
 [45]
 [48]
 [32]
 [54]
 [48]
 [53]
 [48]
 [46]
 [52]
 [48]
 [48]
 [48]
 [50]
 [56]
 [57]
 [57]
 [57]
 [57]
 [57]
 [57]
 [45]
 [49]] 
------------------------ Dataset: vhm ------------------------
shape: (34, 1), dtype: uint16
Data:[[54]
 [48]
 [54]
 [54]
 [46]
 [50]
 [57]
 [48]
 [55]
 [50]
 [51]
 [57]
 [57]
 [57]
 [57]
 [57]
 [57]
 [53]
 [45]
 [48]
 [32]
 [54]
 [48]
 [54]
 [54]
 [46]
 [50]
 [56]
 [56]
 [48]
 [51]
 [56]
 [45]
 [49]] 
------------------------ Dataset: vhn ------------------------
shape: (33, 1), dtype: uint16
Data:[[54]
 [48]
 [56]
 [50]
 [46]
 [50]
 [50]
 [56]
 [54]
 [53]
 [53]
 [57]
 [57]
 [57]
 [57]
 [57]
 [57]
 [45]
 [48]
 [32]
 [54]
 [48]
 [56]
 [50]
 [46]
 [50]
 [50]
 [52]
 [54]
 [49]
 [52]
 [45]
 [49]] 
------------------------ Dataset: vho ------------------------
shape: (26, 1), dtype: uint16
Data:[[53]
 [54]
 [52]
 [50]
 [46]
 [57]
 [49]
 [52]
 [50]
 [56]
 [45]
 [48]
 [32]
 [53]
 [54]
 [52]
 [50]
 [46]
 [57]
 [50]
 [48]
 [53]
 [48]
 [49]
 [45]
 [49]] 
------------------------ Dataset: vhp ------------------------
shape: (41, 1), dtype: uint16
Data:[[53]
 [54]
 [53]
 [56]
 [46]
 [54]
 [54]
 [54]
 [49]
 [52]
 [50]
 [57]
 [57]
 [57]
 [57]
 [57]
 [57]
 [53]
 [45]
 [48]
 [32]
 [53]
 [54]
 [53]
 [56]
 [46]
 [54]
 [54]
 [54]
 [49]
 [52]
 [50]
 [57]
 [57]
 [57]
 [57]
 [57]
 [57]
 [53]
 [45]
 [49]] 
------------------------ Dataset: vhq ------------------------
shape: (27, 1), dtype: uint16
Data:[[53]
 [54]
 [55]
 [52]
 [46]
 [51]
 [55]
 [55]
 [52]
 [49]
 [53]
 [45]
 [48]
 [32]
 [53]
 [54]
 [55]
 [52]
 [46]
 [51]
 [56]
 [49]
 [52]
 [51]
 [52]
 [45]
 [49]] 
------------------------ Dataset: vhr ------------------------
shape: (34, 1), dtype: uint16
Data:[[53]
 [54]
 [57]
 [48]
 [46]
 [49]
 [52]
 [57]
 [54]
 [57]
 [57]
 [45]
 [48]
 [32]
 [53]
 [54]
 [57]
 [48]
 [46]
 [49]
 [52]
 [53]
 [55]
 [49]
 [57]
 [57]
 [57]
 [57]
 [57]
 [57]
 [57]
 [53]
 [45]
 [49]] 
------------------------ Dataset: vhs ------------------------
shape: (33, 1), dtype: uint16
Data:[[54]
 [52]
 [49]
 [51]
 [46]
 [52]
 [50]
 [53]
 [57]
 [50]
 [49]
 [45]
 [48]
 [32]
 [54]
 [52]
 [49]
 [51]
 [46]
 [52]
 [50]
 [50]
 [48]
 [48]
 [57]
 [57]
 [57]
 [57]
 [57]
 [57]
 [57]
 [45]
 [49]] 
------------------------ Dataset: vht ------------------------
shape: (27, 1), dtype: uint16
Data:[[54]
 [54]
 [48]
 [53]
 [46]
 [52]
 [56]
 [54]
 [48]
 [50]
 [57]
 [45]
 [48]
 [32]
 [54]
 [54]
 [48]
 [53]
 [46]
 [52]
 [57]
 [48]
 [49]
 [48]
 [56]
 [45]
 [49]] 
------------------------ Dataset: vhu ------------------------
shape: (34, 1), dtype: uint16
Data:[[54]
 [54]
 [50]
 [49]
 [46]
 [52]
 [54]
 [50]
 [48]
 [56]
 [53]
 [57]
 [57]
 [57]
 [57]
 [57]
 [57]
 [53]
 [45]
 [48]
 [32]
 [54]
 [54]
 [50]
 [49]
 [46]
 [52]
 [53]
 [56]
 [49]
 [49]
 [57]
 [45]
 [49]] 
------------------------ Dataset: vhv ------------------------
shape: (33, 1), dtype: uint16
Data:[[54]
 [54]
 [51]
 [55]
 [46]
 [51]
 [48]
 [50]
 [48]
 [55]
 [54]
 [57]
 [57]
 [57]
 [57]
 [57]
 [57]
 [45]
 [48]
 [32]
 [54]
 [54]
 [51]
 [55]
 [46]
 [51]
 [48]
 [54]
 [49]
 [48]
 [53]
 [45]
 [49]] 
------------------------ Dataset: vhw ------------------------
shape: (27, 1), dtype: uint16
Data:[[54]
 [54]
 [53]
 [50]
 [46]
 [57]
 [48]
 [48]
 [57]
 [55]
 [53]
 [45]
 [48]
 [32]
 [54]
 [54]
 [53]
 [50]
 [46]
 [57]
 [48]
 [55]
 [52]
 [54]
 [57]
 [45]
 [49]] 
------------------------ Dataset: vhx ------------------------
shape: (27, 1), dtype: uint16
Data:[[54]
 [54]
 [54]
 [56]
 [46]
 [55]
 [55]
 [56]
 [50]
 [48]
 [49]
 [45]
 [48]
 [32]
 [54]
 [54]
 [54]
 [56]
 [46]
 [55]
 [55]
 [52]
 [49]
 [55]
 [49]
 [45]
 [49]] 
------------------------ Dataset: vhy ------------------------
shape: (25, 1), dtype: uint16
Data:[[54]
 [54]
 [56]
 [52]
 [46]
 [54]
 [56]
 [50]
 [52]
 [51]
 [45]
 [48]
 [32]
 [54]
 [54]
 [56]
 [52]
 [46]
 [54]
 [55]
 [56]
 [50]
 [54]
 [45]
 [49]] 
------------------------ Dataset: vhz ------------------------
shape: (27, 1), dtype: uint16
Data:[[53]
 [57]
 [48]
 [50]
 [46]
 [54]
 [49]
 [48]
 [54]
 [51]
 [53]
 [45]
 [48]
 [32]
 [53]
 [57]
 [48]
 [50]
 [46]
 [54]
 [48]
 [54]
 [49]
 [53]
 [52]
 [45]
 [49]] 
------------------------ Dataset: vi ------------------------

shape: (1, 6), dtype: uint32
Data:[[3707764736          2          1          1        444          1]] 
------------------------ Dataset: whb ------------------------
shape: (34, 1), dtype: uint16
Data:[[54]
 [55]
 [54]
 [54]
 [46]
 [51]
 [57]
 [48]
 [50]
 [51]
 [50]
 [45]
 [48]
 [32]
 [54]
 [55]
 [54]
 [54]
 [46]
 [51]
 [57]
 [52]
 [50]
 [53]
 [50]
 [57]
 [57]
 [57]
 [57]
 [57]
 [57]
 [53]
 [45]
 [49]] 
------------------------ Dataset: whc ------------------------
shape: (34, 1), dtype: uint16
Data:[[54]
 [50]
 [55]
 [57]
 [46]
 [49]
 [57]
 [56]
 [49]
 [55]
 [52]
 [45]
 [48]
 [32]
 [54]
 [50]
 [55]
 [57]
 [46]
 [49]
 [57]
 [53]
 [52]
 [49]
 [50]
 [57]
 [57]
 [57]
 [57]
 [57]
 [57]
 [53]
 [45]
 [49]] 
------------------------ Dataset: whd ------------------------
shape: (33, 1), dtype: uint16
Data:[[54]
 [50]
 [57]
 [52]
 [46]
 [57]
 [54]
 [54]
 [50]
 [48]
 [56]
 [57]
 [57]
 [57]
 [57]
 [57]
 [57]
 [45]
 [48]
 [32]
 [54]
 [50]
 [57]
 [52]
 [46]
 [57]
 [54]
 [57]
 [57]
 [50]
 [55]
 [45]
 [49]] 
------------------------ Dataset: whe ------------------------
shape: (33, 1), dtype: uint16
Data:[[54]
 [51]
 [49]
 [48]
 [46]
 [55]
 [57]
 [56]
 [48]
 [49]
 [55]
 [45]
 [48]
 [32]
 [54]
 [51]
 [49]
 [48]
 [46]
 [55]
 [57]
 [51]
 [57]
 [54]
 [48]
 [57]
 [57]
 [57]
 [57]
 [57]
 [57]
 [45]
 [49]] 
------------------------ Dataset: whf ------------------------
shape: (33, 1), dtype: uint16
Data:[[54]
 [51]
 [50]
 [54]
 [46]
 [54]
 [53]
 [48]
 [48]
 [57]
 [50]
 [45]
 [48]
 [32]
 [54]
 [51]
 [50]
 [54]
 [46]
 [54]
 [53]
 [48]
 [48]
 [57]
 [50]
 [57]
 [57]
 [57]
 [57]
 [57]
 [57]
 [45]
 [49]] 
------------------------ Dataset: whg ------------------------
shape: (34, 1), dtype: uint16
Data:[[54]
 [51]
 [52]
 [50]
 [46]
 [52]
 [54]
 [54]
 [48]
 [50]
 [54]
 [57]
 [57]
 [57]
 [57]
 [57]
 [57]
 [53]
 [45]
 [48]
 [32]
 [54]
 [51]
 [52]
 [50]
 [46]
 [52]
 [54]
 [50]
 [49]
 [48]
 [51]
 [45]
 [49]] 
------------------------ Dataset: whh ------------------------
shape: (33, 1), dtype: uint16
Data:[[54]
 [53]
 [48]
 [55]
 [46]
 [53]
 [55]
 [56]
 [49]
 [48]
 [57]
 [45]
 [48]
 [32]
 [54]
 [53]
 [48]
 [55]
 [46]
 [53]
 [55]
 [52]
 [50]
 [54]
 [55]
 [57]
 [57]
 [57]
 [57]
 [57]
 [57]
 [45]
 [49]] 
------------------------ Dataset: whi ------------------------
shape: (27, 1), dtype: uint16
Data:[[54]
 [53]
 [50]
 [51]
 [46]
 [51]
 [57]
 [56]
 [48]
 [55]
 [57]
 [45]
 [48]
 [32]
 [54]
 [53]
 [50]
 [51]
 [46]
 [51]
 [57]
 [52]
 [48]
 [49]
 [53]
 [45]
 [49]] 
------------------------ Dataset: whj ------------------------
shape: (39, 1), dtype: uint16
Data:[[54]
 [48]
 [49]
 [56]
 [46]
 [57]
 [54]
 [57]
 [55]
 [51]
 [54]
 [57]
 [57]
 [57]
 [57]
 [57]
 [57]
 [45]
 [48]
 [32]
 [54]
 [48]
 [49]
 [56]
 [46]
 [57]
 [55]
 [51]
 [55]
 [52]
 [49]
 [57]
 [57]
 [57]
 [57]
 [57]
 [57]
 [45]
 [49]] 
------------------------ Dataset: whk ------------------------
shape: (33, 1), dtype: uint16
Data:[[54]
 [48]
 [51]
 [52]
 [46]
 [55]
 [55]
 [55]
 [55]
 [54]
 [48]
 [57]
 [57]
 [57]
 [57]
 [57]
 [57]
 [45]
 [48]
 [32]
 [54]
 [48]
 [51]
 [52]
 [46]
 [55]
 [56]
 [49]
 [56]
 [50]
 [52]
 [45]
 [49]] 
------------------------ Dataset: whl ------------------------
shape: (33, 1), dtype: uint16
Data:[[54]
 [48]
 [53]
 [48]
 [46]
 [52]
 [48]
 [48]
 [48]
 [49]
 [49]
 [45]
 [48]
 [32]
 [54]
 [48]
 [53]
 [48]
 [46]
 [52]
 [48]
 [48]
 [48]
 [50]
 [56]
 [57]
 [57]
 [57]
 [57]
 [57]
 [57]
 [45]
 [49]] 
------------------------ Dataset: whm ------------------------
shape: (40, 1), dtype: uint16
Data:[[54]
 [48]
 [54]
 [54]
 [46]
 [50]
 [57]
 [48]
 [55]
 [50]
 [51]
 [57]
 [57]
 [57]
 [57]
 [57]
 [57]
 [53]
 [45]
 [48]
 [32]
 [54]
 [48]
 [54]
 [54]
 [46]
 [51]
 [48]
 [53]
 [56]
 [51]
 [55]
 [57]
 [57]
 [57]
 [57]
 [57]
 [57]
 [45]
 [49]] 
------------------------ Dataset: whn ------------------------
shape: (33, 1), dtype: uint16
Data:[[54]
 [48]
 [56]
 [50]
 [46]
 [50]
 [50]
 [56]
 [54]
 [53]
 [53]
 [57]
 [57]
 [57]
 [57]
 [57]
 [57]
 [45]
 [48]
 [32]
 [54]
 [48]
 [56]
 [50]
 [46]
 [50]
 [51]
 [50]
 [52]
 [57]
 [55]
 [45]
 [49]] 
------------------------ Dataset: who ------------------------
shape: (33, 1), dtype: uint16
Data:[[53]
 [54]
 [52]
 [50]
 [46]
 [57]
 [50]
 [50]
 [52]
 [57]
 [48]
 [57]
 [57]
 [57]
 [57]
 [57]
 [57]
 [45]
 [48]
 [32]
 [53]
 [54]
 [52]
 [50]
 [46]
 [57]
 [50]
 [48]
 [53]
 [48]
 [49]
 [45]
 [49]] 
------------------------ Dataset: whp ------------------------
shape: (34, 1), dtype: uint16
Data:[[53]
 [54]
 [53]
 [56]
 [46]
 [54]
 [54]
 [54]
 [49]
 [52]
 [50]
 [57]
 [57]
 [57]
 [57]
 [57]
 [57]
 [53]
 [45]
 [48]
 [32]
 [53]
 [54]
 [53]
 [56]
 [46]
 [54]
 [54]
 [57]
 [54]
 [56]
 [56]
 [45]
 [49]] 
------------------------ Dataset: whq ------------------------
shape: (33, 1), dtype: uint16
Data:[[53]
 [54]
 [55]
 [52]
 [46]
 [51]
 [56]
 [49]
 [53]
 [50]
 [56]
 [57]
 [57]
 [57]
 [57]
 [57]
 [57]
 [45]
 [48]
 [32]
 [53]
 [54]
 [55]
 [52]
 [46]
 [51]
 [56]
 [49]
 [52]
 [51]
 [52]
 [45]
 [49]] 
------------------------ Dataset: whr ------------------------
shape: (27, 1), dtype: uint16
Data:[[53]
 [54]
 [57]
 [48]
 [46]
 [49]
 [52]
 [57]
 [54]
 [57]
 [57]
 [45]
 [48]
 [32]
 [53]
 [54]
 [57]
 [48]
 [46]
 [49]
 [53]
 [51]
 [53]
 [54]
 [51]
 [45]
 [49]] 
------------------------ Dataset: whs ------------------------
shape: (27, 1), dtype: uint16
Data:[[54]
 [52]
 [49]
 [51]
 [46]
 [52]
 [50]
 [53]
 [57]
 [50]
 [49]
 [45]
 [48]
 [32]
 [54]
 [52]
 [49]
 [51]
 [46]
 [52]
 [51]
 [48]
 [49]
 [53]
 [50]
 [45]
 [49]] 
------------------------ Dataset: wht ------------------------
shape: (27, 1), dtype: uint16
Data:[[54]
 [54]
 [48]
 [53]
 [46]
 [52]
 [57]
 [53]
 [53]
 [55]
 [50]
 [45]
 [48]
 [32]
 [54]
 [54]
 [48]
 [53]
 [46]
 [52]
 [57]
 [48]
 [49]
 [48]
 [56]
 [45]
 [49]] 
------------------------ Dataset: whu ------------------------
shape: (33, 1), dtype: uint16
Data:[[54]
 [54]
 [50]
 [49]
 [46]
 [52]
 [54]
 [50]
 [48]
 [56]
 [53]
 [57]
 [57]
 [57]
 [57]
 [57]
 [57]
 [53]
 [45]
 [48]
 [32]
 [54]
 [54]
 [50]
 [49]
 [46]
 [52]
 [54]
 [54]
 [51]
 [53]
 [45]
 [49]] 
------------------------ Dataset: whv ------------------------
shape: (27, 1), dtype: uint16
Data:[[54]
 [54]
 [51]
 [55]
 [46]
 [51]
 [49]
 [48]
 [48]
 [53]
 [53]
 [45]
 [48]
 [32]
 [54]
 [54]
 [51]
 [55]
 [46]
 [51]
 [48]
 [54]
 [49]
 [48]
 [53]
 [45]
 [49]] 
------------------------ Dataset: whw ------------------------
shape: (33, 1), dtype: uint16
Data:[[54]
 [54]
 [53]
 [50]
 [46]
 [57]
 [49]
 [53]
 [54]
 [50]
 [54]
 [57]
 [57]
 [57]
 [57]
 [57]
 [57]
 [45]
 [48]
 [32]
 [54]
 [54]
 [53]
 [50]
 [46]
 [57]
 [48]
 [55]
 [52]
 [54]
 [57]
 [45]
 [49]] 
------------------------ Dataset: whx ------------------------
shape: (33, 1), dtype: uint16
Data:[[54]
 [54]
 [54]
 [56]
 [46]
 [55]
 [55]
 [56]
 [50]
 [48]
 [49]
 [45]
 [48]
 [32]
 [54]
 [54]
 [54]
 [56]
 [46]
 [55]
 [56]
 [50]
 [49]
 [56]
 [55]
 [57]
 [57]
 [57]
 [57]
 [57]
 [57]
 [45]
 [49]] 
------------------------ Dataset: why ------------------------
shape: (26, 1), dtype: uint16
Data:[[54]
 [54]
 [56]
 [52]
 [46]
 [54]
 [56]
 [50]
 [52]
 [51]
 [45]
 [48]
 [32]
 [54]
 [54]
 [56]
 [52]
 [46]
 [54]
 [56]
 [54]
 [54]
 [53]
 [51]
 [45]
 [49]] 
------------------------ Dataset: whz ------------------------
shape: (33, 1), dtype: uint16
Data:[[53]
 [57]
 [48]
 [50]
 [46]
 [54]
 [49]
 [48]
 [54]
 [51]
 [53]
 [45]
 [48]
 [32]
 [53]
 [57]
 [48]
 [50]
 [46]
 [54]
 [50]
 [50]
 [52]
 [52]
 [50]
 [57]
 [57]
 [57]
 [57]
 [57]
 [57]
 [45]
 [49]] 
------------------------ Dataset: wi ------------------------

shape: (1, 6), dtype: uint32
Data:[[3707764736          2          1          1        445          1]] 
------------------------ Dataset: xhb ------------------------
shape: (40, 1), dtype: uint16
Data:[[54]
 [55]
 [54]
 [54]
 [46]
 [51]
 [57]
 [56]
 [50]
 [49]
 [55]
 [57]
 [57]
 [57]
 [57]
 [57]
 [57]
 [45]
 [48]
 [32]
 [54]
 [55]
 [54]
 [54]
 [46]
 [51]
 [57]
 [52]
 [50]
 [53]
 [50]
 [57]
 [57]
 [57]
 [57]
 [57]
 [57]
 [53]
 [45]
 [49]] 
------------------------ Dataset: xhc ------------------------
shape: (27, 1), dtype: uint16
Data:[[54]
 [50]
 [55]
 [57]
 [46]
 [49]
 [57]
 [56]
 [49]
 [55]
 [52]
 [45]
 [48]
 [32]
 [54]
 [50]
 [55]
 [57]
 [46]
 [50]
 [48]
 [50]
 [48]
 [54]
 [52]
 [45]
 [49]] 
------------------------ Dataset: xhd ------------------------
shape: (34, 1), dtype: uint16
Data:[[54]
 [50]
 [57]
 [52]
 [46]
 [57]
 [55]
 [53]
 [49]
 [57]
 [48]
 [57]
 [57]
 [57]
 [57]
 [57]
 [57]
 [53]
 [45]
 [48]
 [32]
 [54]
 [50]
 [57]
 [52]
 [46]
 [57]
 [54]
 [57]
 [57]
 [50]
 [55]
 [45]
 [49]] 
------------------------ Dataset: xhe ------------------------
shape: (27, 1), dtype: uint16
Data:[[54]
 [51]
 [49]
 [48]
 [46]
 [55]
 [57]
 [56]
 [48]
 [49]
 [55]
 [45]
 [48]
 [32]
 [54]
 [51]
 [49]
 [48]
 [46]
 [56]
 [48]
 [49]
 [56]
 [56]
 [53]
 [45]
 [49]] 
------------------------ Dataset: xhf ------------------------
shape: (33, 1), dtype: uint16
Data:[[54]
 [51]
 [50]
 [54]
 [46]
 [54]
 [53]
 [55]
 [57]
 [55]
 [53]
 [45]
 [48]
 [32]
 [54]
 [51]
 [50]
 [54]
 [46]
 [54]
 [53]
 [48]
 [48]
 [57]
 [50]
 [57]
 [57]
 [57]
 [57]
 [57]
 [57]
 [45]
 [49]] 
------------------------ Dataset: xhg ------------------------
shape: (34, 1), dtype: uint16
Data:[[54]
 [51]
 [52]
 [50]
 [46]
 [52]
 [54]
 [54]
 [48]
 [50]
 [54]
 [57]
 [57]
 [57]
 [57]
 [57]
 [57]
 [53]
 [45]
 [48]
 [32]
 [54]
 [51]
 [52]
 [50]
 [46]
 [52]
 [54]
 [57]
 [57]
 [49]
 [56]
 [45]
 [49]] 
------------------------ Dataset: xhh ------------------------
shape: (27, 1), dtype: uint16
Data:[[54]
 [53]
 [48]
 [55]
 [46]
 [53]
 [55]
 [56]
 [49]
 [48]
 [57]
 [45]
 [48]
 [32]
 [54]
 [53]
 [48]
 [55]
 [46]
 [53]
 [56]
 [51]
 [53]
 [57]
 [52]
 [45]
 [49]] 
------------------------ Dataset: xhi ------------------------
shape: (27, 1), dtype: uint16
Data:[[54]
 [53]
 [50]
 [51]
 [46]
 [51]
 [57]
 [56]
 [48]
 [55]
 [57]
 [45]
 [48]
 [32]
 [54]
 [53]
 [50]
 [51]
 [46]
 [52]
 [48]
 [49]
 [57]
 [56]
 [56]
 [45]
 [49]] 
------------------------ Dataset: xhj ------------------------
shape: (33, 1), dtype: uint16
Data:[[54]
 [48]
 [49]
 [56]
 [46]
 [57]
 [55]
 [55]
 [55]
 [51]
 [52]
 [45]
 [48]
 [32]
 [54]
 [48]
 [49]
 [56]
 [46]
 [57]
 [55]
 [51]
 [55]
 [52]
 [49]
 [57]
 [57]
 [57]
 [57]
 [57]
 [57]
 [45]
 [49]] 
------------------------ Dataset: xhk ------------------------
shape: (33, 1), dtype: uint16
Data:[[54]
 [48]
 [51]
 [52]
 [46]
 [55]
 [56]
 [53]
 [55]
 [55]
 [52]
 [57]
 [57]
 [57]
 [57]
 [57]
 [57]
 [45]
 [48]
 [32]
 [54]
 [48]
 [51]
 [52]
 [46]
 [55]
 [56]
 [49]
 [56]
 [50]
 [52]
 [45]
 [49]] 
------------------------ Dataset: xhl ------------------------
shape: (33, 1), dtype: uint16
Data:[[54]
 [48]
 [53]
 [48]
 [46]
 [52]
 [48]
 [53]
 [55]
 [49]
 [51]
 [45]
 [48]
 [32]
 [54]
 [48]
 [53]
 [48]
 [46]
 [52]
 [48]
 [48]
 [48]
 [50]
 [56]
 [57]
 [57]
 [57]
 [57]
 [57]
 [57]
 [45]
 [49]] 
------------------------ Dataset: xhm ------------------------
shape: (39, 1), dtype: uint16
Data:[[54]
 [48]
 [54]
 [54]
 [46]
 [51]
 [48]
 [53]
 [55]
 [54]
 [50]
 [57]
 [57]
 [57]
 [57]
 [57]
 [57]
 [45]
 [48]
 [32]
 [54]
 [48]
 [54]
 [54]
 [46]
 [51]
 [48]
 [53]
 [56]
 [51]
 [55]
 [57]
 [57]
 [57]
 [57]
 [57]
 [57]
 [45]
 [49]] 
------------------------ Dataset: xhn ------------------------
shape: (26, 1), dtype: uint16
Data:[[54]
 [48]
 [56]
 [50]
 [46]
 [50]
 [51]
 [53]
 [52]
 [54]
 [45]
 [48]
 [32]
 [54]
 [48]
 [56]
 [50]
 [46]
 [50]
 [51]
 [50]
 [52]
 [57]
 [55]
 [45]
 [49]] 
------------------------ Dataset: xho ------------------------
shape: (39, 1), dtype: uint16
Data:[[53]
 [54]
 [52]
 [50]
 [46]
 [57]
 [50]
 [50]
 [52]
 [57]
 [48]
 [57]
 [57]
 [57]
 [57]
 [57]
 [57]
 [45]
 [48]
 [32]
 [53]
 [54]
 [52]
 [50]
 [46]
 [57]
 [50]
 [54]
 [50]
 [54]
 [55]
 [57]
 [57]
 [57]
 [57]
 [57]
 [57]
 [45]
 [49]] 
------------------------ Dataset: xhp ------------------------
shape: (27, 1), dtype: uint16
Data:[[53]
 [54]
 [53]
 [56]
 [46]
 [54]
 [54]
 [57]
 [54]
 [56]
 [56]
 [45]
 [48]
 [32]
 [53]
 [54]
 [53]
 [56]
 [46]
 [54]
 [54]
 [57]
 [54]
 [56]
 [56]
 [45]
 [49]] 
------------------------ Dataset: xhq ------------------------
shape: (33, 1), dtype: uint16
Data:[[53]
 [54]
 [55]
 [52]
 [46]
 [51]
 [56]
 [49]
 [53]
 [50]
 [56]
 [57]
 [57]
 [57]
 [57]
 [57]
 [57]
 [45]
 [48]
 [32]
 [53]
 [54]
 [55]
 [52]
 [46]
 [51]
 [56]
 [54]
 [48]
 [49]
 [53]
 [45]
 [49]] 
------------------------ Dataset: xhr ------------------------
shape: (27, 1), dtype: uint16
Data:[[53]
 [54]
 [57]
 [48]
 [46]
 [49]
 [53]
 [55]
 [53]
 [50]
 [53]
 [45]
 [48]
 [32]
 [53]
 [54]
 [57]
 [48]
 [46]
 [49]
 [53]
 [51]
 [53]
 [54]
 [51]
 [45]
 [49]] 
------------------------ Dataset: xhs ------------------------
shape: (27, 1), dtype: uint16
Data:[[54]
 [52]
 [49]
 [51]
 [46]
 [52]
 [51]
 [51]
 [57]
 [56]
 [57]
 [45]
 [48]
 [32]
 [54]
 [52]
 [49]
 [51]
 [46]
 [52]
 [51]
 [48]
 [49]
 [53]
 [50]
 [45]
 [49]] 
------------------------ Dataset: xht ------------------------
shape: (33, 1), dtype: uint16
Data:[[54]
 [54]
 [48]
 [53]
 [46]
 [52]
 [57]
 [53]
 [53]
 [55]
 [50]
 [45]
 [48]
 [32]
 [54]
 [54]
 [48]
 [53]
 [46]
 [52]
 [57]
 [56]
 [50]
 [54]
 [52]
 [57]
 [57]
 [57]
 [57]
 [57]
 [57]
 [45]
 [49]] 
------------------------ Dataset: xhu ------------------------
shape: (26, 1), dtype: uint16
Data:[[54]
 [54]
 [50]
 [49]
 [46]
 [52]
 [55]
 [48]
 [48]
 [53]
 [54]
 [45]
 [48]
 [32]
 [54]
 [54]
 [50]
 [49]
 [46]
 [52]
 [54]
 [54]
 [51]
 [53]
 [45]
 [49]] 
------------------------ Dataset: xhv ------------------------
shape: (27, 1), dtype: uint16
Data:[[54]
 [54]
 [51]
 [55]
 [46]
 [51]
 [49]
 [48]
 [48]
 [53]
 [53]
 [45]
 [48]
 [32]
 [54]
 [54]
 [51]
 [55]
 [46]
 [51]
 [49]
 [52]
 [48]
 [52]
 [50]
 [45]
 [49]] 
------------------------ Dataset: xhw ------------------------
shape: (40, 1), dtype: uint16
Data:[[54]
 [54]
 [53]
 [50]
 [46]
 [57]
 [49]
 [53]
 [54]
 [50]
 [54]
 [57]
 [57]
 [57]
 [57]
 [57]
 [57]
 [45]
 [48]
 [32]
 [54]
 [54]
 [53]
 [50]
 [46]
 [57]
 [49]
 [53]
 [51]
 [55]
 [49]
 [57]
 [57]
 [57]
 [57]
 [57]
 [57]
 [53]
 [45]
 [49]] 
------------------------ Dataset: xhx ------------------------
shape: (40, 1), dtype: uint16
Data:[[54]
 [54]
 [54]
 [56]
 [46]
 [55]
 [56]
 [54]
 [48]
 [57]
 [52]
 [57]
 [57]
 [57]
 [57]
 [57]
 [57]
 [53]
 [45]
 [48]
 [32]
 [54]
 [54]
 [54]
 [56]
 [46]
 [55]
 [56]
 [50]
 [49]
 [56]
 [55]
 [57]
 [57]
 [57]
 [57]
 [57]
 [57]
 [45]
 [49]] 
------------------------ Dataset: xhy ------------------------
shape: (33, 1), dtype: uint16
Data:[[54]
 [54]
 [56]
 [52]
 [46]
 [54]
 [57]
 [48]
 [49]
 [50]
 [50]
 [57]
 [57]
 [57]
 [57]
 [57]
 [57]
 [45]
 [48]
 [32]
 [54]
 [54]
 [56]
 [52]
 [46]
 [54]
 [56]
 [54]
 [54]
 [53]
 [51]
 [45]
 [49]] 
------------------------ Dataset: xhz ------------------------
shape: (39, 1), dtype: uint16
Data:[[53]
 [57]
 [48]
 [50]
 [46]
 [54]
 [50]
 [52]
 [56]
 [48]
 [57]
 [57]
 [57]
 [57]
 [57]
 [57]
 [57]
 [45]
 [48]
 [32]
 [53]
 [57]
 [48]
 [50]
 [46]
 [54]
 [50]
 [50]
 [52]
 [52]
 [50]
 [57]
 [57]
 [57]
 [57]
 [57]
 [57]
 [45]
 [49]] 
------------------------ Dataset: xi ------------------------

shape: (1, 6), dtype: uint32
Data:[[3707764736          2          1          1        446          1]] 
------------------------ Dataset: yhb ------------------------
shape: (32, 1), dtype: uint16
Data:[[54]
 [55]
 [54]
 [54]
 [46]
 [51]
 [57]
 [56]
 [50]
 [49]
 [55]
 [57]
 [57]
 [57]
 [57]
 [57]
 [57]
 [45]
 [48]
 [32]
 [54]
 [55]
 [54]
 [54]
 [46]
 [52]
 [48]
 [50]
 [49]
 [54]
 [45]
 [49]] 
------------------------ Dataset: yhc ------------------------
shape: (27, 1), dtype: uint16
Data:[[54]
 [50]
 [55]
 [57]
 [46]
 [50]
 [48]
 [53]
 [57]
 [53]
 [49]
 [45]
 [48]
 [32]
 [54]
 [50]
 [55]
 [57]
 [46]
 [50]
 [48]
 [50]
 [48]
 [54]
 [52]
 [45]
 [49]] 
------------------------ Dataset: yhd ------------------------
shape: (34, 1), dtype: uint16
Data:[[54]
 [50]
 [57]
 [52]
 [46]
 [57]
 [55]
 [53]
 [49]
 [57]
 [48]
 [57]
 [57]
 [57]
 [57]
 [57]
 [57]
 [53]
 [45]
 [48]
 [32]
 [54]
 [50]
 [57]
 [52]
 [46]
 [57]
 [55]
 [55]
 [57]
 [52]
 [54]
 [45]
 [49]] 
------------------------ Dataset: yhe ------------------------
shape: (26, 1), dtype: uint16
Data:[[54]
 [51]
 [49]
 [48]
 [46]
 [56]
 [48]
 [54]
 [48]
 [57]
 [45]
 [48]
 [32]
 [54]
 [51]
 [49]
 [48]
 [46]
 [56]
 [48]
 [49]
 [56]
 [56]
 [53]
 [45]
 [49]] 
------------------------ Dataset: yhf ------------------------
shape: (27, 1), dtype: uint16
Data:[[54]
 [51]
 [50]
 [54]
 [46]
 [54]
 [53]
 [55]
 [57]
 [55]
 [53]
 [45]
 [48]
 [32]
 [54]
 [51]
 [50]
 [54]
 [46]
 [54]
 [53]
 [55]
 [57]
 [56]
 [51]
 [45]
 [49]] 
------------------------ Dataset: yhg ------------------------
shape: (33, 1), dtype: uint16
Data:[[54]
 [51]
 [52]
 [50]
 [46]
 [52]
 [55]
 [51]
 [57]
 [55]
 [53]
 [57]
 [57]
 [57]
 [57]
 [57]
 [57]
 [45]
 [48]
 [32]
 [54]
 [51]
 [52]
 [50]
 [46]
 [52]
 [54]
 [57]
 [57]
 [49]
 [56]
 [45]
 [49]] 
------------------------ Dataset: yhh ------------------------
shape: (33, 1), dtype: uint16
Data:[[54]
 [53]
 [48]
 [55]
 [46]
 [53]
 [56]
 [55]
 [57]
 [54]
 [51]
 [57]
 [57]
 [57]
 [57]
 [57]
 [57]
 [45]
 [48]
 [32]
 [54]
 [53]
 [48]
 [55]
 [46]
 [53]
 [56]
 [51]
 [53]
 [57]
 [52]
 [45]
 [49]] 
------------------------ Dataset: yhi ------------------------
shape: (27, 1), dtype: uint16
Data:[[54]
 [53]
 [50]
 [51]
 [46]
 [52]
 [48]
 [53]
 [57]
 [54]
 [56]
 [45]
 [48]
 [32]
 [54]
 [53]
 [50]
 [51]
 [46]
 [52]
 [48]
 [49]
 [57]
 [56]
 [56]
 [45]
 [49]] 
------------------------ Dataset: yhj ------------------------
shape: (27, 1), dtype: uint16
Data:[[54]
 [48]
 [49]
 [56]
 [46]
 [57]
 [55]
 [55]
 [55]
 [51]
 [52]
 [45]
 [48]
 [32]
 [54]
 [48]
 [49]
 [56]
 [46]
 [57]
 [56]
 [49]
 [55]
 [54]
 [52]
 [45]
 [49]] 
------------------------ Dataset: yhk ------------------------
shape: (33, 1), dtype: uint16
Data:[[54]
 [48]
 [51]
 [52]
 [46]
 [55]
 [56]
 [53]
 [55]
 [55]
 [52]
 [57]
 [57]
 [57]
 [57]
 [57]
 [57]
 [45]
 [48]
 [32]
 [54]
 [48]
 [51]
 [52]
 [46]
 [55]
 [56]
 [57]
 [55]
 [55]
 [57]
 [45]
 [49]] 
------------------------ Dataset: yhl ------------------------
shape: (26, 1), dtype: uint16
Data:[[54]
 [48]
 [53]
 [48]
 [46]
 [52]
 [48]
 [53]
 [55]
 [49]
 [51]
 [45]
 [48]
 [32]
 [54]
 [48]
 [53]
 [48]
 [46]
 [52]
 [48]
 [53]
 [55]
 [49]
 [45]
 [49]] 
------------------------ Dataset: yhm ------------------------
shape: (39, 1), dtype: uint16
Data:[[54]
 [48]
 [54]
 [54]
 [46]
 [51]
 [49]
 [49]
 [52]
 [56]
 [55]
 [57]
 [57]
 [57]
 [57]
 [57]
 [57]
 [45]
 [48]
 [32]
 [54]
 [48]
 [54]
 [54]
 [46]
 [51]
 [48]
 [53]
 [56]
 [51]
 [55]
 [57]
 [57]
 [57]
 [57]
 [57]
 [57]
 [45]
 [49]] 
------------------------ Dataset: yhn ------------------------
shape: (32, 1), dtype: uint16
Data:[[54]
 [48]
 [56]
 [50]
 [46]
 [50]
 [51]
 [53]
 [52]
 [54]
 [45]
 [48]
 [32]
 [54]
 [48]
 [56]
 [50]
 [46]
 [50]
 [51]
 [57]
 [49]
 [48]
 [51]
 [57]
 [57]
 [57]
 [57]
 [57]
 [57]
 [45]
 [49]] 
------------------------ Dataset: yho ------------------------
shape: (33, 1), dtype: uint16
Data:[[53]
 [54]
 [52]
 [50]
 [46]
 [57]
 [51]
 [48]
 [49]
 [51]
 [54]
 [45]
 [48]
 [32]
 [53]
 [54]
 [52]
 [50]
 [46]
 [57]
 [50]
 [54]
 [50]
 [54]
 [55]
 [57]
 [57]
 [57]
 [57]
 [57]
 [57]
 [45]
 [49]] 
------------------------ Dataset: yhp ------------------------
shape: (33, 1), dtype: uint16
Data:[[53]
 [54]
 [53]
 [56]
 [46]
 [54]
 [54]
 [57]
 [54]
 [56]
 [56]
 [45]
 [48]
 [32]
 [53]
 [54]
 [53]
 [56]
 [46]
 [54]
 [55]
 [56]
 [57]
 [51]
 [50]
 [57]
 [57]
 [57]
 [57]
 [57]
 [57]
 [45]
 [49]] 
------------------------ Dataset: yhq ------------------------
shape: (33, 1), dtype: uint16
Data:[[53]
 [54]
 [55]
 [52]
 [46]
 [51]
 [56]
 [53]
 [53]
 [49]
 [53]
 [57]
 [57]
 [57]
 [57]
 [57]
 [57]
 [45]
 [48]
 [32]
 [53]
 [54]
 [55]
 [52]
 [46]
 [51]
 [56]
 [54]
 [48]
 [49]
 [53]
 [45]
 [49]] 
------------------------ Dataset: yhr ------------------------
shape: (26, 1), dtype: uint16
Data:[[53]
 [54]
 [57]
 [48]
 [46]
 [49]
 [53]
 [55]
 [53]
 [50]
 [53]
 [45]
 [48]
 [32]
 [53]
 [54]
 [57]
 [48]
 [46]
 [49]
 [54]
 [49]
 [53]
 [56]
 [45]
 [49]] 
------------------------ Dataset: yhs ------------------------
shape: (27, 1), dtype: uint16
Data:[[54]
 [52]
 [49]
 [51]
 [46]
 [52]
 [51]
 [51]
 [57]
 [56]
 [57]
 [45]
 [48]
 [32]
 [54]
 [52]
 [49]
 [51]
 [46]
 [52]
 [52]
 [49]
 [57]
 [49]
 [51]
 [45]
 [49]] 
------------------------ Dataset: yht ------------------------
shape: (39, 1), dtype: uint16
Data:[[54]
 [54]
 [48]
 [53]
 [46]
 [53]
 [48]
 [50]
 [50]
 [55]
 [56]
 [57]
 [57]
 [57]
 [57]
 [57]
 [57]
 [45]
 [48]
 [32]
 [54]
 [54]
 [48]
 [53]
 [46]
 [52]
 [57]
 [56]
 [50]
 [54]
 [52]
 [57]
 [57]
 [57]
 [57]
 [57]
 [57]
 [45]
 [49]] 
------------------------ Dataset: yhu ------------------------
shape: (34, 1), dtype: uint16
Data:[[54]
 [54]
 [50]
 [49]
 [46]
 [52]
 [55]
 [48]
 [48]
 [53]
 [54]
 [45]
 [48]
 [32]
 [54]
 [54]
 [50]
 [49]
 [46]
 [52]
 [55]
 [52]
 [51]
 [57]
 [50]
 [57]
 [57]
 [57]
 [57]
 [57]
 [57]
 [53]
 [45]
 [49]] 
------------------------ Dataset: yhv ------------------------
shape: (27, 1), dtype: uint16
Data:[[54]
 [54]
 [51]
 [55]
 [46]
 [51]
 [49]
 [56]
 [48]
 [54]
 [52]
 [45]
 [48]
 [32]
 [54]
 [54]
 [51]
 [55]
 [46]
 [51]
 [49]
 [52]
 [48]
 [52]
 [50]
 [45]
 [49]] 
------------------------ Dataset: yhw ------------------------
shape: (33, 1), dtype: uint16
Data:[[54]
 [54]
 [53]
 [50]
 [46]
 [57]
 [49]
 [53]
 [54]
 [50]
 [54]
 [57]
 [57]
 [57]
 [57]
 [57]
 [57]
 [45]
 [48]
 [32]
 [54]
 [54]
 [53]
 [50]
 [46]
 [57]
 [50]
 [50]
 [54]
 [49]
 [56]
 [45]
 [49]] 
------------------------ Dataset: yhx ------------------------
shape: (40, 1), dtype: uint16
Data:[[54]
 [54]
 [54]
 [56]
 [46]
 [55]
 [56]
 [54]
 [48]
 [57]
 [52]
 [57]
 [57]
 [57]
 [57]
 [57]
 [57]
 [53]
 [45]
 [48]
 [32]
 [54]
 [54]
 [54]
 [56]
 [46]
 [55]
 [57]
 [48]
 [48]
 [51]
 [50]
 [57]
 [57]
 [57]
 [57]
 [57]
 [57]
 [45]
 [49]] 
------------------------ Dataset: yhy ------------------------
shape: (39, 1), dtype: uint16
Data:[[54]
 [54]
 [56]
 [52]
 [46]
 [54]
 [57]
 [48]
 [49]
 [50]
 [50]
 [57]
 [57]
 [57]
 [57]
 [57]
 [57]
 [45]
 [48]
 [32]
 [54]
 [54]
 [56]
 [52]
 [46]
 [54]
 [57]
 [56]
 [57]
 [53]
 [48]
 [57]
 [57]
 [57]
 [57]
 [57]
 [57]
 [45]
 [49]] 
------------------------ Dataset: yhz ------------------------
shape: (33, 1), dtype: uint16
Data:[[53]
 [57]
 [48]
 [50]
 [46]
 [54]
 [50]
 [52]
 [56]
 [48]
 [57]
 [57]
 [57]
 [57]
 [57]
 [57]
 [57]
 [45]
 [48]
 [32]
 [53]
 [57]
 [48]
 [50]
 [46]
 [54]
 [51]
 [48]
 [53]
 [48]
 [53]
 [45]
 [49]] 
------------------------ Dataset: yi ------------------------

shape: (1, 6), dtype: uint32
Data:[[3707764736          2          1          1        447          1]] 
------------------------ Dataset: zhb ------------------------
shape: (26, 1), dtype: uint16
Data:[[54]
 [55]
 [54]
 [54]
 [46]
 [52]
 [48]
 [54]
 [49]
 [56]
 [53]
 [45]
 [48]
 [32]
 [54]
 [55]
 [54]
 [54]
 [46]
 [52]
 [48]
 [50]
 [49]
 [54]
 [45]
 [49]] 
------------------------ Dataset: zhc ------------------------
shape: (27, 1), dtype: uint16
Data:[[54]
 [50]
 [55]
 [57]
 [46]
 [50]
 [48]
 [53]
 [57]
 [53]
 [49]
 [45]
 [48]
 [32]
 [54]
 [50]
 [55]
 [57]
 [46]
 [50]
 [48]
 [57]
 [57]
 [53]
 [54]
 [45]
 [49]] 
------------------------ Dataset: zhd ------------------------
shape: (27, 1), dtype: uint16
Data:[[54]
 [50]
 [57]
 [52]
 [46]
 [57]
 [56]
 [49]
 [57]
 [49]
 [52]
 [45]
 [48]
 [32]
 [54]
 [50]
 [57]
 [52]
 [46]
 [57]
 [55]
 [55]
 [57]
 [52]
 [54]
 [45]
 [49]] 
------------------------ Dataset: zhe ------------------------
shape: (26, 1), dtype: uint16
Data:[[54]
 [51]
 [49]
 [48]
 [46]
 [56]
 [48]
 [54]
 [48]
 [57]
 [45]
 [48]
 [32]
 [54]
 [51]
 [49]
 [48]
 [46]
 [56]
 [49]
 [48]
 [48]
 [50]
 [50]
 [45]
 [49]] 
------------------------ Dataset: zhf ------------------------
shape: (27, 1), dtype: uint16
Data:[[54]
 [51]
 [50]
 [54]
 [46]
 [54]
 [54]
 [53]
 [56]
 [49]
 [57]
 [45]
 [48]
 [32]
 [54]
 [51]
 [50]
 [54]
 [46]
 [54]
 [53]
 [55]
 [57]
 [56]
 [51]
 [45]
 [49]] 
------------------------ Dataset: zhg ------------------------
shape: (40, 1), dtype: uint16
Data:[[54]
 [51]
 [52]
 [50]
 [46]
 [52]
 [55]
 [51]
 [57]
 [55]
 [53]
 [57]
 [57]
 [57]
 [57]
 [57]
 [57]
 [45]
 [48]
 [32]
 [54]
 [51]
 [52]
 [50]
 [46]
 [52]
 [55]
 [55]
 [57]
 [56]
 [52]
 [57]
 [57]
 [57]
 [57]
 [57]
 [57]
 [53]
 [45]
 [49]] 
------------------------ Dataset: zhh ------------------------
shape: (40, 1), dtype: uint16
Data:[[54]
 [53]
 [48]
 [55]
 [46]
 [53]
 [56]
 [55]
 [57]
 [54]
 [51]
 [57]
 [57]
 [57]
 [57]
 [57]
 [57]
 [45]
 [48]
 [32]
 [54]
 [53]
 [48]
 [55]
 [46]
 [53]
 [57]
 [50]
 [55]
 [53]
 [57]
 [57]
 [57]
 [57]
 [57]
 [57]
 [57]
 [53]
 [45]
 [49]] 
------------------------ Dataset: zhi ------------------------
shape: (33, 1), dtype: uint16
Data:[[54]
 [53]
 [50]
 [51]
 [46]
 [52]
 [48]
 [53]
 [57]
 [54]
 [56]
 [45]
 [48]
 [32]
 [54]
 [53]
 [50]
 [51]
 [46]
 [52]
 [49]
 [48]
 [48]
 [55]
 [56]
 [57]
 [57]
 [57]
 [57]
 [57]
 [57]
 [45]
 [49]] 
------------------------ Dataset: zhj ------------------------
shape: (27, 1), dtype: uint16
Data:[[54]
 [48]
 [49]
 [56]
 [46]
 [57]
 [57]
 [49]
 [57]
 [48]
 [53]
 [45]
 [48]
 [32]
 [54]
 [48]
 [49]
 [56]
 [46]
 [57]
 [56]
 [49]
 [55]
 [54]
 [52]
 [45]
 [49]] 
------------------------ Dataset: zhk ------------------------
shape: (27, 1), dtype: uint16
Data:[[54]
 [48]
 [51]
 [52]
 [46]
 [55]
 [57]
 [53]
 [53]
 [56]
 [55]
 [45]
 [48]
 [32]
 [54]
 [48]
 [51]
 [52]
 [46]
 [55]
 [56]
 [57]
 [55]
 [55]
 [57]
 [45]
 [49]] 
------------------------ Dataset: zhl ------------------------
shape: (27, 1), dtype: uint16
Data:[[54]
 [48]
 [53]
 [48]
 [46]
 [52]
 [48]
 [53]
 [55]
 [49]
 [51]
 [45]
 [48]
 [32]
 [54]
 [48]
 [53]
 [48]
 [46]
 [52]
 [49]
 [51]
 [56]
 [50]
 [49]
 [45]
 [49]] 
------------------------ Dataset: zhm ------------------------
shape: (33, 1), dtype: uint16
Data:[[54]
 [48]
 [54]
 [54]
 [46]
 [51]
 [49]
 [49]
 [52]
 [56]
 [55]
 [57]
 [57]
 [57]
 [57]
 [57]
 [57]
 [45]
 [48]
 [32]
 [54]
 [48]
 [54]
 [54]
 [46]
 [51]
 [49]
 [48]
 [54]
 [54]
 [50]
 [45]
 [49]] 
------------------------ Dataset: zhn ------------------------
shape: (33, 1), dtype: uint16
Data:[[54]
 [48]
 [56]
 [50]
 [46]
 [50]
 [52]
 [50]
 [52]
 [56]
 [51]
 [45]
 [48]
 [32]
 [54]
 [48]
 [56]
 [50]
 [46]
 [50]
 [51]
 [57]
 [49]
 [48]
 [51]
 [57]
 [57]
 [57]
 [57]
 [57]
 [57]
 [45]
 [49]] 
------------------------ Dataset: zho ------------------------
shape: (33, 1), dtype: uint16
Data:[[53]
 [54]
 [52]
 [50]
 [46]
 [57]
 [51]
 [48]
 [49]
 [51]
 [54]
 [45]
 [48]
 [32]
 [53]
 [54]
 [52]
 [50]
 [46]
 [57]
 [51]
 [52]
 [48]
 [52]
 [53]
 [57]
 [57]
 [57]
 [57]
 [57]
 [57]
 [45]
 [49]] 
------------------------ Dataset: zhp ------------------------
shape: (39, 1), dtype: uint16
Data:[[53]
 [54]
 [53]
 [56]
 [46]
 [54]
 [55]
 [56]
 [57]
 [50]
 [55]
 [57]
 [57]
 [57]
 [57]
 [57]
 [57]
 [45]
 [48]
 [32]
 [53]
 [54]
 [53]
 [56]
 [46]
 [54]
 [55]
 [56]
 [57]
 [51]
 [50]
 [57]
 [57]
 [57]
 [57]
 [57]
 [57]
 [45]
 [49]] 
------------------------ Dataset: zhq ------------------------
shape: (33, 1), dtype: uint16
Data:[[53]
 [54]
 [55]
 [52]
 [46]
 [51]
 [56]
 [57]
 [57]
 [49]
 [56]
 [57]
 [57]
 [57]
 [57]
 [57]
 [57]
 [45]
 [48]
 [32]
 [53]
 [54]
 [55]
 [52]
 [46]
 [51]
 [56]
 [54]
 [48]
 [49]
 [53]
 [45]
 [49]] 
------------------------ Dataset: zhr ------------------------
shape: (25, 1), dtype: uint16
Data:[[53]
 [54]
 [57]
 [48]
 [46]
 [49]
 [54]
 [53]
 [53]
 [53]
 [45]
 [48]
 [32]
 [53]
 [54]
 [57]
 [48]
 [46]
 [49]
 [54]
 [49]
 [53]
 [56]
 [45]
 [49]] 
------------------------ Dataset: zhs ------------------------
shape: (27, 1), dtype: uint16
Data:[[54]
 [52]
 [49]
 [51]
 [46]
 [52]
 [52]
 [53]
 [56]
 [49]
 [52]
 [45]
 [48]
 [32]
 [54]
 [52]
 [49]
 [51]
 [46]
 [52]
 [52]
 [49]
 [57]
 [49]
 [51]
 [45]
 [49]] 
------------------------ Dataset: zht ------------------------
shape: (39, 1), dtype: uint16
Data:[[54]
 [54]
 [48]
 [53]
 [46]
 [53]
 [48]
 [50]
 [50]
 [55]
 [56]
 [57]
 [57]
 [57]
 [57]
 [57]
 [57]
 [45]
 [48]
 [32]
 [54]
 [54]
 [48]
 [53]
 [46]
 [53]
 [48]
 [54]
 [49]
 [49]
 [55]
 [57]
 [57]
 [57]
 [57]
 [57]
 [57]
 [45]
 [49]] 
------------------------ Dataset: zhu ------------------------
shape: (33, 1), dtype: uint16
Data:[[54]
 [54]
 [50]
 [49]
 [46]
 [52]
 [55]
 [56]
 [48]
 [57]
 [45]
 [48]
 [32]
 [54]
 [54]
 [50]
 [49]
 [46]
 [52]
 [55]
 [52]
 [51]
 [57]
 [50]
 [57]
 [57]
 [57]
 [57]
 [57]
 [57]
 [53]
 [45]
 [49]] 
------------------------ Dataset: zhv ------------------------
shape: (33, 1), dtype: uint16
Data:[[54]
 [54]
 [51]
 [55]
 [46]
 [51]
 [49]
 [56]
 [48]
 [54]
 [52]
 [45]
 [48]
 [32]
 [54]
 [54]
 [51]
 [55]
 [46]
 [51]
 [50]
 [50]
 [51]
 [55]
 [48]
 [57]
 [57]
 [57]
 [57]
 [57]
 [57]
 [45]
 [49]] 
------------------------ Dataset: zhw ------------------------
shape: (27, 1), dtype: uint16
Data:[[54]
 [54]
 [53]
 [50]
 [46]
 [57]
 [50]
 [50]
 [54]
 [49]
 [56]
 [45]
 [48]
 [32]
 [54]
 [54]
 [53]
 [50]
 [46]
 [57]
 [50]
 [50]
 [54]
 [49]
 [56]
 [45]
 [49]] 
------------------------ Dataset: zhx ------------------------
shape: (32, 1), dtype: uint16
Data:[[54]
 [54]
 [54]
 [56]
 [46]
 [55]
 [57]
 [52]
 [49]
 [56]
 [45]
 [48]
 [32]
 [54]
 [54]
 [54]
 [56]
 [46]
 [55]
 [57]
 [48]
 [48]
 [51]
 [50]
 [57]
 [57]
 [57]
 [57]
 [57]
 [57]
 [45]
 [49]] 
------------------------ Dataset: zhy ------------------------
shape: (39, 1), dtype: uint16
Data:[[54]
 [54]
 [56]
 [52]
 [46]
 [54]
 [57]
 [57]
 [48]
 [51]
 [54]
 [57]
 [57]
 [57]
 [57]
 [57]
 [57]
 [45]
 [48]
 [32]
 [54]
 [54]
 [56]
 [52]
 [46]
 [54]
 [57]
 [56]
 [57]
 [53]
 [48]
 [57]
 [57]
 [57]
 [57]
 [57]
 [57]
 [45]
 [49]] 
------------------------ Dataset: zhz ------------------------
shape: (27, 1), dtype: uint16
Data:[[53]
 [57]
 [48]
 [50]
 [46]
 [54]
 [51]
 [51]
 [54]
 [57]
 [57]
 [45]
 [48]
 [32]
 [53]
 [57]
 [48]
 [50]
 [46]
 [54]
 [51]
 [48]
 [53]
 [48]
 [53]
 [45]
 [49]] 
------------------------ Dataset: zi ------------------------

shape: (1, 6), dtype: uint32
Data:[[3707764736          2          1          1        448          1]] 
------------------------ Dataset: Ahb ------------------------
shape: (27, 1), dtype: uint16
Data:[[54]
 [55]
 [54]
 [54]
 [46]
 [52]
 [48]
 [54]
 [49]
 [56]
 [53]
 [45]
 [48]
 [32]
 [54]
 [55]
 [54]
 [54]
 [46]
 [52]
 [49]
 [54]
 [53]
 [48]
 [49]
 [45]
 [49]] 
------------------------ Dataset: Ahc ------------------------
shape: (27, 1), dtype: uint16
Data:[[54]
 [50]
 [55]
 [57]
 [46]
 [50]
 [49]
 [51]
 [57]
 [57]
 [55]
 [45]
 [48]
 [32]
 [54]
 [50]
 [55]
 [57]
 [46]
 [50]
 [48]
 [57]
 [57]
 [53]
 [54]
 [45]
 [49]] 
------------------------ Dataset: Ahd ------------------------
shape: (27, 1), dtype: uint16
Data:[[54]
 [50]
 [57]
 [52]
 [46]
 [57]
 [56]
 [49]
 [57]
 [49]
 [52]
 [45]
 [48]
 [32]
 [54]
 [50]
 [57]
 [52]
 [46]
 [57]
 [56]
 [53]
 [57]
 [55]
 [56]
 [45]
 [49]] 
------------------------ Dataset: Ahe ------------------------
shape: (33, 1), dtype: uint16
Data:[[54]
 [51]
 [49]
 [48]
 [46]
 [56]
 [50]
 [48]
 [49]
 [48]
 [48]
 [57]
 [57]
 [57]
 [57]
 [57]
 [57]
 [45]
 [48]
 [32]
 [54]
 [51]
 [49]
 [48]
 [46]
 [56]
 [49]
 [48]
 [48]
 [50]
 [50]
 [45]
 [49]] 
------------------------ Dataset: Ahf ------------------------
shape: (26, 1), dtype: uint16
Data:[[54]
 [51]
 [50]
 [54]
 [46]
 [54]
 [54]
 [53]
 [56]
 [49]
 [57]
 [45]
 [48]
 [32]
 [54]
 [51]
 [50]
 [54]
 [46]
 [54]
 [54]
 [53]
 [56]
 [51]
 [45]
 [49]] 
------------------------ Dataset: Ahg ------------------------
shape: (34, 1), dtype: uint16
Data:[[54]
 [51]
 [52]
 [50]
 [46]
 [52]
 [56]
 [49]
 [57]
 [53]
 [54]
 [45]
 [48]
 [32]
 [54]
 [51]
 [52]
 [50]
 [46]
 [52]
 [55]
 [55]
 [57]
 [56]
 [52]
 [57]
 [57]
 [57]
 [57]
 [57]
 [57]
 [53]
 [45]
 [49]] 
------------------------ Dataset: Ahh ------------------------
shape: (40, 1), dtype: uint16
Data:[[54]
 [53]
 [48]
 [55]
 [46]
 [53]
 [57]
 [57]
 [52]
 [56]
 [56]
 [57]
 [57]
 [57]
 [57]
 [57]
 [57]
 [45]
 [48]
 [32]
 [54]
 [53]
 [48]
 [55]
 [46]
 [53]
 [57]
 [50]
 [55]
 [53]
 [57]
 [57]
 [57]
 [57]
 [57]
 [57]
 [57]
 [53]
 [45]
 [49]] 
------------------------ Dataset: Ahi ------------------------
shape: (33, 1), dtype: uint16
Data:[[54]
 [53]
 [50]
 [51]
 [46]
 [52]
 [49]
 [51]
 [57]
 [56]
 [52]
 [45]
 [48]
 [32]
 [54]
 [53]
 [50]
 [51]
 [46]
 [52]
 [49]
 [48]
 [48]
 [55]
 [56]
 [57]
 [57]
 [57]
 [57]
 [57]
 [57]
 [45]
 [49]] 
------------------------ Dataset: Ahj ------------------------
shape: (34, 1), dtype: uint16
Data:[[54]
 [48]
 [49]
 [56]
 [46]
 [57]
 [57]
 [49]
 [57]
 [48]
 [53]
 [45]
 [48]
 [32]
 [54]
 [48]
 [49]
 [56]
 [46]
 [57]
 [57]
 [50]
 [48]
 [54]
 [52]
 [57]
 [57]
 [57]
 [57]
 [57]
 [57]
 [53]
 [45]
 [49]] 
------------------------ Dataset: Ahk ------------------------
shape: (33, 1), dtype: uint16
Data:[[54]
 [48]
 [51]
 [52]
 [46]
 [55]
 [57]
 [53]
 [53]
 [56]
 [55]
 [45]
 [48]
 [32]
 [54]
 [48]
 [51]
 [52]
 [46]
 [55]
 [57]
 [55]
 [57]
 [53]
 [50]
 [57]
 [57]
 [57]
 [57]
 [57]
 [57]
 [45]
 [49]] 
------------------------ Dataset: Ahl ------------------------
shape: (27, 1), dtype: uint16
Data:[[54]
 [48]
 [53]
 [48]
 [46]
 [52]
 [49]
 [51]
 [55]
 [55]
 [50]
 [45]
 [48]
 [32]
 [54]
 [48]
 [53]
 [48]
 [46]
 [52]
 [49]
 [51]
 [56]
 [50]
 [49]
 [45]
 [49]] 
------------------------ Dataset: Ahm ------------------------
shape: (33, 1), dtype: uint16
Data:[[54]
 [48]
 [54]
 [54]
 [46]
 [51]
 [49]
 [49]
 [52]
 [56]
 [55]
 [57]
 [57]
 [57]
 [57]
 [57]
 [57]
 [45]
 [48]
 [32]
 [54]
 [48]
 [54]
 [54]
 [46]
 [51]
 [49]
 [55]
 [56]
 [52]
 [54]
 [45]
 [49]] 
------------------------ Dataset: Ahn ------------------------
shape: (27, 1), dtype: uint16
Data:[[54]
 [48]
 [56]
 [50]
 [46]
 [50]
 [52]
 [50]
 [52]
 [56]
 [51]
 [45]
 [48]
 [32]
 [54]
 [48]
 [56]
 [50]
 [46]
 [50]
 [52]
 [54]
 [50]
 [56]
 [50]
 [45]
 [49]] 
------------------------ Dataset: Aho ------------------------
shape: (33, 1), dtype: uint16
Data:[[53]
 [54]
 [52]
 [50]
 [46]
 [57]
 [51]
 [55]
 [55]
 [48]
 [55]
 [45]
 [48]
 [32]
 [53]
 [54]
 [52]
 [50]
 [46]
 [57]
 [51]
 [52]
 [48]
 [52]
 [53]
 [57]
 [57]
 [57]
 [57]
 [57]
 [57]
 [45]
 [49]] 
------------------------ Dataset: Ahp ------------------------
shape: (19, 1), dtype: uint16
Data:[[53]
 [54]
 [53]
 [56]
 [46]
 [54]
 [55]
 [56]
 [57]
 [51]
 [50]
 [57]
 [57]
 [57]
 [57]
 [57]
 [57]
 [45]
 [49]] 
------------------------ Dataset: Ahq ------------------------
shape: (33, 1), dtype: uint16
Data:[[53]
 [54]
 [55]
 [52]
 [46]
 [51]
 [56]
 [57]
 [57]
 [49]
 [56]
 [57]
 [57]
 [57]
 [57]
 [57]
 [57]
 [45]
 [48]
 [32]
 [53]
 [54]
 [55]
 [52]
 [46]
 [51]
 [57]
 [51]
 [54]
 [50]
 [51]
 [45]
 [49]] 
------------------------ Dataset: Ahr ------------------------
shape: (26, 1), dtype: uint16
Data:[[53]
 [54]
 [57]
 [48]
 [46]
 [49]
 [54]
 [53]
 [53]
 [53]
 [45]
 [48]
 [32]
 [53]
 [54]
 [57]
 [48]
 [46]
 [49]
 [54]
 [57]
 [53]
 [55]
 [50]
 [45]
 [49]] 
------------------------ Dataset: Ahs ------------------------
shape: (26, 1), dtype: uint16
Data:[[54]
 [52]
 [49]
 [51]
 [46]
 [52]
 [52]
 [53]
 [56]
 [49]
 [52]
 [45]
 [48]
 [32]
 [54]
 [52]
 [49]
 [51]
 [46]
 [52]
 [52]
 [54]
 [48]
 [52]
 [45]
 [49]] 
------------------------ Dataset: Aht ------------------------
shape: (40, 1), dtype: uint16
Data:[[54]
 [54]
 [48]
 [53]
 [46]
 [53]
 [49]
 [48]
 [49]
 [53]
 [48]
 [57]
 [57]
 [57]
 [57]
 [57]
 [57]
 [53]
 [45]
 [48]
 [32]
 [54]
 [54]
 [48]
 [53]
 [46]
 [53]
 [48]
 [54]
 [49]
 [49]
 [55]
 [57]
 [57]
 [57]
 [57]
 [57]
 [57]
 [45]
 [49]] 
------------------------ Dataset: Ahu ------------------------
shape: (24, 1), dtype: uint16
Data:[[54]
 [54]
 [50]
 [49]
 [46]
 [52]
 [55]
 [56]
 [48]
 [57]
 [45]
 [48]
 [32]
 [54]
 [54]
 [50]
 [49]
 [46]
 [52]
 [56]
 [55]
 [57]
 [45]
 [49]] 
------------------------ Dataset: Ahv ------------------------
shape: (33, 1), dtype: uint16
Data:[[54]
 [54]
 [51]
 [55]
 [46]
 [51]
 [50]
 [54]
 [56]
 [55]
 [54]
 [45]
 [48]
 [32]
 [54]
 [54]
 [51]
 [55]
 [46]
 [51]
 [50]
 [50]
 [51]
 [55]
 [48]
 [57]
 [57]
 [57]
 [57]
 [57]
 [57]
 [45]
 [49]] 
------------------------ Dataset: Ahw ------------------------
shape: (27, 1), dtype: uint16
Data:[[54]
 [54]
 [53]
 [50]
 [46]
 [57]
 [50]
 [50]
 [54]
 [49]
 [56]
 [45]
 [48]
 [32]
 [54]
 [54]
 [53]
 [50]
 [46]
 [57]
 [51]
 [48]
 [51]
 [56]
 [51]
 [45]
 [49]] 
------------------------ Dataset: Ahx ------------------------
shape: (26, 1), dtype: uint16
Data:[[54]
 [54]
 [54]
 [56]
 [46]
 [55]
 [57]
 [52]
 [49]
 [56]
 [45]
 [48]
 [32]
 [54]
 [54]
 [54]
 [56]
 [46]
 [56]
 [48]
 [51]
 [53]
 [53]
 [49]
 [45]
 [49]] 
------------------------ Dataset: Ahy ------------------------
shape: (33, 1), dtype: uint16
Data:[[54]
 [54]
 [56]
 [52]
 [46]
 [54]
 [57]
 [57]
 [48]
 [51]
 [54]
 [57]
 [57]
 [57]
 [57]
 [57]
 [57]
 [45]
 [48]
 [32]
 [54]
 [54]
 [56]
 [52]
 [46]
 [55]
 [48]
 [55]
 [50]
 [54]
 [56]
 [45]
 [49]] 
------------------------ Dataset: Ahz ------------------------
shape: (27, 1), dtype: uint16
Data:[[53]
 [57]
 [48]
 [50]
 [46]
 [54]
 [51]
 [51]
 [54]
 [57]
 [57]
 [45]
 [48]
 [32]
 [53]
 [57]
 [48]
 [50]
 [46]
 [54]
 [51]
 [55]
 [50]
 [55]
 [50]
 [45]
 [49]] 
------------------------ Dataset: Ai ------------------------

shape: (1, 6), dtype: uint32
Data:[[3707764736          2          1          1        449          1]] 
------------------------ Dataset: Bhb ------------------------
shape: (33, 1), dtype: uint16
Data:[[54]
 [55]
 [54]
 [54]
 [46]
 [52]
 [49]
 [54]
 [56]
 [56]
 [51]
 [57]
 [57]
 [57]
 [57]
 [57]
 [57]
 [45]
 [48]
 [32]
 [54]
 [55]
 [54]
 [54]
 [46]
 [52]
 [49]
 [54]
 [53]
 [48]
 [49]
 [45]
 [49]] 
------------------------ Dataset: Bhc ------------------------
shape: (33, 1), dtype: uint16
Data:[[54]
 [50]
 [55]
 [57]
 [46]
 [50]
 [49]
 [51]
 [57]
 [57]
 [55]
 [45]
 [48]
 [32]
 [54]
 [50]
 [55]
 [57]
 [46]
 [50]
 [49]
 [57]
 [56]
 [55]
 [56]
 [57]
 [57]
 [57]
 [57]
 [57]
 [57]
 [45]
 [49]] 
------------------------ Dataset: Bhd ------------------------
shape: (33, 1), dtype: uint16
Data:[[54]
 [50]
 [57]
 [52]
 [46]
 [57]
 [57]
 [48]
 [49]
 [49]
 [54]
 [57]
 [57]
 [57]
 [57]
 [57]
 [57]
 [45]
 [48]
 [32]
 [54]
 [50]
 [57]
 [52]
 [46]
 [57]
 [56]
 [53]
 [57]
 [55]
 [56]
 [45]
 [49]] 
------------------------ Dataset: Bhe ------------------------
shape: (40, 1), dtype: uint16
Data:[[54]
 [51]
 [49]
 [48]
 [46]
 [56]
 [50]
 [48]
 [49]
 [48]
 [48]
 [57]
 [57]
 [57]
 [57]
 [57]
 [57]
 [45]
 [48]
 [32]
 [54]
 [51]
 [49]
 [48]
 [46]
 [56]
 [50]
 [48]
 [48]
 [56]
 [55]
 [57]
 [57]
 [57]
 [57]
 [57]
 [57]
 [53]
 [45]
 [49]] 
------------------------ Dataset: Bhf ------------------------
shape: (33, 1), dtype: uint16
Data:[[54]
 [51]
 [50]
 [54]
 [46]
 [54]
 [55]
 [51]
 [56]
 [50]
 [51]
 [57]
 [57]
 [57]
 [57]
 [57]
 [57]
 [53]
 [45]
 [48]
 [32]
 [54]
 [51]
 [50]
 [54]
 [46]
 [54]
 [54]
 [53]
 [56]
 [51]
 [45]
 [49]] 
------------------------ Dataset: Bhg ------------------------
shape: (27, 1), dtype: uint16
Data:[[54]
 [51]
 [52]
 [50]
 [46]
 [52]
 [56]
 [49]
 [57]
 [53]
 [54]
 [45]
 [48]
 [32]
 [54]
 [51]
 [52]
 [50]
 [46]
 [52]
 [56]
 [54]
 [48]
 [49]
 [54]
 [45]
 [49]] 
------------------------ Dataset: Bhh ------------------------
shape: (33, 1), dtype: uint16
Data:[[54]
 [53]
 [48]
 [55]
 [46]
 [53]
 [57]
 [57]
 [52]
 [56]
 [56]
 [57]
 [57]
 [57]
 [57]
 [57]
 [57]
 [45]
 [48]
 [32]
 [54]
 [53]
 [48]
 [55]
 [46]
 [54]
 [48]
 [50]
 [48]
 [55]
 [50]
 [45]
 [49]] 
------------------------ Dataset: Bhi ------------------------
shape: (27, 1), dtype: uint16
Data:[[54]
 [53]
 [50]
 [51]
 [46]
 [52]
 [49]
 [51]
 [57]
 [56]
 [52]
 [45]
 [48]
 [32]
 [54]
 [53]
 [50]
 [51]
 [46]
 [52]
 [50]
 [50]
 [48]
 [54]
 [56]
 [45]
 [49]] 
------------------------ Dataset: Bhj ------------------------
shape: (34, 1), dtype: uint16
Data:[[54]
 [48]
 [49]
 [56]
 [46]
 [57]
 [57]
 [53]
 [48]
 [53]
 [52]
 [45]
 [48]
 [32]
 [54]
 [48]
 [49]
 [56]
 [46]
 [57]
 [57]
 [50]
 [48]
 [54]
 [52]
 [57]
 [57]
 [57]
 [57]
 [57]
 [57]
 [53]
 [45]
 [49]] 
------------------------ Dataset: Bhk ------------------------
shape: (33, 1), dtype: uint16
Data:[[54]
 [48]
 [51]
 [52]
 [46]
 [56]
 [48]
 [49]
 [56]
 [53]
 [53]
 [45]
 [48]
 [32]
 [54]
 [48]
 [51]
 [52]
 [46]
 [55]
 [57]
 [55]
 [57]
 [53]
 [50]
 [57]
 [57]
 [57]
 [57]
 [57]
 [57]
 [45]
 [49]] 
------------------------ Dataset: Bhl ------------------------
shape: (34, 1), dtype: uint16
Data:[[54]
 [48]
 [53]
 [48]
 [46]
 [52]
 [51]
 [48]
 [54]
 [55]
 [49]
 [57]
 [57]
 [57]
 [57]
 [57]
 [57]
 [53]
 [45]
 [48]
 [32]
 [54]
 [48]
 [53]
 [48]
 [46]
 [52]
 [49]
 [51]
 [56]
 [50]
 [49]
 [45]
 [49]] 
------------------------ Dataset: Bhm ------------------------
shape: (27, 1), dtype: uint16
Data:[[54]
 [48]
 [54]
 [54]
 [46]
 [51]
 [50]
 [49]
 [55]
 [50]
 [56]
 [45]
 [48]
 [32]
 [54]
 [48]
 [54]
 [54]
 [46]
 [51]
 [49]
 [55]
 [56]
 [52]
 [54]
 [45]
 [49]] 
------------------------ Dataset: Bhn ------------------------
shape: (27, 1), dtype: uint16
Data:[[54]
 [48]
 [56]
 [50]
 [46]
 [50]
 [53]
 [48]
 [49]
 [55]
 [57]
 [45]
 [48]
 [32]
 [54]
 [48]
 [56]
 [50]
 [46]
 [50]
 [52]
 [54]
 [50]
 [56]
 [50]
 [45]
 [49]] 
------------------------ Dataset: Bho ------------------------
shape: (27, 1), dtype: uint16
Data:[[53]
 [54]
 [52]
 [50]
 [46]
 [57]
 [51]
 [55]
 [55]
 [48]
 [55]
 [45]
 [48]
 [32]
 [53]
 [54]
 [52]
 [50]
 [46]
 [57]
 [52]
 [49]
 [54]
 [50]
 [57]
 [45]
 [49]] 
------------------------ Dataset: Bhp ------------------------
shape: (27, 1), dtype: uint16
Data:[[53]
 [54]
 [53]
 [56]
 [46]
 [54]
 [57]
 [54]
 [52]
 [52]
 [57]
 [45]
 [48]
 [32]
 [53]
 [54]
 [53]
 [56]
 [46]
 [54]
 [56]
 [56]
 [57]
 [51]
 [50]
 [45]
 [49]] 
------------------------ Dataset: Bhq ------------------------
shape: (27, 1), dtype: uint16
Data:[[53]
 [54]
 [55]
 [52]
 [46]
 [51]
 [57]
 [55]
 [53]
 [54]
 [49]
 [45]
 [48]
 [32]
 [53]
 [54]
 [55]
 [52]
 [46]
 [51]
 [57]
 [51]
 [54]
 [50]
 [51]
 [45]
 [49]] 
------------------------ Dataset: Bhr ------------------------
shape: (33, 1), dtype: uint16
Data:[[53]
 [54]
 [57]
 [48]
 [46]
 [49]
 [55]
 [53]
 [54]
 [48]
 [52]
 [57]
 [57]
 [57]
 [57]
 [57]
 [57]
 [45]
 [48]
 [32]
 [53]
 [54]
 [57]
 [48]
 [46]
 [49]
 [54]
 [57]
 [53]
 [55]
 [50]
 [45]
 [49]] 
------------------------ Dataset: Bhs ------------------------
shape: (26, 1), dtype: uint16
Data:[[54]
 [52]
 [49]
 [51]
 [46]
 [52]
 [53]
 [48]
 [49]
 [48]
 [55]
 [45]
 [48]
 [32]
 [54]
 [52]
 [49]
 [51]
 [46]
 [52]
 [52]
 [54]
 [48]
 [52]
 [45]
 [49]] 
------------------------ Dataset: Bht ------------------------
shape: (34, 1), dtype: uint16
Data:[[54]
 [54]
 [48]
 [53]
 [46]
 [53]
 [49]
 [48]
 [49]
 [53]
 [48]
 [57]
 [57]
 [57]
 [57]
 [57]
 [57]
 [53]
 [45]
 [48]
 [32]
 [54]
 [54]
 [48]
 [53]
 [46]
 [53]
 [49]
 [52]
 [48]
 [48]
 [53]
 [45]
 [49]] 
------------------------ Dataset: Bhu ------------------------
shape: (31, 1), dtype: uint16
Data:[[54]
 [54]
 [50]
 [49]
 [46]
 [52]
 [56]
 [56]
 [48]
 [51]
 [52]
 [57]
 [57]
 [57]
 [57]
 [57]
 [57]
 [45]
 [48]
 [32]
 [54]
 [54]
 [50]
 [49]
 [46]
 [52]
 [56]
 [55]
 [57]
 [45]
 [49]] 
------------------------ Dataset: Bhv ------------------------
shape: (27, 1), dtype: uint16
Data:[[54]
 [54]
 [51]
 [55]
 [46]
 [51]
 [50]
 [54]
 [56]
 [55]
 [54]
 [45]
 [48]
 [32]
 [54]
 [54]
 [51]
 [55]
 [46]
 [51]
 [51]
 [48]
 [51]
 [53]
 [50]
 [45]
 [49]] 
------------------------ Dataset: Bhw ------------------------
shape: (33, 1), dtype: uint16
Data:[[54]
 [54]
 [53]
 [50]
 [46]
 [57]
 [51]
 [48]
 [49]
 [54]
 [56]
 [57]
 [57]
 [57]
 [57]
 [57]
 [57]
 [45]
 [48]
 [32]
 [54]
 [54]
 [53]
 [50]
 [46]
 [57]
 [51]
 [48]
 [51]
 [56]
 [51]
 [45]
 [49]] 
------------------------ Dataset: Bhx ------------------------
shape: (27, 1), dtype: uint16
Data:[[54]
 [54]
 [54]
 [56]
 [46]
 [56]
 [48]
 [51]
 [55]
 [48]
 [52]
 [45]
 [48]
 [32]
 [54]
 [54]
 [54]
 [56]
 [46]
 [56]
 [48]
 [51]
 [53]
 [53]
 [49]
 [45]
 [49]] 
------------------------ Dataset: Bhy ------------------------
shape: (27, 1), dtype: uint16
Data:[[54]
 [54]
 [56]
 [52]
 [46]
 [55]
 [48]
 [55]
 [49]
 [54]
 [56]
 [45]
 [48]
 [32]
 [54]
 [54]
 [56]
 [52]
 [46]
 [55]
 [48]
 [55]
 [50]
 [54]
 [56]
 [45]
 [49]] 
------------------------ Dataset: Bhz ------------------------
shape: (27, 1), dtype: uint16
Data:[[53]
 [57]
 [48]
 [50]
 [46]
 [54]
 [51]
 [57]
 [55]
 [55]
 [53]
 [45]
 [48]
 [32]
 [53]
 [57]
 [48]
 [50]
 [46]
 [54]
 [51]
 [55]
 [50]
 [55]
 [50]
 [45]
 [49]] 
------------------------ Dataset: Bi ------------------------

shape: (1, 6), dtype: uint32
Data:[[3707764736          2          1          1        450          1]] 
------------------------ Dataset: Chb ------------------------
shape: (33, 1), dtype: uint16
Data:[[54]
 [55]
 [54]
 [54]
 [46]
 [52]
 [49]
 [54]
 [56]
 [56]
 [51]
 [57]
 [57]
 [57]
 [57]
 [57]
 [57]
 [45]
 [48]
 [32]
 [54]
 [55]
 [54]
 [54]
 [46]
 [52]
 [49]
 [57]
 [57]
 [48]
 [51]
 [45]
 [49]] 
------------------------ Dataset: Chc ------------------------
shape: (33, 1), dtype: uint16
Data:[[54]
 [50]
 [55]
 [57]
 [46]
 [50]
 [50]
 [50]
 [49]
 [49]
 [49]
 [45]
 [48]
 [32]
 [54]
 [50]
 [55]
 [57]
 [46]
 [50]
 [49]
 [57]
 [56]
 [55]
 [56]
 [57]
 [57]
 [57]
 [57]
 [57]
 [57]
 [45]
 [49]] 
------------------------ Dataset: Chd ------------------------
shape: (39, 1), dtype: uint16
Data:[[54]
 [50]
 [57]
 [52]
 [46]
 [57]
 [57]
 [48]
 [49]
 [49]
 [54]
 [57]
 [57]
 [57]
 [57]
 [57]
 [57]
 [45]
 [48]
 [32]
 [54]
 [50]
 [57]
 [52]
 [46]
 [57]
 [57]
 [53]
 [53]
 [50]
 [52]
 [57]
 [57]
 [57]
 [57]
 [57]
 [57]
 [45]
 [49]] 
------------------------ Dataset: Che ------------------------
shape: (33, 1), dtype: uint16
Data:[[54]
 [51]
 [49]
 [48]
 [46]
 [56]
 [50]
 [48]
 [49]
 [48]
 [48]
 [57]
 [57]
 [57]
 [57]
 [57]
 [57]
 [45]
 [48]
 [32]
 [54]
 [51]
 [49]
 [48]
 [46]
 [56]
 [50]
 [54]
 [49]
 [52]
 [55]
 [45]
 [49]] 
------------------------ Dataset: Chf ------------------------
shape: (34, 1), dtype: uint16
Data:[[54]
 [51]
 [50]
 [54]
 [46]
 [54]
 [55]
 [51]
 [56]
 [50]
 [51]
 [57]
 [57]
 [57]
 [57]
 [57]
 [57]
 [53]
 [45]
 [48]
 [32]
 [54]
 [51]
 [50]
 [54]
 [46]
 [54]
 [55]
 [51]
 [56]
 [50]
 [56]
 [45]
 [49]] 
------------------------ Dataset: Chg ------------------------
shape: (33, 1), dtype: uint16
Data:[[54]
 [51]
 [52]
 [50]
 [46]
 [52]
 [57]
 [48]
 [48]
 [48]
 [54]
 [57]
 [57]
 [57]
 [57]
 [57]
 [57]
 [45]
 [48]
 [32]
 [54]
 [51]
 [52]
 [50]
 [46]
 [52]
 [56]
 [54]
 [48]
 [49]
 [54]
 [45]
 [49]] 
------------------------ Dataset: Chh ------------------------
shape: (27, 1), dtype: uint16
Data:[[54]
 [53]
 [48]
 [55]
 [46]
 [54]
 [48]
 [54]
 [52]
 [56]
 [57]
 [45]
 [48]
 [32]
 [54]
 [53]
 [48]
 [55]
 [46]
 [54]
 [48]
 [50]
 [48]
 [55]
 [50]
 [45]
 [49]] 
------------------------ Dataset: Chi ------------------------
shape: (27, 1), dtype: uint16
Data:[[54]
 [53]
 [50]
 [51]
 [46]
 [52]
 [50]
 [50]
 [48]
 [54]
 [56]
 [45]
 [48]
 [32]
 [54]
 [53]
 [50]
 [51]
 [46]
 [52]
 [50]
 [50]
 [48]
 [54]
 [56]
 [45]
 [49]] 
------------------------ Dataset: Chj ------------------------
shape: (33, 1), dtype: uint16
Data:[[54]
 [48]
 [49]
 [56]
 [46]
 [57]
 [57]
 [53]
 [48]
 [53]
 [52]
 [45]
 [48]
 [32]
 [54]
 [48]
 [49]
 [56]
 [46]
 [57]
 [57]
 [55]
 [56]
 [50]
 [49]
 [57]
 [57]
 [57]
 [57]
 [57]
 [57]
 [45]
 [49]] 
------------------------ Dataset: Chk ------------------------
shape: (27, 1), dtype: uint16
Data:[[54]
 [48]
 [51]
 [52]
 [46]
 [56]
 [48]
 [49]
 [56]
 [53]
 [53]
 [45]
 [48]
 [32]
 [54]
 [48]
 [51]
 [52]
 [46]
 [56]
 [48]
 [53]
 [56]
 [51]
 [55]
 [45]
 [49]] 
------------------------ Dataset: Chl ------------------------
shape: (33, 1), dtype: uint16
Data:[[54]
 [48]
 [53]
 [48]
 [46]
 [52]
 [51]
 [48]
 [54]
 [55]
 [49]
 [57]
 [57]
 [57]
 [57]
 [57]
 [57]
 [53]
 [45]
 [48]
 [32]
 [54]
 [48]
 [53]
 [48]
 [46]
 [52]
 [50]
 [49]
 [56]
 [53]
 [45]
 [49]] 
------------------------ Dataset: Chm ------------------------
shape: (34, 1), dtype: uint16
Data:[[54]
 [48]
 [54]
 [54]
 [46]
 [51]
 [50]
 [49]
 [55]
 [50]
 [56]
 [45]
 [48]
 [32]
 [54]
 [48]
 [54]
 [54]
 [46]
 [51]
 [50]
 [53]
 [56]
 [55]
 [52]
 [57]
 [57]
 [57]
 [57]
 [57]
 [57]
 [53]
 [45]
 [49]] 
------------------------ Dataset: Chn ------------------------
shape: (27, 1), dtype: uint16
Data:[[54]
 [48]
 [56]
 [50]
 [46]
 [50]
 [53]
 [48]
 [49]
 [55]
 [57]
 [45]
 [48]
 [32]
 [54]
 [48]
 [56]
 [50]
 [46]
 [50]
 [53]
 [52]
 [48]
 [52]
 [53]
 [45]
 [49]] 
------------------------ Dataset: Cho ------------------------
shape: (33, 1), dtype: uint16
Data:[[53]
 [54]
 [52]
 [50]
 [46]
 [57]
 [52]
 [53]
 [53]
 [53]
 [52]
 [57]
 [57]
 [57]
 [57]
 [57]
 [57]
 [45]
 [48]
 [32]
 [53]
 [54]
 [52]
 [50]
 [46]
 [57]
 [52]
 [49]
 [54]
 [50]
 [57]
 [45]
 [49]] 
------------------------ Dataset: Chp ------------------------
shape: (34, 1), dtype: uint16
Data:[[53]
 [54]
 [53]
 [56]
 [46]
 [54]
 [57]
 [54]
 [52]
 [52]
 [57]
 [45]
 [48]
 [32]
 [53]
 [54]
 [53]
 [56]
 [46]
 [54]
 [57]
 [57]
 [49]
 [49]
 [55]
 [57]
 [57]
 [57]
 [57]
 [57]
 [57]
 [53]
 [45]
 [49]] 
------------------------ Dataset: Chq ------------------------
shape: (34, 1), dtype: uint16
Data:[[53]
 [54]
 [55]
 [52]
 [46]
 [51]
 [57]
 [55]
 [53]
 [54]
 [49]
 [45]
 [48]
 [32]
 [53]
 [54]
 [55]
 [52]
 [46]
 [52]
 [48]
 [49]
 [53]
 [53]
 [52]
 [57]
 [57]
 [57]
 [57]
 [57]
 [57]
 [53]
 [45]
 [49]] 
------------------------ Dataset: Chr ------------------------
shape: (33, 1), dtype: uint16
Data:[[53]
 [54]
 [57]
 [48]
 [46]
 [49]
 [55]
 [53]
 [54]
 [48]
 [52]
 [57]
 [57]
 [57]
 [57]
 [57]
 [57]
 [45]
 [48]
 [32]
 [53]
 [54]
 [57]
 [48]
 [46]
 [49]
 [55]
 [55]
 [57]
 [48]
 [49]
 [45]
 [49]] 
------------------------ Dataset: Chs ------------------------
shape: (27, 1), dtype: uint16
Data:[[54]
 [52]
 [49]
 [51]
 [46]
 [52]
 [53]
 [48]
 [49]
 [48]
 [55]
 [45]
 [48]
 [32]
 [54]
 [52]
 [49]
 [51]
 [46]
 [52]
 [53]
 [52]
 [52]
 [54]
 [53]
 [45]
 [49]] 
------------------------ Dataset: Cht ------------------------
shape: (27, 1), dtype: uint16
Data:[[54]
 [54]
 [48]
 [53]
 [46]
 [53]
 [49]
 [56]
 [50]
 [54]
 [56]
 [45]
 [48]
 [32]
 [54]
 [54]
 [48]
 [53]
 [46]
 [53]
 [49]
 [52]
 [48]
 [48]
 [53]
 [45]
 [49]] 
------------------------ Dataset: Chu ------------------------
shape: (33, 1), dtype: uint16
Data:[[54]
 [54]
 [50]
 [49]
 [46]
 [52]
 [56]
 [56]
 [48]
 [51]
 [52]
 [57]
 [57]
 [57]
 [57]
 [57]
 [57]
 [45]
 [48]
 [32]
 [54]
 [54]
 [50]
 [49]
 [46]
 [52]
 [57]
 [49]
 [52]
 [52]
 [57]
 [45]
 [49]] 
------------------------ Dataset: Chv ------------------------
shape: (26, 1), dtype: uint16
Data:[[54]
 [54]
 [51]
 [55]
 [46]
 [51]
 [51]
 [52]
 [48]
 [52]
 [45]
 [48]
 [32]
 [54]
 [54]
 [51]
 [55]
 [46]
 [51]
 [51]
 [48]
 [51]
 [53]
 [50]
 [45]
 [49]] 
------------------------ Dataset: Chw ------------------------
shape: (27, 1), dtype: uint16
Data:[[54]
 [54]
 [53]
 [50]
 [46]
 [57]
 [51]
 [56]
 [51]
 [54]
 [56]
 [45]
 [48]
 [32]
 [54]
 [54]
 [53]
 [50]
 [46]
 [57]
 [51]
 [48]
 [51]
 [56]
 [51]
 [45]
 [49]] 
------------------------ Dataset: Chx ------------------------
shape: (27, 1), dtype: uint16
Data:[[54]
 [54]
 [54]
 [56]
 [46]
 [56]
 [48]
 [51]
 [55]
 [48]
 [52]
 [45]
 [48]
 [32]
 [54]
 [54]
 [54]
 [56]
 [46]
 [56]
 [49]
 [48]
 [49]
 [51]
 [53]
 [45]
 [49]] 
------------------------ Dataset: Chy ------------------------
shape: (26, 1), dtype: uint16
Data:[[54]
 [54]
 [56]
 [52]
 [46]
 [55]
 [49]
 [52]
 [57]
 [49]
 [45]
 [48]
 [32]
 [54]
 [54]
 [56]
 [52]
 [46]
 [55]
 [48]
 [55]
 [50]
 [54]
 [56]
 [45]
 [49]] 
------------------------ Dataset: Chz ------------------------
shape: (27, 1), dtype: uint16
Data:[[53]
 [57]
 [48]
 [50]
 [46]
 [54]
 [51]
 [57]
 [55]
 [55]
 [53]
 [45]
 [48]
 [32]
 [53]
 [57]
 [48]
 [50]
 [46]
 [54]
 [52]
 [53]
 [57]
 [51]
 [54]
 [45]
 [49]] 
------------------------ Dataset: Ci ------------------------

