shape: (1, 6), dtype: uint32
Data:[[3707764736          2          1          1        531          1]] 
------------------------ Dataset: Xib ------------------------
shape: (31, 1), dtype: uint16
Data:[[54]
 [55]
 [54]
 [54]
 [46]
 [55]
 [53]
 [52]
 [48]
 [52]
 [48]
 [57]
 [57]
 [57]
 [57]
 [57]
 [57]
 [45]
 [48]
 [32]
 [54]
 [55]
 [54]
 [54]
 [46]
 [55]
 [53]
 [56]
 [49]
 [45]
 [49]] 
------------------------ Dataset: Xic ------------------------
shape: (34, 1), dtype: uint16
Data:[[54]
 [50]
 [55]
 [57]
 [46]
 [53]
 [53]
 [53]
 [50]
 [56]
 [52]
 [57]
 [57]
 [57]
 [57]
 [57]
 [57]
 [53]
 [45]
 [48]
 [32]
 [54]
 [50]
 [55]
 [57]
 [46]
 [53]
 [53]
 [55]
 [57]
 [50]
 [52]
 [45]
 [49]] 
------------------------ Dataset: Xid ------------------------
shape: (39, 1), dtype: uint16
Data:[[54]
 [50]
 [57]
 [53]
 [46]
 [51]
 [50]
 [56]
 [51]
 [52]
 [56]
 [57]
 [57]
 [57]
 [57]
 [57]
 [57]
 [45]
 [48]
 [32]
 [54]
 [50]
 [57]
 [53]
 [46]
 [51]
 [50]
 [56]
 [51]
 [52]
 [53]
 [57]
 [57]
 [57]
 [57]
 [57]
 [57]
 [45]
 [49]] 
------------------------ Dataset: Xie ------------------------
shape: (27, 1), dtype: uint16
Data:[[54]
 [51]
 [49]
 [49]
 [46]
 [49]
 [53]
 [48]
 [48]
 [51]
 [49]
 [45]
 [48]
 [32]
 [54]
 [51]
 [49]
 [49]
 [46]
 [49]
 [53]
 [51]
 [56]
 [52]
 [50]
 [45]
 [49]] 
------------------------ Dataset: Xif ------------------------
shape: (27, 1), dtype: uint16
Data:[[54]
 [51]
 [50]
 [55]
 [46]
 [48]
 [50]
 [57]
 [57]
 [48]
 [49]
 [45]
 [48]
 [32]
 [54]
 [51]
 [50]
 [55]
 [46]
 [48]
 [50]
 [54]
 [52]
 [53]
 [54]
 [45]
 [49]] 
------------------------ Dataset: Xig ------------------------
shape: (27, 1), dtype: uint16
Data:[[54]
 [51]
 [52]
 [50]
 [46]
 [56]
 [52]
 [49]
 [50]
 [56]
 [49]
 [45]
 [48]
 [32]
 [54]
 [51]
 [52]
 [50]
 [46]
 [56]
 [51]
 [52]
 [48]
 [50]
 [50]
 [45]
 [49]] 
------------------------ Dataset: Xih ------------------------
shape: (40, 1), dtype: uint16
Data:[[54]
 [53]
 [48]
 [55]
 [46]
 [57]
 [51]
 [53]
 [56]
 [48]
 [50]
 [57]
 [57]
 [57]
 [57]
 [57]
 [57]
 [45]
 [48]
 [32]
 [54]
 [53]
 [48]
 [55]
 [46]
 [57]
 [52]
 [51]
 [50]
 [52]
 [52]
 [57]
 [57]
 [57]
 [57]
 [57]
 [57]
 [53]
 [45]
 [49]] 
------------------------ Dataset: Xii ------------------------
shape: (34, 1), dtype: uint16
Data:[[54]
 [53]
 [50]
 [51]
 [46]
 [55]
 [55]
 [48]
 [48]
 [52]
 [55]
 [45]
 [48]
 [32]
 [54]
 [53]
 [50]
 [51]
 [46]
 [55]
 [54]
 [54]
 [50]
 [56]
 [54]
 [57]
 [57]
 [57]
 [57]
 [57]
 [57]
 [53]
 [45]
 [49]] 
------------------------ Dataset: Xij ------------------------
shape: (33, 1), dtype: uint16
Data:[[54]
 [48]
 [49]
 [57]
 [46]
 [51]
 [52]
 [49]
 [55]
 [50]
 [55]
 [57]
 [57]
 [57]
 [57]
 [57]
 [57]
 [45]
 [48]
 [32]
 [54]
 [48]
 [49]
 [57]
 [46]
 [51]
 [51]
 [55]
 [56]
 [54]
 [49]
 [45]
 [49]] 
------------------------ Dataset: Xik ------------------------
shape: (33, 1), dtype: uint16
Data:[[54]
 [48]
 [51]
 [53]
 [46]
 [49]
 [52]
 [55]
 [49]
 [57]
 [57]
 [57]
 [57]
 [57]
 [57]
 [57]
 [57]
 [45]
 [48]
 [32]
 [54]
 [48]
 [51]
 [53]
 [46]
 [49]
 [52]
 [50]
 [54]
 [57]
 [54]
 [45]
 [49]] 
------------------------ Dataset: Xil ------------------------
shape: (33, 1), dtype: uint16
Data:[[54]
 [48]
 [53]
 [48]
 [46]
 [55]
 [54]
 [57]
 [57]
 [48]
 [57]
 [45]
 [48]
 [32]
 [54]
 [48]
 [53]
 [48]
 [46]
 [55]
 [54]
 [53]
 [55]
 [53]
 [57]
 [57]
 [57]
 [57]
 [57]
 [57]
 [57]
 [45]
 [49]] 
------------------------ Dataset: Xim ------------------------
shape: (33, 1), dtype: uint16
Data:[[54]
 [48]
 [54]
 [54]
 [46]
 [54]
 [54]
 [56]
 [53]
 [55]
 [51]
 [57]
 [57]
 [57]
 [57]
 [57]
 [57]
 [45]
 [48]
 [32]
 [54]
 [48]
 [54]
 [54]
 [46]
 [54]
 [54]
 [52]
 [57]
 [50]
 [52]
 [45]
 [49]] 
------------------------ Dataset: Xin ------------------------
shape: (33, 1), dtype: uint16
Data:[[54]
 [48]
 [56]
 [50]
 [46]
 [53]
 [56]
 [53]
 [57]
 [51]
 [57]
 [45]
 [48]
 [32]
 [54]
 [48]
 [56]
 [50]
 [46]
 [53]
 [56]
 [49]
 [55]
 [54]
 [56]
 [57]
 [57]
 [57]
 [57]
 [57]
 [57]
 [45]
 [49]] 
------------------------ Dataset: Xio ------------------------
shape: (26, 1), dtype: uint16
Data:[[53]
 [54]
 [52]
 [51]
 [46]
 [50]
 [56]
 [54]
 [48]
 [49]
 [45]
 [48]
 [32]
 [53]
 [54]
 [52]
 [51]
 [46]
 [50]
 [56]
 [57]
 [56]
 [55]
 [56]
 [45]
 [49]] 
------------------------ Dataset: Xip ------------------------
shape: (33, 1), dtype: uint16
Data:[[53]
 [54]
 [53]
 [57]
 [46]
 [48]
 [50]
 [53]
 [52]
 [57]
 [53]
 [57]
 [57]
 [57]
 [57]
 [57]
 [57]
 [45]
 [48]
 [32]
 [53]
 [54]
 [53]
 [57]
 [46]
 [48]
 [50]
 [57]
 [53]
 [49]
 [57]
 [45]
 [49]] 
------------------------ Dataset: Xiq ------------------------
shape: (27, 1), dtype: uint16
Data:[[53]
 [54]
 [55]
 [52]
 [46]
 [55]
 [51]
 [56]
 [56]
 [55]
 [49]
 [45]
 [48]
 [32]
 [53]
 [54]
 [55]
 [52]
 [46]
 [55]
 [51]
 [51]
 [54]
 [52]
 [51]
 [45]
 [49]] 
------------------------ Dataset: Xir ------------------------
shape: (27, 1), dtype: uint16
Data:[[53]
 [54]
 [57]
 [48]
 [46]
 [53]
 [49]
 [53]
 [49]
 [49]
 [54]
 [45]
 [48]
 [32]
 [53]
 [54]
 [57]
 [48]
 [46]
 [53]
 [49]
 [57]
 [49]
 [48]
 [49]
 [45]
 [49]] 
------------------------ Dataset: Xis ------------------------
shape: (26, 1), dtype: uint16
Data:[[54]
 [52]
 [49]
 [51]
 [46]
 [55]
 [56]
 [57]
 [56]
 [57]
 [45]
 [48]
 [32]
 [54]
 [52]
 [49]
 [51]
 [46]
 [55]
 [56]
 [53]
 [57]
 [54]
 [53]
 [45]
 [49]] 
------------------------ Dataset: Xit ------------------------
shape: (33, 1), dtype: uint16
Data:[[54]
 [54]
 [48]
 [53]
 [46]
 [56]
 [53]
 [49]
 [53]
 [48]
 [51]
 [57]
 [57]
 [57]
 [57]
 [57]
 [57]
 [45]
 [48]
 [32]
 [54]
 [54]
 [48]
 [53]
 [46]
 [56]
 [53]
 [54]
 [48]
 [55]
 [50]
 [45]
 [49]] 
------------------------ Dataset: Xiu ------------------------
shape: (27, 1), dtype: uint16
Data:[[54]
 [54]
 [50]
 [49]
 [46]
 [56]
 [51]
 [52]
 [49]
 [50]
 [57]
 [45]
 [48]
 [32]
 [54]
 [54]
 [50]
 [49]
 [46]
 [56]
 [51]
 [48]
 [48]
 [56]
 [54]
 [45]
 [49]] 
------------------------ Dataset: Xiv ------------------------
shape: (27, 1), dtype: uint16
Data:[[54]
 [54]
 [51]
 [55]
 [46]
 [54]
 [56]
 [50]
 [50]
 [48]
 [49]
 [45]
 [48]
 [32]
 [54]
 [54]
 [51]
 [55]
 [46]
 [54]
 [56]
 [49]
 [54]
 [50]
 [50]
 [45]
 [49]] 
------------------------ Dataset: Xiw ------------------------
shape: (39, 1), dtype: uint16
Data:[[54]
 [54]
 [53]
 [51]
 [46]
 [50]
 [55]
 [48]
 [50]
 [55]
 [53]
 [57]
 [57]
 [57]
 [57]
 [57]
 [57]
 [45]
 [48]
 [32]
 [54]
 [54]
 [53]
 [51]
 [46]
 [50]
 [54]
 [55]
 [56]
 [52]
 [49]
 [57]
 [57]
 [57]
 [57]
 [57]
 [57]
 [45]
 [49]] 
------------------------ Dataset: Xix ------------------------
shape: (13, 1), dtype: uint16
Data:[[54]
 [54]
 [54]
 [57]
 [46]
 [49]
 [52]
 [55]
 [48]
 [51]
 [53]
 [45]
 [49]] 
------------------------ Dataset: Xiy ------------------------
shape: (27, 1), dtype: uint16
Data:[[54]
 [54]
 [56]
 [53]
 [46]
 [48]
 [54]
 [51]
 [51]
 [50]
 [50]
 [45]
 [48]
 [32]
 [54]
 [54]
 [56]
 [53]
 [46]
 [48]
 [53]
 [56]
 [48]
 [57]
 [57]
 [45]
 [49]] 
------------------------ Dataset: Xiz ------------------------
shape: (27, 1), dtype: uint16
Data:[[53]
 [57]
 [48]
 [50]
 [46]
 [57]
 [56]
 [54]
 [49]
 [48]
 [53]
 [45]
 [48]
 [32]
 [53]
 [57]
 [48]
 [50]
 [46]
 [57]
 [56]
 [50]
 [51]
 [54]
 [53]
 [45]
 [49]] 
------------------------ Dataset: Xj ------------------------

shape: (1, 6), dtype: uint32
Data:[[3707764736          2          1          1        532          1]] 
------------------------ Dataset: Yib ------------------------
shape: (25, 1), dtype: uint16
Data:[[54]
 [55]
 [54]
 [54]
 [46]
 [55]
 [54]
 [53]
 [53]
 [52]
 [55]
 [45]
 [48]
 [32]
 [54]
 [55]
 [54]
 [54]
 [46]
 [55]
 [53]
 [56]
 [49]
 [45]
 [49]] 
------------------------ Dataset: Yic ------------------------
shape: (27, 1), dtype: uint16
Data:[[54]
 [50]
 [55]
 [57]
 [46]
 [53]
 [54]
 [49]
 [56]
 [51]
 [49]
 [45]
 [48]
 [32]
 [54]
 [50]
 [55]
 [57]
 [46]
 [53]
 [53]
 [55]
 [57]
 [50]
 [52]
 [45]
 [49]] 
------------------------ Dataset: Yid ------------------------
shape: (33, 1), dtype: uint16
Data:[[54]
 [50]
 [57]
 [53]
 [46]
 [51]
 [50]
 [56]
 [51]
 [52]
 [56]
 [57]
 [57]
 [57]
 [57]
 [57]
 [57]
 [45]
 [48]
 [32]
 [54]
 [50]
 [57]
 [53]
 [46]
 [51]
 [51]
 [51]
 [56]
 [52]
 [50]
 [45]
 [49]] 
------------------------ Dataset: Yie ------------------------
shape: (34, 1), dtype: uint16
Data:[[54]
 [51]
 [49]
 [49]
 [46]
 [49]
 [53]
 [55]
 [56]
 [57]
 [55]
 [57]
 [57]
 [57]
 [57]
 [57]
 [57]
 [53]
 [45]
 [48]
 [32]
 [54]
 [51]
 [49]
 [49]
 [46]
 [49]
 [53]
 [51]
 [56]
 [52]
 [50]
 [45]
 [49]] 
------------------------ Dataset: Yif ------------------------
shape: (26, 1), dtype: uint16
Data:[[54]
 [51]
 [50]
 [55]
 [46]
 [48]
 [50]
 [57]
 [57]
 [48]
 [49]
 [45]
 [48]
 [32]
 [54]
 [51]
 [50]
 [55]
 [46]
 [48]
 [51]
 [51]
 [57]
 [49]
 [45]
 [49]] 
------------------------ Dataset: Yig ------------------------
shape: (33, 1), dtype: uint16
Data:[[54]
 [51]
 [52]
 [50]
 [46]
 [56]
 [52]
 [49]
 [50]
 [56]
 [49]
 [45]
 [48]
 [32]
 [54]
 [51]
 [52]
 [50]
 [46]
 [56]
 [52]
 [50]
 [52]
 [57]
 [48]
 [57]
 [57]
 [57]
 [57]
 [57]
 [57]
 [45]
 [49]] 
------------------------ Dataset: Yih ------------------------
shape: (34, 1), dtype: uint16
Data:[[54]
 [53]
 [48]
 [55]
 [46]
 [57]
 [52]
 [53]
 [48]
 [55]
 [57]
 [45]
 [48]
 [32]
 [54]
 [53]
 [48]
 [55]
 [46]
 [57]
 [52]
 [51]
 [50]
 [52]
 [52]
 [57]
 [57]
 [57]
 [57]
 [57]
 [57]
 [53]
 [45]
 [49]] 
------------------------ Dataset: Yii ------------------------
shape: (33, 1), dtype: uint16
Data:[[54]
 [53]
 [50]
 [51]
 [46]
 [55]
 [55]
 [48]
 [48]
 [52]
 [55]
 [45]
 [48]
 [32]
 [54]
 [53]
 [50]
 [51]
 [46]
 [55]
 [55]
 [52]
 [49]
 [55]
 [51]
 [57]
 [57]
 [57]
 [57]
 [57]
 [57]
 [45]
 [49]] 
------------------------ Dataset: Yij ------------------------
shape: (33, 1), dtype: uint16
Data:[[54]
 [48]
 [49]
 [57]
 [46]
 [51]
 [52]
 [49]
 [55]
 [50]
 [55]
 [57]
 [57]
 [57]
 [57]
 [57]
 [57]
 [45]
 [48]
 [32]
 [54]
 [48]
 [49]
 [57]
 [46]
 [51]
 [52]
 [53]
 [56]
 [48]
 [52]
 [45]
 [49]] 
------------------------ Dataset: Yik ------------------------
shape: (19, 1), dtype: uint16
Data:[[54]
 [48]
 [51]
 [53]
 [46]
 [49]
 [52]
 [55]
 [49]
 [57]
 [57]
 [57]
 [57]
 [57]
 [57]
 [57]
 [57]
 [45]
 [48]] 
------------------------ Dataset: Yil ------------------------
shape: (26, 1), dtype: uint16
Data:[[54]
 [48]
 [53]
 [48]
 [46]
 [55]
 [54]
 [57]
 [57]
 [48]
 [57]
 [45]
 [48]
 [32]
 [54]
 [48]
 [53]
 [48]
 [46]
 [55]
 [55]
 [51]
 [56]
 [49]
 [45]
 [49]] 
------------------------ Dataset: Yim ------------------------
shape: (33, 1), dtype: uint16
Data:[[54]
 [48]
 [54]
 [54]
 [46]
 [54]
 [54]
 [56]
 [53]
 [55]
 [51]
 [57]
 [57]
 [57]
 [57]
 [57]
 [57]
 [45]
 [48]
 [32]
 [54]
 [48]
 [54]
 [54]
 [46]
 [54]
 [56]
 [48]
 [51]
 [56]
 [49]
 [45]
 [49]] 
------------------------ Dataset: Yin ------------------------
shape: (34, 1), dtype: uint16
Data:[[54]
 [48]
 [56]
 [50]
 [46]
 [53]
 [56]
 [53]
 [57]
 [51]
 [57]
 [45]
 [48]
 [32]
 [54]
 [48]
 [56]
 [50]
 [46]
 [53]
 [56]
 [57]
 [56]
 [55]
 [57]
 [57]
 [57]
 [57]
 [57]
 [57]
 [57]
 [53]
 [45]
 [49]] 
------------------------ Dataset: Yio ------------------------
shape: (33, 1), dtype: uint16
Data:[[53]
 [54]
 [52]
 [51]
 [46]
 [50]
 [57]
 [51]
 [54]
 [51]
 [53]
 [57]
 [57]
 [57]
 [57]
 [57]
 [57]
 [45]
 [48]
 [32]
 [53]
 [54]
 [52]
 [51]
 [46]
 [50]
 [56]
 [57]
 [56]
 [55]
 [56]
 [45]
 [49]] 
------------------------ Dataset: Yip ------------------------
shape: (33, 1), dtype: uint16
Data:[[53]
 [54]
 [53]
 [57]
 [46]
 [48]
 [51]
 [52]
 [56]
 [57]
 [48]
 [57]
 [57]
 [57]
 [57]
 [57]
 [57]
 [45]
 [48]
 [32]
 [53]
 [54]
 [53]
 [57]
 [46]
 [48]
 [50]
 [57]
 [53]
 [49]
 [57]
 [45]
 [49]] 
------------------------ Dataset: Yiq ------------------------
shape: (33, 1), dtype: uint16
Data:[[53]
 [54]
 [55]
 [52]
 [46]
 [55]
 [51]
 [56]
 [56]
 [55]
 [49]
 [45]
 [48]
 [32]
 [53]
 [54]
 [55]
 [52]
 [46]
 [55]
 [52]
 [53]
 [57]
 [48]
 [51]
 [57]
 [57]
 [57]
 [57]
 [57]
 [57]
 [45]
 [49]] 
------------------------ Dataset: Yir ------------------------
shape: (27, 1), dtype: uint16
Data:[[53]
 [54]
 [57]
 [48]
 [46]
 [53]
 [50]
 [50]
 [52]
 [56]
 [52]
 [45]
 [48]
 [32]
 [53]
 [54]
 [57]
 [48]
 [46]
 [53]
 [49]
 [57]
 [49]
 [48]
 [49]
 [45]
 [49]] 
------------------------ Dataset: Yis ------------------------
shape: (32, 1), dtype: uint16
Data:[[54]
 [52]
 [49]
 [51]
 [46]
 [55]
 [56]
 [57]
 [56]
 [57]
 [45]
 [48]
 [32]
 [54]
 [52]
 [49]
 [51]
 [46]
 [55]
 [57]
 [52]
 [48]
 [54]
 [50]
 [57]
 [57]
 [57]
 [57]
 [57]
 [57]
 [45]
 [49]] 
------------------------ Dataset: Yit ------------------------
shape: (27, 1), dtype: uint16
Data:[[54]
 [54]
 [48]
 [53]
 [46]
 [56]
 [54]
 [51]
 [54]
 [50]
 [50]
 [45]
 [48]
 [32]
 [54]
 [54]
 [48]
 [53]
 [46]
 [56]
 [53]
 [54]
 [48]
 [55]
 [50]
 [45]
 [49]] 
------------------------ Dataset: Yiu ------------------------
shape: (34, 1), dtype: uint16
Data:[[54]
 [54]
 [50]
 [49]
 [46]
 [56]
 [51]
 [52]
 [49]
 [50]
 [57]
 [45]
 [48]
 [32]
 [54]
 [54]
 [50]
 [49]
 [46]
 [56]
 [51]
 [56]
 [49]
 [52]
 [54]
 [57]
 [57]
 [57]
 [57]
 [57]
 [57]
 [53]
 [45]
 [49]] 
------------------------ Dataset: Yiv ------------------------
shape: (34, 1), dtype: uint16
Data:[[54]
 [54]
 [51]
 [55]
 [46]
 [54]
 [56]
 [50]
 [50]
 [48]
 [49]
 [45]
 [48]
 [32]
 [54]
 [54]
 [51]
 [55]
 [46]
 [54]
 [56]
 [54]
 [55]
 [49]
 [51]
 [57]
 [57]
 [57]
 [57]
 [57]
 [57]
 [53]
 [45]
 [49]] 
------------------------ Dataset: Yiw ------------------------
shape: (39, 1), dtype: uint16
Data:[[54]
 [54]
 [53]
 [51]
 [46]
 [50]
 [55]
 [48]
 [50]
 [55]
 [53]
 [57]
 [57]
 [57]
 [57]
 [57]
 [57]
 [45]
 [48]
 [32]
 [54]
 [54]
 [53]
 [51]
 [46]
 [50]
 [55]
 [52]
 [49]
 [53]
 [50]
 [57]
 [57]
 [57]
 [57]
 [57]
 [57]
 [45]
 [49]] 
------------------------ Dataset: Yix ------------------------
shape: (12, 1), dtype: uint16
Data:[[54]
 [54]
 [54]
 [57]
 [46]
 [49]
 [53]
 [49]
 [49]
 [49]
 [45]
 [48]] 
------------------------ Dataset: Yiy ------------------------
shape: (33, 1), dtype: uint16
Data:[[54]
 [54]
 [56]
 [53]
 [46]
 [48]
 [54]
 [51]
 [51]
 [50]
 [50]
 [45]
 [48]
 [32]
 [54]
 [54]
 [56]
 [53]
 [46]
 [48]
 [54]
 [55]
 [54]
 [51]
 [49]
 [57]
 [57]
 [57]
 [57]
 [57]
 [57]
 [45]
 [49]] 
------------------------ Dataset: Yiz ------------------------
shape: (27, 1), dtype: uint16
Data:[[53]
 [57]
 [48]
 [50]
 [46]
 [57]
 [56]
 [54]
 [49]
 [48]
 [53]
 [45]
 [48]
 [32]
 [53]
 [57]
 [48]
 [50]
 [46]
 [57]
 [56]
 [57]
 [55]
 [55]
 [56]
 [45]
 [49]] 
------------------------ Dataset: Yj ------------------------

shape: (1, 6), dtype: uint32
Data:[[3707764736          2          1          1        533          1]] 
------------------------ Dataset: Zib ------------------------
shape: (33, 1), dtype: uint16
Data:[[54]
 [55]
 [54]
 [54]
 [46]
 [55]
 [54]
 [53]
 [53]
 [52]
 [55]
 [45]
 [48]
 [32]
 [54]
 [55]
 [54]
 [54]
 [46]
 [55]
 [54]
 [56]
 [56]
 [49]
 [57]
 [57]
 [57]
 [57]
 [57]
 [57]
 [57]
 [45]
 [49]] 
------------------------ Dataset: Zic ------------------------
shape: (27, 1), dtype: uint16
Data:[[54]
 [50]
 [55]
 [57]
 [46]
 [53]
 [54]
 [49]
 [56]
 [51]
 [49]
 [45]
 [48]
 [32]
 [54]
 [50]
 [55]
 [57]
 [46]
 [53]
 [54]
 [53]
 [56]
 [55]
 [49]
 [45]
 [49]] 
------------------------ Dataset: Zid ------------------------
shape: (27, 1), dtype: uint16
Data:[[54]
 [50]
 [57]
 [53]
 [46]
 [51]
 [51]
 [51]
 [56]
 [51]
 [54]
 [45]
 [48]
 [32]
 [54]
 [50]
 [57]
 [53]
 [46]
 [51]
 [51]
 [51]
 [56]
 [52]
 [50]
 [45]
 [49]] 
------------------------ Dataset: Zie ------------------------
shape: (34, 1), dtype: uint16
Data:[[54]
 [51]
 [49]
 [49]
 [46]
 [49]
 [53]
 [55]
 [56]
 [57]
 [55]
 [57]
 [57]
 [57]
 [57]
 [57]
 [57]
 [53]
 [45]
 [48]
 [32]
 [54]
 [51]
 [49]
 [49]
 [46]
 [49]
 [54]
 [51]
 [49]
 [51]
 [54]
 [45]
 [49]] 
------------------------ Dataset: Zif ------------------------
shape: (32, 1), dtype: uint16
Data:[[54]
 [51]
 [50]
 [55]
 [46]
 [48]
 [51]
 [55]
 [56]
 [49]
 [48]
 [57]
 [57]
 [57]
 [57]
 [57]
 [57]
 [45]
 [48]
 [32]
 [54]
 [51]
 [50]
 [55]
 [46]
 [48]
 [51]
 [51]
 [57]
 [49]
 [45]
 [49]] 
------------------------ Dataset: Zig ------------------------
shape: (33, 1), dtype: uint16
Data:[[54]
 [51]
 [52]
 [50]
 [46]
 [56]
 [52]
 [53]
 [57]
 [54]
 [52]
 [45]
 [48]
 [32]
 [54]
 [51]
 [52]
 [50]
 [46]
 [56]
 [52]
 [50]
 [52]
 [57]
 [48]
 [57]
 [57]
 [57]
 [57]
 [57]
 [57]
 [45]
 [49]] 
------------------------ Dataset: Zih ------------------------
shape: (27, 1), dtype: uint16
Data:[[54]
 [53]
 [48]
 [55]
 [46]
 [57]
 [52]
 [53]
 [48]
 [55]
 [57]
 [45]
 [48]
 [32]
 [54]
 [53]
 [48]
 [55]
 [46]
 [57]
 [53]
 [48]
 [57]
 [49]
 [57]
 [45]
 [49]] 
------------------------ Dataset: Zii ------------------------
shape: (33, 1), dtype: uint16
Data:[[54]
 [53]
 [50]
 [51]
 [46]
 [55]
 [55]
 [56]
 [48]
 [51]
 [49]
 [45]
 [48]
 [32]
 [54]
 [53]
 [50]
 [51]
 [46]
 [55]
 [55]
 [52]
 [49]
 [55]
 [51]
 [57]
 [57]
 [57]
 [57]
 [57]
 [57]
 [45]
 [49]] 
------------------------ Dataset: Zij ------------------------
shape: (33, 1), dtype: uint16
Data:[[54]
 [48]
 [49]
 [57]
 [46]
 [51]
 [52]
 [57]
 [56]
 [48]
 [48]
 [57]
 [57]
 [57]
 [57]
 [57]
 [57]
 [45]
 [48]
 [32]
 [54]
 [48]
 [49]
 [57]
 [46]
 [51]
 [52]
 [53]
 [56]
 [48]
 [52]
 [45]
 [49]] 
------------------------ Dataset: Zik ------------------------
shape: (33, 1), dtype: uint16
Data:[[54]
 [48]
 [51]
 [53]
 [46]
 [49]
 [54]
 [55]
 [52]
 [49]
 [56]
 [57]
 [57]
 [57]
 [57]
 [57]
 [57]
 [45]
 [48]
 [32]
 [54]
 [48]
 [51]
 [53]
 [46]
 [49]
 [54]
 [54]
 [55]
 [56]
 [54]
 [45]
 [49]] 
------------------------ Dataset: Zil ------------------------
shape: (26, 1), dtype: uint16
Data:[[54]
 [48]
 [53]
 [48]
 [46]
 [55]
 [55]
 [55]
 [56]
 [57]
 [57]
 [45]
 [48]
 [32]
 [54]
 [48]
 [53]
 [48]
 [46]
 [55]
 [55]
 [51]
 [56]
 [49]
 [45]
 [49]] 
------------------------ Dataset: Zim ------------------------
shape: (27, 1), dtype: uint16
Data:[[54]
 [48]
 [54]
 [54]
 [46]
 [54]
 [56]
 [48]
 [55]
 [50]
 [55]
 [45]
 [48]
 [32]
 [54]
 [48]
 [54]
 [54]
 [46]
 [54]
 [56]
 [48]
 [51]
 [56]
 [49]
 [45]
 [49]] 
------------------------ Dataset: Zin ------------------------
shape: (40, 1), dtype: uint16
Data:[[54]
 [48]
 [56]
 [50]
 [46]
 [53]
 [57]
 [51]
 [57]
 [51]
 [48]
 [57]
 [57]
 [57]
 [57]
 [57]
 [57]
 [45]
 [48]
 [32]
 [54]
 [48]
 [56]
 [50]
 [46]
 [53]
 [56]
 [57]
 [56]
 [55]
 [57]
 [57]
 [57]
 [57]
 [57]
 [57]
 [57]
 [53]
 [45]
 [49]] 
------------------------ Dataset: Zio ------------------------
shape: (33, 1), dtype: uint16
Data:[[53]
 [54]
 [52]
 [51]
 [46]
 [50]
 [57]
 [51]
 [54]
 [51]
 [53]
 [57]
 [57]
 [57]
 [57]
 [57]
 [57]
 [45]
 [48]
 [32]
 [53]
 [54]
 [52]
 [51]
 [46]
 [50]
 [57]
 [55]
 [53]
 [55]
 [57]
 [45]
 [49]] 
------------------------ Dataset: Zip ------------------------
shape: (33, 1), dtype: uint16
Data:[[53]
 [54]
 [53]
 [57]
 [46]
 [48]
 [51]
 [52]
 [56]
 [57]
 [48]
 [57]
 [57]
 [57]
 [57]
 [57]
 [57]
 [45]
 [48]
 [32]
 [53]
 [54]
 [53]
 [57]
 [46]
 [48]
 [52]
 [50]
 [57]
 [48]
 [51]
 [45]
 [49]] 
------------------------ Dataset: Ziq ------------------------
shape: (39, 1), dtype: uint16
Data:[[53]
 [54]
 [55]
 [52]
 [46]
 [55]
 [52]
 [53]
 [56]
 [50]
 [50]
 [57]
 [57]
 [57]
 [57]
 [57]
 [57]
 [45]
 [48]
 [32]
 [53]
 [54]
 [55]
 [52]
 [46]
 [55]
 [52]
 [53]
 [57]
 [48]
 [51]
 [57]
 [57]
 [57]
 [57]
 [57]
 [57]
 [45]
 [49]] 
------------------------ Dataset: Zir ------------------------
shape: (27, 1), dtype: uint16
Data:[[53]
 [54]
 [57]
 [48]
 [46]
 [53]
 [50]
 [50]
 [52]
 [56]
 [52]
 [45]
 [48]
 [32]
 [53]
 [54]
 [57]
 [48]
 [46]
 [53]
 [50]
 [55]
 [53]
 [55]
 [53]
 [45]
 [49]] 
------------------------ Dataset: Zis ------------------------
shape: (33, 1), dtype: uint16
Data:[[54]
 [52]
 [49]
 [51]
 [46]
 [55]
 [57]
 [56]
 [48]
 [50]
 [49]
 [45]
 [48]
 [32]
 [54]
 [52]
 [49]
 [51]
 [46]
 [55]
 [57]
 [52]
 [48]
 [54]
 [50]
 [57]
 [57]
 [57]
 [57]
 [57]
 [57]
 [45]
 [49]] 
------------------------ Dataset: Zit ------------------------
shape: (27, 1), dtype: uint16
Data:[[54]
 [54]
 [48]
 [53]
 [46]
 [56]
 [54]
 [51]
 [54]
 [50]
 [50]
 [45]
 [48]
 [32]
 [54]
 [54]
 [48]
 [53]
 [46]
 [56]
 [55]
 [48]
 [48]
 [55]
 [50]
 [45]
 [49]] 
------------------------ Dataset: Ziu ------------------------
shape: (34, 1), dtype: uint16
Data:[[54]
 [54]
 [50]
 [49]
 [46]
 [56]
 [52]
 [55]
 [50]
 [52]
 [52]
 [45]
 [48]
 [32]
 [54]
 [54]
 [50]
 [49]
 [46]
 [56]
 [51]
 [56]
 [49]
 [52]
 [54]
 [57]
 [57]
 [57]
 [57]
 [57]
 [57]
 [53]
 [45]
 [49]] 
------------------------ Dataset: Ziv ------------------------
shape: (34, 1), dtype: uint16
Data:[[54]
 [54]
 [51]
 [55]
 [46]
 [54]
 [57]
 [48]
 [49]
 [50]
 [49]
 [45]
 [48]
 [32]
 [54]
 [54]
 [51]
 [55]
 [46]
 [54]
 [56]
 [54]
 [55]
 [49]
 [51]
 [57]
 [57]
 [57]
 [57]
 [57]
 [57]
 [53]
 [45]
 [49]] 
------------------------ Dataset: Ziw ------------------------
shape: (33, 1), dtype: uint16
Data:[[54]
 [54]
 [53]
 [51]
 [46]
 [50]
 [55]
 [56]
 [57]
 [50]
 [51]
 [45]
 [48]
 [32]
 [54]
 [54]
 [53]
 [51]
 [46]
 [50]
 [55]
 [52]
 [49]
 [53]
 [50]
 [57]
 [57]
 [57]
 [57]
 [57]
 [57]
 [45]
 [49]] 
------------------------ Dataset: Zix ------------------------
shape: (13, 1), dtype: uint16
Data:[[54]
 [54]
 [54]
 [57]
 [46]
 [49]
 [53]
 [52]
 [51]
 [56]
 [56]
 [45]
 [49]] 
------------------------ Dataset: Ziy ------------------------
shape: (39, 1), dtype: uint16
Data:[[54]
 [54]
 [56]
 [53]
 [46]
 [48]
 [55]
 [51]
 [55]
 [52]
 [51]
 [57]
 [57]
 [57]
 [57]
 [57]
 [57]
 [45]
 [48]
 [32]
 [54]
 [54]
 [56]
 [53]
 [46]
 [48]
 [54]
 [55]
 [54]
 [51]
 [49]
 [57]
 [57]
 [57]
 [57]
 [57]
 [57]
 [45]
 [49]] 
------------------------ Dataset: Ziz ------------------------
shape: (27, 1), dtype: uint16
Data:[[53]
 [57]
 [48]
 [50]
 [46]
 [57]
 [57]
 [51]
 [54]
 [49]
 [51]
 [45]
 [48]
 [32]
 [53]
 [57]
 [48]
 [50]
 [46]
 [57]
 [56]
 [57]
 [55]
 [55]
 [56]
 [45]
 [49]] 
------------------------ Dataset: Zj ------------------------

shape: (1, 6), dtype: uint32
Data:[[3707764736          2          1          1        534          1]] 
------------------------ Dataset: 1ib ------------------------
shape: (33, 1), dtype: uint16
Data:[[54]
 [55]
 [54]
 [54]
 [46]
 [55]
 [55]
 [48]
 [50]
 [51]
 [55]
 [45]
 [48]
 [32]
 [54]
 [55]
 [54]
 [54]
 [46]
 [55]
 [54]
 [56]
 [56]
 [49]
 [57]
 [57]
 [57]
 [57]
 [57]
 [57]
 [57]
 [45]
 [49]] 
------------------------ Dataset: 1ic ------------------------
shape: (33, 1), dtype: uint16
Data:[[54]
 [50]
 [55]
 [57]
 [46]
 [53]
 [55]
 [48]
 [50]
 [56]
 [48]
 [57]
 [57]
 [57]
 [57]
 [57]
 [57]
 [45]
 [48]
 [32]
 [54]
 [50]
 [55]
 [57]
 [46]
 [53]
 [54]
 [53]
 [56]
 [55]
 [49]
 [45]
 [49]] 
------------------------ Dataset: 1id ------------------------
shape: (27, 1), dtype: uint16
Data:[[54]
 [50]
 [57]
 [53]
 [46]
 [51]
 [52]
 [50]
 [50]
 [56]
 [54]
 [45]
 [48]
 [32]
 [54]
 [50]
 [57]
 [53]
 [46]
 [51]
 [51]
 [51]
 [56]
 [52]
 [50]
 [45]
 [49]] 
------------------------ Dataset: 1ie ------------------------
shape: (27, 1), dtype: uint16
Data:[[54]
 [51]
 [49]
 [49]
 [46]
 [49]
 [54]
 [54]
 [49]
 [53]
 [55]
 [45]
 [48]
 [32]
 [54]
 [51]
 [49]
 [49]
 [46]
 [49]
 [54]
 [51]
 [49]
 [51]
 [54]
 [45]
 [49]] 
------------------------ Dataset: 1if ------------------------
shape: (32, 1), dtype: uint16
Data:[[54]
 [51]
 [50]
 [55]
 [46]
 [48]
 [51]
 [55]
 [56]
 [49]
 [48]
 [57]
 [57]
 [57]
 [57]
 [57]
 [57]
 [45]
 [48]
 [32]
 [54]
 [51]
 [50]
 [55]
 [46]
 [48]
 [52]
 [51]
 [51]
 [49]
 [45]
 [49]] 
------------------------ Dataset: 1ig ------------------------
shape: (34, 1), dtype: uint16
Data:[[54]
 [51]
 [52]
 [50]
 [46]
 [56]
 [52]
 [53]
 [57]
 [54]
 [52]
 [45]
 [48]
 [32]
 [54]
 [51]
 [52]
 [50]
 [46]
 [56]
 [53]
 [48]
 [48]
 [54]
 [57]
 [57]
 [57]
 [57]
 [57]
 [57]
 [57]
 [53]
 [45]
 [49]] 
------------------------ Dataset: 1ih ------------------------
shape: (33, 1), dtype: uint16
Data:[[54]
 [53]
 [48]
 [55]
 [46]
 [57]
 [53]
 [48]
 [56]
 [54]
 [53]
 [57]
 [57]
 [57]
 [57]
 [57]
 [57]
 [45]
 [48]
 [32]
 [54]
 [53]
 [48]
 [55]
 [46]
 [57]
 [53]
 [48]
 [57]
 [49]
 [57]
 [45]
 [49]] 
------------------------ Dataset: 1ii ------------------------
shape: (27, 1), dtype: uint16
Data:[[54]
 [53]
 [50]
 [51]
 [46]
 [55]
 [55]
 [56]
 [48]
 [51]
 [49]
 [45]
 [48]
 [32]
 [54]
 [53]
 [50]
 [51]
 [46]
 [55]
 [56]
 [50]
 [53]
 [54]
 [49]
 [45]
 [49]] 
------------------------ Dataset: 1ij ------------------------
shape: (33, 1), dtype: uint16
Data:[[54]
 [48]
 [49]
 [57]
 [46]
 [51]
 [52]
 [57]
 [56]
 [48]
 [48]
 [57]
 [57]
 [57]
 [57]
 [57]
 [57]
 [45]
 [48]
 [32]
 [54]
 [48]
 [49]
 [57]
 [46]
 [51]
 [53]
 [51]
 [56]
 [48]
 [50]
 [45]
 [49]] 
------------------------ Dataset: 1ik ------------------------
shape: (33, 1), dtype: uint16
Data:[[54]
 [48]
 [51]
 [53]
 [46]
 [49]
 [54]
 [55]
 [52]
 [49]
 [56]
 [57]
 [57]
 [57]
 [57]
 [57]
 [57]
 [45]
 [48]
 [32]
 [54]
 [48]
 [51]
 [53]
 [46]
 [49]
 [55]
 [49]
 [52]
 [54]
 [52]
 [45]
 [49]] 
------------------------ Dataset: 1il ------------------------
shape: (34, 1), dtype: uint16
Data:[[54]
 [48]
 [53]
 [48]
 [46]
 [55]
 [55]
 [55]
 [56]
 [57]
 [57]
 [45]
 [48]
 [32]
 [54]
 [48]
 [53]
 [48]
 [46]
 [55]
 [56]
 [49]
 [55]
 [49]
 [53]
 [57]
 [57]
 [57]
 [57]
 [57]
 [57]
 [53]
 [45]
 [49]] 
------------------------ Dataset: 1im ------------------------
shape: (33, 1), dtype: uint16
Data:[[54]
 [48]
 [54]
 [54]
 [46]
 [54]
 [56]
 [48]
 [55]
 [50]
 [55]
 [45]
 [48]
 [32]
 [54]
 [48]
 [54]
 [54]
 [46]
 [54]
 [56]
 [52]
 [55]
 [54]
 [50]
 [57]
 [57]
 [57]
 [57]
 [57]
 [57]
 [45]
 [49]] 
------------------------ Dataset: 1in ------------------------
shape: (33, 1), dtype: uint16
Data:[[54]
 [48]
 [56]
 [50]
 [46]
 [53]
 [57]
 [51]
 [57]
 [51]
 [48]
 [57]
 [57]
 [57]
 [57]
 [57]
 [57]
 [45]
 [48]
 [32]
 [54]
 [48]
 [56]
 [50]
 [46]
 [53]
 [57]
 [56]
 [49]
 [55]
 [50]
 [45]
 [49]] 
------------------------ Dataset: 1io ------------------------
shape: (27, 1), dtype: uint16
Data:[[53]
 [54]
 [52]
 [51]
 [46]
 [51]
 [48]
 [49]
 [54]
 [48]
 [56]
 [45]
 [48]
 [32]
 [53]
 [54]
 [52]
 [51]
 [46]
 [50]
 [57]
 [55]
 [53]
 [55]
 [57]
 [45]
 [49]] 
------------------------ Dataset: 1ip ------------------------
shape: (34, 1), dtype: uint16
Data:[[53]
 [54]
 [53]
 [57]
 [46]
 [48]
 [52]
 [54]
 [48]
 [57]
 [54]
 [57]
 [57]
 [57]
 [57]
 [57]
 [57]
 [53]
 [45]
 [48]
 [32]
 [53]
 [54]
 [53]
 [57]
 [46]
 [48]
 [52]
 [50]
 [57]
 [48]
 [51]
 [45]
 [49]] 
------------------------ Dataset: 1iq ------------------------
shape: (32, 1), dtype: uint16
Data:[[53]
 [54]
 [55]
 [52]
 [46]
 [55]
 [53]
 [51]
 [53]
 [55]
 [45]
 [48]
 [32]
 [53]
 [54]
 [55]
 [52]
 [46]
 [55]
 [52]
 [53]
 [57]
 [48]
 [51]
 [57]
 [57]
 [57]
 [57]
 [57]
 [57]
 [45]
 [49]] 
------------------------ Dataset: 1ir ------------------------
shape: (27, 1), dtype: uint16
Data:[[53]
 [54]
 [57]
 [48]
 [46]
 [53]
 [51]
 [48]
 [50]
 [48]
 [49]
 [45]
 [48]
 [32]
 [53]
 [54]
 [57]
 [48]
 [46]
 [53]
 [50]
 [55]
 [53]
 [55]
 [53]
 [45]
 [49]] 
------------------------ Dataset: 1is ------------------------
shape: (33, 1), dtype: uint16
Data:[[54]
 [52]
 [49]
 [51]
 [46]
 [55]
 [57]
 [56]
 [48]
 [50]
 [49]
 [45]
 [48]
 [32]
 [54]
 [52]
 [49]
 [51]
 [46]
 [56]
 [48]
 [49]
 [56]
 [56]
 [48]
 [57]
 [57]
 [57]
 [57]
 [57]
 [57]
 [45]
 [49]] 
------------------------ Dataset: 1it ------------------------
shape: (27, 1), dtype: uint16
Data:[[54]
 [54]
 [48]
 [53]
 [46]
 [56]
 [56]
 [53]
 [55]
 [52]
 [51]
 [45]
 [48]
 [32]
 [54]
 [54]
 [48]
 [53]
 [46]
 [56]
 [55]
 [48]
 [48]
 [55]
 [50]
 [45]
 [49]] 
------------------------ Dataset: 1iu ------------------------
shape: (33, 1), dtype: uint16
Data:[[54]
 [54]
 [50]
 [49]
 [46]
 [56]
 [52]
 [55]
 [50]
 [52]
 [52]
 [45]
 [48]
 [32]
 [54]
 [54]
 [50]
 [49]
 [46]
 [56]
 [52]
 [55]
 [52]
 [52]
 [49]
 [57]
 [57]
 [57]
 [57]
 [57]
 [57]
 [45]
 [49]] 
------------------------ Dataset: 1iv ------------------------
shape: (27, 1), dtype: uint16
Data:[[54]
 [54]
 [51]
 [55]
 [46]
 [54]
 [57]
 [48]
 [49]
 [50]
 [49]
 [45]
 [48]
 [32]
 [54]
 [54]
 [51]
 [55]
 [46]
 [54]
 [57]
 [52]
 [49]
 [53]
 [50]
 [45]
 [49]] 
------------------------ Dataset: 1iw ------------------------
shape: (34, 1), dtype: uint16
Data:[[54]
 [54]
 [53]
 [51]
 [46]
 [50]
 [55]
 [56]
 [57]
 [50]
 [51]
 [45]
 [48]
 [32]
 [54]
 [54]
 [53]
 [51]
 [46]
 [50]
 [56]
 [50]
 [49]
 [53]
 [51]
 [57]
 [57]
 [57]
 [57]
 [57]
 [57]
 [53]
 [45]
 [49]] 
------------------------ Dataset: 1ix ------------------------
shape: (13, 1), dtype: uint16
Data:[[54]
 [54]
 [54]
 [57]
 [46]
 [49]
 [53]
 [56]
 [49]
 [50]
 [53]
 [45]
 [48]] 
------------------------ Dataset: 1iy ------------------------
shape: (33, 1), dtype: uint16
Data:[[54]
 [54]
 [56]
 [53]
 [46]
 [48]
 [55]
 [51]
 [55]
 [52]
 [51]
 [57]
 [57]
 [57]
 [57]
 [57]
 [57]
 [45]
 [48]
 [32]
 [54]
 [54]
 [56]
 [53]
 [46]
 [48]
 [55]
 [56]
 [55]
 [53]
 [51]
 [45]
 [49]] 
------------------------ Dataset: 1iz ------------------------
shape: (27, 1), dtype: uint16
Data:[[53]
 [57]
 [48]
 [50]
 [46]
 [57]
 [57]
 [51]
 [54]
 [49]
 [51]
 [45]
 [48]
 [32]
 [53]
 [57]
 [48]
 [50]
 [46]
 [57]
 [57]
 [55]
 [54]
 [48]
 [49]
 [45]
 [49]] 
------------------------ Dataset: 1j ------------------------

shape: (1, 6), dtype: uint32
Data:[[3707764736          2          1          1        535          1]] 
------------------------ Dataset: 2ib ------------------------
shape: (27, 1), dtype: uint16
Data:[[54]
 [55]
 [54]
 [54]
 [46]
 [55]
 [55]
 [48]
 [50]
 [51]
 [55]
 [45]
 [48]
 [32]
 [54]
 [55]
 [54]
 [54]
 [46]
 [55]
 [55]
 [52]
 [49]
 [51]
 [54]
 [45]
 [49]] 
------------------------ Dataset: 2ic ------------------------
shape: (33, 1), dtype: uint16
Data:[[54]
 [50]
 [55]
 [57]
 [46]
 [53]
 [55]
 [48]
 [50]
 [56]
 [48]
 [57]
 [57]
 [57]
 [57]
 [57]
 [57]
 [45]
 [48]
 [32]
 [54]
 [50]
 [55]
 [57]
 [46]
 [53]
 [55]
 [52]
 [53]
 [50]
 [49]
 [45]
 [49]] 
------------------------ Dataset: 2id ------------------------
shape: (33, 1), dtype: uint16
Data:[[54]
 [50]
 [57]
 [53]
 [46]
 [51]
 [52]
 [50]
 [50]
 [56]
 [54]
 [45]
 [48]
 [32]
 [54]
 [50]
 [57]
 [53]
 [46]
 [51]
 [52]
 [50]
 [50]
 [56]
 [51]
 [57]
 [57]
 [57]
 [57]
 [57]
 [57]
 [45]
 [49]] 
------------------------ Dataset: 2ie ------------------------
shape: (27, 1), dtype: uint16
Data:[[54]
 [51]
 [49]
 [49]
 [46]
 [49]
 [54]
 [54]
 [49]
 [53]
 [55]
 [45]
 [48]
 [32]
 [54]
 [51]
 [49]
 [49]
 [46]
 [49]
 [55]
 [51]
 [49]
 [49]
 [49]
 [45]
 [49]] 
------------------------ Dataset: 2if ------------------------
shape: (12, 1), dtype: uint16
Data:[[54]
 [51]
 [50]
 [55]
 [46]
 [48]
 [52]
 [51]
 [51]
 [49]
 [45]
 [49]] 
------------------------ Dataset: 2ig ------------------------
shape: (34, 1), dtype: uint16
Data:[[54]
 [51]
 [52]
 [50]
 [46]
 [56]
 [53]
 [51]
 [57]
 [56]
 [54]
 [45]
 [48]
 [32]
 [54]
 [51]
 [52]
 [50]
 [46]
 [56]
 [53]
 [48]
 [48]
 [54]
 [57]
 [57]
 [57]
 [57]
 [57]
 [57]
 [57]
 [53]
 [45]
 [49]] 
------------------------ Dataset: 2ih ------------------------
shape: (34, 1), dtype: uint16
Data:[[54]
 [53]
 [48]
 [55]
 [46]
 [57]
 [53]
 [54]
 [50]
 [54]
 [51]
 [57]
 [57]
 [57]
 [57]
 [57]
 [57]
 [53]
 [45]
 [48]
 [32]
 [54]
 [53]
 [48]
 [55]
 [46]
 [57]
 [53]
 [48]
 [57]
 [49]
 [57]
 [45]
 [49]] 
------------------------ Dataset: 2ii ------------------------
shape: (33, 1), dtype: uint16
Data:[[54]
 [53]
 [50]
 [51]
 [46]
 [55]
 [56]
 [54]
 [48]
 [52]
 [56]
 [57]
 [57]
 [57]
 [57]
 [57]
 [57]
 [45]
 [48]
 [32]
 [54]
 [53]
 [50]
 [51]
 [46]
 [55]
 [56]
 [50]
 [53]
 [54]
 [49]
 [45]
 [49]] 
------------------------ Dataset: 2ij ------------------------
shape: (27, 1), dtype: uint16
Data:[[54]
 [48]
 [49]
 [57]
 [46]
 [51]
 [53]
 [55]
 [55]
 [55]
 [52]
 [45]
 [48]
 [32]
 [54]
 [48]
 [49]
 [57]
 [46]
 [51]
 [53]
 [51]
 [56]
 [48]
 [50]
 [45]
 [49]] 
------------------------ Dataset: 2ik ------------------------
shape: (27, 1), dtype: uint16
Data:[[54]
 [48]
 [51]
 [53]
 [46]
 [49]
 [55]
 [49]
 [57]
 [52]
 [52]
 [45]
 [48]
 [32]
 [54]
 [48]
 [51]
 [53]
 [46]
 [49]
 [55]
 [49]
 [52]
 [54]
 [52]
 [45]
 [49]] 
------------------------ Dataset: 2il ------------------------
shape: (41, 1), dtype: uint16
Data:[[54]
 [48]
 [53]
 [48]
 [46]
 [55]
 [56]
 [53]
 [55]
 [49]
 [56]
 [57]
 [57]
 [57]
 [57]
 [57]
 [57]
 [53]
 [45]
 [48]
 [32]
 [54]
 [48]
 [53]
 [48]
 [46]
 [55]
 [56]
 [49]
 [55]
 [49]
 [53]
 [57]
 [57]
 [57]
 [57]
 [57]
 [57]
 [53]
 [45]
 [49]] 
------------------------ Dataset: 2im ------------------------
shape: (33, 1), dtype: uint16
Data:[[54]
 [48]
 [54]
 [54]
 [46]
 [54]
 [56]
 [52]
 [51]
 [55]
 [50]
 [45]
 [48]
 [32]
 [54]
 [48]
 [54]
 [54]
 [46]
 [54]
 [56]
 [52]
 [55]
 [54]
 [50]
 [57]
 [57]
 [57]
 [57]
 [57]
 [57]
 [45]
 [49]] 
------------------------ Dataset: 2in ------------------------
shape: (27, 1), dtype: uint16
Data:[[54]
 [48]
 [56]
 [50]
 [46]
 [54]
 [48]
 [49]
 [56]
 [56]
 [49]
 [45]
 [48]
 [32]
 [54]
 [48]
 [56]
 [50]
 [46]
 [53]
 [57]
 [56]
 [49]
 [55]
 [50]
 [45]
 [49]] 
------------------------ Dataset: 2io ------------------------
shape: (33, 1), dtype: uint16
Data:[[53]
 [54]
 [52]
 [51]
 [46]
 [51]
 [48]
 [49]
 [54]
 [48]
 [56]
 [45]
 [48]
 [32]
 [53]
 [54]
 [52]
 [51]
 [46]
 [51]
 [48]
 [53]
 [53]
 [55]
 [49]
 [57]
 [57]
 [57]
 [57]
 [57]
 [57]
 [45]
 [49]] 
------------------------ Dataset: 2ip ------------------------
shape: (34, 1), dtype: uint16
Data:[[53]
 [54]
 [53]
 [57]
 [46]
 [48]
 [52]
 [54]
 [48]
 [57]
 [54]
 [57]
 [57]
 [57]
 [57]
 [57]
 [57]
 [53]
 [45]
 [48]
 [32]
 [53]
 [54]
 [53]
 [57]
 [46]
 [48]
 [53]
 [49]
 [57]
 [56]
 [52]
 [45]
 [49]] 
------------------------ Dataset: 2iq ------------------------
shape: (32, 1), dtype: uint16
Data:[[53]
 [54]
 [55]
 [52]
 [46]
 [55]
 [53]
 [51]
 [53]
 [55]
 [45]
 [48]
 [32]
 [53]
 [54]
 [55]
 [52]
 [46]
 [55]
 [53]
 [48]
 [50]
 [54]
 [48]
 [57]
 [57]
 [57]
 [57]
 [57]
 [57]
 [45]
 [49]] 
------------------------ Dataset: 2ir ------------------------
shape: (34, 1), dtype: uint16
Data:[[53]
 [54]
 [57]
 [48]
 [46]
 [53]
 [51]
 [48]
 [50]
 [48]
 [49]
 [45]
 [48]
 [32]
 [53]
 [54]
 [57]
 [48]
 [46]
 [53]
 [51]
 [52]
 [48]
 [57]
 [56]
 [57]
 [57]
 [57]
 [57]
 [57]
 [57]
 [53]
 [45]
 [49]] 
------------------------ Dataset: 2is ------------------------
shape: (39, 1), dtype: uint16
Data:[[54]
 [52]
 [49]
 [51]
 [46]
 [56]
 [48]
 [53]
 [56]
 [55]
 [53]
 [57]
 [57]
 [57]
 [57]
 [57]
 [57]
 [45]
 [48]
 [32]
 [54]
 [52]
 [49]
 [51]
 [46]
 [56]
 [48]
 [49]
 [56]
 [56]
 [48]
 [57]
 [57]
 [57]
 [57]
 [57]
 [57]
 [45]
 [49]] 
------------------------ Dataset: 2it ------------------------
shape: (27, 1), dtype: uint16
Data:[[54]
 [54]
 [48]
 [53]
 [46]
 [56]
 [56]
 [53]
 [55]
 [52]
 [51]
 [45]
 [48]
 [32]
 [54]
 [54]
 [48]
 [53]
 [46]
 [56]
 [56]
 [49]
 [48]
 [55]
 [51]
 [45]
 [49]] 
------------------------ Dataset: 2iu ------------------------
shape: (39, 1), dtype: uint16
Data:[[54]
 [54]
 [50]
 [49]
 [46]
 [56]
 [53]
 [48]
 [55]
 [52]
 [48]
 [57]
 [57]
 [57]
 [57]
 [57]
 [57]
 [45]
 [48]
 [32]
 [54]
 [54]
 [50]
 [49]
 [46]
 [56]
 [52]
 [55]
 [52]
 [52]
 [49]
 [57]
 [57]
 [57]
 [57]
 [57]
 [57]
 [45]
 [49]] 
------------------------ Dataset: 2iv ------------------------
shape: (33, 1), dtype: uint16
Data:[[54]
 [54]
 [51]
 [55]
 [46]
 [54]
 [57]
 [56]
 [49]
 [48]
 [54]
 [57]
 [57]
 [57]
 [57]
 [57]
 [57]
 [45]
 [48]
 [32]
 [54]
 [54]
 [51]
 [55]
 [46]
 [54]
 [57]
 [52]
 [49]
 [53]
 [50]
 [45]
 [49]] 
------------------------ Dataset: 2iw ------------------------
shape: (34, 1), dtype: uint16
Data:[[54]
 [54]
 [53]
 [51]
 [46]
 [50]
 [56]
 [54]
 [51]
 [52]
 [52]
 [45]
 [48]
 [32]
 [54]
 [54]
 [53]
 [51]
 [46]
 [50]
 [56]
 [50]
 [49]
 [53]
 [51]
 [57]
 [57]
 [57]
 [57]
 [57]
 [57]
 [53]
 [45]
 [49]] 
------------------------ Dataset: 2ix ------------------------
shape: (12, 1), dtype: uint16
Data:[[54]
 [54]
 [54]
 [57]
 [46]
 [49]
 [54]
 [50]
 [49]
 [57]
 [45]
 [49]] 
------------------------ Dataset: 2iy ------------------------
shape: (34, 1), dtype: uint16
Data:[[54]
 [54]
 [56]
 [53]
 [46]
 [48]
 [57]
 [52]
 [48]
 [51]
 [53]
 [57]
 [57]
 [57]
 [57]
 [57]
 [57]
 [53]
 [45]
 [48]
 [32]
 [54]
 [54]
 [56]
 [53]
 [46]
 [48]
 [55]
 [56]
 [55]
 [53]
 [51]
 [45]
 [49]] 
------------------------ Dataset: 2iz ------------------------
shape: (34, 1), dtype: uint16
Data:[[53]
 [57]
 [48]
 [51]
 [46]
 [48]
 [48]
 [49]
 [54]
 [50]
 [51]
 [57]
 [57]
 [57]
 [57]
 [57]
 [57]
 [53]
 [45]
 [48]
 [32]
 [53]
 [57]
 [48]
 [50]
 [46]
 [57]
 [57]
 [55]
 [54]
 [48]
 [49]
 [45]
 [49]] 
------------------------ Dataset: 2j ------------------------

shape: (1, 6), dtype: uint32
Data:[[3707764736          2          1          1        536          1]] 
------------------------ Dataset: 3ib ------------------------
shape: (27, 1), dtype: uint16
Data:[[54]
 [55]
 [54]
 [54]
 [46]
 [55]
 [55]
 [56]
 [50]
 [49]
 [55]
 [45]
 [48]
 [32]
 [54]
 [55]
 [54]
 [54]
 [46]
 [55]
 [55]
 [52]
 [49]
 [51]
 [54]
 [45]
 [49]] 
------------------------ Dataset: 3ic ------------------------
shape: (27, 1), dtype: uint16
Data:[[54]
 [50]
 [55]
 [57]
 [46]
 [53]
 [55]
 [56]
 [48]
 [51]
 [54]
 [45]
 [48]
 [32]
 [54]
 [50]
 [55]
 [57]
 [46]
 [53]
 [55]
 [52]
 [53]
 [50]
 [49]
 [45]
 [49]] 
------------------------ Dataset: 3id ------------------------
shape: (33, 1), dtype: uint16
Data:[[54]
 [50]
 [57]
 [53]
 [46]
 [51]
 [52]
 [50]
 [50]
 [56]
 [54]
 [45]
 [48]
 [32]
 [54]
 [50]
 [57]
 [53]
 [46]
 [51]
 [52]
 [57]
 [56]
 [55]
 [56]
 [57]
 [57]
 [57]
 [57]
 [57]
 [57]
 [45]
 [49]] 
------------------------ Dataset: 3ie ------------------------
shape: (27, 1), dtype: uint16
Data:[[54]
 [51]
 [49]
 [49]
 [46]
 [49]
 [55]
 [51]
 [57]
 [57]
 [52]
 [45]
 [48]
 [32]
 [54]
 [51]
 [49]
 [49]
 [46]
 [49]
 [55]
 [51]
 [49]
 [49]
 [49]
 [45]
 [49]] 
------------------------ Dataset: 3if ------------------------
shape: (39, 1), dtype: uint16
Data:[[54]
 [51]
 [50]
 [55]
 [46]
 [48]
 [54]
 [52]
 [56]
 [54]
 [49]
 [57]
 [57]
 [57]
 [57]
 [57]
 [57]
 [45]
 [48]
 [32]
 [54]
 [51]
 [50]
 [55]
 [46]
 [48]
 [55]
 [54]
 [53]
 [50]
 [49]
 [57]
 [57]
 [57]
 [57]
 [57]
 [57]
 [45]
 [49]] 
------------------------ Dataset: 3ig ------------------------
shape: (26, 1), dtype: uint16
Data:[[54]
 [51]
 [52]
 [50]
 [46]
 [56]
 [53]
 [51]
 [57]
 [56]
 [54]
 [45]
 [48]
 [32]
 [54]
 [51]
 [52]
 [50]
 [46]
 [56]
 [53]
 [56]
 [48]
 [52]
 [45]
 [49]] 
------------------------ Dataset: 3ih ------------------------
shape: (41, 1), dtype: uint16
Data:[[54]
 [53]
 [48]
 [55]
 [46]
 [57]
 [53]
 [54]
 [50]
 [54]
 [51]
 [57]
 [57]
 [57]
 [57]
 [57]
 [57]
 [53]
 [45]
 [48]
 [32]
 [54]
 [53]
 [48]
 [55]
 [46]
 [57]
 [53]
 [55]
 [48]
 [49]
 [48]
 [57]
 [57]
 [57]
 [57]
 [57]
 [57]
 [53]
 [45]
 [49]] 
------------------------ Dataset: 3ii ------------------------
shape: (33, 1), dtype: uint16
Data:[[54]
 [53]
 [50]
 [51]
 [46]
 [55]
 [56]
 [54]
 [48]
 [52]
 [56]
 [57]
 [57]
 [57]
 [57]
 [57]
 [57]
 [45]
 [48]
 [32]
 [54]
 [53]
 [50]
 [51]
 [46]
 [55]
 [57]
 [48]
 [49]
 [48]
 [53]
 [45]
 [49]] 
------------------------ Dataset: 3ij ------------------------
shape: (33, 1), dtype: uint16
Data:[[54]
 [48]
 [49]
 [57]
 [46]
 [51]
 [53]
 [55]
 [55]
 [55]
 [52]
 [45]
 [48]
 [32]
 [54]
 [48]
 [49]
 [57]
 [46]
 [51]
 [54]
 [49]
 [55]
 [55]
 [52]
 [57]
 [57]
 [57]
 [57]
 [57]
 [57]
 [45]
 [49]] 
------------------------ Dataset: 3ik ------------------------
shape: (34, 1), dtype: uint16
Data:[[54]
 [48]
 [51]
 [53]
 [46]
 [49]
 [55]
 [49]
 [57]
 [52]
 [52]
 [45]
 [48]
 [32]
 [54]
 [48]
 [51]
 [53]
 [46]
 [49]
 [55]
 [56]
 [48]
 [52]
 [57]
 [57]
 [57]
 [57]
 [57]
 [57]
 [57]
 [53]
 [45]
 [49]] 
------------------------ Dataset: 3il ------------------------
shape: (34, 1), dtype: uint16
Data:[[54]
 [48]
 [53]
 [48]
 [46]
 [55]
 [56]
 [53]
 [55]
 [49]
 [56]
 [57]
 [57]
 [57]
 [57]
 [57]
 [57]
 [53]
 [45]
 [48]
 [32]
 [54]
 [48]
 [53]
 [48]
 [46]
 [55]
 [56]
 [57]
 [55]
 [56]
 [50]
 [45]
 [49]] 
------------------------ Dataset: 3im ------------------------
shape: (39, 1), dtype: uint16
Data:[[54]
 [48]
 [54]
 [54]
 [46]
 [54]
 [57]
 [48]
 [48]
 [55]
 [57]
 [57]
 [57]
 [57]
 [57]
 [57]
 [57]
 [45]
 [48]
 [32]
 [54]
 [48]
 [54]
 [54]
 [46]
 [54]
 [56]
 [52]
 [55]
 [54]
 [50]
 [57]
 [57]
 [57]
 [57]
 [57]
 [57]
 [45]
 [49]] 
------------------------ Dataset: 3in ------------------------
shape: (33, 1), dtype: uint16
Data:[[54]
 [48]
 [56]
 [50]
 [46]
 [54]
 [48]
 [49]
 [56]
 [56]
 [49]
 [45]
 [48]
 [32]
 [54]
 [48]
 [56]
 [50]
 [46]
 [54]
 [48]
 [57]
 [56]
 [57]
 [51]
 [57]
 [57]
 [57]
 [57]
 [57]
 [57]
 [45]
 [49]] 
------------------------ Dataset: 3io ------------------------
shape: (40, 1), dtype: uint16
Data:[[53]
 [54]
 [52]
 [51]
 [46]
 [51]
 [48]
 [57]
 [55]
 [49]
 [55]
 [57]
 [57]
 [57]
 [57]
 [57]
 [57]
 [53]
 [45]
 [48]
 [32]
 [53]
 [54]
 [52]
 [51]
 [46]
 [51]
 [48]
 [53]
 [53]
 [55]
 [49]
 [57]
 [57]
 [57]
 [57]
 [57]
 [57]
 [45]
 [49]] 
------------------------ Dataset: 3ip ------------------------
shape: (33, 1), dtype: uint16
Data:[[53]
 [54]
 [53]
 [57]
 [46]
 [48]
 [53]
 [52]
 [57]
 [57]
 [49]
 [57]
 [57]
 [57]
 [57]
 [57]
 [57]
 [45]
 [48]
 [32]
 [53]
 [54]
 [53]
 [57]
 [46]
 [48]
 [53]
 [49]
 [57]
 [56]
 [52]
 [45]
 [49]] 
------------------------ Dataset: 3iq ------------------------
shape: (26, 1), dtype: uint16
Data:[[53]
 [54]
 [55]
 [52]
 [46]
 [55]
 [53]
 [51]
 [53]
 [55]
 [45]
 [48]
 [32]
 [53]
 [54]
 [55]
 [52]
 [46]
 [55]
 [53]
 [55]
 [53]
 [55]
 [53]
 [45]
 [49]] 
------------------------ Dataset: 3ir ------------------------
shape: (33, 1), dtype: uint16
Data:[[53]
 [54]
 [57]
 [48]
 [46]
 [53]
 [51]
 [56]
 [48]
 [54]
 [45]
 [48]
 [32]
 [53]
 [54]
 [57]
 [48]
 [46]
 [53]
 [51]
 [52]
 [48]
 [57]
 [56]
 [57]
 [57]
 [57]
 [57]
 [57]
 [57]
 [53]
 [45]
 [49]] 
------------------------ Dataset: 3is ------------------------
shape: (33, 1), dtype: uint16
Data:[[54]
 [52]
 [49]
 [51]
 [46]
 [56]
 [48]
 [53]
 [56]
 [55]
 [53]
 [57]
 [57]
 [57]
 [57]
 [57]
 [57]
 [45]
 [48]
 [32]
 [54]
 [52]
 [49]
 [51]
 [46]
 [56]
 [48]
 [57]
 [57]
 [50]
 [49]
 [45]
 [49]] 
------------------------ Dataset: 3it ------------------------
shape: (33, 1), dtype: uint16
Data:[[54]
 [54]
 [48]
 [53]
 [46]
 [56]
 [56]
 [53]
 [55]
 [52]
 [51]
 [45]
 [48]
 [32]
 [54]
 [54]
 [48]
 [53]
 [46]
 [56]
 [56]
 [55]
 [49]
 [53]
 [49]
 [57]
 [57]
 [57]
 [57]
 [57]
 [57]
 [45]
 [49]] 
------------------------ Dataset: 3iu ------------------------
shape: (39, 1), dtype: uint16
Data:[[54]
 [54]
 [50]
 [49]
 [46]
 [56]
 [53]
 [48]
 [55]
 [52]
 [48]
 [57]
 [57]
 [57]
 [57]
 [57]
 [57]
 [45]
 [48]
 [32]
 [54]
 [54]
 [50]
 [49]
 [46]
 [56]
 [53]
 [52]
 [49]
 [49]
 [50]
 [57]
 [57]
 [57]
 [57]
 [57]
 [57]
 [45]
 [49]] 
------------------------ Dataset: 3iv ------------------------
shape: (39, 1), dtype: uint16
Data:[[54]
 [54]
 [51]
 [55]
 [46]
 [54]
 [57]
 [56]
 [49]
 [48]
 [54]
 [57]
 [57]
 [57]
 [57]
 [57]
 [57]
 [45]
 [48]
 [32]
 [54]
 [54]
 [51]
 [55]
 [46]
 [55]
 [48]
 [50]
 [49]
 [56]
 [50]
 [57]
 [57]
 [57]
 [57]
 [57]
 [57]
 [45]
 [49]] 
------------------------ Dataset: 3iw ------------------------
shape: (27, 1), dtype: uint16
Data:[[54]
 [54]
 [53]
 [51]
 [46]
 [50]
 [56]
 [54]
 [51]
 [52]
 [52]
 [45]
 [48]
 [32]
 [54]
 [54]
 [53]
 [51]
 [46]
 [50]
 [57]
 [48]
 [48]
 [57]
 [49]
 [45]
 [49]] 
------------------------ Dataset: 3ix ------------------------
shape: (19, 1), dtype: uint16
Data:[[54]
 [54]
 [54]
 [57]
 [46]
 [49]
 [54]
 [54]
 [48]
 [56]
 [48]
 [57]
 [57]
 [57]
 [57]
 [57]
 [57]
 [45]
 [48]] 
------------------------ Dataset: 3iy ------------------------
shape: (40, 1), dtype: uint16
Data:[[54]
 [54]
 [56]
 [53]
 [46]
 [48]
 [57]
 [52]
 [48]
 [51]
 [53]
 [57]
 [57]
 [57]
 [57]
 [57]
 [57]
 [53]
 [45]
 [48]
 [32]
 [54]
 [54]
 [56]
 [53]
 [46]
 [48]
 [57]
 [53]
 [48]
 [54]
 [49]
 [57]
 [57]
 [57]
 [57]
 [57]
 [57]
 [45]
 [49]] 
------------------------ Dataset: 3iz ------------------------
shape: (34, 1), dtype: uint16
Data:[[53]
 [57]
 [48]
 [51]
 [46]
 [48]
 [48]
 [49]
 [54]
 [50]
 [51]
 [57]
 [57]
 [57]
 [57]
 [57]
 [57]
 [53]
 [45]
 [48]
 [32]
 [53]
 [57]
 [48]
 [51]
 [46]
 [48]
 [48]
 [53]
 [54]
 [54]
 [51]
 [45]
 [49]] 
------------------------ Dataset: 3j ------------------------

shape: (1, 6), dtype: uint32
Data:[[3707764736          2          1          1        537          1]] 
------------------------ Dataset: 4ib ------------------------
shape: (34, 1), dtype: uint16
Data:[[54]
 [55]
 [54]
 [54]
 [46]
 [55]
 [55]
 [56]
 [50]
 [49]
 [55]
 [45]
 [48]
 [32]
 [54]
 [55]
 [54]
 [54]
 [46]
 [55]
 [56]
 [50]
 [49]
 [54]
 [57]
 [57]
 [57]
 [57]
 [57]
 [57]
 [57]
 [53]
 [45]
 [49]] 
------------------------ Dataset: 4ic ------------------------
shape: (27, 1), dtype: uint16
Data:[[54]
 [50]
 [55]
 [57]
 [46]
 [53]
 [55]
 [56]
 [48]
 [51]
 [54]
 [45]
 [48]
 [32]
 [54]
 [50]
 [55]
 [57]
 [46]
 [53]
 [56]
 [49]
 [57]
 [48]
 [55]
 [45]
 [49]] 
------------------------ Dataset: 4id ------------------------
shape: (39, 1), dtype: uint16
Data:[[54]
 [50]
 [57]
 [53]
 [46]
 [51]
 [52]
 [57]
 [56]
 [55]
 [48]
 [57]
 [57]
 [57]
 [57]
 [57]
 [57]
 [45]
 [48]
 [32]
 [54]
 [50]
 [57]
 [53]
 [46]
 [51]
 [52]
 [57]
 [56]
 [55]
 [56]
 [57]
 [57]
 [57]
 [57]
 [57]
 [57]
 [45]
 [49]] 
------------------------ Dataset: 4ie ------------------------
shape: (33, 1), dtype: uint16
Data:[[54]
 [51]
 [49]
 [49]
 [46]
 [49]
 [55]
 [51]
 [57]
 [57]
 [52]
 [45]
 [48]
 [32]
 [54]
 [51]
 [49]
 [49]
 [46]
 [49]
 [55]
 [56]
 [48]
 [54]
 [50]
 [57]
 [57]
 [57]
 [57]
 [57]
 [57]
 [45]
 [49]] 
------------------------ Dataset: 4if ------------------------
shape: (32, 1), dtype: uint16
Data:[[54]
 [51]
 [50]
 [55]
 [46]
 [48]
 [55]
 [55]
 [48]
 [52]
 [45]
 [48]
 [32]
 [54]
 [51]
 [50]
 [55]
 [46]
 [48]
 [55]
 [54]
 [53]
 [50]
 [49]
 [57]
 [57]
 [57]
 [57]
 [57]
 [57]
 [45]
 [49]] 
------------------------ Dataset: 4ig ------------------------
shape: (26, 1), dtype: uint16
Data:[[54]
 [51]
 [52]
 [50]
 [46]
 [56]
 [54]
 [49]
 [56]
 [53]
 [57]
 [45]
 [48]
 [32]
 [54]
 [51]
 [52]
 [50]
 [46]
 [56]
 [53]
 [56]
 [48]
 [52]
 [45]
 [49]] 
------------------------ Dataset: 4ih ------------------------
shape: (41, 1), dtype: uint16
Data:[[54]
 [53]
 [48]
 [55]
 [46]
 [57]
 [54]
 [50]
 [53]
 [57]
 [48]
 [57]
 [57]
 [57]
 [57]
 [57]
 [57]
 [53]
 [45]
 [48]
 [32]
 [54]
 [53]
 [48]
 [55]
 [46]
 [57]
 [53]
 [55]
 [48]
 [49]
 [48]
 [57]
 [57]
 [57]
 [57]
 [57]
 [57]
 [53]
 [45]
 [49]] 
------------------------ Dataset: 4ii ------------------------
shape: (27, 1), dtype: uint16
Data:[[54]
 [53]
 [50]
 [51]
 [46]
 [55]
 [57]
 [52]
 [54]
 [56]
 [50]
 [45]
 [48]
 [32]
 [54]
 [53]
 [50]
 [51]
 [46]
 [55]
 [57]
 [48]
 [49]
 [48]
 [53]
 [45]
 [49]] 
------------------------ Dataset: 4ij ------------------------
shape: (33, 1), dtype: uint16
Data:[[54]
 [48]
 [49]
 [57]
 [46]
 [51]
 [54]
 [54]
 [49]
 [49]
 [55]
 [45]
 [48]
 [32]
 [54]
 [48]
 [49]
 [57]
 [46]
 [51]
 [54]
 [49]
 [55]
 [55]
 [52]
 [57]
 [57]
 [57]
 [57]
 [57]
 [57]
 [45]
 [49]] 
------------------------ Dataset: 4ik ------------------------
shape: (34, 1), dtype: uint16
Data:[[54]
 [48]
 [51]
 [53]
 [46]
 [49]
 [55]
 [54]
 [54]
 [51]
 [56]
 [45]
 [48]
 [32]
 [54]
 [48]
 [51]
 [53]
 [46]
 [49]
 [55]
 [56]
 [48]
 [52]
 [57]
 [57]
 [57]
 [57]
 [57]
 [57]
 [57]
 [53]
 [45]
 [49]] 
------------------------ Dataset: 4il ------------------------
shape: (33, 1), dtype: uint16
Data:[[54]
 [48]
 [53]
 [48]
 [46]
 [55]
 [57]
 [51]
 [55]
 [54]
 [57]
 [57]
 [57]
 [57]
 [57]
 [57]
 [57]
 [45]
 [48]
 [32]
 [54]
 [48]
 [53]
 [48]
 [46]
 [55]
 [56]
 [57]
 [55]
 [56]
 [50]
 [45]
 [49]] 
------------------------ Dataset: 4im ------------------------
shape: (40, 1), dtype: uint16
Data:[[54]
 [48]
 [54]
 [54]
 [46]
 [54]
 [57]
 [48]
 [48]
 [55]
 [57]
 [57]
 [57]
 [57]
 [57]
 [57]
 [57]
 [45]
 [48]
 [32]
 [54]
 [48]
 [54]
 [54]
 [46]
 [54]
 [56]
 [55]
 [57]
 [48]
 [54]
 [57]
 [57]
 [57]
 [57]
 [57]
 [57]
 [53]
 [45]
 [49]] 
------------------------ Dataset: 4in ------------------------
shape: (33, 1), dtype: uint16
Data:[[54]
 [48]
 [56]
 [50]
 [46]
 [54]
 [48]
 [57]
 [56]
 [54]
 [51]
 [45]
 [48]
 [32]
 [54]
 [48]
 [56]
 [50]
 [46]
 [54]
 [48]
 [57]
 [56]
 [57]
 [51]
 [57]
 [57]
 [57]
 [57]
 [57]
 [57]
 [45]
 [49]] 
------------------------ Dataset: 4io ------------------------
shape: (34, 1), dtype: uint16
Data:[[53]
 [54]
 [52]
 [51]
 [46]
 [51]
 [48]
 [57]
 [55]
 [49]
 [55]
 [57]
 [57]
 [57]
 [57]
 [57]
 [57]
 [53]
 [45]
 [48]
 [32]
 [53]
 [54]
 [52]
 [51]
 [46]
 [51]
 [49]
 [51]
 [56]
 [50]
 [52]
 [45]
 [49]] 
------------------------ Dataset: 4ip ------------------------
shape: (33, 1), dtype: uint16
Data:[[53]
 [54]
 [53]
 [57]
 [46]
 [48]
 [53]
 [52]
 [57]
 [57]
 [49]
 [57]
 [57]
 [57]
 [57]
 [57]
 [57]
 [45]
 [48]
 [32]
 [53]
 [54]
 [53]
 [57]
 [46]
 [48]
 [53]
 [57]
 [54]
 [54]
 [51]
 [45]
 [49]] 
------------------------ Dataset: 4iq ------------------------
shape: (34, 1), dtype: uint16
Data:[[53]
 [54]
 [55]
 [52]
 [46]
 [55]
 [54]
 [49]
 [53]
 [53]
 [53]
 [57]
 [57]
 [57]
 [57]
 [57]
 [57]
 [53]
 [45]
 [48]
 [32]
 [53]
 [54]
 [55]
 [52]
 [46]
 [55]
 [53]
 [55]
 [53]
 [55]
 [53]
 [45]
 [49]] 
------------------------ Dataset: 4ir ------------------------
shape: (32, 1), dtype: uint16
Data:[[53]
 [54]
 [57]
 [48]
 [46]
 [53]
 [51]
 [56]
 [48]
 [54]
 [45]
 [48]
 [32]
 [53]
 [54]
 [57]
 [48]
 [46]
 [53]
 [52]
 [50]
 [48]
 [51]
 [54]
 [57]
 [57]
 [57]
 [57]
 [57]
 [57]
 [45]
 [49]] 
------------------------ Dataset: 4is ------------------------
shape: (27, 1), dtype: uint16
Data:[[54]
 [52]
 [49]
 [51]
 [46]
 [56]
 [49]
 [53]
 [49]
 [56]
 [54]
 [45]
 [48]
 [32]
 [54]
 [52]
 [49]
 [51]
 [46]
 [56]
 [48]
 [57]
 [57]
 [50]
 [49]
 [45]
 [49]] 
------------------------ Dataset: 4it ------------------------
shape: (39, 1), dtype: uint16
Data:[[54]
 [54]
 [48]
 [53]
 [46]
 [56]
 [57]
 [49]
 [55]
 [48]
 [50]
 [57]
 [57]
 [57]
 [57]
 [57]
 [57]
 [45]
 [48]
 [32]
 [54]
 [54]
 [48]
 [53]
 [46]
 [56]
 [56]
 [55]
 [49]
 [53]
 [49]
 [57]
 [57]
 [57]
 [57]
 [57]
 [57]
 [45]
 [49]] 
------------------------ Dataset: 4iu ------------------------
shape: (33, 1), dtype: uint16
Data:[[54]
 [54]
 [50]
 [49]
 [46]
 [56]
 [53]
 [56]
 [48]
 [57]
 [57]
 [45]
 [48]
 [32]
 [54]
 [54]
 [50]
 [49]
 [46]
 [56]
 [53]
 [52]
 [49]
 [49]
 [50]
 [57]
 [57]
 [57]
 [57]
 [57]
 [57]
 [45]
 [49]] 
------------------------ Dataset: 4iv ------------------------
shape: (33, 1), dtype: uint16
Data:[[54]
 [54]
 [51]
 [55]
 [46]
 [55]
 [48]
 [54]
 [52]
 [50]
 [52]
 [45]
 [48]
 [32]
 [54]
 [54]
 [51]
 [55]
 [46]
 [55]
 [48]
 [50]
 [49]
 [56]
 [50]
 [57]
 [57]
 [57]
 [57]
 [57]
 [57]
 [45]
 [49]] 
------------------------ Dataset: 4iw ------------------------
shape: (27, 1), dtype: uint16
Data:[[54]
 [54]
 [53]
 [51]
 [46]
 [50]
 [57]
 [52]
 [50]
 [55]
 [52]
 [45]
 [48]
 [32]
 [54]
 [54]
 [53]
 [51]
 [46]
 [50]
 [57]
 [48]
 [48]
 [57]
 [49]
 [45]
 [49]] 
------------------------ Dataset: 4ix ------------------------
shape: (20, 1), dtype: uint16
Data:[[54]
 [54]
 [54]
 [57]
 [46]
 [49]
 [55]
 [48]
 [49]
 [50]
 [57]
 [57]
 [57]
 [57]
 [57]
 [57]
 [57]
 [53]
 [45]
 [49]] 
------------------------ Dataset: 4iy ------------------------
shape: (32, 1), dtype: uint16
Data:[[54]
 [54]
 [56]
 [53]
 [46]
 [48]
 [57]
 [57]
 [53]
 [50]
 [45]
 [48]
 [32]
 [54]
 [54]
 [56]
 [53]
 [46]
 [48]
 [57]
 [53]
 [48]
 [54]
 [49]
 [57]
 [57]
 [57]
 [57]
 [57]
 [57]
 [45]
 [49]] 
------------------------ Dataset: 4iz ------------------------
shape: (27, 1), dtype: uint16
Data:[[53]
 [57]
 [48]
 [51]
 [46]
 [48]
 [48]
 [57]
 [54]
 [51]
 [51]
 [45]
 [48]
 [32]
 [53]
 [57]
 [48]
 [51]
 [46]
 [48]
 [48]
 [53]
 [54]
 [54]
 [51]
 [45]
 [49]] 
------------------------ Dataset: 4j ------------------------

shape: (1, 6), dtype: uint32
Data:[[3707764736          2          1          1        538          1]] 
------------------------ Dataset: 5ib ------------------------
shape: (40, 1), dtype: uint16
Data:[[54]
 [55]
 [54]
 [54]
 [46]
 [55]
 [56]
 [54]
 [48]
 [57]
 [49]
 [57]
 [57]
 [57]
 [57]
 [57]
 [57]
 [45]
 [48]
 [32]
 [54]
 [55]
 [54]
 [54]
 [46]
 [55]
 [56]
 [50]
 [49]
 [54]
 [57]
 [57]
 [57]
 [57]
 [57]
 [57]
 [57]
 [53]
 [45]
 [49]] 
------------------------ Dataset: 5ic ------------------------
shape: (27, 1), dtype: uint16
Data:[[54]
 [50]
 [55]
 [57]
 [46]
 [53]
 [56]
 [53]
 [56]
 [56]
 [52]
 [45]
 [48]
 [32]
 [54]
 [50]
 [55]
 [57]
 [46]
 [53]
 [56]
 [49]
 [57]
 [48]
 [55]
 [45]
 [49]] 
------------------------ Dataset: 5id ------------------------
shape: (39, 1), dtype: uint16
Data:[[54]
 [50]
 [57]
 [53]
 [46]
 [51]
 [54]
 [49]
 [57]
 [55]
 [53]
 [57]
 [57]
 [57]
 [57]
 [57]
 [57]
 [45]
 [48]
 [32]
 [54]
 [50]
 [57]
 [53]
 [46]
 [51]
 [52]
 [57]
 [56]
 [55]
 [56]
 [57]
 [57]
 [57]
 [57]
 [57]
 [57]
 [45]
 [49]] 
------------------------ Dataset: 5ie ------------------------
shape: (33, 1), dtype: uint16
Data:[[54]
 [51]
 [49]
 [49]
 [46]
 [49]
 [56]
 [49]
 [57]
 [48]
 [56]
 [45]
 [48]
 [32]
 [54]
 [51]
 [49]
 [49]
 [46]
 [49]
 [55]
 [56]
 [48]
 [54]
 [50]
 [57]
 [57]
 [57]
 [57]
 [57]
 [57]
 [45]
 [49]] 
------------------------ Dataset: 5if ------------------------
shape: (26, 1), dtype: uint16
Data:[[54]
 [51]
 [50]
 [55]
 [46]
 [48]
 [55]
 [55]
 [48]
 [52]
 [45]
 [48]
 [32]
 [54]
 [51]
 [50]
 [55]
 [46]
 [48]
 [56]
 [49]
 [48]
 [48]
 [49]
 [45]
 [49]] 
------------------------ Dataset: 5ig ------------------------
shape: (27, 1), dtype: uint16
Data:[[54]
 [51]
 [52]
 [50]
 [46]
 [56]
 [54]
 [49]
 [56]
 [53]
 [57]
 [45]
 [48]
 [32]
 [54]
 [51]
 [52]
 [50]
 [46]
 [56]
 [54]
 [53]
 [57]
 [54]
 [52]
 [45]
 [49]] 
------------------------ Dataset: 5ih ------------------------
shape: (33, 1), dtype: uint16
Data:[[54]
 [53]
 [48]
 [55]
 [46]
 [57]
 [54]
 [50]
 [53]
 [57]
 [48]
 [57]
 [57]
 [57]
 [57]
 [57]
 [57]
 [53]
 [45]
 [48]
 [32]
 [54]
 [53]
 [48]
 [55]
 [46]
 [57]
 [54]
 [50]
 [54]
 [51]
 [45]
 [49]] 
------------------------ Dataset: 5ii ------------------------
shape: (26, 1), dtype: uint16
Data:[[54]
 [53]
 [50]
 [51]
 [46]
 [55]
 [57]
 [52]
 [54]
 [56]
 [50]
 [45]
 [48]
 [32]
 [54]
 [53]
 [50]
 [51]
 [46]
 [55]
 [57]
 [56]
 [48]
 [52]
 [45]
 [49]] 
------------------------ Dataset: 5ij ------------------------
shape: (27, 1), dtype: uint16
Data:[[54]
 [48]
 [49]
 [57]
 [46]
 [51]
 [54]
 [54]
 [49]
 [49]
 [55]
 [45]
 [48]
 [32]
 [54]
 [48]
 [49]
 [57]
 [46]
 [51]
 [54]
 [57]
 [55]
 [56]
 [56]
 [45]
 [49]] 
------------------------ Dataset: 5ik ------------------------
shape: (40, 1), dtype: uint16
Data:[[54]
 [48]
 [51]
 [53]
 [46]
 [49]
 [56]
 [50]
 [48]
 [55]
 [51]
 [57]
 [57]
 [57]
 [57]
 [57]
 [57]
 [45]
 [48]
 [32]
 [54]
 [48]
 [51]
 [53]
 [46]
 [49]
 [55]
 [56]
 [48]
 [52]
 [57]
 [57]
 [57]
 [57]
 [57]
 [57]
 [57]
 [53]
 [45]
 [49]] 
------------------------ Dataset: 5il ------------------------
shape: (33, 1), dtype: uint16
Data:[[54]
 [48]
 [53]
 [48]
 [46]
 [55]
 [57]
 [51]
 [55]
 [54]
 [57]
 [57]
 [57]
 [57]
 [57]
 [57]
 [57]
 [45]
 [48]
 [32]
 [54]
 [48]
 [53]
 [48]
 [46]
 [55]
 [57]
 [55]
 [55]
 [48]
 [52]
 [45]
 [49]] 
------------------------ Dataset: 5im ------------------------
shape: (39, 1), dtype: uint16
Data:[[54]
 [48]
 [54]
 [54]
 [46]
 [54]
 [57]
 [48]
 [48]
 [55]
 [57]
 [57]
 [57]
 [57]
 [57]
 [57]
 [57]
 [45]
 [48]
 [32]
 [54]
 [48]
 [54]
 [54]
 [46]
 [54]
 [57]
 [51]
 [55]
 [55]
 [51]
 [57]
 [57]
 [57]
 [57]
 [57]
 [57]
 [45]
 [49]] 
------------------------ Dataset: 5in ------------------------
shape: (40, 1), dtype: uint16
Data:[[54]
 [48]
 [56]
 [50]
 [46]
 [54]
 [49]
 [57]
 [50]
 [53]
 [57]
 [57]
 [57]
 [57]
 [57]
 [57]
 [57]
 [53]
 [45]
 [48]
 [32]
 [54]
 [48]
 [56]
 [50]
 [46]
 [54]
 [48]
 [57]
 [56]
 [57]
 [51]
 [57]
 [57]
 [57]
 [57]
 [57]
 [57]
 [45]
 [49]] 
------------------------ Dataset: 5io ------------------------
shape: (26, 1), dtype: uint16
Data:[[53]
 [54]
 [52]
 [51]
 [46]
 [51]
 [49]
 [55]
 [55]
 [57]
 [45]
 [48]
 [32]
 [53]
 [54]
 [52]
 [51]
 [46]
 [51]
 [49]
 [51]
 [56]
 [50]
 [52]
 [45]
 [49]] 
------------------------ Dataset: 5ip ------------------------
shape: (27, 1), dtype: uint16
Data:[[53]
 [54]
 [53]
 [57]
 [46]
 [48]
 [54]
 [48]
 [57]
 [51]
 [51]
 [45]
 [48]
 [32]
 [53]
 [54]
 [53]
 [57]
 [46]
 [48]
 [53]
 [57]
 [54]
 [54]
 [51]
 [45]
 [49]] 
------------------------ Dataset: 5iq ------------------------
shape: (41, 1), dtype: uint16
Data:[[53]
 [54]
 [55]
 [52]
 [46]
 [55]
 [54]
 [49]
 [53]
 [53]
 [53]
 [57]
 [57]
 [57]
 [57]
 [57]
 [57]
 [53]
 [45]
 [48]
 [32]
 [53]
 [54]
 [55]
 [52]
 [46]
 [55]
 [54]
 [53]
 [54]
 [55]
 [49]
 [57]
 [57]
 [57]
 [57]
 [57]
 [57]
 [53]
 [45]
 [49]] 
------------------------ Dataset: 5ir ------------------------
shape: (33, 1), dtype: uint16
Data:[[53]
 [54]
 [57]
 [48]
 [46]
 [53]
 [52]
 [53]
 [54]
 [57]
 [55]
 [45]
 [48]
 [32]
 [53]
 [54]
 [57]
 [48]
 [46]
 [53]
 [52]
 [50]
 [48]
 [51]
 [54]
 [57]
 [57]
 [57]
 [57]
 [57]
 [57]
 [45]
 [49]] 
------------------------ Dataset: 5is ------------------------
shape: (27, 1), dtype: uint16
Data:[[54]
 [52]
 [49]
 [51]
 [46]
 [56]
 [49]
 [53]
 [49]
 [56]
 [54]
 [45]
 [48]
 [32]
 [54]
 [52]
 [49]
 [51]
 [46]
 [56]
 [49]
 [56]
 [50]
 [52]
 [52]
 [45]
 [49]] 
------------------------ Dataset: 5it ------------------------
shape: (33, 1), dtype: uint16
Data:[[54]
 [54]
 [48]
 [53]
 [46]
 [56]
 [57]
 [49]
 [55]
 [48]
 [50]
 [57]
 [57]
 [57]
 [57]
 [57]
 [57]
 [45]
 [48]
 [32]
 [54]
 [54]
 [48]
 [53]
 [46]
 [56]
 [57]
 [52]
 [53]
 [54]
 [56]
 [45]
 [49]] 
------------------------ Dataset: 5iu ------------------------
shape: (34, 1), dtype: uint16
Data:[[54]
 [54]
 [50]
 [49]
 [46]
 [56]
 [53]
 [56]
 [48]
 [57]
 [57]
 [45]
 [48]
 [32]
 [54]
 [54]
 [50]
 [49]
 [46]
 [56]
 [54]
 [50]
 [49]
 [53]
 [51]
 [57]
 [57]
 [57]
 [57]
 [57]
 [57]
 [53]
 [45]
 [49]] 
------------------------ Dataset: 5iv ------------------------
shape: (27, 1), dtype: uint16
Data:[[54]
 [54]
 [51]
 [55]
 [46]
 [55]
 [48]
 [54]
 [52]
 [50]
 [52]
 [45]
 [48]
 [32]
 [54]
 [54]
 [51]
 [55]
 [46]
 [55]
 [49]
 [50]
 [48]
 [57]
 [55]
 [45]
 [49]] 
------------------------ Dataset: 5iw ------------------------
shape: (27, 1), dtype: uint16
Data:[[54]
 [54]
 [53]
 [51]
 [46]
 [50]
 [57]
 [52]
 [50]
 [55]
 [52]
 [45]
 [48]
 [32]
 [54]
 [54]
 [53]
 [51]
 [46]
 [50]
 [57]
 [56]
 [48]
 [56]
 [57]
 [45]
 [49]] 
------------------------ Dataset: 5ix ------------------------
shape: (20, 1), dtype: uint16
Data:[[54]
 [54]
 [54]
 [57]
 [46]
 [49]
 [55]
 [56]
 [53]
 [49]
 [57]
 [57]
 [57]
 [57]
 [57]
 [57]
 [57]
 [53]
 [45]
 [48]] 
------------------------ Dataset: 5iy ------------------------
shape: (26, 1), dtype: uint16
Data:[[54]
 [54]
 [56]
 [53]
 [46]
 [48]
 [57]
 [57]
 [53]
 [50]
 [45]
 [48]
 [32]
 [54]
 [54]
 [56]
 [53]
 [46]
 [49]
 [48]
 [48]
 [49]
 [56]
 [57]
 [45]
 [49]] 
------------------------ Dataset: 5iz ------------------------
shape: (27, 1), dtype: uint16
Data:[[53]
 [57]
 [48]
 [51]
 [46]
 [48]
 [48]
 [57]
 [54]
 [51]
 [51]
 [45]
 [48]
 [32]
 [53]
 [57]
 [48]
 [51]
 [46]
 [48]
 [49]
 [51]
 [55]
 [52]
 [50]
 [45]
 [49]] 
------------------------ Dataset: 5j ------------------------

shape: (1, 6), dtype: uint32
Data:[[3707764736          2          1          1        539          1]] 
------------------------ Dataset: 6ib ------------------------
shape: (39, 1), dtype: uint16
Data:[[54]
 [55]
 [54]
 [54]
 [46]
 [55]
 [56]
 [54]
 [48]
 [57]
 [49]
 [57]
 [57]
 [57]
 [57]
 [57]
 [57]
 [45]
 [48]
 [32]
 [54]
 [55]
 [54]
 [54]
 [46]
 [55]
 [57]
 [48]
 [48]
 [54]
 [52]
 [57]
 [57]
 [57]
 [57]
 [57]
 [57]
 [45]
 [49]] 
------------------------ Dataset: 6ic ------------------------
shape: (33, 1), dtype: uint16
Data:[[54]
 [50]
 [55]
 [57]
 [46]
 [53]
 [56]
 [53]
 [56]
 [56]
 [52]
 [45]
 [48]
 [32]
 [54]
 [50]
 [55]
 [57]
 [46]
 [53]
 [57]
 [48]
 [48]
 [50]
 [49]
 [57]
 [57]
 [57]
 [57]
 [57]
 [57]
 [45]
 [49]] 
------------------------ Dataset: 6id ------------------------
shape: (33, 1), dtype: uint16
Data:[[54]
 [50]
 [57]
 [53]
 [46]
 [51]
 [54]
 [49]
 [57]
 [55]
 [53]
 [57]
 [57]
 [57]
 [57]
 [57]
 [57]
 [45]
 [48]
 [32]
 [54]
 [50]
 [57]
 [53]
 [46]
 [51]
 [53]
 [55]
 [56]
 [51]
 [56]
 [45]
 [49]] 
------------------------ Dataset: 6ie ------------------------
shape: (33, 1), dtype: uint16
Data:[[54]
 [51]
 [49]
 [49]
 [46]
 [49]
 [56]
 [49]
 [57]
 [48]
 [56]
 [45]
 [48]
 [32]
 [54]
 [51]
 [49]
 [49]
 [46]
 [49]
 [56]
 [57]
 [56]
 [55]
 [55]
 [57]
 [57]
 [57]
 [57]
 [57]
 [57]
 [45]
 [49]] 
------------------------ Dataset: 6if ------------------------
shape: (26, 1), dtype: uint16
Data:[[54]
 [51]
 [50]
 [55]
 [46]
 [48]
 [56]
 [49]
 [56]
 [52]
 [45]
 [48]
 [32]
 [54]
 [51]
 [50]
 [55]
 [46]
 [48]
 [56]
 [49]
 [48]
 [48]
 [49]
 [45]
 [49]] 
------------------------ Dataset: 6ig ------------------------
shape: (33, 1), dtype: uint16
Data:[[54]
 [51]
 [52]
 [50]
 [46]
 [56]
 [54]
 [57]
 [56]
 [53]
 [56]
 [57]
 [57]
 [57]
 [57]
 [57]
 [57]
 [45]
 [48]
 [32]
 [54]
 [51]
 [52]
 [50]
 [46]
 [56]
 [54]
 [53]
 [57]
 [54]
 [52]
 [45]
 [49]] 
------------------------ Dataset: 6ih ------------------------
shape: (26, 1), dtype: uint16
Data:[[54]
 [53]
 [48]
 [55]
 [46]
 [57]
 [55]
 [48]
 [49]
 [50]
 [56]
 [45]
 [48]
 [32]
 [54]
 [53]
 [48]
 [55]
 [46]
 [57]
 [54]
 [50]
 [54]
 [51]
 [45]
 [49]] 
------------------------ Dataset: 6ii ------------------------
shape: (26, 1), dtype: uint16
Data:[[54]
 [53]
 [50]
 [51]
 [46]
 [56]
 [48]
 [50]
 [48]
 [56]
 [55]
 [45]
 [48]
 [32]
 [54]
 [53]
 [50]
 [51]
 [46]
 [55]
 [57]
 [56]
 [48]
 [52]
 [45]
 [49]] 
------------------------ Dataset: 6ij ------------------------
shape: (27, 1), dtype: uint16
Data:[[54]
 [48]
 [49]
 [57]
 [46]
 [51]
 [55]
 [51]
 [55]
 [55]
 [55]
 [45]
 [48]
 [32]
 [54]
 [48]
 [49]
 [57]
 [46]
 [51]
 [54]
 [57]
 [55]
 [56]
 [56]
 [45]
 [49]] 
------------------------ Dataset: 6ik ------------------------
shape: (33, 1), dtype: uint16
Data:[[54]
 [48]
 [51]
 [53]
 [46]
 [49]
 [56]
 [50]
 [48]
 [55]
 [51]
 [57]
 [57]
 [57]
 [57]
 [57]
 [57]
 [45]
 [48]
 [32]
 [54]
 [48]
 [51]
 [53]
 [46]
 [49]
 [56]
 [54]
 [48]
 [48]
 [49]
 [45]
 [49]] 
------------------------ Dataset: 6il ------------------------
shape: (33, 1), dtype: uint16
Data:[[54]
 [48]
 [53]
 [48]
 [46]
 [56]
 [48]
 [50]
 [53]
 [56]
 [52]
 [57]
 [57]
 [57]
 [57]
 [57]
 [57]
 [45]
 [48]
 [32]
 [54]
 [48]
 [53]
 [48]
 [46]
 [55]
 [57]
 [55]
 [55]
 [48]
 [52]
 [45]
 [49]] 
------------------------ Dataset: 6im ------------------------
shape: (33, 1), dtype: uint16
Data:[[54]
 [48]
 [54]
 [54]
 [46]
 [54]
 [57]
 [55]
 [55]
 [52]
 [54]
 [45]
 [48]
 [32]
 [54]
 [48]
 [54]
 [54]
 [46]
 [54]
 [57]
 [51]
 [55]
 [55]
 [51]
 [57]
 [57]
 [57]
 [57]
 [57]
 [57]
 [45]
 [49]] 
------------------------ Dataset: 6in ------------------------
shape: (34, 1), dtype: uint16
Data:[[54]
 [48]
 [56]
 [50]
 [46]
 [54]
 [49]
 [57]
 [50]
 [53]
 [57]
 [57]
 [57]
 [57]
 [57]
 [57]
 [57]
 [53]
 [45]
 [48]
 [32]
 [54]
 [48]
 [56]
 [50]
 [46]
 [54]
 [49]
 [57]
 [51]
 [56]
 [52]
 [45]
 [49]] 
------------------------ Dataset: 6io ------------------------
shape: (26, 1), dtype: uint16
Data:[[53]
 [54]
 [52]
 [51]
 [46]
 [51]
 [49]
 [55]
 [55]
 [57]
 [45]
 [48]
 [32]
 [53]
 [54]
 [52]
 [51]
 [46]
 [51]
 [50]
 [49]
 [54]
 [56]
 [51]
 [45]
 [49]] 
------------------------ Dataset: 6ip ------------------------
shape: (27, 1), dtype: uint16
Data:[[53]
 [54]
 [53]
 [57]
 [46]
 [48]
 [54]
 [48]
 [57]
 [51]
 [51]
 [45]
 [48]
 [32]
 [53]
 [54]
 [53]
 [57]
 [46]
 [48]
 [54]
 [53]
 [49]
 [53]
 [52]
 [45]
 [49]] 
------------------------ Dataset: 6iq ------------------------
shape: (34, 1), dtype: uint16
Data:[[53]
 [54]
 [55]
 [52]
 [46]
 [55]
 [55]
 [48]
 [54]
 [55]
 [51]
 [45]
 [48]
 [32]
 [53]
 [54]
 [55]
 [52]
 [46]
 [55]
 [54]
 [53]
 [54]
 [55]
 [49]
 [57]
 [57]
 [57]
 [57]
 [57]
 [57]
 [53]
 [45]
 [49]] 
------------------------ Dataset: 6ir ------------------------
shape: (33, 1), dtype: uint16
Data:[[53]
 [54]
 [57]
 [48]
 [46]
 [53]
 [52]
 [53]
 [54]
 [57]
 [55]
 [45]
 [48]
 [32]
 [53]
 [54]
 [57]
 [48]
 [46]
 [53]
 [52]
 [57]
 [54]
 [48]
 [52]
 [57]
 [57]
 [57]
 [57]
 [57]
 [57]
 [45]
 [49]] 
------------------------ Dataset: 6is ------------------------
shape: (33, 1), dtype: uint16
Data:[[54]
 [52]
 [49]
 [51]
 [46]
 [56]
 [50]
 [49]
 [56]
 [57]
 [55]
 [57]
 [57]
 [57]
 [57]
 [57]
 [57]
 [45]
 [48]
 [32]
 [54]
 [52]
 [49]
 [51]
 [46]
 [56]
 [49]
 [56]
 [50]
 [52]
 [52]
 [45]
 [49]] 
------------------------ Dataset: 6it ------------------------
shape: (33, 1), dtype: uint16
Data:[[54]
 [54]
 [48]
 [53]
 [46]
 [56]
 [57]
 [56]
 [50]
 [57]
 [53]
 [57]
 [57]
 [57]
 [57]
 [57]
 [57]
 [45]
 [48]
 [32]
 [54]
 [54]
 [48]
 [53]
 [46]
 [56]
 [57]
 [52]
 [53]
 [54]
 [56]
 [45]
 [49]] 
------------------------ Dataset: 6iu ------------------------
shape: (40, 1), dtype: uint16
Data:[[54]
 [54]
 [50]
 [49]
 [46]
 [56]
 [54]
 [54]
 [56]
 [51]
 [53]
 [57]
 [57]
 [57]
 [57]
 [57]
 [57]
 [45]
 [48]
 [32]
 [54]
 [54]
 [50]
 [49]
 [46]
 [56]
 [54]
 [50]
 [49]
 [53]
 [51]
 [57]
 [57]
 [57]
 [57]
 [57]
 [57]
 [53]
 [45]
 [49]] 
------------------------ Dataset: 6iv ------------------------
shape: (33, 1), dtype: uint16
Data:[[54]
 [54]
 [51]
 [55]
 [46]
 [55]
 [49]
 [52]
 [51]
 [56]
 [55]
 [57]
 [57]
 [57]
 [57]
 [57]
 [57]
 [45]
 [48]
 [32]
 [54]
 [54]
 [51]
 [55]
 [46]
 [55]
 [49]
 [50]
 [48]
 [57]
 [55]
 [45]
 [49]] 
------------------------ Dataset: 6iw ------------------------
shape: (27, 1), dtype: uint16
Data:[[54]
 [54]
 [53]
 [51]
 [46]
 [51]
 [48]
 [56]
 [56]
 [50]
 [50]
 [45]
 [48]
 [32]
 [54]
 [54]
 [53]
 [51]
 [46]
 [50]
 [57]
 [56]
 [48]
 [56]
 [57]
 [45]
 [49]] 
------------------------ Dataset: 6ix ------------------------
shape: (19, 1), dtype: uint16
Data:[[54]
 [54]
 [54]
 [57]
 [46]
 [49]
 [55]
 [56]
 [56]
 [48]
 [54]
 [57]
 [57]
 [57]
 [57]
 [57]
 [57]
 [45]
 [49]] 
------------------------ Dataset: 6iy ------------------------
shape: (33, 1), dtype: uint16
Data:[[54]
 [54]
 [56]
 [53]
 [46]
 [49]
 [48]
 [52]
 [50]
 [56]
 [57]
 [57]
 [57]
 [57]
 [57]
 [57]
 [57]
 [45]
 [48]
 [32]
 [54]
 [54]
 [56]
 [53]
 [46]
 [49]
 [48]
 [48]
 [49]
 [56]
 [57]
 [45]
 [49]] 
------------------------ Dataset: 6iz ------------------------
shape: (27, 1), dtype: uint16
Data:[[53]
 [57]
 [48]
 [51]
 [46]
 [48]
 [49]
 [55]
 [54]
 [56]
 [50]
 [45]
 [48]
 [32]
 [53]
 [57]
 [48]
 [51]
 [46]
 [48]
 [49]
 [51]
 [55]
 [52]
 [50]
 [45]
 [49]] 
------------------------ Dataset: 6j ------------------------

shape: (1, 6), dtype: uint32
Data:[[3707764736          2          1          1        540          1]] 
------------------------ Dataset: 7ib ------------------------
shape: (33, 1), dtype: uint16
Data:[[54]
 [55]
 [54]
 [54]
 [46]
 [55]
 [57]
 [52]
 [49]
 [49]
 [51]
 [45]
 [48]
 [32]
 [54]
 [55]
 [54]
 [54]
 [46]
 [55]
 [57]
 [48]
 [48]
 [54]
 [52]
 [57]
 [57]
 [57]
 [57]
 [57]
 [57]
 [45]
 [49]] 
------------------------ Dataset: 7ic ------------------------
shape: (39, 1), dtype: uint16
Data:[[54]
 [50]
 [55]
 [57]
 [46]
 [53]
 [57]
 [51]
 [57]
 [56]
 [49]
 [57]
 [57]
 [57]
 [57]
 [57]
 [57]
 [45]
 [48]
 [32]
 [54]
 [50]
 [55]
 [57]
 [46]
 [53]
 [57]
 [48]
 [48]
 [50]
 [49]
 [57]
 [57]
 [57]
 [57]
 [57]
 [57]
 [45]
 [49]] 
------------------------ Dataset: 7id ------------------------
shape: (33, 1), dtype: uint16
Data:[[54]
 [50]
 [57]
 [53]
 [46]
 [51]
 [54]
 [49]
 [57]
 [55]
 [53]
 [57]
 [57]
 [57]
 [57]
 [57]
 [57]
 [45]
 [48]
 [32]
 [54]
 [50]
 [57]
 [53]
 [46]
 [51]
 [54]
 [53]
 [57]
 [52]
 [54]
 [45]
 [49]] 
------------------------ Dataset: 7ie ------------------------
shape: (33, 1), dtype: uint16
Data:[[54]
 [51]
 [49]
 [49]
 [46]
 [49]
 [56]
 [57]
 [56]
 [53]
 [49]
 [45]
 [48]
 [32]
 [54]
 [51]
 [49]
 [49]
 [46]
 [49]
 [56]
 [57]
 [56]
 [55]
 [55]
 [57]
 [57]
 [57]
 [57]
 [57]
 [57]
 [45]
 [49]] 
------------------------ Dataset: 7if ------------------------
shape: (26, 1), dtype: uint16
Data:[[54]
 [51]
 [50]
 [55]
 [46]
 [48]
 [56]
 [49]
 [56]
 [52]
 [45]
 [48]
 [32]
 [54]
 [51]
 [50]
 [55]
 [46]
 [48]
 [56]
 [54]
 [52]
 [49]
 [56]
 [45]
 [49]] 
------------------------ Dataset: 7ig ------------------------
shape: (31, 1), dtype: uint16
Data:[[54]
 [51]
 [52]
 [50]
 [46]
 [56]
 [54]
 [57]
 [56]
 [53]
 [56]
 [57]
 [57]
 [57]
 [57]
 [57]
 [57]
 [45]
 [48]
 [32]
 [54]
 [51]
 [52]
 [50]
 [46]
 [56]
 [55]
 [51]
 [57]
 [45]
 [49]] 
------------------------ Dataset: 7ih ------------------------
shape: (27, 1), dtype: uint16
Data:[[54]
 [53]
 [48]
 [55]
 [46]
 [57]
 [55]
 [48]
 [49]
 [50]
 [56]
 [45]
 [48]
 [32]
 [54]
 [53]
 [48]
 [55]
 [46]
 [57]
 [54]
 [56]
 [52]
 [57]
 [53]
 [45]
 [49]] 
------------------------ Dataset: 7ii ------------------------
shape: (27, 1), dtype: uint16
Data:[[54]
 [53]
 [50]
 [51]
 [46]
 [56]
 [48]
 [50]
 [48]
 [56]
 [55]
 [45]
 [48]
 [32]
 [54]
 [53]
 [50]
 [51]
 [46]
 [56]
 [48]
 [54]
 [49]
 [51]
 [56]
 [45]
 [49]] 
------------------------ Dataset: 7ij ------------------------
shape: (27, 1), dtype: uint16
Data:[[54]
 [48]
 [49]
 [57]
 [46]
 [51]
 [55]
 [51]
 [55]
 [55]
 [55]
 [45]
 [48]
 [32]
 [54]
 [48]
 [49]
 [57]
 [46]
 [51]
 [55]
 [55]
 [56]
 [56]
 [50]
 [45]
 [49]] 
------------------------ Dataset: 7ik ------------------------
shape: (27, 1), dtype: uint16
Data:[[54]
 [48]
 [51]
 [53]
 [46]
 [49]
 [56]
 [57]
 [57]
 [53]
 [50]
 [45]
 [48]
 [32]
 [54]
 [48]
 [51]
 [53]
 [46]
 [49]
 [56]
 [54]
 [48]
 [48]
 [49]
 [45]
 [49]] 
------------------------ Dataset: 7il ------------------------
shape: (40, 1), dtype: uint16
Data:[[54]
 [48]
 [53]
 [48]
 [46]
 [56]
 [48]
 [50]
 [53]
 [56]
 [52]
 [57]
 [57]
 [57]
 [57]
 [57]
 [57]
 [45]
 [48]
 [32]
 [54]
 [48]
 [53]
 [48]
 [46]
 [56]
 [48]
 [53]
 [56]
 [48]
 [48]
 [57]
 [57]
 [57]
 [57]
 [57]
 [57]
 [53]
 [45]
 [49]] 
------------------------ Dataset: 7im ------------------------
shape: (27, 1), dtype: uint16
Data:[[54]
 [48]
 [54]
 [54]
 [46]
 [54]
 [57]
 [55]
 [55]
 [52]
 [54]
 [45]
 [48]
 [32]
 [54]
 [48]
 [54]
 [54]
 [46]
 [55]
 [48]
 [49]
 [57]
 [56]
 [56]
 [45]
 [49]] 
------------------------ Dataset: 7in ------------------------
shape: (27, 1), dtype: uint16
Data:[[54]
 [48]
 [56]
 [50]
 [46]
 [54]
 [51]
 [48]
 [55]
 [50]
 [52]
 [45]
 [48]
 [32]
 [54]
 [48]
 [56]
 [50]
 [46]
 [54]
 [49]
 [57]
 [51]
 [56]
 [52]
 [45]
 [49]] 
------------------------ Dataset: 7io ------------------------
shape: (33, 1), dtype: uint16
Data:[[53]
 [54]
 [52]
 [51]
 [46]
 [51]
 [50]
 [54]
 [52]
 [53]
 [49]
 [57]
 [57]
 [57]
 [57]
 [57]
 [57]
 [45]
 [48]
 [32]
 [53]
 [54]
 [52]
 [51]
 [46]
 [51]
 [50]
 [49]
 [54]
 [56]
 [51]
 [45]
 [49]] 
------------------------ Dataset: 7ip ------------------------
shape: (34, 1), dtype: uint16
Data:[[53]
 [54]
 [53]
 [57]
 [46]
 [48]
 [54]
 [54]
 [51]
 [53]
 [48]
 [57]
 [57]
 [57]
 [57]
 [57]
 [57]
 [53]
 [45]
 [48]
 [32]
 [53]
 [54]
 [53]
 [57]
 [46]
 [48]
 [54]
 [53]
 [49]
 [53]
 [52]
 [45]
 [49]] 
------------------------ Dataset: 7iq ------------------------
shape: (27, 1), dtype: uint16
Data:[[53]
 [54]
 [55]
 [52]
 [46]
 [55]
 [55]
 [48]
 [54]
 [55]
 [51]
 [45]
 [48]
 [32]
 [53]
 [54]
 [55]
 [52]
 [46]
 [55]
 [55]
 [56]
 [50]
 [51]
 [51]
 [45]
 [49]] 
------------------------ Dataset: 7ir ------------------------
shape: (33, 1), dtype: uint16
Data:[[53]
 [54]
 [57]
 [48]
 [46]
 [53]
 [53]
 [51]
 [53]
 [57]
 [51]
 [45]
 [48]
 [32]
 [53]
 [54]
 [57]
 [48]
 [46]
 [53]
 [52]
 [57]
 [54]
 [48]
 [52]
 [57]
 [57]
 [57]
 [57]
 [57]
 [57]
 [45]
 [49]] 
------------------------ Dataset: 7is ------------------------
shape: (39, 1), dtype: uint16
Data:[[54]
 [52]
 [49]
 [51]
 [46]
 [56]
 [50]
 [49]
 [56]
 [57]
 [55]
 [57]
 [57]
 [57]
 [57]
 [57]
 [57]
 [45]
 [48]
 [32]
 [54]
 [52]
 [49]
 [51]
 [46]
 [56]
 [50]
 [53]
 [57]
 [53]
 [49]
 [57]
 [57]
 [57]
 [57]
 [57]
 [57]
 [45]
 [49]] 
------------------------ Dataset: 7it ------------------------
shape: (39, 1), dtype: uint16
Data:[[54]
 [54]
 [48]
 [53]
 [46]
 [56]
 [57]
 [56]
 [50]
 [57]
 [53]
 [57]
 [57]
 [57]
 [57]
 [57]
 [57]
 [45]
 [48]
 [32]
 [54]
 [54]
 [48]
 [53]
 [46]
 [57]
 [48]
 [50]
 [49]
 [51]
 [49]
 [57]
 [57]
 [57]
 [57]
 [57]
 [57]
 [45]
 [49]] 
------------------------ Dataset: 7iu ------------------------
shape: (33, 1), dtype: uint16
Data:[[54]
 [54]
 [50]
 [49]
 [46]
 [56]
 [54]
 [54]
 [56]
 [51]
 [53]
 [57]
 [57]
 [57]
 [57]
 [57]
 [57]
 [45]
 [48]
 [32]
 [54]
 [54]
 [50]
 [49]
 [46]
 [56]
 [55]
 [49]
 [54]
 [57]
 [56]
 [45]
 [49]] 
------------------------ Dataset: 7iv ------------------------
shape: (39, 1), dtype: uint16
Data:[[54]
 [54]
 [51]
 [55]
 [46]
 [55]
 [49]
 [52]
 [51]
 [56]
 [55]
 [57]
 [57]
 [57]
 [57]
 [57]
 [57]
 [45]
 [48]
 [32]
 [54]
 [54]
 [51]
 [55]
 [46]
 [55]
 [49]
 [56]
 [51]
 [49]
 [50]
 [57]
 [57]
 [57]
 [57]
 [57]
 [57]
 [45]
 [49]] 
------------------------ Dataset: 7iw ------------------------
shape: (33, 1), dtype: uint16
Data:[[54]
 [54]
 [53]
 [51]
 [46]
 [51]
 [48]
 [56]
 [56]
 [50]
 [50]
 [45]
 [48]
 [32]
 [54]
 [54]
 [53]
 [51]
 [46]
 [51]
 [49]
 [49]
 [57]
 [53]
 [50]
 [57]
 [57]
 [57]
 [57]
 [57]
 [57]
 [45]
 [49]] 
------------------------ Dataset: 7ix ------------------------
shape: (19, 1), dtype: uint16
Data:[[54]
 [54]
 [54]
 [57]
 [46]
 [49]
 [56]
 [50]
 [53]
 [48]
 [51]
 [57]
 [57]
 [57]
 [57]
 [57]
 [57]
 [45]
 [48]] 
------------------------ Dataset: 7iy ------------------------
shape: (40, 1), dtype: uint16
Data:[[54]
 [54]
 [56]
 [53]
 [46]
 [49]
 [48]
 [52]
 [50]
 [56]
 [57]
 [57]
 [57]
 [57]
 [57]
 [57]
 [57]
 [45]
 [48]
 [32]
 [54]
 [54]
 [56]
 [53]
 [46]
 [49]
 [48]
 [54]
 [53]
 [53]
 [55]
 [57]
 [57]
 [57]
 [57]
 [57]
 [57]
 [53]
 [45]
 [49]] 
------------------------ Dataset: 7iz ------------------------
shape: (27, 1), dtype: uint16
Data:[[53]
 [57]
 [48]
 [51]
 [46]
 [48]
 [49]
 [55]
 [54]
 [56]
 [50]
 [45]
 [48]
 [32]
 [53]
 [57]
 [48]
 [51]
 [46]
 [48]
 [50]
 [49]
 [55]
 [48]
 [50]
 [45]
 [49]] 
------------------------ Dataset: 7jb ------------------------
shape: (33, 1), dtype: uint16
Data:[[54]
 [55]
 [54]
 [55]
 [46]
 [48]
 [53]
 [51]
 [52]
 [55]
 [51]
 [57]
 [57]
 [57]
 [57]
 [57]
 [57]
 [45]
 [48]
 [32]
 [54]
 [55]
 [54]
 [55]
 [46]
 [48]
 [52]
 [50]
 [48]
 [57]
 [56]
 [45]
 [49]] 
------------------------ Dataset: 7jc ------------------------
shape: (32, 1), dtype: uint16
Data:[[54]
 [50]
 [55]
 [57]
 [46]
 [56]
 [52]
 [50]
 [48]
 [48]
 [57]
 [57]
 [57]
 [57]
 [57]
 [57]
 [57]
 [45]
 [48]
 [32]
 [54]
 [50]
 [55]
 [57]
 [46]
 [56]
 [51]
 [56]
 [55]
 [56]
 [45]
 [49]] 
------------------------ Dataset: 7jd ------------------------
shape: (33, 1), dtype: uint16
Data:[[54]
 [50]
 [57]
 [53]
 [46]
 [54]
 [50]
 [51]
 [48]
 [55]
 [57]
 [45]
 [48]
 [32]
 [54]
 [50]
 [57]
 [53]
 [46]
 [54]
 [50]
 [51]
 [55]
 [48]
 [50]
 [57]
 [57]
 [57]
 [57]
 [57]
 [57]
 [45]
 [49]] 
------------------------ Dataset: 7je ------------------------
shape: (27, 1), dtype: uint16
Data:[[54]
 [51]
 [49]
 [49]
 [46]
 [52]
 [52]
 [57]
 [57]
 [51]
 [54]
 [45]
 [48]
 [32]
 [54]
 [51]
 [49]
 [49]
 [46]
 [52]
 [53]
 [53]
 [51]
 [49]
 [54]
 [45]
 [49]] 
------------------------ Dataset: 7jf ------------------------
shape: (33, 1), dtype: uint16
Data:[[54]
 [51]
 [50]
 [55]
 [46]
 [51]
 [50]
 [57]
 [57]
 [50]
 [50]
 [57]
 [57]
 [57]
 [57]
 [57]
 [57]
 [45]
 [48]
 [32]
 [54]
 [51]
 [50]
 [55]
 [46]
 [51]
 [51]
 [52]
 [52]
 [57]
 [53]
 [45]
 [49]] 
------------------------ Dataset: 7jg ------------------------
shape: (27, 1), dtype: uint16
Data:[[54]
 [51]
 [52]
 [51]
 [46]
 [49]
 [52]
 [55]
 [48]
 [49]
 [51]
 [45]
 [48]
 [32]
 [54]
 [51]
 [52]
 [51]
 [46]
 [49]
 [52]
 [56]
 [48]
 [48]
 [55]
 [45]
 [49]] 
------------------------ Dataset: 7jh ------------------------
shape: (33, 1), dtype: uint16
Data:[[54]
 [53]
 [48]
 [56]
 [46]
 [50]
 [51]
 [48]
 [49]
 [57]
 [50]
 [57]
 [57]
 [57]
 [57]
 [57]
 [57]
 [45]
 [48]
 [32]
 [54]
 [53]
 [48]
 [56]
 [46]
 [50]
 [51]
 [52]
 [48]
 [51]
 [52]
 [45]
 [49]] 
------------------------ Dataset: 7ji ------------------------
shape: (27, 1), dtype: uint16
Data:[[54]
 [53]
 [50]
 [52]
 [46]
 [48]
 [53]
 [52]
 [48]
 [54]
 [49]
 [45]
 [48]
 [32]
 [54]
 [53]
 [50]
 [52]
 [46]
 [48]
 [53]
 [56]
 [48]
 [55]
 [52]
 [45]
 [49]] 
------------------------ Dataset: 7jj ------------------------
shape: (39, 1), dtype: uint16
Data:[[54]
 [48]
 [49]
 [57]
 [46]
 [54]
 [50]
 [53]
 [55]
 [53]
 [55]
 [57]
 [57]
 [57]
 [57]
 [57]
 [57]
 [45]
 [48]
 [32]
 [54]
 [48]
 [49]
 [57]
 [46]
 [54]
 [50]
 [57]
 [55]
 [50]
 [51]
 [57]
 [57]
 [57]
 [57]
 [57]
 [57]
 [45]
 [49]] 
------------------------ Dataset: 7jk ------------------------
shape: (40, 1), dtype: uint16
Data:[[54]
 [48]
 [51]
 [53]
 [46]
 [52]
 [52]
 [53]
 [55]
 [51]
 [55]
 [57]
 [57]
 [57]
 [57]
 [57]
 [57]
 [45]
 [48]
 [32]
 [54]
 [48]
 [51]
 [53]
 [46]
 [52]
 [53]
 [51]
 [55]
 [56]
 [54]
 [57]
 [57]
 [57]
 [57]
 [57]
 [57]
 [53]
 [45]
 [49]] 
------------------------ Dataset: 7jl ------------------------
shape: (33, 1), dtype: uint16
Data:[[54]
 [48]
 [53]
 [49]
 [46]
 [48]
 [53]
 [51]
 [55]
 [50]
 [51]
 [57]
 [57]
 [57]
 [57]
 [57]
 [57]
 [45]
 [48]
 [32]
 [54]
 [48]
 [53]
 [49]
 [46]
 [48]
 [54]
 [52]
 [49]
 [49]
 [49]
 [45]
 [49]] 
------------------------ Dataset: 7jm ------------------------
shape: (32, 1), dtype: uint16
Data:[[54]
 [48]
 [54]
 [54]
 [46]
 [57]
 [52]
 [57]
 [55]
 [55]
 [50]
 [57]
 [57]
 [57]
 [57]
 [57]
 [57]
 [45]
 [48]
 [32]
 [54]
 [48]
 [54]
 [54]
 [46]
 [57]
 [53]
 [56]
 [54]
 [49]
 [45]
 [49]] 
------------------------ Dataset: 7jn ------------------------
shape: (27, 1), dtype: uint16
Data:[[54]
 [48]
 [56]
 [50]
 [46]
 [56]
 [56]
 [54]
 [51]
 [49]
 [50]
 [45]
 [48]
 [32]
 [54]
 [48]
 [56]
 [50]
 [46]
 [56]
 [56]
 [50]
 [57]
 [52]
 [52]
 [45]
 [49]] 
------------------------ Dataset: 7jo ------------------------
shape: (27, 1), dtype: uint16
Data:[[53]
 [54]
 [52]
 [51]
 [46]
 [53]
 [55]
 [51]
 [54]
 [49]
 [49]
 [45]
 [48]
 [32]
 [53]
 [54]
 [52]
 [51]
 [46]
 [53]
 [55]
 [55]
 [53]
 [57]
 [54]
 [45]
 [49]] 
------------------------ Dataset: 7jp ------------------------
shape: (33, 1), dtype: uint16
Data:[[53]
 [54]
 [53]
 [57]
 [46]
 [51]
 [50]
 [48]
 [48]
 [50]
 [53]
 [45]
 [48]
 [32]
 [53]
 [54]
 [53]
 [57]
 [46]
 [51]
 [49]
 [52]
 [57]
 [53]
 [53]
 [57]
 [57]
 [57]
 [57]
 [57]
 [57]
 [45]
 [49]] 
------------------------ Dataset: 7jq ------------------------
shape: (33, 1), dtype: uint16
Data:[[53]
 [54]
 [55]
 [53]
 [46]
 [48]
 [51]
 [51]
 [53]
 [54]
 [51]
 [57]
 [57]
 [57]
 [57]
 [57]
 [57]
 [45]
 [48]
 [32]
 [53]
 [54]
 [55]
 [53]
 [46]
 [48]
 [51]
 [51]
 [53]
 [53]
 [56]
 [45]
 [49]] 
------------------------ Dataset: 7jr ------------------------
shape: (33, 1), dtype: uint16
Data:[[53]
 [54]
 [57]
 [48]
 [46]
 [56]
 [48]
 [57]
 [54]
 [48]
 [54]
 [45]
 [48]
 [32]
 [53]
 [54]
 [57]
 [48]
 [46]
 [56]
 [49]
 [51]
 [55]
 [54]
 [56]
 [57]
 [57]
 [57]
 [57]
 [57]
 [57]
 [45]
 [49]] 
------------------------ Dataset: 7js ------------------------
shape: (34, 1), dtype: uint16
Data:[[54]
 [52]
 [49]
 [52]
 [46]
 [48]
 [56]
 [55]
 [50]
 [57]
 [55]
 [57]
 [57]
 [57]
 [57]
 [57]
 [57]
 [53]
 [45]
 [48]
 [32]
 [54]
 [52]
 [49]
 [52]
 [46]
 [48]
 [56]
 [50]
 [48]
 [53]
 [56]
 [45]
 [49]] 
------------------------ Dataset: 7jt ------------------------
shape: (31, 1), dtype: uint16
Data:[[54]
 [54]
 [48]
 [54]
 [46]
 [49]
 [53]
 [52]
 [48]
 [48]
 [57]
 [57]
 [57]
 [57]
 [57]
 [57]
 [57]
 [45]
 [48]
 [32]
 [54]
 [54]
 [48]
 [54]
 [46]
 [49]
 [53]
 [48]
 [49]
 [45]
 [49]] 
------------------------ Dataset: 7ju ------------------------
shape: (27, 1), dtype: uint16
Data:[[54]
 [54]
 [50]
 [50]
 [46]
 [49]
 [49]
 [56]
 [48]
 [56]
 [57]
 [45]
 [48]
 [32]
 [54]
 [54]
 [50]
 [50]
 [46]
 [49]
 [50]
 [54]
 [53]
 [54]
 [56]
 [45]
 [49]] 
------------------------ Dataset: 7jv ------------------------
shape: (27, 1), dtype: uint16
Data:[[54]
 [54]
 [51]
 [55]
 [46]
 [57]
 [54]
 [51]
 [49]
 [57]
 [52]
 [45]
 [48]
 [32]
 [54]
 [54]
 [51]
 [55]
 [46]
 [57]
 [55]
 [48]
 [50]
 [49]
 [54]
 [45]
 [49]] 
------------------------ Dataset: 7jw ------------------------
shape: (33, 1), dtype: uint16
Data:[[54]
 [54]
 [53]
 [51]
 [46]
 [53]
 [53]
 [52]
 [51]
 [52]
 [53]
 [45]
 [48]
 [32]
 [54]
 [54]
 [53]
 [51]
 [46]
 [53]
 [53]
 [56]
 [49]
 [53]
 [48]
 [57]
 [57]
 [57]
 [57]
 [57]
 [57]
 [45]
 [49]] 
------------------------ Dataset: 7jx ------------------------
shape: (27, 1), dtype: uint16
Data:[[54]
 [54]
 [54]
 [57]
 [46]
 [52]
 [51]
 [57]
 [57]
 [56]
 [53]
 [45]
 [48]
 [32]
 [54]
 [54]
 [54]
 [57]
 [46]
 [52]
 [52]
 [50]
 [53]
 [56]
 [53]
 [45]
 [49]] 
------------------------ Dataset: 7jy ------------------------
shape: (40, 1), dtype: uint16
Data:[[54]
 [54]
 [56]
 [53]
 [46]
 [51]
 [53]
 [52]
 [49]
 [49]
 [53]
 [57]
 [57]
 [57]
 [57]
 [57]
 [57]
 [53]
 [45]
 [48]
 [32]
 [54]
 [54]
 [56]
 [53]
 [46]
 [51]
 [53]
 [56]
 [48]
 [56]
 [56]
 [57]
 [57]
 [57]
 [57]
 [57]
 [57]
 [45]
 [49]] 
------------------------ Dataset: 7jz ------------------------
shape: (33, 1), dtype: uint16
Data:[[53]
 [57]
 [48]
 [51]
 [46]
 [50]
 [55]
 [55]
 [55]
 [55]
 [56]
 [45]
 [48]
 [32]
 [53]
 [57]
 [48]
 [51]
 [46]
 [50]
 [56]
 [49]
 [55]
 [50]
 [48]
 [57]
 [57]
 [57]
 [57]
 [57]
 [57]
 [45]
 [49]] 
------------------------ Dataset: 7k ------------------------

