shape: (1, 6), dtype: uint32
Data:[[3707764736          2          1          1        421          1]] 
------------------------ Dataset: 9gb ------------------------
shape: (33, 1), dtype: uint16
Data:[[54]
 [55]
 [54]
 [54]
 [46]
 [50]
 [57]
 [53]
 [50]
 [54]
 [54]
 [45]
 [48]
 [32]
 [54]
 [55]
 [54]
 [54]
 [46]
 [50]
 [57]
 [56]
 [50]
 [56]
 [48]
 [57]
 [57]
 [57]
 [57]
 [57]
 [57]
 [45]
 [49]] 
------------------------ Dataset: 9gc ------------------------
shape: (27, 1), dtype: uint16
Data:[[54]
 [50]
 [55]
 [57]
 [46]
 [49]
 [48]
 [50]
 [54]
 [52]
 [50]
 [45]
 [48]
 [32]
 [54]
 [50]
 [55]
 [57]
 [46]
 [48]
 [57]
 [56]
 [53]
 [49]
 [51]
 [45]
 [49]] 
------------------------ Dataset: 9gd ------------------------
shape: (34, 1), dtype: uint16
Data:[[54]
 [50]
 [57]
 [52]
 [46]
 [56]
 [54]
 [54]
 [49]
 [57]
 [49]
 [57]
 [57]
 [57]
 [57]
 [57]
 [57]
 [53]
 [45]
 [48]
 [32]
 [54]
 [50]
 [57]
 [52]
 [46]
 [56]
 [55]
 [52]
 [51]
 [52]
 [57]
 [45]
 [49]] 
------------------------ Dataset: 9ge ------------------------
shape: (33, 1), dtype: uint16
Data:[[54]
 [51]
 [49]
 [48]
 [46]
 [54]
 [57]
 [49]
 [49]
 [57]
 [51]
 [45]
 [48]
 [32]
 [54]
 [51]
 [49]
 [48]
 [46]
 [54]
 [56]
 [53]
 [56]
 [56]
 [53]
 [57]
 [57]
 [57]
 [57]
 [57]
 [57]
 [45]
 [49]] 
------------------------ Dataset: 9gf ------------------------
shape: (27, 1), dtype: uint16
Data:[[54]
 [51]
 [50]
 [54]
 [46]
 [53]
 [52]
 [57]
 [57]
 [55]
 [56]
 [45]
 [48]
 [32]
 [54]
 [51]
 [50]
 [54]
 [46]
 [53]
 [53]
 [53]
 [48]
 [54]
 [56]
 [45]
 [49]] 
------------------------ Dataset: 9gg ------------------------
shape: (33, 1), dtype: uint16
Data:[[54]
 [51]
 [52]
 [50]
 [46]
 [51]
 [55]
 [51]
 [51]
 [50]
 [51]
 [57]
 [57]
 [57]
 [57]
 [57]
 [57]
 [45]
 [48]
 [32]
 [54]
 [51]
 [52]
 [50]
 [46]
 [51]
 [54]
 [53]
 [57]
 [57]
 [57]
 [45]
 [49]] 
------------------------ Dataset: 9gh ------------------------
shape: (33, 1), dtype: uint16
Data:[[54]
 [53]
 [48]
 [55]
 [46]
 [52]
 [55]
 [56]
 [48]
 [54]
 [51]
 [45]
 [48]
 [32]
 [54]
 [53]
 [48]
 [55]
 [46]
 [52]
 [55]
 [52]
 [49]
 [49]
 [50]
 [57]
 [57]
 [57]
 [57]
 [57]
 [57]
 [45]
 [49]] 
------------------------ Dataset: 9gi ------------------------
shape: (39, 1), dtype: uint16
Data:[[54]
 [53]
 [50]
 [51]
 [46]
 [51]
 [48]
 [50]
 [48]
 [52]
 [49]
 [57]
 [57]
 [57]
 [57]
 [57]
 [57]
 [45]
 [48]
 [32]
 [54]
 [53]
 [50]
 [51]
 [46]
 [50]
 [57]
 [56]
 [48]
 [53]
 [55]
 [57]
 [57]
 [57]
 [57]
 [57]
 [57]
 [45]
 [49]] 
------------------------ Dataset: 9gj ------------------------
shape: (39, 1), dtype: uint16
Data:[[54]
 [48]
 [49]
 [56]
 [46]
 [56]
 [55]
 [51]
 [55]
 [54]
 [49]
 [57]
 [57]
 [57]
 [57]
 [57]
 [57]
 [45]
 [48]
 [32]
 [54]
 [48]
 [49]
 [56]
 [46]
 [56]
 [55]
 [55]
 [56]
 [48]
 [50]
 [57]
 [57]
 [57]
 [57]
 [57]
 [57]
 [45]
 [49]] 
------------------------ Dataset: 9gk ------------------------
shape: (27, 1), dtype: uint16
Data:[[54]
 [48]
 [51]
 [52]
 [46]
 [54]
 [56]
 [50]
 [50]
 [48]
 [49]
 [45]
 [48]
 [32]
 [54]
 [48]
 [51]
 [52]
 [46]
 [54]
 [56]
 [53]
 [55]
 [53]
 [52]
 [45]
 [49]] 
------------------------ Dataset: 9gl ------------------------
shape: (27, 1), dtype: uint16
Data:[[54]
 [48]
 [53]
 [48]
 [46]
 [51]
 [48]
 [51]
 [57]
 [56]
 [49]
 [45]
 [48]
 [32]
 [54]
 [48]
 [53]
 [48]
 [46]
 [51]
 [48]
 [51]
 [56]
 [54]
 [50]
 [45]
 [49]] 
------------------------ Dataset: 9gm ------------------------
shape: (27, 1), dtype: uint16
Data:[[54]
 [48]
 [54]
 [54]
 [46]
 [49]
 [56]
 [49]
 [55]
 [54]
 [57]
 [45]
 [48]
 [32]
 [54]
 [48]
 [54]
 [54]
 [46]
 [49]
 [56]
 [53]
 [55]
 [57]
 [54]
 [45]
 [49]] 
------------------------ Dataset: 9gn ------------------------
shape: (41, 1), dtype: uint16
Data:[[54]
 [48]
 [56]
 [50]
 [46]
 [49]
 [49]
 [57]
 [50]
 [52]
 [51]
 [57]
 [57]
 [57]
 [57]
 [57]
 [57]
 [53]
 [45]
 [48]
 [32]
 [54]
 [48]
 [56]
 [50]
 [46]
 [49]
 [50]
 [53]
 [57]
 [49]
 [57]
 [57]
 [57]
 [57]
 [57]
 [57]
 [57]
 [53]
 [45]
 [49]] 
------------------------ Dataset: 9go ------------------------
shape: (27, 1), dtype: uint16
Data:[[53]
 [54]
 [52]
 [50]
 [46]
 [56]
 [50]
 [55]
 [53]
 [50]
 [53]
 [45]
 [48]
 [32]
 [53]
 [54]
 [52]
 [50]
 [46]
 [56]
 [50]
 [50]
 [57]
 [53]
 [51]
 [45]
 [49]] 
------------------------ Dataset: 9gp ------------------------
shape: (26, 1), dtype: uint16
Data:[[53]
 [54]
 [53]
 [56]
 [46]
 [53]
 [54]
 [53]
 [57]
 [55]
 [45]
 [48]
 [32]
 [53]
 [54]
 [53]
 [56]
 [46]
 [53]
 [54]
 [57]
 [56]
 [55]
 [55]
 [45]
 [49]] 
------------------------ Dataset: 9gq ------------------------
shape: (33, 1), dtype: uint16
Data:[[53]
 [54]
 [55]
 [52]
 [46]
 [50]
 [55]
 [55]
 [53]
 [54]
 [57]
 [57]
 [57]
 [57]
 [57]
 [57]
 [57]
 [45]
 [48]
 [32]
 [53]
 [54]
 [55]
 [52]
 [46]
 [50]
 [55]
 [52]
 [49]
 [52]
 [57]
 [45]
 [49]] 
------------------------ Dataset: 9gr ------------------------
shape: (27, 1), dtype: uint16
Data:[[53]
 [54]
 [57]
 [48]
 [46]
 [48]
 [53]
 [52]
 [48]
 [54]
 [52]
 [45]
 [48]
 [32]
 [53]
 [54]
 [57]
 [48]
 [46]
 [48]
 [53]
 [55]
 [55]
 [49]
 [56]
 [45]
 [49]] 
------------------------ Dataset: 9gs ------------------------
shape: (27, 1), dtype: uint16
Data:[[54]
 [52]
 [49]
 [51]
 [46]
 [51]
 [51]
 [48]
 [50]
 [51]
 [52]
 [45]
 [48]
 [32]
 [54]
 [52]
 [49]
 [51]
 [46]
 [51]
 [51]
 [52]
 [49]
 [48]
 [52]
 [45]
 [49]] 
------------------------ Dataset: 9gt ------------------------
shape: (26, 1), dtype: uint16
Data:[[54]
 [54]
 [48]
 [53]
 [46]
 [51]
 [57]
 [57]
 [52]
 [53]
 [45]
 [48]
 [32]
 [54]
 [54]
 [48]
 [53]
 [46]
 [51]
 [57]
 [52]
 [57]
 [53]
 [56]
 [45]
 [49]] 
------------------------ Dataset: 9gu ------------------------
shape: (34, 1), dtype: uint16
Data:[[54]
 [54]
 [50]
 [49]
 [46]
 [51]
 [54]
 [54]
 [48]
 [54]
 [54]
 [45]
 [48]
 [32]
 [54]
 [54]
 [50]
 [49]
 [46]
 [51]
 [55]
 [48]
 [48]
 [53]
 [55]
 [57]
 [57]
 [57]
 [57]
 [57]
 [57]
 [53]
 [45]
 [49]] 
------------------------ Dataset: 9gv ------------------------
shape: (27, 1), dtype: uint16
Data:[[54]
 [54]
 [51]
 [55]
 [46]
 [50]
 [49]
 [51]
 [57]
 [57]
 [57]
 [45]
 [48]
 [32]
 [54]
 [54]
 [51]
 [55]
 [46]
 [50]
 [48]
 [57]
 [57]
 [55]
 [56]
 [45]
 [49]] 
------------------------ Dataset: 9gw ------------------------
shape: (39, 1), dtype: uint16
Data:[[54]
 [54]
 [53]
 [50]
 [46]
 [56]
 [49]
 [48]
 [51]
 [49]
 [51]
 [57]
 [57]
 [57]
 [57]
 [57]
 [57]
 [45]
 [48]
 [32]
 [54]
 [54]
 [53]
 [50]
 [46]
 [56]
 [48]
 [55]
 [50]
 [53]
 [56]
 [57]
 [57]
 [57]
 [57]
 [57]
 [57]
 [45]
 [49]] 
------------------------ Dataset: 9gx ------------------------
shape: (27, 1), dtype: uint16
Data:[[54]
 [54]
 [54]
 [56]
 [46]
 [54]
 [55]
 [52]
 [48]
 [54]
 [52]
 [45]
 [48]
 [32]
 [54]
 [54]
 [54]
 [56]
 [46]
 [54]
 [55]
 [56]
 [48]
 [56]
 [57]
 [45]
 [49]] 
------------------------ Dataset: 9gy ------------------------
shape: (27, 1), dtype: uint16
Data:[[54]
 [54]
 [56]
 [52]
 [46]
 [53]
 [57]
 [48]
 [53]
 [50]
 [54]
 [45]
 [48]
 [32]
 [54]
 [54]
 [56]
 [52]
 [46]
 [53]
 [57]
 [48]
 [53]
 [50]
 [54]
 [45]
 [49]] 
------------------------ Dataset: 9gz ------------------------
shape: (27, 1), dtype: uint16
Data:[[53]
 [57]
 [48]
 [50]
 [46]
 [53]
 [48]
 [57]
 [55]
 [51]
 [56]
 [45]
 [48]
 [32]
 [53]
 [57]
 [48]
 [50]
 [46]
 [53]
 [49]
 [51]
 [55]
 [49]
 [52]
 [45]
 [49]] 
------------------------ Dataset: 9h ------------------------

shape: (1, 6), dtype: uint32
Data:[[3707764736          2          1          1        422          1]] 
------------------------ Dataset: 0gb ------------------------
shape: (33, 1), dtype: uint16
Data:[[54]
 [55]
 [54]
 [54]
 [46]
 [51]
 [48]
 [50]
 [49]
 [55]
 [51]
 [45]
 [48]
 [32]
 [54]
 [55]
 [54]
 [54]
 [46]
 [50]
 [57]
 [56]
 [50]
 [56]
 [48]
 [57]
 [57]
 [57]
 [57]
 [57]
 [57]
 [45]
 [49]] 
------------------------ Dataset: 0gc ------------------------
shape: (33, 1), dtype: uint16
Data:[[54]
 [50]
 [55]
 [57]
 [46]
 [49]
 [48]
 [50]
 [54]
 [52]
 [50]
 [45]
 [48]
 [32]
 [54]
 [50]
 [55]
 [57]
 [46]
 [49]
 [48]
 [55]
 [57]
 [55]
 [53]
 [57]
 [57]
 [57]
 [57]
 [57]
 [57]
 [45]
 [49]] 
------------------------ Dataset: 0gd ------------------------
shape: (33, 1), dtype: uint16
Data:[[54]
 [50]
 [57]
 [52]
 [46]
 [56]
 [55]
 [52]
 [50]
 [56]
 [56]
 [57]
 [57]
 [57]
 [57]
 [57]
 [57]
 [45]
 [48]
 [32]
 [54]
 [50]
 [57]
 [52]
 [46]
 [56]
 [55]
 [52]
 [51]
 [52]
 [57]
 [45]
 [49]] 
------------------------ Dataset: 0ge ------------------------
shape: (34, 1), dtype: uint16
Data:[[54]
 [51]
 [49]
 [48]
 [46]
 [54]
 [57]
 [49]
 [49]
 [57]
 [51]
 [45]
 [48]
 [32]
 [54]
 [51]
 [49]
 [48]
 [46]
 [54]
 [57]
 [53]
 [54]
 [49]
 [49]
 [57]
 [57]
 [57]
 [57]
 [57]
 [57]
 [53]
 [45]
 [49]] 
------------------------ Dataset: 0gf ------------------------
shape: (27, 1), dtype: uint16
Data:[[54]
 [51]
 [50]
 [54]
 [46]
 [53]
 [54]
 [54]
 [56]
 [51]
 [56]
 [45]
 [48]
 [32]
 [54]
 [51]
 [50]
 [54]
 [46]
 [53]
 [53]
 [53]
 [48]
 [54]
 [56]
 [45]
 [49]] 
------------------------ Dataset: 0gg ------------------------
shape: (32, 1), dtype: uint16
Data:[[54]
 [51]
 [52]
 [50]
 [46]
 [51]
 [55]
 [51]
 [51]
 [50]
 [51]
 [57]
 [57]
 [57]
 [57]
 [57]
 [57]
 [45]
 [48]
 [32]
 [54]
 [51]
 [52]
 [50]
 [46]
 [51]
 [55]
 [51]
 [57]
 [51]
 [45]
 [49]] 
------------------------ Dataset: 0gh ------------------------
shape: (27, 1), dtype: uint16
Data:[[54]
 [53]
 [48]
 [55]
 [46]
 [52]
 [55]
 [56]
 [48]
 [54]
 [51]
 [45]
 [48]
 [32]
 [54]
 [53]
 [48]
 [55]
 [46]
 [52]
 [56]
 [50]
 [48]
 [55]
 [53]
 [45]
 [49]] 
------------------------ Dataset: 0gi ------------------------
shape: (33, 1), dtype: uint16
Data:[[54]
 [53]
 [50]
 [51]
 [46]
 [51]
 [48]
 [50]
 [48]
 [52]
 [49]
 [57]
 [57]
 [57]
 [57]
 [57]
 [57]
 [45]
 [48]
 [32]
 [54]
 [53]
 [50]
 [51]
 [46]
 [51]
 [48]
 [54]
 [50]
 [49]
 [51]
 [45]
 [49]] 
------------------------ Dataset: 0gj ------------------------
shape: (33, 1), dtype: uint16
Data:[[54]
 [48]
 [49]
 [56]
 [46]
 [56]
 [56]
 [49]
 [57]
 [57]
 [51]
 [45]
 [48]
 [32]
 [54]
 [48]
 [49]
 [56]
 [46]
 [56]
 [55]
 [55]
 [56]
 [48]
 [50]
 [57]
 [57]
 [57]
 [57]
 [57]
 [57]
 [45]
 [49]] 
------------------------ Dataset: 0gk ------------------------
shape: (27, 1), dtype: uint16
Data:[[54]
 [48]
 [51]
 [52]
 [46]
 [54]
 [56]
 [57]
 [55]
 [54]
 [57]
 [45]
 [48]
 [32]
 [54]
 [48]
 [51]
 [52]
 [46]
 [54]
 [56]
 [53]
 [55]
 [53]
 [52]
 [45]
 [49]] 
------------------------ Dataset: 0gl ------------------------
shape: (27, 1), dtype: uint16
Data:[[54]
 [48]
 [53]
 [48]
 [46]
 [51]
 [48]
 [51]
 [57]
 [56]
 [49]
 [45]
 [48]
 [32]
 [54]
 [48]
 [53]
 [48]
 [46]
 [51]
 [48]
 [54]
 [53]
 [53]
 [50]
 [45]
 [49]] 
------------------------ Dataset: 0gm ------------------------
shape: (26, 1), dtype: uint16
Data:[[54]
 [48]
 [54]
 [54]
 [46]
 [49]
 [56]
 [57]
 [55]
 [51]
 [45]
 [48]
 [32]
 [54]
 [48]
 [54]
 [54]
 [46]
 [49]
 [56]
 [53]
 [55]
 [57]
 [54]
 [45]
 [49]] 
------------------------ Dataset: 0gn ------------------------
shape: (40, 1), dtype: uint16
Data:[[54]
 [48]
 [56]
 [50]
 [46]
 [49]
 [51]
 [49]
 [56]
 [54]
 [49]
 [57]
 [57]
 [57]
 [57]
 [57]
 [57]
 [45]
 [48]
 [32]
 [54]
 [48]
 [56]
 [50]
 [46]
 [49]
 [50]
 [53]
 [57]
 [49]
 [57]
 [57]
 [57]
 [57]
 [57]
 [57]
 [57]
 [53]
 [45]
 [49]] 
------------------------ Dataset: 0go ------------------------
shape: (27, 1), dtype: uint16
Data:[[53]
 [54]
 [52]
 [50]
 [46]
 [56]
 [50]
 [55]
 [53]
 [50]
 [53]
 [45]
 [48]
 [32]
 [53]
 [54]
 [52]
 [50]
 [46]
 [56]
 [51]
 [50]
 [55]
 [57]
 [57]
 [45]
 [49]] 
------------------------ Dataset: 0gp ------------------------
shape: (27, 1), dtype: uint16
Data:[[53]
 [54]
 [53]
 [56]
 [46]
 [53]
 [55]
 [51]
 [54]
 [57]
 [55]
 [45]
 [48]
 [32]
 [53]
 [54]
 [53]
 [56]
 [46]
 [53]
 [54]
 [57]
 [56]
 [55]
 [55]
 [45]
 [49]] 
------------------------ Dataset: 0gq ------------------------
shape: (33, 1), dtype: uint16
Data:[[53]
 [54]
 [55]
 [52]
 [46]
 [50]
 [55]
 [55]
 [53]
 [54]
 [57]
 [57]
 [57]
 [57]
 [57]
 [57]
 [57]
 [45]
 [48]
 [32]
 [53]
 [54]
 [55]
 [52]
 [46]
 [50]
 [56]
 [49]
 [53]
 [56]
 [54]
 [45]
 [49]] 
------------------------ Dataset: 0gr ------------------------
shape: (27, 1), dtype: uint16
Data:[[53]
 [54]
 [57]
 [48]
 [46]
 [48]
 [54]
 [49]
 [53]
 [57]
 [49]
 [45]
 [48]
 [32]
 [53]
 [54]
 [57]
 [48]
 [46]
 [48]
 [53]
 [55]
 [55]
 [49]
 [56]
 [45]
 [49]] 
------------------------ Dataset: 0gs ------------------------
shape: (33, 1), dtype: uint16
Data:[[54]
 [52]
 [49]
 [51]
 [46]
 [51]
 [51]
 [56]
 [49]
 [52]
 [48]
 [57]
 [57]
 [57]
 [57]
 [57]
 [57]
 [45]
 [48]
 [32]
 [54]
 [52]
 [49]
 [51]
 [46]
 [51]
 [51]
 [52]
 [49]
 [48]
 [52]
 [45]
 [49]] 
------------------------ Dataset: 0gt ------------------------
shape: (33, 1), dtype: uint16
Data:[[54]
 [54]
 [48]
 [53]
 [46]
 [51]
 [57]
 [57]
 [52]
 [53]
 [45]
 [48]
 [32]
 [54]
 [54]
 [48]
 [53]
 [46]
 [52]
 [48]
 [50]
 [51]
 [51]
 [54]
 [57]
 [57]
 [57]
 [57]
 [57]
 [57]
 [53]
 [45]
 [49]] 
------------------------ Dataset: 0gu ------------------------
shape: (34, 1), dtype: uint16
Data:[[54]
 [54]
 [50]
 [49]
 [46]
 [51]
 [55]
 [52]
 [52]
 [49]
 [54]
 [45]
 [48]
 [32]
 [54]
 [54]
 [50]
 [49]
 [46]
 [51]
 [55]
 [48]
 [48]
 [53]
 [55]
 [57]
 [57]
 [57]
 [57]
 [57]
 [57]
 [53]
 [45]
 [49]] 
------------------------ Dataset: 0gv ------------------------
shape: (27, 1), dtype: uint16
Data:[[54]
 [54]
 [51]
 [55]
 [46]
 [50]
 [49]
 [51]
 [57]
 [57]
 [57]
 [45]
 [48]
 [32]
 [54]
 [54]
 [51]
 [55]
 [46]
 [50]
 [49]
 [56]
 [48]
 [49]
 [51]
 [45]
 [49]] 
------------------------ Dataset: 0gw ------------------------
shape: (33, 1), dtype: uint16
Data:[[54]
 [54]
 [53]
 [50]
 [46]
 [56]
 [49]
 [48]
 [51]
 [49]
 [51]
 [57]
 [57]
 [57]
 [57]
 [57]
 [57]
 [45]
 [48]
 [32]
 [54]
 [54]
 [53]
 [50]
 [46]
 [56]
 [49]
 [52]
 [49]
 [52]
 [52]
 [45]
 [49]] 
------------------------ Dataset: 0gx ------------------------
shape: (27, 1), dtype: uint16
Data:[[54]
 [54]
 [54]
 [56]
 [46]
 [54]
 [56]
 [52]
 [53]
 [48]
 [54]
 [45]
 [48]
 [32]
 [54]
 [54]
 [54]
 [56]
 [46]
 [54]
 [55]
 [56]
 [48]
 [56]
 [57]
 [45]
 [49]] 
------------------------ Dataset: 0gy ------------------------
shape: (33, 1), dtype: uint16
Data:[[54]
 [54]
 [56]
 [52]
 [46]
 [53]
 [57]
 [48]
 [53]
 [50]
 [54]
 [45]
 [48]
 [32]
 [54]
 [54]
 [56]
 [52]
 [46]
 [53]
 [57]
 [56]
 [50]
 [52]
 [55]
 [57]
 [57]
 [57]
 [57]
 [57]
 [57]
 [45]
 [49]] 
------------------------ Dataset: 0gz ------------------------
shape: (27, 1), dtype: uint16
Data:[[53]
 [57]
 [48]
 [50]
 [46]
 [53]
 [49]
 [55]
 [55]
 [53]
 [51]
 [45]
 [48]
 [32]
 [53]
 [57]
 [48]
 [50]
 [46]
 [53]
 [49]
 [51]
 [55]
 [49]
 [52]
 [45]
 [49]] 
------------------------ Dataset: 0h ------------------------

shape: (1, 6), dtype: uint32
Data:[[3707764736          2          1          1        423          1]] 
------------------------ Dataset: ahb ------------------------
shape: (33, 1), dtype: uint16
Data:[[54]
 [55]
 [54]
 [54]
 [46]
 [51]
 [48]
 [50]
 [49]
 [55]
 [51]
 [45]
 [48]
 [32]
 [54]
 [55]
 [54]
 [54]
 [46]
 [51]
 [48]
 [54]
 [49]
 [52]
 [51]
 [57]
 [57]
 [57]
 [57]
 [57]
 [57]
 [45]
 [49]] 
------------------------ Dataset: ahc ------------------------
shape: (39, 1), dtype: uint16
Data:[[54]
 [50]
 [55]
 [57]
 [46]
 [49]
 [49]
 [48]
 [54]
 [57]
 [57]
 [57]
 [57]
 [57]
 [57]
 [57]
 [57]
 [45]
 [48]
 [32]
 [54]
 [50]
 [55]
 [57]
 [46]
 [49]
 [48]
 [55]
 [57]
 [55]
 [53]
 [57]
 [57]
 [57]
 [57]
 [57]
 [57]
 [45]
 [49]] 
------------------------ Dataset: ahd ------------------------
shape: (27, 1), dtype: uint16
Data:[[54]
 [50]
 [57]
 [52]
 [46]
 [56]
 [56]
 [50]
 [48]
 [56]
 [49]
 [45]
 [48]
 [32]
 [54]
 [50]
 [57]
 [52]
 [46]
 [56]
 [55]
 [52]
 [51]
 [52]
 [57]
 [45]
 [49]] 
------------------------ Dataset: ahe ------------------------
shape: (34, 1), dtype: uint16
Data:[[54]
 [51]
 [49]
 [48]
 [46]
 [55]
 [48]
 [49]
 [54]
 [53]
 [53]
 [45]
 [48]
 [32]
 [54]
 [51]
 [49]
 [48]
 [46]
 [54]
 [57]
 [53]
 [54]
 [49]
 [49]
 [57]
 [57]
 [57]
 [57]
 [57]
 [57]
 [53]
 [45]
 [49]] 
------------------------ Dataset: ahf ------------------------
shape: (27, 1), dtype: uint16
Data:[[54]
 [51]
 [50]
 [54]
 [46]
 [53]
 [54]
 [54]
 [56]
 [51]
 [56]
 [45]
 [48]
 [32]
 [54]
 [51]
 [50]
 [54]
 [46]
 [53]
 [54]
 [55]
 [49]
 [55]
 [49]
 [45]
 [49]] 
------------------------ Dataset: ahg ------------------------
shape: (26, 1), dtype: uint16
Data:[[54]
 [51]
 [52]
 [50]
 [46]
 [51]
 [55]
 [55]
 [57]
 [56]
 [53]
 [45]
 [48]
 [32]
 [54]
 [51]
 [52]
 [50]
 [46]
 [51]
 [55]
 [51]
 [57]
 [51]
 [45]
 [49]] 
------------------------ Dataset: ahh ------------------------
shape: (27, 1), dtype: uint16
Data:[[54]
 [53]
 [48]
 [55]
 [46]
 [52]
 [56]
 [54]
 [49]
 [48]
 [56]
 [45]
 [48]
 [32]
 [54]
 [53]
 [48]
 [55]
 [46]
 [52]
 [56]
 [50]
 [48]
 [55]
 [53]
 [45]
 [49]] 
------------------------ Dataset: ahi ------------------------
shape: (33, 1), dtype: uint16
Data:[[54]
 [53]
 [50]
 [51]
 [46]
 [51]
 [48]
 [57]
 [57]
 [57]
 [54]
 [57]
 [57]
 [57]
 [57]
 [57]
 [57]
 [45]
 [48]
 [32]
 [54]
 [53]
 [50]
 [51]
 [46]
 [51]
 [48]
 [54]
 [50]
 [49]
 [51]
 [45]
 [49]] 
------------------------ Dataset: ahj ------------------------
shape: (33, 1), dtype: uint16
Data:[[54]
 [48]
 [49]
 [56]
 [46]
 [56]
 [56]
 [49]
 [57]
 [57]
 [51]
 [45]
 [48]
 [32]
 [54]
 [48]
 [49]
 [56]
 [46]
 [56]
 [56]
 [53]
 [56]
 [49]
 [54]
 [57]
 [57]
 [57]
 [57]
 [57]
 [57]
 [45]
 [49]] 
------------------------ Dataset: ahk ------------------------
shape: (33, 1), dtype: uint16
Data:[[54]
 [48]
 [51]
 [52]
 [46]
 [54]
 [56]
 [57]
 [55]
 [54]
 [57]
 [45]
 [48]
 [32]
 [54]
 [48]
 [51]
 [52]
 [46]
 [54]
 [57]
 [51]
 [55]
 [52]
 [57]
 [57]
 [57]
 [57]
 [57]
 [57]
 [57]
 [45]
 [49]] 
------------------------ Dataset: ahl ------------------------
shape: (33, 1), dtype: uint16
Data:[[54]
 [48]
 [53]
 [48]
 [46]
 [51]
 [48]
 [57]
 [55]
 [55]
 [51]
 [57]
 [57]
 [57]
 [57]
 [57]
 [57]
 [45]
 [48]
 [32]
 [54]
 [48]
 [53]
 [48]
 [46]
 [51]
 [48]
 [54]
 [53]
 [53]
 [50]
 [45]
 [49]] 
------------------------ Dataset: ahm ------------------------
shape: (32, 1), dtype: uint16
Data:[[54]
 [48]
 [54]
 [54]
 [46]
 [49]
 [56]
 [57]
 [55]
 [51]
 [45]
 [48]
 [32]
 [54]
 [48]
 [54]
 [54]
 [46]
 [49]
 [57]
 [56]
 [57]
 [54]
 [51]
 [57]
 [57]
 [57]
 [57]
 [57]
 [57]
 [45]
 [49]] 
------------------------ Dataset: ahn ------------------------
shape: (19, 1), dtype: uint16
Data:[[54]
 [48]
 [56]
 [50]
 [46]
 [49]
 [51]
 [49]
 [56]
 [54]
 [49]
 [57]
 [57]
 [57]
 [57]
 [57]
 [57]
 [45]
 [48]] 
------------------------ Dataset: aho ------------------------
shape: (33, 1), dtype: uint16
Data:[[53]
 [54]
 [52]
 [50]
 [46]
 [56]
 [51]
 [57]
 [49]
 [52]
 [56]
 [57]
 [57]
 [57]
 [57]
 [57]
 [57]
 [45]
 [48]
 [32]
 [53]
 [54]
 [52]
 [50]
 [46]
 [56]
 [51]
 [50]
 [55]
 [57]
 [57]
 [45]
 [49]] 
------------------------ Dataset: ahp ------------------------
shape: (27, 1), dtype: uint16
Data:[[53]
 [54]
 [53]
 [56]
 [46]
 [53]
 [55]
 [51]
 [54]
 [57]
 [55]
 [45]
 [48]
 [32]
 [53]
 [54]
 [53]
 [56]
 [46]
 [53]
 [55]
 [55]
 [53]
 [57]
 [56]
 [45]
 [49]] 
------------------------ Dataset: ahq ------------------------
shape: (33, 1), dtype: uint16
Data:[[53]
 [54]
 [55]
 [52]
 [46]
 [50]
 [56]
 [53]
 [53]
 [56]
 [51]
 [57]
 [57]
 [57]
 [57]
 [57]
 [57]
 [45]
 [48]
 [32]
 [53]
 [54]
 [55]
 [52]
 [46]
 [50]
 [56]
 [49]
 [53]
 [56]
 [54]
 [45]
 [49]] 
------------------------ Dataset: ahr ------------------------
shape: (27, 1), dtype: uint16
Data:[[53]
 [54]
 [57]
 [48]
 [46]
 [48]
 [54]
 [49]
 [53]
 [57]
 [49]
 [45]
 [48]
 [32]
 [53]
 [54]
 [57]
 [48]
 [46]
 [48]
 [54]
 [53]
 [53]
 [54]
 [51]
 [45]
 [49]] 
------------------------ Dataset: ahs ------------------------
shape: (33, 1), dtype: uint16
Data:[[54]
 [52]
 [49]
 [51]
 [46]
 [51]
 [51]
 [56]
 [49]
 [52]
 [48]
 [57]
 [57]
 [57]
 [57]
 [57]
 [57]
 [45]
 [48]
 [32]
 [54]
 [52]
 [49]
 [51]
 [46]
 [51]
 [52]
 [50]
 [49]
 [52]
 [56]
 [45]
 [49]] 
------------------------ Dataset: aht ------------------------
shape: (40, 1), dtype: uint16
Data:[[54]
 [54]
 [48]
 [53]
 [46]
 [52]
 [48]
 [54]
 [49]
 [52]
 [53]
 [57]
 [57]
 [57]
 [57]
 [57]
 [57]
 [45]
 [48]
 [32]
 [54]
 [54]
 [48]
 [53]
 [46]
 [52]
 [48]
 [50]
 [51]
 [51]
 [54]
 [57]
 [57]
 [57]
 [57]
 [57]
 [57]
 [53]
 [45]
 [49]] 
------------------------ Dataset: ahu ------------------------
shape: (27, 1), dtype: uint16
Data:[[54]
 [54]
 [50]
 [49]
 [46]
 [51]
 [55]
 [52]
 [52]
 [49]
 [54]
 [45]
 [48]
 [32]
 [54]
 [54]
 [50]
 [49]
 [46]
 [51]
 [56]
 [52]
 [54]
 [50]
 [54]
 [45]
 [49]] 
------------------------ Dataset: ahv ------------------------
shape: (27, 1), dtype: uint16
Data:[[54]
 [54]
 [51]
 [55]
 [46]
 [50]
 [50]
 [50]
 [48]
 [49]
 [55]
 [45]
 [48]
 [32]
 [54]
 [54]
 [51]
 [55]
 [46]
 [50]
 [49]
 [56]
 [48]
 [49]
 [51]
 [45]
 [49]] 
------------------------ Dataset: ahw ------------------------
shape: (34, 1), dtype: uint16
Data:[[54]
 [54]
 [53]
 [50]
 [46]
 [56]
 [49]
 [56]
 [49]
 [49]
 [53]
 [57]
 [57]
 [57]
 [57]
 [57]
 [57]
 [53]
 [45]
 [48]
 [32]
 [54]
 [54]
 [53]
 [50]
 [46]
 [56]
 [49]
 [52]
 [49]
 [52]
 [52]
 [45]
 [49]] 
------------------------ Dataset: ahx ------------------------
shape: (27, 1), dtype: uint16
Data:[[54]
 [54]
 [54]
 [56]
 [46]
 [54]
 [56]
 [52]
 [53]
 [48]
 [54]
 [45]
 [48]
 [32]
 [54]
 [54]
 [54]
 [56]
 [46]
 [54]
 [56]
 [56]
 [48]
 [48]
 [52]
 [45]
 [49]] 
------------------------ Dataset: ahy ------------------------
shape: (39, 1), dtype: uint16
Data:[[54]
 [54]
 [56]
 [52]
 [46]
 [53]
 [57]
 [52]
 [50]
 [56]
 [50]
 [57]
 [57]
 [57]
 [57]
 [57]
 [57]
 [45]
 [48]
 [32]
 [54]
 [54]
 [56]
 [52]
 [46]
 [53]
 [57]
 [56]
 [50]
 [52]
 [55]
 [57]
 [57]
 [57]
 [57]
 [57]
 [57]
 [45]
 [49]] 
------------------------ Dataset: ahz ------------------------
shape: (27, 1), dtype: uint16
Data:[[53]
 [57]
 [48]
 [50]
 [46]
 [53]
 [49]
 [55]
 [55]
 [53]
 [51]
 [45]
 [48]
 [32]
 [53]
 [57]
 [48]
 [50]
 [46]
 [53]
 [50]
 [49]
 [55]
 [53]
 [51]
 [45]
 [49]] 
------------------------ Dataset: ai ------------------------

shape: (1, 6), dtype: uint32
Data:[[3707764736          2          1          1        424          1]] 
------------------------ Dataset: bhb ------------------------
shape: (33, 1), dtype: uint16
Data:[[54]
 [55]
 [54]
 [54]
 [46]
 [51]
 [49]
 [48]
 [52]
 [51]
 [49]
 [45]
 [48]
 [32]
 [54]
 [55]
 [54]
 [54]
 [46]
 [51]
 [48]
 [54]
 [49]
 [52]
 [51]
 [57]
 [57]
 [57]
 [57]
 [57]
 [57]
 [45]
 [49]] 
------------------------ Dataset: bhc ------------------------
shape: (33, 1), dtype: uint16
Data:[[54]
 [50]
 [55]
 [57]
 [46]
 [49]
 [49]
 [48]
 [54]
 [57]
 [57]
 [57]
 [57]
 [57]
 [57]
 [57]
 [57]
 [45]
 [48]
 [32]
 [54]
 [50]
 [55]
 [57]
 [46]
 [49]
 [49]
 [52]
 [49]
 [55]
 [50]
 [45]
 [49]] 
------------------------ Dataset: bhd ------------------------
shape: (27, 1), dtype: uint16
Data:[[54]
 [50]
 [57]
 [52]
 [46]
 [56]
 [56]
 [50]
 [48]
 [56]
 [49]
 [45]
 [48]
 [32]
 [54]
 [50]
 [57]
 [52]
 [46]
 [56]
 [56]
 [50]
 [48]
 [53]
 [49]
 [45]
 [49]] 
------------------------ Dataset: bhe ------------------------
shape: (13, 1), dtype: uint16
Data:[[54]
 [51]
 [49]
 [48]
 [46]
 [55]
 [48]
 [49]
 [54]
 [53]
 [53]
 [45]
 [48]] 
------------------------ Dataset: bhf ------------------------
shape: (27, 1), dtype: uint16
Data:[[54]
 [51]
 [50]
 [54]
 [46]
 [53]
 [55]
 [50]
 [51]
 [48]
 [50]
 [45]
 [48]
 [32]
 [54]
 [51]
 [50]
 [54]
 [46]
 [53]
 [54]
 [55]
 [49]
 [55]
 [49]
 [45]
 [49]] 
------------------------ Dataset: bhg ------------------------
shape: (34, 1), dtype: uint16
Data:[[54]
 [51]
 [52]
 [50]
 [46]
 [51]
 [55]
 [55]
 [57]
 [56]
 [53]
 [45]
 [48]
 [32]
 [54]
 [51]
 [52]
 [50]
 [46]
 [51]
 [56]
 [49]
 [57]
 [49]
 [48]
 [57]
 [57]
 [57]
 [57]
 [57]
 [57]
 [53]
 [45]
 [49]] 
------------------------ Dataset: bhh ------------------------
shape: (27, 1), dtype: uint16
Data:[[54]
 [53]
 [48]
 [55]
 [46]
 [52]
 [56]
 [54]
 [49]
 [48]
 [56]
 [45]
 [48]
 [32]
 [54]
 [53]
 [48]
 [55]
 [46]
 [52]
 [57]
 [48]
 [49]
 [48]
 [50]
 [45]
 [49]] 
------------------------ Dataset: bhi ------------------------
shape: (33, 1), dtype: uint16
Data:[[54]
 [53]
 [50]
 [51]
 [46]
 [51]
 [48]
 [57]
 [57]
 [57]
 [54]
 [57]
 [57]
 [57]
 [57]
 [57]
 [57]
 [45]
 [48]
 [32]
 [54]
 [53]
 [50]
 [51]
 [46]
 [51]
 [49]
 [51]
 [57]
 [55]
 [53]
 [45]
 [49]] 
------------------------ Dataset: bhj ------------------------
shape: (39, 1), dtype: uint16
Data:[[54]
 [48]
 [49]
 [56]
 [46]
 [56]
 [56]
 [57]
 [55]
 [51]
 [56]
 [57]
 [57]
 [57]
 [57]
 [57]
 [57]
 [45]
 [48]
 [32]
 [54]
 [48]
 [49]
 [56]
 [46]
 [56]
 [56]
 [53]
 [56]
 [49]
 [54]
 [57]
 [57]
 [57]
 [57]
 [57]
 [57]
 [45]
 [49]] 
------------------------ Dataset: bhk ------------------------
shape: (33, 1), dtype: uint16
Data:[[54]
 [48]
 [51]
 [52]
 [46]
 [54]
 [57]
 [55]
 [55]
 [51]
 [53]
 [45]
 [48]
 [32]
 [54]
 [48]
 [51]
 [52]
 [46]
 [54]
 [57]
 [51]
 [55]
 [52]
 [57]
 [57]
 [57]
 [57]
 [57]
 [57]
 [57]
 [45]
 [49]] 
------------------------ Dataset: bhl ------------------------
shape: (33, 1), dtype: uint16
Data:[[54]
 [48]
 [53]
 [48]
 [46]
 [51]
 [48]
 [57]
 [55]
 [55]
 [51]
 [57]
 [57]
 [57]
 [57]
 [57]
 [57]
 [45]
 [48]
 [32]
 [54]
 [48]
 [53]
 [48]
 [46]
 [51]
 [49]
 [51]
 [55]
 [56]
 [52]
 [45]
 [49]] 
------------------------ Dataset: bhm ------------------------
shape: (33, 1), dtype: uint16
Data:[[54]
 [48]
 [54]
 [54]
 [46]
 [49]
 [57]
 [57]
 [49]
 [52]
 [56]
 [45]
 [48]
 [32]
 [54]
 [48]
 [54]
 [54]
 [46]
 [49]
 [57]
 [56]
 [57]
 [54]
 [51]
 [57]
 [57]
 [57]
 [57]
 [57]
 [57]
 [45]
 [49]] 
------------------------ Dataset: bhn ------------------------
shape: (27, 1), dtype: uint16
Data:[[54]
 [48]
 [56]
 [50]
 [46]
 [49]
 [53]
 [49]
 [49]
 [50]
 [55]
 [45]
 [48]
 [32]
 [54]
 [48]
 [56]
 [50]
 [46]
 [49]
 [53]
 [48]
 [56]
 [54]
 [53]
 [45]
 [49]] 
------------------------ Dataset: bho ------------------------
shape: (39, 1), dtype: uint16
Data:[[53]
 [54]
 [52]
 [50]
 [46]
 [56]
 [51]
 [57]
 [49]
 [52]
 [56]
 [57]
 [57]
 [57]
 [57]
 [57]
 [57]
 [45]
 [48]
 [32]
 [53]
 [54]
 [52]
 [50]
 [46]
 [56]
 [52]
 [52]
 [56]
 [55]
 [51]
 [57]
 [57]
 [57]
 [57]
 [57]
 [57]
 [45]
 [49]] 
------------------------ Dataset: bhp ------------------------
shape: (27, 1), dtype: uint16
Data:[[53]
 [54]
 [53]
 [56]
 [46]
 [53]
 [56]
 [49]
 [55]
 [49]
 [49]
 [45]
 [48]
 [32]
 [53]
 [54]
 [53]
 [56]
 [46]
 [53]
 [55]
 [55]
 [53]
 [57]
 [56]
 [45]
 [49]] 
------------------------ Dataset: bhq ------------------------
shape: (33, 1), dtype: uint16
Data:[[53]
 [54]
 [55]
 [52]
 [46]
 [50]
 [56]
 [53]
 [53]
 [56]
 [51]
 [57]
 [57]
 [57]
 [57]
 [57]
 [57]
 [45]
 [48]
 [32]
 [53]
 [54]
 [55]
 [52]
 [46]
 [50]
 [56]
 [57]
 [53]
 [56]
 [57]
 [45]
 [49]] 
------------------------ Dataset: bhr ------------------------
shape: (27, 1), dtype: uint16
Data:[[53]
 [54]
 [57]
 [48]
 [46]
 [48]
 [54]
 [57]
 [53]
 [49]
 [54]
 [45]
 [48]
 [32]
 [53]
 [54]
 [57]
 [48]
 [46]
 [48]
 [54]
 [53]
 [53]
 [54]
 [51]
 [45]
 [49]] 
------------------------ Dataset: bhs ------------------------
shape: (34, 1), dtype: uint16
Data:[[54]
 [52]
 [49]
 [51]
 [46]
 [51]
 [52]
 [54]
 [53]
 [57]
 [56]
 [57]
 [57]
 [57]
 [57]
 [57]
 [57]
 [53]
 [45]
 [48]
 [32]
 [54]
 [52]
 [49]
 [51]
 [46]
 [51]
 [52]
 [50]
 [49]
 [52]
 [56]
 [45]
 [49]] 
------------------------ Dataset: bht ------------------------
shape: (39, 1), dtype: uint16
Data:[[54]
 [54]
 [48]
 [53]
 [46]
 [52]
 [48]
 [54]
 [49]
 [52]
 [53]
 [57]
 [57]
 [57]
 [57]
 [57]
 [57]
 [45]
 [48]
 [32]
 [54]
 [54]
 [48]
 [53]
 [46]
 [52]
 [49]
 [48]
 [49]
 [52]
 [48]
 [57]
 [57]
 [57]
 [57]
 [57]
 [57]
 [45]
 [49]] 
------------------------ Dataset: bhu ------------------------
shape: (27, 1), dtype: uint16
Data:[[54]
 [54]
 [50]
 [49]
 [46]
 [51]
 [56]
 [52]
 [57]
 [49]
 [57]
 [45]
 [48]
 [32]
 [54]
 [54]
 [50]
 [49]
 [46]
 [51]
 [56]
 [52]
 [54]
 [50]
 [54]
 [45]
 [49]] 
------------------------ Dataset: bhv ------------------------
shape: (27, 1), dtype: uint16
Data:[[54]
 [54]
 [51]
 [55]
 [46]
 [50]
 [50]
 [50]
 [48]
 [49]
 [55]
 [45]
 [48]
 [32]
 [54]
 [54]
 [51]
 [55]
 [46]
 [50]
 [50]
 [54]
 [48]
 [51]
 [56]
 [45]
 [49]] 
------------------------ Dataset: bhw ------------------------
shape: (40, 1), dtype: uint16
Data:[[54]
 [54]
 [53]
 [50]
 [46]
 [56]
 [49]
 [56]
 [49]
 [49]
 [53]
 [57]
 [57]
 [57]
 [57]
 [57]
 [57]
 [53]
 [45]
 [48]
 [32]
 [54]
 [54]
 [53]
 [50]
 [46]
 [56]
 [50]
 [50]
 [49]
 [55]
 [52]
 [57]
 [57]
 [57]
 [57]
 [57]
 [57]
 [45]
 [49]] 
------------------------ Dataset: bhx ------------------------
shape: (27, 1), dtype: uint16
Data:[[54]
 [54]
 [54]
 [56]
 [46]
 [54]
 [57]
 [54]
 [50]
 [48]
 [57]
 [45]
 [48]
 [32]
 [54]
 [54]
 [54]
 [56]
 [46]
 [54]
 [56]
 [56]
 [48]
 [48]
 [52]
 [45]
 [49]] 
------------------------ Dataset: bhy ------------------------
shape: (33, 1), dtype: uint16
Data:[[54]
 [54]
 [56]
 [52]
 [46]
 [54]
 [48]
 [50]
 [48]
 [51]
 [56]
 [45]
 [48]
 [32]
 [54]
 [54]
 [56]
 [52]
 [46]
 [53]
 [57]
 [56]
 [50]
 [52]
 [55]
 [57]
 [57]
 [57]
 [57]
 [57]
 [57]
 [45]
 [49]] 
------------------------ Dataset: bhz ------------------------
shape: (27, 1), dtype: uint16
Data:[[53]
 [57]
 [48]
 [50]
 [46]
 [53]
 [50]
 [53]
 [54]
 [56]
 [53]
 [45]
 [48]
 [32]
 [53]
 [57]
 [48]
 [50]
 [46]
 [53]
 [50]
 [49]
 [55]
 [53]
 [51]
 [45]
 [49]] 
------------------------ Dataset: bi ------------------------

shape: (1, 6), dtype: uint32
Data:[[3707764736          2          1          1        425          1]] 
------------------------ Dataset: chb ------------------------
shape: (34, 1), dtype: uint16
Data:[[54]
 [55]
 [54]
 [54]
 [46]
 [51]
 [49]
 [48]
 [52]
 [51]
 [49]
 [45]
 [48]
 [32]
 [54]
 [55]
 [54]
 [54]
 [46]
 [51]
 [49]
 [52]
 [50]
 [52]
 [49]
 [57]
 [57]
 [57]
 [57]
 [57]
 [57]
 [53]
 [45]
 [49]] 
------------------------ Dataset: chc ------------------------
shape: (27, 1), dtype: uint16
Data:[[54]
 [50]
 [55]
 [57]
 [46]
 [49]
 [49]
 [55]
 [57]
 [52]
 [52]
 [45]
 [48]
 [32]
 [54]
 [50]
 [55]
 [57]
 [46]
 [49]
 [49]
 [52]
 [49]
 [55]
 [50]
 [45]
 [49]] 
------------------------ Dataset: chd ------------------------
shape: (33, 1), dtype: uint16
Data:[[54]
 [50]
 [57]
 [52]
 [46]
 [56]
 [56]
 [50]
 [48]
 [56]
 [49]
 [45]
 [48]
 [32]
 [54]
 [50]
 [57]
 [52]
 [46]
 [56]
 [56]
 [57]
 [56]
 [54]
 [50]
 [57]
 [57]
 [57]
 [57]
 [57]
 [57]
 [45]
 [49]] 
------------------------ Dataset: che ------------------------
shape: (33, 1), dtype: uint16
Data:[[54]
 [51]
 [49]
 [48]
 [46]
 [55]
 [50]
 [49]
 [48]
 [56]
 [57]
 [45]
 [48]
 [32]
 [54]
 [51]
 [49]
 [48]
 [46]
 [55]
 [49]
 [57]
 [56]
 [55]
 [56]
 [57]
 [57]
 [57]
 [57]
 [57]
 [57]
 [45]
 [49]] 
------------------------ Dataset: chf ------------------------
shape: (27, 1), dtype: uint16
Data:[[54]
 [51]
 [50]
 [54]
 [46]
 [53]
 [55]
 [50]
 [51]
 [48]
 [50]
 [45]
 [48]
 [32]
 [54]
 [51]
 [50]
 [54]
 [46]
 [53]
 [55]
 [50]
 [49]
 [52]
 [50]
 [45]
 [49]] 
------------------------ Dataset: chg ------------------------
shape: (40, 1), dtype: uint16
Data:[[54]
 [51]
 [52]
 [50]
 [46]
 [51]
 [56]
 [53]
 [56]
 [56]
 [48]
 [57]
 [57]
 [57]
 [57]
 [57]
 [57]
 [45]
 [48]
 [32]
 [54]
 [51]
 [52]
 [50]
 [46]
 [51]
 [56]
 [49]
 [57]
 [49]
 [48]
 [57]
 [57]
 [57]
 [57]
 [57]
 [57]
 [53]
 [45]
 [49]] 
------------------------ Dataset: chh ------------------------
shape: (27, 1), dtype: uint16
Data:[[54]
 [53]
 [48]
 [55]
 [46]
 [52]
 [57]
 [51]
 [57]
 [54]
 [53]
 [45]
 [48]
 [32]
 [54]
 [53]
 [48]
 [55]
 [46]
 [52]
 [57]
 [48]
 [49]
 [48]
 [50]
 [45]
 [49]] 
------------------------ Dataset: chi ------------------------
shape: (33, 1), dtype: uint16
Data:[[54]
 [53]
 [50]
 [51]
 [46]
 [51]
 [49]
 [55]
 [57]
 [52]
 [48]
 [57]
 [57]
 [57]
 [57]
 [57]
 [57]
 [45]
 [48]
 [32]
 [54]
 [53]
 [50]
 [51]
 [46]
 [51]
 [49]
 [51]
 [57]
 [55]
 [53]
 [45]
 [49]] 
------------------------ Dataset: chj ------------------------
shape: (33, 1), dtype: uint16
Data:[[54]
 [48]
 [49]
 [56]
 [46]
 [56]
 [56]
 [57]
 [55]
 [51]
 [56]
 [57]
 [57]
 [57]
 [57]
 [57]
 [57]
 [45]
 [48]
 [32]
 [54]
 [48]
 [49]
 [56]
 [46]
 [56]
 [57]
 [51]
 [56]
 [49]
 [55]
 [45]
 [49]] 
------------------------ Dataset: chk ------------------------
shape: (33, 1), dtype: uint16
Data:[[54]
 [48]
 [51]
 [52]
 [46]
 [54]
 [57]
 [55]
 [55]
 [51]
 [53]
 [45]
 [48]
 [32]
 [54]
 [48]
 [51]
 [52]
 [46]
 [55]
 [48]
 [49]
 [55]
 [54]
 [56]
 [57]
 [57]
 [57]
 [57]
 [57]
 [57]
 [45]
 [49]] 
------------------------ Dataset: chl ------------------------
shape: (27, 1), dtype: uint16
Data:[[54]
 [48]
 [53]
 [48]
 [46]
 [51]
 [49]
 [55]
 [55]
 [53]
 [57]
 [45]
 [48]
 [32]
 [54]
 [48]
 [53]
 [48]
 [46]
 [51]
 [49]
 [51]
 [55]
 [56]
 [52]
 [45]
 [49]] 
------------------------ Dataset: chm ------------------------
shape: (33, 1), dtype: uint16
Data:[[54]
 [48]
 [54]
 [54]
 [46]
 [49]
 [57]
 [57]
 [49]
 [52]
 [56]
 [45]
 [48]
 [32]
 [54]
 [48]
 [54]
 [54]
 [46]
 [50]
 [48]
 [50]
 [49]
 [55]
 [52]
 [57]
 [57]
 [57]
 [57]
 [57]
 [57]
 [45]
 [49]] 
------------------------ Dataset: chn ------------------------
shape: (33, 1), dtype: uint16
Data:[[54]
 [48]
 [56]
 [50]
 [46]
 [49]
 [53]
 [49]
 [49]
 [50]
 [55]
 [45]
 [48]
 [32]
 [54]
 [48]
 [56]
 [50]
 [46]
 [49]
 [53]
 [53]
 [52]
 [54]
 [53]
 [57]
 [57]
 [57]
 [57]
 [57]
 [57]
 [45]
 [49]] 
------------------------ Dataset: cho ------------------------
shape: (39, 1), dtype: uint16
Data:[[53]
 [54]
 [52]
 [50]
 [46]
 [56]
 [52]
 [56]
 [53]
 [48]
 [50]
 [57]
 [57]
 [57]
 [57]
 [57]
 [57]
 [45]
 [48]
 [32]
 [53]
 [54]
 [52]
 [50]
 [46]
 [56]
 [52]
 [52]
 [56]
 [55]
 [51]
 [57]
 [57]
 [57]
 [57]
 [57]
 [57]
 [45]
 [49]] 
------------------------ Dataset: chp ------------------------
shape: (33, 1), dtype: uint16
Data:[[53]
 [54]
 [53]
 [56]
 [46]
 [53]
 [56]
 [49]
 [55]
 [49]
 [49]
 [45]
 [48]
 [32]
 [53]
 [54]
 [53]
 [56]
 [46]
 [53]
 [56]
 [53]
 [54]
 [57]
 [51]
 [57]
 [57]
 [57]
 [57]
 [57]
 [57]
 [45]
 [49]] 
------------------------ Dataset: chq ------------------------
shape: (26, 1), dtype: uint16
Data:[[53]
 [54]
 [55]
 [52]
 [46]
 [50]
 [57]
 [51]
 [53]
 [52]
 [45]
 [48]
 [32]
 [53]
 [54]
 [55]
 [52]
 [46]
 [50]
 [56]
 [57]
 [53]
 [56]
 [57]
 [45]
 [49]] 
------------------------ Dataset: chr ------------------------
shape: (33, 1), dtype: uint16
Data:[[53]
 [54]
 [57]
 [48]
 [46]
 [48]
 [54]
 [57]
 [53]
 [49]
 [54]
 [45]
 [48]
 [32]
 [53]
 [54]
 [57]
 [48]
 [46]
 [48]
 [55]
 [51]
 [56]
 [53]
 [54]
 [57]
 [57]
 [57]
 [57]
 [57]
 [57]
 [45]
 [49]] 
------------------------ Dataset: chs ------------------------
shape: (34, 1), dtype: uint16
Data:[[54]
 [52]
 [49]
 [51]
 [46]
 [51]
 [52]
 [54]
 [53]
 [57]
 [56]
 [57]
 [57]
 [57]
 [57]
 [57]
 [57]
 [53]
 [45]
 [48]
 [32]
 [54]
 [52]
 [49]
 [51]
 [46]
 [51]
 [53]
 [48]
 [50]
 [48]
 [53]
 [45]
 [49]] 
------------------------ Dataset: cht ------------------------
shape: (39, 1), dtype: uint16
Data:[[54]
 [54]
 [48]
 [53]
 [46]
 [52]
 [49]
 [52]
 [49]
 [54]
 [52]
 [57]
 [57]
 [57]
 [57]
 [57]
 [57]
 [45]
 [48]
 [32]
 [54]
 [54]
 [48]
 [53]
 [46]
 [52]
 [49]
 [48]
 [49]
 [52]
 [48]
 [57]
 [57]
 [57]
 [57]
 [57]
 [57]
 [45]
 [49]] 
------------------------ Dataset: chu ------------------------
shape: (27, 1), dtype: uint16
Data:[[54]
 [54]
 [50]
 [49]
 [46]
 [51]
 [56]
 [52]
 [57]
 [49]
 [57]
 [45]
 [48]
 [32]
 [54]
 [54]
 [50]
 [49]
 [46]
 [51]
 [56]
 [55]
 [57]
 [52]
 [56]
 [45]
 [49]] 
------------------------ Dataset: chv ------------------------
shape: (27, 1), dtype: uint16
Data:[[54]
 [54]
 [51]
 [55]
 [46]
 [50]
 [51]
 [52]
 [53]
 [51]
 [51]
 [45]
 [48]
 [32]
 [54]
 [54]
 [51]
 [55]
 [46]
 [50]
 [50]
 [54]
 [48]
 [51]
 [56]
 [45]
 [49]] 
------------------------ Dataset: chw ------------------------
shape: (33, 1), dtype: uint16
Data:[[54]
 [54]
 [53]
 [50]
 [46]
 [56]
 [50]
 [54]
 [49]
 [50]
 [57]
 [45]
 [48]
 [32]
 [54]
 [54]
 [53]
 [50]
 [46]
 [56]
 [50]
 [50]
 [49]
 [55]
 [52]
 [57]
 [57]
 [57]
 [57]
 [57]
 [57]
 [45]
 [49]] 
------------------------ Dataset: chx ------------------------
shape: (27, 1), dtype: uint16
Data:[[54]
 [54]
 [54]
 [56]
 [46]
 [54]
 [57]
 [54]
 [50]
 [48]
 [57]
 [45]
 [48]
 [32]
 [54]
 [54]
 [54]
 [56]
 [46]
 [54]
 [57]
 [56]
 [57]
 [48]
 [55]
 [45]
 [49]] 
------------------------ Dataset: chy ------------------------
shape: (27, 1), dtype: uint16
Data:[[54]
 [54]
 [56]
 [52]
 [46]
 [54]
 [48]
 [50]
 [48]
 [51]
 [56]
 [45]
 [48]
 [32]
 [54]
 [54]
 [56]
 [52]
 [46]
 [54]
 [48]
 [54]
 [48]
 [54]
 [50]
 [45]
 [49]] 
------------------------ Dataset: chz ------------------------
shape: (27, 1), dtype: uint16
Data:[[53]
 [57]
 [48]
 [50]
 [46]
 [53]
 [50]
 [53]
 [54]
 [56]
 [53]
 [45]
 [48]
 [32]
 [53]
 [57]
 [48]
 [50]
 [46]
 [53]
 [50]
 [57]
 [55]
 [50]
 [51]
 [45]
 [49]] 
------------------------ Dataset: ci ------------------------

shape: (1, 6), dtype: uint32
Data:[[3707764736          2          1          1        426          1]] 
------------------------ Dataset: dhb ------------------------
shape: (34, 1), dtype: uint16
Data:[[54]
 [55]
 [54]
 [54]
 [46]
 [51]
 [50]
 [49]
 [50]
 [57]
 [54]
 [45]
 [48]
 [32]
 [54]
 [55]
 [54]
 [54]
 [46]
 [51]
 [49]
 [52]
 [50]
 [52]
 [49]
 [57]
 [57]
 [57]
 [57]
 [57]
 [57]
 [53]
 [45]
 [49]] 
------------------------ Dataset: dhc ------------------------
shape: (33, 1), dtype: uint16
Data:[[54]
 [50]
 [55]
 [57]
 [46]
 [49]
 [49]
 [55]
 [57]
 [52]
 [52]
 [45]
 [48]
 [32]
 [54]
 [50]
 [55]
 [57]
 [46]
 [49]
 [50]
 [49]
 [57]
 [49]
 [56]
 [57]
 [57]
 [57]
 [57]
 [57]
 [57]
 [45]
 [49]] 
------------------------ Dataset: dhd ------------------------
shape: (40, 1), dtype: uint16
Data:[[54]
 [50]
 [57]
 [52]
 [46]
 [56]
 [57]
 [52]
 [50]
 [56]
 [55]
 [57]
 [57]
 [57]
 [57]
 [57]
 [57]
 [53]
 [45]
 [48]
 [32]
 [54]
 [50]
 [57]
 [52]
 [46]
 [56]
 [56]
 [57]
 [56]
 [54]
 [50]
 [57]
 [57]
 [57]
 [57]
 [57]
 [57]
 [45]
 [49]] 
------------------------ Dataset: dhe ------------------------
shape: (27, 1), dtype: uint16
Data:[[54]
 [51]
 [49]
 [48]
 [46]
 [55]
 [50]
 [49]
 [48]
 [56]
 [57]
 [45]
 [48]
 [32]
 [54]
 [51]
 [49]
 [48]
 [46]
 [55]
 [50]
 [52]
 [53]
 [57]
 [50]
 [45]
 [49]] 
------------------------ Dataset: dhf ------------------------
shape: (33, 1), dtype: uint16
Data:[[54]
 [51]
 [50]
 [54]
 [46]
 [53]
 [55]
 [50]
 [51]
 [48]
 [50]
 [45]
 [48]
 [32]
 [54]
 [51]
 [50]
 [54]
 [46]
 [53]
 [55]
 [54]
 [49]
 [52]
 [53]
 [57]
 [57]
 [57]
 [57]
 [57]
 [57]
 [45]
 [49]] 
------------------------ Dataset: dhg ------------------------
shape: (39, 1), dtype: uint16
Data:[[54]
 [51]
 [52]
 [50]
 [46]
 [51]
 [56]
 [53]
 [56]
 [56]
 [48]
 [57]
 [57]
 [57]
 [57]
 [57]
 [57]
 [45]
 [48]
 [32]
 [54]
 [51]
 [52]
 [50]
 [46]
 [51]
 [56]
 [57]
 [57]
 [52]
 [48]
 [57]
 [57]
 [57]
 [57]
 [57]
 [57]
 [45]
 [49]] 
------------------------ Dataset: dhh ------------------------
shape: (33, 1), dtype: uint16
Data:[[54]
 [53]
 [48]
 [55]
 [46]
 [52]
 [57]
 [51]
 [57]
 [54]
 [53]
 [45]
 [48]
 [32]
 [54]
 [53]
 [48]
 [55]
 [46]
 [52]
 [57]
 [56]
 [48]
 [50]
 [53]
 [57]
 [57]
 [57]
 [57]
 [57]
 [57]
 [45]
 [49]] 
------------------------ Dataset: dhi ------------------------
shape: (39, 1), dtype: uint16
Data:[[54]
 [53]
 [50]
 [51]
 [46]
 [51]
 [49]
 [55]
 [57]
 [52]
 [48]
 [57]
 [57]
 [57]
 [57]
 [57]
 [57]
 [45]
 [48]
 [32]
 [54]
 [53]
 [50]
 [51]
 [46]
 [51]
 [50]
 [50]
 [48]
 [48]
 [53]
 [57]
 [57]
 [57]
 [57]
 [57]
 [57]
 [45]
 [49]] 
------------------------ Dataset: dhj ------------------------
shape: (27, 1), dtype: uint16
Data:[[54]
 [48]
 [49]
 [56]
 [46]
 [56]
 [57]
 [55]
 [56]
 [48]
 [51]
 [45]
 [48]
 [32]
 [54]
 [48]
 [49]
 [56]
 [46]
 [56]
 [57]
 [51]
 [56]
 [49]
 [55]
 [45]
 [49]] 
------------------------ Dataset: dhk ------------------------
shape: (39, 1), dtype: uint16
Data:[[54]
 [48]
 [51]
 [52]
 [46]
 [55]
 [48]
 [53]
 [55]
 [54]
 [51]
 [57]
 [57]
 [57]
 [57]
 [57]
 [57]
 [45]
 [48]
 [32]
 [54]
 [48]
 [51]
 [52]
 [46]
 [55]
 [48]
 [49]
 [55]
 [54]
 [56]
 [57]
 [57]
 [57]
 [57]
 [57]
 [57]
 [45]
 [49]] 
------------------------ Dataset: dhl ------------------------
shape: (27, 1), dtype: uint16
Data:[[54]
 [48]
 [53]
 [48]
 [46]
 [51]
 [49]
 [55]
 [55]
 [53]
 [57]
 [45]
 [48]
 [32]
 [54]
 [48]
 [53]
 [48]
 [46]
 [51]
 [50]
 [49]
 [55]
 [57]
 [53]
 [45]
 [49]] 
------------------------ Dataset: dhm ------------------------
shape: (32, 1), dtype: uint16
Data:[[54]
 [48]
 [54]
 [54]
 [46]
 [50]
 [48]
 [54]
 [53]
 [50]
 [45]
 [48]
 [32]
 [54]
 [48]
 [54]
 [54]
 [46]
 [50]
 [48]
 [50]
 [49]
 [55]
 [52]
 [57]
 [57]
 [57]
 [57]
 [57]
 [57]
 [45]
 [49]] 
------------------------ Dataset: dhn ------------------------
shape: (33, 1), dtype: uint16
Data:[[54]
 [48]
 [56]
 [50]
 [46]
 [49]
 [53]
 [53]
 [55]
 [53]
 [53]
 [45]
 [48]
 [32]
 [54]
 [48]
 [56]
 [50]
 [46]
 [49]
 [53]
 [53]
 [52]
 [54]
 [53]
 [57]
 [57]
 [57]
 [57]
 [57]
 [57]
 [45]
 [49]] 
------------------------ Dataset: dho ------------------------
shape: (39, 1), dtype: uint16
Data:[[53]
 [54]
 [52]
 [50]
 [46]
 [56]
 [52]
 [56]
 [53]
 [48]
 [50]
 [57]
 [57]
 [57]
 [57]
 [57]
 [57]
 [45]
 [48]
 [32]
 [53]
 [54]
 [52]
 [50]
 [46]
 [56]
 [53]
 [49]
 [53]
 [48]
 [54]
 [57]
 [57]
 [57]
 [57]
 [57]
 [57]
 [45]
 [49]] 
------------------------ Dataset: dhp ------------------------
shape: (33, 1), dtype: uint16
Data:[[53]
 [54]
 [53]
 [56]
 [46]
 [53]
 [56]
 [57]
 [53]
 [57]
 [54]
 [45]
 [48]
 [32]
 [53]
 [54]
 [53]
 [56]
 [46]
 [53]
 [56]
 [53]
 [54]
 [57]
 [51]
 [57]
 [57]
 [57]
 [57]
 [57]
 [57]
 [45]
 [49]] 
------------------------ Dataset: dhq ------------------------
shape: (26, 1), dtype: uint16
Data:[[53]
 [54]
 [55]
 [52]
 [46]
 [50]
 [57]
 [51]
 [53]
 [52]
 [45]
 [48]
 [32]
 [53]
 [54]
 [55]
 [52]
 [46]
 [50]
 [57]
 [55]
 [53]
 [52]
 [56]
 [45]
 [49]] 
------------------------ Dataset: dhr ------------------------
shape: (40, 1), dtype: uint16
Data:[[53]
 [54]
 [57]
 [48]
 [46]
 [48]
 [55]
 [55]
 [55]
 [56]
 [52]
 [57]
 [57]
 [57]
 [57]
 [57]
 [57]
 [53]
 [45]
 [48]
 [32]
 [53]
 [54]
 [57]
 [48]
 [46]
 [48]
 [55]
 [51]
 [56]
 [53]
 [54]
 [57]
 [57]
 [57]
 [57]
 [57]
 [57]
 [45]
 [49]] 
------------------------ Dataset: dhs ------------------------
shape: (27, 1), dtype: uint16
Data:[[54]
 [52]
 [49]
 [51]
 [46]
 [51]
 [54]
 [50]
 [52]
 [56]
 [49]
 [45]
 [48]
 [32]
 [54]
 [52]
 [49]
 [51]
 [46]
 [51]
 [53]
 [48]
 [50]
 [48]
 [53]
 [45]
 [49]] 
------------------------ Dataset: dht ------------------------
shape: (32, 1), dtype: uint16
Data:[[54]
 [54]
 [48]
 [53]
 [46]
 [52]
 [49]
 [52]
 [49]
 [54]
 [52]
 [57]
 [57]
 [57]
 [57]
 [57]
 [57]
 [45]
 [48]
 [32]
 [54]
 [54]
 [48]
 [53]
 [46]
 [52]
 [49]
 [56]
 [48]
 [51]
 [45]
 [49]] 
------------------------ Dataset: dhu ------------------------
shape: (27, 1), dtype: uint16
Data:[[54]
 [54]
 [50]
 [49]
 [46]
 [51]
 [57]
 [48]
 [50]
 [49]
 [57]
 [45]
 [48]
 [32]
 [54]
 [54]
 [50]
 [49]
 [46]
 [51]
 [56]
 [55]
 [57]
 [52]
 [56]
 [45]
 [49]] 
------------------------ Dataset: dhv ------------------------
shape: (27, 1), dtype: uint16
Data:[[54]
 [54]
 [51]
 [55]
 [46]
 [50]
 [51]
 [52]
 [53]
 [51]
 [51]
 [45]
 [48]
 [32]
 [54]
 [54]
 [51]
 [55]
 [46]
 [50]
 [51]
 [56]
 [50]
 [57]
 [52]
 [45]
 [49]] 
------------------------ Dataset: dhw ------------------------
shape: (33, 1), dtype: uint16
Data:[[54]
 [54]
 [53]
 [50]
 [46]
 [56]
 [50]
 [54]
 [49]
 [50]
 [57]
 [45]
 [48]
 [32]
 [54]
 [54]
 [53]
 [50]
 [46]
 [56]
 [51]
 [48]
 [50]
 [53]
 [53]
 [57]
 [57]
 [57]
 [57]
 [57]
 [57]
 [45]
 [49]] 
------------------------ Dataset: dhx ------------------------
shape: (27, 1), dtype: uint16
Data:[[54]
 [54]
 [54]
 [56]
 [46]
 [55]
 [49]
 [53]
 [51]
 [57]
 [57]
 [45]
 [48]
 [32]
 [54]
 [54]
 [54]
 [56]
 [46]
 [54]
 [57]
 [56]
 [57]
 [48]
 [55]
 [45]
 [49]] 
------------------------ Dataset: dhy ------------------------
shape: (27, 1), dtype: uint16
Data:[[54]
 [54]
 [56]
 [52]
 [46]
 [54]
 [49]
 [48]
 [48]
 [49]
 [52]
 [45]
 [48]
 [32]
 [54]
 [54]
 [56]
 [52]
 [46]
 [54]
 [48]
 [54]
 [48]
 [54]
 [50]
 [45]
 [49]] 
------------------------ Dataset: dhz ------------------------
shape: (33, 1), dtype: uint16
Data:[[53]
 [57]
 [48]
 [50]
 [46]
 [53]
 [51]
 [51]
 [54]
 [56]
 [52]
 [57]
 [57]
 [57]
 [57]
 [57]
 [57]
 [45]
 [48]
 [32]
 [53]
 [57]
 [48]
 [50]
 [46]
 [53]
 [50]
 [57]
 [55]
 [50]
 [51]
 [45]
 [49]] 
------------------------ Dataset: di ------------------------

shape: (1, 6), dtype: uint32
Data:[[3707764736          2          1          1        427          1]] 
------------------------ Dataset: ehb ------------------------
shape: (33, 1), dtype: uint16
Data:[[54]
 [55]
 [54]
 [54]
 [46]
 [51]
 [50]
 [49]
 [50]
 [57]
 [54]
 [45]
 [48]
 [32]
 [54]
 [55]
 [54]
 [54]
 [46]
 [51]
 [50]
 [56]
 [52]
 [52]
 [55]
 [57]
 [57]
 [57]
 [57]
 [57]
 [57]
 [45]
 [49]] 
------------------------ Dataset: ehc ------------------------
shape: (39, 1), dtype: uint16
Data:[[54]
 [50]
 [55]
 [57]
 [46]
 [49]
 [51]
 [48]
 [57]
 [56]
 [56]
 [57]
 [57]
 [57]
 [57]
 [57]
 [57]
 [45]
 [48]
 [32]
 [54]
 [50]
 [55]
 [57]
 [46]
 [49]
 [50]
 [49]
 [57]
 [49]
 [56]
 [57]
 [57]
 [57]
 [57]
 [57]
 [57]
 [45]
 [49]] 
------------------------ Dataset: ehd ------------------------
shape: (34, 1), dtype: uint16
Data:[[54]
 [50]
 [57]
 [52]
 [46]
 [56]
 [57]
 [52]
 [50]
 [56]
 [55]
 [57]
 [57]
 [57]
 [57]
 [57]
 [57]
 [53]
 [45]
 [48]
 [32]
 [54]
 [50]
 [57]
 [52]
 [46]
 [56]
 [57]
 [55]
 [57]
 [50]
 [55]
 [45]
 [49]] 
------------------------ Dataset: ehe ------------------------
shape: (27, 1), dtype: uint16
Data:[[54]
 [51]
 [49]
 [48]
 [46]
 [55]
 [50]
 [53]
 [52]
 [57]
 [56]
 [45]
 [48]
 [32]
 [54]
 [51]
 [49]
 [48]
 [46]
 [55]
 [50]
 [52]
 [53]
 [57]
 [50]
 [45]
 [49]] 
------------------------ Dataset: ehf ------------------------
shape: (33, 1), dtype: uint16
Data:[[54]
 [51]
 [50]
 [54]
 [46]
 [53]
 [55]
 [56]
 [51]
 [52]
 [55]
 [45]
 [48]
 [32]
 [54]
 [51]
 [50]
 [54]
 [46]
 [53]
 [55]
 [54]
 [49]
 [52]
 [53]
 [57]
 [57]
 [57]
 [57]
 [57]
 [57]
 [45]
 [49]] 
------------------------ Dataset: ehg ------------------------
shape: (33, 1), dtype: uint16
Data:[[54]
 [51]
 [52]
 [50]
 [46]
 [51]
 [57]
 [51]
 [56]
 [53]
 [49]
 [45]
 [48]
 [32]
 [54]
 [51]
 [52]
 [50]
 [46]
 [51]
 [56]
 [57]
 [57]
 [52]
 [48]
 [57]
 [57]
 [57]
 [57]
 [57]
 [57]
 [45]
 [49]] 
------------------------ Dataset: ehh ------------------------
shape: (40, 1), dtype: uint16
Data:[[54]
 [53]
 [48]
 [55]
 [46]
 [53]
 [48]
 [50]
 [48]
 [52]
 [50]
 [57]
 [57]
 [57]
 [57]
 [57]
 [57]
 [53]
 [45]
 [48]
 [32]
 [54]
 [53]
 [48]
 [55]
 [46]
 [52]
 [57]
 [56]
 [48]
 [50]
 [53]
 [57]
 [57]
 [57]
 [57]
 [57]
 [57]
 [45]
 [49]] 
------------------------ Dataset: ehi ------------------------
shape: (33, 1), dtype: uint16
Data:[[54]
 [53]
 [50]
 [51]
 [46]
 [51]
 [50]
 [54]
 [48]
 [57]
 [51]
 [45]
 [48]
 [32]
 [54]
 [53]
 [50]
 [51]
 [46]
 [51]
 [50]
 [50]
 [48]
 [48]
 [53]
 [57]
 [57]
 [57]
 [57]
 [57]
 [57]
 [45]
 [49]] 
------------------------ Dataset: ehj ------------------------
shape: (27, 1), dtype: uint16
Data:[[54]
 [48]
 [49]
 [56]
 [46]
 [56]
 [57]
 [55]
 [56]
 [48]
 [51]
 [45]
 [48]
 [32]
 [54]
 [48]
 [49]
 [56]
 [46]
 [57]
 [48]
 [49]
 [56]
 [48]
 [56]
 [45]
 [49]] 
------------------------ Dataset: ehk ------------------------
shape: (33, 1), dtype: uint16
Data:[[54]
 [48]
 [51]
 [52]
 [46]
 [55]
 [48]
 [53]
 [55]
 [54]
 [51]
 [57]
 [57]
 [57]
 [57]
 [57]
 [57]
 [45]
 [48]
 [32]
 [54]
 [48]
 [51]
 [52]
 [46]
 [55]
 [48]
 [57]
 [55]
 [57]
 [50]
 [45]
 [49]] 
------------------------ Dataset: ehl ------------------------
shape: (34, 1), dtype: uint16
Data:[[54]
 [48]
 [53]
 [48]
 [46]
 [51]
 [50]
 [55]
 [55]
 [52]
 [57]
 [57]
 [57]
 [57]
 [57]
 [57]
 [57]
 [53]
 [45]
 [48]
 [32]
 [54]
 [48]
 [53]
 [48]
 [46]
 [51]
 [50]
 [49]
 [55]
 [57]
 [53]
 [45]
 [49]] 
------------------------ Dataset: ehm ------------------------
shape: (32, 1), dtype: uint16
Data:[[54]
 [48]
 [54]
 [54]
 [46]
 [50]
 [48]
 [54]
 [53]
 [50]
 [45]
 [48]
 [32]
 [54]
 [48]
 [54]
 [54]
 [46]
 [50]
 [48]
 [57]
 [55]
 [50]
 [48]
 [57]
 [57]
 [57]
 [57]
 [57]
 [57]
 [45]
 [49]] 
------------------------ Dataset: ehn ------------------------
shape: (27, 1), dtype: uint16
Data:[[54]
 [48]
 [56]
 [50]
 [46]
 [49]
 [53]
 [53]
 [55]
 [53]
 [53]
 [45]
 [48]
 [32]
 [54]
 [48]
 [56]
 [50]
 [46]
 [49]
 [54]
 [48]
 [52]
 [48]
 [53]
 [45]
 [49]] 
------------------------ Dataset: eho ------------------------
shape: (33, 1), dtype: uint16
Data:[[53]
 [54]
 [52]
 [50]
 [46]
 [56]
 [53]
 [52]
 [57]
 [55]
 [57]
 [45]
 [48]
 [32]
 [53]
 [54]
 [52]
 [50]
 [46]
 [56]
 [53]
 [49]
 [53]
 [48]
 [54]
 [57]
 [57]
 [57]
 [57]
 [57]
 [57]
 [45]
 [49]] 
------------------------ Dataset: ehp ------------------------
shape: (26, 1), dtype: uint16
Data:[[53]
 [54]
 [53]
 [56]
 [46]
 [53]
 [56]
 [57]
 [53]
 [57]
 [54]
 [45]
 [48]
 [32]
 [53]
 [54]
 [53]
 [56]
 [46]
 [53]
 [57]
 [52]
 [57]
 [50]
 [45]
 [49]] 
------------------------ Dataset: ehq ------------------------
shape: (33, 1), dtype: uint16
Data:[[53]
 [54]
 [55]
 [52]
 [46]
 [51]
 [48]
 [49]
 [53]
 [52]
 [52]
 [57]
 [57]
 [57]
 [57]
 [57]
 [57]
 [45]
 [48]
 [32]
 [53]
 [54]
 [55]
 [52]
 [46]
 [50]
 [57]
 [55]
 [53]
 [52]
 [56]
 [45]
 [49]] 
------------------------ Dataset: ehr ------------------------
shape: (33, 1), dtype: uint16
Data:[[53]
 [54]
 [57]
 [48]
 [46]
 [48]
 [55]
 [55]
 [55]
 [56]
 [52]
 [57]
 [57]
 [57]
 [57]
 [57]
 [57]
 [53]
 [45]
 [48]
 [32]
 [53]
 [54]
 [57]
 [48]
 [46]
 [48]
 [56]
 [49]
 [55]
 [51]
 [45]
 [49]] 
------------------------ Dataset: ehs ------------------------
shape: (33, 1), dtype: uint16
Data:[[54]
 [52]
 [49]
 [51]
 [46]
 [51]
 [54]
 [50]
 [52]
 [56]
 [49]
 [45]
 [48]
 [32]
 [54]
 [52]
 [49]
 [51]
 [46]
 [51]
 [54]
 [50]
 [53]
 [51]
 [55]
 [57]
 [57]
 [57]
 [57]
 [57]
 [57]
 [45]
 [49]] 
------------------------ Dataset: eht ------------------------
shape: (26, 1), dtype: uint16
Data:[[54]
 [54]
 [48]
 [53]
 [46]
 [52]
 [50]
 [50]
 [48]
 [51]
 [56]
 [45]
 [48]
 [32]
 [54]
 [54]
 [48]
 [53]
 [46]
 [52]
 [49]
 [56]
 [48]
 [51]
 [45]
 [49]] 
------------------------ Dataset: ehu ------------------------
shape: (33, 1), dtype: uint16
Data:[[54]
 [54]
 [50]
 [49]
 [46]
 [51]
 [57]
 [48]
 [50]
 [49]
 [57]
 [45]
 [48]
 [32]
 [54]
 [54]
 [50]
 [49]
 [46]
 [51]
 [57]
 [52]
 [49]
 [49]
 [55]
 [57]
 [57]
 [57]
 [57]
 [57]
 [57]
 [45]
 [49]] 
------------------------ Dataset: ehv ------------------------
shape: (27, 1), dtype: uint16
Data:[[54]
 [54]
 [51]
 [55]
 [46]
 [50]
 [51]
 [56]
 [55]
 [54]
 [57]
 [45]
 [48]
 [32]
 [54]
 [54]
 [51]
 [55]
 [46]
 [50]
 [51]
 [56]
 [50]
 [57]
 [52]
 [45]
 [49]] 
------------------------ Dataset: ehw ------------------------
shape: (39, 1), dtype: uint16
Data:[[54]
 [54]
 [53]
 [50]
 [46]
 [56]
 [51]
 [55]
 [56]
 [56]
 [56]
 [57]
 [57]
 [57]
 [57]
 [57]
 [57]
 [45]
 [48]
 [32]
 [54]
 [54]
 [53]
 [50]
 [46]
 [56]
 [51]
 [48]
 [50]
 [53]
 [53]
 [57]
 [57]
 [57]
 [57]
 [57]
 [57]
 [45]
 [49]] 
------------------------ Dataset: ehx ------------------------
shape: (34, 1), dtype: uint16
Data:[[54]
 [54]
 [54]
 [56]
 [46]
 [55]
 [49]
 [53]
 [51]
 [57]
 [57]
 [45]
 [48]
 [32]
 [54]
 [54]
 [54]
 [56]
 [46]
 [55]
 [50]
 [51]
 [48]
 [54]
 [50]
 [57]
 [57]
 [57]
 [57]
 [57]
 [57]
 [53]
 [45]
 [49]] 
------------------------ Dataset: ehy ------------------------
shape: (27, 1), dtype: uint16
Data:[[54]
 [54]
 [56]
 [52]
 [46]
 [54]
 [49]
 [48]
 [48]
 [49]
 [52]
 [45]
 [48]
 [32]
 [54]
 [54]
 [56]
 [52]
 [46]
 [54]
 [49]
 [53]
 [52]
 [54]
 [55]
 [45]
 [49]] 
------------------------ Dataset: ehz ------------------------
shape: (39, 1), dtype: uint16
Data:[[53]
 [57]
 [48]
 [50]
 [46]
 [53]
 [51]
 [51]
 [54]
 [56]
 [52]
 [57]
 [57]
 [57]
 [57]
 [57]
 [57]
 [45]
 [48]
 [32]
 [53]
 [57]
 [48]
 [50]
 [46]
 [53]
 [51]
 [55]
 [57]
 [51]
 [49]
 [57]
 [57]
 [57]
 [57]
 [57]
 [57]
 [45]
 [49]] 
------------------------ Dataset: ei ------------------------

shape: (1, 6), dtype: uint32
Data:[[3707764736          2          1          1        428          1]] 
------------------------ Dataset: fhb ------------------------
shape: (33, 1), dtype: uint16
Data:[[54]
 [55]
 [54]
 [54]
 [46]
 [51]
 [50]
 [56]
 [53]
 [52]
 [52]
 [45]
 [48]
 [32]
 [54]
 [55]
 [54]
 [54]
 [46]
 [51]
 [50]
 [56]
 [52]
 [52]
 [55]
 [57]
 [57]
 [57]
 [57]
 [57]
 [57]
 [45]
 [49]] 
------------------------ Dataset: fhc ------------------------
shape: (33, 1), dtype: uint16
Data:[[54]
 [50]
 [55]
 [57]
 [46]
 [49]
 [51]
 [48]
 [57]
 [56]
 [56]
 [57]
 [57]
 [57]
 [57]
 [57]
 [57]
 [45]
 [48]
 [32]
 [54]
 [50]
 [55]
 [57]
 [46]
 [49]
 [51]
 [55]
 [49]
 [50]
 [52]
 [45]
 [49]] 
------------------------ Dataset: fhd ------------------------
shape: (27, 1), dtype: uint16
Data:[[54]
 [50]
 [57]
 [52]
 [46]
 [57]
 [48]
 [50]
 [50]
 [54]
 [53]
 [45]
 [48]
 [32]
 [54]
 [50]
 [57]
 [52]
 [46]
 [56]
 [57]
 [55]
 [57]
 [50]
 [55]
 [45]
 [49]] 
------------------------ Dataset: fhe ------------------------
shape: (27, 1), dtype: uint16
Data:[[54]
 [51]
 [49]
 [48]
 [46]
 [55]
 [50]
 [53]
 [52]
 [57]
 [56]
 [45]
 [48]
 [32]
 [54]
 [51]
 [49]
 [48]
 [46]
 [55]
 [51]
 [49]
 [49]
 [48]
 [53]
 [45]
 [49]] 
------------------------ Dataset: fhf ------------------------
shape: (27, 1), dtype: uint16
Data:[[54]
 [51]
 [50]
 [54]
 [46]
 [53]
 [55]
 [56]
 [51]
 [52]
 [55]
 [45]
 [48]
 [32]
 [54]
 [51]
 [50]
 [54]
 [46]
 [53]
 [56]
 [50]
 [52]
 [57]
 [56]
 [45]
 [49]] 
------------------------ Dataset: fhg ------------------------
shape: (33, 1), dtype: uint16
Data:[[54]
 [51]
 [52]
 [50]
 [46]
 [51]
 [57]
 [51]
 [56]
 [53]
 [49]
 [45]
 [48]
 [32]
 [54]
 [51]
 [52]
 [50]
 [46]
 [51]
 [57]
 [55]
 [57]
 [56]
 [54]
 [57]
 [57]
 [57]
 [57]
 [57]
 [57]
 [45]
 [49]] 
------------------------ Dataset: fhh ------------------------
shape: (34, 1), dtype: uint16
Data:[[54]
 [53]
 [48]
 [55]
 [46]
 [53]
 [48]
 [50]
 [48]
 [52]
 [50]
 [57]
 [57]
 [57]
 [57]
 [57]
 [57]
 [53]
 [45]
 [48]
 [32]
 [54]
 [53]
 [48]
 [55]
 [46]
 [53]
 [49]
 [50]
 [54]
 [53]
 [56]
 [45]
 [49]] 
------------------------ Dataset: fhi ------------------------
shape: (27, 1), dtype: uint16
Data:[[54]
 [53]
 [50]
 [51]
 [46]
 [51]
 [50]
 [54]
 [48]
 [57]
 [51]
 [45]
 [48]
 [32]
 [54]
 [53]
 [50]
 [51]
 [46]
 [51]
 [51]
 [48]
 [48]
 [49]
 [52]
 [45]
 [49]] 
------------------------ Dataset: fhj ------------------------
shape: (33, 1), dtype: uint16
Data:[[54]
 [48]
 [49]
 [56]
 [46]
 [57]
 [48]
 [53]
 [55]
 [48]
 [50]
 [57]
 [57]
 [57]
 [57]
 [57]
 [57]
 [45]
 [48]
 [32]
 [54]
 [48]
 [49]
 [56]
 [46]
 [57]
 [48]
 [49]
 [56]
 [48]
 [56]
 [45]
 [49]] 
------------------------ Dataset: fhk ------------------------
shape: (27, 1), dtype: uint16
Data:[[54]
 [48]
 [51]
 [52]
 [46]
 [55]
 [50]
 [52]
 [48]
 [54]
 [55]
 [45]
 [48]
 [32]
 [54]
 [48]
 [51]
 [52]
 [46]
 [55]
 [48]
 [57]
 [55]
 [57]
 [50]
 [45]
 [49]] 
------------------------ Dataset: fhl ------------------------
shape: (34, 1), dtype: uint16
Data:[[54]
 [48]
 [53]
 [48]
 [46]
 [51]
 [50]
 [55]
 [55]
 [52]
 [57]
 [57]
 [57]
 [57]
 [57]
 [57]
 [57]
 [53]
 [45]
 [48]
 [32]
 [54]
 [48]
 [53]
 [48]
 [46]
 [51]
 [51]
 [53]
 [56]
 [50]
 [55]
 [45]
 [49]] 
------------------------ Dataset: fhm ------------------------
shape: (39, 1), dtype: uint16
Data:[[54]
 [48]
 [54]
 [54]
 [46]
 [50]
 [49]
 [51]
 [55]
 [52]
 [50]
 [57]
 [57]
 [57]
 [57]
 [57]
 [57]
 [45]
 [48]
 [32]
 [54]
 [48]
 [54]
 [54]
 [46]
 [50]
 [48]
 [57]
 [55]
 [50]
 [48]
 [57]
 [57]
 [57]
 [57]
 [57]
 [57]
 [45]
 [49]] 
------------------------ Dataset: fhn ------------------------
shape: (27, 1), dtype: uint16
Data:[[54]
 [48]
 [56]
 [50]
 [46]
 [49]
 [54]
 [48]
 [53]
 [49]
 [49]
 [45]
 [48]
 [32]
 [54]
 [48]
 [56]
 [50]
 [46]
 [49]
 [54]
 [48]
 [52]
 [48]
 [53]
 [45]
 [49]] 
------------------------ Dataset: fho ------------------------
shape: (27, 1), dtype: uint16
Data:[[53]
 [54]
 [52]
 [50]
 [46]
 [56]
 [53]
 [52]
 [57]
 [55]
 [57]
 [45]
 [48]
 [32]
 [53]
 [54]
 [52]
 [50]
 [46]
 [56]
 [53]
 [54]
 [56]
 [48]
 [56]
 [45]
 [49]] 
------------------------ Dataset: fhp ------------------------
shape: (32, 1), dtype: uint16
Data:[[53]
 [54]
 [53]
 [56]
 [46]
 [53]
 [57]
 [55]
 [57]
 [53]
 [55]
 [57]
 [57]
 [57]
 [57]
 [57]
 [57]
 [45]
 [48]
 [32]
 [53]
 [54]
 [53]
 [56]
 [46]
 [53]
 [57]
 [52]
 [57]
 [50]
 [45]
 [49]] 
------------------------ Dataset: fhq ------------------------
shape: (39, 1), dtype: uint16
Data:[[53]
 [54]
 [55]
 [52]
 [46]
 [51]
 [48]
 [49]
 [53]
 [52]
 [52]
 [57]
 [57]
 [57]
 [57]
 [57]
 [57]
 [45]
 [48]
 [32]
 [53]
 [54]
 [55]
 [52]
 [46]
 [51]
 [48]
 [53]
 [54]
 [48]
 [54]
 [57]
 [57]
 [57]
 [57]
 [57]
 [57]
 [45]
 [49]] 
------------------------ Dataset: fhr ------------------------
shape: (26, 1), dtype: uint16
Data:[[53]
 [54]
 [57]
 [48]
 [46]
 [48]
 [56]
 [53]
 [54]
 [52]
 [53]
 [45]
 [48]
 [32]
 [53]
 [54]
 [57]
 [48]
 [46]
 [48]
 [56]
 [49]
 [55]
 [51]
 [45]
 [49]] 
------------------------ Dataset: fhs ------------------------
shape: (32, 1), dtype: uint16
Data:[[54]
 [52]
 [49]
 [51]
 [46]
 [51]
 [54]
 [54]
 [50]
 [51]
 [45]
 [48]
 [32]
 [54]
 [52]
 [49]
 [51]
 [46]
 [51]
 [54]
 [50]
 [53]
 [51]
 [55]
 [57]
 [57]
 [57]
 [57]
 [57]
 [57]
 [45]
 [49]] 
------------------------ Dataset: fht ------------------------
shape: (27, 1), dtype: uint16
Data:[[54]
 [54]
 [48]
 [53]
 [46]
 [52]
 [50]
 [50]
 [48]
 [51]
 [56]
 [45]
 [48]
 [32]
 [54]
 [54]
 [48]
 [53]
 [46]
 [52]
 [51]
 [49]
 [57]
 [54]
 [51]
 [45]
 [49]] 
------------------------ Dataset: fhu ------------------------
shape: (33, 1), dtype: uint16
Data:[[54]
 [54]
 [50]
 [49]
 [46]
 [51]
 [57]
 [56]
 [49]
 [51]
 [54]
 [45]
 [48]
 [32]
 [54]
 [54]
 [50]
 [49]
 [46]
 [51]
 [57]
 [52]
 [49]
 [49]
 [55]
 [57]
 [57]
 [57]
 [57]
 [57]
 [57]
 [45]
 [49]] 
------------------------ Dataset: fhv ------------------------
shape: (34, 1), dtype: uint16
Data:[[54]
 [54]
 [51]
 [55]
 [46]
 [50]
 [51]
 [56]
 [55]
 [54]
 [57]
 [45]
 [48]
 [32]
 [54]
 [54]
 [51]
 [55]
 [46]
 [50]
 [52]
 [50]
 [50]
 [56]
 [55]
 [57]
 [57]
 [57]
 [57]
 [57]
 [57]
 [53]
 [45]
 [49]] 
------------------------ Dataset: fhw ------------------------
shape: (40, 1), dtype: uint16
Data:[[54]
 [54]
 [53]
 [50]
 [46]
 [56]
 [51]
 [55]
 [56]
 [56]
 [56]
 [57]
 [57]
 [57]
 [57]
 [57]
 [57]
 [45]
 [48]
 [32]
 [54]
 [54]
 [53]
 [50]
 [46]
 [56]
 [51]
 [56]
 [49]
 [56]
 [57]
 [57]
 [57]
 [57]
 [57]
 [57]
 [57]
 [53]
 [45]
 [49]] 
------------------------ Dataset: fhx ------------------------
shape: (41, 1), dtype: uint16
Data:[[54]
 [54]
 [54]
 [56]
 [46]
 [55]
 [50]
 [51]
 [49]
 [57]
 [49]
 [57]
 [57]
 [57]
 [57]
 [57]
 [57]
 [53]
 [45]
 [48]
 [32]
 [54]
 [54]
 [54]
 [56]
 [46]
 [55]
 [50]
 [51]
 [48]
 [54]
 [50]
 [57]
 [57]
 [57]
 [57]
 [57]
 [57]
 [53]
 [45]
 [49]] 
------------------------ Dataset: fhy ------------------------
shape: (27, 1), dtype: uint16
Data:[[54]
 [54]
 [56]
 [52]
 [46]
 [54]
 [49]
 [57]
 [55]
 [54]
 [56]
 [45]
 [48]
 [32]
 [54]
 [54]
 [56]
 [52]
 [46]
 [54]
 [49]
 [53]
 [52]
 [54]
 [55]
 [45]
 [49]] 
------------------------ Dataset: fhz ------------------------
shape: (33, 1), dtype: uint16
Data:[[53]
 [57]
 [48]
 [50]
 [46]
 [53]
 [52]
 [49]
 [54]
 [54]
 [54]
 [45]
 [48]
 [32]
 [53]
 [57]
 [48]
 [50]
 [46]
 [53]
 [51]
 [55]
 [57]
 [51]
 [49]
 [57]
 [57]
 [57]
 [57]
 [57]
 [57]
 [45]
 [49]] 
------------------------ Dataset: fi ------------------------

shape: (1, 6), dtype: uint32
Data:[[3707764736          2          1          1        429          1]] 
------------------------ Dataset: ghb ------------------------
shape: (33, 1), dtype: uint16
Data:[[54]
 [55]
 [54]
 [54]
 [46]
 [51]
 [50]
 [56]
 [53]
 [52]
 [52]
 [45]
 [48]
 [32]
 [54]
 [55]
 [54]
 [54]
 [46]
 [51]
 [51]
 [49]
 [53]
 [55]
 [52]
 [57]
 [57]
 [57]
 [57]
 [57]
 [57]
 [45]
 [49]] 
------------------------ Dataset: ghc ------------------------
shape: (27, 1), dtype: uint16
Data:[[54]
 [50]
 [55]
 [57]
 [46]
 [49]
 [51]
 [55]
 [51]
 [54]
 [49]
 [45]
 [48]
 [32]
 [54]
 [50]
 [55]
 [57]
 [46]
 [49]
 [51]
 [55]
 [49]
 [50]
 [52]
 [45]
 [49]] 
------------------------ Dataset: ghd ------------------------
shape: (33, 1), dtype: uint16
Data:[[54]
 [50]
 [57]
 [52]
 [46]
 [57]
 [48]
 [50]
 [50]
 [54]
 [53]
 [45]
 [48]
 [32]
 [54]
 [50]
 [57]
 [52]
 [46]
 [57]
 [48]
 [53]
 [57]
 [49]
 [49]
 [57]
 [57]
 [57]
 [57]
 [57]
 [57]
 [45]
 [49]] 
------------------------ Dataset: ghe ------------------------
shape: (34, 1), dtype: uint16
Data:[[54]
 [51]
 [49]
 [48]
 [46]
 [55]
 [51]
 [49]
 [48]
 [57]
 [53]
 [57]
 [57]
 [57]
 [57]
 [57]
 [57]
 [53]
 [45]
 [48]
 [32]
 [54]
 [51]
 [49]
 [48]
 [46]
 [55]
 [51]
 [49]
 [49]
 [48]
 [53]
 [45]
 [49]] 
------------------------ Dataset: ghf ------------------------
shape: (27, 1), dtype: uint16
Data:[[54]
 [51]
 [50]
 [54]
 [46]
 [53]
 [56]
 [54]
 [48]
 [55]
 [52]
 [45]
 [48]
 [32]
 [54]
 [51]
 [50]
 [54]
 [46]
 [53]
 [56]
 [50]
 [52]
 [57]
 [56]
 [45]
 [49]] 
------------------------ Dataset: ghg ------------------------
shape: (33, 1), dtype: uint16
Data:[[54]
 [51]
 [52]
 [50]
 [46]
 [52]
 [48]
 [53]
 [54]
 [54]
 [55]
 [45]
 [48]
 [32]
 [54]
 [51]
 [52]
 [50]
 [46]
 [51]
 [57]
 [55]
 [57]
 [56]
 [54]
 [57]
 [57]
 [57]
 [57]
 [57]
 [57]
 [45]
 [49]] 
------------------------ Dataset: ghh ------------------------
shape: (33, 1), dtype: uint16
Data:[[54]
 [53]
 [48]
 [55]
 [46]
 [53]
 [49]
 [50]
 [55]
 [57]
 [54]
 [57]
 [57]
 [57]
 [57]
 [57]
 [57]
 [45]
 [48]
 [32]
 [54]
 [53]
 [48]
 [55]
 [46]
 [53]
 [49]
 [50]
 [54]
 [53]
 [56]
 [45]
 [49]] 
------------------------ Dataset: ghi ------------------------
shape: (27, 1), dtype: uint16
Data:[[54]
 [53]
 [50]
 [51]
 [46]
 [51]
 [51]
 [51]
 [57]
 [51]
 [51]
 [45]
 [48]
 [32]
 [54]
 [53]
 [50]
 [51]
 [46]
 [51]
 [51]
 [48]
 [48]
 [49]
 [52]
 [45]
 [49]] 
------------------------ Dataset: ghj ------------------------
shape: (33, 1), dtype: uint16
Data:[[54]
 [48]
 [49]
 [56]
 [46]
 [57]
 [48]
 [53]
 [55]
 [48]
 [50]
 [57]
 [57]
 [57]
 [57]
 [57]
 [57]
 [45]
 [48]
 [32]
 [54]
 [48]
 [49]
 [56]
 [46]
 [57]
 [48]
 [57]
 [54]
 [55]
 [55]
 [45]
 [49]] 
------------------------ Dataset: ghk ------------------------
shape: (27, 1), dtype: uint16
Data:[[54]
 [48]
 [51]
 [52]
 [46]
 [55]
 [50]
 [52]
 [48]
 [54]
 [55]
 [45]
 [48]
 [32]
 [54]
 [48]
 [51]
 [52]
 [46]
 [55]
 [50]
 [52]
 [50]
 [50]
 [50]
 [45]
 [49]] 
------------------------ Dataset: ghl ------------------------
shape: (33, 1), dtype: uint16
Data:[[54]
 [48]
 [53]
 [48]
 [46]
 [51]
 [51]
 [53]
 [56]
 [57]
 [55]
 [57]
 [57]
 [57]
 [57]
 [57]
 [57]
 [45]
 [48]
 [32]
 [54]
 [48]
 [53]
 [48]
 [46]
 [51]
 [51]
 [53]
 [56]
 [50]
 [55]
 [45]
 [49]] 
------------------------ Dataset: ghm ------------------------
shape: (33, 1), dtype: uint16
Data:[[54]
 [48]
 [54]
 [54]
 [46]
 [50]
 [49]
 [51]
 [55]
 [52]
 [50]
 [57]
 [57]
 [57]
 [57]
 [57]
 [57]
 [45]
 [48]
 [32]
 [54]
 [48]
 [54]
 [54]
 [46]
 [50]
 [49]
 [55]
 [56]
 [51]
 [57]
 [45]
 [49]] 
------------------------ Dataset: ghn ------------------------
shape: (27, 1), dtype: uint16
Data:[[54]
 [48]
 [56]
 [50]
 [46]
 [49]
 [54]
 [48]
 [53]
 [49]
 [49]
 [45]
 [48]
 [32]
 [54]
 [48]
 [56]
 [50]
 [46]
 [49]
 [55]
 [48]
 [53]
 [49]
 [51]
 [45]
 [49]] 
------------------------ Dataset: gho ------------------------
shape: (27, 1), dtype: uint16
Data:[[53]
 [54]
 [52]
 [50]
 [46]
 [56]
 [54]
 [48]
 [54]
 [53]
 [49]
 [45]
 [48]
 [32]
 [53]
 [54]
 [52]
 [50]
 [46]
 [56]
 [53]
 [54]
 [56]
 [48]
 [56]
 [45]
 [49]] 
------------------------ Dataset: ghp ------------------------
shape: (39, 1), dtype: uint16
Data:[[53]
 [54]
 [53]
 [56]
 [46]
 [53]
 [57]
 [55]
 [57]
 [53]
 [55]
 [57]
 [57]
 [57]
 [57]
 [57]
 [57]
 [45]
 [48]
 [32]
 [53]
 [54]
 [53]
 [56]
 [46]
 [54]
 [48]
 [49]
 [55]
 [52]
 [53]
 [57]
 [57]
 [57]
 [57]
 [57]
 [57]
 [45]
 [49]] 
------------------------ Dataset: ghq ------------------------
shape: (40, 1), dtype: uint16
Data:[[53]
 [54]
 [55]
 [52]
 [46]
 [51]
 [49]
 [48]
 [50]
 [54]
 [53]
 [57]
 [57]
 [57]
 [57]
 [57]
 [57]
 [53]
 [45]
 [48]
 [32]
 [53]
 [54]
 [55]
 [52]
 [46]
 [51]
 [48]
 [53]
 [54]
 [48]
 [54]
 [57]
 [57]
 [57]
 [57]
 [57]
 [57]
 [45]
 [49]] 
------------------------ Dataset: ghr ------------------------
shape: (33, 1), dtype: uint16
Data:[[53]
 [54]
 [57]
 [48]
 [46]
 [48]
 [56]
 [53]
 [54]
 [52]
 [53]
 [45]
 [48]
 [32]
 [53]
 [54]
 [57]
 [48]
 [46]
 [48]
 [56]
 [57]
 [54]
 [48]
 [50]
 [57]
 [57]
 [57]
 [57]
 [57]
 [57]
 [45]
 [49]] 
------------------------ Dataset: ghs ------------------------
shape: (32, 1), dtype: uint16
Data:[[54]
 [52]
 [49]
 [51]
 [46]
 [51]
 [54]
 [54]
 [50]
 [51]
 [45]
 [48]
 [32]
 [54]
 [52]
 [49]
 [51]
 [46]
 [51]
 [55]
 [50]
 [56]
 [49]
 [51]
 [57]
 [57]
 [57]
 [57]
 [57]
 [57]
 [45]
 [49]] 
------------------------ Dataset: ght ------------------------
shape: (33, 1), dtype: uint16
Data:[[54]
 [54]
 [48]
 [53]
 [46]
 [52]
 [51]
 [50]
 [50]
 [55]
 [55]
 [57]
 [57]
 [57]
 [57]
 [57]
 [57]
 [45]
 [48]
 [32]
 [54]
 [54]
 [48]
 [53]
 [46]
 [52]
 [51]
 [49]
 [57]
 [54]
 [51]
 [45]
 [49]] 
------------------------ Dataset: ghu ------------------------
shape: (34, 1), dtype: uint16
Data:[[54]
 [54]
 [50]
 [49]
 [46]
 [51]
 [57]
 [56]
 [49]
 [51]
 [54]
 [45]
 [48]
 [32]
 [54]
 [54]
 [50]
 [49]
 [46]
 [52]
 [48]
 [50]
 [48]
 [57]
 [52]
 [57]
 [57]
 [57]
 [57]
 [57]
 [57]
 [53]
 [45]
 [49]] 
------------------------ Dataset: ghv ------------------------
shape: (34, 1), dtype: uint16
Data:[[54]
 [54]
 [51]
 [55]
 [46]
 [50]
 [52]
 [53]
 [57]
 [56]
 [57]
 [45]
 [48]
 [32]
 [54]
 [54]
 [51]
 [55]
 [46]
 [50]
 [52]
 [50]
 [50]
 [56]
 [55]
 [57]
 [57]
 [57]
 [57]
 [57]
 [57]
 [53]
 [45]
 [49]] 
------------------------ Dataset: ghw ------------------------
shape: (33, 1), dtype: uint16
Data:[[54]
 [54]
 [53]
 [50]
 [46]
 [56]
 [52]
 [50]
 [49]
 [51]
 [45]
 [48]
 [32]
 [54]
 [54]
 [53]
 [50]
 [46]
 [56]
 [51]
 [56]
 [49]
 [56]
 [57]
 [57]
 [57]
 [57]
 [57]
 [57]
 [57]
 [53]
 [45]
 [49]] 
------------------------ Dataset: ghx ------------------------
shape: (34, 1), dtype: uint16
Data:[[54]
 [54]
 [54]
 [56]
 [46]
 [55]
 [50]
 [51]
 [49]
 [57]
 [49]
 [57]
 [57]
 [57]
 [57]
 [57]
 [57]
 [53]
 [45]
 [48]
 [32]
 [54]
 [54]
 [54]
 [56]
 [46]
 [55]
 [50]
 [54]
 [54]
 [48]
 [53]
 [45]
 [49]] 
------------------------ Dataset: ghy ------------------------
shape: (34, 1), dtype: uint16
Data:[[54]
 [54]
 [56]
 [52]
 [46]
 [54]
 [49]
 [57]
 [55]
 [54]
 [56]
 [45]
 [48]
 [32]
 [54]
 [54]
 [56]
 [52]
 [46]
 [54]
 [50]
 [55]
 [49]
 [48]
 [49]
 [57]
 [57]
 [57]
 [57]
 [57]
 [57]
 [53]
 [45]
 [49]] 
------------------------ Dataset: ghz ------------------------
shape: (33, 1), dtype: uint16
Data:[[53]
 [57]
 [48]
 [50]
 [46]
 [53]
 [52]
 [49]
 [54]
 [54]
 [54]
 [45]
 [48]
 [32]
 [53]
 [57]
 [48]
 [50]
 [46]
 [53]
 [52]
 [53]
 [55]
 [51]
 [56]
 [57]
 [57]
 [57]
 [57]
 [57]
 [57]
 [45]
 [49]] 
------------------------ Dataset: gi ------------------------

shape: (1, 6), dtype: uint32
Data:[[3707764736          2          1          1        430          1]] 
------------------------ Dataset: hhb ------------------------
shape: (33, 1), dtype: uint16
Data:[[54]
 [55]
 [54]
 [54]
 [46]
 [51]
 [51]
 [52]
 [50]
 [57]
 [50]
 [45]
 [48]
 [32]
 [54]
 [55]
 [54]
 [54]
 [46]
 [51]
 [51]
 [49]
 [53]
 [55]
 [52]
 [57]
 [57]
 [57]
 [57]
 [57]
 [57]
 [45]
 [49]] 
------------------------ Dataset: hhc ------------------------
shape: (27, 1), dtype: uint16
Data:[[54]
 [50]
 [55]
 [57]
 [46]
 [49]
 [51]
 [55]
 [51]
 [54]
 [49]
 [45]
 [48]
 [32]
 [54]
 [50]
 [55]
 [57]
 [46]
 [49]
 [52]
 [48]
 [51]
 [55]
 [50]
 [45]
 [49]] 
------------------------ Dataset: hhd ------------------------
shape: (33, 1), dtype: uint16
Data:[[54]
 [50]
 [57]
 [52]
 [46]
 [57]
 [48]
 [57]
 [57]
 [51]
 [53]
 [45]
 [48]
 [32]
 [54]
 [50]
 [57]
 [52]
 [46]
 [57]
 [48]
 [53]
 [57]
 [49]
 [49]
 [57]
 [57]
 [57]
 [57]
 [57]
 [57]
 [45]
 [49]] 
------------------------ Dataset: hhe ------------------------
shape: (26, 1), dtype: uint16
Data:[[54]
 [51]
 [49]
 [48]
 [46]
 [55]
 [51]
 [55]
 [57]
 [52]
 [45]
 [48]
 [32]
 [54]
 [51]
 [49]
 [48]
 [46]
 [55]
 [51]
 [49]
 [49]
 [48]
 [53]
 [45]
 [49]] 
------------------------ Dataset: hhf ------------------------
shape: (34, 1), dtype: uint16
Data:[[54]
 [51]
 [50]
 [54]
 [46]
 [53]
 [56]
 [54]
 [48]
 [55]
 [52]
 [45]
 [48]
 [32]
 [54]
 [51]
 [50]
 [54]
 [46]
 [53]
 [56]
 [57]
 [57]
 [51]
 [48]
 [57]
 [57]
 [57]
 [57]
 [57]
 [57]
 [53]
 [45]
 [49]] 
------------------------ Dataset: hhg ------------------------
shape: (27, 1), dtype: uint16
Data:[[54]
 [51]
 [52]
 [50]
 [46]
 [52]
 [48]
 [53]
 [54]
 [54]
 [55]
 [45]
 [48]
 [32]
 [54]
 [51]
 [52]
 [50]
 [46]
 [52]
 [48]
 [54]
 [48]
 [54]
 [50]
 [45]
 [49]] 
------------------------ Dataset: hhh ------------------------
shape: (33, 1), dtype: uint16
Data:[[54]
 [53]
 [48]
 [55]
 [46]
 [53]
 [49]
 [50]
 [55]
 [57]
 [54]
 [57]
 [57]
 [57]
 [57]
 [57]
 [57]
 [45]
 [48]
 [32]
 [54]
 [53]
 [48]
 [55]
 [46]
 [53]
 [49]
 [53]
 [56]
 [53]
 [49]
 [45]
 [49]] 
------------------------ Dataset: hhi ------------------------
shape: (27, 1), dtype: uint16
Data:[[54]
 [53]
 [50]
 [51]
 [46]
 [51]
 [51]
 [51]
 [57]
 [51]
 [51]
 [45]
 [48]
 [32]
 [54]
 [53]
 [50]
 [51]
 [46]
 [51]
 [51]
 [56]
 [49]
 [54]
 [57]
 [45]
 [49]] 
------------------------ Dataset: hhj ------------------------
shape: (27, 1), dtype: uint16
Data:[[54]
 [48]
 [49]
 [56]
 [46]
 [57]
 [49]
 [51]
 [55]
 [52]
 [55]
 [45]
 [48]
 [32]
 [54]
 [48]
 [49]
 [56]
 [46]
 [57]
 [48]
 [57]
 [54]
 [55]
 [55]
 [45]
 [49]] 
------------------------ Dataset: hhk ------------------------
shape: (33, 1), dtype: uint16
Data:[[54]
 [48]
 [51]
 [52]
 [46]
 [55]
 [50]
 [54]
 [55]
 [51]
 [55]
 [57]
 [57]
 [57]
 [57]
 [57]
 [57]
 [45]
 [48]
 [32]
 [54]
 [48]
 [51]
 [52]
 [46]
 [55]
 [50]
 [52]
 [50]
 [50]
 [50]
 [45]
 [49]] 
------------------------ Dataset: hhl ------------------------
shape: (40, 1), dtype: uint16
Data:[[54]
 [48]
 [53]
 [48]
 [46]
 [51]
 [51]
 [53]
 [56]
 [57]
 [55]
 [57]
 [57]
 [57]
 [57]
 [57]
 [57]
 [45]
 [48]
 [32]
 [54]
 [48]
 [53]
 [48]
 [46]
 [51]
 [51]
 [56]
 [55]
 [54]
 [52]
 [57]
 [57]
 [57]
 [57]
 [57]
 [57]
 [53]
 [45]
 [49]] 
------------------------ Dataset: hhm ------------------------
shape: (27, 1), dtype: uint16
Data:[[54]
 [48]
 [54]
 [54]
 [46]
 [50]
 [50]
 [49]
 [55]
 [54]
 [50]
 [45]
 [48]
 [32]
 [54]
 [48]
 [54]
 [54]
 [46]
 [50]
 [49]
 [55]
 [56]
 [51]
 [57]
 [45]
 [49]] 
------------------------ Dataset: hhn ------------------------
shape: (34, 1), dtype: uint16
Data:[[54]
 [48]
 [56]
 [50]
 [46]
 [49]
 [55]
 [48]
 [52]
 [57]
 [55]
 [57]
 [57]
 [57]
 [57]
 [57]
 [57]
 [53]
 [45]
 [48]
 [32]
 [54]
 [48]
 [56]
 [50]
 [46]
 [49]
 [55]
 [48]
 [53]
 [49]
 [51]
 [45]
 [49]] 
------------------------ Dataset: hho ------------------------
shape: (34, 1), dtype: uint16
Data:[[53]
 [54]
 [52]
 [50]
 [46]
 [56]
 [54]
 [48]
 [54]
 [53]
 [49]
 [45]
 [48]
 [32]
 [53]
 [54]
 [52]
 [50]
 [46]
 [56]
 [54]
 [50]
 [51]
 [48]
 [49]
 [57]
 [57]
 [57]
 [57]
 [57]
 [57]
 [53]
 [45]
 [49]] 
------------------------ Dataset: hhp ------------------------
shape: (33, 1), dtype: uint16
Data:[[53]
 [54]
 [53]
 [56]
 [46]
 [54]
 [48]
 [53]
 [54]
 [48]
 [53]
 [45]
 [48]
 [32]
 [53]
 [54]
 [53]
 [56]
 [46]
 [54]
 [48]
 [49]
 [55]
 [52]
 [53]
 [57]
 [57]
 [57]
 [57]
 [57]
 [57]
 [45]
 [49]] 
------------------------ Dataset: hhq ------------------------
shape: (40, 1), dtype: uint16
Data:[[53]
 [54]
 [55]
 [52]
 [46]
 [51]
 [49]
 [48]
 [50]
 [54]
 [53]
 [57]
 [57]
 [57]
 [57]
 [57]
 [57]
 [53]
 [45]
 [48]
 [32]
 [53]
 [54]
 [55]
 [52]
 [46]
 [51]
 [49]
 [55]
 [50]
 [57]
 [56]
 [57]
 [57]
 [57]
 [57]
 [57]
 [57]
 [45]
 [49]] 
------------------------ Dataset: hhr ------------------------
shape: (39, 1), dtype: uint16
Data:[[53]
 [54]
 [57]
 [48]
 [46]
 [48]
 [57]
 [51]
 [55]
 [49]
 [53]
 [57]
 [57]
 [57]
 [57]
 [57]
 [57]
 [45]
 [48]
 [32]
 [53]
 [54]
 [57]
 [48]
 [46]
 [48]
 [56]
 [57]
 [54]
 [48]
 [50]
 [57]
 [57]
 [57]
 [57]
 [57]
 [57]
 [45]
 [49]] 
------------------------ Dataset: hhs ------------------------
shape: (33, 1), dtype: uint16
Data:[[54]
 [52]
 [49]
 [51]
 [46]
 [51]
 [55]
 [50]
 [56]
 [52]
 [53]
 [45]
 [48]
 [32]
 [54]
 [52]
 [49]
 [51]
 [46]
 [51]
 [55]
 [50]
 [56]
 [49]
 [51]
 [57]
 [57]
 [57]
 [57]
 [57]
 [57]
 [45]
 [49]] 
------------------------ Dataset: hht ------------------------
shape: (33, 1), dtype: uint16
Data:[[54]
 [54]
 [48]
 [53]
 [46]
 [52]
 [51]
 [50]
 [50]
 [55]
 [55]
 [57]
 [57]
 [57]
 [57]
 [57]
 [57]
 [45]
 [48]
 [32]
 [54]
 [54]
 [48]
 [53]
 [46]
 [52]
 [51]
 [53]
 [52]
 [48]
 [49]
 [45]
 [49]] 
------------------------ Dataset: hhu ------------------------
shape: (34, 1), dtype: uint16
Data:[[54]
 [54]
 [50]
 [49]
 [46]
 [52]
 [48]
 [54]
 [49]
 [52]
 [56]
 [45]
 [48]
 [32]
 [54]
 [54]
 [50]
 [49]
 [46]
 [52]
 [48]
 [50]
 [48]
 [57]
 [52]
 [57]
 [57]
 [57]
 [57]
 [57]
 [57]
 [53]
 [45]
 [49]] 
------------------------ Dataset: hhv ------------------------
shape: (34, 1), dtype: uint16
Data:[[54]
 [54]
 [51]
 [55]
 [46]
 [50]
 [52]
 [53]
 [57]
 [56]
 [57]
 [45]
 [48]
 [32]
 [54]
 [54]
 [51]
 [55]
 [46]
 [50]
 [53]
 [48]
 [48]
 [49]
 [49]
 [57]
 [57]
 [57]
 [57]
 [57]
 [57]
 [53]
 [45]
 [49]] 
------------------------ Dataset: hhw ------------------------
shape: (26, 1), dtype: uint16
Data:[[54]
 [54]
 [53]
 [50]
 [46]
 [56]
 [52]
 [50]
 [49]
 [51]
 [45]
 [48]
 [32]
 [54]
 [54]
 [53]
 [50]
 [46]
 [56]
 [52]
 [54]
 [48]
 [53]
 [56]
 [45]
 [49]] 
------------------------ Dataset: hhx ------------------------
shape: (27, 1), dtype: uint16
Data:[[54]
 [54]
 [54]
 [56]
 [46]
 [55]
 [50]
 [55]
 [51]
 [51]
 [53]
 [45]
 [48]
 [32]
 [54]
 [54]
 [54]
 [56]
 [46]
 [55]
 [50]
 [54]
 [54]
 [48]
 [53]
 [45]
 [49]] 
------------------------ Dataset: hhy ------------------------
shape: (40, 1), dtype: uint16
Data:[[54]
 [54]
 [56]
 [52]
 [46]
 [54]
 [51]
 [50]
 [55]
 [52]
 [56]
 [57]
 [57]
 [57]
 [57]
 [57]
 [57]
 [45]
 [48]
 [32]
 [54]
 [54]
 [56]
 [52]
 [46]
 [54]
 [50]
 [55]
 [49]
 [48]
 [49]
 [57]
 [57]
 [57]
 [57]
 [57]
 [57]
 [53]
 [45]
 [49]] 
------------------------ Dataset: hhz ------------------------
shape: (40, 1), dtype: uint16
Data:[[53]
 [57]
 [48]
 [50]
 [46]
 [53]
 [52]
 [57]
 [57]
 [48]
 [51]
 [57]
 [57]
 [57]
 [57]
 [57]
 [57]
 [53]
 [45]
 [48]
 [32]
 [53]
 [57]
 [48]
 [50]
 [46]
 [53]
 [52]
 [53]
 [55]
 [51]
 [56]
 [57]
 [57]
 [57]
 [57]
 [57]
 [57]
 [45]
 [49]] 
------------------------ Dataset: hi ------------------------

