shape: (1, 6), dtype: uint32
Data:[[3707764736          2          1          1        691          1]] 
------------------------ Dataset: Blb ------------------------
shape: (27, 1), dtype: uint16
Data:[[54]
 [55]
 [54]
 [55]
 [46]
 [52]
 [50]
 [52]
 [49]
 [54]
 [49]
 [45]
 [48]
 [32]
 [54]
 [55]
 [54]
 [55]
 [46]
 [52]
 [51]
 [48]
 [48]
 [57]
 [50]
 [45]
 [49]] 
------------------------ Dataset: Blc ------------------------
shape: (31, 1), dtype: uint16
Data:[[54]
 [50]
 [56]
 [48]
 [46]
 [50]
 [49]
 [51]
 [57]
 [45]
 [48]
 [32]
 [54]
 [50]
 [56]
 [48]
 [46]
 [50]
 [49]
 [55]
 [56]
 [57]
 [48]
 [57]
 [57]
 [57]
 [57]
 [57]
 [57]
 [45]
 [49]] 
------------------------ Dataset: Bld ------------------------
shape: (19, 1), dtype: uint16
Data:[[54]
 [50]
 [57]
 [53]
 [46]
 [57]
 [57]
 [51]
 [57]
 [51]
 [57]
 [57]
 [57]
 [57]
 [57]
 [57]
 [57]
 [45]
 [49]] 
------------------------ Dataset: Ble ------------------------
shape: (32, 1), dtype: uint16
Data:[[54]
 [51]
 [49]
 [49]
 [46]
 [56]
 [51]
 [55]
 [57]
 [51]
 [54]
 [57]
 [57]
 [57]
 [57]
 [57]
 [57]
 [45]
 [48]
 [32]
 [54]
 [51]
 [49]
 [49]
 [46]
 [56]
 [51]
 [51]
 [56]
 [57]
 [45]
 [49]] 
------------------------ Dataset: Blf ------------------------
shape: (27, 1), dtype: uint16
Data:[[54]
 [51]
 [50]
 [55]
 [46]
 [55]
 [49]
 [52]
 [51]
 [48]
 [51]
 [45]
 [48]
 [32]
 [54]
 [51]
 [50]
 [55]
 [46]
 [55]
 [48]
 [53]
 [57]
 [53]
 [51]
 [45]
 [49]] 
------------------------ Dataset: Blg ------------------------
shape: (27, 1), dtype: uint16
Data:[[54]
 [51]
 [52]
 [51]
 [46]
 [53]
 [51]
 [51]
 [57]
 [53]
 [53]
 [45]
 [48]
 [32]
 [54]
 [51]
 [52]
 [51]
 [46]
 [53]
 [51]
 [48]
 [48]
 [50]
 [52]
 [45]
 [49]] 
------------------------ Dataset: Blh ------------------------
shape: (27, 1), dtype: uint16
Data:[[54]
 [53]
 [48]
 [56]
 [46]
 [54]
 [49]
 [48]
 [50]
 [49]
 [54]
 [45]
 [48]
 [32]
 [54]
 [53]
 [48]
 [56]
 [46]
 [54]
 [48]
 [53]
 [57]
 [55]
 [56]
 [45]
 [49]] 
------------------------ Dataset: Bli ------------------------
shape: (33, 1), dtype: uint16
Data:[[54]
 [53]
 [50]
 [52]
 [46]
 [52]
 [51]
 [52]
 [50]
 [50]
 [53]
 [45]
 [48]
 [32]
 [54]
 [53]
 [50]
 [52]
 [46]
 [52]
 [51]
 [48]
 [48]
 [48]
 [52]
 [57]
 [57]
 [57]
 [57]
 [57]
 [57]
 [45]
 [49]] 
------------------------ Dataset: Blj ------------------------
shape: (39, 1), dtype: uint16
Data:[[54]
 [48]
 [50]
 [48]
 [46]
 [48]
 [48]
 [49]
 [55]
 [50]
 [50]
 [57]
 [57]
 [57]
 [57]
 [57]
 [57]
 [45]
 [48]
 [32]
 [54]
 [48]
 [50]
 [48]
 [46]
 [48]
 [48]
 [49]
 [54]
 [57]
 [53]
 [57]
 [57]
 [57]
 [57]
 [57]
 [57]
 [45]
 [49]] 
------------------------ Dataset: Blk ------------------------
shape: (33, 1), dtype: uint16
Data:[[54]
 [48]
 [51]
 [53]
 [46]
 [56]
 [50]
 [53]
 [54]
 [53]
 [54]
 [45]
 [48]
 [32]
 [54]
 [48]
 [51]
 [53]
 [46]
 [56]
 [50]
 [49]
 [55]
 [54]
 [51]
 [57]
 [57]
 [57]
 [57]
 [57]
 [57]
 [45]
 [49]] 
------------------------ Dataset: Bll ------------------------
shape: (33, 1), dtype: uint16
Data:[[54]
 [48]
 [53]
 [49]
 [46]
 [52]
 [51]
 [51]
 [55]
 [55]
 [56]
 [45]
 [48]
 [32]
 [54]
 [48]
 [53]
 [49]
 [46]
 [52]
 [51]
 [48]
 [50]
 [52]
 [54]
 [57]
 [57]
 [57]
 [57]
 [57]
 [57]
 [45]
 [49]] 
------------------------ Dataset: Blm ------------------------
shape: (32, 1), dtype: uint16
Data:[[54]
 [48]
 [54]
 [55]
 [46]
 [51]
 [51]
 [56]
 [55]
 [50]
 [51]
 [57]
 [57]
 [57]
 [57]
 [57]
 [57]
 [45]
 [48]
 [32]
 [54]
 [48]
 [54]
 [55]
 [46]
 [51]
 [51]
 [53]
 [55]
 [54]
 [45]
 [49]] 
------------------------ Dataset: Bln ------------------------
shape: (33, 1), dtype: uint16
Data:[[54]
 [48]
 [56]
 [51]
 [46]
 [50]
 [56]
 [49]
 [55]
 [55]
 [57]
 [45]
 [48]
 [32]
 [54]
 [48]
 [56]
 [51]
 [46]
 [50]
 [55]
 [55]
 [55]
 [57]
 [53]
 [57]
 [57]
 [57]
 [57]
 [57]
 [57]
 [45]
 [49]] 
------------------------ Dataset: Blo ------------------------
shape: (39, 1), dtype: uint16
Data:[[53]
 [54]
 [52]
 [51]
 [46]
 [57]
 [53]
 [53]
 [50]
 [57]
 [48]
 [57]
 [57]
 [57]
 [57]
 [57]
 [57]
 [45]
 [48]
 [32]
 [53]
 [54]
 [52]
 [51]
 [46]
 [57]
 [53]
 [50]
 [48]
 [49]
 [48]
 [57]
 [57]
 [57]
 [57]
 [57]
 [57]
 [45]
 [49]] 
------------------------ Dataset: Blp ------------------------
shape: (33, 1), dtype: uint16
Data:[[53]
 [54]
 [53]
 [57]
 [46]
 [55]
 [48]
 [53]
 [54]
 [52]
 [53]
 [57]
 [57]
 [57]
 [57]
 [57]
 [57]
 [45]
 [48]
 [32]
 [53]
 [54]
 [53]
 [57]
 [46]
 [55]
 [48]
 [50]
 [52]
 [48]
 [49]
 [45]
 [49]] 
------------------------ Dataset: Blq ------------------------
shape: (27, 1), dtype: uint16
Data:[[53]
 [54]
 [55]
 [53]
 [46]
 [52]
 [48]
 [53]
 [55]
 [50]
 [49]
 [45]
 [48]
 [32]
 [53]
 [54]
 [55]
 [53]
 [46]
 [52]
 [48]
 [57]
 [54]
 [49]
 [49]
 [45]
 [49]] 
------------------------ Dataset: Blr ------------------------
shape: (27, 1), dtype: uint16
Data:[[53]
 [54]
 [57]
 [49]
 [46]
 [49]
 [57]
 [55]
 [53]
 [55]
 [55]
 [45]
 [48]
 [32]
 [53]
 [54]
 [57]
 [49]
 [46]
 [50]
 [48]
 [49]
 [48]
 [49]
 [57]
 [45]
 [49]] 
------------------------ Dataset: Bls ------------------------
shape: (27, 1), dtype: uint16
Data:[[54]
 [52]
 [49]
 [52]
 [46]
 [52]
 [53]
 [56]
 [48]
 [50]
 [56]
 [45]
 [48]
 [32]
 [54]
 [52]
 [49]
 [52]
 [46]
 [52]
 [53]
 [52]
 [52]
 [53]
 [49]
 [45]
 [49]] 
------------------------ Dataset: Blt ------------------------
shape: (34, 1), dtype: uint16
Data:[[54]
 [54]
 [48]
 [54]
 [46]
 [53]
 [51]
 [52]
 [51]
 [55]
 [49]
 [45]
 [48]
 [32]
 [54]
 [54]
 [48]
 [54]
 [46]
 [53]
 [52]
 [49]
 [48]
 [55]
 [53]
 [57]
 [57]
 [57]
 [57]
 [57]
 [57]
 [53]
 [45]
 [49]] 
------------------------ Dataset: Blu ------------------------
shape: (27, 1), dtype: uint16
Data:[[54]
 [54]
 [50]
 [50]
 [46]
 [52]
 [57]
 [52]
 [50]
 [51]
 [50]
 [45]
 [48]
 [32]
 [54]
 [54]
 [50]
 [50]
 [46]
 [52]
 [57]
 [50]
 [51]
 [53]
 [51]
 [45]
 [49]] 
------------------------ Dataset: Blv ------------------------
shape: (27, 1), dtype: uint16
Data:[[54]
 [54]
 [51]
 [56]
 [46]
 [51]
 [52]
 [50]
 [55]
 [54]
 [52]
 [45]
 [48]
 [32]
 [54]
 [54]
 [51]
 [56]
 [46]
 [51]
 [52]
 [54]
 [50]
 [56]
 [51]
 [45]
 [49]] 
------------------------ Dataset: Blw ------------------------
shape: (27, 1), dtype: uint16
Data:[[54]
 [54]
 [53]
 [51]
 [46]
 [57]
 [51]
 [52]
 [51]
 [51]
 [55]
 [45]
 [48]
 [32]
 [54]
 [54]
 [53]
 [51]
 [46]
 [57]
 [51]
 [48]
 [50]
 [49]
 [49]
 [45]
 [49]] 
------------------------ Dataset: Blx ------------------------
shape: (27, 1), dtype: uint16
Data:[[54]
 [54]
 [54]
 [57]
 [46]
 [56]
 [49]
 [52]
 [48]
 [53]
 [56]
 [45]
 [48]
 [32]
 [54]
 [54]
 [54]
 [57]
 [46]
 [56]
 [49]
 [56]
 [48]
 [50]
 [51]
 [45]
 [49]] 
------------------------ Dataset: Bly ------------------------
shape: (19, 1), dtype: uint16
Data:[[54]
 [54]
 [56]
 [53]
 [46]
 [55]
 [52]
 [54]
 [48]
 [57]
 [54]
 [57]
 [57]
 [57]
 [57]
 [57]
 [57]
 [45]
 [49]] 
------------------------ Dataset: Blz ------------------------
shape: (19, 1), dtype: uint16
Data:[[53]
 [57]
 [48]
 [51]
 [46]
 [54]
 [54]
 [50]
 [51]
 [50]
 [55]
 [57]
 [57]
 [57]
 [57]
 [57]
 [57]
 [45]
 [49]] 
------------------------ Dataset: Bm ------------------------

shape: (1, 6), dtype: uint32
Data:[[3707764736          2          1          1        692          1]] 
------------------------ Dataset: Clb ------------------------
shape: (33, 1), dtype: uint16
Data:[[54]
 [55]
 [54]
 [55]
 [46]
 [52]
 [51]
 [48]
 [48]
 [57]
 [51]
 [57]
 [57]
 [57]
 [57]
 [57]
 [57]
 [45]
 [48]
 [32]
 [54]
 [55]
 [54]
 [55]
 [46]
 [52]
 [51]
 [48]
 [48]
 [57]
 [50]
 [45]
 [49]] 
------------------------ Dataset: Clc ------------------------
shape: (33, 1), dtype: uint16
Data:[[54]
 [50]
 [56]
 [48]
 [46]
 [50]
 [50]
 [49]
 [57]
 [50]
 [56]
 [45]
 [48]
 [32]
 [54]
 [50]
 [56]
 [48]
 [46]
 [50]
 [49]
 [55]
 [56]
 [57]
 [48]
 [57]
 [57]
 [57]
 [57]
 [57]
 [57]
 [45]
 [49]] 
------------------------ Dataset: Cld ------------------------
shape: (19, 1), dtype: uint16
Data:[[54]
 [50]
 [57]
 [53]
 [46]
 [57]
 [57]
 [56]
 [49]
 [50]
 [55]
 [57]
 [57]
 [57]
 [57]
 [57]
 [57]
 [45]
 [48]] 
------------------------ Dataset: Cle ------------------------
shape: (33, 1), dtype: uint16
Data:[[54]
 [51]
 [49]
 [49]
 [46]
 [56]
 [51]
 [55]
 [57]
 [51]
 [54]
 [57]
 [57]
 [57]
 [57]
 [57]
 [57]
 [45]
 [48]
 [32]
 [54]
 [51]
 [49]
 [49]
 [46]
 [56]
 [52]
 [50]
 [49]
 [51]
 [55]
 [45]
 [49]] 
------------------------ Dataset: Clf ------------------------
shape: (33, 1), dtype: uint16
Data:[[54]
 [51]
 [50]
 [55]
 [46]
 [55]
 [49]
 [52]
 [51]
 [48]
 [51]
 [45]
 [48]
 [32]
 [54]
 [51]
 [50]
 [55]
 [46]
 [55]
 [49]
 [52]
 [55]
 [53]
 [53]
 [57]
 [57]
 [57]
 [57]
 [57]
 [57]
 [45]
 [49]] 
------------------------ Dataset: Clg ------------------------
shape: (33, 1), dtype: uint16
Data:[[54]
 [51]
 [52]
 [51]
 [46]
 [53]
 [51]
 [51]
 [57]
 [53]
 [53]
 [45]
 [48]
 [32]
 [54]
 [51]
 [52]
 [51]
 [46]
 [53]
 [51]
 [55]
 [57]
 [56]
 [53]
 [57]
 [57]
 [57]
 [57]
 [57]
 [57]
 [45]
 [49]] 
------------------------ Dataset: Clh ------------------------
shape: (27, 1), dtype: uint16
Data:[[54]
 [53]
 [48]
 [56]
 [46]
 [54]
 [49]
 [48]
 [50]
 [49]
 [54]
 [45]
 [48]
 [32]
 [54]
 [53]
 [48]
 [56]
 [46]
 [54]
 [49]
 [56]
 [49]
 [56]
 [49]
 [45]
 [49]] 
------------------------ Dataset: Cli ------------------------
shape: (27, 1), dtype: uint16
Data:[[54]
 [53]
 [50]
 [52]
 [46]
 [52]
 [51]
 [52]
 [50]
 [50]
 [53]
 [45]
 [48]
 [32]
 [54]
 [53]
 [50]
 [52]
 [46]
 [52]
 [51]
 [56]
 [48]
 [51]
 [54]
 [45]
 [49]] 
------------------------ Dataset: Clj ------------------------
shape: (33, 1), dtype: uint16
Data:[[54]
 [48]
 [50]
 [48]
 [46]
 [48]
 [48]
 [49]
 [55]
 [50]
 [50]
 [57]
 [57]
 [57]
 [57]
 [57]
 [57]
 [45]
 [48]
 [32]
 [54]
 [48]
 [50]
 [48]
 [46]
 [48]
 [49]
 [49]
 [48]
 [57]
 [53]
 [45]
 [49]] 
------------------------ Dataset: Clk ------------------------
shape: (34, 1), dtype: uint16
Data:[[54]
 [48]
 [51]
 [53]
 [46]
 [56]
 [50]
 [53]
 [54]
 [53]
 [54]
 [45]
 [48]
 [32]
 [54]
 [48]
 [51]
 [53]
 [46]
 [56]
 [51]
 [48]
 [56]
 [57]
 [53]
 [57]
 [57]
 [57]
 [57]
 [57]
 [57]
 [53]
 [45]
 [49]] 
------------------------ Dataset: Cll ------------------------
shape: (26, 1), dtype: uint16
Data:[[54]
 [48]
 [53]
 [49]
 [46]
 [52]
 [51]
 [51]
 [55]
 [55]
 [56]
 [45]
 [48]
 [32]
 [54]
 [48]
 [53]
 [49]
 [46]
 [52]
 [51]
 [55]
 [54]
 [56]
 [45]
 [49]] 
------------------------ Dataset: Clm ------------------------
shape: (39, 1), dtype: uint16
Data:[[54]
 [48]
 [54]
 [55]
 [46]
 [51]
 [51]
 [56]
 [55]
 [50]
 [51]
 [57]
 [57]
 [57]
 [57]
 [57]
 [57]
 [45]
 [48]
 [32]
 [54]
 [48]
 [54]
 [55]
 [46]
 [51]
 [52]
 [51]
 [49]
 [57]
 [49]
 [57]
 [57]
 [57]
 [57]
 [57]
 [57]
 [45]
 [49]] 
------------------------ Dataset: Cln ------------------------
shape: (33, 1), dtype: uint16
Data:[[54]
 [48]
 [56]
 [51]
 [46]
 [50]
 [56]
 [49]
 [55]
 [55]
 [57]
 [45]
 [48]
 [32]
 [54]
 [48]
 [56]
 [51]
 [46]
 [50]
 [56]
 [53]
 [56]
 [48]
 [57]
 [57]
 [57]
 [57]
 [57]
 [57]
 [57]
 [45]
 [49]] 
------------------------ Dataset: Clo ------------------------
shape: (40, 1), dtype: uint16
Data:[[53]
 [54]
 [52]
 [51]
 [46]
 [57]
 [53]
 [53]
 [50]
 [57]
 [48]
 [57]
 [57]
 [57]
 [57]
 [57]
 [57]
 [45]
 [48]
 [32]
 [53]
 [54]
 [52]
 [51]
 [46]
 [57]
 [53]
 [55]
 [54]
 [48]
 [49]
 [57]
 [57]
 [57]
 [57]
 [57]
 [57]
 [53]
 [45]
 [49]] 
------------------------ Dataset: Clp ------------------------
shape: (33, 1), dtype: uint16
Data:[[53]
 [54]
 [53]
 [57]
 [46]
 [55]
 [48]
 [53]
 [54]
 [52]
 [53]
 [57]
 [57]
 [57]
 [57]
 [57]
 [57]
 [45]
 [48]
 [32]
 [53]
 [54]
 [53]
 [57]
 [46]
 [55]
 [48]
 [57]
 [55]
 [48]
 [54]
 [45]
 [49]] 
------------------------ Dataset: Clq ------------------------
shape: (34, 1), dtype: uint16
Data:[[53]
 [54]
 [55]
 [53]
 [46]
 [52]
 [49]
 [51]
 [54]
 [56]
 [52]
 [57]
 [57]
 [57]
 [57]
 [57]
 [57]
 [53]
 [45]
 [48]
 [32]
 [53]
 [54]
 [55]
 [53]
 [46]
 [52]
 [48]
 [57]
 [54]
 [49]
 [49]
 [45]
 [49]] 
------------------------ Dataset: Clr ------------------------
shape: (27, 1), dtype: uint16
Data:[[53]
 [54]
 [57]
 [49]
 [46]
 [50]
 [48]
 [54]
 [52]
 [51]
 [50]
 [45]
 [48]
 [32]
 [53]
 [54]
 [57]
 [49]
 [46]
 [50]
 [48]
 [49]
 [48]
 [49]
 [57]
 [45]
 [49]] 
------------------------ Dataset: Cls ------------------------
shape: (27, 1), dtype: uint16
Data:[[54]
 [52]
 [49]
 [52]
 [46]
 [52]
 [53]
 [56]
 [48]
 [50]
 [56]
 [45]
 [48]
 [32]
 [54]
 [52]
 [49]
 [52]
 [46]
 [52]
 [54]
 [49]
 [57]
 [52]
 [52]
 [45]
 [49]] 
------------------------ Dataset: Clt ------------------------
shape: (34, 1), dtype: uint16
Data:[[54]
 [54]
 [48]
 [54]
 [46]
 [53]
 [52]
 [50]
 [49]
 [54]
 [56]
 [45]
 [48]
 [32]
 [54]
 [54]
 [48]
 [54]
 [46]
 [53]
 [52]
 [49]
 [48]
 [55]
 [53]
 [57]
 [57]
 [57]
 [57]
 [57]
 [57]
 [53]
 [45]
 [49]] 
------------------------ Dataset: Clu ------------------------
shape: (27, 1), dtype: uint16
Data:[[54]
 [54]
 [50]
 [50]
 [46]
 [52]
 [57]
 [52]
 [50]
 [51]
 [50]
 [45]
 [48]
 [32]
 [54]
 [54]
 [50]
 [50]
 [46]
 [52]
 [57]
 [56]
 [49]
 [55]
 [50]
 [45]
 [49]] 
------------------------ Dataset: Clv ------------------------
shape: (27, 1), dtype: uint16
Data:[[54]
 [54]
 [51]
 [56]
 [46]
 [51]
 [52]
 [54]
 [49]
 [57]
 [55]
 [45]
 [48]
 [32]
 [54]
 [54]
 [51]
 [56]
 [46]
 [51]
 [52]
 [54]
 [50]
 [56]
 [51]
 [45]
 [49]] 
------------------------ Dataset: Clw ------------------------
shape: (27, 1), dtype: uint16
Data:[[54]
 [54]
 [53]
 [51]
 [46]
 [57]
 [51]
 [52]
 [51]
 [51]
 [55]
 [45]
 [48]
 [32]
 [54]
 [54]
 [53]
 [51]
 [46]
 [57]
 [51]
 [56]
 [50]
 [54]
 [50]
 [45]
 [49]] 
------------------------ Dataset: Clx ------------------------
shape: (27, 1), dtype: uint16
Data:[[54]
 [54]
 [54]
 [57]
 [46]
 [56]
 [50]
 [50]
 [48]
 [49]
 [54]
 [45]
 [48]
 [32]
 [54]
 [54]
 [54]
 [57]
 [46]
 [56]
 [49]
 [56]
 [48]
 [50]
 [51]
 [45]
 [49]] 
------------------------ Dataset: Cly ------------------------
shape: (20, 1), dtype: uint16
Data:[[54]
 [54]
 [56]
 [53]
 [46]
 [55]
 [53]
 [48]
 [49]
 [49]
 [51]
 [57]
 [57]
 [57]
 [57]
 [57]
 [57]
 [53]
 [45]
 [48]] 
------------------------ Dataset: Clz ------------------------
shape: (12, 1), dtype: uint16
Data:[[53]
 [57]
 [48]
 [51]
 [46]
 [54]
 [54]
 [53]
 [57]
 [56]
 [45]
 [48]] 
------------------------ Dataset: Cm ------------------------

shape: (1, 6), dtype: uint32
Data:[[3707764736          2          1          1        693          1]] 
------------------------ Dataset: Dlb ------------------------
shape: (33, 1), dtype: uint16
Data:[[54]
 [55]
 [54]
 [55]
 [46]
 [52]
 [51]
 [48]
 [48]
 [57]
 [51]
 [57]
 [57]
 [57]
 [57]
 [57]
 [57]
 [45]
 [48]
 [32]
 [54]
 [55]
 [54]
 [55]
 [46]
 [52]
 [52]
 [48]
 [51]
 [53]
 [51]
 [45]
 [49]] 
------------------------ Dataset: Dlc ------------------------
shape: (27, 1), dtype: uint16
Data:[[54]
 [50]
 [56]
 [48]
 [46]
 [50]
 [50]
 [49]
 [57]
 [50]
 [56]
 [45]
 [48]
 [32]
 [54]
 [50]
 [56]
 [48]
 [46]
 [50]
 [50]
 [53]
 [57]
 [48]
 [57]
 [45]
 [49]] 
------------------------ Dataset: Dld ------------------------
shape: (13, 1), dtype: uint16
Data:[[54]
 [50]
 [57]
 [54]
 [46]
 [48]
 [48]
 [50]
 [48]
 [57]
 [51]
 [45]
 [49]] 
------------------------ Dataset: Dle ------------------------
shape: (33, 1), dtype: uint16
Data:[[54]
 [51]
 [49]
 [49]
 [46]
 [56]
 [52]
 [55]
 [53]
 [50]
 [52]
 [57]
 [57]
 [57]
 [57]
 [57]
 [57]
 [45]
 [48]
 [32]
 [54]
 [51]
 [49]
 [49]
 [46]
 [56]
 [52]
 [50]
 [49]
 [51]
 [55]
 [45]
 [49]] 
------------------------ Dataset: Dlf ------------------------
shape: (33, 1), dtype: uint16
Data:[[54]
 [51]
 [50]
 [55]
 [46]
 [55]
 [49]
 [56]
 [53]
 [54]
 [55]
 [45]
 [48]
 [32]
 [54]
 [51]
 [50]
 [55]
 [46]
 [55]
 [49]
 [52]
 [55]
 [53]
 [53]
 [57]
 [57]
 [57]
 [57]
 [57]
 [57]
 [45]
 [49]] 
------------------------ Dataset: Dlg ------------------------
shape: (33, 1), dtype: uint16
Data:[[54]
 [51]
 [52]
 [51]
 [46]
 [53]
 [52]
 [50]
 [48]
 [48]
 [57]
 [45]
 [48]
 [32]
 [54]
 [51]
 [52]
 [51]
 [46]
 [53]
 [51]
 [55]
 [57]
 [56]
 [53]
 [57]
 [57]
 [57]
 [57]
 [57]
 [57]
 [45]
 [49]] 
------------------------ Dataset: Dlh ------------------------
shape: (33, 1), dtype: uint16
Data:[[54]
 [53]
 [48]
 [56]
 [46]
 [54]
 [49]
 [56]
 [50]
 [50]
 [52]
 [57]
 [57]
 [57]
 [57]
 [57]
 [57]
 [45]
 [48]
 [32]
 [54]
 [53]
 [48]
 [56]
 [46]
 [54]
 [49]
 [56]
 [49]
 [56]
 [49]
 [45]
 [49]] 
------------------------ Dataset: Dli ------------------------
shape: (33, 1), dtype: uint16
Data:[[54]
 [53]
 [50]
 [52]
 [46]
 [52]
 [52]
 [50]
 [48]
 [49]
 [54]
 [57]
 [57]
 [57]
 [57]
 [57]
 [57]
 [45]
 [48]
 [32]
 [54]
 [53]
 [50]
 [52]
 [46]
 [52]
 [51]
 [56]
 [48]
 [51]
 [54]
 [45]
 [49]] 
------------------------ Dataset: Dlj ------------------------
shape: (33, 1), dtype: uint16
Data:[[54]
 [48]
 [50]
 [48]
 [46]
 [48]
 [49]
 [49]
 [48]
 [56]
 [50]
 [57]
 [57]
 [57]
 [57]
 [57]
 [57]
 [45]
 [48]
 [32]
 [54]
 [48]
 [50]
 [48]
 [46]
 [48]
 [49]
 [49]
 [48]
 [57]
 [53]
 [45]
 [49]] 
------------------------ Dataset: Dlk ------------------------
shape: (40, 1), dtype: uint16
Data:[[54]
 [48]
 [51]
 [53]
 [46]
 [56]
 [51]
 [54]
 [48]
 [52]
 [53]
 [57]
 [57]
 [57]
 [57]
 [57]
 [57]
 [45]
 [48]
 [32]
 [54]
 [48]
 [51]
 [53]
 [46]
 [56]
 [51]
 [48]
 [56]
 [57]
 [53]
 [57]
 [57]
 [57]
 [57]
 [57]
 [57]
 [53]
 [45]
 [49]] 
------------------------ Dataset: Dll ------------------------
shape: (26, 1), dtype: uint16
Data:[[54]
 [48]
 [53]
 [49]
 [46]
 [52]
 [52]
 [49]
 [54]
 [55]
 [52]
 [45]
 [48]
 [32]
 [54]
 [48]
 [53]
 [49]
 [46]
 [52]
 [51]
 [55]
 [54]
 [56]
 [45]
 [49]] 
------------------------ Dataset: Dlm ------------------------
shape: (32, 1), dtype: uint16
Data:[[54]
 [48]
 [54]
 [55]
 [46]
 [51]
 [52]
 [54]
 [51]
 [56]
 [45]
 [48]
 [32]
 [54]
 [48]
 [54]
 [55]
 [46]
 [51]
 [52]
 [51]
 [49]
 [57]
 [49]
 [57]
 [57]
 [57]
 [57]
 [57]
 [57]
 [45]
 [49]] 
------------------------ Dataset: Dln ------------------------
shape: (33, 1), dtype: uint16
Data:[[54]
 [48]
 [56]
 [51]
 [46]
 [50]
 [57]
 [50]
 [50]
 [57]
 [49]
 [45]
 [48]
 [32]
 [54]
 [48]
 [56]
 [51]
 [46]
 [50]
 [56]
 [53]
 [56]
 [48]
 [57]
 [57]
 [57]
 [57]
 [57]
 [57]
 [57]
 [45]
 [49]] 
------------------------ Dataset: Dlo ------------------------
shape: (34, 1), dtype: uint16
Data:[[53]
 [54]
 [52]
 [51]
 [46]
 [57]
 [54]
 [49]
 [54]
 [50]
 [50]
 [45]
 [48]
 [32]
 [53]
 [54]
 [52]
 [51]
 [46]
 [57]
 [53]
 [55]
 [54]
 [48]
 [49]
 [57]
 [57]
 [57]
 [57]
 [57]
 [57]
 [53]
 [45]
 [49]] 
------------------------ Dataset: Dlp ------------------------
shape: (27, 1), dtype: uint16
Data:[[53]
 [54]
 [53]
 [57]
 [46]
 [55]
 [49]
 [51]
 [54]
 [56]
 [50]
 [45]
 [48]
 [32]
 [53]
 [54]
 [53]
 [57]
 [46]
 [55]
 [48]
 [57]
 [55]
 [48]
 [54]
 [45]
 [49]] 
------------------------ Dataset: Dlq ------------------------
shape: (34, 1), dtype: uint16
Data:[[53]
 [54]
 [55]
 [53]
 [46]
 [52]
 [49]
 [51]
 [54]
 [56]
 [52]
 [57]
 [57]
 [57]
 [57]
 [57]
 [57]
 [53]
 [45]
 [48]
 [32]
 [53]
 [54]
 [55]
 [53]
 [46]
 [52]
 [49]
 [55]
 [54]
 [51]
 [56]
 [45]
 [49]] 
------------------------ Dataset: Dlr ------------------------
shape: (27, 1), dtype: uint16
Data:[[53]
 [54]
 [57]
 [49]
 [46]
 [50]
 [48]
 [54]
 [52]
 [51]
 [50]
 [45]
 [48]
 [32]
 [53]
 [54]
 [57]
 [49]
 [46]
 [50]
 [48]
 [56]
 [52]
 [54]
 [51]
 [45]
 [49]] 
------------------------ Dataset: Dls ------------------------
shape: (27, 1), dtype: uint16
Data:[[54]
 [52]
 [49]
 [52]
 [46]
 [52]
 [54]
 [53]
 [57]
 [48]
 [52]
 [45]
 [48]
 [32]
 [54]
 [52]
 [49]
 [52]
 [46]
 [52]
 [54]
 [49]
 [57]
 [52]
 [52]
 [45]
 [49]] 
------------------------ Dataset: Dlt ------------------------
shape: (34, 1), dtype: uint16
Data:[[54]
 [54]
 [48]
 [54]
 [46]
 [53]
 [52]
 [50]
 [49]
 [54]
 [56]
 [45]
 [48]
 [32]
 [54]
 [54]
 [48]
 [54]
 [46]
 [53]
 [52]
 [54]
 [50]
 [49]
 [55]
 [57]
 [57]
 [57]
 [57]
 [57]
 [57]
 [53]
 [45]
 [49]] 
------------------------ Dataset: Dlu ------------------------
shape: (27, 1), dtype: uint16
Data:[[54]
 [54]
 [50]
 [50]
 [46]
 [53]
 [48]
 [50]
 [49]
 [52]
 [54]
 [45]
 [48]
 [32]
 [54]
 [54]
 [50]
 [50]
 [46]
 [52]
 [57]
 [56]
 [49]
 [55]
 [50]
 [45]
 [49]] 
------------------------ Dataset: Dlv ------------------------
shape: (27, 1), dtype: uint16
Data:[[54]
 [54]
 [51]
 [56]
 [46]
 [51]
 [53]
 [48]
 [50]
 [54]
 [53]
 [45]
 [48]
 [32]
 [54]
 [54]
 [51]
 [56]
 [46]
 [51]
 [52]
 [54]
 [50]
 [56]
 [51]
 [45]
 [49]] 
------------------------ Dataset: Dlw ------------------------
shape: (27, 1), dtype: uint16
Data:[[54]
 [54]
 [53]
 [51]
 [46]
 [57]
 [52]
 [50]
 [53]
 [49]
 [53]
 [45]
 [48]
 [32]
 [54]
 [54]
 [53]
 [51]
 [46]
 [57]
 [51]
 [56]
 [50]
 [54]
 [50]
 [45]
 [49]] 
------------------------ Dataset: Dlx ------------------------
shape: (33, 1), dtype: uint16
Data:[[54]
 [54]
 [54]
 [57]
 [46]
 [56]
 [50]
 [50]
 [48]
 [49]
 [54]
 [45]
 [48]
 [32]
 [54]
 [54]
 [54]
 [57]
 [46]
 [56]
 [50]
 [54]
 [48]
 [53]
 [57]
 [57]
 [57]
 [57]
 [57]
 [57]
 [57]
 [45]
 [49]] 
------------------------ Dataset: Dly ------------------------
shape: (12, 1), dtype: uint16
Data:[[54]
 [54]
 [56]
 [53]
 [46]
 [55]
 [53]
 [52]
 [48]
 [52]
 [45]
 [49]] 
------------------------ Dataset: Dlz ------------------------
shape: (19, 1), dtype: uint16
Data:[[53]
 [57]
 [48]
 [51]
 [46]
 [54]
 [54]
 [57]
 [56]
 [48]
 [57]
 [57]
 [57]
 [57]
 [57]
 [57]
 [57]
 [45]
 [49]] 
------------------------ Dataset: Dm ------------------------

shape: (1, 6), dtype: uint32
Data:[[3707764736          2          1          1        694          1]] 
------------------------ Dataset: Elb ------------------------
shape: (33, 1), dtype: uint16
Data:[[54]
 [55]
 [54]
 [55]
 [46]
 [52]
 [51]
 [56]
 [48]
 [53]
 [51]
 [57]
 [57]
 [57]
 [57]
 [57]
 [57]
 [45]
 [48]
 [32]
 [54]
 [55]
 [54]
 [55]
 [46]
 [52]
 [52]
 [48]
 [51]
 [53]
 [51]
 [45]
 [49]] 
------------------------ Dataset: Elc ------------------------
shape: (33, 1), dtype: uint16
Data:[[54]
 [50]
 [56]
 [48]
 [46]
 [50]
 [50]
 [57]
 [56]
 [52]
 [48]
 [57]
 [57]
 [57]
 [57]
 [57]
 [57]
 [45]
 [48]
 [32]
 [54]
 [50]
 [56]
 [48]
 [46]
 [50]
 [50]
 [53]
 [57]
 [48]
 [57]
 [45]
 [49]] 
------------------------ Dataset: Eld ------------------------
shape: (19, 1), dtype: uint16
Data:[[54]
 [50]
 [57]
 [54]
 [46]
 [48]
 [48]
 [54]
 [50]
 [53]
 [49]
 [57]
 [57]
 [57]
 [57]
 [57]
 [57]
 [45]
 [48]] 
------------------------ Dataset: Ele ------------------------
shape: (39, 1), dtype: uint16
Data:[[54]
 [51]
 [49]
 [49]
 [46]
 [56]
 [52]
 [55]
 [53]
 [50]
 [52]
 [57]
 [57]
 [57]
 [57]
 [57]
 [57]
 [45]
 [48]
 [32]
 [54]
 [51]
 [49]
 [49]
 [46]
 [56]
 [53]
 [48]
 [49]
 [53]
 [55]
 [57]
 [57]
 [57]
 [57]
 [57]
 [57]
 [45]
 [49]] 
------------------------ Dataset: Elf ------------------------
shape: (27, 1), dtype: uint16
Data:[[54]
 [51]
 [50]
 [55]
 [46]
 [55]
 [49]
 [56]
 [53]
 [54]
 [55]
 [45]
 [48]
 [32]
 [54]
 [51]
 [50]
 [55]
 [46]
 [55]
 [50]
 [49]
 [56]
 [53]
 [54]
 [45]
 [49]] 
------------------------ Dataset: Elg ------------------------
shape: (27, 1), dtype: uint16
Data:[[54]
 [51]
 [52]
 [51]
 [46]
 [53]
 [52]
 [50]
 [48]
 [48]
 [57]
 [45]
 [48]
 [32]
 [54]
 [51]
 [52]
 [51]
 [46]
 [53]
 [52]
 [54]
 [48]
 [57]
 [54]
 [45]
 [49]] 
------------------------ Dataset: Elh ------------------------
shape: (33, 1), dtype: uint16
Data:[[54]
 [53]
 [48]
 [56]
 [46]
 [54]
 [49]
 [56]
 [50]
 [50]
 [52]
 [57]
 [57]
 [57]
 [57]
 [57]
 [57]
 [45]
 [48]
 [32]
 [54]
 [53]
 [48]
 [56]
 [46]
 [54]
 [50]
 [49]
 [57]
 [54]
 [57]
 [45]
 [49]] 
------------------------ Dataset: Eli ------------------------
shape: (33, 1), dtype: uint16
Data:[[54]
 [53]
 [50]
 [52]
 [46]
 [52]
 [52]
 [50]
 [48]
 [49]
 [54]
 [57]
 [57]
 [57]
 [57]
 [57]
 [57]
 [45]
 [48]
 [32]
 [54]
 [53]
 [50]
 [52]
 [46]
 [52]
 [52]
 [54]
 [49]
 [48]
 [56]
 [45]
 [49]] 
------------------------ Dataset: Elj ------------------------
shape: (27, 1), dtype: uint16
Data:[[54]
 [48]
 [50]
 [48]
 [46]
 [48]
 [50]
 [49]
 [48]
 [49]
 [49]
 [45]
 [48]
 [32]
 [54]
 [48]
 [50]
 [48]
 [46]
 [48]
 [49]
 [49]
 [48]
 [57]
 [53]
 [45]
 [49]] 
------------------------ Dataset: Elk ------------------------
shape: (33, 1), dtype: uint16
Data:[[54]
 [48]
 [51]
 [53]
 [46]
 [56]
 [51]
 [54]
 [48]
 [52]
 [53]
 [57]
 [57]
 [57]
 [57]
 [57]
 [57]
 [45]
 [48]
 [32]
 [54]
 [48]
 [51]
 [53]
 [46]
 [56]
 [52]
 [50]
 [52]
 [51]
 [53]
 [45]
 [49]] 
------------------------ Dataset: Ell ------------------------
shape: (33, 1), dtype: uint16
Data:[[54]
 [48]
 [53]
 [49]
 [46]
 [52]
 [52]
 [49]
 [54]
 [55]
 [52]
 [45]
 [48]
 [32]
 [54]
 [48]
 [53]
 [49]
 [46]
 [52]
 [52]
 [53]
 [55]
 [51]
 [55]
 [57]
 [57]
 [57]
 [57]
 [57]
 [57]
 [45]
 [49]] 
------------------------ Dataset: Elm ------------------------
shape: (26, 1), dtype: uint16
Data:[[54]
 [48]
 [54]
 [55]
 [46]
 [51]
 [52]
 [54]
 [51]
 [56]
 [45]
 [48]
 [32]
 [54]
 [48]
 [54]
 [55]
 [46]
 [51]
 [53]
 [48]
 [51]
 [56]
 [54]
 [45]
 [49]] 
------------------------ Dataset: Eln ------------------------
shape: (27, 1), dtype: uint16
Data:[[54]
 [48]
 [56]
 [51]
 [46]
 [50]
 [57]
 [50]
 [50]
 [57]
 [49]
 [45]
 [48]
 [32]
 [54]
 [48]
 [56]
 [51]
 [46]
 [50]
 [57]
 [52]
 [49]
 [54]
 [52]
 [45]
 [49]] 
------------------------ Dataset: Elo ------------------------
shape: (33, 1), dtype: uint16
Data:[[53]
 [54]
 [52]
 [51]
 [46]
 [57]
 [54]
 [49]
 [54]
 [50]
 [50]
 [45]
 [48]
 [32]
 [53]
 [54]
 [52]
 [51]
 [46]
 [57]
 [54]
 [53]
 [53]
 [56]
 [50]
 [57]
 [57]
 [57]
 [57]
 [57]
 [57]
 [45]
 [49]] 
------------------------ Dataset: Elp ------------------------
shape: (27, 1), dtype: uint16
Data:[[53]
 [54]
 [53]
 [57]
 [46]
 [55]
 [49]
 [51]
 [54]
 [56]
 [50]
 [45]
 [48]
 [32]
 [53]
 [54]
 [53]
 [57]
 [46]
 [55]
 [49]
 [55]
 [54]
 [48]
 [56]
 [45]
 [49]] 
------------------------ Dataset: Elq ------------------------
shape: (27, 1), dtype: uint16
Data:[[53]
 [54]
 [55]
 [53]
 [46]
 [52]
 [50]
 [49]
 [54]
 [52]
 [49]
 [45]
 [48]
 [32]
 [53]
 [54]
 [55]
 [53]
 [46]
 [52]
 [49]
 [55]
 [54]
 [51]
 [56]
 [45]
 [49]] 
------------------------ Dataset: Elr ------------------------
shape: (33, 1), dtype: uint16
Data:[[53]
 [54]
 [57]
 [49]
 [46]
 [50]
 [49]
 [50]
 [53]
 [51]
 [54]
 [57]
 [57]
 [57]
 [57]
 [57]
 [57]
 [45]
 [48]
 [32]
 [53]
 [54]
 [57]
 [49]
 [46]
 [50]
 [48]
 [56]
 [52]
 [54]
 [51]
 [45]
 [49]] 
------------------------ Dataset: Els ------------------------
shape: (27, 1), dtype: uint16
Data:[[54]
 [52]
 [49]
 [52]
 [46]
 [52]
 [54]
 [53]
 [57]
 [48]
 [52]
 [45]
 [48]
 [32]
 [54]
 [52]
 [49]
 [52]
 [46]
 [52]
 [54]
 [57]
 [56]
 [53]
 [55]
 [45]
 [49]] 
------------------------ Dataset: Elt ------------------------
shape: (41, 1), dtype: uint16
Data:[[54]
 [54]
 [48]
 [54]
 [46]
 [53]
 [53]
 [48]
 [56]
 [50]
 [55]
 [57]
 [57]
 [57]
 [57]
 [57]
 [57]
 [53]
 [45]
 [48]
 [32]
 [54]
 [54]
 [48]
 [54]
 [46]
 [53]
 [52]
 [54]
 [50]
 [49]
 [55]
 [57]
 [57]
 [57]
 [57]
 [57]
 [57]
 [53]
 [45]
 [49]] 
------------------------ Dataset: Elu ------------------------
shape: (26, 1), dtype: uint16
Data:[[54]
 [54]
 [50]
 [50]
 [46]
 [53]
 [48]
 [50]
 [49]
 [52]
 [54]
 [45]
 [48]
 [32]
 [54]
 [54]
 [50]
 [50]
 [46]
 [53]
 [48]
 [54]
 [50]
 [52]
 [45]
 [49]] 
------------------------ Dataset: Elv ------------------------
shape: (33, 1), dtype: uint16
Data:[[54]
 [54]
 [51]
 [56]
 [46]
 [51]
 [53]
 [48]
 [50]
 [54]
 [53]
 [45]
 [48]
 [32]
 [54]
 [54]
 [51]
 [56]
 [46]
 [51]
 [53]
 [52]
 [49]
 [54]
 [56]
 [57]
 [57]
 [57]
 [57]
 [57]
 [57]
 [45]
 [49]] 
------------------------ Dataset: Elw ------------------------
shape: (27, 1), dtype: uint16
Data:[[54]
 [54]
 [53]
 [51]
 [46]
 [57]
 [52]
 [50]
 [53]
 [49]
 [53]
 [45]
 [48]
 [32]
 [54]
 [54]
 [53]
 [51]
 [46]
 [57]
 [52]
 [55]
 [48]
 [48]
 [53]
 [45]
 [49]] 
------------------------ Dataset: Elx ------------------------
shape: (33, 1), dtype: uint16
Data:[[54]
 [54]
 [54]
 [57]
 [46]
 [56]
 [51]
 [48]
 [49]
 [51]
 [55]
 [45]
 [48]
 [32]
 [54]
 [54]
 [54]
 [57]
 [46]
 [56]
 [50]
 [54]
 [48]
 [53]
 [57]
 [57]
 [57]
 [57]
 [57]
 [57]
 [57]
 [45]
 [49]] 
------------------------ Dataset: Ely ------------------------
shape: (13, 1), dtype: uint16
Data:[[54]
 [54]
 [56]
 [53]
 [46]
 [55]
 [53]
 [56]
 [51]
 [49]
 [53]
 [45]
 [48]] 
------------------------ Dataset: Elz ------------------------
shape: (13, 1), dtype: uint16
Data:[[53]
 [57]
 [48]
 [51]
 [46]
 [54]
 [55]
 [51]
 [55]
 [54]
 [53]
 [45]
 [48]] 
------------------------ Dataset: Em ------------------------

shape: (1, 6), dtype: uint32
Data:[[3707764736          2          1          1        695          1]] 
------------------------ Dataset: Flb ------------------------
shape: (27, 1), dtype: uint16
Data:[[54]
 [55]
 [54]
 [55]
 [46]
 [52]
 [52]
 [54]
 [52]
 [49]
 [51]
 [45]
 [48]
 [32]
 [54]
 [55]
 [54]
 [55]
 [46]
 [52]
 [52]
 [48]
 [51]
 [53]
 [51]
 [45]
 [49]] 
------------------------ Dataset: Flc ------------------------
shape: (39, 1), dtype: uint16
Data:[[54]
 [50]
 [56]
 [48]
 [46]
 [50]
 [50]
 [57]
 [56]
 [52]
 [48]
 [57]
 [57]
 [57]
 [57]
 [57]
 [57]
 [45]
 [48]
 [32]
 [54]
 [50]
 [56]
 [48]
 [46]
 [50]
 [51]
 [52]
 [49]
 [51]
 [51]
 [57]
 [57]
 [57]
 [57]
 [57]
 [57]
 [45]
 [49]] 
------------------------ Dataset: Fld ------------------------
shape: (13, 1), dtype: uint16
Data:[[54]
 [50]
 [57]
 [54]
 [46]
 [48]
 [49]
 [48]
 [49]
 [48]
 [54]
 [45]
 [49]] 
------------------------ Dataset: Fle ------------------------
shape: (39, 1), dtype: uint16
Data:[[54]
 [51]
 [49]
 [49]
 [46]
 [56]
 [53]
 [51]
 [56]
 [55]
 [48]
 [57]
 [57]
 [57]
 [57]
 [57]
 [57]
 [45]
 [48]
 [32]
 [54]
 [51]
 [49]
 [49]
 [46]
 [56]
 [53]
 [48]
 [49]
 [53]
 [55]
 [57]
 [57]
 [57]
 [57]
 [57]
 [57]
 [45]
 [49]] 
------------------------ Dataset: Flf ------------------------
shape: (27, 1), dtype: uint16
Data:[[54]
 [51]
 [50]
 [55]
 [46]
 [55]
 [50]
 [53]
 [56]
 [54]
 [57]
 [45]
 [48]
 [32]
 [54]
 [51]
 [50]
 [55]
 [46]
 [55]
 [50]
 [49]
 [56]
 [53]
 [54]
 [45]
 [49]] 
------------------------ Dataset: Flg ------------------------
shape: (26, 1), dtype: uint16
Data:[[54]
 [51]
 [52]
 [51]
 [46]
 [53]
 [53]
 [52]
 [54]
 [51]
 [45]
 [48]
 [32]
 [54]
 [51]
 [52]
 [51]
 [46]
 [53]
 [52]
 [54]
 [48]
 [57]
 [54]
 [45]
 [49]] 
------------------------ Dataset: Flh ------------------------
shape: (33, 1), dtype: uint16
Data:[[54]
 [53]
 [48]
 [56]
 [46]
 [54]
 [50]
 [54]
 [48]
 [54]
 [49]
 [57]
 [57]
 [57]
 [57]
 [57]
 [57]
 [45]
 [48]
 [32]
 [54]
 [53]
 [48]
 [56]
 [46]
 [54]
 [50]
 [49]
 [57]
 [54]
 [57]
 [45]
 [49]] 
------------------------ Dataset: Fli ------------------------
shape: (27, 1), dtype: uint16
Data:[[54]
 [53]
 [50]
 [52]
 [46]
 [52]
 [53]
 [48]
 [48]
 [50]
 [49]
 [45]
 [48]
 [32]
 [54]
 [53]
 [50]
 [52]
 [46]
 [52]
 [52]
 [54]
 [49]
 [48]
 [56]
 [45]
 [49]] 
------------------------ Dataset: Flj ------------------------
shape: (27, 1), dtype: uint16
Data:[[54]
 [48]
 [50]
 [48]
 [46]
 [48]
 [50]
 [49]
 [48]
 [49]
 [49]
 [45]
 [48]
 [32]
 [54]
 [48]
 [50]
 [48]
 [46]
 [48]
 [50]
 [50]
 [54]
 [51]
 [52]
 [45]
 [49]] 
------------------------ Dataset: Flk ------------------------
shape: (13, 1), dtype: uint16
Data:[[54]
 [48]
 [51]
 [53]
 [46]
 [56]
 [52]
 [50]
 [52]
 [51]
 [53]
 [45]
 [49]] 
------------------------ Dataset: Fll ------------------------
shape: (39, 1), dtype: uint16
Data:[[54]
 [48]
 [53]
 [49]
 [46]
 [52]
 [52]
 [57]
 [54]
 [57]
 [49]
 [57]
 [57]
 [57]
 [57]
 [57]
 [57]
 [45]
 [48]
 [32]
 [54]
 [48]
 [53]
 [49]
 [46]
 [52]
 [52]
 [53]
 [55]
 [51]
 [55]
 [57]
 [57]
 [57]
 [57]
 [57]
 [57]
 [45]
 [49]] 
------------------------ Dataset: Flm ------------------------
shape: (33, 1), dtype: uint16
Data:[[54]
 [48]
 [54]
 [55]
 [46]
 [51]
 [53]
 [52]
 [50]
 [57]
 [50]
 [57]
 [57]
 [57]
 [57]
 [57]
 [57]
 [45]
 [48]
 [32]
 [54]
 [48]
 [54]
 [55]
 [46]
 [51]
 [53]
 [48]
 [51]
 [56]
 [54]
 [45]
 [49]] 
------------------------ Dataset: Fln ------------------------
shape: (27, 1), dtype: uint16
Data:[[54]
 [48]
 [56]
 [51]
 [46]
 [50]
 [57]
 [55]
 [55]
 [52]
 [53]
 [45]
 [48]
 [32]
 [54]
 [48]
 [56]
 [51]
 [46]
 [50]
 [57]
 [52]
 [49]
 [54]
 [52]
 [45]
 [49]] 
------------------------ Dataset: Flo ------------------------
shape: (33, 1), dtype: uint16
Data:[[53]
 [54]
 [52]
 [51]
 [46]
 [57]
 [54]
 [57]
 [52]
 [56]
 [54]
 [45]
 [48]
 [32]
 [53]
 [54]
 [52]
 [51]
 [46]
 [57]
 [54]
 [53]
 [53]
 [56]
 [50]
 [57]
 [57]
 [57]
 [57]
 [57]
 [57]
 [45]
 [49]] 
------------------------ Dataset: Flp ------------------------
shape: (27, 1), dtype: uint16
Data:[[53]
 [54]
 [53]
 [57]
 [46]
 [55]
 [50]
 [49]
 [53]
 [56]
 [51]
 [45]
 [48]
 [32]
 [53]
 [54]
 [53]
 [57]
 [46]
 [55]
 [49]
 [55]
 [54]
 [48]
 [56]
 [45]
 [49]] 
------------------------ Dataset: Flq ------------------------
shape: (27, 1), dtype: uint16
Data:[[53]
 [54]
 [55]
 [53]
 [46]
 [52]
 [50]
 [49]
 [54]
 [52]
 [49]
 [45]
 [48]
 [32]
 [53]
 [54]
 [55]
 [53]
 [46]
 [52]
 [50]
 [53]
 [54]
 [48]
 [55]
 [45]
 [49]] 
------------------------ Dataset: Flr ------------------------
shape: (33, 1), dtype: uint16
Data:[[53]
 [54]
 [57]
 [49]
 [46]
 [50]
 [49]
 [50]
 [53]
 [51]
 [54]
 [57]
 [57]
 [57]
 [57]
 [57]
 [57]
 [45]
 [48]
 [32]
 [53]
 [54]
 [57]
 [49]
 [46]
 [50]
 [49]
 [52]
 [53]
 [48]
 [55]
 [45]
 [49]] 
------------------------ Dataset: Fls ------------------------
shape: (26, 1), dtype: uint16
Data:[[54]
 [52]
 [49]
 [52]
 [46]
 [52]
 [55]
 [51]
 [57]
 [49]
 [45]
 [48]
 [32]
 [54]
 [52]
 [49]
 [52]
 [46]
 [52]
 [54]
 [57]
 [56]
 [53]
 [55]
 [45]
 [49]] 
------------------------ Dataset: Flt ------------------------
shape: (41, 1), dtype: uint16
Data:[[54]
 [54]
 [48]
 [54]
 [46]
 [53]
 [53]
 [48]
 [56]
 [50]
 [55]
 [57]
 [57]
 [57]
 [57]
 [57]
 [57]
 [53]
 [45]
 [48]
 [32]
 [54]
 [54]
 [48]
 [54]
 [46]
 [53]
 [53]
 [53]
 [55]
 [49]
 [52]
 [57]
 [57]
 [57]
 [57]
 [57]
 [57]
 [53]
 [45]
 [49]] 
------------------------ Dataset: Flu ------------------------
shape: (26, 1), dtype: uint16
Data:[[54]
 [54]
 [50]
 [50]
 [46]
 [53]
 [49]
 [48]
 [48]
 [55]
 [54]
 [45]
 [48]
 [32]
 [54]
 [54]
 [50]
 [50]
 [46]
 [53]
 [48]
 [54]
 [50]
 [52]
 [45]
 [49]] 
------------------------ Dataset: Flv ------------------------
shape: (39, 1), dtype: uint16
Data:[[54]
 [54]
 [51]
 [56]
 [46]
 [51]
 [53]
 [56]
 [49]
 [48]
 [55]
 [57]
 [57]
 [57]
 [57]
 [57]
 [57]
 [45]
 [48]
 [32]
 [54]
 [54]
 [51]
 [56]
 [46]
 [51]
 [53]
 [52]
 [49]
 [54]
 [56]
 [57]
 [57]
 [57]
 [57]
 [57]
 [57]
 [45]
 [49]] 
------------------------ Dataset: Flw ------------------------
shape: (27, 1), dtype: uint16
Data:[[54]
 [54]
 [53]
 [51]
 [46]
 [57]
 [53]
 [48]
 [51]
 [50]
 [51]
 [45]
 [48]
 [32]
 [54]
 [54]
 [53]
 [51]
 [46]
 [57]
 [52]
 [55]
 [48]
 [48]
 [53]
 [45]
 [49]] 
------------------------ Dataset: Flx ------------------------
shape: (27, 1), dtype: uint16
Data:[[54]
 [54]
 [54]
 [57]
 [46]
 [56]
 [51]
 [48]
 [49]
 [51]
 [55]
 [45]
 [48]
 [32]
 [54]
 [54]
 [54]
 [57]
 [46]
 [56]
 [51]
 [52]
 [49]
 [49]
 [50]
 [45]
 [49]] 
------------------------ Dataset: Fly ------------------------
shape: (13, 1), dtype: uint16
Data:[[54]
 [54]
 [56]
 [53]
 [46]
 [55]
 [54]
 [50]
 [56]
 [53]
 [50]
 [45]
 [49]] 
------------------------ Dataset: Flz ------------------------
shape: (13, 1), dtype: uint16
Data:[[53]
 [57]
 [48]
 [51]
 [46]
 [54]
 [55]
 [55]
 [56]
 [56]
 [52]
 [45]
 [49]] 
------------------------ Dataset: Fm ------------------------

shape: (1, 6), dtype: uint32
Data:[[3707764736          2          1          1        696          1]] 
------------------------ Dataset: Glb ------------------------
shape: (33, 1), dtype: uint16
Data:[[54]
 [55]
 [54]
 [55]
 [46]
 [52]
 [52]
 [54]
 [52]
 [49]
 [51]
 [45]
 [48]
 [32]
 [54]
 [55]
 [54]
 [55]
 [46]
 [52]
 [52]
 [54]
 [52]
 [54]
 [50]
 [57]
 [57]
 [57]
 [57]
 [57]
 [57]
 [45]
 [49]] 
------------------------ Dataset: Glc ------------------------
shape: (33, 1), dtype: uint16
Data:[[54]
 [50]
 [56]
 [48]
 [46]
 [50]
 [52]
 [49]
 [52]
 [51]
 [50]
 [45]
 [48]
 [32]
 [54]
 [50]
 [56]
 [48]
 [46]
 [50]
 [51]
 [52]
 [49]
 [51]
 [51]
 [57]
 [57]
 [57]
 [57]
 [57]
 [57]
 [45]
 [49]] 
------------------------ Dataset: Gld ------------------------
shape: (19, 1), dtype: uint16
Data:[[54]
 [50]
 [57]
 [54]
 [46]
 [48]
 [49]
 [52]
 [49]
 [55]
 [49]
 [57]
 [57]
 [57]
 [57]
 [57]
 [57]
 [45]
 [48]] 
------------------------ Dataset: Gle ------------------------
shape: (33, 1), dtype: uint16
Data:[[54]
 [51]
 [49]
 [49]
 [46]
 [56]
 [53]
 [51]
 [56]
 [55]
 [48]
 [57]
 [57]
 [57]
 [57]
 [57]
 [57]
 [45]
 [48]
 [32]
 [54]
 [51]
 [49]
 [49]
 [46]
 [56]
 [53]
 [55]
 [57]
 [49]
 [57]
 [45]
 [49]] 
------------------------ Dataset: Glf ------------------------
shape: (27, 1), dtype: uint16
Data:[[54]
 [51]
 [50]
 [55]
 [46]
 [55]
 [50]
 [53]
 [56]
 [54]
 [57]
 [45]
 [48]
 [32]
 [54]
 [51]
 [50]
 [55]
 [46]
 [55]
 [50]
 [57]
 [56]
 [55]
 [50]
 [45]
 [49]] 
------------------------ Dataset: Glg ------------------------
shape: (26, 1), dtype: uint16
Data:[[54]
 [51]
 [52]
 [51]
 [46]
 [53]
 [53]
 [52]
 [54]
 [51]
 [45]
 [48]
 [32]
 [54]
 [51]
 [52]
 [51]
 [46]
 [53]
 [53]
 [52]
 [54]
 [49]
 [50]
 [45]
 [49]] 
------------------------ Dataset: Glh ------------------------
shape: (33, 1), dtype: uint16
Data:[[54]
 [53]
 [48]
 [56]
 [46]
 [54]
 [50]
 [54]
 [48]
 [54]
 [49]
 [57]
 [57]
 [57]
 [57]
 [57]
 [57]
 [45]
 [48]
 [32]
 [54]
 [53]
 [48]
 [56]
 [46]
 [54]
 [51]
 [48]
 [48]
 [48]
 [56]
 [45]
 [49]] 
------------------------ Dataset: Gli ------------------------
shape: (27, 1), dtype: uint16
Data:[[54]
 [53]
 [50]
 [52]
 [46]
 [52]
 [53]
 [48]
 [48]
 [50]
 [49]
 [45]
 [48]
 [32]
 [54]
 [53]
 [50]
 [52]
 [46]
 [52]
 [53]
 [52]
 [48]
 [48]
 [56]
 [45]
 [49]] 
------------------------ Dataset: Glj ------------------------
shape: (34, 1), dtype: uint16
Data:[[54]
 [48]
 [50]
 [48]
 [46]
 [48]
 [51]
 [52]
 [54]
 [56]
 [57]
 [57]
 [57]
 [57]
 [57]
 [57]
 [57]
 [53]
 [45]
 [48]
 [32]
 [54]
 [48]
 [50]
 [48]
 [46]
 [48]
 [50]
 [50]
 [54]
 [51]
 [52]
 [45]
 [49]] 
------------------------ Dataset: Glk ------------------------
shape: (27, 1), dtype: uint16
Data:[[54]
 [48]
 [51]
 [53]
 [46]
 [56]
 [54]
 [48]
 [55]
 [56]
 [51]
 [45]
 [48]
 [32]
 [54]
 [48]
 [51]
 [53]
 [46]
 [56]
 [54]
 [49]
 [48]
 [55]
 [55]
 [45]
 [49]] 
------------------------ Dataset: Gll ------------------------
shape: (40, 1), dtype: uint16
Data:[[54]
 [48]
 [53]
 [49]
 [46]
 [52]
 [52]
 [57]
 [54]
 [57]
 [49]
 [57]
 [57]
 [57]
 [57]
 [57]
 [57]
 [45]
 [48]
 [32]
 [54]
 [48]
 [53]
 [49]
 [46]
 [52]
 [53]
 [51]
 [55]
 [54]
 [50]
 [57]
 [57]
 [57]
 [57]
 [57]
 [57]
 [53]
 [45]
 [49]] 
------------------------ Dataset: Glm ------------------------
shape: (33, 1), dtype: uint16
Data:[[54]
 [48]
 [54]
 [55]
 [46]
 [51]
 [53]
 [52]
 [50]
 [57]
 [50]
 [57]
 [57]
 [57]
 [57]
 [57]
 [57]
 [45]
 [48]
 [32]
 [54]
 [48]
 [54]
 [55]
 [46]
 [51]
 [53]
 [56]
 [48]
 [51]
 [57]
 [45]
 [49]] 
------------------------ Dataset: Gln ------------------------
shape: (27, 1), dtype: uint16
Data:[[54]
 [48]
 [56]
 [51]
 [46]
 [50]
 [57]
 [55]
 [55]
 [52]
 [53]
 [45]
 [48]
 [32]
 [54]
 [48]
 [56]
 [51]
 [46]
 [51]
 [48]
 [49]
 [55]
 [50]
 [54]
 [45]
 [49]] 
------------------------ Dataset: Glo ------------------------
shape: (33, 1), dtype: uint16
Data:[[53]
 [54]
 [52]
 [51]
 [46]
 [57]
 [54]
 [57]
 [52]
 [56]
 [54]
 [45]
 [48]
 [32]
 [53]
 [54]
 [52]
 [51]
 [46]
 [57]
 [55]
 [51]
 [53]
 [54]
 [55]
 [57]
 [57]
 [57]
 [57]
 [57]
 [57]
 [45]
 [49]] 
------------------------ Dataset: Glp ------------------------
shape: (27, 1), dtype: uint16
Data:[[53]
 [54]
 [53]
 [57]
 [46]
 [55]
 [50]
 [49]
 [53]
 [56]
 [51]
 [45]
 [48]
 [32]
 [53]
 [54]
 [53]
 [57]
 [46]
 [55]
 [50]
 [53]
 [55]
 [51]
 [52]
 [45]
 [49]] 
------------------------ Dataset: Glq ------------------------
shape: (33, 1), dtype: uint16
Data:[[53]
 [54]
 [55]
 [53]
 [46]
 [52]
 [50]
 [57]
 [53]
 [54]
 [57]
 [57]
 [57]
 [57]
 [57]
 [57]
 [57]
 [45]
 [48]
 [32]
 [53]
 [54]
 [55]
 [53]
 [46]
 [52]
 [50]
 [53]
 [54]
 [48]
 [55]
 [45]
 [49]] 
------------------------ Dataset: Glr ------------------------
shape: (33, 1), dtype: uint16
Data:[[53]
 [54]
 [57]
 [49]
 [46]
 [50]
 [49]
 [55]
 [51]
 [52]
 [55]
 [57]
 [57]
 [57]
 [57]
 [57]
 [57]
 [45]
 [48]
 [32]
 [53]
 [54]
 [57]
 [49]
 [46]
 [50]
 [49]
 [52]
 [53]
 [48]
 [55]
 [45]
 [49]] 
------------------------ Dataset: Gls ------------------------
shape: (26, 1), dtype: uint16
Data:[[54]
 [52]
 [49]
 [52]
 [46]
 [52]
 [55]
 [51]
 [57]
 [49]
 [45]
 [48]
 [32]
 [54]
 [52]
 [49]
 [52]
 [46]
 [52]
 [55]
 [57]
 [54]
 [50]
 [53]
 [45]
 [49]] 
------------------------ Dataset: Glt ------------------------
shape: (34, 1), dtype: uint16
Data:[[54]
 [54]
 [48]
 [54]
 [46]
 [53]
 [53]
 [56]
 [55]
 [56]
 [50]
 [45]
 [48]
 [32]
 [54]
 [54]
 [48]
 [54]
 [46]
 [53]
 [53]
 [53]
 [55]
 [49]
 [52]
 [57]
 [57]
 [57]
 [57]
 [57]
 [57]
 [53]
 [45]
 [49]] 
------------------------ Dataset: Glu ------------------------
shape: (27, 1), dtype: uint16
Data:[[54]
 [54]
 [50]
 [50]
 [46]
 [53]
 [49]
 [48]
 [48]
 [55]
 [54]
 [45]
 [48]
 [32]
 [54]
 [54]
 [50]
 [50]
 [46]
 [53]
 [49]
 [52]
 [48]
 [57]
 [57]
 [45]
 [49]] 
------------------------ Dataset: Glv ------------------------
shape: (33, 1), dtype: uint16
Data:[[54]
 [54]
 [51]
 [56]
 [46]
 [51]
 [53]
 [56]
 [49]
 [48]
 [55]
 [57]
 [57]
 [57]
 [57]
 [57]
 [57]
 [45]
 [48]
 [32]
 [54]
 [54]
 [51]
 [56]
 [46]
 [51]
 [54]
 [50]
 [49]
 [52]
 [53]
 [45]
 [49]] 
------------------------ Dataset: Glw ------------------------
shape: (27, 1), dtype: uint16
Data:[[54]
 [54]
 [53]
 [51]
 [46]
 [57]
 [53]
 [48]
 [51]
 [50]
 [51]
 [45]
 [48]
 [32]
 [54]
 [54]
 [53]
 [51]
 [46]
 [57]
 [53]
 [52]
 [50]
 [50]
 [49]
 [45]
 [49]] 
------------------------ Dataset: Glx ------------------------
shape: (33, 1), dtype: uint16
Data:[[54]
 [54]
 [54]
 [57]
 [46]
 [56]
 [51]
 [56]
 [49]
 [52]
 [51]
 [57]
 [57]
 [57]
 [57]
 [57]
 [57]
 [45]
 [48]
 [32]
 [54]
 [54]
 [54]
 [57]
 [46]
 [56]
 [51]
 [52]
 [49]
 [49]
 [50]
 [45]
 [49]] 
------------------------ Dataset: Gly ------------------------
shape: (12, 1), dtype: uint16
Data:[[54]
 [54]
 [56]
 [53]
 [46]
 [55]
 [54]
 [54]
 [49]
 [51]
 [45]
 [48]] 
------------------------ Dataset: Glz ------------------------
shape: (13, 1), dtype: uint16
Data:[[53]
 [57]
 [48]
 [51]
 [46]
 [54]
 [56]
 [49]
 [56]
 [53]
 [56]
 [45]
 [48]] 
------------------------ Dataset: Gm ------------------------

shape: (1, 6), dtype: uint32
Data:[[3707764736          2          1          1        697          1]] 
------------------------ Dataset: Hlb ------------------------
shape: (32, 1), dtype: uint16
Data:[[54]
 [55]
 [54]
 [55]
 [46]
 [52]
 [53]
 [52]
 [51]
 [53]
 [45]
 [48]
 [32]
 [54]
 [55]
 [54]
 [55]
 [46]
 [52]
 [52]
 [54]
 [52]
 [54]
 [50]
 [57]
 [57]
 [57]
 [57]
 [57]
 [57]
 [45]
 [49]] 
------------------------ Dataset: Hlc ------------------------
shape: (27, 1), dtype: uint16
Data:[[54]
 [50]
 [56]
 [48]
 [46]
 [50]
 [52]
 [49]
 [52]
 [51]
 [50]
 [45]
 [48]
 [32]
 [54]
 [50]
 [56]
 [48]
 [46]
 [50]
 [52]
 [49]
 [56]
 [50]
 [53]
 [45]
 [49]] 
------------------------ Dataset: Hld ------------------------
shape: (12, 1), dtype: uint16
Data:[[54]
 [50]
 [57]
 [54]
 [46]
 [48]
 [49]
 [56]
 [49]
 [53]
 [45]
 [49]] 
------------------------ Dataset: Hle ------------------------
shape: (27, 1), dtype: uint16
Data:[[54]
 [51]
 [49]
 [49]
 [46]
 [56]
 [54]
 [49]
 [56]
 [53]
 [49]
 [45]
 [48]
 [32]
 [54]
 [51]
 [49]
 [49]
 [46]
 [56]
 [53]
 [55]
 [57]
 [49]
 [57]
 [45]
 [49]] 
------------------------ Dataset: Hlf ------------------------
shape: (27, 1), dtype: uint16
Data:[[54]
 [51]
 [50]
 [55]
 [46]
 [55]
 [51]
 [51]
 [56]
 [53]
 [57]
 [45]
 [48]
 [32]
 [54]
 [51]
 [50]
 [55]
 [46]
 [55]
 [50]
 [57]
 [56]
 [55]
 [50]
 [45]
 [49]] 
------------------------ Dataset: Hlg ------------------------
shape: (32, 1), dtype: uint16
Data:[[54]
 [51]
 [52]
 [51]
 [46]
 [53]
 [53]
 [52]
 [54]
 [51]
 [45]
 [48]
 [32]
 [54]
 [51]
 [52]
 [51]
 [46]
 [53]
 [54]
 [49]
 [57]
 [51]
 [56]
 [57]
 [57]
 [57]
 [57]
 [57]
 [57]
 [45]
 [49]] 
------------------------ Dataset: Hlh ------------------------
shape: (33, 1), dtype: uint16
Data:[[54]
 [53]
 [48]
 [56]
 [46]
 [54]
 [51]
 [52]
 [48]
 [49]
 [54]
 [57]
 [57]
 [57]
 [57]
 [57]
 [57]
 [45]
 [48]
 [32]
 [54]
 [53]
 [48]
 [56]
 [46]
 [54]
 [51]
 [48]
 [48]
 [48]
 [56]
 [45]
 [49]] 
------------------------ Dataset: Hli ------------------------
shape: (27, 1), dtype: uint16
Data:[[54]
 [53]
 [50]
 [52]
 [46]
 [52]
 [53]
 [55]
 [57]
 [55]
 [52]
 [45]
 [48]
 [32]
 [54]
 [53]
 [50]
 [52]
 [46]
 [52]
 [53]
 [52]
 [48]
 [48]
 [56]
 [45]
 [49]] 
------------------------ Dataset: Hlj ------------------------
shape: (40, 1), dtype: uint16
Data:[[54]
 [48]
 [50]
 [48]
 [46]
 [48]
 [51]
 [52]
 [54]
 [56]
 [57]
 [57]
 [57]
 [57]
 [57]
 [57]
 [57]
 [53]
 [45]
 [48]
 [32]
 [54]
 [48]
 [50]
 [48]
 [46]
 [48]
 [52]
 [55]
 [56]
 [54]
 [57]
 [57]
 [57]
 [57]
 [57]
 [57]
 [57]
 [45]
 [49]] 
------------------------ Dataset: Hlk ------------------------
shape: (27, 1), dtype: uint16
Data:[[54]
 [48]
 [51]
 [53]
 [46]
 [56]
 [54]
 [53]
 [55]
 [50]
 [49]
 [45]
 [48]
 [32]
 [54]
 [48]
 [51]
 [53]
 [46]
 [56]
 [54]
 [49]
 [48]
 [55]
 [55]
 [45]
 [49]] 
------------------------ Dataset: Hll ------------------------
shape: (34, 1), dtype: uint16
Data:[[54]
 [48]
 [53]
 [49]
 [46]
 [52]
 [53]
 [55]
 [55]
 [55]
 [50]
 [45]
 [48]
 [32]
 [54]
 [48]
 [53]
 [49]
 [46]
 [52]
 [53]
 [51]
 [55]
 [54]
 [50]
 [57]
 [57]
 [57]
 [57]
 [57]
 [57]
 [53]
 [45]
 [49]] 
------------------------ Dataset: Hlm ------------------------
shape: (26, 1), dtype: uint16
Data:[[54]
 [48]
 [54]
 [55]
 [46]
 [51]
 [54]
 [49]
 [56]
 [55]
 [45]
 [48]
 [32]
 [54]
 [48]
 [54]
 [55]
 [46]
 [51]
 [53]
 [56]
 [48]
 [51]
 [57]
 [45]
 [49]] 
------------------------ Dataset: Hln ------------------------
shape: (27, 1), dtype: uint16
Data:[[54]
 [48]
 [56]
 [51]
 [46]
 [51]
 [48]
 [53]
 [55]
 [57]
 [49]
 [45]
 [48]
 [32]
 [54]
 [48]
 [56]
 [51]
 [46]
 [51]
 [48]
 [49]
 [55]
 [50]
 [54]
 [45]
 [49]] 
------------------------ Dataset: Hlo ------------------------
shape: (33, 1), dtype: uint16
Data:[[53]
 [54]
 [52]
 [51]
 [46]
 [57]
 [55]
 [55]
 [57]
 [57]
 [55]
 [45]
 [48]
 [32]
 [53]
 [54]
 [52]
 [51]
 [46]
 [57]
 [55]
 [51]
 [53]
 [54]
 [55]
 [57]
 [57]
 [57]
 [57]
 [57]
 [57]
 [45]
 [49]] 
------------------------ Dataset: Hlp ------------------------
shape: (34, 1), dtype: uint16
Data:[[53]
 [54]
 [53]
 [57]
 [46]
 [55]
 [50]
 [57]
 [54]
 [55]
 [49]
 [57]
 [57]
 [57]
 [57]
 [57]
 [57]
 [53]
 [45]
 [48]
 [32]
 [53]
 [54]
 [53]
 [57]
 [46]
 [55]
 [50]
 [53]
 [55]
 [51]
 [52]
 [45]
 [49]] 
------------------------ Dataset: Hlq ------------------------
shape: (32, 1), dtype: uint16
Data:[[53]
 [54]
 [55]
 [53]
 [46]
 [52]
 [50]
 [57]
 [53]
 [54]
 [57]
 [57]
 [57]
 [57]
 [57]
 [57]
 [57]
 [45]
 [48]
 [32]
 [53]
 [54]
 [55]
 [53]
 [46]
 [52]
 [51]
 [51]
 [53]
 [52]
 [45]
 [49]] 
------------------------ Dataset: Hlr ------------------------
shape: (31, 1), dtype: uint16
Data:[[53]
 [54]
 [57]
 [49]
 [46]
 [50]
 [49]
 [55]
 [51]
 [52]
 [55]
 [57]
 [57]
 [57]
 [57]
 [57]
 [57]
 [45]
 [48]
 [32]
 [53]
 [54]
 [57]
 [49]
 [46]
 [50]
 [50]
 [48]
 [51]
 [45]
 [49]] 
------------------------ Dataset: Hls ------------------------
shape: (27, 1), dtype: uint16
Data:[[54]
 [52]
 [49]
 [52]
 [46]
 [52]
 [56]
 [50]
 [49]
 [48]
 [52]
 [45]
 [48]
 [32]
 [54]
 [52]
 [49]
 [52]
 [46]
 [52]
 [55]
 [57]
 [54]
 [50]
 [53]
 [45]
 [49]] 
------------------------ Dataset: Hlt ------------------------
shape: (27, 1), dtype: uint16
Data:[[54]
 [54]
 [48]
 [54]
 [46]
 [53]
 [53]
 [56]
 [55]
 [56]
 [50]
 [45]
 [48]
 [32]
 [54]
 [54]
 [48]
 [54]
 [46]
 [53]
 [54]
 [51]
 [52]
 [55]
 [55]
 [45]
 [49]] 
------------------------ Dataset: Hlu ------------------------
shape: (33, 1), dtype: uint16
Data:[[54]
 [54]
 [50]
 [50]
 [46]
 [53]
 [50]
 [50]
 [48]
 [49]
 [57]
 [57]
 [57]
 [57]
 [57]
 [57]
 [57]
 [45]
 [48]
 [32]
 [54]
 [54]
 [50]
 [50]
 [46]
 [53]
 [49]
 [52]
 [48]
 [57]
 [57]
 [45]
 [49]] 
------------------------ Dataset: Hlv ------------------------
shape: (33, 1), dtype: uint16
Data:[[54]
 [54]
 [51]
 [56]
 [46]
 [51]
 [55]
 [49]
 [54]
 [49]
 [53]
 [57]
 [57]
 [57]
 [57]
 [57]
 [57]
 [45]
 [48]
 [32]
 [54]
 [54]
 [51]
 [56]
 [46]
 [51]
 [54]
 [50]
 [49]
 [52]
 [53]
 [45]
 [49]] 
------------------------ Dataset: Hlw ------------------------
shape: (26, 1), dtype: uint16
Data:[[54]
 [54]
 [53]
 [51]
 [46]
 [57]
 [53]
 [56]
 [49]
 [51]
 [45]
 [48]
 [32]
 [54]
 [54]
 [53]
 [51]
 [46]
 [57]
 [53]
 [52]
 [50]
 [50]
 [49]
 [45]
 [49]] 
------------------------ Dataset: Hlx ------------------------
shape: (33, 1), dtype: uint16
Data:[[54]
 [54]
 [54]
 [57]
 [46]
 [56]
 [51]
 [56]
 [49]
 [52]
 [51]
 [57]
 [57]
 [57]
 [57]
 [57]
 [57]
 [45]
 [48]
 [32]
 [54]
 [54]
 [54]
 [57]
 [46]
 [56]
 [52]
 [53]
 [56]
 [56]
 [51]
 [45]
 [49]] 
------------------------ Dataset: Hly ------------------------
shape: (13, 1), dtype: uint16
Data:[[54]
 [54]
 [56]
 [53]
 [46]
 [55]
 [55]
 [48]
 [49]
 [48]
 [53]
 [45]
 [49]] 
------------------------ Dataset: Hlz ------------------------
shape: (19, 1), dtype: uint16
Data:[[53]
 [57]
 [48]
 [51]
 [46]
 [54]
 [56]
 [54]
 [53]
 [50]
 [50]
 [57]
 [57]
 [57]
 [57]
 [57]
 [57]
 [45]
 [49]] 
------------------------ Dataset: Hm ------------------------

shape: (1, 6), dtype: uint32
Data:[[3707764736          2          1          1        698          1]] 
------------------------ Dataset: Ilb ------------------------
shape: (33, 1), dtype: uint16
Data:[[54]
 [55]
 [54]
 [55]
 [46]
 [52]
 [53]
 [52]
 [51]
 [53]
 [45]
 [48]
 [32]
 [54]
 [55]
 [54]
 [55]
 [46]
 [52]
 [53]
 [52]
 [52]
 [50]
 [48]
 [57]
 [57]
 [57]
 [57]
 [57]
 [57]
 [53]
 [45]
 [49]] 
------------------------ Dataset: Ilc ------------------------
shape: (27, 1), dtype: uint16
Data:[[54]
 [50]
 [56]
 [48]
 [46]
 [50]
 [52]
 [53]
 [56]
 [55]
 [49]
 [45]
 [48]
 [32]
 [54]
 [50]
 [56]
 [48]
 [46]
 [50]
 [52]
 [49]
 [56]
 [50]
 [53]
 [45]
 [49]] 
------------------------ Dataset: Ild ------------------------
shape: (13, 1), dtype: uint16
Data:[[54]
 [50]
 [57]
 [54]
 [46]
 [48]
 [50]
 [50]
 [49]
 [48]
 [56]
 [45]
 [48]] 
------------------------ Dataset: Ile ------------------------
shape: (27, 1), dtype: uint16
Data:[[54]
 [51]
 [49]
 [49]
 [46]
 [56]
 [54]
 [49]
 [56]
 [53]
 [49]
 [45]
 [48]
 [32]
 [54]
 [51]
 [49]
 [49]
 [46]
 [56]
 [54]
 [53]
 [57]
 [48]
 [50]
 [45]
 [49]] 
------------------------ Dataset: Ilf ------------------------
shape: (27, 1), dtype: uint16
Data:[[54]
 [51]
 [50]
 [55]
 [46]
 [55]
 [51]
 [51]
 [56]
 [53]
 [57]
 [45]
 [48]
 [32]
 [54]
 [51]
 [50]
 [55]
 [46]
 [55]
 [51]
 [55]
 [56]
 [56]
 [49]
 [45]
 [49]] 
------------------------ Dataset: Ilg ------------------------
shape: (39, 1), dtype: uint16
Data:[[54]
 [51]
 [52]
 [51]
 [46]
 [53]
 [53]
 [56]
 [54]
 [56]
 [53]
 [57]
 [57]
 [57]
 [57]
 [57]
 [57]
 [45]
 [48]
 [32]
 [54]
 [51]
 [52]
 [51]
 [46]
 [53]
 [54]
 [49]
 [57]
 [51]
 [56]
 [57]
 [57]
 [57]
 [57]
 [57]
 [57]
 [45]
 [49]] 
------------------------ Dataset: Ilh ------------------------
shape: (39, 1), dtype: uint16
Data:[[54]
 [53]
 [48]
 [56]
 [46]
 [54]
 [51]
 [52]
 [48]
 [49]
 [54]
 [57]
 [57]
 [57]
 [57]
 [57]
 [57]
 [45]
 [48]
 [32]
 [54]
 [53]
 [48]
 [56]
 [46]
 [54]
 [51]
 [55]
 [57]
 [57]
 [55]
 [57]
 [57]
 [57]
 [57]
 [57]
 [57]
 [45]
 [49]] 
------------------------ Dataset: Ili ------------------------
shape: (33, 1), dtype: uint16
Data:[[54]
 [53]
 [50]
 [52]
 [46]
 [52]
 [53]
 [55]
 [57]
 [55]
 [52]
 [45]
 [48]
 [32]
 [54]
 [53]
 [50]
 [52]
 [46]
 [52]
 [54]
 [50]
 [50]
 [53]
 [54]
 [57]
 [57]
 [57]
 [57]
 [57]
 [57]
 [45]
 [49]] 
------------------------ Dataset: Ilj ------------------------
shape: (33, 1), dtype: uint16
Data:[[54]
 [48]
 [50]
 [48]
 [46]
 [48]
 [52]
 [55]
 [56]
 [56]
 [50]
 [45]
 [48]
 [32]
 [54]
 [48]
 [50]
 [48]
 [46]
 [48]
 [52]
 [55]
 [56]
 [54]
 [57]
 [57]
 [57]
 [57]
 [57]
 [57]
 [57]
 [45]
 [49]] 
------------------------ Dataset: Ilk ------------------------
shape: (27, 1), dtype: uint16
Data:[[54]
 [48]
 [51]
 [53]
 [46]
 [56]
 [54]
 [53]
 [55]
 [50]
 [49]
 [45]
 [48]
 [32]
 [54]
 [48]
 [51]
 [53]
 [46]
 [56]
 [54]
 [53]
 [52]
 [57]
 [53]
 [45]
 [49]] 
------------------------ Dataset: Ill ------------------------
shape: (27, 1), dtype: uint16
Data:[[54]
 [48]
 [53]
 [49]
 [46]
 [52]
 [53]
 [55]
 [55]
 [55]
 [50]
 [45]
 [48]
 [32]
 [54]
 [48]
 [53]
 [49]
 [46]
 [52]
 [54]
 [49]
 [55]
 [54]
 [53]
 [45]
 [49]] 
------------------------ Dataset: Ilm ------------------------
shape: (32, 1), dtype: uint16
Data:[[54]
 [48]
 [54]
 [55]
 [46]
 [51]
 [54]
 [49]
 [56]
 [55]
 [45]
 [48]
 [32]
 [54]
 [48]
 [54]
 [55]
 [46]
 [51]
 [54]
 [54]
 [50]
 [55]
 [52]
 [57]
 [57]
 [57]
 [57]
 [57]
 [57]
 [45]
 [49]] 
------------------------ Dataset: Iln ------------------------
shape: (27, 1), dtype: uint16
Data:[[54]
 [48]
 [56]
 [51]
 [46]
 [51]
 [48]
 [53]
 [55]
 [57]
 [49]
 [45]
 [48]
 [32]
 [54]
 [48]
 [56]
 [51]
 [46]
 [51]
 [48]
 [57]
 [54]
 [57]
 [52]
 [45]
 [49]] 
------------------------ Dataset: Ilo ------------------------
shape: (27, 1), dtype: uint16
Data:[[53]
 [54]
 [52]
 [51]
 [46]
 [57]
 [55]
 [55]
 [57]
 [57]
 [55]
 [45]
 [48]
 [32]
 [53]
 [54]
 [52]
 [51]
 [46]
 [57]
 [56]
 [49]
 [53]
 [52]
 [56]
 [45]
 [49]] 
------------------------ Dataset: Ilp ------------------------
shape: (34, 1), dtype: uint16
Data:[[53]
 [54]
 [53]
 [57]
 [46]
 [55]
 [50]
 [57]
 [54]
 [55]
 [49]
 [57]
 [57]
 [57]
 [57]
 [57]
 [57]
 [53]
 [45]
 [48]
 [32]
 [53]
 [54]
 [53]
 [57]
 [46]
 [55]
 [51]
 [52]
 [48]
 [50]
 [51]
 [45]
 [49]] 
------------------------ Dataset: Ilq ------------------------
shape: (33, 1), dtype: uint16
Data:[[53]
 [54]
 [55]
 [53]
 [46]
 [52]
 [51]
 [55]
 [53]
 [52]
 [54]
 [57]
 [57]
 [57]
 [57]
 [57]
 [57]
 [53]
 [45]
 [48]
 [32]
 [53]
 [54]
 [55]
 [53]
 [46]
 [52]
 [51]
 [51]
 [53]
 [52]
 [45]
 [49]] 
------------------------ Dataset: Ilr ------------------------
shape: (25, 1), dtype: uint16
Data:[[53]
 [54]
 [57]
 [49]
 [46]
 [50]
 [50]
 [50]
 [56]
 [56]
 [57]
 [45]
 [48]
 [32]
 [53]
 [54]
 [57]
 [49]
 [46]
 [50]
 [50]
 [48]
 [51]
 [45]
 [49]] 
------------------------ Dataset: Ils ------------------------
shape: (33, 1), dtype: uint16
Data:[[54]
 [52]
 [49]
 [52]
 [46]
 [52]
 [56]
 [50]
 [49]
 [48]
 [52]
 [45]
 [48]
 [32]
 [54]
 [52]
 [49]
 [52]
 [46]
 [52]
 [56]
 [54]
 [53]
 [54]
 [52]
 [57]
 [57]
 [57]
 [57]
 [57]
 [57]
 [45]
 [49]] 
------------------------ Dataset: Ilt ------------------------
shape: (27, 1), dtype: uint16
Data:[[54]
 [54]
 [48]
 [54]
 [46]
 [53]
 [54]
 [54]
 [55]
 [57]
 [53]
 [45]
 [48]
 [32]
 [54]
 [54]
 [48]
 [54]
 [46]
 [53]
 [54]
 [51]
 [52]
 [55]
 [55]
 [45]
 [49]] 
------------------------ Dataset: Ilu ------------------------
shape: (39, 1), dtype: uint16
Data:[[54]
 [54]
 [50]
 [50]
 [46]
 [53]
 [50]
 [50]
 [48]
 [49]
 [57]
 [57]
 [57]
 [57]
 [57]
 [57]
 [57]
 [45]
 [48]
 [32]
 [54]
 [54]
 [50]
 [50]
 [46]
 [53]
 [50]
 [54]
 [48]
 [51]
 [53]
 [57]
 [57]
 [57]
 [57]
 [57]
 [57]
 [45]
 [49]] 
------------------------ Dataset: Ilv ------------------------
shape: (33, 1), dtype: uint16
Data:[[54]
 [54]
 [51]
 [56]
 [46]
 [51]
 [55]
 [49]
 [54]
 [49]
 [53]
 [57]
 [57]
 [57]
 [57]
 [57]
 [57]
 [45]
 [48]
 [32]
 [54]
 [54]
 [51]
 [56]
 [46]
 [51]
 [55]
 [53]
 [50]
 [48]
 [51]
 [45]
 [49]] 
------------------------ Dataset: Ilw ------------------------
shape: (33, 1), dtype: uint16
Data:[[54]
 [54]
 [53]
 [51]
 [46]
 [57]
 [53]
 [56]
 [49]
 [51]
 [45]
 [48]
 [32]
 [54]
 [54]
 [53]
 [51]
 [46]
 [57]
 [54]
 [50]
 [48]
 [57]
 [51]
 [57]
 [57]
 [57]
 [57]
 [57]
 [57]
 [53]
 [45]
 [49]] 
------------------------ Dataset: Ilx ------------------------
shape: (33, 1), dtype: uint16
Data:[[54]
 [54]
 [54]
 [57]
 [46]
 [56]
 [52]
 [54]
 [49]
 [54]
 [50]
 [57]
 [57]
 [57]
 [57]
 [57]
 [57]
 [45]
 [48]
 [32]
 [54]
 [54]
 [54]
 [57]
 [46]
 [56]
 [52]
 [53]
 [56]
 [56]
 [51]
 [45]
 [49]] 
------------------------ Dataset: Ily ------------------------
shape: (19, 1), dtype: uint16
Data:[[54]
 [54]
 [56]
 [53]
 [46]
 [55]
 [55]
 [52]
 [49]
 [50]
 [56]
 [57]
 [57]
 [57]
 [57]
 [57]
 [57]
 [45]
 [48]] 
------------------------ Dataset: Ilz ------------------------
shape: (13, 1), dtype: uint16
Data:[[53]
 [57]
 [48]
 [51]
 [46]
 [54]
 [56]
 [57]
 [57]
 [50]
 [50]
 [45]
 [48]] 
------------------------ Dataset: Im ------------------------

shape: (1, 6), dtype: uint32
Data:[[3707764736          2          1          1        699          1]] 
------------------------ Dataset: Jlb ------------------------
shape: (40, 1), dtype: uint16
Data:[[54]
 [55]
 [54]
 [55]
 [46]
 [52]
 [54]
 [50]
 [49]
 [49]
 [52]
 [57]
 [57]
 [57]
 [57]
 [57]
 [57]
 [45]
 [48]
 [32]
 [54]
 [55]
 [54]
 [55]
 [46]
 [52]
 [53]
 [52]
 [52]
 [50]
 [48]
 [57]
 [57]
 [57]
 [57]
 [57]
 [57]
 [53]
 [45]
 [49]] 
------------------------ Dataset: Jlc ------------------------
shape: (27, 1), dtype: uint16
Data:[[54]
 [50]
 [56]
 [48]
 [46]
 [50]
 [52]
 [53]
 [56]
 [55]
 [49]
 [45]
 [48]
 [32]
 [54]
 [50]
 [56]
 [48]
 [46]
 [50]
 [52]
 [57]
 [56]
 [56]
 [57]
 [45]
 [49]] 
------------------------ Dataset: Jld ------------------------
shape: (13, 1), dtype: uint16
Data:[[54]
 [50]
 [57]
 [54]
 [46]
 [48]
 [50]
 [54]
 [51]
 [52]
 [52]
 [45]
 [49]] 
------------------------ Dataset: Jle ------------------------
shape: (27, 1), dtype: uint16
Data:[[54]
 [51]
 [49]
 [49]
 [46]
 [56]
 [54]
 [57]
 [56]
 [57]
 [50]
 [45]
 [48]
 [32]
 [54]
 [51]
 [49]
 [49]
 [46]
 [56]
 [54]
 [53]
 [57]
 [48]
 [50]
 [45]
 [49]] 
------------------------ Dataset: Jlf ------------------------
shape: (33, 1), dtype: uint16
Data:[[54]
 [51]
 [50]
 [55]
 [46]
 [55]
 [52]
 [51]
 [48]
 [57]
 [48]
 [57]
 [57]
 [57]
 [57]
 [57]
 [57]
 [45]
 [48]
 [32]
 [54]
 [51]
 [50]
 [55]
 [46]
 [55]
 [51]
 [55]
 [56]
 [56]
 [49]
 [45]
 [49]] 
------------------------ Dataset: Jlg ------------------------
shape: (33, 1), dtype: uint16
Data:[[54]
 [51]
 [52]
 [51]
 [46]
 [53]
 [54]
 [53]
 [56]
 [57]
 [53]
 [45]
 [48]
 [32]
 [54]
 [51]
 [52]
 [51]
 [46]
 [53]
 [54]
 [49]
 [57]
 [51]
 [56]
 [57]
 [57]
 [57]
 [57]
 [57]
 [57]
 [45]
 [49]] 
------------------------ Dataset: Jlh ------------------------
shape: (32, 1), dtype: uint16
Data:[[54]
 [53]
 [48]
 [56]
 [46]
 [54]
 [52]
 [51]
 [50]
 [50]
 [45]
 [48]
 [32]
 [54]
 [53]
 [48]
 [56]
 [46]
 [54]
 [51]
 [55]
 [57]
 [57]
 [55]
 [57]
 [57]
 [57]
 [57]
 [57]
 [57]
 [45]
 [49]] 
------------------------ Dataset: Jli ------------------------
shape: (33, 1), dtype: uint16
Data:[[54]
 [53]
 [50]
 [52]
 [46]
 [52]
 [55]
 [49]
 [53]
 [49]
 [49]
 [45]
 [48]
 [32]
 [54]
 [53]
 [50]
 [52]
 [46]
 [52]
 [54]
 [50]
 [50]
 [53]
 [54]
 [57]
 [57]
 [57]
 [57]
 [57]
 [57]
 [45]
 [49]] 
------------------------ Dataset: Jlj ------------------------
shape: (27, 1), dtype: uint16
Data:[[54]
 [48]
 [50]
 [48]
 [46]
 [48]
 [52]
 [55]
 [56]
 [56]
 [50]
 [45]
 [48]
 [32]
 [54]
 [48]
 [50]
 [48]
 [46]
 [48]
 [53]
 [50]
 [50]
 [49]
 [54]
 [45]
 [49]] 
------------------------ Dataset: Jlk ------------------------
shape: (34, 1), dtype: uint16
Data:[[54]
 [48]
 [51]
 [53]
 [46]
 [56]
 [54]
 [53]
 [55]
 [50]
 [49]
 [45]
 [48]
 [32]
 [54]
 [48]
 [51]
 [53]
 [46]
 [56]
 [54]
 [57]
 [56]
 [50]
 [54]
 [57]
 [57]
 [57]
 [57]
 [57]
 [57]
 [53]
 [45]
 [49]] 
------------------------ Dataset: Jll ------------------------
shape: (27, 1), dtype: uint16
Data:[[54]
 [48]
 [53]
 [49]
 [46]
 [52]
 [54]
 [53]
 [55]
 [53]
 [50]
 [45]
 [48]
 [32]
 [54]
 [48]
 [53]
 [49]
 [46]
 [52]
 [54]
 [49]
 [55]
 [54]
 [53]
 [45]
 [49]] 
------------------------ Dataset: Jlm ------------------------
shape: (33, 1), dtype: uint16
Data:[[54]
 [48]
 [54]
 [55]
 [46]
 [51]
 [54]
 [57]
 [56]
 [50]
 [56]
 [45]
 [48]
 [32]
 [54]
 [48]
 [54]
 [55]
 [46]
 [51]
 [54]
 [54]
 [50]
 [55]
 [52]
 [57]
 [57]
 [57]
 [57]
 [57]
 [57]
 [45]
 [49]] 
------------------------ Dataset: Jln ------------------------
shape: (27, 1), dtype: uint16
Data:[[54]
 [48]
 [56]
 [51]
 [46]
 [51]
 [49]
 [51]
 [55]
 [55]
 [53]
 [45]
 [48]
 [32]
 [54]
 [48]
 [56]
 [51]
 [46]
 [51]
 [48]
 [57]
 [54]
 [57]
 [52]
 [45]
 [49]] 
------------------------ Dataset: Jlo ------------------------
shape: (33, 1), dtype: uint16
Data:[[53]
 [54]
 [52]
 [51]
 [46]
 [57]
 [56]
 [53]
 [53]
 [51]
 [53]
 [57]
 [57]
 [57]
 [57]
 [57]
 [57]
 [45]
 [48]
 [32]
 [53]
 [54]
 [52]
 [51]
 [46]
 [57]
 [56]
 [49]
 [53]
 [52]
 [56]
 [45]
 [49]] 
------------------------ Dataset: Jlp ------------------------
shape: (34, 1), dtype: uint16
Data:[[53]
 [54]
 [53]
 [57]
 [46]
 [55]
 [51]
 [55]
 [54]
 [50]
 [54]
 [57]
 [57]
 [57]
 [57]
 [57]
 [57]
 [53]
 [45]
 [48]
 [32]
 [53]
 [54]
 [53]
 [57]
 [46]
 [55]
 [51]
 [52]
 [48]
 [50]
 [51]
 [45]
 [49]] 
------------------------ Dataset: Jlq ------------------------
shape: (34, 1), dtype: uint16
Data:[[53]
 [54]
 [55]
 [53]
 [46]
 [52]
 [51]
 [55]
 [53]
 [52]
 [54]
 [57]
 [57]
 [57]
 [57]
 [57]
 [57]
 [53]
 [45]
 [48]
 [32]
 [53]
 [54]
 [55]
 [53]
 [46]
 [52]
 [52]
 [49]
 [53]
 [53]
 [51]
 [45]
 [49]] 
------------------------ Dataset: Jlr ------------------------
shape: (33, 1), dtype: uint16
Data:[[53]
 [54]
 [57]
 [49]
 [46]
 [50]
 [50]
 [50]
 [56]
 [56]
 [57]
 [45]
 [48]
 [32]
 [53]
 [54]
 [57]
 [49]
 [46]
 [50]
 [50]
 [53]
 [57]
 [53]
 [53]
 [57]
 [57]
 [57]
 [57]
 [57]
 [57]
 [45]
 [49]] 
------------------------ Dataset: Jls ------------------------
shape: (33, 1), dtype: uint16
Data:[[54]
 [52]
 [49]
 [52]
 [46]
 [52]
 [56]
 [57]
 [57]
 [55]
 [56]
 [45]
 [48]
 [32]
 [54]
 [52]
 [49]
 [52]
 [46]
 [52]
 [56]
 [54]
 [53]
 [54]
 [52]
 [57]
 [57]
 [57]
 [57]
 [57]
 [57]
 [45]
 [49]] 
------------------------ Dataset: Jlt ------------------------
shape: (27, 1), dtype: uint16
Data:[[54]
 [54]
 [48]
 [54]
 [46]
 [53]
 [54]
 [54]
 [55]
 [57]
 [53]
 [45]
 [48]
 [32]
 [54]
 [54]
 [48]
 [54]
 [46]
 [53]
 [55]
 [48]
 [54]
 [48]
 [51]
 [45]
 [49]] 
------------------------ Dataset: Jlu ------------------------
shape: (39, 1), dtype: uint16
Data:[[54]
 [54]
 [50]
 [50]
 [46]
 [53]
 [50]
 [54]
 [48]
 [51]
 [56]
 [57]
 [57]
 [57]
 [57]
 [57]
 [57]
 [45]
 [48]
 [32]
 [54]
 [54]
 [50]
 [50]
 [46]
 [53]
 [50]
 [54]
 [48]
 [51]
 [53]
 [57]
 [57]
 [57]
 [57]
 [57]
 [57]
 [45]
 [49]] 
------------------------ Dataset: Jlv ------------------------
shape: (27, 1), dtype: uint16
Data:[[54]
 [54]
 [51]
 [56]
 [46]
 [51]
 [55]
 [53]
 [53]
 [53]
 [53]
 [45]
 [48]
 [32]
 [54]
 [54]
 [51]
 [56]
 [46]
 [51]
 [55]
 [53]
 [50]
 [48]
 [51]
 [45]
 [49]] 
------------------------ Dataset: Jlw ------------------------
shape: (34, 1), dtype: uint16
Data:[[54]
 [54]
 [53]
 [51]
 [46]
 [57]
 [54]
 [54]
 [49]
 [51]
 [53]
 [45]
 [48]
 [32]
 [54]
 [54]
 [53]
 [51]
 [46]
 [57]
 [54]
 [50]
 [48]
 [57]
 [51]
 [57]
 [57]
 [57]
 [57]
 [57]
 [57]
 [53]
 [45]
 [49]] 
------------------------ Dataset: Jlx ------------------------
shape: (39, 1), dtype: uint16
Data:[[54]
 [54]
 [54]
 [57]
 [46]
 [56]
 [52]
 [54]
 [49]
 [54]
 [50]
 [57]
 [57]
 [57]
 [57]
 [57]
 [57]
 [45]
 [48]
 [32]
 [54]
 [54]
 [54]
 [57]
 [46]
 [56]
 [53]
 [48]
 [49]
 [53]
 [50]
 [57]
 [57]
 [57]
 [57]
 [57]
 [57]
 [45]
 [49]] 
------------------------ Dataset: Jly ------------------------
shape: (13, 1), dtype: uint16
Data:[[54]
 [54]
 [56]
 [53]
 [46]
 [55]
 [55]
 [56]
 [49]
 [50]
 [56]
 [45]
 [49]] 
------------------------ Dataset: Jlz ------------------------
shape: (39, 1), dtype: uint16
Data:[[53]
 [57]
 [48]
 [51]
 [46]
 [54]
 [57]
 [55]
 [56]
 [51]
 [53]
 [57]
 [57]
 [57]
 [57]
 [57]
 [57]
 [45]
 [48]
 [32]
 [53]
 [57]
 [48]
 [51]
 [46]
 [54]
 [57]
 [52]
 [50]
 [57]
 [52]
 [57]
 [57]
 [57]
 [57]
 [57]
 [57]
 [45]
 [49]] 
------------------------ Dataset: Jm ------------------------

shape: (1, 6), dtype: uint32
Data:[[3707764736          2          1          1        700          1]] 
------------------------ Dataset: Klb ------------------------
shape: (39, 1), dtype: uint16
Data:[[54]
 [55]
 [54]
 [55]
 [46]
 [52]
 [54]
 [50]
 [49]
 [49]
 [52]
 [57]
 [57]
 [57]
 [57]
 [57]
 [57]
 [45]
 [48]
 [32]
 [54]
 [55]
 [54]
 [55]
 [46]
 [52]
 [54]
 [50]
 [49]
 [49]
 [57]
 [57]
 [57]
 [57]
 [57]
 [57]
 [57]
 [45]
 [49]] 
------------------------ Dataset: Klc ------------------------
shape: (33, 1), dtype: uint16
Data:[[54]
 [50]
 [56]
 [48]
 [46]
 [50]
 [53]
 [51]
 [57]
 [48]
 [54]
 [57]
 [57]
 [57]
 [57]
 [57]
 [57]
 [45]
 [48]
 [32]
 [54]
 [50]
 [56]
 [48]
 [46]
 [50]
 [52]
 [57]
 [56]
 [56]
 [57]
 [45]
 [49]] 
------------------------ Dataset: Kld ------------------------
shape: (13, 1), dtype: uint16
Data:[[54]
 [50]
 [57]
 [54]
 [46]
 [48]
 [51]
 [48]
 [49]
 [49]
 [57]
 [45]
 [48]] 
------------------------ Dataset: Kle ------------------------
shape: (33, 1), dtype: uint16
Data:[[54]
 [51]
 [49]
 [49]
 [46]
 [56]
 [54]
 [57]
 [56]
 [57]
 [50]
 [45]
 [48]
 [32]
 [54]
 [51]
 [49]
 [49]
 [46]
 [56]
 [55]
 [57]
 [52]
 [57]
 [52]
 [57]
 [57]
 [57]
 [57]
 [57]
 [57]
 [45]
 [49]] 
------------------------ Dataset: Klf ------------------------
shape: (33, 1), dtype: uint16
Data:[[54]
 [51]
 [50]
 [55]
 [46]
 [55]
 [52]
 [51]
 [48]
 [57]
 [48]
 [57]
 [57]
 [57]
 [57]
 [57]
 [57]
 [45]
 [48]
 [32]
 [54]
 [51]
 [50]
 [55]
 [46]
 [55]
 [52]
 [55]
 [52]
 [51]
 [55]
 [45]
 [49]] 
------------------------ Dataset: Klg ------------------------
shape: (27, 1), dtype: uint16
Data:[[54]
 [51]
 [52]
 [51]
 [46]
 [53]
 [54]
 [53]
 [56]
 [57]
 [53]
 [45]
 [48]
 [32]
 [54]
 [51]
 [52]
 [51]
 [46]
 [53]
 [54]
 [57]
 [57]
 [48]
 [55]
 [45]
 [49]] 
------------------------ Dataset: Klh ------------------------
shape: (32, 1), dtype: uint16
Data:[[54]
 [53]
 [48]
 [56]
 [46]
 [54]
 [52]
 [51]
 [50]
 [50]
 [45]
 [48]
 [32]
 [54]
 [53]
 [48]
 [56]
 [46]
 [54]
 [52]
 [54]
 [50]
 [55]
 [50]
 [57]
 [57]
 [57]
 [57]
 [57]
 [57]
 [45]
 [49]] 
------------------------ Dataset: Kli ------------------------
shape: (27, 1), dtype: uint16
Data:[[54]
 [53]
 [50]
 [52]
 [46]
 [52]
 [55]
 [49]
 [53]
 [49]
 [49]
 [45]
 [48]
 [32]
 [54]
 [53]
 [50]
 [52]
 [46]
 [52]
 [55]
 [49]
 [53]
 [52]
 [57]
 [45]
 [49]] 
------------------------ Dataset: Klj ------------------------
shape: (27, 1), dtype: uint16
Data:[[54]
 [48]
 [50]
 [48]
 [46]
 [48]
 [53]
 [50]
 [54]
 [56]
 [50]
 [45]
 [48]
 [32]
 [54]
 [48]
 [50]
 [48]
 [46]
 [48]
 [53]
 [50]
 [50]
 [49]
 [54]
 [45]
 [49]] 
------------------------ Dataset: Klk ------------------------
shape: (41, 1), dtype: uint16
Data:[[54]
 [48]
 [51]
 [53]
 [46]
 [56]
 [55]
 [48]
 [49]
 [57]
 [52]
 [57]
 [57]
 [57]
 [57]
 [57]
 [57]
 [53]
 [45]
 [48]
 [32]
 [54]
 [48]
 [51]
 [53]
 [46]
 [56]
 [54]
 [57]
 [56]
 [50]
 [54]
 [57]
 [57]
 [57]
 [57]
 [57]
 [57]
 [53]
 [45]
 [49]] 
------------------------ Dataset: Kll ------------------------
shape: (33, 1), dtype: uint16
Data:[[54]
 [48]
 [53]
 [49]
 [46]
 [52]
 [54]
 [53]
 [55]
 [53]
 [50]
 [45]
 [48]
 [32]
 [54]
 [48]
 [53]
 [49]
 [46]
 [52]
 [54]
 [57]
 [54]
 [56]
 [50]
 [57]
 [57]
 [57]
 [57]
 [57]
 [57]
 [45]
 [49]] 
------------------------ Dataset: Klm ------------------------
shape: (27, 1), dtype: uint16
Data:[[54]
 [48]
 [54]
 [55]
 [46]
 [51]
 [54]
 [57]
 [56]
 [50]
 [56]
 [45]
 [48]
 [32]
 [54]
 [48]
 [54]
 [55]
 [46]
 [51]
 [55]
 [51]
 [57]
 [56]
 [57]
 [45]
 [49]] 
------------------------ Dataset: Kln ------------------------
shape: (34, 1), dtype: uint16
Data:[[54]
 [48]
 [56]
 [51]
 [46]
 [51]
 [49]
 [51]
 [55]
 [55]
 [53]
 [45]
 [48]
 [32]
 [54]
 [48]
 [56]
 [51]
 [46]
 [51]
 [49]
 [57]
 [50]
 [50]
 [50]
 [57]
 [57]
 [57]
 [57]
 [57]
 [57]
 [53]
 [45]
 [49]] 
------------------------ Dataset: Klo ------------------------
shape: (32, 1), dtype: uint16
Data:[[53]
 [54]
 [52]
 [51]
 [46]
 [57]
 [56]
 [53]
 [53]
 [51]
 [53]
 [57]
 [57]
 [57]
 [57]
 [57]
 [57]
 [45]
 [48]
 [32]
 [53]
 [54]
 [52]
 [51]
 [46]
 [57]
 [56]
 [57]
 [54]
 [51]
 [45]
 [49]] 
------------------------ Dataset: Klp ------------------------
shape: (34, 1), dtype: uint16
Data:[[53]
 [54]
 [53]
 [57]
 [46]
 [55]
 [51]
 [55]
 [54]
 [50]
 [54]
 [57]
 [57]
 [57]
 [57]
 [57]
 [57]
 [53]
 [45]
 [48]
 [32]
 [53]
 [54]
 [53]
 [57]
 [46]
 [55]
 [52]
 [49]
 [55]
 [51]
 [49]
 [45]
 [49]] 
------------------------ Dataset: Klq ------------------------
shape: (34, 1), dtype: uint16
Data:[[53]
 [54]
 [55]
 [53]
 [46]
 [52]
 [52]
 [53]
 [53]
 [52]
 [49]
 [57]
 [57]
 [57]
 [57]
 [57]
 [57]
 [53]
 [45]
 [48]
 [32]
 [53]
 [54]
 [55]
 [53]
 [46]
 [52]
 [52]
 [49]
 [53]
 [53]
 [51]
 [45]
 [49]] 
------------------------ Dataset: Klr ------------------------
shape: (33, 1), dtype: uint16
Data:[[53]
 [54]
 [57]
 [49]
 [46]
 [50]
 [50]
 [57]
 [57]
 [56]
 [53]
 [45]
 [48]
 [32]
 [53]
 [54]
 [57]
 [49]
 [46]
 [50]
 [50]
 [53]
 [57]
 [53]
 [53]
 [57]
 [57]
 [57]
 [57]
 [57]
 [57]
 [45]
 [49]] 
------------------------ Dataset: Kls ------------------------
shape: (27, 1), dtype: uint16
Data:[[54]
 [52]
 [49]
 [52]
 [46]
 [52]
 [56]
 [57]
 [57]
 [55]
 [56]
 [45]
 [48]
 [32]
 [54]
 [52]
 [49]
 [52]
 [46]
 [52]
 [57]
 [57]
 [57]
 [50]
 [50]
 [45]
 [49]] 
------------------------ Dataset: Klt ------------------------
shape: (27, 1), dtype: uint16
Data:[[54]
 [54]
 [48]
 [54]
 [46]
 [53]
 [55]
 [52]
 [54]
 [54]
 [57]
 [45]
 [48]
 [32]
 [54]
 [54]
 [48]
 [54]
 [46]
 [53]
 [55]
 [48]
 [54]
 [48]
 [51]
 [45]
 [49]] 
------------------------ Dataset: Klu ------------------------
shape: (39, 1), dtype: uint16
Data:[[54]
 [54]
 [50]
 [50]
 [46]
 [53]
 [50]
 [54]
 [48]
 [51]
 [56]
 [57]
 [57]
 [57]
 [57]
 [57]
 [57]
 [45]
 [48]
 [32]
 [54]
 [54]
 [50]
 [50]
 [46]
 [53]
 [51]
 [52]
 [48]
 [48]
 [49]
 [57]
 [57]
 [57]
 [57]
 [57]
 [57]
 [45]
 [49]] 
------------------------ Dataset: Klv ------------------------
shape: (33, 1), dtype: uint16
Data:[[54]
 [54]
 [51]
 [56]
 [46]
 [51]
 [55]
 [53]
 [53]
 [53]
 [53]
 [45]
 [48]
 [32]
 [54]
 [54]
 [51]
 [56]
 [46]
 [51]
 [55]
 [56]
 [54]
 [48]
 [56]
 [57]
 [57]
 [57]
 [57]
 [57]
 [57]
 [45]
 [49]] 
------------------------ Dataset: Klw ------------------------
shape: (27, 1), dtype: uint16
Data:[[54]
 [54]
 [53]
 [51]
 [46]
 [57]
 [54]
 [54]
 [49]
 [51]
 [53]
 [45]
 [48]
 [32]
 [54]
 [54]
 [53]
 [51]
 [46]
 [57]
 [55]
 [48]
 [49]
 [52]
 [49]
 [45]
 [49]] 
------------------------ Dataset: Klx ------------------------
shape: (40, 1), dtype: uint16
Data:[[54]
 [54]
 [54]
 [57]
 [46]
 [56]
 [53]
 [52]
 [49]
 [50]
 [51]
 [57]
 [57]
 [57]
 [57]
 [57]
 [57]
 [53]
 [45]
 [48]
 [32]
 [54]
 [54]
 [54]
 [57]
 [46]
 [56]
 [53]
 [48]
 [49]
 [53]
 [50]
 [57]
 [57]
 [57]
 [57]
 [57]
 [57]
 [45]
 [49]] 
------------------------ Dataset: Kly ------------------------
shape: (19, 1), dtype: uint16
Data:[[54]
 [54]
 [56]
 [53]
 [46]
 [55]
 [56]
 [50]
 [49]
 [52]
 [52]
 [57]
 [57]
 [57]
 [57]
 [57]
 [57]
 [45]
 [48]] 
------------------------ Dataset: Klz ------------------------
shape: (39, 1), dtype: uint16
Data:[[53]
 [57]
 [48]
 [51]
 [46]
 [54]
 [57]
 [55]
 [56]
 [51]
 [53]
 [57]
 [57]
 [57]
 [57]
 [57]
 [57]
 [45]
 [48]
 [32]
 [53]
 [57]
 [48]
 [51]
 [46]
 [55]
 [48]
 [50]
 [48]
 [53]
 [48]
 [57]
 [57]
 [57]
 [57]
 [57]
 [57]
 [45]
 [49]] 
------------------------ Dataset: Kmb ------------------------
shape: (34, 1), dtype: uint16
Data:[[54]
 [55]
 [54]
 [55]
 [46]
 [55]
 [50]
 [50]
 [49]
 [48]
 [51]
 [57]
 [57]
 [57]
 [57]
 [57]
 [57]
 [53]
 [45]
 [48]
 [32]
 [54]
 [55]
 [54]
 [55]
 [46]
 [55]
 [49]
 [56]
 [50]
 [50]
 [53]
 [45]
 [49]] 
------------------------ Dataset: Kmc ------------------------
shape: (32, 1), dtype: uint16
Data:[[54]
 [50]
 [56]
 [48]
 [46]
 [53]
 [48]
 [56]
 [49]
 [49]
 [45]
 [48]
 [32]
 [54]
 [50]
 [56]
 [48]
 [46]
 [53]
 [48]
 [56]
 [48]
 [55]
 [51]
 [57]
 [57]
 [57]
 [57]
 [57]
 [57]
 [45]
 [49]] 
------------------------ Dataset: Kmd ------------------------
shape: (33, 1), dtype: uint16
Data:[[54]
 [50]
 [57]
 [54]
 [46]
 [50]
 [55]
 [56]
 [54]
 [57]
 [50]
 [57]
 [57]
 [57]
 [57]
 [57]
 [57]
 [45]
 [48]
 [32]
 [54]
 [50]
 [57]
 [54]
 [46]
 [50]
 [56]
 [54]
 [56]
 [49]
 [54]
 [45]
 [49]] 
------------------------ Dataset: Kme ------------------------
shape: (27, 1), dtype: uint16
Data:[[54]
 [51]
 [49]
 [50]
 [46]
 [49]
 [50]
 [48]
 [51]
 [51]
 [56]
 [45]
 [48]
 [32]
 [54]
 [51]
 [49]
 [50]
 [46]
 [49]
 [50]
 [54]
 [48]
 [49]
 [53]
 [45]
 [49]] 
------------------------ Dataset: Kmf ------------------------
shape: (33, 1), dtype: uint16
Data:[[54]
 [51]
 [50]
 [55]
 [46]
 [57]
 [57]
 [57]
 [48]
 [55]
 [56]
 [57]
 [57]
 [57]
 [57]
 [57]
 [57]
 [45]
 [48]
 [32]
 [54]
 [51]
 [50]
 [56]
 [46]
 [48]
 [48]
 [51]
 [49]
 [49]
 [49]
 [45]
 [49]] 
------------------------ Dataset: Kmg ------------------------
shape: (33, 1), dtype: uint16
Data:[[54]
 [51]
 [52]
 [51]
 [46]
 [56]
 [50]
 [51]
 [50]
 [48]
 [53]
 [45]
 [48]
 [32]
 [54]
 [51]
 [52]
 [51]
 [46]
 [56]
 [50]
 [54]
 [50]
 [49]
 [55]
 [57]
 [57]
 [57]
 [57]
 [57]
 [57]
 [45]
 [49]] 
------------------------ Dataset: Kmh ------------------------
shape: (26, 1), dtype: uint16
Data:[[54]
 [53]
 [48]
 [56]
 [46]
 [57]
 [48]
 [53]
 [57]
 [53]
 [52]
 [45]
 [48]
 [32]
 [54]
 [53]
 [48]
 [56]
 [46]
 [57]
 [48]
 [57]
 [57]
 [55]
 [45]
 [49]] 
------------------------ Dataset: Kmi ------------------------
shape: (40, 1), dtype: uint16
Data:[[54]
 [53]
 [50]
 [52]
 [46]
 [55]
 [51]
 [48]
 [50]
 [48]
 [53]
 [57]
 [57]
 [57]
 [57]
 [57]
 [57]
 [45]
 [48]
 [32]
 [54]
 [53]
 [50]
 [52]
 [46]
 [55]
 [50]
 [54]
 [48]
 [53]
 [53]
 [57]
 [57]
 [57]
 [57]
 [57]
 [57]
 [53]
 [45]
 [49]] 
------------------------ Dataset: Kmj ------------------------
shape: (13, 1), dtype: uint16
Data:[[54]
 [48]
 [50]
 [48]
 [46]
 [50]
 [57]
 [55]
 [57]
 [52]
 [51]
 [45]
 [49]] 
------------------------ Dataset: Kmk ------------------------
shape: (33, 1), dtype: uint16
Data:[[54]
 [48]
 [51]
 [54]
 [46]
 [49]
 [49]
 [55]
 [56]
 [49]
 [53]
 [45]
 [48]
 [32]
 [54]
 [48]
 [51]
 [54]
 [46]
 [49]
 [49]
 [53]
 [50]
 [54]
 [57]
 [57]
 [57]
 [57]
 [57]
 [57]
 [57]
 [45]
 [49]] 
------------------------ Dataset: Kml ------------------------
shape: (27, 1), dtype: uint16
Data:[[54]
 [48]
 [53]
 [49]
 [46]
 [55]
 [49]
 [51]
 [55]
 [55]
 [55]
 [45]
 [48]
 [32]
 [54]
 [48]
 [53]
 [49]
 [46]
 [55]
 [49]
 [55]
 [55]
 [56]
 [50]
 [45]
 [49]] 
------------------------ Dataset: Kmm ------------------------
shape: (27, 1), dtype: uint16
Data:[[54]
 [48]
 [54]
 [55]
 [46]
 [54]
 [49]
 [55]
 [57]
 [53]
 [51]
 [45]
 [48]
 [32]
 [54]
 [48]
 [54]
 [55]
 [46]
 [54]
 [50]
 [50]
 [49]
 [56]
 [54]
 [45]
 [49]] 
------------------------ Dataset: Kmn ------------------------
shape: (26, 1), dtype: uint16
Data:[[54]
 [48]
 [56]
 [51]
 [46]
 [53]
 [54]
 [57]
 [55]
 [49]
 [45]
 [48]
 [32]
 [54]
 [48]
 [56]
 [51]
 [46]
 [53]
 [55]
 [55]
 [55]
 [54]
 [50]
 [45]
 [49]] 
------------------------ Dataset: Kmo ------------------------
shape: (33, 1), dtype: uint16
Data:[[53]
 [54]
 [52]
 [52]
 [46]
 [50]
 [52]
 [54]
 [51]
 [49]
 [55]
 [45]
 [48]
 [32]
 [53]
 [54]
 [52]
 [52]
 [46]
 [50]
 [52]
 [49]
 [54]
 [50]
 [51]
 [57]
 [57]
 [57]
 [57]
 [57]
 [57]
 [45]
 [49]] 
------------------------ Dataset: Kmp ------------------------
shape: (27, 1), dtype: uint16
Data:[[53]
 [54]
 [54]
 [48]
 [46]
 [48]
 [48]
 [49]
 [56]
 [54]
 [49]
 [45]
 [48]
 [32]
 [53]
 [54]
 [53]
 [57]
 [46]
 [57]
 [57]
 [56]
 [56]
 [52]
 [52]
 [45]
 [49]] 
------------------------ Dataset: Kmq ------------------------
shape: (27, 1), dtype: uint16
Data:[[53]
 [54]
 [55]
 [53]
 [46]
 [54]
 [57]
 [55]
 [55]
 [48]
 [54]
 [45]
 [48]
 [32]
 [53]
 [54]
 [55]
 [53]
 [46]
 [54]
 [57]
 [51]
 [54]
 [56]
 [49]
 [45]
 [49]] 
------------------------ Dataset: Kmr ------------------------
shape: (26, 1), dtype: uint16
Data:[[53]
 [54]
 [57]
 [49]
 [46]
 [52]
 [56]
 [49]
 [53]
 [49]
 [54]
 [45]
 [48]
 [32]
 [53]
 [54]
 [57]
 [49]
 [46]
 [52]
 [55]
 [55]
 [54]
 [54]
 [45]
 [49]] 
------------------------ Dataset: Kms ------------------------
shape: (33, 1), dtype: uint16
Data:[[54]
 [52]
 [49]
 [52]
 [46]
 [55]
 [52]
 [49]
 [56]
 [55]
 [56]
 [45]
 [48]
 [32]
 [54]
 [52]
 [49]
 [52]
 [46]
 [55]
 [52]
 [54]
 [55]
 [53]
 [55]
 [57]
 [57]
 [57]
 [57]
 [57]
 [57]
 [45]
 [49]] 
------------------------ Dataset: Kmt ------------------------
shape: (27, 1), dtype: uint16
Data:[[54]
 [54]
 [48]
 [54]
 [46]
 [56]
 [50]
 [54]
 [48]
 [48]
 [55]
 [45]
 [48]
 [32]
 [54]
 [54]
 [48]
 [54]
 [46]
 [56]
 [50]
 [49]
 [57]
 [56]
 [51]
 [45]
 [49]] 
------------------------ Dataset: Kmu ------------------------
shape: (27, 1), dtype: uint16
Data:[[54]
 [54]
 [50]
 [50]
 [46]
 [55]
 [55]
 [56]
 [48]
 [50]
 [54]
 [45]
 [48]
 [32]
 [54]
 [54]
 [50]
 [50]
 [46]
 [55]
 [56]
 [50]
 [48]
 [48]
 [57]
 [45]
 [49]] 
------------------------ Dataset: Kmv ------------------------
shape: (27, 1), dtype: uint16
Data:[[54]
 [54]
 [51]
 [56]
 [46]
 [54]
 [50]
 [54]
 [50]
 [54]
 [53]
 [45]
 [48]
 [32]
 [54]
 [54]
 [51]
 [56]
 [46]
 [54]
 [51]
 [48]
 [49]
 [53]
 [56]
 [45]
 [49]] 
------------------------ Dataset: Kmw ------------------------
shape: (39, 1), dtype: uint16
Data:[[54]
 [54]
 [53]
 [52]
 [46]
 [50]
 [49]
 [52]
 [49]
 [54]
 [57]
 [57]
 [57]
 [57]
 [57]
 [57]
 [57]
 [45]
 [48]
 [32]
 [54]
 [54]
 [53]
 [52]
 [46]
 [50]
 [49]
 [56]
 [48]
 [57]
 [55]
 [57]
 [57]
 [57]
 [57]
 [57]
 [57]
 [45]
 [49]] 
------------------------ Dataset: Kmx ------------------------
shape: (39, 1), dtype: uint16
Data:[[54]
 [54]
 [55]
 [48]
 [46]
 [49]
 [49]
 [48]
 [49]
 [56]
 [54]
 [57]
 [57]
 [57]
 [57]
 [57]
 [57]
 [45]
 [48]
 [32]
 [54]
 [54]
 [55]
 [48]
 [46]
 [49]
 [48]
 [54]
 [49]
 [57]
 [49]
 [57]
 [57]
 [57]
 [57]
 [57]
 [57]
 [45]
 [49]] 
------------------------ Dataset: Kmy ------------------------
shape: (27, 1), dtype: uint16
Data:[[54]
 [54]
 [56]
 [54]
 [46]
 [48]
 [51]
 [48]
 [50]
 [48]
 [49]
 [45]
 [48]
 [32]
 [54]
 [54]
 [56]
 [54]
 [46]
 [48]
 [51]
 [52]
 [49]
 [53]
 [49]
 [45]
 [49]] 
------------------------ Dataset: Kmz ------------------------
shape: (13, 1), dtype: uint16
Data:[[53]
 [57]
 [48]
 [51]
 [46]
 [57]
 [52]
 [53]
 [56]
 [49]
 [55]
 [45]
 [48]] 
------------------------ Dataset: Kn ------------------------

