shape: (1, 6), dtype: uint32
Data:[[3707764736          2          1          1        171          1]] 
------------------------ Dataset: 1cb ------------------------
shape: (33, 1), dtype: uint16
Data:[[54]
 [55]
 [54]
 [53]
 [46]
 [50]
 [50]
 [50]
 [49]
 [49]
 [51]
 [57]
 [57]
 [57]
 [57]
 [57]
 [57]
 [45]
 [48]
 [32]
 [54]
 [55]
 [54]
 [53]
 [46]
 [50]
 [49]
 [57]
 [49]
 [54]
 [57]
 [45]
 [49]] 
------------------------ Dataset: 1cc ------------------------
shape: (27, 1), dtype: uint16
Data:[[54]
 [55]
 [56]
 [49]
 [46]
 [48]
 [55]
 [56]
 [50]
 [52]
 [54]
 [45]
 [48]
 [32]
 [54]
 [55]
 [56]
 [49]
 [46]
 [48]
 [56]
 [50]
 [50]
 [53]
 [54]
 [45]
 [49]] 
------------------------ Dataset: 1cd ------------------------
shape: (33, 1), dtype: uint16
Data:[[54]
 [50]
 [57]
 [51]
 [46]
 [56]
 [50]
 [55]
 [52]
 [52]
 [56]
 [45]
 [48]
 [32]
 [54]
 [50]
 [57]
 [51]
 [46]
 [56]
 [50]
 [49]
 [57]
 [55]
 [53]
 [57]
 [57]
 [57]
 [57]
 [57]
 [57]
 [45]
 [49]] 
------------------------ Dataset: 1ce ------------------------
shape: (26, 1), dtype: uint16
Data:[[54]
 [51]
 [48]
 [57]
 [46]
 [54]
 [52]
 [57]
 [56]
 [56]
 [45]
 [48]
 [32]
 [54]
 [51]
 [48]
 [57]
 [46]
 [54]
 [53]
 [51]
 [57]
 [51]
 [57]
 [45]
 [49]] 
------------------------ Dataset: 1cf ------------------------
shape: (27, 1), dtype: uint16
Data:[[54]
 [51]
 [50]
 [53]
 [46]
 [52]
 [56]
 [49]
 [57]
 [49]
 [57]
 [45]
 [48]
 [32]
 [54]
 [51]
 [50]
 [53]
 [46]
 [52]
 [56]
 [53]
 [57]
 [51]
 [54]
 [45]
 [49]] 
------------------------ Dataset: 1cg ------------------------
shape: (27, 1), dtype: uint16
Data:[[54]
 [51]
 [52]
 [49]
 [46]
 [51]
 [50]
 [49]
 [57]
 [51]
 [53]
 [45]
 [48]
 [32]
 [54]
 [51]
 [52]
 [49]
 [46]
 [51]
 [50]
 [53]
 [57]
 [54]
 [50]
 [45]
 [49]] 
------------------------ Dataset: 1ch ------------------------
shape: (33, 1), dtype: uint16
Data:[[54]
 [53]
 [48]
 [54]
 [46]
 [52]
 [51]
 [48]
 [49]
 [52]
 [51]
 [45]
 [48]
 [32]
 [54]
 [53]
 [48]
 [54]
 [46]
 [52]
 [51]
 [52]
 [48]
 [50]
 [54]
 [57]
 [57]
 [57]
 [57]
 [57]
 [57]
 [45]
 [49]] 
------------------------ Dataset: 1ci ------------------------
shape: (27, 1), dtype: uint16
Data:[[54]
 [53]
 [50]
 [50]
 [46]
 [50]
 [52]
 [53]
 [57]
 [53]
 [52]
 [45]
 [48]
 [32]
 [54]
 [53]
 [50]
 [50]
 [46]
 [50]
 [52]
 [49]
 [57]
 [52]
 [56]
 [45]
 [49]] 
------------------------ Dataset: 1cj ------------------------
shape: (33, 1), dtype: uint16
Data:[[54]
 [48]
 [49]
 [55]
 [46]
 [56]
 [50]
 [53]
 [57]
 [48]
 [51]
 [57]
 [57]
 [57]
 [57]
 [57]
 [57]
 [45]
 [48]
 [32]
 [54]
 [48]
 [49]
 [55]
 [46]
 [56]
 [50]
 [50]
 [48]
 [49]
 [50]
 [45]
 [49]] 
------------------------ Dataset: 1ck ------------------------
shape: (39, 1), dtype: uint16
Data:[[54]
 [48]
 [51]
 [51]
 [46]
 [54]
 [51]
 [57]
 [54]
 [48]
 [49]
 [57]
 [57]
 [57]
 [57]
 [57]
 [57]
 [45]
 [48]
 [32]
 [54]
 [48]
 [51]
 [51]
 [46]
 [54]
 [52]
 [49]
 [56]
 [52]
 [50]
 [57]
 [57]
 [57]
 [57]
 [57]
 [57]
 [45]
 [49]] 
------------------------ Dataset: 1cl ------------------------
shape: (27, 1), dtype: uint16
Data:[[54]
 [48]
 [52]
 [57]
 [46]
 [50]
 [51]
 [55]
 [55]
 [51]
 [53]
 [45]
 [48]
 [32]
 [54]
 [48]
 [52]
 [57]
 [46]
 [50]
 [51]
 [51]
 [56]
 [57]
 [52]
 [45]
 [49]] 
------------------------ Dataset: 1cm ------------------------
shape: (13, 1), dtype: uint16
Data:[[54]
 [48]
 [54]
 [53]
 [46]
 [49]
 [49]
 [55]
 [55]
 [52]
 [54]
 [45]
 [48]] 
------------------------ Dataset: 1cn ------------------------
shape: (33, 1), dtype: uint16
Data:[[54]
 [48]
 [56]
 [49]
 [46]
 [48]
 [50]
 [57]
 [56]
 [53]
 [54]
 [45]
 [48]
 [32]
 [54]
 [48]
 [56]
 [49]
 [46]
 [48]
 [50]
 [53]
 [56]
 [56]
 [53]
 [57]
 [57]
 [57]
 [57]
 [57]
 [57]
 [45]
 [49]] 
------------------------ Dataset: 1co ------------------------
shape: (39, 1), dtype: uint16
Data:[[53]
 [54]
 [52]
 [49]
 [46]
 [55]
 [55]
 [51]
 [52]
 [55]
 [53]
 [57]
 [57]
 [57]
 [57]
 [57]
 [57]
 [45]
 [48]
 [32]
 [53]
 [54]
 [52]
 [49]
 [46]
 [55]
 [55]
 [55]
 [56]
 [48]
 [56]
 [57]
 [57]
 [57]
 [57]
 [57]
 [57]
 [45]
 [49]] 
------------------------ Dataset: 1cp ------------------------
shape: (27, 1), dtype: uint16
Data:[[53]
 [54]
 [53]
 [55]
 [46]
 [53]
 [49]
 [55]
 [54]
 [52]
 [50]
 [45]
 [48]
 [32]
 [53]
 [54]
 [53]
 [55]
 [46]
 [53]
 [49]
 [51]
 [53]
 [57]
 [56]
 [45]
 [49]] 
------------------------ Dataset: 1cq ------------------------
shape: (13, 1), dtype: uint16
Data:[[53]
 [54]
 [55]
 [51]
 [46]
 [50]
 [51]
 [51]
 [54]
 [48]
 [57]
 [45]
 [49]] 
------------------------ Dataset: 1cr ------------------------
shape: (33, 1), dtype: uint16
Data:[[53]
 [54]
 [56]
 [56]
 [46]
 [57]
 [57]
 [55]
 [53]
 [53]
 [53]
 [57]
 [57]
 [57]
 [57]
 [57]
 [57]
 [45]
 [48]
 [32]
 [53]
 [54]
 [56]
 [56]
 [46]
 [57]
 [57]
 [56]
 [49]
 [49]
 [57]
 [45]
 [49]] 
------------------------ Dataset: 1cs ------------------------
shape: (33, 1), dtype: uint16
Data:[[53]
 [56]
 [49]
 [53]
 [46]
 [50]
 [53]
 [55]
 [54]
 [56]
 [54]
 [57]
 [57]
 [57]
 [57]
 [57]
 [57]
 [45]
 [48]
 [32]
 [53]
 [56]
 [49]
 [53]
 [46]
 [50]
 [54]
 [53]
 [54]
 [56]
 [51]
 [45]
 [49]] 
------------------------ Dataset: 1ct ------------------------
shape: (34, 1), dtype: uint16
Data:[[54]
 [54]
 [48]
 [52]
 [46]
 [51]
 [53]
 [53]
 [54]
 [52]
 [57]
 [57]
 [57]
 [57]
 [57]
 [57]
 [57]
 [53]
 [45]
 [48]
 [32]
 [54]
 [54]
 [48]
 [52]
 [46]
 [51]
 [52]
 [57]
 [56]
 [51]
 [56]
 [45]
 [49]] 
------------------------ Dataset: 1cu ------------------------
shape: (33, 1), dtype: uint16
Data:[[54]
 [54]
 [50]
 [48]
 [46]
 [51]
 [49]
 [48]
 [48]
 [52]
 [54]
 [45]
 [48]
 [32]
 [54]
 [54]
 [50]
 [48]
 [46]
 [51]
 [48]
 [54]
 [48]
 [57]
 [53]
 [57]
 [57]
 [57]
 [57]
 [57]
 [57]
 [45]
 [49]] 
------------------------ Dataset: 1cv ------------------------
shape: (27, 1), dtype: uint16
Data:[[54]
 [54]
 [51]
 [54]
 [46]
 [49]
 [54]
 [54]
 [49]
 [48]
 [51]
 [45]
 [48]
 [32]
 [54]
 [54]
 [51]
 [54]
 [46]
 [49]
 [55]
 [48]
 [49]
 [52]
 [53]
 [45]
 [49]] 
------------------------ Dataset: 1cw ------------------------
shape: (33, 1), dtype: uint16
Data:[[54]
 [54]
 [53]
 [49]
 [46]
 [55]
 [54]
 [50]
 [48]
 [49]
 [49]
 [57]
 [57]
 [57]
 [57]
 [57]
 [57]
 [45]
 [48]
 [32]
 [54]
 [54]
 [53]
 [49]
 [46]
 [55]
 [53]
 [56]
 [48]
 [48]
 [50]
 [45]
 [49]] 
------------------------ Dataset: 1cx ------------------------
shape: (33, 1), dtype: uint16
Data:[[54]
 [54]
 [54]
 [55]
 [46]
 [54]
 [49]
 [48]
 [48]
 [54]
 [48]
 [57]
 [57]
 [57]
 [57]
 [57]
 [57]
 [45]
 [48]
 [32]
 [54]
 [54]
 [54]
 [55]
 [46]
 [54]
 [49]
 [52]
 [49]
 [52]
 [56]
 [45]
 [49]] 
------------------------ Dataset: 1cy ------------------------
shape: (33, 1), dtype: uint16
Data:[[54]
 [54]
 [56]
 [51]
 [46]
 [53]
 [51]
 [56]
 [48]
 [51]
 [49]
 [57]
 [57]
 [57]
 [57]
 [57]
 [57]
 [53]
 [45]
 [48]
 [32]
 [54]
 [54]
 [56]
 [51]
 [46]
 [53]
 [51]
 [52]
 [48]
 [54]
 [45]
 [49]] 
------------------------ Dataset: 1cz ------------------------
shape: (27, 1), dtype: uint16
Data:[[53]
 [57]
 [48]
 [49]
 [46]
 [52]
 [53]
 [51]
 [54]
 [53]
 [55]
 [45]
 [48]
 [32]
 [53]
 [57]
 [48]
 [49]
 [46]
 [52]
 [52]
 [57]
 [54]
 [54]
 [53]
 [45]
 [49]] 
------------------------ Dataset: 1d ------------------------

shape: (1, 6), dtype: uint32
Data:[[3707764736          2          1          1        172          1]] 
------------------------ Dataset: 2cb ------------------------
shape: (32, 1), dtype: uint16
Data:[[54]
 [55]
 [54]
 [53]
 [46]
 [50]
 [50]
 [50]
 [49]
 [49]
 [51]
 [57]
 [57]
 [57]
 [57]
 [57]
 [57]
 [45]
 [48]
 [32]
 [54]
 [55]
 [54]
 [53]
 [46]
 [50]
 [50]
 [54]
 [49]
 [55]
 [45]
 [49]] 
------------------------ Dataset: 2cc ------------------------
shape: (27, 1), dtype: uint16
Data:[[54]
 [55]
 [56]
 [49]
 [46]
 [48]
 [56]
 [54]
 [50]
 [48]
 [57]
 [45]
 [48]
 [32]
 [54]
 [55]
 [56]
 [49]
 [46]
 [48]
 [56]
 [50]
 [50]
 [53]
 [54]
 [45]
 [49]] 
------------------------ Dataset: 2cd ------------------------
shape: (33, 1), dtype: uint16
Data:[[54]
 [50]
 [57]
 [51]
 [46]
 [56]
 [50]
 [55]
 [52]
 [52]
 [56]
 [45]
 [48]
 [32]
 [54]
 [50]
 [57]
 [51]
 [46]
 [56]
 [51]
 [48]
 [49]
 [54]
 [52]
 [57]
 [57]
 [57]
 [57]
 [57]
 [57]
 [45]
 [49]] 
------------------------ Dataset: 2ce ------------------------
shape: (27, 1), dtype: uint16
Data:[[54]
 [51]
 [48]
 [57]
 [46]
 [54]
 [53]
 [55]
 [57]
 [48]
 [53]
 [45]
 [48]
 [32]
 [54]
 [51]
 [48]
 [57]
 [46]
 [54]
 [53]
 [51]
 [57]
 [51]
 [57]
 [45]
 [49]] 
------------------------ Dataset: 2cf ------------------------
shape: (33, 1), dtype: uint16
Data:[[54]
 [51]
 [50]
 [53]
 [46]
 [52]
 [57]
 [53]
 [57]
 [50]
 [52]
 [57]
 [57]
 [57]
 [57]
 [57]
 [57]
 [45]
 [48]
 [32]
 [54]
 [51]
 [50]
 [53]
 [46]
 [52]
 [56]
 [53]
 [57]
 [51]
 [54]
 [45]
 [49]] 
------------------------ Dataset: 2cg ------------------------
shape: (27, 1), dtype: uint16
Data:[[54]
 [51]
 [52]
 [49]
 [46]
 [51]
 [50]
 [57]
 [56]
 [52]
 [55]
 [45]
 [48]
 [32]
 [54]
 [51]
 [52]
 [49]
 [46]
 [51]
 [50]
 [53]
 [57]
 [54]
 [50]
 [45]
 [49]] 
------------------------ Dataset: 2ch ------------------------
shape: (39, 1), dtype: uint16
Data:[[54]
 [53]
 [48]
 [54]
 [46]
 [52]
 [51]
 [55]
 [57]
 [55]
 [56]
 [57]
 [57]
 [57]
 [57]
 [57]
 [57]
 [45]
 [48]
 [32]
 [54]
 [53]
 [48]
 [54]
 [46]
 [52]
 [51]
 [52]
 [48]
 [50]
 [54]
 [57]
 [57]
 [57]
 [57]
 [57]
 [57]
 [45]
 [49]] 
------------------------ Dataset: 2ci ------------------------
shape: (27, 1), dtype: uint16
Data:[[54]
 [53]
 [50]
 [50]
 [46]
 [50]
 [52]
 [53]
 [57]
 [53]
 [52]
 [45]
 [48]
 [32]
 [54]
 [53]
 [50]
 [50]
 [46]
 [50]
 [52]
 [57]
 [57]
 [53]
 [52]
 [45]
 [49]] 
------------------------ Dataset: 2cj ------------------------
shape: (40, 1), dtype: uint16
Data:[[54]
 [48]
 [49]
 [55]
 [46]
 [56]
 [50]
 [53]
 [57]
 [48]
 [51]
 [57]
 [57]
 [57]
 [57]
 [57]
 [57]
 [45]
 [48]
 [32]
 [54]
 [48]
 [49]
 [55]
 [46]
 [56]
 [50]
 [57]
 [55]
 [53]
 [54]
 [57]
 [57]
 [57]
 [57]
 [57]
 [57]
 [53]
 [45]
 [49]] 
------------------------ Dataset: 2ck ------------------------
shape: (32, 1), dtype: uint16
Data:[[54]
 [48]
 [51]
 [51]
 [46]
 [54]
 [52]
 [53]
 [57]
 [50]
 [45]
 [48]
 [32]
 [54]
 [48]
 [51]
 [51]
 [46]
 [54]
 [52]
 [49]
 [56]
 [52]
 [50]
 [57]
 [57]
 [57]
 [57]
 [57]
 [57]
 [45]
 [49]] 
------------------------ Dataset: 2cl ------------------------
shape: (25, 1), dtype: uint16
Data:[[54]
 [48]
 [52]
 [57]
 [46]
 [50]
 [51]
 [55]
 [55]
 [51]
 [53]
 [45]
 [48]
 [32]
 [54]
 [48]
 [52]
 [57]
 [46]
 [50]
 [52]
 [51]
 [50]
 [45]
 [49]] 
------------------------ Dataset: 2cm ------------------------
shape: (13, 1), dtype: uint16
Data:[[54]
 [48]
 [54]
 [53]
 [46]
 [49]
 [50]
 [49]
 [56]
 [53]
 [54]
 [45]
 [49]] 
------------------------ Dataset: 2cn ------------------------
shape: (27, 1), dtype: uint16
Data:[[54]
 [48]
 [56]
 [49]
 [46]
 [48]
 [50]
 [57]
 [56]
 [53]
 [54]
 [45]
 [48]
 [32]
 [54]
 [48]
 [56]
 [49]
 [46]
 [48]
 [51]
 [51]
 [55]
 [54]
 [49]
 [45]
 [49]] 
------------------------ Dataset: 2co ------------------------
shape: (33, 1), dtype: uint16
Data:[[53]
 [54]
 [52]
 [49]
 [46]
 [55]
 [56]
 [49]
 [53]
 [55]
 [53]
 [45]
 [48]
 [32]
 [53]
 [54]
 [52]
 [49]
 [46]
 [55]
 [55]
 [55]
 [56]
 [48]
 [56]
 [57]
 [57]
 [57]
 [57]
 [57]
 [57]
 [45]
 [49]] 
------------------------ Dataset: 2cp ------------------------
shape: (33, 1), dtype: uint16
Data:[[53]
 [54]
 [53]
 [55]
 [46]
 [53]
 [49]
 [55]
 [54]
 [52]
 [50]
 [45]
 [48]
 [32]
 [53]
 [54]
 [53]
 [55]
 [46]
 [53]
 [50]
 [49]
 [54]
 [50]
 [52]
 [57]
 [57]
 [57]
 [57]
 [57]
 [57]
 [45]
 [49]] 
------------------------ Dataset: 2cq ------------------------
shape: (13, 1), dtype: uint16
Data:[[53]
 [54]
 [55]
 [51]
 [46]
 [50]
 [51]
 [55]
 [54]
 [48]
 [57]
 [45]
 [48]] 
------------------------ Dataset: 2cr ------------------------
shape: (33, 1), dtype: uint16
Data:[[53]
 [54]
 [56]
 [57]
 [46]
 [48]
 [49]
 [49]
 [52]
 [49]
 [53]
 [57]
 [57]
 [57]
 [57]
 [57]
 [57]
 [45]
 [48]
 [32]
 [53]
 [54]
 [56]
 [56]
 [46]
 [57]
 [57]
 [56]
 [49]
 [49]
 [57]
 [45]
 [49]] 
------------------------ Dataset: 2cs ------------------------
shape: (34, 1), dtype: uint16
Data:[[53]
 [56]
 [49]
 [53]
 [46]
 [50]
 [54]
 [53]
 [54]
 [55]
 [57]
 [57]
 [57]
 [57]
 [57]
 [57]
 [57]
 [53]
 [45]
 [48]
 [32]
 [53]
 [56]
 [49]
 [53]
 [46]
 [50]
 [54]
 [53]
 [54]
 [56]
 [51]
 [45]
 [49]] 
------------------------ Dataset: 2ct ------------------------
shape: (34, 1), dtype: uint16
Data:[[54]
 [54]
 [48]
 [52]
 [46]
 [51]
 [53]
 [53]
 [54]
 [52]
 [57]
 [57]
 [57]
 [57]
 [57]
 [57]
 [57]
 [53]
 [45]
 [48]
 [32]
 [54]
 [54]
 [48]
 [52]
 [46]
 [51]
 [53]
 [57]
 [51]
 [48]
 [50]
 [45]
 [49]] 
------------------------ Dataset: 2cu ------------------------
shape: (26, 1), dtype: uint16
Data:[[54]
 [54]
 [50]
 [48]
 [46]
 [51]
 [49]
 [48]
 [48]
 [52]
 [54]
 [45]
 [48]
 [32]
 [54]
 [54]
 [50]
 [48]
 [46]
 [51]
 [49]
 [52]
 [48]
 [57]
 [45]
 [49]] 
------------------------ Dataset: 2cv ------------------------
shape: (27, 1), dtype: uint16
Data:[[54]
 [54]
 [51]
 [54]
 [46]
 [49]
 [56]
 [49]
 [48]
 [52]
 [57]
 [45]
 [48]
 [32]
 [54]
 [54]
 [51]
 [54]
 [46]
 [49]
 [55]
 [48]
 [49]
 [52]
 [53]
 [45]
 [49]] 
------------------------ Dataset: 2cw ------------------------
shape: (40, 1), dtype: uint16
Data:[[54]
 [54]
 [53]
 [49]
 [46]
 [55]
 [54]
 [50]
 [48]
 [49]
 [49]
 [57]
 [57]
 [57]
 [57]
 [57]
 [57]
 [45]
 [48]
 [32]
 [54]
 [54]
 [53]
 [49]
 [46]
 [55]
 [54]
 [54]
 [49]
 [48]
 [54]
 [57]
 [57]
 [57]
 [57]
 [57]
 [57]
 [53]
 [45]
 [49]] 
------------------------ Dataset: 2cx ------------------------
shape: (33, 1), dtype: uint16
Data:[[54]
 [54]
 [54]
 [55]
 [46]
 [54]
 [49]
 [56]
 [49]
 [52]
 [54]
 [57]
 [57]
 [57]
 [57]
 [57]
 [57]
 [45]
 [48]
 [32]
 [54]
 [54]
 [54]
 [55]
 [46]
 [54]
 [49]
 [52]
 [49]
 [52]
 [56]
 [45]
 [49]] 
------------------------ Dataset: 2cy ------------------------
shape: (34, 1), dtype: uint16
Data:[[54]
 [54]
 [56]
 [51]
 [46]
 [53]
 [51]
 [56]
 [48]
 [51]
 [49]
 [57]
 [57]
 [57]
 [57]
 [57]
 [57]
 [53]
 [45]
 [48]
 [32]
 [54]
 [54]
 [56]
 [51]
 [46]
 [53]
 [52]
 [50]
 [48]
 [53]
 [56]
 [45]
 [49]] 
------------------------ Dataset: 2cz ------------------------
shape: (34, 1), dtype: uint16
Data:[[53]
 [57]
 [48]
 [49]
 [46]
 [52]
 [53]
 [51]
 [54]
 [53]
 [55]
 [45]
 [48]
 [32]
 [53]
 [57]
 [48]
 [49]
 [46]
 [52]
 [53]
 [55]
 [55]
 [52]
 [54]
 [57]
 [57]
 [57]
 [57]
 [57]
 [57]
 [53]
 [45]
 [49]] 
------------------------ Dataset: 2d ------------------------

shape: (1, 6), dtype: uint32
Data:[[3707764736          2          1          1        173          1]] 
------------------------ Dataset: 3cb ------------------------
shape: (26, 1), dtype: uint16
Data:[[54]
 [55]
 [54]
 [53]
 [46]
 [50]
 [51]
 [48]
 [49]
 [52]
 [57]
 [45]
 [48]
 [32]
 [54]
 [55]
 [54]
 [53]
 [46]
 [50]
 [50]
 [54]
 [49]
 [55]
 [45]
 [49]] 
------------------------ Dataset: 3cc ------------------------
shape: (33, 1), dtype: uint16
Data:[[54]
 [55]
 [56]
 [49]
 [46]
 [48]
 [56]
 [54]
 [50]
 [48]
 [57]
 [45]
 [48]
 [32]
 [54]
 [55]
 [56]
 [49]
 [46]
 [48]
 [57]
 [50]
 [53]
 [50]
 [53]
 [57]
 [57]
 [57]
 [57]
 [57]
 [57]
 [45]
 [49]] 
------------------------ Dataset: 3cd ------------------------
shape: (39, 1), dtype: uint16
Data:[[54]
 [50]
 [57]
 [51]
 [46]
 [56]
 [51]
 [52]
 [48]
 [49]
 [49]
 [57]
 [57]
 [57]
 [57]
 [57]
 [57]
 [45]
 [48]
 [32]
 [54]
 [50]
 [57]
 [51]
 [46]
 [56]
 [51]
 [48]
 [49]
 [54]
 [52]
 [57]
 [57]
 [57]
 [57]
 [57]
 [57]
 [45]
 [49]] 
------------------------ Dataset: 3ce ------------------------
shape: (27, 1), dtype: uint16
Data:[[54]
 [51]
 [48]
 [57]
 [46]
 [54]
 [53]
 [55]
 [57]
 [48]
 [53]
 [45]
 [48]
 [32]
 [54]
 [51]
 [48]
 [57]
 [46]
 [54]
 [54]
 [54]
 [48]
 [56]
 [56]
 [45]
 [49]] 
------------------------ Dataset: 3cf ------------------------
shape: (33, 1), dtype: uint16
Data:[[54]
 [51]
 [50]
 [53]
 [46]
 [52]
 [57]
 [53]
 [57]
 [50]
 [52]
 [57]
 [57]
 [57]
 [57]
 [57]
 [57]
 [45]
 [48]
 [32]
 [54]
 [51]
 [50]
 [53]
 [46]
 [52]
 [57]
 [53]
 [57]
 [57]
 [49]
 [45]
 [49]] 
------------------------ Dataset: 3cg ------------------------
shape: (27, 1), dtype: uint16
Data:[[54]
 [51]
 [52]
 [49]
 [46]
 [51]
 [50]
 [57]
 [56]
 [52]
 [55]
 [45]
 [48]
 [32]
 [54]
 [51]
 [52]
 [49]
 [46]
 [51]
 [51]
 [51]
 [56]
 [52]
 [49]
 [45]
 [49]] 
------------------------ Dataset: 3ch ------------------------
shape: (40, 1), dtype: uint16
Data:[[54]
 [53]
 [48]
 [54]
 [46]
 [52]
 [51]
 [55]
 [57]
 [55]
 [56]
 [57]
 [57]
 [57]
 [57]
 [57]
 [57]
 [45]
 [48]
 [32]
 [54]
 [53]
 [48]
 [54]
 [46]
 [52]
 [52]
 [50]
 [48]
 [57]
 [55]
 [57]
 [57]
 [57]
 [57]
 [57]
 [57]
 [53]
 [45]
 [49]] 
------------------------ Dataset: 3ci ------------------------
shape: (33, 1), dtype: uint16
Data:[[54]
 [53]
 [50]
 [50]
 [46]
 [50]
 [53]
 [51]
 [57]
 [52]
 [54]
 [57]
 [57]
 [57]
 [57]
 [57]
 [57]
 [45]
 [48]
 [32]
 [54]
 [53]
 [50]
 [50]
 [46]
 [50]
 [52]
 [57]
 [57]
 [53]
 [52]
 [45]
 [49]] 
------------------------ Dataset: 3cj ------------------------
shape: (34, 1), dtype: uint16
Data:[[54]
 [48]
 [49]
 [55]
 [46]
 [56]
 [51]
 [51]
 [55]
 [51]
 [55]
 [45]
 [48]
 [32]
 [54]
 [48]
 [49]
 [55]
 [46]
 [56]
 [50]
 [57]
 [55]
 [53]
 [54]
 [57]
 [57]
 [57]
 [57]
 [57]
 [57]
 [53]
 [45]
 [49]] 
------------------------ Dataset: 3ck ------------------------
shape: (33, 1), dtype: uint16
Data:[[54]
 [48]
 [51]
 [51]
 [46]
 [54]
 [52]
 [53]
 [57]
 [50]
 [45]
 [48]
 [32]
 [54]
 [48]
 [51]
 [51]
 [46]
 [54]
 [52]
 [57]
 [53]
 [49]
 [53]
 [57]
 [57]
 [57]
 [57]
 [57]
 [57]
 [53]
 [45]
 [49]] 
------------------------ Dataset: 3cl ------------------------
shape: (25, 1), dtype: uint16
Data:[[54]
 [48]
 [52]
 [57]
 [46]
 [50]
 [52]
 [55]
 [54]
 [55]
 [54]
 [45]
 [48]
 [32]
 [54]
 [48]
 [52]
 [57]
 [46]
 [50]
 [52]
 [51]
 [50]
 [45]
 [49]] 
------------------------ Dataset: 3cm ------------------------
shape: (19, 1), dtype: uint16
Data:[[54]
 [48]
 [54]
 [53]
 [46]
 [49]
 [50]
 [53]
 [56]
 [51]
 [53]
 [57]
 [57]
 [57]
 [57]
 [57]
 [57]
 [45]
 [48]] 
------------------------ Dataset: 3cn ------------------------
shape: (33, 1), dtype: uint16
Data:[[54]
 [48]
 [56]
 [49]
 [46]
 [48]
 [51]
 [55]
 [55]
 [57]
 [52]
 [57]
 [57]
 [57]
 [57]
 [57]
 [57]
 [45]
 [48]
 [32]
 [54]
 [48]
 [56]
 [49]
 [46]
 [48]
 [51]
 [51]
 [55]
 [54]
 [49]
 [45]
 [49]] 
------------------------ Dataset: 3co ------------------------
shape: (27, 1), dtype: uint16
Data:[[53]
 [54]
 [52]
 [49]
 [46]
 [55]
 [56]
 [49]
 [53]
 [55]
 [53]
 [45]
 [48]
 [32]
 [53]
 [54]
 [52]
 [49]
 [46]
 [55]
 [56]
 [53]
 [53]
 [50]
 [54]
 [45]
 [49]] 
------------------------ Dataset: 3cp ------------------------
shape: (33, 1), dtype: uint16
Data:[[53]
 [54]
 [53]
 [55]
 [46]
 [53]
 [50]
 [53]
 [54]
 [55]
 [56]
 [45]
 [48]
 [32]
 [53]
 [54]
 [53]
 [55]
 [46]
 [53]
 [50]
 [49]
 [54]
 [50]
 [52]
 [57]
 [57]
 [57]
 [57]
 [57]
 [57]
 [45]
 [49]] 
------------------------ Dataset: 3cq ------------------------
shape: (12, 1), dtype: uint16
Data:[[53]
 [54]
 [55]
 [51]
 [46]
 [50]
 [52]
 [49]
 [54]
 [56]
 [45]
 [49]] 
------------------------ Dataset: 3cr ------------------------
shape: (33, 1), dtype: uint16
Data:[[53]
 [54]
 [56]
 [57]
 [46]
 [48]
 [49]
 [49]
 [52]
 [49]
 [53]
 [57]
 [57]
 [57]
 [57]
 [57]
 [57]
 [45]
 [48]
 [32]
 [53]
 [54]
 [56]
 [57]
 [46]
 [48]
 [49]
 [49]
 [54]
 [56]
 [51]
 [45]
 [49]] 
------------------------ Dataset: 3cs ------------------------
shape: (26, 1), dtype: uint16
Data:[[53]
 [56]
 [49]
 [53]
 [46]
 [50]
 [55]
 [51]
 [54]
 [50]
 [45]
 [48]
 [32]
 [53]
 [56]
 [49]
 [53]
 [46]
 [50]
 [54]
 [53]
 [54]
 [56]
 [51]
 [45]
 [49]] 
------------------------ Dataset: 3ct ------------------------
shape: (27, 1), dtype: uint16
Data:[[54]
 [54]
 [48]
 [52]
 [46]
 [51]
 [54]
 [55]
 [55]
 [51]
 [50]
 [45]
 [48]
 [32]
 [54]
 [54]
 [48]
 [52]
 [46]
 [51]
 [53]
 [57]
 [51]
 [48]
 [50]
 [45]
 [49]] 
------------------------ Dataset: 3cu ------------------------
shape: (26, 1), dtype: uint16
Data:[[54]
 [54]
 [50]
 [48]
 [46]
 [51]
 [49]
 [56]
 [48]
 [54]
 [56]
 [45]
 [48]
 [32]
 [54]
 [54]
 [50]
 [48]
 [46]
 [51]
 [49]
 [52]
 [48]
 [57]
 [45]
 [49]] 
------------------------ Dataset: 3cv ------------------------
shape: (33, 1), dtype: uint16
Data:[[54]
 [54]
 [51]
 [54]
 [46]
 [49]
 [56]
 [49]
 [48]
 [52]
 [57]
 [45]
 [48]
 [32]
 [54]
 [54]
 [51]
 [54]
 [46]
 [49]
 [56]
 [49]
 [49]
 [57]
 [50]
 [57]
 [57]
 [57]
 [57]
 [57]
 [57]
 [45]
 [49]] 
------------------------ Dataset: 3cw ------------------------
shape: (40, 1), dtype: uint16
Data:[[54]
 [54]
 [53]
 [49]
 [46]
 [55]
 [55]
 [48]
 [49]
 [51]
 [56]
 [57]
 [57]
 [57]
 [57]
 [57]
 [57]
 [45]
 [48]
 [32]
 [54]
 [54]
 [53]
 [49]
 [46]
 [55]
 [54]
 [54]
 [49]
 [48]
 [54]
 [57]
 [57]
 [57]
 [57]
 [57]
 [57]
 [53]
 [45]
 [49]] 
------------------------ Dataset: 3cx ------------------------
shape: (32, 1), dtype: uint16
Data:[[54]
 [54]
 [54]
 [55]
 [46]
 [54]
 [49]
 [56]
 [49]
 [52]
 [54]
 [57]
 [57]
 [57]
 [57]
 [57]
 [57]
 [45]
 [48]
 [32]
 [54]
 [54]
 [54]
 [55]
 [46]
 [54]
 [50]
 [50]
 [49]
 [51]
 [45]
 [49]] 
------------------------ Dataset: 3cy ------------------------
shape: (27, 1), dtype: uint16
Data:[[54]
 [54]
 [56]
 [51]
 [46]
 [53]
 [52]
 [54]
 [49]
 [49]
 [50]
 [45]
 [48]
 [32]
 [54]
 [54]
 [56]
 [51]
 [46]
 [53]
 [52]
 [50]
 [48]
 [53]
 [56]
 [45]
 [49]] 
------------------------ Dataset: 3cz ------------------------
shape: (34, 1), dtype: uint16
Data:[[53]
 [57]
 [48]
 [49]
 [46]
 [52]
 [54]
 [49]
 [55]
 [48]
 [51]
 [45]
 [48]
 [32]
 [53]
 [57]
 [48]
 [49]
 [46]
 [52]
 [53]
 [55]
 [55]
 [52]
 [54]
 [57]
 [57]
 [57]
 [57]
 [57]
 [57]
 [53]
 [45]
 [49]] 
------------------------ Dataset: 3d ------------------------

shape: (1, 6), dtype: uint32
Data:[[3707764736          2          1          1        174          1]] 
------------------------ Dataset: 4cb ------------------------
shape: (27, 1), dtype: uint16
Data:[[54]
 [55]
 [54]
 [53]
 [46]
 [50]
 [51]
 [48]
 [49]
 [52]
 [57]
 [45]
 [48]
 [32]
 [54]
 [55]
 [54]
 [53]
 [46]
 [50]
 [51]
 [52]
 [50]
 [55]
 [51]
 [45]
 [49]] 
------------------------ Dataset: 4cc ------------------------
shape: (39, 1), dtype: uint16
Data:[[54]
 [55]
 [56]
 [49]
 [46]
 [48]
 [57]
 [52]
 [51]
 [52]
 [57]
 [57]
 [57]
 [57]
 [57]
 [57]
 [57]
 [45]
 [48]
 [32]
 [54]
 [55]
 [56]
 [49]
 [46]
 [48]
 [57]
 [50]
 [53]
 [50]
 [53]
 [57]
 [57]
 [57]
 [57]
 [57]
 [57]
 [45]
 [49]] 
------------------------ Dataset: 4cd ------------------------
shape: (33, 1), dtype: uint16
Data:[[54]
 [50]
 [57]
 [51]
 [46]
 [56]
 [51]
 [52]
 [48]
 [49]
 [49]
 [57]
 [57]
 [57]
 [57]
 [57]
 [57]
 [45]
 [48]
 [32]
 [54]
 [50]
 [57]
 [51]
 [46]
 [56]
 [51]
 [56]
 [49]
 [50]
 [55]
 [45]
 [49]] 
------------------------ Dataset: 4ce ------------------------
shape: (27, 1), dtype: uint16
Data:[[54]
 [51]
 [48]
 [57]
 [46]
 [54]
 [54]
 [54]
 [54]
 [48]
 [55]
 [45]
 [48]
 [32]
 [54]
 [51]
 [48]
 [57]
 [46]
 [54]
 [54]
 [54]
 [48]
 [56]
 [56]
 [45]
 [49]] 
------------------------ Dataset: 4cf ------------------------
shape: (34, 1), dtype: uint16
Data:[[54]
 [51]
 [50]
 [53]
 [46]
 [52]
 [57]
 [56]
 [55]
 [57]
 [52]
 [57]
 [57]
 [57]
 [57]
 [57]
 [57]
 [53]
 [45]
 [48]
 [32]
 [54]
 [51]
 [50]
 [53]
 [46]
 [52]
 [57]
 [53]
 [57]
 [57]
 [49]
 [45]
 [49]] 
------------------------ Dataset: 4cg ------------------------
shape: (33, 1), dtype: uint16
Data:[[54]
 [51]
 [52]
 [49]
 [46]
 [51]
 [51]
 [55]
 [56]
 [57]
 [54]
 [57]
 [57]
 [57]
 [57]
 [57]
 [57]
 [45]
 [48]
 [32]
 [54]
 [51]
 [52]
 [49]
 [46]
 [51]
 [51]
 [51]
 [56]
 [52]
 [49]
 [45]
 [49]] 
------------------------ Dataset: 4ch ------------------------
shape: (40, 1), dtype: uint16
Data:[[54]
 [53]
 [48]
 [54]
 [46]
 [52]
 [52]
 [53]
 [57]
 [52]
 [57]
 [57]
 [57]
 [57]
 [57]
 [57]
 [57]
 [45]
 [48]
 [32]
 [54]
 [53]
 [48]
 [54]
 [46]
 [52]
 [52]
 [50]
 [48]
 [57]
 [55]
 [57]
 [57]
 [57]
 [57]
 [57]
 [57]
 [53]
 [45]
 [49]] 
------------------------ Dataset: 4ci ------------------------
shape: (33, 1), dtype: uint16
Data:[[54]
 [53]
 [50]
 [50]
 [46]
 [50]
 [53]
 [51]
 [57]
 [52]
 [54]
 [57]
 [57]
 [57]
 [57]
 [57]
 [57]
 [45]
 [48]
 [32]
 [54]
 [53]
 [50]
 [50]
 [46]
 [50]
 [53]
 [57]
 [53]
 [55]
 [57]
 [45]
 [49]] 
------------------------ Dataset: 4cj ------------------------
shape: (27, 1), dtype: uint16
Data:[[54]
 [48]
 [49]
 [55]
 [46]
 [56]
 [51]
 [51]
 [55]
 [51]
 [55]
 [45]
 [48]
 [32]
 [54]
 [48]
 [49]
 [55]
 [46]
 [56]
 [51]
 [55]
 [55]
 [57]
 [57]
 [45]
 [49]] 
------------------------ Dataset: 4ck ------------------------
shape: (34, 1), dtype: uint16
Data:[[54]
 [48]
 [51]
 [51]
 [46]
 [54]
 [53]
 [51]
 [54]
 [52]
 [57]
 [45]
 [48]
 [32]
 [54]
 [48]
 [51]
 [51]
 [46]
 [54]
 [52]
 [57]
 [53]
 [49]
 [53]
 [57]
 [57]
 [57]
 [57]
 [57]
 [57]
 [53]
 [45]
 [49]] 
------------------------ Dataset: 4cl ------------------------
shape: (33, 1), dtype: uint16
Data:[[54]
 [48]
 [52]
 [57]
 [46]
 [50]
 [52]
 [55]
 [54]
 [55]
 [54]
 [45]
 [48]
 [32]
 [54]
 [48]
 [52]
 [57]
 [46]
 [50]
 [53]
 [54]
 [50]
 [55]
 [56]
 [57]
 [57]
 [57]
 [57]
 [57]
 [57]
 [45]
 [49]] 
------------------------ Dataset: 4cm ------------------------
shape: (20, 1), dtype: uint16
Data:[[54]
 [48]
 [54]
 [53]
 [46]
 [49]
 [50]
 [57]
 [55]
 [51]
 [52]
 [57]
 [57]
 [57]
 [57]
 [57]
 [57]
 [53]
 [45]
 [49]] 
------------------------ Dataset: 4cn ------------------------
shape: (33, 1), dtype: uint16
Data:[[54]
 [48]
 [56]
 [49]
 [46]
 [48]
 [51]
 [55]
 [55]
 [57]
 [52]
 [57]
 [57]
 [57]
 [57]
 [57]
 [57]
 [45]
 [48]
 [32]
 [54]
 [48]
 [56]
 [49]
 [46]
 [48]
 [52]
 [49]
 [56]
 [54]
 [55]
 [45]
 [49]] 
------------------------ Dataset: 4co ------------------------
shape: (27, 1), dtype: uint16
Data:[[53]
 [54]
 [52]
 [49]
 [46]
 [55]
 [56]
 [57]
 [52]
 [57]
 [55]
 [45]
 [48]
 [32]
 [53]
 [54]
 [52]
 [49]
 [46]
 [55]
 [56]
 [53]
 [53]
 [50]
 [54]
 [45]
 [49]] 
------------------------ Dataset: 4cp ------------------------
shape: (33, 1), dtype: uint16
Data:[[53]
 [54]
 [53]
 [55]
 [46]
 [53]
 [50]
 [53]
 [54]
 [55]
 [56]
 [45]
 [48]
 [32]
 [53]
 [54]
 [53]
 [55]
 [46]
 [53]
 [50]
 [57]
 [54]
 [48]
 [48]
 [57]
 [57]
 [57]
 [57]
 [57]
 [57]
 [45]
 [49]] 
------------------------ Dataset: 4cq ------------------------
shape: (13, 1), dtype: uint16
Data:[[53]
 [54]
 [55]
 [51]
 [46]
 [50]
 [52]
 [53]
 [53]
 [57]
 [57]
 [45]
 [48]] 
------------------------ Dataset: 4cr ------------------------
shape: (27, 1), dtype: uint16
Data:[[53]
 [54]
 [56]
 [57]
 [46]
 [48]
 [49]
 [53]
 [50]
 [56]
 [52]
 [45]
 [48]
 [32]
 [53]
 [54]
 [56]
 [57]
 [46]
 [48]
 [49]
 [49]
 [54]
 [56]
 [51]
 [45]
 [49]] 
------------------------ Dataset: 4cs ------------------------
shape: (26, 1), dtype: uint16
Data:[[53]
 [56]
 [49]
 [53]
 [46]
 [50]
 [55]
 [51]
 [54]
 [50]
 [45]
 [48]
 [32]
 [53]
 [56]
 [49]
 [53]
 [46]
 [50]
 [55]
 [51]
 [54]
 [51]
 [56]
 [45]
 [49]] 
------------------------ Dataset: 4ct ------------------------
shape: (27, 1), dtype: uint16
Data:[[54]
 [54]
 [48]
 [52]
 [46]
 [51]
 [54]
 [55]
 [55]
 [51]
 [50]
 [45]
 [48]
 [32]
 [54]
 [54]
 [48]
 [52]
 [46]
 [51]
 [54]
 [55]
 [55]
 [51]
 [50]
 [45]
 [49]] 
------------------------ Dataset: 4cu ------------------------
shape: (27, 1), dtype: uint16
Data:[[54]
 [54]
 [50]
 [48]
 [46]
 [51]
 [49]
 [56]
 [48]
 [54]
 [56]
 [45]
 [48]
 [32]
 [54]
 [54]
 [50]
 [48]
 [46]
 [51]
 [50]
 [50]
 [51]
 [50]
 [53]
 [45]
 [49]] 
------------------------ Dataset: 4cv ------------------------
shape: (19, 1), dtype: uint16
Data:[[54]
 [54]
 [51]
 [54]
 [46]
 [49]
 [56]
 [49]
 [49]
 [57]
 [50]
 [57]
 [57]
 [57]
 [57]
 [57]
 [57]
 [45]
 [49]] 
------------------------ Dataset: 4cw ------------------------
shape: (33, 1), dtype: uint16
Data:[[54]
 [54]
 [53]
 [49]
 [46]
 [55]
 [55]
 [48]
 [49]
 [51]
 [56]
 [57]
 [57]
 [57]
 [57]
 [57]
 [57]
 [45]
 [48]
 [32]
 [54]
 [54]
 [53]
 [49]
 [46]
 [55]
 [55]
 [52]
 [48]
 [56]
 [57]
 [45]
 [49]] 
------------------------ Dataset: 4cx ------------------------
shape: (26, 1), dtype: uint16
Data:[[54]
 [54]
 [54]
 [55]
 [46]
 [54]
 [50]
 [54]
 [50]
 [52]
 [52]
 [45]
 [48]
 [32]
 [54]
 [54]
 [54]
 [55]
 [46]
 [54]
 [50]
 [50]
 [49]
 [51]
 [45]
 [49]] 
------------------------ Dataset: 4cy ------------------------
shape: (27, 1), dtype: uint16
Data:[[54]
 [54]
 [56]
 [51]
 [46]
 [53]
 [52]
 [54]
 [49]
 [49]
 [50]
 [45]
 [48]
 [32]
 [54]
 [54]
 [56]
 [51]
 [46]
 [53]
 [53]
 [48]
 [49]
 [48]
 [54]
 [45]
 [49]] 
------------------------ Dataset: 4cz ------------------------
shape: (33, 1), dtype: uint16
Data:[[53]
 [57]
 [48]
 [49]
 [46]
 [52]
 [54]
 [49]
 [55]
 [48]
 [51]
 [45]
 [48]
 [32]
 [53]
 [57]
 [48]
 [49]
 [46]
 [52]
 [54]
 [53]
 [56]
 [53]
 [57]
 [57]
 [57]
 [57]
 [57]
 [57]
 [57]
 [45]
 [49]] 
------------------------ Dataset: 4d ------------------------

shape: (1, 6), dtype: uint32
Data:[[3707764736          2          1          1        175          1]] 
------------------------ Dataset: 5cb ------------------------
shape: (33, 1), dtype: uint16
Data:[[54]
 [55]
 [54]
 [53]
 [46]
 [50]
 [52]
 [52]
 [48]
 [52]
 [49]
 [57]
 [57]
 [57]
 [57]
 [57]
 [57]
 [45]
 [48]
 [32]
 [54]
 [55]
 [54]
 [53]
 [46]
 [50]
 [51]
 [52]
 [50]
 [55]
 [51]
 [45]
 [49]] 
------------------------ Dataset: 5cc ------------------------
shape: (33, 1), dtype: uint16
Data:[[54]
 [55]
 [56]
 [49]
 [46]
 [48]
 [57]
 [52]
 [51]
 [52]
 [57]
 [57]
 [57]
 [57]
 [57]
 [57]
 [57]
 [45]
 [48]
 [32]
 [54]
 [55]
 [56]
 [49]
 [46]
 [48]
 [57]
 [56]
 [50]
 [54]
 [56]
 [45]
 [49]] 
------------------------ Dataset: 5cd ------------------------
shape: (27, 1), dtype: uint16
Data:[[54]
 [50]
 [57]
 [51]
 [46]
 [56]
 [52]
 [49]
 [57]
 [56]
 [52]
 [45]
 [48]
 [32]
 [54]
 [50]
 [57]
 [51]
 [46]
 [56]
 [51]
 [56]
 [49]
 [50]
 [55]
 [45]
 [49]] 
------------------------ Dataset: 5ce ------------------------
shape: (34, 1), dtype: uint16
Data:[[54]
 [51]
 [48]
 [57]
 [46]
 [54]
 [54]
 [54]
 [54]
 [48]
 [55]
 [45]
 [48]
 [32]
 [54]
 [51]
 [48]
 [57]
 [46]
 [54]
 [55]
 [49]
 [51]
 [49]
 [57]
 [57]
 [57]
 [57]
 [57]
 [57]
 [57]
 [53]
 [45]
 [49]] 
------------------------ Dataset: 5cf ------------------------
shape: (34, 1), dtype: uint16
Data:[[54]
 [51]
 [50]
 [53]
 [46]
 [52]
 [57]
 [56]
 [55]
 [57]
 [52]
 [57]
 [57]
 [57]
 [57]
 [57]
 [57]
 [53]
 [45]
 [48]
 [32]
 [54]
 [51]
 [50]
 [53]
 [46]
 [53]
 [48]
 [49]
 [57]
 [51]
 [52]
 [45]
 [49]] 
------------------------ Dataset: 5cg ------------------------
shape: (39, 1), dtype: uint16
Data:[[54]
 [51]
 [52]
 [49]
 [46]
 [51]
 [51]
 [55]
 [56]
 [57]
 [54]
 [57]
 [57]
 [57]
 [57]
 [57]
 [57]
 [45]
 [48]
 [32]
 [54]
 [51]
 [52]
 [49]
 [46]
 [51]
 [52]
 [49]
 [57]
 [51]
 [57]
 [57]
 [57]
 [57]
 [57]
 [57]
 [57]
 [45]
 [49]] 
------------------------ Dataset: 5ch ------------------------
shape: (33, 1), dtype: uint16
Data:[[54]
 [53]
 [48]
 [54]
 [46]
 [52]
 [52]
 [53]
 [57]
 [52]
 [57]
 [57]
 [57]
 [57]
 [57]
 [57]
 [57]
 [45]
 [48]
 [32]
 [54]
 [53]
 [48]
 [54]
 [46]
 [52]
 [52]
 [57]
 [57]
 [49]
 [57]
 [45]
 [49]] 
------------------------ Dataset: 5ci ------------------------
shape: (27, 1), dtype: uint16
Data:[[54]
 [53]
 [50]
 [50]
 [46]
 [50]
 [54]
 [54]
 [48]
 [54]
 [51]
 [45]
 [48]
 [32]
 [54]
 [53]
 [50]
 [50]
 [46]
 [50]
 [53]
 [57]
 [53]
 [55]
 [57]
 [45]
 [49]] 
------------------------ Dataset: 5cj ------------------------
shape: (27, 1), dtype: uint16
Data:[[54]
 [48]
 [49]
 [55]
 [46]
 [56]
 [52]
 [49]
 [55]
 [55]
 [51]
 [45]
 [48]
 [32]
 [54]
 [48]
 [49]
 [55]
 [46]
 [56]
 [51]
 [55]
 [55]
 [57]
 [57]
 [45]
 [49]] 
------------------------ Dataset: 5ck ------------------------
shape: (25, 1), dtype: uint16
Data:[[54]
 [48]
 [51]
 [51]
 [46]
 [54]
 [53]
 [51]
 [54]
 [52]
 [57]
 [45]
 [48]
 [32]
 [54]
 [48]
 [51]
 [51]
 [46]
 [54]
 [53]
 [53]
 [49]
 [45]
 [49]] 
------------------------ Dataset: 5cl ------------------------
shape: (33, 1), dtype: uint16
Data:[[54]
 [48]
 [52]
 [57]
 [46]
 [50]
 [54]
 [49]
 [55]
 [48]
 [52]
 [45]
 [48]
 [32]
 [54]
 [48]
 [52]
 [57]
 [46]
 [50]
 [53]
 [54]
 [50]
 [55]
 [56]
 [57]
 [57]
 [57]
 [57]
 [57]
 [57]
 [45]
 [49]] 
------------------------ Dataset: 5cm ------------------------
shape: (13, 1), dtype: uint16
Data:[[54]
 [48]
 [54]
 [53]
 [46]
 [49]
 [51]
 [51]
 [55]
 [50]
 [51]
 [45]
 [48]] 
------------------------ Dataset: 5cn ------------------------
shape: (33, 1), dtype: uint16
Data:[[54]
 [48]
 [56]
 [49]
 [46]
 [48]
 [52]
 [53]
 [55]
 [54]
 [48]
 [57]
 [57]
 [57]
 [57]
 [57]
 [57]
 [45]
 [48]
 [32]
 [54]
 [48]
 [56]
 [49]
 [46]
 [48]
 [52]
 [49]
 [56]
 [54]
 [55]
 [45]
 [49]] 
------------------------ Dataset: 5co ------------------------
shape: (27, 1), dtype: uint16
Data:[[53]
 [54]
 [52]
 [49]
 [46]
 [55]
 [56]
 [57]
 [52]
 [57]
 [55]
 [45]
 [48]
 [32]
 [53]
 [54]
 [52]
 [49]
 [46]
 [55]
 [57]
 [51]
 [53]
 [56]
 [55]
 [45]
 [49]] 
------------------------ Dataset: 5cp ------------------------
shape: (33, 1), dtype: uint16
Data:[[53]
 [54]
 [53]
 [55]
 [46]
 [53]
 [51]
 [51]
 [53]
 [57]
 [50]
 [45]
 [48]
 [32]
 [53]
 [54]
 [53]
 [55]
 [46]
 [53]
 [50]
 [57]
 [54]
 [48]
 [48]
 [57]
 [57]
 [57]
 [57]
 [57]
 [57]
 [45]
 [49]] 
------------------------ Dataset: 5cq ------------------------
shape: (20, 1), dtype: uint16
Data:[[53]
 [54]
 [55]
 [51]
 [46]
 [50]
 [52]
 [57]
 [52]
 [56]
 [55]
 [57]
 [57]
 [57]
 [57]
 [57]
 [57]
 [53]
 [45]
 [49]] 
------------------------ Dataset: 5cr ------------------------
shape: (34, 1), dtype: uint16
Data:[[53]
 [54]
 [56]
 [57]
 [46]
 [48]
 [49]
 [53]
 [50]
 [56]
 [52]
 [45]
 [48]
 [32]
 [53]
 [54]
 [56]
 [57]
 [46]
 [48]
 [49]
 [55]
 [55]
 [54]
 [57]
 [57]
 [57]
 [57]
 [57]
 [57]
 [57]
 [53]
 [45]
 [49]] 
------------------------ Dataset: 5cs ------------------------
shape: (27, 1), dtype: uint16
Data:[[53]
 [56]
 [49]
 [53]
 [46]
 [50]
 [56]
 [49]
 [55]
 [55]
 [52]
 [45]
 [48]
 [32]
 [53]
 [56]
 [49]
 [53]
 [46]
 [50]
 [55]
 [51]
 [54]
 [51]
 [56]
 [45]
 [49]] 
------------------------ Dataset: 5ct ------------------------
shape: (27, 1), dtype: uint16
Data:[[54]
 [54]
 [48]
 [52]
 [46]
 [51]
 [54]
 [55]
 [55]
 [51]
 [50]
 [45]
 [48]
 [32]
 [54]
 [54]
 [48]
 [52]
 [46]
 [51]
 [55]
 [50]
 [54]
 [49]
 [52]
 [45]
 [49]] 
------------------------ Dataset: 5cu ------------------------
shape: (27, 1), dtype: uint16
Data:[[54]
 [54]
 [50]
 [48]
 [46]
 [51]
 [50]
 [56]
 [48]
 [50]
 [55]
 [45]
 [48]
 [32]
 [54]
 [54]
 [50]
 [48]
 [46]
 [51]
 [50]
 [50]
 [51]
 [50]
 [53]
 [45]
 [49]] 
------------------------ Dataset: 5cv ------------------------
shape: (19, 1), dtype: uint16
Data:[[54]
 [54]
 [51]
 [54]
 [46]
 [49]
 [56]
 [52]
 [48]
 [49]
 [53]
 [57]
 [57]
 [57]
 [57]
 [57]
 [57]
 [45]
 [48]] 
------------------------ Dataset: 5cw ------------------------
shape: (27, 1), dtype: uint16
Data:[[54]
 [54]
 [53]
 [49]
 [46]
 [55]
 [55]
 [56]
 [48]
 [53]
 [53]
 [45]
 [48]
 [32]
 [54]
 [54]
 [53]
 [49]
 [46]
 [55]
 [55]
 [52]
 [48]
 [56]
 [57]
 [45]
 [49]] 
------------------------ Dataset: 5cx ------------------------
shape: (27, 1), dtype: uint16
Data:[[54]
 [54]
 [54]
 [55]
 [46]
 [54]
 [50]
 [54]
 [50]
 [52]
 [52]
 [45]
 [48]
 [32]
 [54]
 [54]
 [54]
 [55]
 [46]
 [54]
 [51]
 [48]
 [49]
 [56]
 [50]
 [45]
 [49]] 
------------------------ Dataset: 5cy ------------------------
shape: (27, 1), dtype: uint16
Data:[[54]
 [54]
 [56]
 [51]
 [46]
 [53]
 [53]
 [52]
 [48]
 [56]
 [56]
 [45]
 [48]
 [32]
 [54]
 [54]
 [56]
 [51]
 [46]
 [53]
 [53]
 [48]
 [49]
 [48]
 [54]
 [45]
 [49]] 
------------------------ Dataset: 5cz ------------------------
shape: (33, 1), dtype: uint16
Data:[[53]
 [57]
 [48]
 [49]
 [46]
 [52]
 [54]
 [57]
 [55]
 [55]
 [56]
 [45]
 [48]
 [32]
 [53]
 [57]
 [48]
 [49]
 [46]
 [52]
 [54]
 [53]
 [56]
 [53]
 [57]
 [57]
 [57]
 [57]
 [57]
 [57]
 [57]
 [45]
 [49]] 
------------------------ Dataset: 5d ------------------------

shape: (1, 6), dtype: uint32
Data:[[3707764736          2          1          1        176          1]] 
------------------------ Dataset: 6cb ------------------------
shape: (33, 1), dtype: uint16
Data:[[54]
 [55]
 [54]
 [53]
 [46]
 [50]
 [52]
 [52]
 [48]
 [52]
 [49]
 [57]
 [57]
 [57]
 [57]
 [57]
 [57]
 [45]
 [48]
 [32]
 [54]
 [55]
 [54]
 [53]
 [46]
 [50]
 [52]
 [52]
 [48]
 [55]
 [56]
 [45]
 [49]] 
------------------------ Dataset: 6cc ------------------------
shape: (27, 1), dtype: uint16
Data:[[54]
 [55]
 [56]
 [49]
 [46]
 [49]
 [48]
 [50]
 [50]
 [48]
 [55]
 [45]
 [48]
 [32]
 [54]
 [55]
 [56]
 [49]
 [46]
 [48]
 [57]
 [56]
 [50]
 [54]
 [56]
 [45]
 [49]] 
------------------------ Dataset: 6cd ------------------------
shape: (27, 1), dtype: uint16
Data:[[54]
 [50]
 [57]
 [51]
 [46]
 [56]
 [52]
 [49]
 [57]
 [56]
 [52]
 [45]
 [48]
 [32]
 [54]
 [50]
 [57]
 [51]
 [46]
 [56]
 [52]
 [54]
 [48]
 [57]
 [56]
 [45]
 [49]] 
------------------------ Dataset: 6ce ------------------------
shape: (34, 1), dtype: uint16
Data:[[54]
 [51]
 [48]
 [57]
 [46]
 [54]
 [55]
 [52]
 [48]
 [48]
 [56]
 [45]
 [48]
 [32]
 [54]
 [51]
 [48]
 [57]
 [46]
 [54]
 [55]
 [49]
 [51]
 [49]
 [57]
 [57]
 [57]
 [57]
 [57]
 [57]
 [57]
 [53]
 [45]
 [49]] 
------------------------ Dataset: 6cf ------------------------
shape: (26, 1), dtype: uint16
Data:[[54]
 [51]
 [50]
 [53]
 [46]
 [53]
 [48]
 [53]
 [56]
 [53]
 [45]
 [48]
 [32]
 [54]
 [51]
 [50]
 [53]
 [46]
 [53]
 [48]
 [49]
 [57]
 [51]
 [52]
 [45]
 [49]] 
------------------------ Dataset: 6cg ------------------------
shape: (39, 1), dtype: uint16
Data:[[54]
 [51]
 [52]
 [49]
 [46]
 [51]
 [52]
 [53]
 [57]
 [49]
 [56]
 [57]
 [57]
 [57]
 [57]
 [57]
 [57]
 [45]
 [48]
 [32]
 [54]
 [51]
 [52]
 [49]
 [46]
 [51]
 [52]
 [49]
 [57]
 [51]
 [57]
 [57]
 [57]
 [57]
 [57]
 [57]
 [57]
 [45]
 [49]] 
------------------------ Dataset: 6ch ------------------------
shape: (33, 1), dtype: uint16
Data:[[54]
 [53]
 [48]
 [54]
 [46]
 [52]
 [53]
 [51]
 [57]
 [54]
 [48]
 [57]
 [57]
 [57]
 [57]
 [57]
 [57]
 [45]
 [48]
 [32]
 [54]
 [53]
 [48]
 [54]
 [46]
 [52]
 [52]
 [57]
 [57]
 [49]
 [57]
 [45]
 [49]] 
------------------------ Dataset: 6ci ------------------------
shape: (27, 1), dtype: uint16
Data:[[54]
 [53]
 [50]
 [50]
 [46]
 [50]
 [54]
 [54]
 [48]
 [54]
 [51]
 [45]
 [48]
 [32]
 [54]
 [53]
 [50]
 [50]
 [46]
 [50]
 [54]
 [54]
 [49]
 [49]
 [51]
 [45]
 [49]] 
------------------------ Dataset: 6cj ------------------------
shape: (33, 1), dtype: uint16
Data:[[54]
 [48]
 [49]
 [55]
 [46]
 [56]
 [52]
 [49]
 [55]
 [55]
 [51]
 [45]
 [48]
 [32]
 [54]
 [48]
 [49]
 [55]
 [46]
 [56]
 [52]
 [53]
 [55]
 [50]
 [55]
 [57]
 [57]
 [57]
 [57]
 [57]
 [57]
 [45]
 [49]] 
------------------------ Dataset: 6ck ------------------------
shape: (31, 1), dtype: uint16
Data:[[54]
 [48]
 [51]
 [51]
 [46]
 [54]
 [53]
 [56]
 [53]
 [57]
 [48]
 [57]
 [57]
 [57]
 [57]
 [57]
 [57]
 [45]
 [48]
 [32]
 [54]
 [48]
 [51]
 [51]
 [46]
 [54]
 [53]
 [53]
 [49]
 [45]
 [49]] 
------------------------ Dataset: 6cl ------------------------
shape: (33, 1), dtype: uint16
Data:[[54]
 [48]
 [52]
 [57]
 [46]
 [50]
 [54]
 [49]
 [55]
 [48]
 [52]
 [45]
 [48]
 [32]
 [54]
 [48]
 [52]
 [57]
 [46]
 [50]
 [55]
 [51]
 [49]
 [52]
 [50]
 [57]
 [57]
 [57]
 [57]
 [57]
 [57]
 [45]
 [49]] 
------------------------ Dataset: 6cm ------------------------
shape: (13, 1), dtype: uint16
Data:[[54]
 [48]
 [54]
 [53]
 [46]
 [49]
 [51]
 [55]
 [55]
 [50]
 [56]
 [45]
 [49]] 
------------------------ Dataset: 6cn ------------------------
shape: (33, 1), dtype: uint16
Data:[[54]
 [48]
 [56]
 [49]
 [46]
 [48]
 [52]
 [53]
 [55]
 [54]
 [48]
 [57]
 [57]
 [57]
 [57]
 [57]
 [57]
 [45]
 [48]
 [32]
 [54]
 [48]
 [56]
 [49]
 [46]
 [48]
 [52]
 [57]
 [57]
 [49]
 [49]
 [45]
 [49]] 
------------------------ Dataset: 6co ------------------------
shape: (27, 1), dtype: uint16
Data:[[53]
 [54]
 [52]
 [49]
 [46]
 [55]
 [57]
 [55]
 [55]
 [55]
 [55]
 [45]
 [48]
 [32]
 [53]
 [54]
 [52]
 [49]
 [46]
 [55]
 [57]
 [51]
 [53]
 [56]
 [55]
 [45]
 [49]] 
------------------------ Dataset: 6cp ------------------------
shape: (33, 1), dtype: uint16
Data:[[53]
 [54]
 [53]
 [55]
 [46]
 [53]
 [51]
 [51]
 [53]
 [57]
 [50]
 [45]
 [48]
 [32]
 [53]
 [54]
 [53]
 [55]
 [46]
 [53]
 [51]
 [55]
 [53]
 [53]
 [53]
 [57]
 [57]
 [57]
 [57]
 [57]
 [57]
 [45]
 [49]] 
------------------------ Dataset: 6cq ------------------------
shape: (13, 1), dtype: uint16
Data:[[53]
 [54]
 [55]
 [51]
 [46]
 [50]
 [53]
 [51]
 [54]
 [51]
 [57]
 [45]
 [48]] 
------------------------ Dataset: 6cr ------------------------
shape: (40, 1), dtype: uint16
Data:[[53]
 [54]
 [56]
 [57]
 [46]
 [48]
 [49]
 [56]
 [51]
 [49]
 [52]
 [57]
 [57]
 [57]
 [57]
 [57]
 [57]
 [45]
 [48]
 [32]
 [53]
 [54]
 [56]
 [57]
 [46]
 [48]
 [49]
 [55]
 [55]
 [54]
 [57]
 [57]
 [57]
 [57]
 [57]
 [57]
 [57]
 [53]
 [45]
 [49]] 
------------------------ Dataset: 6cs ------------------------
shape: (27, 1), dtype: uint16
Data:[[53]
 [56]
 [49]
 [53]
 [46]
 [50]
 [56]
 [49]
 [55]
 [55]
 [52]
 [45]
 [48]
 [32]
 [53]
 [56]
 [49]
 [53]
 [46]
 [50]
 [56]
 [49]
 [55]
 [55]
 [52]
 [45]
 [49]] 
------------------------ Dataset: 6ct ------------------------
shape: (27, 1), dtype: uint16
Data:[[54]
 [54]
 [48]
 [52]
 [46]
 [51]
 [55]
 [50]
 [54]
 [49]
 [52]
 [45]
 [48]
 [32]
 [54]
 [54]
 [48]
 [52]
 [46]
 [51]
 [55]
 [50]
 [54]
 [49]
 [52]
 [45]
 [49]] 
------------------------ Dataset: 6cu ------------------------
shape: (27, 1), dtype: uint16
Data:[[54]
 [54]
 [50]
 [48]
 [46]
 [51]
 [50]
 [56]
 [48]
 [50]
 [55]
 [45]
 [48]
 [32]
 [54]
 [54]
 [50]
 [48]
 [46]
 [51]
 [51]
 [48]
 [50]
 [49]
 [53]
 [45]
 [49]] 
------------------------ Dataset: 6cv ------------------------
shape: (13, 1), dtype: uint16
Data:[[54]
 [54]
 [51]
 [54]
 [46]
 [49]
 [56]
 [54]
 [50]
 [49]
 [51]
 [45]
 [49]] 
------------------------ Dataset: 6cw ------------------------
shape: (26, 1), dtype: uint16
Data:[[54]
 [54]
 [53]
 [49]
 [46]
 [55]
 [55]
 [56]
 [48]
 [53]
 [53]
 [45]
 [48]
 [32]
 [54]
 [54]
 [53]
 [49]
 [46]
 [55]
 [56]
 [50]
 [49]
 [49]
 [45]
 [49]] 
------------------------ Dataset: 6cx ------------------------
shape: (27, 1), dtype: uint16
Data:[[54]
 [54]
 [54]
 [55]
 [46]
 [54]
 [51]
 [52]
 [52]
 [57]
 [54]
 [45]
 [48]
 [32]
 [54]
 [54]
 [54]
 [55]
 [46]
 [54]
 [51]
 [48]
 [49]
 [56]
 [50]
 [45]
 [49]] 
------------------------ Dataset: 6cy ------------------------
shape: (27, 1), dtype: uint16
Data:[[54]
 [54]
 [56]
 [51]
 [46]
 [53]
 [53]
 [52]
 [48]
 [56]
 [56]
 [45]
 [48]
 [32]
 [54]
 [54]
 [56]
 [51]
 [46]
 [53]
 [53]
 [56]
 [48]
 [55]
 [50]
 [45]
 [49]] 
------------------------ Dataset: 6cz ------------------------
shape: (34, 1), dtype: uint16
Data:[[53]
 [57]
 [48]
 [49]
 [46]
 [52]
 [54]
 [57]
 [55]
 [55]
 [56]
 [45]
 [48]
 [32]
 [53]
 [57]
 [48]
 [49]
 [46]
 [52]
 [55]
 [51]
 [57]
 [57]
 [55]
 [57]
 [57]
 [57]
 [57]
 [57]
 [57]
 [53]
 [45]
 [49]] 
------------------------ Dataset: 6d ------------------------

shape: (1, 6), dtype: uint32
Data:[[3707764736          2          1          1        177          1]] 
------------------------ Dataset: 7cb ------------------------
shape: (27, 1), dtype: uint16
Data:[[54]
 [55]
 [54]
 [53]
 [46]
 [50]
 [52]
 [57]
 [50]
 [57]
 [53]
 [45]
 [48]
 [32]
 [54]
 [55]
 [54]
 [53]
 [46]
 [50]
 [52]
 [52]
 [48]
 [55]
 [56]
 [45]
 [49]] 
------------------------ Dataset: 7cc ------------------------
shape: (33, 1), dtype: uint16
Data:[[54]
 [55]
 [56]
 [49]
 [46]
 [49]
 [48]
 [50]
 [50]
 [48]
 [55]
 [45]
 [48]
 [32]
 [54]
 [55]
 [56]
 [49]
 [46]
 [49]
 [48]
 [54]
 [50]
 [53]
 [48]
 [57]
 [57]
 [57]
 [57]
 [57]
 [57]
 [45]
 [49]] 
------------------------ Dataset: 7cd ------------------------
shape: (27, 1), dtype: uint16
Data:[[54]
 [50]
 [57]
 [51]
 [46]
 [56]
 [52]
 [57]
 [57]
 [48]
 [52]
 [45]
 [48]
 [32]
 [54]
 [50]
 [57]
 [51]
 [46]
 [56]
 [52]
 [54]
 [48]
 [57]
 [56]
 [45]
 [49]] 
------------------------ Dataset: 7ce ------------------------
shape: (27, 1), dtype: uint16
Data:[[54]
 [51]
 [48]
 [57]
 [46]
 [54]
 [55]
 [52]
 [48]
 [48]
 [56]
 [45]
 [48]
 [32]
 [54]
 [51]
 [48]
 [57]
 [46]
 [54]
 [55]
 [55]
 [57]
 [50]
 [53]
 [45]
 [49]] 
------------------------ Dataset: 7cf ------------------------
shape: (32, 1), dtype: uint16
Data:[[54]
 [51]
 [50]
 [53]
 [46]
 [53]
 [48]
 [53]
 [56]
 [53]
 [45]
 [48]
 [32]
 [54]
 [51]
 [50]
 [53]
 [46]
 [53]
 [48]
 [57]
 [56]
 [57]
 [52]
 [57]
 [57]
 [57]
 [57]
 [57]
 [57]
 [45]
 [49]] 
------------------------ Dataset: 7cg ------------------------
shape: (33, 1), dtype: uint16
Data:[[54]
 [51]
 [52]
 [49]
 [46]
 [51]
 [52]
 [53]
 [57]
 [49]
 [56]
 [57]
 [57]
 [57]
 [57]
 [57]
 [57]
 [45]
 [48]
 [32]
 [54]
 [51]
 [52]
 [49]
 [46]
 [51]
 [53]
 [49]
 [50]
 [49]
 [50]
 [45]
 [49]] 
------------------------ Dataset: 7ch ------------------------
shape: (40, 1), dtype: uint16
Data:[[54]
 [53]
 [48]
 [54]
 [46]
 [52]
 [53]
 [51]
 [57]
 [54]
 [48]
 [57]
 [57]
 [57]
 [57]
 [57]
 [57]
 [45]
 [48]
 [32]
 [54]
 [53]
 [48]
 [54]
 [46]
 [52]
 [53]
 [55]
 [57]
 [54]
 [57]
 [57]
 [57]
 [57]
 [57]
 [57]
 [57]
 [53]
 [45]
 [49]] 
------------------------ Dataset: 7ci ------------------------
shape: (33, 1), dtype: uint16
Data:[[54]
 [53]
 [50]
 [50]
 [46]
 [50]
 [54]
 [57]
 [57]
 [48]
 [55]
 [57]
 [57]
 [57]
 [57]
 [57]
 [57]
 [45]
 [48]
 [32]
 [54]
 [53]
 [50]
 [50]
 [46]
 [50]
 [54]
 [54]
 [49]
 [49]
 [51]
 [45]
 [49]] 
------------------------ Dataset: 7cj ------------------------
shape: (33, 1), dtype: uint16
Data:[[54]
 [48]
 [49]
 [55]
 [46]
 [56]
 [52]
 [57]
 [55]
 [50]
 [49]
 [45]
 [48]
 [32]
 [54]
 [48]
 [49]
 [55]
 [46]
 [56]
 [52]
 [53]
 [55]
 [50]
 [55]
 [57]
 [57]
 [57]
 [57]
 [57]
 [57]
 [45]
 [49]] 
------------------------ Dataset: 7ck ------------------------
shape: (13, 1), dtype: uint16
Data:[[54]
 [48]
 [51]
 [51]
 [46]
 [54]
 [54]
 [50]
 [48]
 [52]
 [50]
 [45]
 [49]] 
------------------------ Dataset: 7cl ------------------------
shape: (40, 1), dtype: uint16
Data:[[54]
 [48]
 [52]
 [57]
 [46]
 [50]
 [55]
 [50]
 [50]
 [48]
 [50]
 [57]
 [57]
 [57]
 [57]
 [57]
 [57]
 [53]
 [45]
 [48]
 [32]
 [54]
 [48]
 [52]
 [57]
 [46]
 [50]
 [55]
 [51]
 [49]
 [52]
 [50]
 [57]
 [57]
 [57]
 [57]
 [57]
 [57]
 [45]
 [49]] 
------------------------ Dataset: 7cm ------------------------
shape: (19, 1), dtype: uint16
Data:[[54]
 [48]
 [54]
 [53]
 [46]
 [49]
 [52]
 [49]
 [56]
 [48]
 [55]
 [57]
 [57]
 [57]
 [57]
 [57]
 [57]
 [45]
 [48]] 
------------------------ Dataset: 7cn ------------------------
shape: (26, 1), dtype: uint16
Data:[[54]
 [48]
 [56]
 [49]
 [46]
 [48]
 [53]
 [52]
 [53]
 [49]
 [45]
 [48]
 [32]
 [54]
 [48]
 [56]
 [49]
 [46]
 [48]
 [52]
 [57]
 [57]
 [49]
 [49]
 [45]
 [49]] 
------------------------ Dataset: 7co ------------------------
shape: (34, 1), dtype: uint16
Data:[[53]
 [54]
 [52]
 [49]
 [46]
 [55]
 [57]
 [55]
 [55]
 [55]
 [55]
 [45]
 [48]
 [32]
 [53]
 [54]
 [52]
 [49]
 [46]
 [56]
 [48]
 [53]
 [52]
 [57]
 [57]
 [57]
 [57]
 [57]
 [57]
 [57]
 [57]
 [53]
 [45]
 [49]] 
------------------------ Dataset: 7cp ------------------------
shape: (40, 1), dtype: uint16
Data:[[53]
 [54]
 [53]
 [55]
 [46]
 [53]
 [52]
 [49]
 [53]
 [56]
 [48]
 [57]
 [57]
 [57]
 [57]
 [57]
 [57]
 [53]
 [45]
 [48]
 [32]
 [53]
 [54]
 [53]
 [55]
 [46]
 [53]
 [51]
 [55]
 [53]
 [53]
 [53]
 [57]
 [57]
 [57]
 [57]
 [57]
 [57]
 [45]
 [49]] 
------------------------ Dataset: 7cq ------------------------
shape: (19, 1), dtype: uint16
Data:[[53]
 [54]
 [55]
 [51]
 [46]
 [50]
 [53]
 [55]
 [54]
 [48]
 [48]
 [57]
 [57]
 [57]
 [57]
 [57]
 [57]
 [45]
 [49]] 
------------------------ Dataset: 7cr ------------------------
shape: (33, 1), dtype: uint16
Data:[[53]
 [54]
 [56]
 [57]
 [46]
 [48]
 [49]
 [56]
 [51]
 [49]
 [52]
 [57]
 [57]
 [57]
 [57]
 [57]
 [57]
 [45]
 [48]
 [32]
 [53]
 [54]
 [56]
 [57]
 [46]
 [48]
 [50]
 [53]
 [53]
 [52]
 [56]
 [45]
 [49]] 
------------------------ Dataset: 7cs ------------------------
shape: (26, 1), dtype: uint16
Data:[[53]
 [56]
 [49]
 [53]
 [46]
 [50]
 [56]
 [49]
 [55]
 [55]
 [52]
 [45]
 [48]
 [32]
 [53]
 [56]
 [49]
 [53]
 [46]
 [50]
 [56]
 [57]
 [55]
 [49]
 [45]
 [49]] 
------------------------ Dataset: 7ct ------------------------
shape: (33, 1), dtype: uint16
Data:[[54]
 [54]
 [48]
 [52]
 [46]
 [51]
 [55]
 [50]
 [54]
 [49]
 [52]
 [45]
 [48]
 [32]
 [54]
 [54]
 [48]
 [52]
 [46]
 [51]
 [55]
 [56]
 [53]
 [52]
 [54]
 [57]
 [57]
 [57]
 [57]
 [57]
 [57]
 [45]
 [49]] 
------------------------ Dataset: 7cu ------------------------
shape: (27, 1), dtype: uint16
Data:[[54]
 [54]
 [50]
 [48]
 [46]
 [51]
 [51]
 [52]
 [48]
 [50]
 [55]
 [45]
 [48]
 [32]
 [54]
 [54]
 [50]
 [48]
 [46]
 [51]
 [51]
 [48]
 [50]
 [49]
 [53]
 [45]
 [49]] 
------------------------ Dataset: 7cv ------------------------
shape: (12, 1), dtype: uint16
Data:[[54]
 [54]
 [51]
 [54]
 [46]
 [49]
 [57]
 [48]
 [48]
 [57]
 [45]
 [48]] 
------------------------ Dataset: 7cw ------------------------
shape: (26, 1), dtype: uint16
Data:[[54]
 [54]
 [53]
 [49]
 [46]
 [55]
 [56]
 [56]
 [57]
 [53]
 [53]
 [45]
 [48]
 [32]
 [54]
 [54]
 [53]
 [49]
 [46]
 [55]
 [56]
 [50]
 [49]
 [49]
 [45]
 [49]] 
------------------------ Dataset: 7cx ------------------------
shape: (33, 1), dtype: uint16
Data:[[54]
 [54]
 [54]
 [55]
 [46]
 [54]
 [51]
 [52]
 [52]
 [57]
 [54]
 [45]
 [48]
 [32]
 [54]
 [54]
 [54]
 [55]
 [46]
 [54]
 [51]
 [56]
 [48]
 [57]
 [55]
 [57]
 [57]
 [57]
 [57]
 [57]
 [57]
 [45]
 [49]] 
------------------------ Dataset: 7cy ------------------------
shape: (27, 1), dtype: uint16
Data:[[54]
 [54]
 [56]
 [51]
 [46]
 [53]
 [54]
 [50]
 [48]
 [57]
 [52]
 [45]
 [48]
 [32]
 [54]
 [54]
 [56]
 [51]
 [46]
 [53]
 [53]
 [56]
 [48]
 [55]
 [50]
 [45]
 [49]] 
------------------------ Dataset: 7cz ------------------------
shape: (34, 1), dtype: uint16
Data:[[53]
 [57]
 [48]
 [49]
 [46]
 [52]
 [56]
 [50]
 [51]
 [56]
 [57]
 [45]
 [48]
 [32]
 [53]
 [57]
 [48]
 [49]
 [46]
 [52]
 [55]
 [51]
 [57]
 [57]
 [55]
 [57]
 [57]
 [57]
 [57]
 [57]
 [57]
 [53]
 [45]
 [49]] 
------------------------ Dataset: 7d ------------------------

shape: (1, 6), dtype: uint32
Data:[[3707764736          2          1          1        178          1]] 
------------------------ Dataset: 8cb ------------------------
shape: (33, 1), dtype: uint16
Data:[[54]
 [55]
 [54]
 [53]
 [46]
 [50]
 [52]
 [57]
 [50]
 [57]
 [53]
 [45]
 [48]
 [32]
 [54]
 [55]
 [54]
 [53]
 [46]
 [50]
 [53]
 [48]
 [49]
 [52]
 [53]
 [57]
 [57]
 [57]
 [57]
 [57]
 [57]
 [45]
 [49]] 
------------------------ Dataset: 8cc ------------------------
shape: (33, 1), dtype: uint16
Data:[[54]
 [55]
 [56]
 [49]
 [46]
 [49]
 [49]
 [48]
 [48]
 [54]
 [53]
 [45]
 [48]
 [32]
 [54]
 [55]
 [56]
 [49]
 [46]
 [49]
 [48]
 [54]
 [50]
 [53]
 [48]
 [57]
 [57]
 [57]
 [57]
 [57]
 [57]
 [45]
 [49]] 
------------------------ Dataset: 8cd ------------------------
shape: (34, 1), dtype: uint16
Data:[[54]
 [50]
 [57]
 [51]
 [46]
 [56]
 [52]
 [57]
 [57]
 [48]
 [52]
 [45]
 [48]
 [32]
 [54]
 [50]
 [57]
 [51]
 [46]
 [56]
 [53]
 [51]
 [57]
 [56]
 [54]
 [57]
 [57]
 [57]
 [57]
 [57]
 [57]
 [53]
 [45]
 [49]] 
------------------------ Dataset: 8ce ------------------------
shape: (27, 1), dtype: uint16
Data:[[54]
 [51]
 [48]
 [57]
 [46]
 [54]
 [56]
 [50]
 [54]
 [53]
 [51]
 [45]
 [48]
 [32]
 [54]
 [51]
 [48]
 [57]
 [46]
 [54]
 [55]
 [55]
 [57]
 [50]
 [53]
 [45]
 [49]] 
------------------------ Dataset: 8cf ------------------------
shape: (40, 1), dtype: uint16
Data:[[54]
 [51]
 [50]
 [53]
 [46]
 [53]
 [49]
 [52]
 [48]
 [57]
 [52]
 [57]
 [57]
 [57]
 [57]
 [57]
 [57]
 [53]
 [45]
 [48]
 [32]
 [54]
 [51]
 [50]
 [53]
 [46]
 [53]
 [48]
 [57]
 [56]
 [57]
 [52]
 [57]
 [57]
 [57]
 [57]
 [57]
 [57]
 [45]
 [49]] 
------------------------ Dataset: 8cg ------------------------
shape: (33, 1), dtype: uint16
Data:[[54]
 [51]
 [52]
 [49]
 [46]
 [51]
 [53]
 [56]
 [55]
 [53]
 [55]
 [57]
 [57]
 [57]
 [57]
 [57]
 [57]
 [45]
 [48]
 [32]
 [54]
 [51]
 [52]
 [49]
 [46]
 [51]
 [53]
 [49]
 [50]
 [49]
 [50]
 [45]
 [49]] 
------------------------ Dataset: 8ch ------------------------
shape: (40, 1), dtype: uint16
Data:[[54]
 [53]
 [48]
 [54]
 [46]
 [52]
 [54]
 [50]
 [50]
 [57]
 [57]
 [57]
 [57]
 [57]
 [57]
 [57]
 [57]
 [45]
 [48]
 [32]
 [54]
 [53]
 [48]
 [54]
 [46]
 [52]
 [53]
 [55]
 [57]
 [54]
 [57]
 [57]
 [57]
 [57]
 [57]
 [57]
 [57]
 [53]
 [45]
 [49]] 
------------------------ Dataset: 8ci ------------------------
shape: (33, 1), dtype: uint16
Data:[[54]
 [53]
 [50]
 [50]
 [46]
 [50]
 [54]
 [57]
 [57]
 [48]
 [55]
 [57]
 [57]
 [57]
 [57]
 [57]
 [57]
 [45]
 [48]
 [32]
 [54]
 [53]
 [50]
 [50]
 [46]
 [50]
 [55]
 [53]
 [52]
 [56]
 [49]
 [45]
 [49]] 
------------------------ Dataset: 8cj ------------------------
shape: (33, 1), dtype: uint16
Data:[[54]
 [48]
 [49]
 [55]
 [46]
 [56]
 [52]
 [57]
 [55]
 [50]
 [49]
 [45]
 [48]
 [32]
 [54]
 [48]
 [49]
 [55]
 [46]
 [56]
 [53]
 [51]
 [55]
 [49]
 [52]
 [57]
 [57]
 [57]
 [57]
 [57]
 [57]
 [45]
 [49]] 
------------------------ Dataset: 8ck ------------------------
shape: (40, 1), dtype: uint16
Data:[[54]
 [48]
 [51]
 [51]
 [46]
 [54]
 [53]
 [56]
 [53]
 [57]
 [48]
 [57]
 [57]
 [57]
 [57]
 [57]
 [57]
 [45]
 [48]
 [32]
 [54]
 [48]
 [51]
 [51]
 [46]
 [54]
 [54]
 [57]
 [55]
 [54]
 [49]
 [57]
 [57]
 [57]
 [57]
 [57]
 [57]
 [53]
 [45]
 [49]] 
------------------------ Dataset: 8cl ------------------------
shape: (33, 1), dtype: uint16
Data:[[54]
 [48]
 [52]
 [57]
 [46]
 [50]
 [56]
 [48]
 [48]
 [56]
 [49]
 [45]
 [48]
 [32]
 [54]
 [48]
 [52]
 [57]
 [46]
 [50]
 [55]
 [51]
 [49]
 [52]
 [50]
 [57]
 [57]
 [57]
 [57]
 [57]
 [57]
 [45]
 [49]] 
------------------------ Dataset: 8cm ------------------------
shape: (13, 1), dtype: uint16
Data:[[54]
 [48]
 [54]
 [53]
 [46]
 [49]
 [52]
 [54]
 [50]
 [48]
 [53]
 [45]
 [49]] 
------------------------ Dataset: 8cn ------------------------
shape: (25, 1), dtype: uint16
Data:[[54]
 [48]
 [56]
 [49]
 [46]
 [48]
 [53]
 [52]
 [53]
 [49]
 [45]
 [48]
 [32]
 [54]
 [48]
 [56]
 [49]
 [46]
 [48]
 [53]
 [55]
 [55]
 [56]
 [45]
 [49]] 
------------------------ Dataset: 8co ------------------------
shape: (33, 1), dtype: uint16
Data:[[53]
 [54]
 [52]
 [49]
 [46]
 [56]
 [48]
 [53]
 [52]
 [54]
 [45]
 [48]
 [32]
 [53]
 [54]
 [52]
 [49]
 [46]
 [56]
 [48]
 [53]
 [52]
 [57]
 [57]
 [57]
 [57]
 [57]
 [57]
 [57]
 [57]
 [53]
 [45]
 [49]] 
------------------------ Dataset: 8cp ------------------------
shape: (40, 1), dtype: uint16
Data:[[53]
 [54]
 [53]
 [55]
 [46]
 [53]
 [52]
 [49]
 [53]
 [56]
 [48]
 [57]
 [57]
 [57]
 [57]
 [57]
 [57]
 [53]
 [45]
 [48]
 [32]
 [53]
 [54]
 [53]
 [55]
 [46]
 [53]
 [52]
 [53]
 [55]
 [49]
 [55]
 [57]
 [57]
 [57]
 [57]
 [57]
 [57]
 [45]
 [49]] 
------------------------ Dataset: 8cq ------------------------
shape: (13, 1), dtype: uint16
Data:[[53]
 [54]
 [55]
 [51]
 [46]
 [50]
 [54]
 [49]
 [55]
 [52]
 [55]
 [45]
 [48]] 
------------------------ Dataset: 8cr ------------------------
shape: (33, 1), dtype: uint16
Data:[[53]
 [54]
 [56]
 [57]
 [46]
 [48]
 [50]
 [53]
 [53]
 [53]
 [52]
 [57]
 [57]
 [57]
 [57]
 [57]
 [57]
 [45]
 [48]
 [32]
 [53]
 [54]
 [56]
 [57]
 [46]
 [48]
 [50]
 [53]
 [53]
 [52]
 [56]
 [45]
 [49]] 
------------------------ Dataset: 8cs ------------------------
shape: (26, 1), dtype: uint16
Data:[[53]
 [56]
 [49]
 [53]
 [46]
 [50]
 [56]
 [57]
 [54]
 [57]
 [49]
 [45]
 [48]
 [32]
 [53]
 [56]
 [49]
 [53]
 [46]
 [50]
 [56]
 [57]
 [55]
 [49]
 [45]
 [49]] 
------------------------ Dataset: 8ct ------------------------
shape: (33, 1), dtype: uint16
Data:[[54]
 [54]
 [48]
 [52]
 [46]
 [51]
 [55]
 [55]
 [49]
 [48]
 [49]
 [45]
 [48]
 [32]
 [54]
 [54]
 [48]
 [52]
 [46]
 [51]
 [55]
 [56]
 [53]
 [52]
 [54]
 [57]
 [57]
 [57]
 [57]
 [57]
 [57]
 [45]
 [49]] 
------------------------ Dataset: 8cu ------------------------
shape: (34, 1), dtype: uint16
Data:[[54]
 [54]
 [50]
 [48]
 [46]
 [51]
 [51]
 [52]
 [48]
 [50]
 [55]
 [45]
 [48]
 [32]
 [54]
 [54]
 [50]
 [48]
 [46]
 [51]
 [51]
 [56]
 [48]
 [54]
 [48]
 [57]
 [57]
 [57]
 [57]
 [57]
 [57]
 [53]
 [45]
 [49]] 
------------------------ Dataset: 8cv ------------------------
shape: (13, 1), dtype: uint16
Data:[[54]
 [54]
 [51]
 [54]
 [46]
 [49]
 [57]
 [52]
 [50]
 [54]
 [57]
 [45]
 [49]] 
------------------------ Dataset: 8cw ------------------------
shape: (27, 1), dtype: uint16
Data:[[54]
 [54]
 [53]
 [49]
 [46]
 [55]
 [56]
 [56]
 [57]
 [53]
 [53]
 [45]
 [48]
 [32]
 [54]
 [54]
 [53]
 [49]
 [46]
 [55]
 [57]
 [48]
 [48]
 [54]
 [49]
 [45]
 [49]] 
------------------------ Dataset: 8cx ------------------------
shape: (33, 1), dtype: uint16
Data:[[54]
 [54]
 [54]
 [55]
 [46]
 [54]
 [52]
 [50]
 [49]
 [57]
 [57]
 [45]
 [48]
 [32]
 [54]
 [54]
 [54]
 [55]
 [46]
 [54]
 [51]
 [56]
 [48]
 [57]
 [55]
 [57]
 [57]
 [57]
 [57]
 [57]
 [57]
 [45]
 [49]] 
------------------------ Dataset: 8cy ------------------------
shape: (27, 1), dtype: uint16
Data:[[54]
 [54]
 [56]
 [51]
 [46]
 [53]
 [54]
 [50]
 [48]
 [57]
 [52]
 [45]
 [48]
 [32]
 [54]
 [54]
 [56]
 [51]
 [46]
 [53]
 [54]
 [54]
 [49]
 [50]
 [55]
 [45]
 [49]] 
------------------------ Dataset: 8cz ------------------------
shape: (26, 1), dtype: uint16
Data:[[53]
 [57]
 [48]
 [49]
 [46]
 [52]
 [56]
 [50]
 [51]
 [56]
 [57]
 [45]
 [48]
 [32]
 [53]
 [57]
 [48]
 [49]
 [46]
 [52]
 [56]
 [50]
 [52]
 [52]
 [45]
 [49]] 
------------------------ Dataset: 8d ------------------------

shape: (1, 6), dtype: uint32
Data:[[3707764736          2          1          1        179          1]] 
------------------------ Dataset: 9cb ------------------------
shape: (33, 1), dtype: uint16
Data:[[54]
 [55]
 [54]
 [53]
 [46]
 [50]
 [53]
 [52]
 [49]
 [56]
 [50]
 [45]
 [48]
 [32]
 [54]
 [55]
 [54]
 [53]
 [46]
 [50]
 [53]
 [48]
 [49]
 [52]
 [53]
 [57]
 [57]
 [57]
 [57]
 [57]
 [57]
 [45]
 [49]] 
------------------------ Dataset: 9cc ------------------------
shape: (27, 1), dtype: uint16
Data:[[54]
 [55]
 [56]
 [49]
 [46]
 [49]
 [49]
 [48]
 [48]
 [54]
 [53]
 [45]
 [48]
 [32]
 [54]
 [55]
 [56]
 [49]
 [46]
 [49]
 [49]
 [52]
 [49]
 [49]
 [54]
 [45]
 [49]] 
------------------------ Dataset: 9cd ------------------------
shape: (41, 1), dtype: uint16
Data:[[54]
 [50]
 [57]
 [51]
 [46]
 [56]
 [53]
 [55]
 [57]
 [51]
 [56]
 [57]
 [57]
 [57]
 [57]
 [57]
 [57]
 [53]
 [45]
 [48]
 [32]
 [54]
 [50]
 [57]
 [51]
 [46]
 [56]
 [53]
 [51]
 [57]
 [56]
 [54]
 [57]
 [57]
 [57]
 [57]
 [57]
 [57]
 [53]
 [45]
 [49]] 
------------------------ Dataset: 9ce ------------------------
shape: (34, 1), dtype: uint16
Data:[[54]
 [51]
 [48]
 [57]
 [46]
 [54]
 [56]
 [50]
 [54]
 [53]
 [51]
 [45]
 [48]
 [32]
 [54]
 [51]
 [48]
 [57]
 [46]
 [54]
 [56]
 [55]
 [53]
 [54]
 [50]
 [57]
 [57]
 [57]
 [57]
 [57]
 [57]
 [53]
 [45]
 [49]] 
------------------------ Dataset: 9cf ------------------------
shape: (34, 1), dtype: uint16
Data:[[54]
 [51]
 [50]
 [53]
 [46]
 [53]
 [49]
 [52]
 [48]
 [57]
 [52]
 [57]
 [57]
 [57]
 [57]
 [57]
 [57]
 [53]
 [45]
 [48]
 [32]
 [54]
 [51]
 [50]
 [53]
 [46]
 [53]
 [49]
 [55]
 [57]
 [52]
 [53]
 [45]
 [49]] 
------------------------ Dataset: 9cg ------------------------
shape: (33, 1), dtype: uint16
Data:[[54]
 [51]
 [52]
 [49]
 [46]
 [51]
 [53]
 [56]
 [55]
 [53]
 [55]
 [57]
 [57]
 [57]
 [57]
 [57]
 [57]
 [45]
 [48]
 [32]
 [54]
 [51]
 [52]
 [49]
 [46]
 [51]
 [54]
 [51]
 [52]
 [51]
 [49]
 [45]
 [49]] 
------------------------ Dataset: 9ch ------------------------
shape: (33, 1), dtype: uint16
Data:[[54]
 [53]
 [48]
 [54]
 [46]
 [52]
 [54]
 [50]
 [50]
 [57]
 [57]
 [57]
 [57]
 [57]
 [57]
 [57]
 [57]
 [45]
 [48]
 [32]
 [54]
 [53]
 [48]
 [54]
 [46]
 [52]
 [55]
 [50]
 [49]
 [55]
 [51]
 [45]
 [49]] 
------------------------ Dataset: 9ci ------------------------
shape: (33, 1), dtype: uint16
Data:[[54]
 [53]
 [50]
 [50]
 [46]
 [50]
 [55]
 [56]
 [49]
 [49]
 [50]
 [57]
 [57]
 [57]
 [57]
 [57]
 [57]
 [45]
 [48]
 [32]
 [54]
 [53]
 [50]
 [50]
 [46]
 [50]
 [55]
 [53]
 [52]
 [56]
 [49]
 [45]
 [49]] 
------------------------ Dataset: 9cj ------------------------
shape: (33, 1), dtype: uint16
Data:[[54]
 [48]
 [49]
 [55]
 [46]
 [56]
 [54]
 [52]
 [52]
 [51]
 [52]
 [45]
 [48]
 [32]
 [54]
 [48]
 [49]
 [55]
 [46]
 [56]
 [53]
 [51]
 [55]
 [49]
 [52]
 [57]
 [57]
 [57]
 [57]
 [57]
 [57]
 [45]
 [49]] 
------------------------ Dataset: 9ck ------------------------
shape: (33, 1), dtype: uint16
Data:[[54]
 [48]
 [51]
 [51]
 [46]
 [54]
 [54]
 [53]
 [56]
 [55]
 [45]
 [48]
 [32]
 [54]
 [48]
 [51]
 [51]
 [46]
 [54]
 [54]
 [57]
 [55]
 [54]
 [49]
 [57]
 [57]
 [57]
 [57]
 [57]
 [57]
 [53]
 [45]
 [49]] 
------------------------ Dataset: 9cl ------------------------
shape: (27, 1), dtype: uint16
Data:[[54]
 [48]
 [52]
 [57]
 [46]
 [50]
 [56]
 [48]
 [48]
 [56]
 [49]
 [45]
 [48]
 [32]
 [54]
 [48]
 [52]
 [57]
 [46]
 [50]
 [55]
 [57]
 [55]
 [57]
 [57]
 [45]
 [49]] 
------------------------ Dataset: 9cm ------------------------
shape: (19, 1), dtype: uint16
Data:[[54]
 [48]
 [54]
 [53]
 [46]
 [49]
 [53]
 [48]
 [49]
 [53]
 [49]
 [57]
 [57]
 [57]
 [57]
 [57]
 [57]
 [45]
 [48]] 
------------------------ Dataset: 9cn ------------------------
shape: (33, 1), dtype: uint16
Data:[[54]
 [48]
 [56]
 [49]
 [46]
 [48]
 [54]
 [50]
 [48]
 [52]
 [57]
 [57]
 [57]
 [57]
 [57]
 [57]
 [57]
 [53]
 [45]
 [48]
 [32]
 [54]
 [48]
 [56]
 [49]
 [46]
 [48]
 [53]
 [55]
 [55]
 [56]
 [45]
 [49]] 
------------------------ Dataset: 9co ------------------------
shape: (34, 1), dtype: uint16
Data:[[53]
 [54]
 [52]
 [49]
 [46]
 [56]
 [49]
 [52]
 [56]
 [51]
 [50]
 [45]
 [48]
 [32]
 [53]
 [54]
 [52]
 [49]
 [46]
 [56]
 [48]
 [53]
 [52]
 [57]
 [57]
 [57]
 [57]
 [57]
 [57]
 [57]
 [57]
 [53]
 [45]
 [49]] 
------------------------ Dataset: 9cp ------------------------
shape: (33, 1), dtype: uint16
Data:[[53]
 [54]
 [53]
 [55]
 [46]
 [53]
 [52]
 [57]
 [53]
 [57]
 [56]
 [45]
 [48]
 [32]
 [53]
 [54]
 [53]
 [55]
 [46]
 [53]
 [52]
 [53]
 [55]
 [49]
 [55]
 [57]
 [57]
 [57]
 [57]
 [57]
 [57]
 [45]
 [49]] 
------------------------ Dataset: 9cq ------------------------
shape: (20, 1), dtype: uint16
Data:[[53]
 [54]
 [55]
 [51]
 [46]
 [50]
 [54]
 [53]
 [56]
 [50]
 [52]
 [57]
 [57]
 [57]
 [57]
 [57]
 [57]
 [53]
 [45]
 [49]] 
------------------------ Dataset: 9cr ------------------------
shape: (33, 1), dtype: uint16
Data:[[53]
 [54]
 [56]
 [57]
 [46]
 [48]
 [50]
 [53]
 [53]
 [53]
 [52]
 [57]
 [57]
 [57]
 [57]
 [57]
 [57]
 [45]
 [48]
 [32]
 [53]
 [54]
 [56]
 [57]
 [46]
 [48]
 [51]
 [51]
 [54]
 [49]
 [51]
 [45]
 [49]] 
------------------------ Dataset: 9cs ------------------------
shape: (26, 1), dtype: uint16
Data:[[53]
 [56]
 [49]
 [53]
 [46]
 [51]
 [48]
 [51]
 [52]
 [57]
 [55]
 [45]
 [48]
 [32]
 [53]
 [56]
 [49]
 [53]
 [46]
 [50]
 [56]
 [57]
 [55]
 [49]
 [45]
 [49]] 
------------------------ Dataset: 9ct ------------------------
shape: (33, 1), dtype: uint16
Data:[[54]
 [54]
 [48]
 [52]
 [46]
 [51]
 [56]
 [50]
 [51]
 [50]
 [56]
 [45]
 [48]
 [32]
 [54]
 [54]
 [48]
 [52]
 [46]
 [51]
 [55]
 [56]
 [53]
 [52]
 [54]
 [57]
 [57]
 [57]
 [57]
 [57]
 [57]
 [45]
 [49]] 
------------------------ Dataset: 9cu ------------------------
shape: (34, 1), dtype: uint16
Data:[[54]
 [54]
 [50]
 [48]
 [46]
 [51]
 [52]
 [49]
 [57]
 [55]
 [51]
 [45]
 [48]
 [32]
 [54]
 [54]
 [50]
 [48]
 [46]
 [51]
 [51]
 [56]
 [48]
 [54]
 [48]
 [57]
 [57]
 [57]
 [57]
 [57]
 [57]
 [53]
 [45]
 [49]] 
------------------------ Dataset: 9cv ------------------------
shape: (13, 1), dtype: uint16
Data:[[54]
 [54]
 [51]
 [54]
 [46]
 [49]
 [57]
 [56]
 [49]
 [50]
 [55]
 [45]
 [48]] 
------------------------ Dataset: 9cw ------------------------
shape: (26, 1), dtype: uint16
Data:[[54]
 [54]
 [53]
 [49]
 [46]
 [55]
 [57]
 [52]
 [49]
 [53]
 [45]
 [48]
 [32]
 [54]
 [54]
 [53]
 [49]
 [46]
 [55]
 [57]
 [48]
 [48]
 [54]
 [49]
 [45]
 [49]] 
------------------------ Dataset: 9cx ------------------------
shape: (33, 1), dtype: uint16
Data:[[54]
 [54]
 [54]
 [55]
 [46]
 [54]
 [52]
 [50]
 [49]
 [57]
 [57]
 [45]
 [48]
 [32]
 [54]
 [54]
 [54]
 [55]
 [46]
 [54]
 [52]
 [54]
 [49]
 [48]
 [48]
 [57]
 [57]
 [57]
 [57]
 [57]
 [57]
 [45]
 [49]] 
------------------------ Dataset: 9cy ------------------------
shape: (33, 1), dtype: uint16
Data:[[54]
 [54]
 [56]
 [51]
 [46]
 [53]
 [55]
 [48]
 [50]
 [55]
 [50]
 [57]
 [57]
 [57]
 [57]
 [57]
 [57]
 [45]
 [48]
 [32]
 [54]
 [54]
 [56]
 [51]
 [46]
 [53]
 [54]
 [54]
 [49]
 [50]
 [55]
 [45]
 [49]] 
------------------------ Dataset: 9cz ------------------------
shape: (26, 1), dtype: uint16
Data:[[53]
 [57]
 [48]
 [49]
 [46]
 [52]
 [56]
 [53]
 [56]
 [55]
 [51]
 [45]
 [48]
 [32]
 [53]
 [57]
 [48]
 [49]
 [46]
 [52]
 [56]
 [50]
 [52]
 [52]
 [45]
 [49]] 
------------------------ Dataset: 9d ------------------------

shape: (1, 6), dtype: uint32
Data:[[3707764736          2          1          1        180          1]] 
------------------------ Dataset: 0cb ------------------------
shape: (27, 1), dtype: uint16
Data:[[54]
 [55]
 [54]
 [53]
 [46]
 [50]
 [53]
 [52]
 [49]
 [56]
 [50]
 [45]
 [48]
 [32]
 [54]
 [55]
 [54]
 [53]
 [46]
 [50]
 [53]
 [56]
 [49]
 [54]
 [49]
 [45]
 [49]] 
------------------------ Dataset: 0cc ------------------------
shape: (27, 1), dtype: uint16
Data:[[54]
 [55]
 [56]
 [49]
 [46]
 [49]
 [49]
 [56]
 [49]
 [51]
 [54]
 [45]
 [48]
 [32]
 [54]
 [55]
 [56]
 [49]
 [46]
 [49]
 [49]
 [52]
 [49]
 [49]
 [54]
 [45]
 [49]] 
------------------------ Dataset: 0cd ------------------------
shape: (40, 1), dtype: uint16
Data:[[54]
 [50]
 [57]
 [51]
 [46]
 [56]
 [53]
 [55]
 [57]
 [51]
 [56]
 [57]
 [57]
 [57]
 [57]
 [57]
 [57]
 [53]
 [45]
 [48]
 [32]
 [54]
 [50]
 [57]
 [51]
 [46]
 [56]
 [54]
 [51]
 [49]
 [52]
 [57]
 [57]
 [57]
 [57]
 [57]
 [57]
 [57]
 [45]
 [49]] 
------------------------ Dataset: 0ce ------------------------
shape: (34, 1), dtype: uint16
Data:[[54]
 [51]
 [48]
 [57]
 [46]
 [54]
 [57]
 [48]
 [54]
 [52]
 [53]
 [45]
 [48]
 [32]
 [54]
 [51]
 [48]
 [57]
 [46]
 [54]
 [56]
 [55]
 [53]
 [54]
 [50]
 [57]
 [57]
 [57]
 [57]
 [57]
 [57]
 [53]
 [45]
 [49]] 
------------------------ Dataset: 0cf ------------------------
shape: (24, 1), dtype: uint16
Data:[[54]
 [51]
 [50]
 [53]
 [46]
 [53]
 [50]
 [50]
 [45]
 [48]
 [32]
 [54]
 [51]
 [50]
 [53]
 [46]
 [53]
 [49]
 [55]
 [57]
 [52]
 [53]
 [45]
 [49]] 
------------------------ Dataset: 0cg ------------------------
shape: (27, 1), dtype: uint16
Data:[[54]
 [51]
 [52]
 [49]
 [46]
 [51]
 [55]
 [48]
 [56]
 [56]
 [52]
 [45]
 [48]
 [32]
 [54]
 [51]
 [52]
 [49]
 [46]
 [51]
 [54]
 [51]
 [52]
 [51]
 [49]
 [45]
 [49]] 
------------------------ Dataset: 0ch ------------------------
shape: (27, 1), dtype: uint16
Data:[[54]
 [53]
 [48]
 [54]
 [46]
 [52]
 [55]
 [50]
 [50]
 [57]
 [57]
 [45]
 [48]
 [32]
 [54]
 [53]
 [48]
 [54]
 [46]
 [52]
 [55]
 [50]
 [49]
 [55]
 [51]
 [45]
 [49]] 
------------------------ Dataset: 0ci ------------------------
shape: (32, 1), dtype: uint16
Data:[[54]
 [53]
 [50]
 [50]
 [46]
 [50]
 [55]
 [56]
 [49]
 [49]
 [50]
 [57]
 [57]
 [57]
 [57]
 [57]
 [57]
 [45]
 [48]
 [32]
 [54]
 [53]
 [50]
 [50]
 [46]
 [50]
 [56]
 [50]
 [48]
 [49]
 [45]
 [49]] 
------------------------ Dataset: 0cj ------------------------
shape: (26, 1), dtype: uint16
Data:[[54]
 [48]
 [49]
 [55]
 [46]
 [56]
 [54]
 [52]
 [52]
 [51]
 [52]
 [45]
 [48]
 [32]
 [54]
 [48]
 [49]
 [55]
 [46]
 [56]
 [54]
 [52]
 [52]
 [57]
 [45]
 [49]] 
------------------------ Dataset: 0ck ------------------------
shape: (34, 1), dtype: uint16
Data:[[54]
 [48]
 [51]
 [51]
 [46]
 [54]
 [55]
 [51]
 [55]
 [51]
 [51]
 [45]
 [48]
 [32]
 [54]
 [48]
 [51]
 [51]
 [46]
 [54]
 [54]
 [57]
 [55]
 [54]
 [49]
 [57]
 [57]
 [57]
 [57]
 [57]
 [57]
 [53]
 [45]
 [49]] 
------------------------ Dataset: 0cl ------------------------
shape: (27, 1), dtype: uint16
Data:[[54]
 [48]
 [52]
 [57]
 [46]
 [50]
 [56]
 [48]
 [48]
 [56]
 [49]
 [45]
 [48]
 [32]
 [54]
 [48]
 [52]
 [57]
 [46]
 [50]
 [56]
 [53]
 [51]
 [57]
 [55]
 [45]
 [49]] 
------------------------ Dataset: 0cm ------------------------
shape: (19, 1), dtype: uint16
Data:[[54]
 [48]
 [54]
 [53]
 [46]
 [49]
 [53]
 [51]
 [56]
 [49]
 [51]
 [57]
 [57]
 [57]
 [57]
 [57]
 [57]
 [45]
 [49]] 
------------------------ Dataset: 0cn ------------------------
shape: (40, 1), dtype: uint16
Data:[[54]
 [48]
 [56]
 [49]
 [46]
 [48]
 [54]
 [50]
 [48]
 [52]
 [57]
 [57]
 [57]
 [57]
 [57]
 [57]
 [57]
 [53]
 [45]
 [48]
 [32]
 [54]
 [48]
 [56]
 [49]
 [46]
 [48]
 [54]
 [53]
 [56]
 [52]
 [55]
 [57]
 [57]
 [57]
 [57]
 [57]
 [57]
 [45]
 [49]] 
------------------------ Dataset: 0co ------------------------
shape: (27, 1), dtype: uint16
Data:[[53]
 [54]
 [52]
 [49]
 [46]
 [56]
 [49]
 [52]
 [56]
 [51]
 [50]
 [45]
 [48]
 [32]
 [53]
 [54]
 [52]
 [49]
 [46]
 [56]
 [49]
 [52]
 [56]
 [48]
 [56]
 [45]
 [49]] 
------------------------ Dataset: 0cp ------------------------
shape: (33, 1), dtype: uint16
Data:[[53]
 [54]
 [53]
 [55]
 [46]
 [53]
 [52]
 [57]
 [53]
 [57]
 [56]
 [45]
 [48]
 [32]
 [53]
 [54]
 [53]
 [55]
 [46]
 [53]
 [54]
 [48]
 [48]
 [55]
 [57]
 [57]
 [57]
 [57]
 [57]
 [57]
 [57]
 [45]
 [49]] 
------------------------ Dataset: 0cq ------------------------
shape: (19, 1), dtype: uint16
Data:[[53]
 [54]
 [55]
 [51]
 [46]
 [50]
 [54]
 [57]
 [55]
 [53]
 [49]
 [57]
 [57]
 [57]
 [57]
 [57]
 [57]
 [45]
 [48]] 
------------------------ Dataset: 0cr ------------------------
shape: (27, 1), dtype: uint16
Data:[[53]
 [54]
 [56]
 [57]
 [46]
 [48]
 [51]
 [51]
 [54]
 [49]
 [51]
 [45]
 [48]
 [32]
 [53]
 [54]
 [56]
 [57]
 [46]
 [48]
 [51]
 [51]
 [54]
 [49]
 [51]
 [45]
 [49]] 
------------------------ Dataset: 0cs ------------------------
shape: (27, 1), dtype: uint16
Data:[[53]
 [56]
 [49]
 [53]
 [46]
 [51]
 [48]
 [51]
 [52]
 [57]
 [55]
 [45]
 [48]
 [32]
 [53]
 [56]
 [49]
 [53]
 [46]
 [50]
 [57]
 [57]
 [53]
 [54]
 [52]
 [45]
 [49]] 
------------------------ Dataset: 0ct ------------------------
shape: (27, 1), dtype: uint16
Data:[[54]
 [54]
 [48]
 [52]
 [46]
 [51]
 [56]
 [50]
 [51]
 [50]
 [56]
 [45]
 [48]
 [32]
 [54]
 [54]
 [48]
 [52]
 [46]
 [51]
 [56]
 [54]
 [50]
 [55]
 [53]
 [45]
 [49]] 
------------------------ Dataset: 0cu ------------------------
shape: (33, 1), dtype: uint16
Data:[[54]
 [54]
 [50]
 [48]
 [46]
 [51]
 [52]
 [49]
 [57]
 [55]
 [51]
 [45]
 [48]
 [32]
 [54]
 [54]
 [50]
 [48]
 [46]
 [51]
 [52]
 [54]
 [48]
 [56]
 [50]
 [57]
 [57]
 [57]
 [57]
 [57]
 [57]
 [45]
 [49]] 
------------------------ Dataset: 0cv ------------------------
shape: (12, 1), dtype: uint16
Data:[[54]
 [54]
 [51]
 [54]
 [46]
 [50]
 [48]
 [50]
 [50]
 [51]
 [45]
 [49]] 
------------------------ Dataset: 0cw ------------------------
shape: (32, 1), dtype: uint16
Data:[[54]
 [54]
 [53]
 [49]
 [46]
 [55]
 [57]
 [52]
 [49]
 [53]
 [45]
 [48]
 [32]
 [54]
 [54]
 [53]
 [49]
 [46]
 [55]
 [57]
 [56]
 [48]
 [57]
 [50]
 [57]
 [57]
 [57]
 [57]
 [57]
 [57]
 [45]
 [49]] 
------------------------ Dataset: 0cx ------------------------
shape: (33, 1), dtype: uint16
Data:[[54]
 [54]
 [54]
 [55]
 [46]
 [54]
 [53]
 [48]
 [48]
 [52]
 [49]
 [45]
 [48]
 [32]
 [54]
 [54]
 [54]
 [55]
 [46]
 [54]
 [52]
 [54]
 [49]
 [48]
 [48]
 [57]
 [57]
 [57]
 [57]
 [57]
 [57]
 [45]
 [49]] 
------------------------ Dataset: 0cy ------------------------
shape: (39, 1), dtype: uint16
Data:[[54]
 [54]
 [56]
 [51]
 [46]
 [53]
 [55]
 [48]
 [50]
 [55]
 [50]
 [57]
 [57]
 [57]
 [57]
 [57]
 [57]
 [45]
 [48]
 [32]
 [54]
 [54]
 [56]
 [51]
 [46]
 [53]
 [55]
 [52]
 [55]
 [50]
 [54]
 [57]
 [57]
 [57]
 [57]
 [57]
 [57]
 [45]
 [49]] 
------------------------ Dataset: 0cz ------------------------
shape: (27, 1), dtype: uint16
Data:[[53]
 [57]
 [48]
 [49]
 [46]
 [52]
 [56]
 [53]
 [56]
 [55]
 [51]
 [45]
 [48]
 [32]
 [53]
 [57]
 [48]
 [49]
 [46]
 [52]
 [56]
 [57]
 [54]
 [56]
 [51]
 [45]
 [49]] 
------------------------ Dataset: 0db ------------------------
shape: (33, 1), dtype: uint16
Data:[[54]
 [55]
 [54]
 [53]
 [46]
 [53]
 [49]
 [56]
 [50]
 [48]
 [52]
 [45]
 [48]
 [32]
 [54]
 [55]
 [54]
 [53]
 [46]
 [53]
 [50]
 [50]
 [49]
 [50]
 [49]
 [57]
 [57]
 [57]
 [57]
 [57]
 [57]
 [45]
 [49]] 
------------------------ Dataset: 0dc ------------------------
shape: (33, 1), dtype: uint16
Data:[[54]
 [55]
 [56]
 [49]
 [46]
 [51]
 [54]
 [54]
 [48]
 [51]
 [53]
 [57]
 [57]
 [57]
 [57]
 [57]
 [57]
 [45]
 [48]
 [32]
 [54]
 [55]
 [56]
 [49]
 [46]
 [51]
 [54]
 [50]
 [48]
 [53]
 [54]
 [45]
 [49]] 
------------------------ Dataset: 0dd ------------------------
shape: (33, 1), dtype: uint16
Data:[[54]
 [50]
 [57]
 [52]
 [46]
 [49]
 [49]
 [56]
 [48]
 [50]
 [48]
 [57]
 [57]
 [57]
 [57]
 [57]
 [57]
 [45]
 [48]
 [32]
 [54]
 [50]
 [57]
 [52]
 [46]
 [49]
 [49]
 [52]
 [51]
 [50]
 [53]
 [45]
 [49]] 
------------------------ Dataset: 0de ------------------------
shape: (34, 1), dtype: uint16
Data:[[54]
 [51]
 [48]
 [57]
 [46]
 [57]
 [52]
 [54]
 [53]
 [57]
 [52]
 [45]
 [48]
 [32]
 [54]
 [51]
 [48]
 [57]
 [46]
 [57]
 [51]
 [55]
 [57]
 [51]
 [48]
 [57]
 [57]
 [57]
 [57]
 [57]
 [57]
 [53]
 [45]
 [49]] 
------------------------ Dataset: 0df ------------------------
shape: (26, 1), dtype: uint16
Data:[[54]
 [51]
 [50]
 [53]
 [46]
 [55]
 [57]
 [48]
 [48]
 [53]
 [45]
 [48]
 [32]
 [54]
 [51]
 [50]
 [53]
 [46]
 [55]
 [56]
 [54]
 [48]
 [53]
 [54]
 [45]
 [49]] 
------------------------ Dataset: 0dg ------------------------
shape: (27, 1), dtype: uint16
Data:[[54]
 [51]
 [52]
 [49]
 [46]
 [54]
 [49]
 [56]
 [49]
 [49]
 [49]
 [45]
 [48]
 [32]
 [54]
 [51]
 [52]
 [49]
 [46]
 [54]
 [49]
 [56]
 [49]
 [49]
 [49]
 [45]
 [49]] 
------------------------ Dataset: 0dh ------------------------
shape: (39, 1), dtype: uint16
Data:[[54]
 [53]
 [48]
 [54]
 [46]
 [55]
 [51]
 [48]
 [52]
 [48]
 [52]
 [57]
 [57]
 [57]
 [57]
 [57]
 [57]
 [45]
 [48]
 [32]
 [54]
 [53]
 [48]
 [54]
 [46]
 [55]
 [51]
 [53]
 [48]
 [56]
 [57]
 [57]
 [57]
 [57]
 [57]
 [57]
 [57]
 [45]
 [49]] 
------------------------ Dataset: 0di ------------------------
shape: (32, 1), dtype: uint16
Data:[[54]
 [53]
 [50]
 [50]
 [46]
 [53]
 [52]
 [53]
 [57]
 [53]
 [45]
 [48]
 [32]
 [54]
 [53]
 [50]
 [50]
 [46]
 [53]
 [52]
 [50]
 [48]
 [48]
 [52]
 [57]
 [57]
 [57]
 [57]
 [57]
 [57]
 [45]
 [49]] 
------------------------ Dataset: 0dj ------------------------
shape: (33, 1), dtype: uint16
Data:[[54]
 [48]
 [49]
 [56]
 [46]
 [49]
 [50]
 [53]
 [51]
 [57]
 [50]
 [45]
 [48]
 [32]
 [54]
 [48]
 [49]
 [56]
 [46]
 [49]
 [49]
 [56]
 [54]
 [51]
 [53]
 [57]
 [57]
 [57]
 [57]
 [57]
 [57]
 [45]
 [49]] 
------------------------ Dataset: 0dk ------------------------
shape: (34, 1), dtype: uint16
Data:[[54]
 [48]
 [51]
 [51]
 [46]
 [57]
 [50]
 [49]
 [54]
 [55]
 [54]
 [45]
 [48]
 [32]
 [54]
 [48]
 [51]
 [51]
 [46]
 [57]
 [49]
 [55]
 [55]
 [54]
 [50]
 [57]
 [57]
 [57]
 [57]
 [57]
 [57]
 [53]
 [45]
 [49]] 
------------------------ Dataset: 0dl ------------------------
shape: (33, 1), dtype: uint16
Data:[[54]
 [48]
 [52]
 [57]
 [46]
 [53]
 [50]
 [57]
 [55]
 [56]
 [56]
 [57]
 [57]
 [57]
 [57]
 [57]
 [57]
 [45]
 [48]
 [32]
 [54]
 [48]
 [52]
 [57]
 [46]
 [53]
 [51]
 [51]
 [56]
 [50]
 [52]
 [45]
 [49]] 
------------------------ Dataset: 0dm ------------------------
shape: (13, 1), dtype: uint16
Data:[[54]
 [48]
 [54]
 [53]
 [46]
 [52]
 [49]
 [51]
 [54]
 [56]
 [57]
 [45]
 [49]] 
------------------------ Dataset: 0dn ------------------------
shape: (33, 1), dtype: uint16
Data:[[54]
 [48]
 [56]
 [49]
 [46]
 [51]
 [53]
 [51]
 [55]
 [57]
 [50]
 [57]
 [57]
 [57]
 [57]
 [57]
 [57]
 [45]
 [48]
 [32]
 [54]
 [48]
 [56]
 [49]
 [46]
 [51]
 [52]
 [57]
 [55]
 [55]
 [53]
 [45]
 [49]] 
------------------------ Dataset: 0do ------------------------
shape: (25, 1), dtype: uint16
Data:[[53]
 [54]
 [52]
 [50]
 [46]
 [48]
 [55]
 [51]
 [55]
 [56]
 [45]
 [48]
 [32]
 [53]
 [54]
 [52]
 [50]
 [46]
 [48]
 [54]
 [57]
 [54]
 [49]
 [45]
 [49]] 
------------------------ Dataset: 0dp ------------------------
shape: (33, 1), dtype: uint16
Data:[[53]
 [54]
 [53]
 [55]
 [46]
 [56]
 [48]
 [57]
 [53]
 [49]
 [56]
 [57]
 [57]
 [57]
 [57]
 [57]
 [57]
 [45]
 [48]
 [32]
 [53]
 [54]
 [53]
 [55]
 [46]
 [56]
 [48]
 [53]
 [55]
 [49]
 [52]
 [45]
 [49]] 
------------------------ Dataset: 0dq ------------------------
shape: (33, 1), dtype: uint16
Data:[[53]
 [54]
 [55]
 [51]
 [46]
 [53]
 [50]
 [53]
 [55]
 [56]
 [48]
 [57]
 [57]
 [57]
 [57]
 [57]
 [57]
 [45]
 [48]
 [32]
 [53]
 [54]
 [55]
 [51]
 [46]
 [53]
 [50]
 [57]
 [54]
 [53]
 [54]
 [45]
 [49]] 
------------------------ Dataset: 0dr ------------------------
shape: (27, 1), dtype: uint16
Data:[[53]
 [54]
 [56]
 [57]
 [46]
 [51]
 [48]
 [49]
 [53]
 [49]
 [55]
 [45]
 [48]
 [32]
 [53]
 [54]
 [56]
 [57]
 [46]
 [50]
 [57]
 [55]
 [53]
 [53]
 [55]
 [45]
 [49]] 
------------------------ Dataset: 0ds ------------------------
shape: (1, 1), dtype: float64
Data:[[2446.]] 
------------------------ Dataset: 0dt ------------------------
shape: (27, 1), dtype: uint16
Data:[[54]
 [54]
 [48]
 [52]
 [46]
 [54]
 [51]
 [48]
 [49]
 [51]
 [57]
 [45]
 [48]
 [32]
 [54]
 [54]
 [48]
 [52]
 [46]
 [54]
 [51]
 [52]
 [49]
 [48]
 [53]
 [45]
 [49]] 
------------------------ Dataset: 0du ------------------------
shape: (26, 1), dtype: uint16
Data:[[54]
 [54]
 [50]
 [48]
 [46]
 [54]
 [49]
 [52]
 [49]
 [56]
 [45]
 [48]
 [32]
 [54]
 [54]
 [50]
 [48]
 [46]
 [54]
 [49]
 [50]
 [53]
 [56]
 [53]
 [45]
 [49]] 
------------------------ Dataset: 0dv ------------------------
shape: (33, 1), dtype: uint16
Data:[[54]
 [54]
 [51]
 [54]
 [46]
 [52]
 [53]
 [57]
 [52]
 [56]
 [52]
 [57]
 [57]
 [57]
 [57]
 [57]
 [57]
 [45]
 [48]
 [32]
 [54]
 [54]
 [51]
 [54]
 [46]
 [52]
 [53]
 [48]
 [48]
 [49]
 [52]
 [45]
 [49]] 
------------------------ Dataset: 0dw ------------------------
shape: (33, 1), dtype: uint16
Data:[[54]
 [54]
 [53]
 [50]
 [46]
 [48]
 [53]
 [57]
 [53]
 [57]
 [56]
 [57]
 [57]
 [57]
 [57]
 [57]
 [57]
 [45]
 [48]
 [32]
 [54]
 [54]
 [53]
 [50]
 [46]
 [48]
 [53]
 [54]
 [53]
 [49]
 [49]
 [45]
 [49]] 
------------------------ Dataset: 0dx ------------------------
shape: (34, 1), dtype: uint16
Data:[[54]
 [54]
 [54]
 [55]
 [46]
 [57]
 [48]
 [54]
 [56]
 [57]
 [53]
 [57]
 [57]
 [57]
 [57]
 [57]
 [57]
 [53]
 [45]
 [48]
 [32]
 [54]
 [54]
 [54]
 [55]
 [46]
 [57]
 [48]
 [54]
 [57]
 [51]
 [53]
 [45]
 [49]] 
------------------------ Dataset: 0dy ------------------------
shape: (27, 1), dtype: uint16
Data:[[54]
 [54]
 [56]
 [51]
 [46]
 [56]
 [51]
 [48]
 [48]
 [50]
 [55]
 [45]
 [48]
 [32]
 [54]
 [54]
 [56]
 [51]
 [46]
 [56]
 [50]
 [54]
 [48]
 [53]
 [49]
 [45]
 [49]] 
------------------------ Dataset: 0dz ------------------------
shape: (33, 1), dtype: uint16
Data:[[53]
 [57]
 [48]
 [49]
 [46]
 [55]
 [52]
 [57]
 [55]
 [55]
 [51]
 [45]
 [48]
 [32]
 [53]
 [57]
 [48]
 [49]
 [46]
 [55]
 [53]
 [56]
 [52]
 [53]
 [55]
 [57]
 [57]
 [57]
 [57]
 [57]
 [57]
 [45]
 [49]] 
------------------------ Dataset: 0e ------------------------

