shape: (1, 6), dtype: uint32
Data:[[3707764736          2          1          1        281          1]] 
------------------------ Dataset: Peb ------------------------
shape: (33, 1), dtype: uint16
Data:[[54]
 [55]
 [54]
 [53]
 [46]
 [54]
 [57]
 [56]
 [48]
 [55]
 [52]
 [57]
 [57]
 [57]
 [57]
 [57]
 [57]
 [45]
 [48]
 [32]
 [54]
 [55]
 [54]
 [53]
 [46]
 [54]
 [57]
 [52]
 [51]
 [49]
 [53]
 [45]
 [49]] 
------------------------ Dataset: Pec ------------------------
shape: (39, 1), dtype: uint16
Data:[[54]
 [55]
 [56]
 [49]
 [46]
 [53]
 [53]
 [52]
 [51]
 [49]
 [57]
 [57]
 [57]
 [57]
 [57]
 [57]
 [57]
 [45]
 [48]
 [32]
 [54]
 [55]
 [56]
 [49]
 [46]
 [53]
 [53]
 [48]
 [49]
 [50]
 [48]
 [57]
 [57]
 [57]
 [57]
 [57]
 [57]
 [45]
 [49]] 
------------------------ Dataset: Ped ------------------------
shape: (33, 1), dtype: uint16
Data:[[54]
 [50]
 [57]
 [52]
 [46]
 [50]
 [57]
 [51]
 [57]
 [48]
 [54]
 [57]
 [57]
 [57]
 [57]
 [57]
 [57]
 [45]
 [48]
 [32]
 [54]
 [50]
 [57]
 [52]
 [46]
 [50]
 [56]
 [57]
 [56]
 [55]
 [56]
 [45]
 [49]] 
------------------------ Dataset: Pee ------------------------
shape: (39, 1), dtype: uint16
Data:[[54]
 [51]
 [49]
 [48]
 [46]
 [49]
 [49]
 [54]
 [57]
 [51]
 [53]
 [57]
 [57]
 [57]
 [57]
 [57]
 [57]
 [45]
 [48]
 [32]
 [54]
 [51]
 [49]
 [48]
 [46]
 [49]
 [49]
 [54]
 [56]
 [55]
 [56]
 [57]
 [57]
 [57]
 [57]
 [57]
 [57]
 [45]
 [49]] 
------------------------ Dataset: Pef ------------------------
shape: (27, 1), dtype: uint16
Data:[[54]
 [51]
 [50]
 [53]
 [46]
 [57]
 [55]
 [49]
 [50]
 [49]
 [56]
 [45]
 [48]
 [32]
 [54]
 [51]
 [50]
 [53]
 [46]
 [57]
 [54]
 [49]
 [57]
 [51]
 [55]
 [45]
 [49]] 
------------------------ Dataset: Peg ------------------------
shape: (27, 1), dtype: uint16
Data:[[54]
 [51]
 [52]
 [49]
 [46]
 [55]
 [56]
 [57]
 [57]
 [51]
 [54]
 [45]
 [48]
 [32]
 [54]
 [51]
 [52]
 [49]
 [46]
 [55]
 [57]
 [51]
 [57]
 [52]
 [57]
 [45]
 [49]] 
------------------------ Dataset: Peh ------------------------
shape: (27, 1), dtype: uint16
Data:[[54]
 [53]
 [48]
 [54]
 [46]
 [57]
 [48]
 [48]
 [54]
 [55]
 [53]
 [45]
 [48]
 [32]
 [54]
 [53]
 [48]
 [54]
 [46]
 [57]
 [48]
 [50]
 [49]
 [54]
 [54]
 [45]
 [49]] 
------------------------ Dataset: Pei ------------------------
shape: (39, 1), dtype: uint16
Data:[[54]
 [53]
 [50]
 [50]
 [46]
 [55]
 [50]
 [50]
 [55]
 [51]
 [49]
 [57]
 [57]
 [57]
 [57]
 [57]
 [57]
 [45]
 [48]
 [32]
 [54]
 [53]
 [50]
 [50]
 [46]
 [55]
 [49]
 [51]
 [48]
 [53]
 [55]
 [57]
 [57]
 [57]
 [57]
 [57]
 [57]
 [45]
 [49]] 
------------------------ Dataset: Pej ------------------------
shape: (27, 1), dtype: uint16
Data:[[54]
 [48]
 [49]
 [56]
 [46]
 [50]
 [56]
 [53]
 [55]
 [56]
 [55]
 [45]
 [48]
 [32]
 [54]
 [48]
 [49]
 [56]
 [46]
 [50]
 [56]
 [57]
 [55]
 [57]
 [50]
 [45]
 [49]] 
------------------------ Dataset: Pek ------------------------
shape: (27, 1), dtype: uint16
Data:[[54]
 [48]
 [51]
 [52]
 [46]
 [48]
 [57]
 [52]
 [57]
 [56]
 [54]
 [45]
 [48]
 [32]
 [54]
 [48]
 [51]
 [52]
 [46]
 [48]
 [56]
 [57]
 [54]
 [57]
 [53]
 [45]
 [49]] 
------------------------ Dataset: Pel ------------------------
shape: (33, 1), dtype: uint16
Data:[[54]
 [48]
 [52]
 [57]
 [46]
 [54]
 [57]
 [55]
 [55]
 [56]
 [54]
 [45]
 [48]
 [32]
 [54]
 [48]
 [52]
 [57]
 [46]
 [55]
 [48]
 [49]
 [55]
 [52]
 [57]
 [57]
 [57]
 [57]
 [57]
 [57]
 [57]
 [45]
 [49]] 
------------------------ Dataset: Pem ------------------------
shape: (25, 1), dtype: uint16
Data:[[54]
 [48]
 [54]
 [53]
 [46]
 [53]
 [57]
 [53]
 [49]
 [45]
 [48]
 [32]
 [54]
 [48]
 [54]
 [53]
 [46]
 [53]
 [57]
 [56]
 [52]
 [51]
 [53]
 [45]
 [49]] 
------------------------ Dataset: Pen ------------------------
shape: (27, 1), dtype: uint16
Data:[[54]
 [48]
 [56]
 [49]
 [46]
 [53]
 [51]
 [55]
 [56]
 [57]
 [51]
 [45]
 [48]
 [32]
 [54]
 [48]
 [56]
 [49]
 [46]
 [53]
 [52]
 [49]
 [55]
 [57]
 [53]
 [45]
 [49]] 
------------------------ Dataset: Peo ------------------------
shape: (33, 1), dtype: uint16
Data:[[53]
 [54]
 [52]
 [50]
 [46]
 [50]
 [52]
 [50]
 [55]
 [55]
 [56]
 [57]
 [57]
 [57]
 [57]
 [57]
 [57]
 [45]
 [48]
 [32]
 [53]
 [54]
 [52]
 [50]
 [46]
 [50]
 [52]
 [50]
 [55]
 [53]
 [54]
 [45]
 [49]] 
------------------------ Dataset: Pep ------------------------
shape: (39, 1), dtype: uint16
Data:[[53]
 [54]
 [53]
 [55]
 [46]
 [57]
 [56]
 [53]
 [54]
 [56]
 [54]
 [57]
 [57]
 [57]
 [57]
 [57]
 [57]
 [45]
 [48]
 [32]
 [53]
 [54]
 [53]
 [55]
 [46]
 [57]
 [55]
 [53]
 [52]
 [56]
 [50]
 [57]
 [57]
 [57]
 [57]
 [57]
 [57]
 [45]
 [49]] 
------------------------ Dataset: Peq ------------------------
shape: (27, 1), dtype: uint16
Data:[[53]
 [54]
 [55]
 [51]
 [46]
 [55]
 [48]
 [49]
 [54]
 [57]
 [54]
 [45]
 [48]
 [32]
 [53]
 [54]
 [55]
 [51]
 [46]
 [55]
 [48]
 [50]
 [48]
 [56]
 [52]
 [45]
 [49]] 
------------------------ Dataset: Per ------------------------
shape: (27, 1), dtype: uint16
Data:[[53]
 [54]
 [56]
 [57]
 [46]
 [52]
 [54]
 [57]
 [53]
 [53]
 [57]
 [45]
 [48]
 [32]
 [53]
 [54]
 [56]
 [57]
 [46]
 [52]
 [54]
 [53]
 [53]
 [56]
 [52]
 [45]
 [49]] 
------------------------ Dataset: Pes ------------------------
shape: (27, 1), dtype: uint16
Data:[[54]
 [52]
 [49]
 [50]
 [46]
 [55]
 [53]
 [48]
 [49]
 [52]
 [52]
 [45]
 [48]
 [32]
 [54]
 [52]
 [49]
 [50]
 [46]
 [55]
 [52]
 [53]
 [57]
 [57]
 [49]
 [45]
 [49]] 
------------------------ Dataset: Pet ------------------------
shape: (13, 1), dtype: uint16
Data:[[54]
 [54]
 [48]
 [52]
 [46]
 [56]
 [48]
 [54]
 [49]
 [51]
 [53]
 [45]
 [49]] 
------------------------ Dataset: Peu ------------------------
shape: (39, 1), dtype: uint16
Data:[[54]
 [54]
 [50]
 [48]
 [46]
 [55]
 [56]
 [54]
 [48]
 [52]
 [53]
 [57]
 [57]
 [57]
 [57]
 [57]
 [57]
 [45]
 [48]
 [32]
 [54]
 [54]
 [50]
 [48]
 [46]
 [55]
 [56]
 [50]
 [48]
 [53]
 [51]
 [57]
 [57]
 [57]
 [57]
 [57]
 [57]
 [45]
 [49]] 
------------------------ Dataset: Pev ------------------------
shape: (27, 1), dtype: uint16
Data:[[54]
 [54]
 [51]
 [54]
 [46]
 [54]
 [51]
 [52]
 [56]
 [54]
 [56]
 [45]
 [48]
 [32]
 [54]
 [54]
 [51]
 [54]
 [46]
 [54]
 [51]
 [56]
 [49]
 [55]
 [57]
 [45]
 [49]] 
------------------------ Dataset: Pew ------------------------
shape: (34, 1), dtype: uint16
Data:[[54]
 [54]
 [53]
 [50]
 [46]
 [50]
 [49]
 [52]
 [49]
 [56]
 [51]
 [57]
 [57]
 [57]
 [57]
 [57]
 [57]
 [53]
 [45]
 [48]
 [32]
 [54]
 [54]
 [53]
 [50]
 [46]
 [50]
 [51]
 [48]
 [51]
 [52]
 [56]
 [45]
 [49]] 
------------------------ Dataset: Pex ------------------------
shape: (27, 1), dtype: uint16
Data:[[54]
 [54]
 [54]
 [56]
 [46]
 [48]
 [56]
 [54]
 [49]
 [51]
 [56]
 [45]
 [48]
 [32]
 [54]
 [54]
 [54]
 [56]
 [46]
 [48]
 [56]
 [50]
 [49]
 [51]
 [49]
 [45]
 [49]] 
------------------------ Dataset: Pey ------------------------
shape: (33, 1), dtype: uint16
Data:[[54]
 [54]
 [56]
 [51]
 [46]
 [57]
 [57]
 [56]
 [49]
 [48]
 [51]
 [57]
 [57]
 [57]
 [57]
 [57]
 [57]
 [45]
 [48]
 [32]
 [54]
 [54]
 [56]
 [51]
 [46]
 [57]
 [57]
 [52]
 [49]
 [52]
 [57]
 [45]
 [49]] 
------------------------ Dataset: Pez ------------------------
shape: (40, 1), dtype: uint16
Data:[[53]
 [57]
 [48]
 [49]
 [46]
 [57]
 [50]
 [57]
 [54]
 [53]
 [48]
 [57]
 [57]
 [57]
 [57]
 [57]
 [57]
 [53]
 [45]
 [48]
 [32]
 [53]
 [57]
 [48]
 [49]
 [46]
 [57]
 [50]
 [55]
 [48]
 [48]
 [49]
 [57]
 [57]
 [57]
 [57]
 [57]
 [57]
 [45]
 [49]] 
------------------------ Dataset: Pf ------------------------

shape: (1, 6), dtype: uint32
Data:[[3707764736          2          1          1        282          1]] 
------------------------ Dataset: Qeb ------------------------
shape: (33, 1), dtype: uint16
Data:[[54]
 [55]
 [54]
 [53]
 [46]
 [54]
 [57]
 [56]
 [48]
 [55]
 [52]
 [57]
 [57]
 [57]
 [57]
 [57]
 [57]
 [45]
 [48]
 [32]
 [54]
 [55]
 [54]
 [53]
 [46]
 [55]
 [48]
 [50]
 [50]
 [52]
 [51]
 [45]
 [49]] 
------------------------ Dataset: Qec ------------------------
shape: (33, 1), dtype: uint16
Data:[[54]
 [55]
 [56]
 [49]
 [46]
 [53]
 [53]
 [52]
 [51]
 [49]
 [57]
 [57]
 [57]
 [57]
 [57]
 [57]
 [57]
 [45]
 [48]
 [32]
 [54]
 [55]
 [56]
 [49]
 [46]
 [53]
 [53]
 [56]
 [50]
 [52]
 [52]
 [45]
 [49]] 
------------------------ Dataset: Qed ------------------------
shape: (40, 1), dtype: uint16
Data:[[54]
 [50]
 [57]
 [52]
 [46]
 [50]
 [57]
 [51]
 [57]
 [48]
 [54]
 [57]
 [57]
 [57]
 [57]
 [57]
 [57]
 [45]
 [48]
 [32]
 [54]
 [50]
 [57]
 [52]
 [46]
 [50]
 [57]
 [55]
 [56]
 [56]
 [56]
 [57]
 [57]
 [57]
 [57]
 [57]
 [57]
 [53]
 [45]
 [49]] 
------------------------ Dataset: Qee ------------------------
shape: (33, 1), dtype: uint16
Data:[[54]
 [51]
 [49]
 [48]
 [46]
 [49]
 [49]
 [54]
 [57]
 [51]
 [53]
 [57]
 [57]
 [57]
 [57]
 [57]
 [57]
 [45]
 [48]
 [32]
 [54]
 [51]
 [49]
 [48]
 [46]
 [49]
 [50]
 [48]
 [54]
 [54]
 [52]
 [45]
 [49]] 
------------------------ Dataset: Qef ------------------------
shape: (27, 1), dtype: uint16
Data:[[54]
 [51]
 [50]
 [53]
 [46]
 [57]
 [55]
 [49]
 [50]
 [49]
 [56]
 [45]
 [48]
 [32]
 [54]
 [51]
 [50]
 [53]
 [46]
 [57]
 [55]
 [50]
 [56]
 [57]
 [53]
 [45]
 [49]] 
------------------------ Dataset: Qeg ------------------------
shape: (27, 1), dtype: uint16
Data:[[54]
 [51]
 [52]
 [49]
 [46]
 [55]
 [57]
 [56]
 [49]
 [54]
 [57]
 [45]
 [48]
 [32]
 [54]
 [51]
 [52]
 [49]
 [46]
 [55]
 [57]
 [51]
 [57]
 [52]
 [57]
 [45]
 [49]] 
------------------------ Dataset: Qeh ------------------------
shape: (33, 1), dtype: uint16
Data:[[54]
 [53]
 [48]
 [54]
 [46]
 [57]
 [48]
 [54]
 [53]
 [52]
 [48]
 [57]
 [57]
 [57]
 [57]
 [57]
 [57]
 [45]
 [48]
 [32]
 [54]
 [53]
 [48]
 [54]
 [46]
 [57]
 [48]
 [50]
 [49]
 [54]
 [54]
 [45]
 [49]] 
------------------------ Dataset: Qei ------------------------
shape: (33, 1), dtype: uint16
Data:[[54]
 [53]
 [50]
 [50]
 [46]
 [55]
 [50]
 [50]
 [55]
 [51]
 [49]
 [57]
 [57]
 [57]
 [57]
 [57]
 [57]
 [45]
 [48]
 [32]
 [54]
 [53]
 [50]
 [50]
 [46]
 [55]
 [50]
 [52]
 [50]
 [52]
 [49]
 [45]
 [49]] 
------------------------ Dataset: Qej ------------------------
shape: (27, 1), dtype: uint16
Data:[[54]
 [48]
 [49]
 [56]
 [46]
 [50]
 [57]
 [51]
 [55]
 [50]
 [57]
 [45]
 [48]
 [32]
 [54]
 [48]
 [49]
 [56]
 [46]
 [50]
 [56]
 [57]
 [55]
 [57]
 [50]
 [45]
 [49]] 
------------------------ Dataset: Qek ------------------------
shape: (27, 1), dtype: uint16
Data:[[54]
 [48]
 [51]
 [52]
 [46]
 [48]
 [57]
 [52]
 [57]
 [56]
 [54]
 [45]
 [48]
 [32]
 [54]
 [48]
 [51]
 [52]
 [46]
 [48]
 [57]
 [57]
 [55]
 [50]
 [49]
 [45]
 [49]] 
------------------------ Dataset: Qel ------------------------
shape: (39, 1), dtype: uint16
Data:[[54]
 [48]
 [52]
 [57]
 [46]
 [55]
 [48]
 [53]
 [57]
 [55]
 [56]
 [57]
 [57]
 [57]
 [57]
 [57]
 [57]
 [45]
 [48]
 [32]
 [54]
 [48]
 [52]
 [57]
 [46]
 [55]
 [48]
 [49]
 [55]
 [52]
 [57]
 [57]
 [57]
 [57]
 [57]
 [57]
 [57]
 [45]
 [49]] 
------------------------ Dataset: Qem ------------------------
shape: (27, 1), dtype: uint16
Data:[[54]
 [48]
 [54]
 [53]
 [46]
 [54]
 [48]
 [49]
 [56]
 [51]
 [56]
 [45]
 [48]
 [32]
 [54]
 [48]
 [54]
 [53]
 [46]
 [53]
 [57]
 [56]
 [52]
 [51]
 [53]
 [45]
 [49]] 
------------------------ Dataset: Qen ------------------------
shape: (27, 1), dtype: uint16
Data:[[54]
 [48]
 [56]
 [49]
 [46]
 [53]
 [53]
 [48]
 [54]
 [57]
 [55]
 [45]
 [48]
 [32]
 [54]
 [48]
 [56]
 [49]
 [46]
 [53]
 [52]
 [49]
 [55]
 [57]
 [53]
 [45]
 [49]] 
------------------------ Dataset: Qeo ------------------------
shape: (32, 1), dtype: uint16
Data:[[53]
 [54]
 [52]
 [50]
 [46]
 [50]
 [52]
 [50]
 [55]
 [55]
 [56]
 [57]
 [57]
 [57]
 [57]
 [57]
 [57]
 [45]
 [48]
 [32]
 [53]
 [54]
 [52]
 [50]
 [46]
 [50]
 [52]
 [54]
 [48]
 [49]
 [45]
 [49]] 
------------------------ Dataset: Qep ------------------------
shape: (19, 1), dtype: uint16
Data:[[53]
 [54]
 [53]
 [55]
 [46]
 [57]
 [56]
 [53]
 [54]
 [56]
 [54]
 [57]
 [57]
 [57]
 [57]
 [57]
 [57]
 [45]
 [48]] 
------------------------ Dataset: Qeq ------------------------
shape: (26, 1), dtype: uint16
Data:[[53]
 [54]
 [55]
 [51]
 [46]
 [55]
 [48]
 [53]
 [55]
 [55]
 [45]
 [48]
 [32]
 [53]
 [54]
 [55]
 [51]
 [46]
 [55]
 [48]
 [50]
 [48]
 [56]
 [52]
 [45]
 [49]] 
------------------------ Dataset: Qer ------------------------
shape: (27, 1), dtype: uint16
Data:[[53]
 [54]
 [56]
 [57]
 [46]
 [52]
 [54]
 [57]
 [53]
 [53]
 [57]
 [45]
 [48]
 [32]
 [53]
 [54]
 [56]
 [57]
 [46]
 [52]
 [55]
 [51]
 [54]
 [49]
 [55]
 [45]
 [49]] 
------------------------ Dataset: Qes ------------------------
shape: (27, 1), dtype: uint16
Data:[[54]
 [52]
 [49]
 [50]
 [46]
 [55]
 [53]
 [48]
 [49]
 [52]
 [52]
 [45]
 [48]
 [32]
 [54]
 [52]
 [49]
 [50]
 [46]
 [55]
 [54]
 [51]
 [56]
 [49]
 [57]
 [45]
 [49]] 
------------------------ Dataset: Qet ------------------------
shape: (13, 1), dtype: uint16
Data:[[54]
 [54]
 [48]
 [52]
 [46]
 [56]
 [49]
 [48]
 [52]
 [49]
 [55]
 [45]
 [48]] 
------------------------ Dataset: Qeu ------------------------
shape: (39, 1), dtype: uint16
Data:[[54]
 [54]
 [50]
 [48]
 [46]
 [55]
 [56]
 [54]
 [48]
 [52]
 [53]
 [57]
 [57]
 [57]
 [57]
 [57]
 [57]
 [45]
 [48]
 [32]
 [54]
 [54]
 [50]
 [48]
 [46]
 [55]
 [57]
 [53]
 [49]
 [50]
 [51]
 [57]
 [57]
 [57]
 [57]
 [57]
 [57]
 [45]
 [49]] 
------------------------ Dataset: Qev ------------------------
shape: (27, 1), dtype: uint16
Data:[[54]
 [54]
 [51]
 [54]
 [46]
 [54]
 [52]
 [50]
 [48]
 [53]
 [51]
 [45]
 [48]
 [32]
 [54]
 [54]
 [51]
 [54]
 [46]
 [54]
 [51]
 [56]
 [49]
 [55]
 [57]
 [45]
 [49]] 
------------------------ Dataset: Qew ------------------------
shape: (27, 1), dtype: uint16
Data:[[54]
 [54]
 [53]
 [50]
 [46]
 [50]
 [50]
 [50]
 [49]
 [50]
 [54]
 [45]
 [48]
 [32]
 [54]
 [54]
 [53]
 [50]
 [46]
 [50]
 [51]
 [48]
 [51]
 [52]
 [56]
 [45]
 [49]] 
------------------------ Dataset: Qex ------------------------
shape: (27, 1), dtype: uint16
Data:[[54]
 [54]
 [54]
 [56]
 [46]
 [48]
 [56]
 [54]
 [49]
 [51]
 [56]
 [45]
 [48]
 [32]
 [54]
 [54]
 [54]
 [56]
 [46]
 [48]
 [57]
 [48]
 [49]
 [53]
 [56]
 [45]
 [49]] 
------------------------ Dataset: Qey ------------------------
shape: (33, 1), dtype: uint16
Data:[[54]
 [54]
 [56]
 [51]
 [46]
 [57]
 [57]
 [56]
 [49]
 [48]
 [51]
 [57]
 [57]
 [57]
 [57]
 [57]
 [57]
 [45]
 [48]
 [32]
 [54]
 [54]
 [56]
 [52]
 [46]
 [48]
 [48]
 [50]
 [49]
 [50]
 [55]
 [45]
 [49]] 
------------------------ Dataset: Qez ------------------------
shape: (41, 1), dtype: uint16
Data:[[53]
 [57]
 [48]
 [49]
 [46]
 [57]
 [50]
 [57]
 [54]
 [53]
 [48]
 [57]
 [57]
 [57]
 [57]
 [57]
 [57]
 [53]
 [45]
 [48]
 [32]
 [53]
 [57]
 [48]
 [49]
 [46]
 [57]
 [51]
 [51]
 [54]
 [55]
 [50]
 [57]
 [57]
 [57]
 [57]
 [57]
 [57]
 [53]
 [45]
 [49]] 
------------------------ Dataset: Qf ------------------------

shape: (1, 6), dtype: uint32
Data:[[3707764736          2          1          1        283          1]] 
------------------------ Dataset: Reb ------------------------
shape: (33, 1), dtype: uint16
Data:[[54]
 [55]
 [54]
 [53]
 [46]
 [55]
 [48]
 [54]
 [51]
 [54]
 [50]
 [57]
 [57]
 [57]
 [57]
 [57]
 [57]
 [45]
 [48]
 [32]
 [54]
 [55]
 [54]
 [53]
 [46]
 [55]
 [48]
 [50]
 [50]
 [52]
 [51]
 [45]
 [49]] 
------------------------ Dataset: Rec ------------------------
shape: (27, 1), dtype: uint16
Data:[[54]
 [55]
 [56]
 [49]
 [46]
 [53]
 [54]
 [50]
 [48]
 [53]
 [57]
 [45]
 [48]
 [32]
 [54]
 [55]
 [56]
 [49]
 [46]
 [53]
 [53]
 [56]
 [50]
 [52]
 [52]
 [45]
 [49]] 
------------------------ Dataset: Red ------------------------
shape: (34, 1), dtype: uint16
Data:[[54]
 [50]
 [57]
 [52]
 [46]
 [51]
 [48]
 [49]
 [57]
 [50]
 [50]
 [45]
 [48]
 [32]
 [54]
 [50]
 [57]
 [52]
 [46]
 [50]
 [57]
 [55]
 [56]
 [56]
 [56]
 [57]
 [57]
 [57]
 [57]
 [57]
 [57]
 [53]
 [45]
 [49]] 
------------------------ Dataset: Ree ------------------------
shape: (33, 1), dtype: uint16
Data:[[54]
 [51]
 [49]
 [48]
 [46]
 [49]
 [50]
 [48]
 [54]
 [52]
 [50]
 [57]
 [57]
 [57]
 [57]
 [57]
 [57]
 [45]
 [48]
 [32]
 [54]
 [51]
 [49]
 [48]
 [46]
 [49]
 [50]
 [48]
 [54]
 [54]
 [52]
 [45]
 [49]] 
------------------------ Dataset: Ref ------------------------
shape: (27, 1), dtype: uint16
Data:[[54]
 [51]
 [50]
 [53]
 [46]
 [57]
 [55]
 [53]
 [54]
 [50]
 [55]
 [45]
 [48]
 [32]
 [54]
 [51]
 [50]
 [53]
 [46]
 [57]
 [55]
 [50]
 [56]
 [57]
 [53]
 [45]
 [49]] 
------------------------ Dataset: Reg ------------------------
shape: (33, 1), dtype: uint16
Data:[[54]
 [51]
 [52]
 [49]
 [46]
 [55]
 [57]
 [56]
 [49]
 [54]
 [57]
 [45]
 [48]
 [32]
 [54]
 [51]
 [52]
 [49]
 [46]
 [56]
 [48]
 [53]
 [55]
 [49]
 [49]
 [57]
 [57]
 [57]
 [57]
 [57]
 [57]
 [45]
 [49]] 
------------------------ Dataset: Reh ------------------------
shape: (39, 1), dtype: uint16
Data:[[54]
 [53]
 [48]
 [54]
 [46]
 [57]
 [48]
 [54]
 [53]
 [52]
 [48]
 [57]
 [57]
 [57]
 [57]
 [57]
 [57]
 [45]
 [48]
 [32]
 [54]
 [53]
 [48]
 [54]
 [46]
 [57]
 [49]
 [48]
 [50]
 [51]
 [57]
 [57]
 [57]
 [57]
 [57]
 [57]
 [57]
 [45]
 [49]] 
------------------------ Dataset: Rei ------------------------
shape: (34, 1), dtype: uint16
Data:[[54]
 [53]
 [50]
 [50]
 [46]
 [55]
 [51]
 [49]
 [50]
 [50]
 [52]
 [57]
 [57]
 [57]
 [57]
 [57]
 [57]
 [53]
 [45]
 [48]
 [32]
 [54]
 [53]
 [50]
 [50]
 [46]
 [55]
 [50]
 [52]
 [50]
 [52]
 [49]
 [45]
 [49]] 
------------------------ Dataset: Rej ------------------------
shape: (27, 1), dtype: uint16
Data:[[54]
 [48]
 [49]
 [56]
 [46]
 [50]
 [57]
 [51]
 [55]
 [50]
 [57]
 [45]
 [48]
 [32]
 [54]
 [48]
 [49]
 [56]
 [46]
 [50]
 [57]
 [55]
 [56]
 [55]
 [52]
 [45]
 [49]] 
------------------------ Dataset: Rek ------------------------
shape: (34, 1), dtype: uint16
Data:[[54]
 [48]
 [51]
 [52]
 [46]
 [49]
 [48]
 [53]
 [54]
 [56]
 [52]
 [57]
 [57]
 [57]
 [57]
 [57]
 [57]
 [53]
 [45]
 [48]
 [32]
 [54]
 [48]
 [51]
 [52]
 [46]
 [48]
 [57]
 [57]
 [55]
 [50]
 [49]
 [45]
 [49]] 
------------------------ Dataset: Rel ------------------------
shape: (33, 1), dtype: uint16
Data:[[54]
 [48]
 [52]
 [57]
 [46]
 [55]
 [48]
 [53]
 [57]
 [55]
 [56]
 [57]
 [57]
 [57]
 [57]
 [57]
 [57]
 [45]
 [48]
 [32]
 [54]
 [48]
 [52]
 [57]
 [46]
 [55]
 [48]
 [57]
 [55]
 [54]
 [53]
 [45]
 [49]] 
------------------------ Dataset: Rem ------------------------
shape: (33, 1), dtype: uint16
Data:[[54]
 [48]
 [54]
 [53]
 [46]
 [54]
 [48]
 [49]
 [56]
 [51]
 [56]
 [45]
 [48]
 [32]
 [54]
 [48]
 [54]
 [53]
 [46]
 [54]
 [48]
 [53]
 [55]
 [52]
 [56]
 [57]
 [57]
 [57]
 [57]
 [57]
 [57]
 [45]
 [49]] 
------------------------ Dataset: Ren ------------------------
shape: (33, 1), dtype: uint16
Data:[[54]
 [48]
 [56]
 [49]
 [46]
 [53]
 [53]
 [48]
 [54]
 [57]
 [55]
 [45]
 [48]
 [32]
 [54]
 [48]
 [56]
 [49]
 [46]
 [53]
 [53]
 [48]
 [56]
 [52]
 [56]
 [57]
 [57]
 [57]
 [57]
 [57]
 [57]
 [45]
 [49]] 
------------------------ Dataset: Reo ------------------------
shape: (26, 1), dtype: uint16
Data:[[53]
 [54]
 [52]
 [50]
 [46]
 [50]
 [52]
 [57]
 [53]
 [56]
 [56]
 [45]
 [48]
 [32]
 [53]
 [54]
 [52]
 [50]
 [46]
 [50]
 [52]
 [54]
 [48]
 [49]
 [45]
 [49]] 
------------------------ Dataset: Rep ------------------------
shape: (33, 1), dtype: uint16
Data:[[53]
 [54]
 [53]
 [56]
 [46]
 [48]
 [48]
 [57]
 [49]
 [54]
 [57]
 [45]
 [48]
 [32]
 [53]
 [54]
 [53]
 [56]
 [46]
 [48]
 [48]
 [57]
 [52]
 [57]
 [49]
 [57]
 [57]
 [57]
 [57]
 [57]
 [57]
 [45]
 [49]] 
------------------------ Dataset: Req ------------------------
shape: (32, 1), dtype: uint16
Data:[[53]
 [54]
 [55]
 [51]
 [46]
 [55]
 [48]
 [53]
 [55]
 [55]
 [45]
 [48]
 [32]
 [53]
 [54]
 [55]
 [51]
 [46]
 [55]
 [48]
 [57]
 [55]
 [56]
 [50]
 [57]
 [57]
 [57]
 [57]
 [57]
 [57]
 [45]
 [49]] 
------------------------ Dataset: Rer ------------------------
shape: (27, 1), dtype: uint16
Data:[[53]
 [54]
 [56]
 [57]
 [46]
 [52]
 [56]
 [52]
 [49]
 [55]
 [56]
 [45]
 [48]
 [32]
 [53]
 [54]
 [56]
 [57]
 [46]
 [52]
 [55]
 [51]
 [54]
 [49]
 [55]
 [45]
 [49]] 
------------------------ Dataset: Res ------------------------
shape: (34, 1), dtype: uint16
Data:[[54]
 [52]
 [49]
 [50]
 [46]
 [55]
 [54]
 [51]
 [57]
 [52]
 [54]
 [57]
 [57]
 [57]
 [57]
 [57]
 [57]
 [53]
 [45]
 [48]
 [32]
 [54]
 [52]
 [49]
 [50]
 [46]
 [55]
 [54]
 [51]
 [56]
 [49]
 [57]
 [45]
 [49]] 
------------------------ Dataset: Ret ------------------------
shape: (13, 1), dtype: uint16
Data:[[54]
 [54]
 [48]
 [52]
 [46]
 [56]
 [49]
 [55]
 [56]
 [51]
 [53]
 [45]
 [49]] 
------------------------ Dataset: Reu ------------------------
shape: (33, 1), dtype: uint16
Data:[[54]
 [54]
 [50]
 [48]
 [46]
 [55]
 [57]
 [53]
 [51]
 [52]
 [51]
 [45]
 [48]
 [32]
 [54]
 [54]
 [50]
 [48]
 [46]
 [55]
 [57]
 [53]
 [49]
 [50]
 [51]
 [57]
 [57]
 [57]
 [57]
 [57]
 [57]
 [45]
 [49]] 
------------------------ Dataset: Rev ------------------------
shape: (34, 1), dtype: uint16
Data:[[54]
 [54]
 [51]
 [54]
 [46]
 [54]
 [52]
 [50]
 [48]
 [53]
 [51]
 [45]
 [48]
 [32]
 [54]
 [54]
 [51]
 [54]
 [46]
 [54]
 [52]
 [54]
 [48]
 [56]
 [55]
 [57]
 [57]
 [57]
 [57]
 [57]
 [57]
 [53]
 [45]
 [49]] 
------------------------ Dataset: Rew ------------------------
shape: (33, 1), dtype: uint16
Data:[[54]
 [54]
 [53]
 [50]
 [46]
 [50]
 [51]
 [50]
 [49]
 [52]
 [53]
 [57]
 [57]
 [57]
 [57]
 [57]
 [57]
 [45]
 [48]
 [32]
 [54]
 [54]
 [53]
 [50]
 [46]
 [50]
 [51]
 [48]
 [51]
 [52]
 [56]
 [45]
 [49]] 
------------------------ Dataset: Rex ------------------------
shape: (34, 1), dtype: uint16
Data:[[54]
 [54]
 [54]
 [56]
 [46]
 [48]
 [57]
 [52]
 [49]
 [56]
 [48]
 [57]
 [57]
 [57]
 [57]
 [57]
 [57]
 [53]
 [45]
 [48]
 [32]
 [54]
 [54]
 [54]
 [56]
 [46]
 [48]
 [57]
 [48]
 [49]
 [53]
 [56]
 [45]
 [49]] 
------------------------ Dataset: Rey ------------------------
shape: (26, 1), dtype: uint16
Data:[[54]
 [54]
 [56]
 [52]
 [46]
 [48]
 [48]
 [54]
 [49]
 [57]
 [45]
 [48]
 [32]
 [54]
 [54]
 [56]
 [52]
 [46]
 [48]
 [48]
 [50]
 [49]
 [50]
 [55]
 [45]
 [49]] 
------------------------ Dataset: Rez ------------------------
shape: (40, 1), dtype: uint16
Data:[[53]
 [57]
 [48]
 [49]
 [46]
 [57]
 [51]
 [55]
 [54]
 [54]
 [57]
 [57]
 [57]
 [57]
 [57]
 [57]
 [57]
 [45]
 [48]
 [32]
 [53]
 [57]
 [48]
 [49]
 [46]
 [57]
 [51]
 [51]
 [54]
 [55]
 [50]
 [57]
 [57]
 [57]
 [57]
 [57]
 [57]
 [53]
 [45]
 [49]] 
------------------------ Dataset: Rf ------------------------

shape: (1, 6), dtype: uint32
Data:[[3707764736          2          1          1        284          1]] 
------------------------ Dataset: Seb ------------------------
shape: (33, 1), dtype: uint16
Data:[[54]
 [55]
 [54]
 [53]
 [46]
 [55]
 [48]
 [54]
 [51]
 [54]
 [50]
 [57]
 [57]
 [57]
 [57]
 [57]
 [57]
 [45]
 [48]
 [32]
 [54]
 [55]
 [54]
 [53]
 [46]
 [55]
 [49]
 [49]
 [53]
 [51]
 [56]
 [45]
 [49]] 
------------------------ Dataset: Sec ------------------------
shape: (33, 1), dtype: uint16
Data:[[54]
 [55]
 [56]
 [49]
 [46]
 [53]
 [54]
 [50]
 [48]
 [53]
 [57]
 [45]
 [48]
 [32]
 [54]
 [55]
 [56]
 [49]
 [46]
 [53]
 [54]
 [54]
 [48]
 [53]
 [52]
 [57]
 [57]
 [57]
 [57]
 [57]
 [57]
 [45]
 [49]] 
------------------------ Dataset: Sed ------------------------
shape: (26, 1), dtype: uint16
Data:[[54]
 [50]
 [57]
 [52]
 [46]
 [51]
 [48]
 [49]
 [57]
 [50]
 [50]
 [45]
 [48]
 [32]
 [54]
 [50]
 [57]
 [52]
 [46]
 [51]
 [48]
 [53]
 [57]
 [53]
 [45]
 [49]] 
------------------------ Dataset: See ------------------------
shape: (27, 1), dtype: uint16
Data:[[54]
 [51]
 [49]
 [48]
 [46]
 [49]
 [50]
 [54]
 [49]
 [50]
 [50]
 [45]
 [48]
 [32]
 [54]
 [51]
 [49]
 [48]
 [46]
 [49]
 [50]
 [48]
 [54]
 [54]
 [52]
 [45]
 [49]] 
------------------------ Dataset: Sef ------------------------
shape: (33, 1), dtype: uint16
Data:[[54]
 [51]
 [50]
 [53]
 [46]
 [57]
 [55]
 [53]
 [54]
 [50]
 [55]
 [45]
 [48]
 [32]
 [54]
 [51]
 [50]
 [53]
 [46]
 [57]
 [55]
 [56]
 [49]
 [57]
 [51]
 [57]
 [57]
 [57]
 [57]
 [57]
 [57]
 [45]
 [49]] 
------------------------ Dataset: Seg ------------------------
shape: (33, 1), dtype: uint16
Data:[[54]
 [51]
 [52]
 [49]
 [46]
 [56]
 [48]
 [53]
 [56]
 [57]
 [56]
 [45]
 [48]
 [32]
 [54]
 [51]
 [52]
 [49]
 [46]
 [56]
 [48]
 [53]
 [55]
 [49]
 [49]
 [57]
 [57]
 [57]
 [57]
 [57]
 [57]
 [45]
 [49]] 
------------------------ Dataset: Seh ------------------------
shape: (32, 1), dtype: uint16
Data:[[54]
 [53]
 [48]
 [54]
 [46]
 [57]
 [49]
 [52]
 [49]
 [55]
 [45]
 [48]
 [32]
 [54]
 [53]
 [48]
 [54]
 [46]
 [57]
 [49]
 [48]
 [50]
 [51]
 [57]
 [57]
 [57]
 [57]
 [57]
 [57]
 [57]
 [45]
 [49]] 
------------------------ Dataset: Sei ------------------------
shape: (34, 1), dtype: uint16
Data:[[54]
 [53]
 [50]
 [50]
 [46]
 [55]
 [51]
 [49]
 [50]
 [50]
 [52]
 [57]
 [57]
 [57]
 [57]
 [57]
 [57]
 [53]
 [45]
 [48]
 [32]
 [54]
 [53]
 [50]
 [50]
 [46]
 [55]
 [51]
 [50]
 [49]
 [48]
 [53]
 [45]
 [49]] 
------------------------ Dataset: Sej ------------------------
shape: (34, 1), dtype: uint16
Data:[[54]
 [48]
 [49]
 [56]
 [46]
 [51]
 [48]
 [49]
 [57]
 [50]
 [54]
 [57]
 [57]
 [57]
 [57]
 [57]
 [57]
 [53]
 [45]
 [48]
 [32]
 [54]
 [48]
 [49]
 [56]
 [46]
 [50]
 [57]
 [55]
 [56]
 [55]
 [52]
 [45]
 [49]] 
------------------------ Dataset: Sek ------------------------
shape: (34, 1), dtype: uint16
Data:[[54]
 [48]
 [51]
 [52]
 [46]
 [49]
 [48]
 [53]
 [54]
 [56]
 [52]
 [57]
 [57]
 [57]
 [57]
 [57]
 [57]
 [53]
 [45]
 [48]
 [32]
 [54]
 [48]
 [51]
 [52]
 [46]
 [49]
 [49]
 [48]
 [50]
 [56]
 [54]
 [45]
 [49]] 
------------------------ Dataset: Sel ------------------------
shape: (33, 1), dtype: uint16
Data:[[54]
 [48]
 [52]
 [57]
 [46]
 [55]
 [49]
 [51]
 [55]
 [54]
 [57]
 [57]
 [57]
 [57]
 [57]
 [57]
 [57]
 [45]
 [48]
 [32]
 [54]
 [48]
 [52]
 [57]
 [46]
 [55]
 [48]
 [57]
 [55]
 [54]
 [53]
 [45]
 [49]] 
------------------------ Dataset: Sem ------------------------
shape: (39, 1), dtype: uint16
Data:[[54]
 [48]
 [54]
 [53]
 [46]
 [54]
 [48]
 [57]
 [57]
 [55]
 [52]
 [57]
 [57]
 [57]
 [57]
 [57]
 [57]
 [45]
 [48]
 [32]
 [54]
 [48]
 [54]
 [53]
 [46]
 [54]
 [48]
 [53]
 [55]
 [52]
 [56]
 [57]
 [57]
 [57]
 [57]
 [57]
 [57]
 [45]
 [49]] 
------------------------ Dataset: Sen ------------------------
shape: (33, 1), dtype: uint16
Data:[[54]
 [48]
 [56]
 [49]
 [46]
 [53]
 [53]
 [52]
 [48]
 [51]
 [50]
 [45]
 [48]
 [32]
 [54]
 [48]
 [56]
 [49]
 [46]
 [53]
 [53]
 [48]
 [56]
 [52]
 [56]
 [57]
 [57]
 [57]
 [57]
 [57]
 [57]
 [45]
 [49]] 
------------------------ Dataset: Seo ------------------------
shape: (33, 1), dtype: uint16
Data:[[53]
 [54]
 [52]
 [50]
 [46]
 [50]
 [52]
 [57]
 [53]
 [56]
 [56]
 [45]
 [48]
 [32]
 [53]
 [54]
 [52]
 [50]
 [46]
 [50]
 [53]
 [51]
 [54]
 [48]
 [48]
 [57]
 [57]
 [57]
 [57]
 [57]
 [57]
 [45]
 [49]] 
------------------------ Dataset: Sep ------------------------
shape: (33, 1), dtype: uint16
Data:[[53]
 [54]
 [53]
 [56]
 [46]
 [48]
 [49]
 [52]
 [52]
 [54]
 [50]
 [45]
 [48]
 [32]
 [53]
 [54]
 [53]
 [56]
 [46]
 [48]
 [48]
 [57]
 [52]
 [57]
 [49]
 [57]
 [57]
 [57]
 [57]
 [57]
 [57]
 [45]
 [49]] 
------------------------ Dataset: Seq ------------------------
shape: (40, 1), dtype: uint16
Data:[[53]
 [54]
 [55]
 [51]
 [46]
 [55]
 [49]
 [51]
 [53]
 [56]
 [52]
 [57]
 [57]
 [57]
 [57]
 [57]
 [57]
 [53]
 [45]
 [48]
 [32]
 [53]
 [54]
 [55]
 [51]
 [46]
 [55]
 [48]
 [57]
 [55]
 [56]
 [50]
 [57]
 [57]
 [57]
 [57]
 [57]
 [57]
 [45]
 [49]] 
------------------------ Dataset: Ser ------------------------
shape: (27, 1), dtype: uint16
Data:[[53]
 [54]
 [56]
 [57]
 [46]
 [52]
 [56]
 [52]
 [49]
 [55]
 [56]
 [45]
 [48]
 [32]
 [53]
 [54]
 [56]
 [57]
 [46]
 [52]
 [56]
 [54]
 [48]
 [54]
 [52]
 [45]
 [49]] 
------------------------ Dataset: Ses ------------------------
shape: (34, 1), dtype: uint16
Data:[[54]
 [52]
 [49]
 [50]
 [46]
 [55]
 [54]
 [51]
 [57]
 [52]
 [54]
 [57]
 [57]
 [57]
 [57]
 [57]
 [57]
 [53]
 [45]
 [48]
 [32]
 [54]
 [52]
 [49]
 [50]
 [46]
 [55]
 [54]
 [55]
 [50]
 [50]
 [53]
 [45]
 [49]] 
------------------------ Dataset: Set ------------------------
shape: (33, 1), dtype: uint16
Data:[[54]
 [54]
 [48]
 [52]
 [46]
 [56]
 [49]
 [56]
 [51]
 [56]
 [51]
 [57]
 [57]
 [57]
 [57]
 [57]
 [57]
 [45]
 [48]
 [32]
 [54]
 [54]
 [48]
 [52]
 [46]
 [56]
 [50]
 [50]
 [51]
 [55]
 [51]
 [45]
 [49]] 
------------------------ Dataset: Seu ------------------------
shape: (27, 1), dtype: uint16
Data:[[54]
 [54]
 [50]
 [48]
 [46]
 [55]
 [57]
 [53]
 [51]
 [52]
 [51]
 [45]
 [48]
 [32]
 [54]
 [54]
 [50]
 [48]
 [46]
 [55]
 [57]
 [56]
 [57]
 [48]
 [49]
 [45]
 [49]] 
------------------------ Dataset: Sev ------------------------
shape: (34, 1), dtype: uint16
Data:[[54]
 [54]
 [51]
 [54]
 [46]
 [54]
 [53]
 [48]
 [48]
 [48]
 [54]
 [45]
 [48]
 [32]
 [54]
 [54]
 [51]
 [54]
 [46]
 [54]
 [52]
 [54]
 [48]
 [56]
 [55]
 [57]
 [57]
 [57]
 [57]
 [57]
 [57]
 [53]
 [45]
 [49]] 
------------------------ Dataset: Sew ------------------------
shape: (33, 1), dtype: uint16
Data:[[54]
 [54]
 [53]
 [50]
 [46]
 [50]
 [51]
 [50]
 [49]
 [52]
 [53]
 [57]
 [57]
 [57]
 [57]
 [57]
 [57]
 [45]
 [48]
 [32]
 [54]
 [54]
 [53]
 [50]
 [46]
 [50]
 [51]
 [52]
 [51]
 [54]
 [49]
 [45]
 [49]] 
------------------------ Dataset: Sex ------------------------
shape: (34, 1), dtype: uint16
Data:[[54]
 [54]
 [54]
 [56]
 [46]
 [48]
 [57]
 [52]
 [49]
 [56]
 [48]
 [57]
 [57]
 [57]
 [57]
 [57]
 [57]
 [53]
 [45]
 [48]
 [32]
 [54]
 [54]
 [54]
 [56]
 [46]
 [48]
 [57]
 [56]
 [48]
 [57]
 [51]
 [45]
 [49]] 
------------------------ Dataset: Sey ------------------------
shape: (26, 1), dtype: uint16
Data:[[54]
 [54]
 [56]
 [52]
 [46]
 [48]
 [48]
 [54]
 [49]
 [57]
 [45]
 [48]
 [32]
 [54]
 [54]
 [56]
 [52]
 [46]
 [48]
 [49]
 [48]
 [50]
 [56]
 [57]
 [45]
 [49]] 
------------------------ Dataset: Sez ------------------------
shape: (33, 1), dtype: uint16
Data:[[53]
 [57]
 [48]
 [49]
 [46]
 [57]
 [51]
 [55]
 [54]
 [54]
 [57]
 [57]
 [57]
 [57]
 [57]
 [57]
 [57]
 [45]
 [48]
 [32]
 [53]
 [57]
 [48]
 [49]
 [46]
 [57]
 [52]
 [49]
 [55]
 [48]
 [50]
 [45]
 [49]] 
------------------------ Dataset: Sf ------------------------

shape: (1, 6), dtype: uint32
Data:[[3707764736          2          1          1        285          1]] 
------------------------ Dataset: Teb ------------------------
shape: (33, 1), dtype: uint16
Data:[[54]
 [55]
 [54]
 [53]
 [46]
 [55]
 [49]
 [52]
 [49]
 [51]
 [55]
 [57]
 [57]
 [57]
 [57]
 [57]
 [57]
 [45]
 [48]
 [32]
 [54]
 [55]
 [54]
 [53]
 [46]
 [55]
 [49]
 [49]
 [53]
 [51]
 [56]
 [45]
 [49]] 
------------------------ Dataset: Tec ------------------------
shape: (39, 1), dtype: uint16
Data:[[54]
 [55]
 [56]
 [49]
 [46]
 [53]
 [55]
 [48]
 [48]
 [52]
 [49]
 [57]
 [57]
 [57]
 [57]
 [57]
 [57]
 [45]
 [48]
 [32]
 [54]
 [55]
 [56]
 [49]
 [46]
 [53]
 [54]
 [54]
 [48]
 [53]
 [52]
 [57]
 [57]
 [57]
 [57]
 [57]
 [57]
 [45]
 [49]] 
------------------------ Dataset: Ted ------------------------
shape: (26, 1), dtype: uint16
Data:[[54]
 [50]
 [57]
 [52]
 [46]
 [51]
 [49]
 [52]
 [55]
 [52]
 [57]
 [45]
 [48]
 [32]
 [54]
 [50]
 [57]
 [52]
 [46]
 [51]
 [48]
 [53]
 [57]
 [53]
 [45]
 [49]] 
------------------------ Dataset: Tee ------------------------
shape: (27, 1), dtype: uint16
Data:[[54]
 [51]
 [49]
 [48]
 [46]
 [49]
 [50]
 [54]
 [49]
 [50]
 [50]
 [45]
 [48]
 [32]
 [54]
 [51]
 [49]
 [48]
 [46]
 [49]
 [50]
 [52]
 [50]
 [51]
 [54]
 [45]
 [49]] 
------------------------ Dataset: Tef ------------------------
shape: (39, 1), dtype: uint16
Data:[[54]
 [51]
 [50]
 [53]
 [46]
 [57]
 [56]
 [49]
 [57]
 [51]
 [53]
 [57]
 [57]
 [57]
 [57]
 [57]
 [57]
 [45]
 [48]
 [32]
 [54]
 [51]
 [50]
 [53]
 [46]
 [57]
 [55]
 [56]
 [49]
 [57]
 [51]
 [57]
 [57]
 [57]
 [57]
 [57]
 [57]
 [45]
 [49]] 
------------------------ Dataset: Teg ------------------------
shape: (27, 1), dtype: uint16
Data:[[54]
 [51]
 [52]
 [49]
 [46]
 [56]
 [48]
 [53]
 [56]
 [57]
 [56]
 [45]
 [48]
 [32]
 [54]
 [51]
 [52]
 [49]
 [46]
 [56]
 [48]
 [57]
 [56]
 [57]
 [54]
 [45]
 [49]] 
------------------------ Dataset: Teh ------------------------
shape: (32, 1), dtype: uint16
Data:[[54]
 [53]
 [48]
 [54]
 [46]
 [57]
 [49]
 [52]
 [49]
 [55]
 [45]
 [48]
 [32]
 [54]
 [53]
 [48]
 [54]
 [46]
 [57]
 [49]
 [55]
 [57]
 [56]
 [55]
 [57]
 [57]
 [57]
 [57]
 [57]
 [57]
 [45]
 [49]] 
------------------------ Dataset: Tei ------------------------
shape: (27, 1), dtype: uint16
Data:[[54]
 [53]
 [50]
 [50]
 [46]
 [55]
 [51]
 [56]
 [54]
 [54]
 [53]
 [45]
 [48]
 [32]
 [54]
 [53]
 [50]
 [50]
 [46]
 [55]
 [51]
 [50]
 [49]
 [48]
 [53]
 [45]
 [49]] 
------------------------ Dataset: Tej ------------------------
shape: (34, 1), dtype: uint16
Data:[[54]
 [48]
 [49]
 [56]
 [46]
 [51]
 [48]
 [49]
 [57]
 [50]
 [54]
 [57]
 [57]
 [57]
 [57]
 [57]
 [57]
 [53]
 [45]
 [48]
 [32]
 [54]
 [48]
 [49]
 [56]
 [46]
 [51]
 [48]
 [53]
 [55]
 [54]
 [50]
 [45]
 [49]] 
------------------------ Dataset: Tek ------------------------
shape: (27, 1), dtype: uint16
Data:[[54]
 [48]
 [51]
 [52]
 [46]
 [49]
 [49]
 [56]
 [49]
 [49]
 [55]
 [45]
 [48]
 [32]
 [54]
 [48]
 [51]
 [52]
 [46]
 [49]
 [49]
 [48]
 [50]
 [56]
 [54]
 [45]
 [49]] 
------------------------ Dataset: Tel ------------------------
shape: (39, 1), dtype: uint16
Data:[[54]
 [48]
 [52]
 [57]
 [46]
 [55]
 [49]
 [51]
 [55]
 [54]
 [57]
 [57]
 [57]
 [57]
 [57]
 [57]
 [57]
 [45]
 [48]
 [32]
 [54]
 [48]
 [52]
 [57]
 [46]
 [55]
 [49]
 [55]
 [55]
 [53]
 [54]
 [57]
 [57]
 [57]
 [57]
 [57]
 [57]
 [45]
 [49]] 
------------------------ Dataset: Tem ------------------------
shape: (33, 1), dtype: uint16
Data:[[54]
 [48]
 [54]
 [53]
 [46]
 [54]
 [48]
 [57]
 [57]
 [55]
 [52]
 [57]
 [57]
 [57]
 [57]
 [57]
 [57]
 [45]
 [48]
 [32]
 [54]
 [48]
 [54]
 [53]
 [46]
 [54]
 [49]
 [51]
 [55]
 [53]
 [55]
 [45]
 [49]] 
------------------------ Dataset: Ten ------------------------
shape: (34, 1), dtype: uint16
Data:[[54]
 [48]
 [56]
 [49]
 [46]
 [53]
 [53]
 [52]
 [48]
 [51]
 [50]
 [45]
 [48]
 [32]
 [54]
 [48]
 [56]
 [49]
 [46]
 [53]
 [53]
 [55]
 [55]
 [53]
 [51]
 [57]
 [57]
 [57]
 [57]
 [57]
 [57]
 [53]
 [45]
 [49]] 
------------------------ Dataset: Teo ------------------------
shape: (33, 1), dtype: uint16
Data:[[53]
 [54]
 [52]
 [50]
 [46]
 [50]
 [53]
 [55]
 [53]
 [54]
 [53]
 [45]
 [48]
 [32]
 [53]
 [54]
 [52]
 [50]
 [46]
 [50]
 [53]
 [51]
 [54]
 [48]
 [48]
 [57]
 [57]
 [57]
 [57]
 [57]
 [57]
 [45]
 [49]] 
------------------------ Dataset: Tep ------------------------
shape: (27, 1), dtype: uint16
Data:[[53]
 [54]
 [53]
 [56]
 [46]
 [48]
 [49]
 [52]
 [52]
 [54]
 [50]
 [45]
 [48]
 [32]
 [53]
 [54]
 [53]
 [56]
 [46]
 [48]
 [49]
 [52]
 [54]
 [48]
 [49]
 [45]
 [49]] 
------------------------ Dataset: Teq ------------------------
shape: (33, 1), dtype: uint16
Data:[[53]
 [54]
 [55]
 [51]
 [46]
 [55]
 [49]
 [51]
 [53]
 [56]
 [52]
 [57]
 [57]
 [57]
 [57]
 [57]
 [57]
 [53]
 [45]
 [48]
 [32]
 [53]
 [54]
 [55]
 [51]
 [46]
 [55]
 [49]
 [55]
 [53]
 [52]
 [45]
 [49]] 
------------------------ Dataset: Ter ------------------------
shape: (27, 1), dtype: uint16
Data:[[53]
 [54]
 [56]
 [57]
 [46]
 [52]
 [56]
 [54]
 [56]
 [49]
 [50]
 [45]
 [48]
 [32]
 [53]
 [54]
 [56]
 [57]
 [46]
 [52]
 [56]
 [54]
 [48]
 [54]
 [52]
 [45]
 [49]] 
------------------------ Dataset: Tes ------------------------
shape: (34, 1), dtype: uint16
Data:[[54]
 [52]
 [49]
 [50]
 [46]
 [55]
 [54]
 [55]
 [52]
 [55]
 [49]
 [57]
 [57]
 [57]
 [57]
 [57]
 [57]
 [53]
 [45]
 [48]
 [32]
 [54]
 [52]
 [49]
 [50]
 [46]
 [55]
 [54]
 [55]
 [50]
 [50]
 [53]
 [45]
 [49]] 
------------------------ Dataset: Tet ------------------------
shape: (27, 1), dtype: uint16
Data:[[54]
 [54]
 [48]
 [52]
 [46]
 [56]
 [50]
 [54]
 [48]
 [56]
 [51]
 [45]
 [48]
 [32]
 [54]
 [54]
 [48]
 [52]
 [46]
 [56]
 [50]
 [50]
 [51]
 [55]
 [51]
 [45]
 [49]] 
------------------------ Dataset: Teu ------------------------
shape: (27, 1), dtype: uint16
Data:[[54]
 [54]
 [50]
 [48]
 [46]
 [56]
 [48]
 [50]
 [48]
 [48]
 [52]
 [45]
 [48]
 [32]
 [54]
 [54]
 [50]
 [48]
 [46]
 [55]
 [57]
 [56]
 [57]
 [48]
 [49]
 [45]
 [49]] 
------------------------ Dataset: Tev ------------------------
shape: (33, 1), dtype: uint16
Data:[[54]
 [54]
 [51]
 [54]
 [46]
 [54]
 [53]
 [48]
 [48]
 [48]
 [54]
 [45]
 [48]
 [32]
 [54]
 [54]
 [51]
 [54]
 [46]
 [54]
 [53]
 [52]
 [48]
 [56]
 [55]
 [57]
 [57]
 [57]
 [57]
 [57]
 [57]
 [45]
 [49]] 
------------------------ Dataset: Tew ------------------------
shape: (33, 1), dtype: uint16
Data:[[54]
 [54]
 [53]
 [50]
 [46]
 [50]
 [51]
 [56]
 [48]
 [51]
 [57]
 [57]
 [57]
 [57]
 [57]
 [57]
 [57]
 [45]
 [48]
 [32]
 [54]
 [54]
 [53]
 [50]
 [46]
 [50]
 [51]
 [52]
 [51]
 [54]
 [49]
 [45]
 [49]] 
------------------------ Dataset: Tex ------------------------
shape: (33, 1), dtype: uint16
Data:[[54]
 [54]
 [54]
 [56]
 [46]
 [49]
 [48]
 [50]
 [49]
 [48]
 [53]
 [57]
 [57]
 [57]
 [57]
 [57]
 [57]
 [45]
 [48]
 [32]
 [54]
 [54]
 [54]
 [56]
 [46]
 [48]
 [57]
 [56]
 [48]
 [57]
 [51]
 [45]
 [49]] 
------------------------ Dataset: Tey ------------------------
shape: (27, 1), dtype: uint16
Data:[[54]
 [54]
 [56]
 [52]
 [46]
 [48]
 [49]
 [52]
 [49]
 [57]
 [54]
 [45]
 [48]
 [32]
 [54]
 [54]
 [56]
 [52]
 [46]
 [48]
 [49]
 [48]
 [50]
 [56]
 [57]
 [45]
 [49]] 
------------------------ Dataset: Tez ------------------------
shape: (27, 1), dtype: uint16
Data:[[53]
 [57]
 [48]
 [49]
 [46]
 [57]
 [52]
 [53]
 [55]
 [55]
 [49]
 [45]
 [48]
 [32]
 [53]
 [57]
 [48]
 [49]
 [46]
 [57]
 [52]
 [49]
 [55]
 [48]
 [50]
 [45]
 [49]] 
------------------------ Dataset: Tf ------------------------

shape: (1, 6), dtype: uint32
Data:[[3707764736          2          1          1        286          1]] 
------------------------ Dataset: Ueb ------------------------
shape: (33, 1), dtype: uint16
Data:[[54]
 [55]
 [54]
 [53]
 [46]
 [55]
 [49]
 [52]
 [49]
 [51]
 [55]
 [57]
 [57]
 [57]
 [57]
 [57]
 [57]
 [45]
 [48]
 [32]
 [54]
 [55]
 [54]
 [53]
 [46]
 [55]
 [49]
 [56]
 [49]
 [50]
 [57]
 [45]
 [49]] 
------------------------ Dataset: Uec ------------------------
shape: (33, 1), dtype: uint16
Data:[[54]
 [55]
 [56]
 [49]
 [46]
 [53]
 [55]
 [48]
 [48]
 [52]
 [49]
 [57]
 [57]
 [57]
 [57]
 [57]
 [57]
 [45]
 [48]
 [32]
 [54]
 [55]
 [56]
 [49]
 [46]
 [53]
 [56]
 [49]
 [49]
 [52]
 [57]
 [45]
 [49]] 
------------------------ Dataset: Ued ------------------------
shape: (27, 1), dtype: uint16
Data:[[54]
 [50]
 [57]
 [52]
 [46]
 [51]
 [49]
 [52]
 [55]
 [52]
 [57]
 [45]
 [48]
 [32]
 [54]
 [50]
 [57]
 [52]
 [46]
 [51]
 [49]
 [53]
 [48]
 [51]
 [51]
 [45]
 [49]] 
------------------------ Dataset: Uee ------------------------
shape: (27, 1), dtype: uint16
Data:[[54]
 [51]
 [49]
 [48]
 [46]
 [49]
 [50]
 [54]
 [49]
 [50]
 [50]
 [45]
 [48]
 [32]
 [54]
 [51]
 [49]
 [48]
 [46]
 [49]
 [50]
 [57]
 [56]
 [53]
 [54]
 [45]
 [49]] 
------------------------ Dataset: Uef ------------------------
shape: (39, 1), dtype: uint16
Data:[[54]
 [51]
 [50]
 [53]
 [46]
 [57]
 [56]
 [49]
 [57]
 [51]
 [53]
 [57]
 [57]
 [57]
 [57]
 [57]
 [57]
 [45]
 [48]
 [32]
 [54]
 [51]
 [50]
 [53]
 [46]
 [57]
 [56]
 [54]
 [48]
 [55]
 [53]
 [57]
 [57]
 [57]
 [57]
 [57]
 [57]
 [45]
 [49]] 
------------------------ Dataset: Ueg ------------------------
shape: (33, 1), dtype: uint16
Data:[[54]
 [51]
 [52]
 [49]
 [46]
 [56]
 [49]
 [51]
 [57]
 [49]
 [56]
 [57]
 [57]
 [57]
 [57]
 [57]
 [57]
 [45]
 [48]
 [32]
 [54]
 [51]
 [52]
 [49]
 [46]
 [56]
 [48]
 [57]
 [56]
 [57]
 [54]
 [45]
 [49]] 
------------------------ Dataset: Ueh ------------------------
shape: (33, 1), dtype: uint16
Data:[[54]
 [53]
 [48]
 [54]
 [46]
 [57]
 [50]
 [49]
 [57]
 [53]
 [51]
 [45]
 [48]
 [32]
 [54]
 [53]
 [48]
 [54]
 [46]
 [57]
 [49]
 [55]
 [57]
 [56]
 [55]
 [57]
 [57]
 [57]
 [57]
 [57]
 [57]
 [45]
 [49]] 
------------------------ Dataset: Uei ------------------------
shape: (27, 1), dtype: uint16
Data:[[54]
 [53]
 [50]
 [50]
 [46]
 [55]
 [51]
 [56]
 [54]
 [54]
 [53]
 [45]
 [48]
 [32]
 [54]
 [53]
 [50]
 [50]
 [46]
 [55]
 [51]
 [55]
 [55]
 [51]
 [50]
 [45]
 [49]] 
------------------------ Dataset: Uej ------------------------
shape: (33, 1), dtype: uint16
Data:[[54]
 [48]
 [49]
 [56]
 [46]
 [51]
 [48]
 [57]
 [55]
 [51]
 [53]
 [57]
 [57]
 [57]
 [57]
 [57]
 [57]
 [45]
 [48]
 [32]
 [54]
 [48]
 [49]
 [56]
 [46]
 [51]
 [48]
 [53]
 [55]
 [54]
 [50]
 [45]
 [49]] 
------------------------ Dataset: Uek ------------------------
shape: (33, 1), dtype: uint16
Data:[[54]
 [48]
 [51]
 [52]
 [46]
 [49]
 [49]
 [56]
 [49]
 [49]
 [55]
 [45]
 [48]
 [32]
 [54]
 [48]
 [51]
 [52]
 [46]
 [49]
 [50]
 [50]
 [51]
 [49]
 [54]
 [57]
 [57]
 [57]
 [57]
 [57]
 [57]
 [45]
 [49]] 
------------------------ Dataset: Uel ------------------------
shape: (39, 1), dtype: uint16
Data:[[54]
 [48]
 [52]
 [57]
 [46]
 [55]
 [50]
 [49]
 [56]
 [49]
 [56]
 [57]
 [57]
 [57]
 [57]
 [57]
 [57]
 [45]
 [48]
 [32]
 [54]
 [48]
 [52]
 [57]
 [46]
 [55]
 [49]
 [55]
 [55]
 [53]
 [54]
 [57]
 [57]
 [57]
 [57]
 [57]
 [57]
 [45]
 [49]] 
------------------------ Dataset: Uem ------------------------
shape: (33, 1), dtype: uint16
Data:[[54]
 [48]
 [54]
 [53]
 [46]
 [54]
 [49]
 [55]
 [55]
 [56]
 [49]
 [57]
 [57]
 [57]
 [57]
 [57]
 [57]
 [45]
 [48]
 [32]
 [54]
 [48]
 [54]
 [53]
 [46]
 [54]
 [49]
 [51]
 [55]
 [53]
 [55]
 [45]
 [49]] 
------------------------ Dataset: Uen ------------------------
shape: (40, 1), dtype: uint16
Data:[[54]
 [48]
 [56]
 [49]
 [46]
 [53]
 [54]
 [49]
 [55]
 [53]
 [56]
 [57]
 [57]
 [57]
 [57]
 [57]
 [57]
 [45]
 [48]
 [32]
 [54]
 [48]
 [56]
 [49]
 [46]
 [53]
 [53]
 [55]
 [55]
 [53]
 [51]
 [57]
 [57]
 [57]
 [57]
 [57]
 [57]
 [53]
 [45]
 [49]] 
------------------------ Dataset: Ueo ------------------------
shape: (27, 1), dtype: uint16
Data:[[53]
 [54]
 [52]
 [50]
 [46]
 [50]
 [53]
 [55]
 [53]
 [54]
 [53]
 [45]
 [48]
 [32]
 [53]
 [54]
 [52]
 [50]
 [46]
 [50]
 [54]
 [53]
 [53]
 [51]
 [57]
 [45]
 [49]] 
------------------------ Dataset: Uep ------------------------
shape: (27, 1), dtype: uint16
Data:[[53]
 [54]
 [53]
 [56]
 [46]
 [48]
 [49]
 [57]
 [55]
 [50]
 [53]
 [45]
 [48]
 [32]
 [53]
 [54]
 [53]
 [56]
 [46]
 [48]
 [49]
 [52]
 [54]
 [48]
 [49]
 [45]
 [49]] 
------------------------ Dataset: Ueq ------------------------
shape: (26, 1), dtype: uint16
Data:[[53]
 [54]
 [55]
 [51]
 [46]
 [55]
 [50]
 [50]
 [54]
 [50]
 [54]
 [45]
 [48]
 [32]
 [53]
 [54]
 [55]
 [51]
 [46]
 [55]
 [49]
 [55]
 [53]
 [52]
 [45]
 [49]] 
------------------------ Dataset: Uer ------------------------
shape: (34, 1), dtype: uint16
Data:[[53]
 [54]
 [56]
 [57]
 [46]
 [52]
 [56]
 [54]
 [56]
 [49]
 [50]
 [45]
 [48]
 [32]
 [53]
 [54]
 [56]
 [57]
 [46]
 [52]
 [57]
 [51]
 [54]
 [48]
 [57]
 [57]
 [57]
 [57]
 [57]
 [57]
 [57]
 [53]
 [45]
 [49]] 
------------------------ Dataset: Ues ------------------------
shape: (34, 1), dtype: uint16
Data:[[54]
 [52]
 [49]
 [50]
 [46]
 [55]
 [54]
 [55]
 [52]
 [55]
 [49]
 [57]
 [57]
 [57]
 [57]
 [57]
 [57]
 [53]
 [45]
 [48]
 [32]
 [54]
 [52]
 [49]
 [50]
 [46]
 [55]
 [55]
 [48]
 [52]
 [54]
 [56]
 [45]
 [49]] 
------------------------ Dataset: Uet ------------------------
shape: (19, 1), dtype: uint16
Data:[[54]
 [54]
 [48]
 [52]
 [46]
 [56]
 [51]
 [48]
 [48]
 [56]
 [54]
 [57]
 [57]
 [57]
 [57]
 [57]
 [57]
 [45]
 [49]] 
------------------------ Dataset: Ueu ------------------------
shape: (33, 1), dtype: uint16
Data:[[54]
 [54]
 [50]
 [48]
 [46]
 [56]
 [48]
 [50]
 [48]
 [48]
 [52]
 [45]
 [48]
 [32]
 [54]
 [54]
 [50]
 [48]
 [46]
 [56]
 [48]
 [54]
 [48]
 [55]
 [54]
 [57]
 [57]
 [57]
 [57]
 [57]
 [57]
 [45]
 [49]] 
------------------------ Dataset: Uev ------------------------
shape: (31, 1), dtype: uint16
Data:[[54]
 [54]
 [51]
 [54]
 [46]
 [54]
 [53]
 [56]
 [49]
 [45]
 [48]
 [32]
 [54]
 [54]
 [51]
 [54]
 [46]
 [54]
 [53]
 [52]
 [48]
 [56]
 [55]
 [57]
 [57]
 [57]
 [57]
 [57]
 [57]
 [45]
 [49]] 
------------------------ Dataset: Uew ------------------------
shape: (19, 1), dtype: uint16
Data:[[54]
 [54]
 [53]
 [50]
 [46]
 [50]
 [51]
 [56]
 [48]
 [51]
 [57]
 [57]
 [57]
 [57]
 [57]
 [57]
 [57]
 [45]
 [48]] 
------------------------ Dataset: Uex ------------------------
shape: (33, 1), dtype: uint16
Data:[[54]
 [54]
 [54]
 [56]
 [46]
 [49]
 [48]
 [50]
 [49]
 [48]
 [53]
 [57]
 [57]
 [57]
 [57]
 [57]
 [57]
 [45]
 [48]
 [32]
 [54]
 [54]
 [54]
 [56]
 [46]
 [49]
 [48]
 [54]
 [57]
 [49]
 [52]
 [45]
 [49]] 
------------------------ Dataset: Uey ------------------------
shape: (26, 1), dtype: uint16
Data:[[54]
 [54]
 [56]
 [52]
 [46]
 [48]
 [49]
 [52]
 [49]
 [57]
 [54]
 [45]
 [48]
 [32]
 [54]
 [54]
 [56]
 [52]
 [46]
 [48]
 [49]
 [56]
 [49]
 [54]
 [45]
 [49]] 
------------------------ Dataset: Uez ------------------------
shape: (33, 1), dtype: uint16
Data:[[53]
 [57]
 [48]
 [49]
 [46]
 [57]
 [52]
 [53]
 [55]
 [55]
 [49]
 [45]
 [48]
 [32]
 [53]
 [57]
 [48]
 [49]
 [46]
 [57]
 [52]
 [57]
 [55]
 [54]
 [52]
 [57]
 [57]
 [57]
 [57]
 [57]
 [57]
 [45]
 [49]] 
------------------------ Dataset: Uf ------------------------

shape: (1, 6), dtype: uint32
Data:[[3707764736          2          1          1        287          1]] 
------------------------ Dataset: Veb ------------------------
shape: (27, 1), dtype: uint16
Data:[[54]
 [55]
 [54]
 [53]
 [46]
 [55]
 [50]
 [50]
 [49]
 [49]
 [51]
 [45]
 [48]
 [32]
 [54]
 [55]
 [54]
 [53]
 [46]
 [55]
 [49]
 [56]
 [49]
 [50]
 [57]
 [45]
 [49]] 
------------------------ Dataset: Vec ------------------------
shape: (27, 1), dtype: uint16
Data:[[54]
 [55]
 [56]
 [49]
 [46]
 [53]
 [56]
 [49]
 [55]
 [54]
 [55]
 [45]
 [48]
 [32]
 [54]
 [55]
 [56]
 [49]
 [46]
 [53]
 [56]
 [49]
 [49]
 [52]
 [57]
 [45]
 [49]] 
------------------------ Dataset: Ved ------------------------
shape: (34, 1), dtype: uint16
Data:[[54]
 [50]
 [57]
 [52]
 [46]
 [51]
 [49]
 [56]
 [51]
 [50]
 [50]
 [57]
 [57]
 [57]
 [57]
 [57]
 [57]
 [53]
 [45]
 [48]
 [32]
 [54]
 [50]
 [57]
 [52]
 [46]
 [51]
 [49]
 [53]
 [48]
 [51]
 [51]
 [45]
 [49]] 
------------------------ Dataset: Vee ------------------------
shape: (27, 1), dtype: uint16
Data:[[54]
 [51]
 [49]
 [48]
 [46]
 [49]
 [51]
 [51]
 [57]
 [53]
 [51]
 [45]
 [48]
 [32]
 [54]
 [51]
 [49]
 [48]
 [46]
 [49]
 [50]
 [57]
 [56]
 [53]
 [54]
 [45]
 [49]] 
------------------------ Dataset: Vef ------------------------
shape: (40, 1), dtype: uint16
Data:[[54]
 [51]
 [50]
 [53]
 [46]
 [57]
 [57]
 [48]
 [49]
 [54]
 [50]
 [57]
 [57]
 [57]
 [57]
 [57]
 [57]
 [53]
 [45]
 [48]
 [32]
 [54]
 [51]
 [50]
 [53]
 [46]
 [57]
 [56]
 [54]
 [48]
 [55]
 [53]
 [57]
 [57]
 [57]
 [57]
 [57]
 [57]
 [45]
 [49]] 
------------------------ Dataset: Veg ------------------------
shape: (33, 1), dtype: uint16
Data:[[54]
 [51]
 [52]
 [49]
 [46]
 [56]
 [49]
 [51]
 [57]
 [49]
 [56]
 [57]
 [57]
 [57]
 [57]
 [57]
 [57]
 [45]
 [48]
 [32]
 [54]
 [51]
 [52]
 [49]
 [46]
 [56]
 [49]
 [55]
 [57]
 [53]
 [54]
 [45]
 [49]] 
------------------------ Dataset: Veh ------------------------
shape: (34, 1), dtype: uint16
Data:[[54]
 [53]
 [48]
 [54]
 [46]
 [57]
 [50]
 [49]
 [57]
 [53]
 [51]
 [45]
 [48]
 [32]
 [54]
 [53]
 [48]
 [54]
 [46]
 [57]
 [50]
 [54]
 [50]
 [57]
 [50]
 [57]
 [57]
 [57]
 [57]
 [57]
 [57]
 [53]
 [45]
 [49]] 
------------------------ Dataset: Vei ------------------------
shape: (27, 1), dtype: uint16
Data:[[54]
 [53]
 [50]
 [50]
 [46]
 [55]
 [51]
 [56]
 [54]
 [54]
 [53]
 [45]
 [48]
 [32]
 [54]
 [53]
 [50]
 [50]
 [46]
 [55]
 [52]
 [50]
 [56]
 [49]
 [51]
 [45]
 [49]] 
------------------------ Dataset: Vej ------------------------
shape: (33, 1), dtype: uint16
Data:[[54]
 [48]
 [49]
 [56]
 [46]
 [51]
 [48]
 [57]
 [55]
 [51]
 [53]
 [57]
 [57]
 [57]
 [57]
 [57]
 [57]
 [45]
 [48]
 [32]
 [54]
 [48]
 [49]
 [56]
 [46]
 [51]
 [49]
 [51]
 [56]
 [49]
 [56]
 [45]
 [49]] 
------------------------ Dataset: Vek ------------------------
shape: (40, 1), dtype: uint16
Data:[[54]
 [48]
 [51]
 [52]
 [46]
 [49]
 [50]
 [53]
 [55]
 [55]
 [52]
 [57]
 [57]
 [57]
 [57]
 [57]
 [57]
 [53]
 [45]
 [48]
 [32]
 [54]
 [48]
 [51]
 [52]
 [46]
 [49]
 [50]
 [50]
 [51]
 [49]
 [54]
 [57]
 [57]
 [57]
 [57]
 [57]
 [57]
 [45]
 [49]] 
------------------------ Dataset: Vel ------------------------
shape: (39, 1), dtype: uint16
Data:[[54]
 [48]
 [52]
 [57]
 [46]
 [55]
 [50]
 [49]
 [56]
 [49]
 [56]
 [57]
 [57]
 [57]
 [57]
 [57]
 [57]
 [45]
 [48]
 [32]
 [54]
 [48]
 [52]
 [57]
 [46]
 [55]
 [50]
 [54]
 [48]
 [54]
 [48]
 [57]
 [57]
 [57]
 [57]
 [57]
 [57]
 [45]
 [49]] 
------------------------ Dataset: Vem ------------------------
shape: (39, 1), dtype: uint16
Data:[[54]
 [48]
 [54]
 [53]
 [46]
 [54]
 [49]
 [55]
 [55]
 [56]
 [49]
 [57]
 [57]
 [57]
 [57]
 [57]
 [57]
 [45]
 [48]
 [32]
 [54]
 [48]
 [54]
 [53]
 [46]
 [54]
 [50]
 [49]
 [57]
 [54]
 [57]
 [57]
 [57]
 [57]
 [57]
 [57]
 [57]
 [45]
 [49]] 
------------------------ Dataset: Ven ------------------------
shape: (39, 1), dtype: uint16
Data:[[54]
 [48]
 [56]
 [49]
 [46]
 [53]
 [54]
 [49]
 [55]
 [53]
 [56]
 [57]
 [57]
 [57]
 [57]
 [57]
 [57]
 [45]
 [48]
 [32]
 [54]
 [48]
 [56]
 [49]
 [46]
 [53]
 [54]
 [53]
 [56]
 [51]
 [49]
 [57]
 [57]
 [57]
 [57]
 [57]
 [57]
 [45]
 [49]] 
------------------------ Dataset: Veo ------------------------
shape: (27, 1), dtype: uint16
Data:[[53]
 [54]
 [52]
 [50]
 [46]
 [50]
 [54]
 [53]
 [53]
 [48]
 [54]
 [45]
 [48]
 [32]
 [53]
 [54]
 [52]
 [50]
 [46]
 [50]
 [54]
 [53]
 [53]
 [51]
 [57]
 [45]
 [49]] 
------------------------ Dataset: Vep ------------------------
shape: (27, 1), dtype: uint16
Data:[[53]
 [54]
 [53]
 [56]
 [46]
 [48]
 [49]
 [57]
 [55]
 [50]
 [53]
 [45]
 [48]
 [32]
 [53]
 [54]
 [53]
 [56]
 [46]
 [48]
 [49]
 [57]
 [54]
 [53]
 [57]
 [45]
 [49]] 
------------------------ Dataset: Veq ------------------------
shape: (26, 1), dtype: uint16
Data:[[53]
 [54]
 [55]
 [51]
 [46]
 [55]
 [50]
 [50]
 [54]
 [50]
 [54]
 [45]
 [48]
 [32]
 [53]
 [54]
 [55]
 [51]
 [46]
 [55]
 [50]
 [53]
 [56]
 [56]
 [45]
 [49]] 
------------------------ Dataset: Ver ------------------------
shape: (34, 1), dtype: uint16
Data:[[53]
 [54]
 [56]
 [57]
 [46]
 [52]
 [57]
 [51]
 [53]
 [56]
 [54]
 [45]
 [48]
 [32]
 [53]
 [54]
 [56]
 [57]
 [46]
 [52]
 [57]
 [51]
 [54]
 [48]
 [57]
 [57]
 [57]
 [57]
 [57]
 [57]
 [57]
 [53]
 [45]
 [49]] 
------------------------ Dataset: Ves ------------------------
shape: (27, 1), dtype: uint16
Data:[[54]
 [52]
 [49]
 [50]
 [46]
 [55]
 [55]
 [52]
 [48]
 [52]
 [50]
 [45]
 [48]
 [32]
 [54]
 [52]
 [49]
 [50]
 [46]
 [55]
 [55]
 [48]
 [52]
 [54]
 [56]
 [45]
 [49]] 
------------------------ Dataset: Vet ------------------------
shape: (27, 1), dtype: uint16
Data:[[54]
 [54]
 [48]
 [52]
 [46]
 [56]
 [50]
 [54]
 [48]
 [56]
 [51]
 [45]
 [48]
 [32]
 [54]
 [54]
 [48]
 [52]
 [46]
 [56]
 [51]
 [56]
 [49]
 [49]
 [56]
 [45]
 [49]] 
------------------------ Dataset: Veu ------------------------
shape: (33, 1), dtype: uint16
Data:[[54]
 [54]
 [50]
 [48]
 [46]
 [56]
 [49]
 [48]
 [48]
 [49]
 [53]
 [45]
 [48]
 [32]
 [54]
 [54]
 [50]
 [48]
 [46]
 [56]
 [48]
 [54]
 [48]
 [55]
 [54]
 [57]
 [57]
 [57]
 [57]
 [57]
 [57]
 [45]
 [49]] 
------------------------ Dataset: Vev ------------------------
shape: (31, 1), dtype: uint16
Data:[[54]
 [54]
 [51]
 [54]
 [46]
 [54]
 [53]
 [56]
 [49]
 [45]
 [48]
 [32]
 [54]
 [54]
 [51]
 [54]
 [46]
 [54]
 [54]
 [50]
 [49]
 [48]
 [57]
 [57]
 [57]
 [57]
 [57]
 [57]
 [57]
 [45]
 [49]] 
------------------------ Dataset: Vew ------------------------
shape: (19, 1), dtype: uint16
Data:[[54]
 [54]
 [53]
 [50]
 [46]
 [50]
 [52]
 [50]
 [48]
 [55]
 [50]
 [57]
 [57]
 [57]
 [57]
 [57]
 [57]
 [45]
 [49]] 
------------------------ Dataset: Vex ------------------------
shape: (33, 1), dtype: uint16
Data:[[54]
 [54]
 [54]
 [56]
 [46]
 [49]
 [49]
 [48]
 [48]
 [51]
 [48]
 [57]
 [57]
 [57]
 [57]
 [57]
 [57]
 [45]
 [48]
 [32]
 [54]
 [54]
 [54]
 [56]
 [46]
 [49]
 [48]
 [54]
 [57]
 [49]
 [52]
 [45]
 [49]] 
------------------------ Dataset: Vey ------------------------
shape: (32, 1), dtype: uint16
Data:[[54]
 [54]
 [56]
 [52]
 [46]
 [48]
 [50]
 [50]
 [48]
 [54]
 [55]
 [57]
 [57]
 [57]
 [57]
 [57]
 [57]
 [45]
 [48]
 [32]
 [54]
 [54]
 [56]
 [52]
 [46]
 [48]
 [49]
 [56]
 [49]
 [54]
 [45]
 [49]] 
------------------------ Dataset: Vez ------------------------
shape: (33, 1), dtype: uint16
Data:[[53]
 [57]
 [48]
 [49]
 [46]
 [57]
 [53]
 [51]
 [57]
 [51]
 [54]
 [45]
 [48]
 [32]
 [53]
 [57]
 [48]
 [49]
 [46]
 [57]
 [52]
 [57]
 [55]
 [54]
 [52]
 [57]
 [57]
 [57]
 [57]
 [57]
 [57]
 [45]
 [49]] 
------------------------ Dataset: Vf ------------------------

shape: (1, 6), dtype: uint32
Data:[[3707764736          2          1          1        288          1]] 
------------------------ Dataset: Web ------------------------
shape: (33, 1), dtype: uint16
Data:[[54]
 [55]
 [54]
 [53]
 [46]
 [55]
 [50]
 [50]
 [49]
 [49]
 [51]
 [45]
 [48]
 [32]
 [54]
 [55]
 [54]
 [53]
 [46]
 [55]
 [50]
 [55]
 [55]
 [56]
 [55]
 [57]
 [57]
 [57]
 [57]
 [57]
 [57]
 [45]
 [49]] 
------------------------ Dataset: Wec ------------------------
shape: (26, 1), dtype: uint16
Data:[[54]
 [55]
 [56]
 [49]
 [46]
 [53]
 [56]
 [49]
 [55]
 [54]
 [55]
 [45]
 [48]
 [32]
 [54]
 [55]
 [56]
 [49]
 [46]
 [53]
 [56]
 [52]
 [57]
 [55]
 [45]
 [49]] 
------------------------ Dataset: Wed ------------------------
shape: (34, 1), dtype: uint16
Data:[[54]
 [50]
 [57]
 [52]
 [46]
 [51]
 [49]
 [56]
 [51]
 [50]
 [50]
 [57]
 [57]
 [57]
 [57]
 [57]
 [57]
 [53]
 [45]
 [48]
 [32]
 [54]
 [50]
 [57]
 [52]
 [46]
 [51]
 [50]
 [49]
 [57]
 [51]
 [53]
 [45]
 [49]] 
------------------------ Dataset: Wee ------------------------
shape: (27, 1), dtype: uint16
Data:[[54]
 [51]
 [49]
 [48]
 [46]
 [49]
 [51]
 [51]
 [57]
 [53]
 [51]
 [45]
 [48]
 [32]
 [54]
 [51]
 [49]
 [48]
 [46]
 [49]
 [51]
 [55]
 [57]
 [52]
 [56]
 [45]
 [49]] 
------------------------ Dataset: Wef ------------------------
shape: (34, 1), dtype: uint16
Data:[[54]
 [51]
 [50]
 [53]
 [46]
 [57]
 [57]
 [48]
 [49]
 [54]
 [50]
 [57]
 [57]
 [57]
 [57]
 [57]
 [57]
 [53]
 [45]
 [48]
 [32]
 [54]
 [51]
 [50]
 [53]
 [46]
 [57]
 [57]
 [51]
 [57]
 [52]
 [54]
 [45]
 [49]] 
------------------------ Dataset: Weg ------------------------
shape: (27, 1), dtype: uint16
Data:[[54]
 [51]
 [52]
 [49]
 [46]
 [56]
 [50]
 [49]
 [56]
 [52]
 [54]
 [45]
 [48]
 [32]
 [54]
 [51]
 [52]
 [49]
 [46]
 [56]
 [49]
 [55]
 [57]
 [53]
 [54]
 [45]
 [49]] 
------------------------ Dataset: Weh ------------------------
shape: (34, 1), dtype: uint16
Data:[[54]
 [53]
 [48]
 [54]
 [46]
 [57]
 [50]
 [57]
 [57]
 [56]
 [54]
 [45]
 [48]
 [32]
 [54]
 [53]
 [48]
 [54]
 [46]
 [57]
 [50]
 [54]
 [50]
 [57]
 [50]
 [57]
 [57]
 [57]
 [57]
 [57]
 [57]
 [53]
 [45]
 [49]] 
------------------------ Dataset: Wei ------------------------
shape: (27, 1), dtype: uint16
Data:[[54]
 [53]
 [50]
 [50]
 [46]
 [55]
 [52]
 [54]
 [51]
 [56]
 [52]
 [45]
 [48]
 [32]
 [54]
 [53]
 [50]
 [50]
 [46]
 [55]
 [52]
 [50]
 [56]
 [49]
 [51]
 [45]
 [49]] 
------------------------ Dataset: Wej ------------------------
shape: (34, 1), dtype: uint16
Data:[[54]
 [48]
 [49]
 [56]
 [46]
 [51]
 [49]
 [55]
 [56]
 [51]
 [51]
 [57]
 [57]
 [57]
 [57]
 [57]
 [57]
 [53]
 [45]
 [48]
 [32]
 [54]
 [48]
 [49]
 [56]
 [46]
 [51]
 [49]
 [51]
 [56]
 [49]
 [56]
 [45]
 [49]] 
------------------------ Dataset: Wek ------------------------
shape: (34, 1), dtype: uint16
Data:[[54]
 [48]
 [51]
 [52]
 [46]
 [49]
 [50]
 [53]
 [55]
 [55]
 [52]
 [57]
 [57]
 [57]
 [57]
 [57]
 [57]
 [53]
 [45]
 [48]
 [32]
 [54]
 [48]
 [51]
 [52]
 [46]
 [49]
 [50]
 [56]
 [52]
 [50]
 [50]
 [45]
 [49]] 
------------------------ Dataset: Wel ------------------------
shape: (39, 1), dtype: uint16
Data:[[54]
 [48]
 [52]
 [57]
 [46]
 [55]
 [50]
 [57]
 [55]
 [56]
 [49]
 [57]
 [57]
 [57]
 [57]
 [57]
 [57]
 [45]
 [48]
 [32]
 [54]
 [48]
 [52]
 [57]
 [46]
 [55]
 [50]
 [54]
 [48]
 [54]
 [48]
 [57]
 [57]
 [57]
 [57]
 [57]
 [57]
 [45]
 [49]] 
------------------------ Dataset: Wem ------------------------
shape: (33, 1), dtype: uint16
Data:[[54]
 [48]
 [54]
 [53]
 [46]
 [54]
 [50]
 [53]
 [55]
 [54]
 [54]
 [45]
 [48]
 [32]
 [54]
 [48]
 [54]
 [53]
 [46]
 [54]
 [50]
 [49]
 [57]
 [54]
 [57]
 [57]
 [57]
 [57]
 [57]
 [57]
 [57]
 [45]
 [49]] 
------------------------ Dataset: Wen ------------------------
shape: (40, 1), dtype: uint16
Data:[[54]
 [48]
 [56]
 [49]
 [46]
 [53]
 [54]
 [57]
 [56]
 [50]
 [49]
 [57]
 [57]
 [57]
 [57]
 [57]
 [57]
 [53]
 [45]
 [48]
 [32]
 [54]
 [48]
 [56]
 [49]
 [46]
 [53]
 [54]
 [53]
 [56]
 [51]
 [49]
 [57]
 [57]
 [57]
 [57]
 [57]
 [57]
 [45]
 [49]] 
------------------------ Dataset: Weo ------------------------
shape: (27, 1), dtype: uint16
Data:[[53]
 [54]
 [52]
 [50]
 [46]
 [50]
 [55]
 [51]
 [53]
 [50]
 [57]
 [45]
 [48]
 [32]
 [53]
 [54]
 [52]
 [50]
 [46]
 [50]
 [54]
 [53]
 [53]
 [51]
 [57]
 [45]
 [49]] 
------------------------ Dataset: Wep ------------------------
shape: (33, 1), dtype: uint16
Data:[[53]
 [54]
 [53]
 [56]
 [46]
 [48]
 [49]
 [57]
 [55]
 [50]
 [53]
 [45]
 [48]
 [32]
 [53]
 [54]
 [53]
 [56]
 [46]
 [48]
 [50]
 [52]
 [48]
 [54]
 [51]
 [57]
 [57]
 [57]
 [57]
 [57]
 [57]
 [45]
 [49]] 
------------------------ Dataset: Weq ------------------------
shape: (26, 1), dtype: uint16
Data:[[53]
 [54]
 [55]
 [51]
 [46]
 [55]
 [50]
 [57]
 [53]
 [56]
 [57]
 [45]
 [48]
 [32]
 [53]
 [54]
 [55]
 [51]
 [46]
 [55]
 [50]
 [53]
 [56]
 [56]
 [45]
 [49]] 
------------------------ Dataset: Wer ------------------------
shape: (41, 1), dtype: uint16
Data:[[53]
 [54]
 [56]
 [57]
 [46]
 [53]
 [48]
 [49]
 [52]
 [56]
 [54]
 [57]
 [57]
 [57]
 [57]
 [57]
 [57]
 [53]
 [45]
 [48]
 [32]
 [53]
 [54]
 [56]
 [57]
 [46]
 [52]
 [57]
 [51]
 [54]
 [48]
 [57]
 [57]
 [57]
 [57]
 [57]
 [57]
 [57]
 [53]
 [45]
 [49]] 
------------------------ Dataset: Wes ------------------------
shape: (34, 1), dtype: uint16
Data:[[54]
 [52]
 [49]
 [50]
 [46]
 [55]
 [55]
 [52]
 [48]
 [52]
 [50]
 [45]
 [48]
 [32]
 [54]
 [52]
 [49]
 [50]
 [46]
 [55]
 [55]
 [56]
 [48]
 [50]
 [57]
 [57]
 [57]
 [57]
 [57]
 [57]
 [57]
 [53]
 [45]
 [49]] 
------------------------ Dataset: Wet ------------------------
shape: (26, 1), dtype: uint16
Data:[[54]
 [54]
 [48]
 [52]
 [46]
 [56]
 [51]
 [52]
 [49]
 [55]
 [45]
 [48]
 [32]
 [54]
 [54]
 [48]
 [52]
 [46]
 [56]
 [51]
 [56]
 [49]
 [49]
 [56]
 [45]
 [49]] 
------------------------ Dataset: Weu ------------------------
shape: (27, 1), dtype: uint16
Data:[[54]
 [54]
 [50]
 [48]
 [46]
 [56]
 [49]
 [48]
 [48]
 [49]
 [53]
 [45]
 [48]
 [32]
 [54]
 [54]
 [50]
 [48]
 [46]
 [56]
 [49]
 [52]
 [48]
 [50]
 [50]
 [45]
 [49]] 
------------------------ Dataset: Wev ------------------------
shape: (33, 1), dtype: uint16
Data:[[54]
 [54]
 [51]
 [54]
 [46]
 [54]
 [54]
 [54]
 [57]
 [48]
 [55]
 [45]
 [48]
 [32]
 [54]
 [54]
 [51]
 [54]
 [46]
 [54]
 [54]
 [50]
 [49]
 [48]
 [57]
 [57]
 [57]
 [57]
 [57]
 [57]
 [57]
 [45]
 [49]] 
------------------------ Dataset: Wew ------------------------
shape: (13, 1), dtype: uint16
Data:[[54]
 [54]
 [53]
 [50]
 [46]
 [50]
 [52]
 [54]
 [49]
 [50]
 [57]
 [45]
 [48]] 
------------------------ Dataset: Wex ------------------------
shape: (39, 1), dtype: uint16
Data:[[54]
 [54]
 [54]
 [56]
 [46]
 [49]
 [49]
 [48]
 [48]
 [51]
 [48]
 [57]
 [57]
 [57]
 [57]
 [57]
 [57]
 [45]
 [48]
 [32]
 [54]
 [54]
 [54]
 [56]
 [46]
 [49]
 [49]
 [52]
 [49]
 [48]
 [54]
 [57]
 [57]
 [57]
 [57]
 [57]
 [57]
 [45]
 [49]] 
------------------------ Dataset: Wey ------------------------
shape: (39, 1), dtype: uint16
Data:[[54]
 [54]
 [56]
 [52]
 [46]
 [48]
 [50]
 [50]
 [48]
 [54]
 [55]
 [57]
 [57]
 [57]
 [57]
 [57]
 [57]
 [45]
 [48]
 [32]
 [54]
 [54]
 [56]
 [52]
 [46]
 [48]
 [50]
 [54]
 [48]
 [56]
 [49]
 [57]
 [57]
 [57]
 [57]
 [57]
 [57]
 [45]
 [49]] 
------------------------ Dataset: Wez ------------------------
shape: (27, 1), dtype: uint16
Data:[[53]
 [57]
 [48]
 [49]
 [46]
 [57]
 [53]
 [51]
 [57]
 [51]
 [54]
 [45]
 [48]
 [32]
 [53]
 [57]
 [48]
 [49]
 [46]
 [57]
 [53]
 [55]
 [55]
 [50]
 [49]
 [45]
 [49]] 
------------------------ Dataset: Wf ------------------------

shape: (1, 6), dtype: uint32
Data:[[3707764736          2          1          1        289          1]] 
------------------------ Dataset: Xeb ------------------------
shape: (33, 1), dtype: uint16
Data:[[54]
 [55]
 [54]
 [53]
 [46]
 [55]
 [51]
 [49]
 [54]
 [51]
 [57]
 [45]
 [48]
 [32]
 [54]
 [55]
 [54]
 [53]
 [46]
 [55]
 [50]
 [55]
 [55]
 [56]
 [55]
 [57]
 [57]
 [57]
 [57]
 [57]
 [57]
 [45]
 [49]] 
------------------------ Dataset: Xec ------------------------
shape: (26, 1), dtype: uint16
Data:[[54]
 [55]
 [56]
 [49]
 [46]
 [53]
 [56]
 [54]
 [50]
 [52]
 [49]
 [45]
 [48]
 [32]
 [54]
 [55]
 [56]
 [49]
 [46]
 [53]
 [56]
 [52]
 [57]
 [55]
 [45]
 [49]] 
------------------------ Dataset: Xed ------------------------
shape: (26, 1), dtype: uint16
Data:[[54]
 [50]
 [57]
 [52]
 [46]
 [51]
 [50]
 [53]
 [57]
 [52]
 [45]
 [48]
 [32]
 [54]
 [50]
 [57]
 [52]
 [46]
 [51]
 [50]
 [49]
 [57]
 [51]
 [53]
 [45]
 [49]] 
------------------------ Dataset: Xee ------------------------
shape: (27, 1), dtype: uint16
Data:[[54]
 [51]
 [49]
 [48]
 [46]
 [49]
 [52]
 [49]
 [57]
 [49]
 [50]
 [45]
 [48]
 [32]
 [54]
 [51]
 [49]
 [48]
 [46]
 [49]
 [51]
 [55]
 [57]
 [52]
 [56]
 [45]
 [49]] 
------------------------ Dataset: Xef ------------------------
shape: (33, 1), dtype: uint16
Data:[[54]
 [51]
 [50]
 [53]
 [46]
 [57]
 [57]
 [55]
 [57]
 [56]
 [53]
 [57]
 [57]
 [57]
 [57]
 [57]
 [57]
 [45]
 [48]
 [32]
 [54]
 [51]
 [50]
 [53]
 [46]
 [57]
 [57]
 [51]
 [57]
 [52]
 [54]
 [45]
 [49]] 
------------------------ Dataset: Xeg ------------------------
shape: (27, 1), dtype: uint16
Data:[[54]
 [51]
 [52]
 [49]
 [46]
 [56]
 [50]
 [49]
 [56]
 [52]
 [54]
 [45]
 [48]
 [32]
 [54]
 [51]
 [52]
 [49]
 [46]
 [56]
 [50]
 [53]
 [57]
 [48]
 [50]
 [45]
 [49]] 
------------------------ Dataset: Xeh ------------------------
shape: (27, 1), dtype: uint16
Data:[[54]
 [53]
 [48]
 [54]
 [46]
 [57]
 [50]
 [57]
 [57]
 [56]
 [54]
 [45]
 [48]
 [32]
 [54]
 [53]
 [48]
 [54]
 [46]
 [57]
 [51]
 [52]
 [48]
 [48]
 [57]
 [45]
 [49]] 
------------------------ Dataset: Xei ------------------------
shape: (27, 1), dtype: uint16
Data:[[54]
 [53]
 [50]
 [50]
 [46]
 [55]
 [52]
 [54]
 [51]
 [56]
 [52]
 [45]
 [48]
 [32]
 [54]
 [53]
 [50]
 [50]
 [46]
 [55]
 [53]
 [48]
 [49]
 [57]
 [53]
 [45]
 [49]] 
------------------------ Dataset: Xej ------------------------
shape: (34, 1), dtype: uint16
Data:[[54]
 [48]
 [49]
 [56]
 [46]
 [51]
 [49]
 [55]
 [56]
 [51]
 [51]
 [57]
 [57]
 [57]
 [57]
 [57]
 [57]
 [53]
 [45]
 [48]
 [32]
 [54]
 [48]
 [49]
 [56]
 [46]
 [51]
 [50]
 [50]
 [48]
 [48]
 [52]
 [45]
 [49]] 
------------------------ Dataset: Xek ------------------------
shape: (27, 1), dtype: uint16
Data:[[54]
 [48]
 [51]
 [52]
 [46]
 [49]
 [51]
 [50]
 [50]
 [54]
 [52]
 [45]
 [48]
 [32]
 [54]
 [48]
 [51]
 [52]
 [46]
 [49]
 [50]
 [56]
 [52]
 [50]
 [50]
 [45]
 [49]] 
------------------------ Dataset: Xel ------------------------
shape: (39, 1), dtype: uint16
Data:[[54]
 [48]
 [52]
 [57]
 [46]
 [55]
 [50]
 [57]
 [55]
 [56]
 [49]
 [57]
 [57]
 [57]
 [57]
 [57]
 [57]
 [45]
 [48]
 [32]
 [54]
 [48]
 [52]
 [57]
 [46]
 [55]
 [51]
 [51]
 [55]
 [56]
 [57]
 [57]
 [57]
 [57]
 [57]
 [57]
 [57]
 [45]
 [49]] 
------------------------ Dataset: Xem ------------------------
shape: (27, 1), dtype: uint16
Data:[[54]
 [48]
 [54]
 [53]
 [46]
 [54]
 [50]
 [53]
 [55]
 [54]
 [54]
 [45]
 [48]
 [32]
 [54]
 [48]
 [54]
 [53]
 [46]
 [54]
 [50]
 [57]
 [55]
 [50]
 [53]
 [45]
 [49]] 
------------------------ Dataset: Xen ------------------------
shape: (40, 1), dtype: uint16
Data:[[54]
 [48]
 [56]
 [49]
 [46]
 [53]
 [54]
 [57]
 [56]
 [50]
 [49]
 [57]
 [57]
 [57]
 [57]
 [57]
 [57]
 [53]
 [45]
 [48]
 [32]
 [54]
 [48]
 [56]
 [49]
 [46]
 [53]
 [55]
 [51]
 [56]
 [56]
 [48]
 [57]
 [57]
 [57]
 [57]
 [57]
 [57]
 [45]
 [49]] 
------------------------ Dataset: Xeo ------------------------
shape: (27, 1), dtype: uint16
Data:[[53]
 [54]
 [52]
 [50]
 [46]
 [50]
 [55]
 [51]
 [53]
 [50]
 [57]
 [45]
 [48]
 [32]
 [53]
 [54]
 [52]
 [50]
 [46]
 [50]
 [55]
 [51]
 [53]
 [52]
 [49]
 [45]
 [49]] 
------------------------ Dataset: Xep ------------------------
shape: (33, 1), dtype: uint16
Data:[[53]
 [54]
 [53]
 [56]
 [46]
 [48]
 [50]
 [54]
 [50]
 [55]
 [55]
 [45]
 [48]
 [32]
 [53]
 [54]
 [53]
 [56]
 [46]
 [48]
 [50]
 [52]
 [48]
 [54]
 [51]
 [57]
 [57]
 [57]
 [57]
 [57]
 [57]
 [45]
 [49]] 
------------------------ Dataset: Xeq ------------------------
shape: (34, 1), dtype: uint16
Data:[[53]
 [54]
 [55]
 [51]
 [46]
 [55]
 [50]
 [57]
 [53]
 [56]
 [57]
 [45]
 [48]
 [32]
 [53]
 [54]
 [55]
 [51]
 [46]
 [55]
 [51]
 [51]
 [54]
 [49]
 [53]
 [57]
 [57]
 [57]
 [57]
 [57]
 [57]
 [53]
 [45]
 [49]] 
------------------------ Dataset: Xer ------------------------
shape: (34, 1), dtype: uint16
Data:[[53]
 [54]
 [56]
 [57]
 [46]
 [53]
 [48]
 [49]
 [52]
 [56]
 [54]
 [57]
 [57]
 [57]
 [57]
 [57]
 [57]
 [53]
 [45]
 [48]
 [32]
 [53]
 [54]
 [56]
 [57]
 [46]
 [53]
 [48]
 [49]
 [52]
 [57]
 [52]
 [45]
 [49]] 
------------------------ Dataset: Xes ------------------------
shape: (34, 1), dtype: uint16
Data:[[54]
 [52]
 [49]
 [50]
 [46]
 [55]
 [56]
 [50]
 [55]
 [57]
 [52]
 [45]
 [48]
 [32]
 [54]
 [52]
 [49]
 [50]
 [46]
 [55]
 [55]
 [56]
 [48]
 [50]
 [57]
 [57]
 [57]
 [57]
 [57]
 [57]
 [57]
 [53]
 [45]
 [49]] 
------------------------ Dataset: Xet ------------------------
shape: (27, 1), dtype: uint16
Data:[[54]
 [54]
 [48]
 [52]
 [46]
 [56]
 [52]
 [50]
 [48]
 [55]
 [57]
 [45]
 [48]
 [32]
 [54]
 [54]
 [48]
 [52]
 [46]
 [56]
 [51]
 [56]
 [49]
 [49]
 [56]
 [45]
 [49]] 
------------------------ Dataset: Xeu ------------------------
shape: (33, 1), dtype: uint16
Data:[[54]
 [54]
 [50]
 [48]
 [46]
 [56]
 [49]
 [56]
 [48]
 [49]
 [56]
 [57]
 [57]
 [57]
 [57]
 [57]
 [57]
 [45]
 [48]
 [32]
 [54]
 [54]
 [50]
 [48]
 [46]
 [56]
 [49]
 [52]
 [48]
 [50]
 [50]
 [45]
 [49]] 
------------------------ Dataset: Xev ------------------------
shape: (34, 1), dtype: uint16
Data:[[54]
 [54]
 [51]
 [54]
 [46]
 [54]
 [54]
 [54]
 [57]
 [48]
 [55]
 [45]
 [48]
 [32]
 [54]
 [54]
 [51]
 [54]
 [46]
 [54]
 [55]
 [49]
 [55]
 [53]
 [55]
 [57]
 [57]
 [57]
 [57]
 [57]
 [57]
 [53]
 [45]
 [49]] 
------------------------ Dataset: Xew ------------------------
shape: (13, 1), dtype: uint16
Data:[[54]
 [54]
 [53]
 [50]
 [46]
 [50]
 [53]
 [48]
 [49]
 [52]
 [55]
 [45]
 [49]] 
------------------------ Dataset: Xex ------------------------
shape: (33, 1), dtype: uint16
Data:[[54]
 [54]
 [54]
 [56]
 [46]
 [49]
 [49]
 [56]
 [50]
 [57]
 [50]
 [45]
 [48]
 [32]
 [54]
 [54]
 [54]
 [56]
 [46]
 [49]
 [49]
 [52]
 [49]
 [48]
 [54]
 [57]
 [57]
 [57]
 [57]
 [57]
 [57]
 [45]
 [49]] 
------------------------ Dataset: Xey ------------------------
shape: (33, 1), dtype: uint16
Data:[[54]
 [54]
 [56]
 [52]
 [46]
 [48]
 [51]
 [52]
 [57]
 [51]
 [50]
 [45]
 [48]
 [32]
 [54]
 [54]
 [56]
 [52]
 [46]
 [48]
 [50]
 [54]
 [48]
 [56]
 [49]
 [57]
 [57]
 [57]
 [57]
 [57]
 [57]
 [45]
 [49]] 
------------------------ Dataset: Xez ------------------------
shape: (27, 1), dtype: uint16
Data:[[53]
 [57]
 [48]
 [49]
 [46]
 [57]
 [54]
 [49]
 [55]
 [56]
 [57]
 [45]
 [48]
 [32]
 [53]
 [57]
 [48]
 [49]
 [46]
 [57]
 [53]
 [55]
 [55]
 [50]
 [49]
 [45]
 [49]] 
------------------------ Dataset: Xf ------------------------

shape: (1, 6), dtype: uint32
Data:[[3707764736          2          1          1        290          1]] 
------------------------ Dataset: Yeb ------------------------
shape: (33, 1), dtype: uint16
Data:[[54]
 [55]
 [54]
 [53]
 [46]
 [55]
 [51]
 [49]
 [54]
 [51]
 [57]
 [45]
 [48]
 [32]
 [54]
 [55]
 [54]
 [53]
 [46]
 [55]
 [52]
 [48]
 [57]
 [56]
 [49]
 [57]
 [57]
 [57]
 [57]
 [57]
 [57]
 [45]
 [49]] 
------------------------ Dataset: Yec ------------------------
shape: (27, 1), dtype: uint16
Data:[[54]
 [55]
 [56]
 [49]
 [46]
 [53]
 [56]
 [54]
 [50]
 [52]
 [49]
 [45]
 [48]
 [32]
 [54]
 [55]
 [56]
 [49]
 [46]
 [53]
 [57]
 [48]
 [53]
 [48]
 [53]
 [45]
 [49]] 
------------------------ Dataset: Yed ------------------------
shape: (26, 1), dtype: uint16
Data:[[54]
 [50]
 [57]
 [52]
 [46]
 [51]
 [50]
 [53]
 [57]
 [52]
 [45]
 [48]
 [32]
 [54]
 [50]
 [57]
 [52]
 [46]
 [51]
 [50]
 [57]
 [57]
 [52]
 [57]
 [45]
 [49]] 
------------------------ Dataset: Yee ------------------------
shape: (27, 1), dtype: uint16
Data:[[54]
 [51]
 [49]
 [48]
 [46]
 [49]
 [52]
 [49]
 [57]
 [49]
 [50]
 [45]
 [48]
 [32]
 [54]
 [51]
 [49]
 [48]
 [46]
 [49]
 [52]
 [53]
 [57]
 [53]
 [56]
 [45]
 [49]] 
------------------------ Dataset: Yef ------------------------
shape: (33, 1), dtype: uint16
Data:[[54]
 [51]
 [50]
 [53]
 [46]
 [57]
 [57]
 [55]
 [57]
 [56]
 [53]
 [57]
 [57]
 [57]
 [57]
 [57]
 [57]
 [45]
 [48]
 [32]
 [54]
 [51]
 [50]
 [54]
 [46]
 [48]
 [48]
 [49]
 [57]
 [50]
 [51]
 [45]
 [49]] 
------------------------ Dataset: Yeg ------------------------
shape: (27, 1), dtype: uint16
Data:[[54]
 [51]
 [52]
 [49]
 [46]
 [56]
 [50]
 [57]
 [56]
 [56]
 [53]
 [45]
 [48]
 [32]
 [54]
 [51]
 [52]
 [49]
 [46]
 [56]
 [50]
 [53]
 [57]
 [48]
 [50]
 [45]
 [49]] 
------------------------ Dataset: Yeh ------------------------
shape: (34, 1), dtype: uint16
Data:[[54]
 [53]
 [48]
 [54]
 [46]
 [57]
 [51]
 [56]
 [57]
 [53]
 [57]
 [57]
 [57]
 [57]
 [57]
 [57]
 [57]
 [53]
 [45]
 [48]
 [32]
 [54]
 [53]
 [48]
 [54]
 [46]
 [57]
 [51]
 [52]
 [48]
 [48]
 [57]
 [45]
 [49]] 
------------------------ Dataset: Yei ------------------------
shape: (27, 1), dtype: uint16
Data:[[54]
 [53]
 [50]
 [50]
 [46]
 [55]
 [53]
 [53]
 [56]
 [56]
 [57]
 [45]
 [48]
 [32]
 [54]
 [53]
 [50]
 [50]
 [46]
 [55]
 [53]
 [48]
 [49]
 [57]
 [53]
 [45]
 [49]] 
------------------------ Dataset: Yej ------------------------
shape: (33, 1), dtype: uint16
Data:[[54]
 [48]
 [49]
 [56]
 [46]
 [51]
 [50]
 [53]
 [56]
 [54]
 [48]
 [57]
 [57]
 [57]
 [57]
 [57]
 [57]
 [45]
 [48]
 [32]
 [54]
 [48]
 [49]
 [56]
 [46]
 [51]
 [50]
 [50]
 [48]
 [48]
 [52]
 [45]
 [49]] 
------------------------ Dataset: Yek ------------------------
shape: (34, 1), dtype: uint16
Data:[[54]
 [48]
 [51]
 [52]
 [46]
 [49]
 [51]
 [50]
 [50]
 [54]
 [52]
 [45]
 [48]
 [32]
 [54]
 [48]
 [51]
 [52]
 [46]
 [49]
 [51]
 [51]
 [52]
 [51]
 [54]
 [57]
 [57]
 [57]
 [57]
 [57]
 [57]
 [53]
 [45]
 [49]] 
------------------------ Dataset: Yel ------------------------
shape: (33, 1), dtype: uint16
Data:[[54]
 [48]
 [52]
 [57]
 [46]
 [55]
 [51]
 [55]
 [56]
 [49]
 [56]
 [45]
 [48]
 [32]
 [54]
 [48]
 [52]
 [57]
 [46]
 [55]
 [51]
 [51]
 [55]
 [56]
 [57]
 [57]
 [57]
 [57]
 [57]
 [57]
 [57]
 [45]
 [49]] 
------------------------ Dataset: Yem ------------------------
shape: (33, 1), dtype: uint16
Data:[[54]
 [48]
 [54]
 [53]
 [46]
 [54]
 [51]
 [51]
 [55]
 [53]
 [48]
 [57]
 [57]
 [57]
 [57]
 [57]
 [57]
 [45]
 [48]
 [32]
 [54]
 [48]
 [54]
 [53]
 [46]
 [54]
 [50]
 [57]
 [55]
 [50]
 [53]
 [45]
 [49]] 
------------------------ Dataset: Yen ------------------------
shape: (33, 1), dtype: uint16
Data:[[54]
 [48]
 [56]
 [49]
 [46]
 [53]
 [55]
 [55]
 [55]
 [55]
 [53]
 [45]
 [48]
 [32]
 [54]
 [48]
 [56]
 [49]
 [46]
 [53]
 [55]
 [51]
 [56]
 [56]
 [48]
 [57]
 [57]
 [57]
 [57]
 [57]
 [57]
 [45]
 [49]] 
------------------------ Dataset: Yeo ------------------------
shape: (33, 1), dtype: uint16
Data:[[53]
 [54]
 [52]
 [50]
 [46]
 [50]
 [56]
 [49]
 [52]
 [56]
 [57]
 [57]
 [57]
 [57]
 [57]
 [57]
 [57]
 [45]
 [48]
 [32]
 [53]
 [54]
 [52]
 [50]
 [46]
 [50]
 [55]
 [51]
 [53]
 [52]
 [49]
 [45]
 [49]] 
------------------------ Dataset: Yep ------------------------
shape: (27, 1), dtype: uint16
Data:[[53]
 [54]
 [53]
 [56]
 [46]
 [48]
 [50]
 [54]
 [50]
 [55]
 [55]
 [45]
 [48]
 [32]
 [53]
 [54]
 [53]
 [56]
 [46]
 [48]
 [51]
 [48]
 [51]
 [53]
 [50]
 [45]
 [49]] 
------------------------ Dataset: Yeq ------------------------
shape: (34, 1), dtype: uint16
Data:[[53]
 [54]
 [55]
 [51]
 [46]
 [55]
 [51]
 [55]
 [54]
 [48]
 [49]
 [45]
 [48]
 [32]
 [53]
 [54]
 [55]
 [51]
 [46]
 [55]
 [51]
 [51]
 [54]
 [49]
 [53]
 [57]
 [57]
 [57]
 [57]
 [57]
 [57]
 [53]
 [45]
 [49]] 
------------------------ Dataset: Yer ------------------------
shape: (27, 1), dtype: uint16
Data:[[53]
 [54]
 [56]
 [57]
 [46]
 [53]
 [49]
 [48]
 [53]
 [50]
 [56]
 [45]
 [48]
 [32]
 [53]
 [54]
 [56]
 [57]
 [46]
 [53]
 [48]
 [49]
 [52]
 [57]
 [52]
 [45]
 [49]] 
------------------------ Dataset: Yes ------------------------
shape: (27, 1), dtype: uint16
Data:[[54]
 [52]
 [49]
 [50]
 [46]
 [55]
 [56]
 [50]
 [55]
 [57]
 [52]
 [45]
 [48]
 [32]
 [54]
 [52]
 [49]
 [50]
 [46]
 [55]
 [56]
 [56]
 [48]
 [55]
 [54]
 [45]
 [49]] 
------------------------ Dataset: Yet ------------------------
shape: (27, 1), dtype: uint16
Data:[[54]
 [54]
 [48]
 [52]
 [46]
 [56]
 [52]
 [50]
 [48]
 [55]
 [57]
 [45]
 [48]
 [32]
 [54]
 [54]
 [48]
 [52]
 [46]
 [56]
 [52]
 [54]
 [51]
 [55]
 [49]
 [45]
 [49]] 
------------------------ Dataset: Yeu ------------------------
shape: (33, 1), dtype: uint16
Data:[[54]
 [54]
 [50]
 [48]
 [46]
 [56]
 [49]
 [56]
 [48]
 [49]
 [56]
 [57]
 [57]
 [57]
 [57]
 [57]
 [57]
 [45]
 [48]
 [32]
 [54]
 [54]
 [50]
 [48]
 [46]
 [56]
 [50]
 [51]
 [48]
 [56]
 [55]
 [45]
 [49]] 
------------------------ Dataset: Yev ------------------------
shape: (40, 1), dtype: uint16
Data:[[54]
 [54]
 [51]
 [54]
 [46]
 [54]
 [55]
 [52]
 [50]
 [50]
 [51]
 [57]
 [57]
 [57]
 [57]
 [57]
 [57]
 [45]
 [48]
 [32]
 [54]
 [54]
 [51]
 [54]
 [46]
 [54]
 [55]
 [49]
 [55]
 [53]
 [55]
 [57]
 [57]
 [57]
 [57]
 [57]
 [57]
 [53]
 [45]
 [49]] 
------------------------ Dataset: Yew ------------------------
shape: (13, 1), dtype: uint16
Data:[[54]
 [54]
 [53]
 [50]
 [46]
 [50]
 [53]
 [52]
 [51]
 [51]
 [54]
 [45]
 [48]] 
------------------------ Dataset: Yex ------------------------
shape: (27, 1), dtype: uint16
Data:[[54]
 [54]
 [54]
 [56]
 [46]
 [49]
 [49]
 [56]
 [50]
 [57]
 [50]
 [45]
 [48]
 [32]
 [54]
 [54]
 [54]
 [56]
 [46]
 [49]
 [50]
 [50]
 [54]
 [50]
 [55]
 [45]
 [49]] 
------------------------ Dataset: Yey ------------------------
shape: (33, 1), dtype: uint16
Data:[[54]
 [54]
 [56]
 [52]
 [46]
 [48]
 [51]
 [52]
 [57]
 [51]
 [50]
 [45]
 [48]
 [32]
 [54]
 [54]
 [56]
 [52]
 [46]
 [48]
 [51]
 [53]
 [48]
 [56]
 [49]
 [57]
 [57]
 [57]
 [57]
 [57]
 [57]
 [45]
 [49]] 
------------------------ Dataset: Yez ------------------------
shape: (27, 1), dtype: uint16
Data:[[53]
 [57]
 [48]
 [49]
 [46]
 [57]
 [54]
 [49]
 [55]
 [56]
 [57]
 [45]
 [48]
 [32]
 [53]
 [57]
 [48]
 [49]
 [46]
 [57]
 [54]
 [53]
 [54]
 [53]
 [53]
 [45]
 [49]] 
------------------------ Dataset: Yf ------------------------

