shape: (1, 6), dtype: uint32
Data:[[3707764736          2          1          1       1601          1]] 
------------------------ Dataset: EAb ------------------------
shape: (26, 1), dtype: uint16
Data:[[54]
 [55]
 [55]
 [49]
 [46]
 [50]
 [55]
 [52]
 [49]
 [48]
 [56]
 [45]
 [48]
 [32]
 [54]
 [55]
 [55]
 [49]
 [46]
 [50]
 [55]
 [48]
 [49]
 [51]
 [45]
 [49]] 
------------------------ Dataset: EAc ------------------------
shape: (34, 1), dtype: uint16
Data:[[54]
 [50]
 [56]
 [52]
 [46]
 [48]
 [52]
 [53]
 [56]
 [51]
 [55]
 [45]
 [48]
 [32]
 [54]
 [50]
 [56]
 [52]
 [46]
 [48]
 [52]
 [57]
 [56]
 [48]
 [57]
 [57]
 [57]
 [57]
 [57]
 [57]
 [57]
 [53]
 [45]
 [49]] 
------------------------ Dataset: EAd ------------------------
shape: (26, 1), dtype: uint16
Data:[[54]
 [50]
 [57]
 [57]
 [46]
 [56]
 [49]
 [51]
 [57]
 [53]
 [45]
 [48]
 [32]
 [54]
 [50]
 [57]
 [57]
 [46]
 [56]
 [49]
 [55]
 [57]
 [53]
 [54]
 [45]
 [49]] 
------------------------ Dataset: EAe ------------------------
shape: (27, 1), dtype: uint16
Data:[[54]
 [51]
 [49]
 [53]
 [46]
 [54]
 [57]
 [51]
 [56]
 [54]
 [50]
 [45]
 [48]
 [32]
 [54]
 [51]
 [49]
 [53]
 [46]
 [54]
 [56]
 [57]
 [56]
 [54]
 [55]
 [45]
 [49]] 
------------------------ Dataset: EAf ------------------------
shape: (26, 1), dtype: uint16
Data:[[54]
 [51]
 [51]
 [49]
 [46]
 [53]
 [50]
 [56]
 [48]
 [48]
 [55]
 [45]
 [48]
 [32]
 [54]
 [51]
 [51]
 [49]
 [46]
 [53]
 [51]
 [50]
 [54]
 [50]
 [45]
 [49]] 
------------------------ Dataset: EAg ------------------------
shape: (27, 1), dtype: uint16
Data:[[54]
 [52]
 [57]
 [54]
 [46]
 [54]
 [56]
 [50]
 [49]
 [48]
 [50]
 [45]
 [48]
 [32]
 [54]
 [52]
 [57]
 [54]
 [46]
 [54]
 [55]
 [56]
 [52]
 [52]
 [53]
 [45]
 [49]] 
------------------------ Dataset: EAh ------------------------
shape: (26, 1), dtype: uint16
Data:[[54]
 [53]
 [49]
 [50]
 [46]
 [52]
 [51]
 [52]
 [50]
 [57]
 [56]
 [45]
 [48]
 [32]
 [54]
 [53]
 [49]
 [50]
 [46]
 [52]
 [51]
 [56]
 [48]
 [57]
 [45]
 [49]] 
------------------------ Dataset: EAi ------------------------
shape: (40, 1), dtype: uint16
Data:[[54]
 [53]
 [50]
 [56]
 [46]
 [50]
 [54]
 [54]
 [48]
 [51]
 [49]
 [57]
 [57]
 [57]
 [57]
 [57]
 [57]
 [53]
 [45]
 [48]
 [32]
 [54]
 [53]
 [50]
 [56]
 [46]
 [50]
 [55]
 [48]
 [48]
 [51]
 [54]
 [57]
 [57]
 [57]
 [57]
 [57]
 [57]
 [45]
 [49]] 
------------------------ Dataset: EAj ------------------------
shape: (33, 1), dtype: uint16
Data:[[54]
 [48]
 [50]
 [51]
 [46]
 [56]
 [53]
 [54]
 [49]
 [55]
 [48]
 [57]
 [57]
 [57]
 [57]
 [57]
 [57]
 [45]
 [48]
 [32]
 [54]
 [48]
 [50]
 [51]
 [46]
 [56]
 [53]
 [54]
 [49]
 [51]
 [55]
 [45]
 [49]] 
------------------------ Dataset: EAk ------------------------
shape: (33, 1), dtype: uint16
Data:[[54]
 [48]
 [51]
 [57]
 [46]
 [54]
 [48]
 [49]
 [57]
 [51]
 [54]
 [57]
 [57]
 [57]
 [57]
 [57]
 [57]
 [45]
 [48]
 [32]
 [54]
 [48]
 [51]
 [57]
 [46]
 [54]
 [48]
 [57]
 [55]
 [50]
 [49]
 [45]
 [49]] 
------------------------ Dataset: EAl ------------------------
shape: (33, 1), dtype: uint16
Data:[[54]
 [48]
 [53]
 [53]
 [46]
 [50]
 [54]
 [54]
 [51]
 [49]
 [48]
 [57]
 [57]
 [57]
 [57]
 [57]
 [57]
 [45]
 [48]
 [32]
 [54]
 [48]
 [53]
 [53]
 [46]
 [50]
 [54]
 [57]
 [56]
 [49]
 [57]
 [45]
 [49]] 
------------------------ Dataset: EAm ------------------------
shape: (32, 1), dtype: uint16
Data:[[54]
 [48]
 [55]
 [49]
 [46]
 [50]
 [48]
 [49]
 [55]
 [50]
 [53]
 [57]
 [57]
 [57]
 [57]
 [57]
 [57]
 [45]
 [48]
 [32]
 [54]
 [48]
 [55]
 [49]
 [46]
 [50]
 [48]
 [53]
 [55]
 [54]
 [45]
 [49]] 
------------------------ Dataset: EAn ------------------------
shape: (27, 1), dtype: uint16
Data:[[53]
 [54]
 [51]
 [50]
 [46]
 [48]
 [55]
 [55]
 [55]
 [50]
 [52]
 [45]
 [48]
 [32]
 [53]
 [54]
 [51]
 [50]
 [46]
 [48]
 [55]
 [51]
 [56]
 [52]
 [56]
 [45]
 [49]] 
------------------------ Dataset: EAo ------------------------
shape: (26, 1), dtype: uint16
Data:[[53]
 [54]
 [52]
 [55]
 [46]
 [55]
 [54]
 [49]
 [57]
 [48]
 [55]
 [45]
 [48]
 [32]
 [53]
 [54]
 [52]
 [55]
 [46]
 [55]
 [54]
 [53]
 [55]
 [49]
 [45]
 [49]] 
------------------------ Dataset: EAp ------------------------
shape: (27, 1), dtype: uint16
Data:[[53]
 [54]
 [54]
 [51]
 [46]
 [52]
 [57]
 [55]
 [54]
 [55]
 [54]
 [45]
 [48]
 [32]
 [53]
 [54]
 [54]
 [51]
 [46]
 [52]
 [57]
 [51]
 [53]
 [57]
 [50]
 [45]
 [49]] 
------------------------ Dataset: EAq ------------------------
shape: (34, 1), dtype: uint16
Data:[[53]
 [54]
 [55]
 [57]
 [46]
 [50]
 [52]
 [55]
 [52]
 [55]
 [50]
 [45]
 [48]
 [32]
 [53]
 [54]
 [55]
 [57]
 [46]
 [50]
 [51]
 [56]
 [51]
 [56]
 [57]
 [57]
 [57]
 [57]
 [57]
 [57]
 [57]
 [53]
 [45]
 [49]] 
------------------------ Dataset: EAr ------------------------
shape: (27, 1), dtype: uint16
Data:[[53]
 [56]
 [48]
 [53]
 [46]
 [53]
 [52]
 [55]
 [55]
 [49]
 [51]
 [45]
 [48]
 [32]
 [53]
 [56]
 [48]
 [53]
 [46]
 [53]
 [53]
 [48]
 [50]
 [49]
 [49]
 [45]
 [49]] 
------------------------ Dataset: EAs ------------------------
shape: (27, 1), dtype: uint16
Data:[[54]
 [52]
 [49]
 [56]
 [46]
 [51]
 [48]
 [50]
 [56]
 [56]
 [57]
 [45]
 [48]
 [32]
 [54]
 [52]
 [49]
 [56]
 [46]
 [50]
 [57]
 [57]
 [48]
 [49]
 [51]
 [45]
 [49]] 
------------------------ Dataset: EAt ------------------------
shape: (27, 1), dtype: uint16
Data:[[54]
 [54]
 [49]
 [48]
 [46]
 [51]
 [57]
 [48]
 [48]
 [57]
 [56]
 [45]
 [48]
 [32]
 [54]
 [54]
 [49]
 [48]
 [46]
 [51]
 [57]
 [48]
 [48]
 [56]
 [52]
 [45]
 [49]] 
------------------------ Dataset: EAu ------------------------
shape: (34, 1), dtype: uint16
Data:[[54]
 [54]
 [50]
 [54]
 [46]
 [51]
 [51]
 [48]
 [56]
 [51]
 [54]
 [45]
 [48]
 [32]
 [54]
 [54]
 [50]
 [54]
 [46]
 [51]
 [50]
 [55]
 [56]
 [52]
 [51]
 [57]
 [57]
 [57]
 [57]
 [57]
 [57]
 [53]
 [45]
 [49]] 
------------------------ Dataset: EAv ------------------------
shape: (27, 1), dtype: uint16
Data:[[54]
 [54]
 [52]
 [50]
 [46]
 [49]
 [48]
 [50]
 [48]
 [56]
 [56]
 [45]
 [48]
 [32]
 [54]
 [54]
 [52]
 [50]
 [46]
 [49]
 [48]
 [54]
 [52]
 [49]
 [55]
 [45]
 [49]] 
------------------------ Dataset: EAw ------------------------
shape: (34, 1), dtype: uint16
Data:[[54]
 [54]
 [53]
 [55]
 [46]
 [55]
 [57]
 [49]
 [50]
 [57]
 [49]
 [45]
 [48]
 [32]
 [54]
 [54]
 [53]
 [55]
 [46]
 [55]
 [57]
 [54]
 [48]
 [50]
 [49]
 [57]
 [57]
 [57]
 [57]
 [57]
 [57]
 [53]
 [45]
 [49]] 
------------------------ Dataset: EAx ------------------------
shape: (27, 1), dtype: uint16
Data:[[54]
 [54]
 [55]
 [51]
 [46]
 [54]
 [56]
 [54]
 [48]
 [55]
 [57]
 [45]
 [48]
 [32]
 [54]
 [54]
 [55]
 [51]
 [46]
 [54]
 [57]
 [48]
 [48]
 [56]
 [55]
 [45]
 [49]] 
------------------------ Dataset: EAy ------------------------
shape: (33, 1), dtype: uint16
Data:[[54]
 [54]
 [56]
 [57]
 [46]
 [54]
 [48]
 [54]
 [48]
 [57]
 [50]
 [57]
 [57]
 [57]
 [57]
 [57]
 [57]
 [45]
 [48]
 [32]
 [54]
 [54]
 [56]
 [57]
 [46]
 [54]
 [48]
 [50]
 [49]
 [56]
 [54]
 [45]
 [49]] 
------------------------ Dataset: EAz ------------------------
shape: (34, 1), dtype: uint16
Data:[[53]
 [57]
 [48]
 [55]
 [46]
 [52]
 [56]
 [57]
 [54]
 [53]
 [55]
 [57]
 [57]
 [57]
 [57]
 [57]
 [57]
 [53]
 [45]
 [48]
 [32]
 [53]
 [57]
 [48]
 [55]
 [46]
 [52]
 [57]
 [51]
 [54]
 [54]
 [50]
 [45]
 [49]] 
------------------------ Dataset: EB ------------------------

shape: (1, 6), dtype: uint32
Data:[[3707764736          2          1          1       1602          1]] 
------------------------ Dataset: FAb ------------------------
shape: (33, 1), dtype: uint16
Data:[[54]
 [55]
 [55]
 [49]
 [46]
 [50]
 [55]
 [52]
 [49]
 [48]
 [56]
 [45]
 [48]
 [32]
 [54]
 [55]
 [55]
 [49]
 [46]
 [50]
 [55]
 [56]
 [49]
 [48]
 [49]
 [57]
 [57]
 [57]
 [57]
 [57]
 [57]
 [45]
 [49]] 
------------------------ Dataset: FAc ------------------------
shape: (34, 1), dtype: uint16
Data:[[54]
 [50]
 [56]
 [52]
 [46]
 [48]
 [53]
 [51]
 [56]
 [55]
 [57]
 [45]
 [48]
 [32]
 [54]
 [50]
 [56]
 [52]
 [46]
 [48]
 [52]
 [57]
 [56]
 [48]
 [57]
 [57]
 [57]
 [57]
 [57]
 [57]
 [57]
 [53]
 [45]
 [49]] 
------------------------ Dataset: FAd ------------------------
shape: (27, 1), dtype: uint16
Data:[[54]
 [50]
 [57]
 [57]
 [46]
 [56]
 [50]
 [49]
 [56]
 [57]
 [55]
 [45]
 [48]
 [32]
 [54]
 [50]
 [57]
 [57]
 [46]
 [56]
 [49]
 [55]
 [57]
 [53]
 [54]
 [45]
 [49]] 
------------------------ Dataset: FAe ------------------------
shape: (27, 1), dtype: uint16
Data:[[54]
 [51]
 [49]
 [53]
 [46]
 [54]
 [57]
 [51]
 [56]
 [54]
 [50]
 [45]
 [48]
 [32]
 [54]
 [51]
 [49]
 [53]
 [46]
 [54]
 [57]
 [55]
 [57]
 [57]
 [56]
 [45]
 [49]] 
------------------------ Dataset: FAf ------------------------
shape: (26, 1), dtype: uint16
Data:[[54]
 [51]
 [51]
 [49]
 [46]
 [53]
 [51]
 [51]
 [52]
 [49]
 [51]
 [45]
 [48]
 [32]
 [54]
 [51]
 [51]
 [49]
 [46]
 [53]
 [51]
 [50]
 [54]
 [50]
 [45]
 [49]] 
------------------------ Dataset: FAg ------------------------
shape: (26, 1), dtype: uint16
Data:[[54]
 [52]
 [57]
 [54]
 [46]
 [54]
 [56]
 [50]
 [49]
 [48]
 [50]
 [45]
 [48]
 [32]
 [54]
 [52]
 [57]
 [54]
 [46]
 [54]
 [56]
 [54]
 [48]
 [55]
 [45]
 [49]] 
------------------------ Dataset: FAh ------------------------
shape: (26, 1), dtype: uint16
Data:[[54]
 [53]
 [49]
 [50]
 [46]
 [52]
 [52]
 [50]
 [48]
 [55]
 [53]
 [45]
 [48]
 [32]
 [54]
 [53]
 [49]
 [50]
 [46]
 [52]
 [51]
 [56]
 [48]
 [57]
 [45]
 [49]] 
------------------------ Dataset: FAi ------------------------
shape: (39, 1), dtype: uint16
Data:[[54]
 [53]
 [50]
 [56]
 [46]
 [50]
 [55]
 [51]
 [57]
 [54]
 [57]
 [57]
 [57]
 [57]
 [57]
 [57]
 [57]
 [45]
 [48]
 [32]
 [54]
 [53]
 [50]
 [56]
 [46]
 [50]
 [55]
 [48]
 [48]
 [51]
 [54]
 [57]
 [57]
 [57]
 [57]
 [57]
 [57]
 [45]
 [49]] 
------------------------ Dataset: FAj ------------------------
shape: (39, 1), dtype: uint16
Data:[[54]
 [48]
 [50]
 [51]
 [46]
 [56]
 [53]
 [54]
 [49]
 [55]
 [48]
 [57]
 [57]
 [57]
 [57]
 [57]
 [57]
 [45]
 [48]
 [32]
 [54]
 [48]
 [50]
 [51]
 [46]
 [56]
 [53]
 [56]
 [55]
 [49]
 [57]
 [57]
 [57]
 [57]
 [57]
 [57]
 [57]
 [45]
 [49]] 
------------------------ Dataset: FAk ------------------------
shape: (33, 1), dtype: uint16
Data:[[54]
 [48]
 [51]
 [57]
 [46]
 [54]
 [48]
 [57]
 [55]
 [48]
 [53]
 [57]
 [57]
 [57]
 [57]
 [57]
 [57]
 [45]
 [48]
 [32]
 [54]
 [48]
 [51]
 [57]
 [46]
 [54]
 [48]
 [57]
 [55]
 [50]
 [49]
 [45]
 [49]] 
------------------------ Dataset: FAl ------------------------
shape: (33, 1), dtype: uint16
Data:[[54]
 [48]
 [53]
 [53]
 [46]
 [50]
 [55]
 [51]
 [55]
 [56]
 [52]
 [57]
 [57]
 [57]
 [57]
 [57]
 [57]
 [45]
 [48]
 [32]
 [54]
 [48]
 [53]
 [53]
 [46]
 [50]
 [54]
 [57]
 [56]
 [49]
 [57]
 [45]
 [49]] 
------------------------ Dataset: FAm ------------------------
shape: (32, 1), dtype: uint16
Data:[[54]
 [48]
 [55]
 [49]
 [46]
 [50]
 [48]
 [57]
 [56]
 [48]
 [49]
 [57]
 [57]
 [57]
 [57]
 [57]
 [57]
 [45]
 [48]
 [32]
 [54]
 [48]
 [55]
 [49]
 [46]
 [50]
 [48]
 [53]
 [55]
 [54]
 [45]
 [49]] 
------------------------ Dataset: FAn ------------------------
shape: (27, 1), dtype: uint16
Data:[[53]
 [54]
 [51]
 [50]
 [46]
 [48]
 [55]
 [55]
 [55]
 [50]
 [52]
 [45]
 [48]
 [32]
 [53]
 [54]
 [51]
 [50]
 [46]
 [48]
 [56]
 [49]
 [54]
 [53]
 [56]
 [45]
 [49]] 
------------------------ Dataset: FAo ------------------------
shape: (33, 1), dtype: uint16
Data:[[53]
 [54]
 [52]
 [55]
 [46]
 [55]
 [54]
 [57]
 [53]
 [57]
 [54]
 [57]
 [57]
 [57]
 [57]
 [57]
 [57]
 [53]
 [45]
 [48]
 [32]
 [53]
 [54]
 [52]
 [55]
 [46]
 [55]
 [54]
 [53]
 [55]
 [49]
 [45]
 [49]] 
------------------------ Dataset: FAp ------------------------
shape: (27, 1), dtype: uint16
Data:[[53]
 [54]
 [54]
 [51]
 [46]
 [52]
 [57]
 [55]
 [54]
 [55]
 [54]
 [45]
 [48]
 [32]
 [53]
 [54]
 [54]
 [51]
 [46]
 [53]
 [48]
 [49]
 [53]
 [57]
 [54]
 [45]
 [49]] 
------------------------ Dataset: FAq ------------------------
shape: (27, 1), dtype: uint16
Data:[[53]
 [54]
 [55]
 [57]
 [46]
 [50]
 [52]
 [55]
 [52]
 [55]
 [50]
 [45]
 [48]
 [32]
 [53]
 [54]
 [55]
 [57]
 [46]
 [50]
 [52]
 [55]
 [50]
 [55]
 [53]
 [45]
 [49]] 
------------------------ Dataset: FAr ------------------------
shape: (27, 1), dtype: uint16
Data:[[53]
 [56]
 [48]
 [53]
 [46]
 [53]
 [53]
 [52]
 [51]
 [56]
 [49]
 [45]
 [48]
 [32]
 [53]
 [56]
 [48]
 [53]
 [46]
 [53]
 [53]
 [48]
 [50]
 [49]
 [49]
 [45]
 [49]] 
------------------------ Dataset: FAs ------------------------
shape: (33, 1), dtype: uint16
Data:[[54]
 [52]
 [49]
 [56]
 [46]
 [51]
 [48]
 [50]
 [56]
 [56]
 [57]
 [45]
 [48]
 [32]
 [54]
 [52]
 [49]
 [56]
 [46]
 [51]
 [48]
 [55]
 [54]
 [50]
 [54]
 [57]
 [57]
 [57]
 [57]
 [57]
 [57]
 [45]
 [49]] 
------------------------ Dataset: FAt ------------------------
shape: (27, 1), dtype: uint16
Data:[[54]
 [54]
 [49]
 [48]
 [46]
 [51]
 [57]
 [48]
 [48]
 [57]
 [56]
 [45]
 [48]
 [32]
 [54]
 [54]
 [49]
 [48]
 [46]
 [51]
 [57]
 [56]
 [48]
 [48]
 [53]
 [45]
 [49]] 
------------------------ Dataset: FAu ------------------------
shape: (27, 1), dtype: uint16
Data:[[54]
 [54]
 [50]
 [54]
 [46]
 [51]
 [51]
 [48]
 [56]
 [51]
 [54]
 [45]
 [48]
 [32]
 [54]
 [54]
 [50]
 [54]
 [46]
 [51]
 [51]
 [52]
 [49]
 [53]
 [53]
 [45]
 [49]] 
------------------------ Dataset: FAv ------------------------
shape: (27, 1), dtype: uint16
Data:[[54]
 [54]
 [52]
 [50]
 [46]
 [49]
 [49]
 [48]
 [50]
 [52]
 [50]
 [45]
 [48]
 [32]
 [54]
 [54]
 [52]
 [50]
 [46]
 [49]
 [48]
 [54]
 [52]
 [49]
 [55]
 [45]
 [49]] 
------------------------ Dataset: FAw ------------------------
shape: (34, 1), dtype: uint16
Data:[[54]
 [54]
 [53]
 [55]
 [46]
 [56]
 [48]
 [50]
 [51]
 [54]
 [56]
 [45]
 [48]
 [32]
 [54]
 [54]
 [53]
 [55]
 [46]
 [55]
 [57]
 [54]
 [48]
 [50]
 [49]
 [57]
 [57]
 [57]
 [57]
 [57]
 [57]
 [53]
 [45]
 [49]] 
------------------------ Dataset: FAx ------------------------
shape: (34, 1), dtype: uint16
Data:[[54]
 [54]
 [55]
 [51]
 [46]
 [54]
 [57]
 [52]
 [49]
 [48]
 [49]
 [57]
 [57]
 [57]
 [57]
 [57]
 [57]
 [53]
 [45]
 [48]
 [32]
 [54]
 [54]
 [55]
 [51]
 [46]
 [54]
 [57]
 [48]
 [48]
 [56]
 [55]
 [45]
 [49]] 
------------------------ Dataset: FAy ------------------------
shape: (33, 1), dtype: uint16
Data:[[54]
 [54]
 [56]
 [57]
 [46]
 [54]
 [48]
 [54]
 [48]
 [57]
 [50]
 [57]
 [57]
 [57]
 [57]
 [57]
 [57]
 [45]
 [48]
 [32]
 [54]
 [54]
 [56]
 [57]
 [46]
 [54]
 [49]
 [48]
 [49]
 [54]
 [50]
 [45]
 [49]] 
------------------------ Dataset: FAz ------------------------
shape: (33, 1), dtype: uint16
Data:[[53]
 [57]
 [48]
 [55]
 [46]
 [52]
 [57]
 [55]
 [54]
 [54]
 [56]
 [57]
 [57]
 [57]
 [57]
 [57]
 [57]
 [45]
 [48]
 [32]
 [53]
 [57]
 [48]
 [55]
 [46]
 [52]
 [57]
 [51]
 [54]
 [54]
 [50]
 [45]
 [49]] 
------------------------ Dataset: FB ------------------------

shape: (1, 6), dtype: uint32
Data:[[3707764736          2          1          1       1603          1]] 
------------------------ Dataset: GAb ------------------------
shape: (33, 1), dtype: uint16
Data:[[54]
 [55]
 [55]
 [49]
 [46]
 [50]
 [56]
 [50]
 [57]
 [51]
 [52]
 [45]
 [48]
 [32]
 [54]
 [55]
 [55]
 [49]
 [46]
 [50]
 [55]
 [56]
 [49]
 [48]
 [49]
 [57]
 [57]
 [57]
 [57]
 [57]
 [57]
 [45]
 [49]] 
------------------------ Dataset: GAc ------------------------
shape: (33, 1), dtype: uint16
Data:[[54]
 [50]
 [56]
 [52]
 [46]
 [48]
 [53]
 [51]
 [56]
 [55]
 [57]
 [45]
 [48]
 [32]
 [54]
 [50]
 [56]
 [52]
 [46]
 [48]
 [53]
 [55]
 [57]
 [55]
 [51]
 [57]
 [57]
 [57]
 [57]
 [57]
 [57]
 [45]
 [49]] 
------------------------ Dataset: GAd ------------------------
shape: (26, 1), dtype: uint16
Data:[[54]
 [50]
 [57]
 [57]
 [46]
 [56]
 [50]
 [49]
 [56]
 [57]
 [55]
 [45]
 [48]
 [32]
 [54]
 [50]
 [57]
 [57]
 [46]
 [56]
 [50]
 [54]
 [49]
 [54]
 [45]
 [49]] 
------------------------ Dataset: GAe ------------------------
shape: (27, 1), dtype: uint16
Data:[[54]
 [51]
 [49]
 [53]
 [46]
 [55]
 [48]
 [49]
 [57]
 [54]
 [49]
 [45]
 [48]
 [32]
 [54]
 [51]
 [49]
 [53]
 [46]
 [54]
 [57]
 [55]
 [57]
 [57]
 [56]
 [45]
 [49]] 
------------------------ Dataset: GAf ------------------------
shape: (27, 1), dtype: uint16
Data:[[54]
 [51]
 [51]
 [49]
 [46]
 [53]
 [51]
 [51]
 [52]
 [49]
 [51]
 [45]
 [48]
 [32]
 [54]
 [51]
 [51]
 [49]
 [46]
 [53]
 [51]
 [56]
 [53]
 [51]
 [53]
 [45]
 [49]] 
------------------------ Dataset: GAg ------------------------
shape: (33, 1), dtype: uint16
Data:[[54]
 [52]
 [57]
 [54]
 [46]
 [54]
 [56]
 [57]
 [57]
 [49]
 [56]
 [57]
 [57]
 [57]
 [57]
 [57]
 [57]
 [53]
 [45]
 [48]
 [32]
 [54]
 [52]
 [57]
 [54]
 [46]
 [54]
 [56]
 [54]
 [48]
 [55]
 [45]
 [49]] 
------------------------ Dataset: GAh ------------------------
shape: (27, 1), dtype: uint16
Data:[[54]
 [53]
 [49]
 [50]
 [46]
 [52]
 [52]
 [50]
 [48]
 [55]
 [53]
 [45]
 [48]
 [32]
 [54]
 [53]
 [49]
 [50]
 [46]
 [52]
 [52]
 [54]
 [49]
 [51]
 [57]
 [45]
 [49]] 
------------------------ Dataset: GAi ------------------------
shape: (32, 1), dtype: uint16
Data:[[54]
 [53]
 [50]
 [56]
 [46]
 [50]
 [55]
 [51]
 [57]
 [54]
 [57]
 [57]
 [57]
 [57]
 [57]
 [57]
 [57]
 [45]
 [48]
 [32]
 [54]
 [53]
 [50]
 [56]
 [46]
 [50]
 [55]
 [56]
 [48]
 [53]
 [45]
 [49]] 
------------------------ Dataset: GAj ------------------------
shape: (39, 1), dtype: uint16
Data:[[54]
 [48]
 [50]
 [51]
 [46]
 [56]
 [54]
 [49]
 [54]
 [57]
 [51]
 [57]
 [57]
 [57]
 [57]
 [57]
 [57]
 [45]
 [48]
 [32]
 [54]
 [48]
 [50]
 [51]
 [46]
 [56]
 [53]
 [56]
 [55]
 [49]
 [57]
 [57]
 [57]
 [57]
 [57]
 [57]
 [57]
 [45]
 [49]] 
------------------------ Dataset: GAk ------------------------
shape: (27, 1), dtype: uint16
Data:[[54]
 [48]
 [51]
 [57]
 [46]
 [54]
 [49]
 [55]
 [54]
 [57]
 [53]
 [45]
 [48]
 [32]
 [54]
 [48]
 [51]
 [57]
 [46]
 [54]
 [48]
 [57]
 [55]
 [50]
 [49]
 [45]
 [49]] 
------------------------ Dataset: GAl ------------------------
shape: (33, 1), dtype: uint16
Data:[[54]
 [48]
 [53]
 [53]
 [46]
 [50]
 [55]
 [51]
 [55]
 [56]
 [52]
 [57]
 [57]
 [57]
 [57]
 [57]
 [57]
 [45]
 [48]
 [32]
 [54]
 [48]
 [53]
 [53]
 [46]
 [50]
 [55]
 [55]
 [56]
 [49]
 [54]
 [45]
 [49]] 
------------------------ Dataset: GAm ------------------------
shape: (33, 1), dtype: uint16
Data:[[54]
 [48]
 [55]
 [49]
 [46]
 [50]
 [48]
 [57]
 [56]
 [48]
 [49]
 [57]
 [57]
 [57]
 [57]
 [57]
 [57]
 [45]
 [48]
 [32]
 [54]
 [48]
 [55]
 [49]
 [46]
 [50]
 [49]
 [51]
 [56]
 [48]
 [52]
 [45]
 [49]] 
------------------------ Dataset: GAn ------------------------
shape: (33, 1), dtype: uint16
Data:[[53]
 [54]
 [51]
 [50]
 [46]
 [48]
 [56]
 [53]
 [55]
 [55]
 [54]
 [57]
 [57]
 [57]
 [57]
 [57]
 [57]
 [45]
 [48]
 [32]
 [53]
 [54]
 [51]
 [50]
 [46]
 [48]
 [56]
 [49]
 [54]
 [53]
 [56]
 [45]
 [49]] 
------------------------ Dataset: GAo ------------------------
shape: (34, 1), dtype: uint16
Data:[[53]
 [54]
 [52]
 [55]
 [46]
 [55]
 [54]
 [57]
 [53]
 [57]
 [54]
 [57]
 [57]
 [57]
 [57]
 [57]
 [57]
 [53]
 [45]
 [48]
 [32]
 [53]
 [54]
 [52]
 [55]
 [46]
 [55]
 [55]
 [51]
 [55]
 [53]
 [55]
 [45]
 [49]] 
------------------------ Dataset: GAp ------------------------
shape: (27, 1), dtype: uint16
Data:[[53]
 [54]
 [54]
 [51]
 [46]
 [53]
 [48]
 [53]
 [54]
 [51]
 [51]
 [45]
 [48]
 [32]
 [53]
 [54]
 [54]
 [51]
 [46]
 [53]
 [48]
 [49]
 [53]
 [57]
 [54]
 [45]
 [49]] 
------------------------ Dataset: GAq ------------------------
shape: (26, 1), dtype: uint16
Data:[[53]
 [54]
 [55]
 [57]
 [46]
 [50]
 [52]
 [55]
 [52]
 [55]
 [50]
 [45]
 [48]
 [32]
 [53]
 [54]
 [55]
 [57]
 [46]
 [50]
 [53]
 [53]
 [53]
 [52]
 [45]
 [49]] 
------------------------ Dataset: GAr ------------------------
shape: (27, 1), dtype: uint16
Data:[[53]
 [56]
 [48]
 [53]
 [46]
 [53]
 [53]
 [52]
 [51]
 [56]
 [49]
 [45]
 [48]
 [32]
 [53]
 [56]
 [48]
 [53]
 [46]
 [53]
 [53]
 [56]
 [50]
 [53]
 [52]
 [45]
 [49]] 
------------------------ Dataset: GAs ------------------------
shape: (33, 1), dtype: uint16
Data:[[54]
 [52]
 [49]
 [56]
 [46]
 [51]
 [49]
 [48]
 [50]
 [55]
 [56]
 [45]
 [48]
 [32]
 [54]
 [52]
 [49]
 [56]
 [46]
 [51]
 [48]
 [55]
 [54]
 [50]
 [54]
 [57]
 [57]
 [57]
 [57]
 [57]
 [57]
 [45]
 [49]] 
------------------------ Dataset: GAt ------------------------
shape: (27, 1), dtype: uint16
Data:[[54]
 [54]
 [49]
 [48]
 [46]
 [51]
 [57]
 [56]
 [48]
 [48]
 [53]
 [45]
 [48]
 [32]
 [54]
 [54]
 [49]
 [48]
 [46]
 [51]
 [57]
 [56]
 [48]
 [48]
 [53]
 [45]
 [49]] 
------------------------ Dataset: GAu ------------------------
shape: (27, 1), dtype: uint16
Data:[[54]
 [54]
 [50]
 [54]
 [46]
 [51]
 [51]
 [56]
 [49]
 [49]
 [51]
 [45]
 [48]
 [32]
 [54]
 [54]
 [50]
 [54]
 [46]
 [51]
 [51]
 [52]
 [49]
 [53]
 [53]
 [45]
 [49]] 
------------------------ Dataset: GAv ------------------------
shape: (27, 1), dtype: uint16
Data:[[54]
 [54]
 [52]
 [50]
 [46]
 [49]
 [49]
 [48]
 [50]
 [52]
 [50]
 [45]
 [48]
 [32]
 [54]
 [54]
 [52]
 [50]
 [46]
 [49]
 [49]
 [52]
 [49]
 [50]
 [49]
 [45]
 [49]] 
------------------------ Dataset: GAw ------------------------
shape: (13, 1), dtype: uint16
Data:[[54]
 [54]
 [53]
 [55]
 [46]
 [56]
 [48]
 [50]
 [51]
 [54]
 [56]
 [45]
 [48]] 
------------------------ Dataset: GAx ------------------------
shape: (40, 1), dtype: uint16
Data:[[54]
 [54]
 [55]
 [51]
 [46]
 [54]
 [57]
 [52]
 [49]
 [48]
 [49]
 [57]
 [57]
 [57]
 [57]
 [57]
 [57]
 [53]
 [45]
 [48]
 [32]
 [54]
 [54]
 [55]
 [51]
 [46]
 [54]
 [57]
 [56]
 [48]
 [56]
 [53]
 [57]
 [57]
 [57]
 [57]
 [57]
 [57]
 [45]
 [49]] 
------------------------ Dataset: GAy ------------------------
shape: (34, 1), dtype: uint16
Data:[[54]
 [54]
 [56]
 [57]
 [46]
 [54]
 [49]
 [52]
 [49]
 [49]
 [55]
 [57]
 [57]
 [57]
 [57]
 [57]
 [57]
 [53]
 [45]
 [48]
 [32]
 [54]
 [54]
 [56]
 [57]
 [46]
 [54]
 [49]
 [48]
 [49]
 [54]
 [50]
 [45]
 [49]] 
------------------------ Dataset: GAz ------------------------
shape: (39, 1), dtype: uint16
Data:[[53]
 [57]
 [48]
 [55]
 [46]
 [52]
 [57]
 [55]
 [54]
 [54]
 [56]
 [57]
 [57]
 [57]
 [57]
 [57]
 [57]
 [45]
 [48]
 [32]
 [53]
 [57]
 [48]
 [55]
 [46]
 [53]
 [48]
 [49]
 [54]
 [52]
 [57]
 [57]
 [57]
 [57]
 [57]
 [57]
 [57]
 [45]
 [49]] 
------------------------ Dataset: GB ------------------------

shape: (1, 6), dtype: uint32
Data:[[3707764736          2          1          1       1604          1]] 
------------------------ Dataset: HAb ------------------------
shape: (33, 1), dtype: uint16
Data:[[54]
 [55]
 [55]
 [49]
 [46]
 [50]
 [56]
 [50]
 [57]
 [51]
 [52]
 [45]
 [48]
 [32]
 [54]
 [55]
 [55]
 [49]
 [46]
 [50]
 [56]
 [54]
 [48]
 [56]
 [48]
 [57]
 [57]
 [57]
 [57]
 [57]
 [57]
 [45]
 [49]] 
------------------------ Dataset: HAc ------------------------
shape: (33, 1), dtype: uint16
Data:[[54]
 [50]
 [56]
 [52]
 [46]
 [48]
 [54]
 [49]
 [57]
 [56]
 [49]
 [45]
 [48]
 [32]
 [54]
 [50]
 [56]
 [52]
 [46]
 [48]
 [53]
 [55]
 [57]
 [55]
 [51]
 [57]
 [57]
 [57]
 [57]
 [57]
 [57]
 [45]
 [49]] 
------------------------ Dataset: HAd ------------------------
shape: (26, 1), dtype: uint16
Data:[[54]
 [50]
 [57]
 [57]
 [46]
 [56]
 [51]
 [49]
 [54]
 [49]
 [50]
 [45]
 [48]
 [32]
 [54]
 [50]
 [57]
 [57]
 [46]
 [56]
 [50]
 [54]
 [49]
 [54]
 [45]
 [49]] 
------------------------ Dataset: HAe ------------------------
shape: (27, 1), dtype: uint16
Data:[[54]
 [51]
 [49]
 [53]
 [46]
 [55]
 [48]
 [49]
 [57]
 [54]
 [49]
 [45]
 [48]
 [32]
 [54]
 [51]
 [49]
 [53]
 [46]
 [55]
 [48]
 [54]
 [54]
 [49]
 [53]
 [45]
 [49]] 
------------------------ Dataset: HAf ------------------------
shape: (27, 1), dtype: uint16
Data:[[54]
 [51]
 [51]
 [49]
 [46]
 [53]
 [51]
 [55]
 [56]
 [50]
 [49]
 [45]
 [48]
 [32]
 [54]
 [51]
 [51]
 [49]
 [46]
 [53]
 [51]
 [56]
 [53]
 [51]
 [53]
 [45]
 [49]] 
------------------------ Dataset: HAg ------------------------
shape: (34, 1), dtype: uint16
Data:[[54]
 [52]
 [57]
 [54]
 [46]
 [54]
 [56]
 [57]
 [57]
 [49]
 [56]
 [57]
 [57]
 [57]
 [57]
 [57]
 [57]
 [53]
 [45]
 [48]
 [32]
 [54]
 [52]
 [57]
 [54]
 [46]
 [54]
 [57]
 [51]
 [57]
 [54]
 [51]
 [45]
 [49]] 
------------------------ Dataset: HAh ------------------------
shape: (33, 1), dtype: uint16
Data:[[54]
 [53]
 [49]
 [50]
 [46]
 [52]
 [53]
 [48]
 [49]
 [49]
 [54]
 [57]
 [57]
 [57]
 [57]
 [57]
 [57]
 [45]
 [48]
 [32]
 [54]
 [53]
 [49]
 [50]
 [46]
 [52]
 [52]
 [54]
 [49]
 [51]
 [57]
 [45]
 [49]] 
------------------------ Dataset: HAi ------------------------
shape: (26, 1), dtype: uint16
Data:[[54]
 [53]
 [50]
 [56]
 [46]
 [50]
 [56]
 [49]
 [57]
 [54]
 [54]
 [45]
 [48]
 [32]
 [54]
 [53]
 [50]
 [56]
 [46]
 [50]
 [55]
 [56]
 [48]
 [53]
 [45]
 [49]] 
------------------------ Dataset: HAj ------------------------
shape: (39, 1), dtype: uint16
Data:[[54]
 [48]
 [50]
 [51]
 [46]
 [56]
 [54]
 [49]
 [54]
 [57]
 [51]
 [57]
 [57]
 [57]
 [57]
 [57]
 [57]
 [45]
 [48]
 [32]
 [54]
 [48]
 [50]
 [51]
 [46]
 [56]
 [54]
 [53]
 [55]
 [57]
 [56]
 [57]
 [57]
 [57]
 [57]
 [57]
 [57]
 [45]
 [49]] 
------------------------ Dataset: HAk ------------------------
shape: (27, 1), dtype: uint16
Data:[[54]
 [48]
 [51]
 [57]
 [46]
 [54]
 [49]
 [55]
 [54]
 [57]
 [53]
 [45]
 [48]
 [32]
 [54]
 [48]
 [51]
 [57]
 [46]
 [54]
 [49]
 [55]
 [54]
 [57]
 [53]
 [45]
 [49]] 
------------------------ Dataset: HAl ------------------------
shape: (33, 1), dtype: uint16
Data:[[54]
 [48]
 [53]
 [53]
 [46]
 [50]
 [56]
 [49]
 [55]
 [54]
 [51]
 [57]
 [57]
 [57]
 [57]
 [57]
 [57]
 [45]
 [48]
 [32]
 [54]
 [48]
 [53]
 [53]
 [46]
 [50]
 [55]
 [55]
 [56]
 [49]
 [54]
 [45]
 [49]] 
------------------------ Dataset: HAm ------------------------
shape: (27, 1), dtype: uint16
Data:[[54]
 [48]
 [55]
 [49]
 [46]
 [50]
 [49]
 [55]
 [55]
 [51]
 [55]
 [45]
 [48]
 [32]
 [54]
 [48]
 [55]
 [49]
 [46]
 [50]
 [49]
 [51]
 [56]
 [48]
 [52]
 [45]
 [49]] 
------------------------ Dataset: HAn ------------------------
shape: (33, 1), dtype: uint16
Data:[[53]
 [54]
 [51]
 [50]
 [46]
 [48]
 [56]
 [53]
 [55]
 [55]
 [54]
 [57]
 [57]
 [57]
 [57]
 [57]
 [57]
 [45]
 [48]
 [32]
 [53]
 [54]
 [51]
 [50]
 [46]
 [48]
 [56]
 [57]
 [55]
 [48]
 [55]
 [45]
 [49]] 
------------------------ Dataset: HAo ------------------------
shape: (27, 1), dtype: uint16
Data:[[53]
 [54]
 [52]
 [55]
 [46]
 [55]
 [55]
 [55]
 [54]
 [56]
 [50]
 [45]
 [48]
 [32]
 [53]
 [54]
 [52]
 [55]
 [46]
 [55]
 [55]
 [51]
 [55]
 [53]
 [55]
 [45]
 [49]] 
------------------------ Dataset: HAp ------------------------
shape: (27, 1), dtype: uint16
Data:[[53]
 [54]
 [54]
 [51]
 [46]
 [53]
 [48]
 [53]
 [54]
 [51]
 [51]
 [45]
 [48]
 [32]
 [53]
 [54]
 [54]
 [51]
 [46]
 [53]
 [48]
 [57]
 [54]
 [51]
 [57]
 [45]
 [49]] 
------------------------ Dataset: HAq ------------------------
shape: (32, 1), dtype: uint16
Data:[[53]
 [54]
 [55]
 [57]
 [46]
 [50]
 [53]
 [53]
 [48]
 [51]
 [55]
 [57]
 [57]
 [57]
 [57]
 [57]
 [57]
 [45]
 [48]
 [32]
 [53]
 [54]
 [55]
 [57]
 [46]
 [50]
 [53]
 [53]
 [53]
 [52]
 [45]
 [49]] 
------------------------ Dataset: HAr ------------------------
shape: (27, 1), dtype: uint16
Data:[[53]
 [56]
 [48]
 [53]
 [46]
 [53]
 [54]
 [49]
 [55]
 [53]
 [53]
 [45]
 [48]
 [32]
 [53]
 [56]
 [48]
 [53]
 [46]
 [53]
 [53]
 [56]
 [50]
 [53]
 [52]
 [45]
 [49]] 
------------------------ Dataset: HAs ------------------------
shape: (33, 1), dtype: uint16
Data:[[54]
 [52]
 [49]
 [56]
 [46]
 [51]
 [49]
 [48]
 [50]
 [55]
 [56]
 [45]
 [48]
 [32]
 [54]
 [52]
 [49]
 [56]
 [46]
 [51]
 [49]
 [52]
 [49]
 [55]
 [57]
 [57]
 [57]
 [57]
 [57]
 [57]
 [57]
 [45]
 [49]] 
------------------------ Dataset: HAt ------------------------
shape: (33, 1), dtype: uint16
Data:[[54]
 [54]
 [49]
 [48]
 [46]
 [51]
 [57]
 [56]
 [48]
 [48]
 [53]
 [45]
 [48]
 [32]
 [54]
 [54]
 [49]
 [48]
 [46]
 [52]
 [48]
 [54]
 [48]
 [51]
 [53]
 [57]
 [57]
 [57]
 [57]
 [57]
 [57]
 [45]
 [49]] 
------------------------ Dataset: HAu ------------------------
shape: (27, 1), dtype: uint16
Data:[[54]
 [54]
 [50]
 [54]
 [46]
 [51]
 [51]
 [56]
 [49]
 [49]
 [51]
 [45]
 [48]
 [32]
 [54]
 [54]
 [50]
 [54]
 [46]
 [51]
 [52]
 [50]
 [49]
 [51]
 [50]
 [45]
 [49]] 
------------------------ Dataset: HAv ------------------------
shape: (27, 1), dtype: uint16
Data:[[54]
 [54]
 [52]
 [50]
 [46]
 [49]
 [49]
 [56]
 [51]
 [50]
 [51]
 [45]
 [48]
 [32]
 [54]
 [54]
 [52]
 [50]
 [46]
 [49]
 [49]
 [52]
 [49]
 [50]
 [49]
 [45]
 [49]] 
------------------------ Dataset: HAw ------------------------
shape: (27, 1), dtype: uint16
Data:[[54]
 [54]
 [53]
 [55]
 [46]
 [56]
 [50]
 [49]
 [53]
 [50]
 [49]
 [45]
 [48]
 [32]
 [54]
 [54]
 [53]
 [55]
 [46]
 [56]
 [50]
 [49]
 [56]
 [54]
 [56]
 [45]
 [49]] 
------------------------ Dataset: HAx ------------------------
shape: (40, 1), dtype: uint16
Data:[[54]
 [54]
 [55]
 [51]
 [46]
 [55]
 [48]
 [50]
 [50]
 [50]
 [56]
 [57]
 [57]
 [57]
 [57]
 [57]
 [57]
 [53]
 [45]
 [48]
 [32]
 [54]
 [54]
 [55]
 [51]
 [46]
 [54]
 [57]
 [56]
 [48]
 [56]
 [53]
 [57]
 [57]
 [57]
 [57]
 [57]
 [57]
 [45]
 [49]] 
------------------------ Dataset: HAy ------------------------
shape: (34, 1), dtype: uint16
Data:[[54]
 [54]
 [56]
 [57]
 [46]
 [54]
 [49]
 [52]
 [49]
 [49]
 [55]
 [57]
 [57]
 [57]
 [57]
 [57]
 [57]
 [53]
 [45]
 [48]
 [32]
 [54]
 [54]
 [56]
 [57]
 [46]
 [54]
 [49]
 [56]
 [48]
 [56]
 [49]
 [45]
 [49]] 
------------------------ Dataset: HAz ------------------------
shape: (39, 1), dtype: uint16
Data:[[53]
 [57]
 [48]
 [55]
 [46]
 [53]
 [48]
 [53]
 [55]
 [48]
 [54]
 [57]
 [57]
 [57]
 [57]
 [57]
 [57]
 [45]
 [48]
 [32]
 [53]
 [57]
 [48]
 [55]
 [46]
 [53]
 [48]
 [49]
 [54]
 [52]
 [57]
 [57]
 [57]
 [57]
 [57]
 [57]
 [57]
 [45]
 [49]] 
------------------------ Dataset: HB ------------------------

shape: (1, 6), dtype: uint32
Data:[[3707764736          2          1          1       1605          1]] 
------------------------ Dataset: IAb ------------------------
shape: (32, 1), dtype: uint16
Data:[[54]
 [55]
 [55]
 [49]
 [46]
 [50]
 [57]
 [48]
 [51]
 [51]
 [45]
 [48]
 [32]
 [54]
 [55]
 [55]
 [49]
 [46]
 [50]
 [56]
 [54]
 [48]
 [56]
 [48]
 [57]
 [57]
 [57]
 [57]
 [57]
 [57]
 [45]
 [49]] 
------------------------ Dataset: IAc ------------------------
shape: (33, 1), dtype: uint16
Data:[[54]
 [50]
 [56]
 [52]
 [46]
 [48]
 [54]
 [49]
 [57]
 [56]
 [49]
 [45]
 [48]
 [32]
 [54]
 [50]
 [56]
 [52]
 [46]
 [48]
 [54]
 [54]
 [48]
 [49]
 [49]
 [57]
 [57]
 [57]
 [57]
 [57]
 [57]
 [45]
 [49]] 
------------------------ Dataset: IAd ------------------------
shape: (33, 1), dtype: uint16
Data:[[54]
 [50]
 [57]
 [57]
 [46]
 [56]
 [51]
 [49]
 [54]
 [49]
 [50]
 [45]
 [48]
 [32]
 [54]
 [50]
 [57]
 [57]
 [46]
 [56]
 [51]
 [52]
 [49]
 [53]
 [49]
 [57]
 [57]
 [57]
 [57]
 [57]
 [57]
 [45]
 [49]] 
------------------------ Dataset: IAe ------------------------
shape: (27, 1), dtype: uint16
Data:[[54]
 [51]
 [49]
 [53]
 [46]
 [55]
 [48]
 [57]
 [56]
 [56]
 [54]
 [45]
 [48]
 [32]
 [54]
 [51]
 [49]
 [53]
 [46]
 [55]
 [48]
 [54]
 [54]
 [49]
 [53]
 [45]
 [49]] 
------------------------ Dataset: IAf ------------------------
shape: (27, 1), dtype: uint16
Data:[[54]
 [51]
 [51]
 [49]
 [46]
 [53]
 [52]
 [50]
 [51]
 [51]
 [50]
 [45]
 [48]
 [32]
 [54]
 [51]
 [51]
 [49]
 [46]
 [53]
 [51]
 [56]
 [53]
 [51]
 [53]
 [45]
 [49]] 
------------------------ Dataset: IAg ------------------------
shape: (27, 1), dtype: uint16
Data:[[54]
 [52]
 [57]
 [54]
 [46]
 [54]
 [57]
 [55]
 [57]
 [56]
 [55]
 [45]
 [48]
 [32]
 [54]
 [52]
 [57]
 [54]
 [46]
 [54]
 [57]
 [51]
 [57]
 [54]
 [51]
 [45]
 [49]] 
------------------------ Dataset: IAh ------------------------
shape: (33, 1), dtype: uint16
Data:[[54]
 [53]
 [49]
 [50]
 [46]
 [52]
 [53]
 [48]
 [49]
 [49]
 [54]
 [57]
 [57]
 [57]
 [57]
 [57]
 [57]
 [45]
 [48]
 [32]
 [54]
 [53]
 [49]
 [50]
 [46]
 [52]
 [53]
 [52]
 [57]
 [48]
 [51]
 [45]
 [49]] 
------------------------ Dataset: IAi ------------------------
shape: (33, 1), dtype: uint16
Data:[[54]
 [53]
 [50]
 [56]
 [46]
 [50]
 [56]
 [49]
 [57]
 [54]
 [54]
 [45]
 [48]
 [32]
 [54]
 [53]
 [50]
 [56]
 [46]
 [50]
 [56]
 [53]
 [57]
 [55]
 [56]
 [57]
 [57]
 [57]
 [57]
 [57]
 [57]
 [45]
 [49]] 
------------------------ Dataset: IAj ------------------------
shape: (40, 1), dtype: uint16
Data:[[54]
 [48]
 [50]
 [51]
 [46]
 [56]
 [54]
 [57]
 [55]
 [54]
 [52]
 [57]
 [57]
 [57]
 [57]
 [57]
 [57]
 [53]
 [45]
 [48]
 [32]
 [54]
 [48]
 [50]
 [51]
 [46]
 [56]
 [54]
 [53]
 [55]
 [57]
 [56]
 [57]
 [57]
 [57]
 [57]
 [57]
 [57]
 [45]
 [49]] 
------------------------ Dataset: IAk ------------------------
shape: (33, 1), dtype: uint16
Data:[[54]
 [48]
 [51]
 [57]
 [46]
 [54]
 [49]
 [55]
 [54]
 [57]
 [53]
 [45]
 [48]
 [32]
 [54]
 [48]
 [51]
 [57]
 [46]
 [54]
 [50]
 [54]
 [55]
 [54]
 [53]
 [57]
 [57]
 [57]
 [57]
 [57]
 [57]
 [45]
 [49]] 
------------------------ Dataset: IAl ------------------------
shape: (33, 1), dtype: uint16
Data:[[54]
 [48]
 [53]
 [53]
 [46]
 [50]
 [56]
 [49]
 [55]
 [54]
 [51]
 [57]
 [57]
 [57]
 [57]
 [57]
 [57]
 [45]
 [48]
 [32]
 [54]
 [48]
 [53]
 [53]
 [46]
 [50]
 [56]
 [53]
 [55]
 [53]
 [53]
 [45]
 [49]] 
------------------------ Dataset: IAm ------------------------
shape: (27, 1), dtype: uint16
Data:[[54]
 [48]
 [55]
 [49]
 [46]
 [50]
 [49]
 [55]
 [55]
 [51]
 [55]
 [45]
 [48]
 [32]
 [54]
 [48]
 [55]
 [49]
 [46]
 [50]
 [50]
 [49]
 [55]
 [55]
 [52]
 [45]
 [49]] 
------------------------ Dataset: IAn ------------------------
shape: (26, 1), dtype: uint16
Data:[[53]
 [54]
 [51]
 [50]
 [46]
 [48]
 [57]
 [51]
 [54]
 [49]
 [45]
 [48]
 [32]
 [53]
 [54]
 [51]
 [50]
 [46]
 [48]
 [56]
 [57]
 [55]
 [48]
 [55]
 [45]
 [49]] 
------------------------ Dataset: IAo ------------------------
shape: (34, 1), dtype: uint16
Data:[[53]
 [54]
 [52]
 [55]
 [46]
 [55]
 [55]
 [55]
 [54]
 [56]
 [50]
 [45]
 [48]
 [32]
 [53]
 [54]
 [52]
 [55]
 [46]
 [55]
 [56]
 [49]
 [54]
 [50]
 [49]
 [57]
 [57]
 [57]
 [57]
 [57]
 [57]
 [53]
 [45]
 [49]] 
------------------------ Dataset: IAp ------------------------
shape: (27, 1), dtype: uint16
Data:[[53]
 [54]
 [54]
 [51]
 [46]
 [53]
 [49]
 [51]
 [54]
 [55]
 [54]
 [45]
 [48]
 [32]
 [53]
 [54]
 [54]
 [51]
 [46]
 [53]
 [48]
 [57]
 [54]
 [51]
 [57]
 [45]
 [49]] 
------------------------ Dataset: IAq ------------------------
shape: (26, 1), dtype: uint16
Data:[[53]
 [54]
 [55]
 [57]
 [46]
 [50]
 [54]
 [50]
 [50]
 [48]
 [49]
 [45]
 [48]
 [32]
 [53]
 [54]
 [55]
 [57]
 [46]
 [50]
 [53]
 [53]
 [53]
 [52]
 [45]
 [49]] 
------------------------ Dataset: IAr ------------------------
shape: (27, 1), dtype: uint16
Data:[[53]
 [56]
 [48]
 [53]
 [46]
 [53]
 [54]
 [49]
 [55]
 [53]
 [53]
 [45]
 [48]
 [32]
 [53]
 [56]
 [48]
 [53]
 [46]
 [53]
 [54]
 [53]
 [54]
 [57]
 [55]
 [45]
 [49]] 
------------------------ Dataset: IAs ------------------------
shape: (39, 1), dtype: uint16
Data:[[54]
 [52]
 [49]
 [56]
 [46]
 [51]
 [49]
 [56]
 [48]
 [49]
 [56]
 [57]
 [57]
 [57]
 [57]
 [57]
 [57]
 [45]
 [48]
 [32]
 [54]
 [52]
 [49]
 [56]
 [46]
 [51]
 [49]
 [52]
 [49]
 [55]
 [57]
 [57]
 [57]
 [57]
 [57]
 [57]
 [57]
 [45]
 [49]] 
------------------------ Dataset: IAt ------------------------
shape: (39, 1), dtype: uint16
Data:[[54]
 [54]
 [49]
 [48]
 [46]
 [52]
 [48]
 [54]
 [48]
 [51]
 [53]
 [57]
 [57]
 [57]
 [57]
 [57]
 [57]
 [45]
 [48]
 [32]
 [54]
 [54]
 [49]
 [48]
 [46]
 [52]
 [48]
 [54]
 [48]
 [51]
 [53]
 [57]
 [57]
 [57]
 [57]
 [57]
 [57]
 [45]
 [49]] 
------------------------ Dataset: IAu ------------------------
shape: (26, 1), dtype: uint16
Data:[[54]
 [54]
 [50]
 [54]
 [46]
 [51]
 [52]
 [54]
 [50]
 [49]
 [45]
 [48]
 [32]
 [54]
 [54]
 [50]
 [54]
 [46]
 [51]
 [52]
 [50]
 [49]
 [51]
 [50]
 [45]
 [49]] 
------------------------ Dataset: IAv ------------------------
shape: (27, 1), dtype: uint16
Data:[[54]
 [54]
 [52]
 [50]
 [46]
 [49]
 [49]
 [56]
 [51]
 [50]
 [51]
 [45]
 [48]
 [32]
 [54]
 [54]
 [52]
 [50]
 [46]
 [49]
 [50]
 [50]
 [50]
 [53]
 [51]
 [45]
 [49]] 
------------------------ Dataset: IAw ------------------------
shape: (27, 1), dtype: uint16
Data:[[54]
 [54]
 [53]
 [55]
 [46]
 [56]
 [51]
 [48]
 [54]
 [56]
 [55]
 [45]
 [48]
 [32]
 [54]
 [54]
 [53]
 [55]
 [46]
 [56]
 [50]
 [49]
 [56]
 [54]
 [56]
 [45]
 [49]] 
------------------------ Dataset: IAx ------------------------
shape: (33, 1), dtype: uint16
Data:[[54]
 [54]
 [55]
 [51]
 [46]
 [55]
 [48]
 [50]
 [50]
 [50]
 [56]
 [57]
 [57]
 [57]
 [57]
 [57]
 [57]
 [53]
 [45]
 [48]
 [32]
 [54]
 [54]
 [55]
 [51]
 [46]
 [55]
 [48]
 [54]
 [48]
 [57]
 [45]
 [49]] 
------------------------ Dataset: IAy ------------------------
shape: (33, 1), dtype: uint16
Data:[[54]
 [54]
 [56]
 [57]
 [46]
 [54]
 [50]
 [50]
 [48]
 [54]
 [51]
 [57]
 [57]
 [57]
 [57]
 [57]
 [57]
 [45]
 [48]
 [32]
 [54]
 [54]
 [56]
 [57]
 [46]
 [54]
 [49]
 [56]
 [48]
 [56]
 [49]
 [45]
 [49]] 
------------------------ Dataset: IAz ------------------------
shape: (32, 1), dtype: uint16
Data:[[53]
 [57]
 [48]
 [55]
 [46]
 [53]
 [48]
 [53]
 [55]
 [48]
 [54]
 [57]
 [57]
 [57]
 [57]
 [57]
 [57]
 [45]
 [48]
 [32]
 [53]
 [57]
 [48]
 [55]
 [46]
 [53]
 [48]
 [57]
 [55]
 [50]
 [45]
 [49]] 
------------------------ Dataset: IB ------------------------

shape: (1, 6), dtype: uint32
Data:[[3707764736          2          1          1       1606          1]] 
------------------------ Dataset: JAb ------------------------
shape: (32, 1), dtype: uint16
Data:[[54]
 [55]
 [55]
 [49]
 [46]
 [50]
 [57]
 [48]
 [51]
 [51]
 [45]
 [48]
 [32]
 [54]
 [55]
 [55]
 [49]
 [46]
 [50]
 [57]
 [53]
 [52]
 [51]
 [53]
 [57]
 [57]
 [57]
 [57]
 [57]
 [57]
 [45]
 [49]] 
------------------------ Dataset: JAc ------------------------
shape: (33, 1), dtype: uint16
Data:[[54]
 [50]
 [56]
 [52]
 [46]
 [48]
 [55]
 [48]
 [48]
 [53]
 [50]
 [45]
 [48]
 [32]
 [54]
 [50]
 [56]
 [52]
 [46]
 [48]
 [54]
 [54]
 [48]
 [49]
 [49]
 [57]
 [57]
 [57]
 [57]
 [57]
 [57]
 [45]
 [49]] 
------------------------ Dataset: JAd ------------------------
shape: (33, 1), dtype: uint16
Data:[[54]
 [50]
 [57]
 [57]
 [46]
 [56]
 [51]
 [56]
 [48]
 [48]
 [53]
 [45]
 [48]
 [32]
 [54]
 [50]
 [57]
 [57]
 [46]
 [56]
 [51]
 [52]
 [49]
 [53]
 [49]
 [57]
 [57]
 [57]
 [57]
 [57]
 [57]
 [45]
 [49]] 
------------------------ Dataset: JAe ------------------------
shape: (33, 1), dtype: uint16
Data:[[54]
 [51]
 [49]
 [53]
 [46]
 [55]
 [48]
 [57]
 [56]
 [56]
 [54]
 [45]
 [48]
 [32]
 [54]
 [51]
 [49]
 [53]
 [46]
 [55]
 [49]
 [52]
 [48]
 [49]
 [51]
 [57]
 [57]
 [57]
 [57]
 [57]
 [57]
 [45]
 [49]] 
------------------------ Dataset: JAf ------------------------
shape: (33, 1), dtype: uint16
Data:[[54]
 [51]
 [51]
 [49]
 [46]
 [53]
 [52]
 [50]
 [51]
 [51]
 [50]
 [45]
 [48]
 [32]
 [54]
 [51]
 [51]
 [49]
 [46]
 [53]
 [52]
 [54]
 [48]
 [53]
 [48]
 [57]
 [57]
 [57]
 [57]
 [57]
 [57]
 [45]
 [49]] 
------------------------ Dataset: JAg ------------------------
shape: (27, 1), dtype: uint16
Data:[[54]
 [52]
 [57]
 [54]
 [46]
 [54]
 [57]
 [55]
 [57]
 [56]
 [55]
 [45]
 [48]
 [32]
 [54]
 [52]
 [57]
 [54]
 [46]
 [55]
 [48]
 [50]
 [49]
 [49]
 [49]
 [45]
 [49]] 
------------------------ Dataset: JAh ------------------------
shape: (27, 1), dtype: uint16
Data:[[54]
 [53]
 [49]
 [50]
 [46]
 [52]
 [53]
 [57]
 [53]
 [53]
 [52]
 [45]
 [48]
 [32]
 [54]
 [53]
 [49]
 [50]
 [46]
 [52]
 [53]
 [52]
 [57]
 [48]
 [51]
 [45]
 [49]] 
------------------------ Dataset: JAi ------------------------
shape: (33, 1), dtype: uint16
Data:[[54]
 [53]
 [50]
 [56]
 [46]
 [50]
 [56]
 [57]
 [57]
 [56]
 [54]
 [45]
 [48]
 [32]
 [54]
 [53]
 [50]
 [56]
 [46]
 [50]
 [56]
 [53]
 [57]
 [55]
 [56]
 [57]
 [57]
 [57]
 [57]
 [57]
 [57]
 [45]
 [49]] 
------------------------ Dataset: JAj ------------------------
shape: (34, 1), dtype: uint16
Data:[[54]
 [48]
 [50]
 [51]
 [46]
 [56]
 [54]
 [57]
 [55]
 [54]
 [52]
 [57]
 [57]
 [57]
 [57]
 [57]
 [57]
 [53]
 [45]
 [48]
 [32]
 [54]
 [48]
 [50]
 [51]
 [46]
 [56]
 [55]
 [53]
 [50]
 [51]
 [57]
 [45]
 [49]] 
------------------------ Dataset: JAk ------------------------
shape: (39, 1), dtype: uint16
Data:[[54]
 [48]
 [51]
 [57]
 [46]
 [54]
 [50]
 [54]
 [55]
 [54]
 [53]
 [57]
 [57]
 [57]
 [57]
 [57]
 [57]
 [45]
 [48]
 [32]
 [54]
 [48]
 [51]
 [57]
 [46]
 [54]
 [50]
 [54]
 [55]
 [54]
 [53]
 [57]
 [57]
 [57]
 [57]
 [57]
 [57]
 [45]
 [49]] 
------------------------ Dataset: JAl ------------------------
shape: (33, 1), dtype: uint16
Data:[[54]
 [48]
 [53]
 [53]
 [46]
 [50]
 [57]
 [49]
 [49]
 [52]
 [55]
 [57]
 [57]
 [57]
 [57]
 [57]
 [57]
 [45]
 [48]
 [32]
 [54]
 [48]
 [53]
 [53]
 [46]
 [50]
 [56]
 [53]
 [55]
 [53]
 [53]
 [45]
 [49]] 
------------------------ Dataset: JAm ------------------------
shape: (33, 1), dtype: uint16
Data:[[54]
 [48]
 [55]
 [49]
 [46]
 [50]
 [50]
 [53]
 [55]
 [55]
 [56]
 [57]
 [57]
 [57]
 [57]
 [57]
 [57]
 [45]
 [48]
 [32]
 [54]
 [48]
 [55]
 [49]
 [46]
 [50]
 [50]
 [49]
 [55]
 [55]
 [52]
 [45]
 [49]] 
------------------------ Dataset: JAn ------------------------
shape: (32, 1), dtype: uint16
Data:[[53]
 [54]
 [51]
 [50]
 [46]
 [48]
 [57]
 [51]
 [54]
 [49]
 [45]
 [48]
 [32]
 [53]
 [54]
 [51]
 [50]
 [46]
 [48]
 [57]
 [55]
 [53]
 [54]
 [55]
 [57]
 [57]
 [57]
 [57]
 [57]
 [57]
 [45]
 [49]] 
------------------------ Dataset: JAo ------------------------
shape: (34, 1), dtype: uint16
Data:[[53]
 [54]
 [52]
 [55]
 [46]
 [55]
 [56]
 [53]
 [53]
 [55]
 [51]
 [45]
 [48]
 [32]
 [53]
 [54]
 [52]
 [55]
 [46]
 [55]
 [56]
 [49]
 [54]
 [50]
 [49]
 [57]
 [57]
 [57]
 [57]
 [57]
 [57]
 [53]
 [45]
 [49]] 
------------------------ Dataset: JAp ------------------------
shape: (33, 1), dtype: uint16
Data:[[53]
 [54]
 [54]
 [51]
 [46]
 [53]
 [49]
 [51]
 [54]
 [55]
 [54]
 [45]
 [48]
 [32]
 [53]
 [54]
 [54]
 [51]
 [46]
 [53]
 [49]
 [55]
 [54]
 [56]
 [48]
 [57]
 [57]
 [57]
 [57]
 [57]
 [57]
 [45]
 [49]] 
------------------------ Dataset: JAq ------------------------
shape: (27, 1), dtype: uint16
Data:[[53]
 [54]
 [55]
 [57]
 [46]
 [50]
 [54]
 [50]
 [50]
 [48]
 [49]
 [45]
 [48]
 [32]
 [53]
 [54]
 [55]
 [57]
 [46]
 [50]
 [54]
 [50]
 [48]
 [56]
 [57]
 [45]
 [49]] 
------------------------ Dataset: JAr ------------------------
shape: (27, 1), dtype: uint16
Data:[[53]
 [56]
 [48]
 [53]
 [46]
 [53]
 [54]
 [57]
 [56]
 [50]
 [53]
 [45]
 [48]
 [32]
 [53]
 [56]
 [48]
 [53]
 [46]
 [53]
 [54]
 [53]
 [54]
 [57]
 [55]
 [45]
 [49]] 
------------------------ Dataset: JAs ------------------------
shape: (33, 1), dtype: uint16
Data:[[54]
 [52]
 [49]
 [56]
 [46]
 [51]
 [49]
 [56]
 [48]
 [49]
 [56]
 [57]
 [57]
 [57]
 [57]
 [57]
 [57]
 [45]
 [48]
 [32]
 [54]
 [52]
 [49]
 [56]
 [46]
 [51]
 [50]
 [50]
 [48]
 [48]
 [53]
 [45]
 [49]] 
------------------------ Dataset: JAt ------------------------
shape: (33, 1), dtype: uint16
Data:[[54]
 [54]
 [49]
 [48]
 [46]
 [52]
 [48]
 [54]
 [48]
 [51]
 [53]
 [57]
 [57]
 [57]
 [57]
 [57]
 [57]
 [45]
 [48]
 [32]
 [54]
 [54]
 [49]
 [48]
 [46]
 [52]
 [49]
 [52]
 [49]
 [48]
 [56]
 [45]
 [49]] 
------------------------ Dataset: JAu ------------------------
shape: (26, 1), dtype: uint16
Data:[[54]
 [54]
 [50]
 [54]
 [46]
 [51]
 [52]
 [54]
 [50]
 [49]
 [45]
 [48]
 [32]
 [54]
 [54]
 [50]
 [54]
 [46]
 [51]
 [53]
 [48]
 [48]
 [49]
 [55]
 [45]
 [49]] 
------------------------ Dataset: JAv ------------------------
shape: (27, 1), dtype: uint16
Data:[[54]
 [54]
 [52]
 [50]
 [46]
 [49]
 [50]
 [56]
 [53]
 [52]
 [54]
 [45]
 [48]
 [32]
 [54]
 [54]
 [52]
 [50]
 [46]
 [49]
 [50]
 [50]
 [50]
 [53]
 [51]
 [45]
 [49]] 
------------------------ Dataset: JAw ------------------------
shape: (27, 1), dtype: uint16
Data:[[54]
 [54]
 [53]
 [55]
 [46]
 [56]
 [51]
 [48]
 [54]
 [56]
 [55]
 [45]
 [48]
 [32]
 [54]
 [54]
 [53]
 [55]
 [46]
 [56]
 [51]
 [48]
 [54]
 [56]
 [55]
 [45]
 [49]] 
------------------------ Dataset: JAx ------------------------
shape: (26, 1), dtype: uint16
Data:[[54]
 [54]
 [55]
 [51]
 [46]
 [55]
 [49]
 [55]
 [53]
 [57]
 [49]
 [45]
 [48]
 [32]
 [54]
 [54]
 [55]
 [51]
 [46]
 [55]
 [48]
 [54]
 [48]
 [57]
 [45]
 [49]] 
------------------------ Dataset: JAy ------------------------
shape: (33, 1), dtype: uint16
Data:[[54]
 [54]
 [56]
 [57]
 [46]
 [54]
 [50]
 [50]
 [48]
 [54]
 [51]
 [57]
 [57]
 [57]
 [57]
 [57]
 [57]
 [45]
 [48]
 [32]
 [54]
 [54]
 [56]
 [57]
 [46]
 [54]
 [51]
 [49]
 [52]
 [55]
 [57]
 [45]
 [49]] 
------------------------ Dataset: JAz ------------------------
shape: (33, 1), dtype: uint16
Data:[[53]
 [57]
 [48]
 [55]
 [46]
 [53]
 [49]
 [51]
 [55]
 [50]
 [51]
 [57]
 [57]
 [57]
 [57]
 [57]
 [57]
 [53]
 [45]
 [48]
 [32]
 [53]
 [57]
 [48]
 [55]
 [46]
 [53]
 [48]
 [57]
 [55]
 [50]
 [45]
 [49]] 
------------------------ Dataset: JB ------------------------

shape: (1, 6), dtype: uint32
Data:[[3707764736          2          1          1       1607          1]] 
------------------------ Dataset: KAb ------------------------
shape: (33, 1), dtype: uint16
Data:[[54]
 [55]
 [55]
 [49]
 [46]
 [50]
 [57]
 [56]
 [54]
 [51]
 [49]
 [45]
 [48]
 [32]
 [54]
 [55]
 [55]
 [49]
 [46]
 [50]
 [57]
 [53]
 [52]
 [51]
 [53]
 [57]
 [57]
 [57]
 [57]
 [57]
 [57]
 [45]
 [49]] 
------------------------ Dataset: KAc ------------------------
shape: (27, 1), dtype: uint16
Data:[[54]
 [50]
 [56]
 [52]
 [46]
 [48]
 [55]
 [48]
 [48]
 [53]
 [50]
 [45]
 [48]
 [32]
 [54]
 [50]
 [56]
 [52]
 [46]
 [48]
 [55]
 [55]
 [56]
 [56]
 [53]
 [45]
 [49]] 
------------------------ Dataset: KAd ------------------------
shape: (27, 1), dtype: uint16
Data:[[54]
 [50]
 [57]
 [57]
 [46]
 [56]
 [51]
 [56]
 [48]
 [48]
 [53]
 [45]
 [48]
 [32]
 [54]
 [50]
 [57]
 [57]
 [46]
 [56]
 [52]
 [49]
 [57]
 [56]
 [57]
 [45]
 [49]] 
------------------------ Dataset: KAe ------------------------
shape: (39, 1), dtype: uint16
Data:[[54]
 [51]
 [49]
 [53]
 [46]
 [55]
 [49]
 [57]
 [55]
 [51]
 [51]
 [57]
 [57]
 [57]
 [57]
 [57]
 [57]
 [45]
 [48]
 [32]
 [54]
 [51]
 [49]
 [53]
 [46]
 [55]
 [49]
 [52]
 [48]
 [49]
 [51]
 [57]
 [57]
 [57]
 [57]
 [57]
 [57]
 [45]
 [49]] 
------------------------ Dataset: KAf ------------------------
shape: (40, 1), dtype: uint16
Data:[[54]
 [51]
 [51]
 [49]
 [46]
 [53]
 [52]
 [57]
 [56]
 [54]
 [48]
 [57]
 [57]
 [57]
 [57]
 [57]
 [57]
 [53]
 [45]
 [48]
 [32]
 [54]
 [51]
 [51]
 [49]
 [46]
 [53]
 [52]
 [54]
 [48]
 [53]
 [48]
 [57]
 [57]
 [57]
 [57]
 [57]
 [57]
 [45]
 [49]] 
------------------------ Dataset: KAg ------------------------
shape: (26, 1), dtype: uint16
Data:[[54]
 [52]
 [57]
 [54]
 [46]
 [55]
 [49]
 [50]
 [48]
 [57]
 [45]
 [48]
 [32]
 [54]
 [52]
 [57]
 [54]
 [46]
 [55]
 [48]
 [50]
 [49]
 [49]
 [49]
 [45]
 [49]] 
------------------------ Dataset: KAh ------------------------
shape: (27, 1), dtype: uint16
Data:[[54]
 [53]
 [49]
 [50]
 [46]
 [52]
 [53]
 [57]
 [53]
 [53]
 [52]
 [45]
 [48]
 [32]
 [54]
 [53]
 [49]
 [50]
 [46]
 [52]
 [54]
 [50]
 [56]
 [48]
 [54]
 [45]
 [49]] 
------------------------ Dataset: KAi ------------------------
shape: (27, 1), dtype: uint16
Data:[[54]
 [53]
 [50]
 [56]
 [46]
 [50]
 [56]
 [57]
 [57]
 [56]
 [54]
 [45]
 [48]
 [32]
 [54]
 [53]
 [50]
 [56]
 [46]
 [50]
 [57]
 [52]
 [53]
 [56]
 [56]
 [45]
 [49]] 
------------------------ Dataset: KAj ------------------------
shape: (27, 1), dtype: uint16
Data:[[54]
 [48]
 [50]
 [51]
 [46]
 [56]
 [55]
 [57]
 [52]
 [56]
 [49]
 [45]
 [48]
 [32]
 [54]
 [48]
 [50]
 [51]
 [46]
 [56]
 [55]
 [53]
 [50]
 [51]
 [57]
 [45]
 [49]] 
------------------------ Dataset: KAk ------------------------
shape: (33, 1), dtype: uint16
Data:[[54]
 [48]
 [51]
 [57]
 [46]
 [54]
 [50]
 [54]
 [55]
 [54]
 [53]
 [57]
 [57]
 [57]
 [57]
 [57]
 [57]
 [45]
 [48]
 [32]
 [54]
 [48]
 [51]
 [57]
 [46]
 [54]
 [51]
 [54]
 [48]
 [52]
 [52]
 [45]
 [49]] 
------------------------ Dataset: KAl ------------------------
shape: (33, 1), dtype: uint16
Data:[[54]
 [48]
 [53]
 [53]
 [46]
 [50]
 [57]
 [49]
 [49]
 [52]
 [55]
 [57]
 [57]
 [57]
 [57]
 [57]
 [57]
 [45]
 [48]
 [32]
 [54]
 [48]
 [53]
 [53]
 [46]
 [50]
 [57]
 [53]
 [50]
 [48]
 [54]
 [45]
 [49]] 
------------------------ Dataset: KAm ------------------------
shape: (39, 1), dtype: uint16
Data:[[54]
 [48]
 [55]
 [49]
 [46]
 [50]
 [50]
 [53]
 [55]
 [55]
 [56]
 [57]
 [57]
 [57]
 [57]
 [57]
 [57]
 [45]
 [48]
 [32]
 [54]
 [48]
 [55]
 [49]
 [46]
 [50]
 [50]
 [57]
 [55]
 [53]
 [52]
 [57]
 [57]
 [57]
 [57]
 [57]
 [57]
 [45]
 [49]] 
------------------------ Dataset: KAn ------------------------
shape: (39, 1), dtype: uint16
Data:[[53]
 [54]
 [51]
 [50]
 [46]
 [49]
 [48]
 [49]
 [54]
 [48]
 [53]
 [57]
 [57]
 [57]
 [57]
 [57]
 [57]
 [45]
 [48]
 [32]
 [53]
 [54]
 [51]
 [50]
 [46]
 [48]
 [57]
 [55]
 [53]
 [54]
 [55]
 [57]
 [57]
 [57]
 [57]
 [57]
 [57]
 [45]
 [49]] 
------------------------ Dataset: KAo ------------------------
shape: (27, 1), dtype: uint16
Data:[[53]
 [54]
 [52]
 [55]
 [46]
 [55]
 [56]
 [53]
 [53]
 [55]
 [51]
 [45]
 [48]
 [32]
 [53]
 [54]
 [52]
 [55]
 [46]
 [55]
 [56]
 [57]
 [53]
 [51]
 [50]
 [45]
 [49]] 
------------------------ Dataset: KAp ------------------------
shape: (39, 1), dtype: uint16
Data:[[53]
 [54]
 [54]
 [51]
 [46]
 [53]
 [50]
 [49]
 [53]
 [55]
 [56]
 [57]
 [57]
 [57]
 [57]
 [57]
 [57]
 [45]
 [48]
 [32]
 [53]
 [54]
 [54]
 [51]
 [46]
 [53]
 [49]
 [55]
 [54]
 [56]
 [48]
 [57]
 [57]
 [57]
 [57]
 [57]
 [57]
 [45]
 [49]] 
------------------------ Dataset: KAq ------------------------
shape: (27, 1), dtype: uint16
Data:[[53]
 [54]
 [55]
 [57]
 [46]
 [50]
 [54]
 [50]
 [50]
 [48]
 [49]
 [45]
 [48]
 [32]
 [53]
 [54]
 [55]
 [57]
 [46]
 [50]
 [54]
 [57]
 [56]
 [49]
 [50]
 [45]
 [49]] 
------------------------ Dataset: KAr ------------------------
shape: (27, 1), dtype: uint16
Data:[[53]
 [56]
 [48]
 [53]
 [46]
 [53]
 [54]
 [57]
 [56]
 [50]
 [53]
 [45]
 [48]
 [32]
 [53]
 [56]
 [48]
 [53]
 [46]
 [53]
 [56]
 [48]
 [55]
 [48]
 [51]
 [45]
 [49]] 
------------------------ Dataset: KAs ------------------------
shape: (34, 1), dtype: uint16
Data:[[54]
 [52]
 [49]
 [56]
 [46]
 [51]
 [50]
 [53]
 [57]
 [50]
 [53]
 [57]
 [57]
 [57]
 [57]
 [57]
 [57]
 [53]
 [45]
 [48]
 [32]
 [54]
 [52]
 [49]
 [56]
 [46]
 [51]
 [50]
 [50]
 [48]
 [48]
 [53]
 [45]
 [49]] 
------------------------ Dataset: KAt ------------------------
shape: (33, 1), dtype: uint16
Data:[[54]
 [54]
 [49]
 [48]
 [46]
 [52]
 [50]
 [49]
 [52]
 [54]
 [57]
 [57]
 [57]
 [57]
 [57]
 [57]
 [57]
 [45]
 [48]
 [32]
 [54]
 [54]
 [49]
 [48]
 [46]
 [52]
 [49]
 [52]
 [49]
 [48]
 [56]
 [45]
 [49]] 
------------------------ Dataset: KAu ------------------------
shape: (34, 1), dtype: uint16
Data:[[54]
 [54]
 [50]
 [54]
 [46]
 [51]
 [53]
 [52]
 [48]
 [52]
 [53]
 [57]
 [57]
 [57]
 [57]
 [57]
 [57]
 [53]
 [45]
 [48]
 [32]
 [54]
 [54]
 [50]
 [54]
 [46]
 [51]
 [53]
 [48]
 [48]
 [49]
 [55]
 [45]
 [49]] 
------------------------ Dataset: KAv ------------------------
shape: (27, 1), dtype: uint16
Data:[[54]
 [54]
 [52]
 [50]
 [46]
 [49]
 [50]
 [56]
 [53]
 [52]
 [54]
 [45]
 [48]
 [32]
 [54]
 [54]
 [52]
 [50]
 [46]
 [49]
 [51]
 [48]
 [50]
 [54]
 [51]
 [45]
 [49]] 
------------------------ Dataset: KAw ------------------------
shape: (33, 1), dtype: uint16
Data:[[54]
 [54]
 [53]
 [55]
 [46]
 [56]
 [51]
 [48]
 [54]
 [56]
 [55]
 [45]
 [48]
 [32]
 [54]
 [54]
 [53]
 [55]
 [46]
 [56]
 [51]
 [53]
 [49]
 [54]
 [49]
 [57]
 [57]
 [57]
 [57]
 [57]
 [57]
 [45]
 [49]] 
------------------------ Dataset: KAx ------------------------
shape: (33, 1), dtype: uint16
Data:[[54]
 [54]
 [55]
 [51]
 [46]
 [55]
 [49]
 [55]
 [53]
 [57]
 [49]
 [45]
 [48]
 [32]
 [54]
 [54]
 [55]
 [51]
 [46]
 [55]
 [49]
 [55]
 [54]
 [48]
 [56]
 [57]
 [57]
 [57]
 [57]
 [57]
 [57]
 [45]
 [49]] 
------------------------ Dataset: KAy ------------------------
shape: (27, 1), dtype: uint16
Data:[[54]
 [54]
 [56]
 [57]
 [46]
 [54]
 [51]
 [49]
 [52]
 [55]
 [49]
 [45]
 [48]
 [32]
 [54]
 [54]
 [56]
 [57]
 [46]
 [54]
 [51]
 [49]
 [52]
 [55]
 [57]
 [45]
 [49]] 
------------------------ Dataset: KAz ------------------------
shape: (40, 1), dtype: uint16
Data:[[53]
 [57]
 [48]
 [55]
 [46]
 [53]
 [49]
 [51]
 [55]
 [50]
 [51]
 [57]
 [57]
 [57]
 [57]
 [57]
 [57]
 [53]
 [45]
 [48]
 [32]
 [53]
 [57]
 [48]
 [55]
 [46]
 [53]
 [49]
 [55]
 [54]
 [57]
 [54]
 [57]
 [57]
 [57]
 [57]
 [57]
 [57]
 [45]
 [49]] 
------------------------ Dataset: KB ------------------------

shape: (1, 6), dtype: uint32
Data:[[3707764736          2          1          1       1608          1]] 
------------------------ Dataset: LAb ------------------------
shape: (27, 1), dtype: uint16
Data:[[54]
 [55]
 [55]
 [49]
 [46]
 [50]
 [57]
 [56]
 [54]
 [51]
 [49]
 [45]
 [48]
 [32]
 [54]
 [55]
 [55]
 [49]
 [46]
 [51]
 [48]
 [50]
 [50]
 [57]
 [56]
 [45]
 [49]] 
------------------------ Dataset: LAc ------------------------
shape: (27, 1), dtype: uint16
Data:[[54]
 [50]
 [56]
 [52]
 [46]
 [48]
 [55]
 [55]
 [56]
 [55]
 [55]
 [45]
 [48]
 [32]
 [54]
 [50]
 [56]
 [52]
 [46]
 [48]
 [55]
 [55]
 [56]
 [56]
 [53]
 [45]
 [49]] 
------------------------ Dataset: LAd ------------------------
shape: (34, 1), dtype: uint16
Data:[[54]
 [50]
 [57]
 [57]
 [46]
 [56]
 [52]
 [53]
 [56]
 [55]
 [56]
 [57]
 [57]
 [57]
 [57]
 [57]
 [57]
 [53]
 [45]
 [48]
 [32]
 [54]
 [50]
 [57]
 [57]
 [46]
 [56]
 [52]
 [49]
 [57]
 [56]
 [57]
 [45]
 [49]] 
------------------------ Dataset: LAe ------------------------
shape: (39, 1), dtype: uint16
Data:[[54]
 [51]
 [49]
 [53]
 [46]
 [55]
 [49]
 [57]
 [55]
 [51]
 [51]
 [57]
 [57]
 [57]
 [57]
 [57]
 [57]
 [45]
 [48]
 [32]
 [54]
 [51]
 [49]
 [53]
 [46]
 [55]
 [50]
 [50]
 [49]
 [57]
 [49]
 [57]
 [57]
 [57]
 [57]
 [57]
 [57]
 [45]
 [49]] 
------------------------ Dataset: LAf ------------------------
shape: (34, 1), dtype: uint16
Data:[[54]
 [51]
 [51]
 [49]
 [46]
 [53]
 [52]
 [57]
 [56]
 [54]
 [48]
 [57]
 [57]
 [57]
 [57]
 [57]
 [57]
 [53]
 [45]
 [48]
 [32]
 [54]
 [51]
 [51]
 [49]
 [46]
 [53]
 [53]
 [51]
 [57]
 [49]
 [57]
 [45]
 [49]] 
------------------------ Dataset: LAg ------------------------
shape: (32, 1), dtype: uint16
Data:[[54]
 [52]
 [57]
 [54]
 [46]
 [55]
 [49]
 [50]
 [48]
 [57]
 [45]
 [48]
 [32]
 [54]
 [52]
 [57]
 [54]
 [46]
 [55]
 [49]
 [50]
 [51]
 [50]
 [57]
 [57]
 [57]
 [57]
 [57]
 [57]
 [57]
 [45]
 [49]] 
------------------------ Dataset: LAh ------------------------
shape: (27, 1), dtype: uint16
Data:[[54]
 [53]
 [49]
 [50]
 [46]
 [52]
 [54]
 [55]
 [55]
 [48]
 [57]
 [45]
 [48]
 [32]
 [54]
 [53]
 [49]
 [50]
 [46]
 [52]
 [54]
 [50]
 [56]
 [48]
 [54]
 [45]
 [49]] 
------------------------ Dataset: LAi ------------------------
shape: (27, 1), dtype: uint16
Data:[[54]
 [53]
 [50]
 [56]
 [46]
 [50]
 [57]
 [56]
 [48]
 [51]
 [53]
 [45]
 [48]
 [32]
 [54]
 [53]
 [50]
 [56]
 [46]
 [50]
 [57]
 [52]
 [53]
 [56]
 [56]
 [45]
 [49]] 
------------------------ Dataset: LAj ------------------------
shape: (27, 1), dtype: uint16
Data:[[54]
 [48]
 [50]
 [51]
 [46]
 [56]
 [55]
 [57]
 [52]
 [56]
 [49]
 [45]
 [48]
 [32]
 [54]
 [48]
 [50]
 [51]
 [46]
 [56]
 [56]
 [55]
 [48]
 [55]
 [54]
 [45]
 [49]] 
------------------------ Dataset: LAk ------------------------
shape: (33, 1), dtype: uint16
Data:[[54]
 [48]
 [51]
 [57]
 [46]
 [54]
 [51]
 [53]
 [57]
 [49]
 [56]
 [57]
 [57]
 [57]
 [57]
 [57]
 [57]
 [45]
 [48]
 [32]
 [54]
 [48]
 [51]
 [57]
 [46]
 [54]
 [51]
 [54]
 [48]
 [52]
 [52]
 [45]
 [49]] 
------------------------ Dataset: LAl ------------------------
shape: (33, 1), dtype: uint16
Data:[[54]
 [48]
 [53]
 [53]
 [46]
 [50]
 [57]
 [56]
 [57]
 [52]
 [49]
 [57]
 [57]
 [57]
 [57]
 [57]
 [57]
 [45]
 [48]
 [32]
 [54]
 [48]
 [53]
 [53]
 [46]
 [50]
 [57]
 [53]
 [50]
 [48]
 [54]
 [45]
 [49]] 
------------------------ Dataset: LAm ------------------------
shape: (39, 1), dtype: uint16
Data:[[54]
 [48]
 [55]
 [49]
 [46]
 [50]
 [51]
 [51]
 [55]
 [52]
 [57]
 [57]
 [57]
 [57]
 [57]
 [57]
 [57]
 [45]
 [48]
 [32]
 [54]
 [48]
 [55]
 [49]
 [46]
 [50]
 [50]
 [57]
 [55]
 [53]
 [52]
 [57]
 [57]
 [57]
 [57]
 [57]
 [57]
 [45]
 [49]] 
------------------------ Dataset: LAn ------------------------
shape: (40, 1), dtype: uint16
Data:[[53]
 [54]
 [51]
 [50]
 [46]
 [49]
 [48]
 [49]
 [54]
 [48]
 [53]
 [57]
 [57]
 [57]
 [57]
 [57]
 [57]
 [45]
 [48]
 [32]
 [53]
 [54]
 [51]
 [50]
 [46]
 [49]
 [48]
 [53]
 [55]
 [48]
 [56]
 [57]
 [57]
 [57]
 [57]
 [57]
 [57]
 [53]
 [45]
 [49]] 
------------------------ Dataset: LAo ------------------------
shape: (27, 1), dtype: uint16
Data:[[53]
 [54]
 [52]
 [55]
 [46]
 [55]
 [57]
 [51]
 [53]
 [54]
 [50]
 [45]
 [48]
 [32]
 [53]
 [54]
 [52]
 [55]
 [46]
 [55]
 [56]
 [57]
 [53]
 [51]
 [50]
 [45]
 [49]] 
------------------------ Dataset: LAp ------------------------
shape: (40, 1), dtype: uint16
Data:[[53]
 [54]
 [54]
 [51]
 [46]
 [53]
 [50]
 [49]
 [53]
 [55]
 [56]
 [57]
 [57]
 [57]
 [57]
 [57]
 [57]
 [45]
 [48]
 [32]
 [53]
 [54]
 [54]
 [51]
 [46]
 [53]
 [50]
 [53]
 [54]
 [56]
 [49]
 [57]
 [57]
 [57]
 [57]
 [57]
 [57]
 [53]
 [45]
 [49]] 
------------------------ Dataset: LAq ------------------------
shape: (34, 1), dtype: uint16
Data:[[53]
 [54]
 [55]
 [57]
 [46]
 [50]
 [54]
 [57]
 [55]
 [57]
 [50]
 [57]
 [57]
 [57]
 [57]
 [57]
 [57]
 [53]
 [45]
 [48]
 [32]
 [53]
 [54]
 [55]
 [57]
 [46]
 [50]
 [54]
 [57]
 [56]
 [49]
 [50]
 [45]
 [49]] 
------------------------ Dataset: LAr ------------------------
shape: (27, 1), dtype: uint16
Data:[[53]
 [56]
 [48]
 [53]
 [46]
 [53]
 [56]
 [48]
 [56]
 [49]
 [54]
 [45]
 [48]
 [32]
 [53]
 [56]
 [48]
 [53]
 [46]
 [53]
 [56]
 [48]
 [55]
 [48]
 [51]
 [45]
 [49]] 
------------------------ Dataset: LAs ------------------------
shape: (40, 1), dtype: uint16
Data:[[54]
 [52]
 [49]
 [56]
 [46]
 [51]
 [50]
 [53]
 [57]
 [50]
 [53]
 [57]
 [57]
 [57]
 [57]
 [57]
 [57]
 [53]
 [45]
 [48]
 [32]
 [54]
 [52]
 [49]
 [56]
 [46]
 [51]
 [50]
 [57]
 [57]
 [56]
 [52]
 [57]
 [57]
 [57]
 [57]
 [57]
 [57]
 [45]
 [49]] 
------------------------ Dataset: LAt ------------------------
shape: (33, 1), dtype: uint16
Data:[[54]
 [54]
 [49]
 [48]
 [46]
 [52]
 [50]
 [49]
 [52]
 [54]
 [57]
 [57]
 [57]
 [57]
 [57]
 [57]
 [57]
 [45]
 [48]
 [32]
 [54]
 [54]
 [49]
 [48]
 [46]
 [52]
 [50]
 [50]
 [48]
 [52]
 [52]
 [45]
 [49]] 
------------------------ Dataset: LAu ------------------------
shape: (34, 1), dtype: uint16
Data:[[54]
 [54]
 [50]
 [54]
 [46]
 [51]
 [53]
 [52]
 [48]
 [52]
 [53]
 [57]
 [57]
 [57]
 [57]
 [57]
 [57]
 [53]
 [45]
 [48]
 [32]
 [54]
 [54]
 [50]
 [54]
 [46]
 [51]
 [53]
 [56]
 [48]
 [53]
 [50]
 [45]
 [49]] 
------------------------ Dataset: LAv ------------------------
shape: (34, 1), dtype: uint16
Data:[[54]
 [54]
 [52]
 [50]
 [46]
 [49]
 [51]
 [52]
 [50]
 [53]
 [56]
 [57]
 [57]
 [57]
 [57]
 [57]
 [57]
 [53]
 [45]
 [48]
 [32]
 [54]
 [54]
 [52]
 [50]
 [46]
 [49]
 [51]
 [48]
 [50]
 [54]
 [51]
 [45]
 [49]] 
------------------------ Dataset: LAw ------------------------
shape: (33, 1), dtype: uint16
Data:[[54]
 [54]
 [53]
 [55]
 [46]
 [56]
 [51]
 [53]
 [49]
 [54]
 [49]
 [45]
 [48]
 [32]
 [54]
 [54]
 [53]
 [55]
 [46]
 [56]
 [51]
 [53]
 [49]
 [54]
 [49]
 [57]
 [57]
 [57]
 [57]
 [57]
 [57]
 [45]
 [49]] 
------------------------ Dataset: LAx ------------------------
shape: (32, 1), dtype: uint16
Data:[[54]
 [54]
 [55]
 [51]
 [46]
 [55]
 [50]
 [48]
 [53]
 [51]
 [45]
 [48]
 [32]
 [54]
 [54]
 [55]
 [51]
 [46]
 [55]
 [49]
 [55]
 [54]
 [48]
 [56]
 [57]
 [57]
 [57]
 [57]
 [57]
 [57]
 [45]
 [49]] 
------------------------ Dataset: LAy ------------------------
shape: (33, 1), dtype: uint16
Data:[[54]
 [54]
 [56]
 [57]
 [46]
 [54]
 [51]
 [56]
 [48]
 [54]
 [55]
 [57]
 [57]
 [57]
 [57]
 [57]
 [57]
 [45]
 [48]
 [32]
 [54]
 [54]
 [56]
 [57]
 [46]
 [54]
 [51]
 [49]
 [52]
 [55]
 [57]
 [45]
 [49]] 
------------------------ Dataset: LAz ------------------------
shape: (33, 1), dtype: uint16
Data:[[53]
 [57]
 [48]
 [55]
 [46]
 [53]
 [50]
 [49]
 [54]
 [55]
 [56]
 [45]
 [48]
 [32]
 [53]
 [57]
 [48]
 [55]
 [46]
 [53]
 [49]
 [55]
 [54]
 [57]
 [54]
 [57]
 [57]
 [57]
 [57]
 [57]
 [57]
 [45]
 [49]] 
------------------------ Dataset: LB ------------------------

shape: (1, 6), dtype: uint32
Data:[[3707764736          2          1          1       1609          1]] 
------------------------ Dataset: MAb ------------------------
shape: (33, 1), dtype: uint16
Data:[[54]
 [55]
 [55]
 [49]
 [46]
 [51]
 [48]
 [54]
 [49]
 [55]
 [56]
 [57]
 [57]
 [57]
 [57]
 [57]
 [57]
 [45]
 [48]
 [32]
 [54]
 [55]
 [55]
 [49]
 [46]
 [51]
 [48]
 [50]
 [50]
 [57]
 [56]
 [45]
 [49]] 
------------------------ Dataset: MAc ------------------------
shape: (33, 1), dtype: uint16
Data:[[54]
 [50]
 [56]
 [52]
 [46]
 [48]
 [56]
 [53]
 [55]
 [56]
 [52]
 [57]
 [57]
 [57]
 [57]
 [57]
 [57]
 [45]
 [48]
 [32]
 [54]
 [50]
 [56]
 [52]
 [46]
 [48]
 [55]
 [55]
 [56]
 [56]
 [53]
 [45]
 [49]] 
------------------------ Dataset: MAd ------------------------
shape: (34, 1), dtype: uint16
Data:[[54]
 [50]
 [57]
 [57]
 [46]
 [56]
 [52]
 [53]
 [56]
 [55]
 [56]
 [57]
 [57]
 [57]
 [57]
 [57]
 [57]
 [53]
 [45]
 [48]
 [32]
 [54]
 [50]
 [57]
 [57]
 [46]
 [56]
 [52]
 [57]
 [57]
 [57]
 [51]
 [45]
 [49]] 
------------------------ Dataset: MAe ------------------------
shape: (33, 1), dtype: uint16
Data:[[54]
 [51]
 [49]
 [53]
 [46]
 [55]
 [50]
 [54]
 [48]
 [55]
 [57]
 [45]
 [48]
 [32]
 [54]
 [51]
 [49]
 [53]
 [46]
 [55]
 [50]
 [50]
 [49]
 [57]
 [49]
 [57]
 [57]
 [57]
 [57]
 [57]
 [57]
 [45]
 [49]] 
------------------------ Dataset: MAf ------------------------
shape: (27, 1), dtype: uint16
Data:[[54]
 [51]
 [51]
 [49]
 [46]
 [53]
 [53]
 [55]
 [56]
 [53]
 [49]
 [45]
 [48]
 [32]
 [54]
 [51]
 [51]
 [49]
 [46]
 [53]
 [53]
 [51]
 [57]
 [49]
 [57]
 [45]
 [49]] 
------------------------ Dataset: MAg ------------------------
shape: (39, 1), dtype: uint16
Data:[[54]
 [52]
 [57]
 [54]
 [46]
 [55]
 [49]
 [52]
 [55]
 [55]
 [57]
 [57]
 [57]
 [57]
 [57]
 [57]
 [57]
 [45]
 [48]
 [32]
 [54]
 [52]
 [57]
 [54]
 [46]
 [55]
 [49]
 [50]
 [51]
 [50]
 [57]
 [57]
 [57]
 [57]
 [57]
 [57]
 [57]
 [45]
 [49]] 
------------------------ Dataset: MAh ------------------------
shape: (27, 1), dtype: uint16
Data:[[54]
 [53]
 [49]
 [50]
 [46]
 [52]
 [54]
 [55]
 [55]
 [48]
 [57]
 [45]
 [48]
 [32]
 [54]
 [53]
 [49]
 [50]
 [46]
 [52]
 [55]
 [49]
 [50]
 [54]
 [49]
 [45]
 [49]] 
------------------------ Dataset: MAi ------------------------
shape: (26, 1), dtype: uint16
Data:[[54]
 [53]
 [50]
 [56]
 [46]
 [50]
 [57]
 [56]
 [48]
 [51]
 [53]
 [45]
 [48]
 [32]
 [54]
 [53]
 [50]
 [56]
 [46]
 [51]
 [48]
 [51]
 [55]
 [54]
 [45]
 [49]] 
------------------------ Dataset: MAj ------------------------
shape: (33, 1), dtype: uint16
Data:[[54]
 [48]
 [50]
 [51]
 [46]
 [56]
 [57]
 [49]
 [49]
 [48]
 [51]
 [57]
 [57]
 [57]
 [57]
 [57]
 [57]
 [45]
 [48]
 [32]
 [54]
 [48]
 [50]
 [51]
 [46]
 [56]
 [56]
 [55]
 [48]
 [55]
 [54]
 [45]
 [49]] 
------------------------ Dataset: MAk ------------------------
shape: (27, 1), dtype: uint16
Data:[[54]
 [48]
 [51]
 [57]
 [46]
 [54]
 [52]
 [49]
 [56]
 [48]
 [54]
 [45]
 [48]
 [32]
 [54]
 [48]
 [51]
 [57]
 [46]
 [54]
 [51]
 [54]
 [48]
 [52]
 [52]
 [45]
 [49]] 
------------------------ Dataset: MAl ------------------------
shape: (33, 1), dtype: uint16
Data:[[54]
 [48]
 [53]
 [53]
 [46]
 [50]
 [57]
 [56]
 [57]
 [52]
 [49]
 [57]
 [57]
 [57]
 [57]
 [57]
 [57]
 [45]
 [48]
 [32]
 [54]
 [48]
 [53]
 [53]
 [46]
 [51]
 [48]
 [50]
 [55]
 [54]
 [57]
 [45]
 [49]] 
------------------------ Dataset: MAm ------------------------
shape: (39, 1), dtype: uint16
Data:[[54]
 [48]
 [55]
 [49]
 [46]
 [50]
 [51]
 [51]
 [55]
 [52]
 [57]
 [57]
 [57]
 [57]
 [57]
 [57]
 [57]
 [45]
 [48]
 [32]
 [54]
 [48]
 [55]
 [49]
 [46]
 [50]
 [51]
 [55]
 [55]
 [57]
 [53]
 [57]
 [57]
 [57]
 [57]
 [57]
 [57]
 [45]
 [49]] 
------------------------ Dataset: MAn ------------------------
shape: (40, 1), dtype: uint16
Data:[[53]
 [54]
 [51]
 [50]
 [46]
 [49]
 [48]
 [57]
 [55]
 [48]
 [48]
 [57]
 [57]
 [57]
 [57]
 [57]
 [57]
 [45]
 [48]
 [32]
 [53]
 [54]
 [51]
 [50]
 [46]
 [49]
 [48]
 [53]
 [55]
 [48]
 [56]
 [57]
 [57]
 [57]
 [57]
 [57]
 [57]
 [53]
 [45]
 [49]] 
------------------------ Dataset: MAo ------------------------
shape: (34, 1), dtype: uint16
Data:[[53]
 [54]
 [52]
 [55]
 [46]
 [55]
 [57]
 [51]
 [53]
 [54]
 [50]
 [45]
 [48]
 [32]
 [53]
 [54]
 [52]
 [55]
 [46]
 [55]
 [57]
 [55]
 [53]
 [55]
 [57]
 [57]
 [57]
 [57]
 [57]
 [57]
 [57]
 [53]
 [45]
 [49]] 
------------------------ Dataset: MAp ------------------------
shape: (34, 1), dtype: uint16
Data:[[53]
 [54]
 [54]
 [51]
 [46]
 [53]
 [50]
 [57]
 [54]
 [51]
 [53]
 [45]
 [48]
 [32]
 [53]
 [54]
 [54]
 [51]
 [46]
 [53]
 [50]
 [53]
 [54]
 [56]
 [49]
 [57]
 [57]
 [57]
 [57]
 [57]
 [57]
 [53]
 [45]
 [49]] 
------------------------ Dataset: MAq ------------------------
shape: (34, 1), dtype: uint16
Data:[[53]
 [54]
 [55]
 [57]
 [46]
 [50]
 [56]
 [49]
 [54]
 [52]
 [53]
 [57]
 [57]
 [57]
 [57]
 [57]
 [57]
 [53]
 [45]
 [48]
 [32]
 [53]
 [54]
 [55]
 [57]
 [46]
 [50]
 [54]
 [57]
 [56]
 [49]
 [50]
 [45]
 [49]] 
------------------------ Dataset: MAr ------------------------
shape: (27, 1), dtype: uint16
Data:[[53]
 [56]
 [48]
 [53]
 [46]
 [53]
 [56]
 [48]
 [56]
 [49]
 [54]
 [45]
 [48]
 [32]
 [53]
 [56]
 [48]
 [53]
 [46]
 [53]
 [56]
 [51]
 [53]
 [54]
 [50]
 [45]
 [49]] 
------------------------ Dataset: MAs ------------------------
shape: (33, 1), dtype: uint16
Data:[[54]
 [52]
 [49]
 [56]
 [46]
 [51]
 [51]
 [51]
 [57]
 [51]
 [54]
 [45]
 [48]
 [32]
 [54]
 [52]
 [49]
 [56]
 [46]
 [51]
 [50]
 [57]
 [57]
 [56]
 [52]
 [57]
 [57]
 [57]
 [57]
 [57]
 [57]
 [45]
 [49]] 
------------------------ Dataset: MAt ------------------------
shape: (34, 1), dtype: uint16
Data:[[54]
 [54]
 [49]
 [48]
 [46]
 [52]
 [50]
 [54]
 [48]
 [55]
 [55]
 [57]
 [57]
 [57]
 [57]
 [57]
 [57]
 [53]
 [45]
 [48]
 [32]
 [54]
 [54]
 [49]
 [48]
 [46]
 [52]
 [50]
 [50]
 [48]
 [52]
 [52]
 [45]
 [49]] 
------------------------ Dataset: MAu ------------------------
shape: (33, 1), dtype: uint16
Data:[[54]
 [54]
 [50]
 [54]
 [46]
 [51]
 [54]
 [50]
 [48]
 [51]
 [55]
 [57]
 [57]
 [57]
 [57]
 [57]
 [57]
 [45]
 [48]
 [32]
 [54]
 [54]
 [50]
 [54]
 [46]
 [51]
 [53]
 [56]
 [48]
 [53]
 [50]
 [45]
 [49]] 
------------------------ Dataset: MAv ------------------------
shape: (33, 1), dtype: uint16
Data:[[54]
 [54]
 [52]
 [50]
 [46]
 [49]
 [51]
 [52]
 [50]
 [53]
 [56]
 [57]
 [57]
 [57]
 [57]
 [57]
 [57]
 [53]
 [45]
 [48]
 [32]
 [54]
 [54]
 [52]
 [50]
 [46]
 [49]
 [51]
 [56]
 [50]
 [56]
 [45]
 [49]] 
------------------------ Dataset: MAw ------------------------
shape: (39, 1), dtype: uint16
Data:[[54]
 [54]
 [53]
 [55]
 [46]
 [56]
 [51]
 [57]
 [52]
 [53]
 [57]
 [57]
 [57]
 [57]
 [57]
 [57]
 [57]
 [45]
 [48]
 [32]
 [54]
 [54]
 [53]
 [55]
 [46]
 [56]
 [51]
 [53]
 [49]
 [54]
 [49]
 [57]
 [57]
 [57]
 [57]
 [57]
 [57]
 [45]
 [49]] 
------------------------ Dataset: MAx ------------------------
shape: (26, 1), dtype: uint16
Data:[[54]
 [54]
 [55]
 [51]
 [46]
 [55]
 [50]
 [48]
 [53]
 [51]
 [45]
 [48]
 [32]
 [54]
 [54]
 [55]
 [51]
 [46]
 [55]
 [50]
 [50]
 [49]
 [55]
 [51]
 [45]
 [49]] 
------------------------ Dataset: MAy ------------------------
shape: (33, 1), dtype: uint16
Data:[[54]
 [54]
 [56]
 [57]
 [46]
 [54]
 [51]
 [56]
 [48]
 [54]
 [55]
 [57]
 [57]
 [57]
 [57]
 [57]
 [57]
 [45]
 [48]
 [32]
 [54]
 [54]
 [56]
 [57]
 [46]
 [54]
 [51]
 [52]
 [55]
 [52]
 [52]
 [45]
 [49]] 
------------------------ Dataset: MAz ------------------------
shape: (34, 1), dtype: uint16
Data:[[53]
 [57]
 [48]
 [55]
 [46]
 [53]
 [50]
 [49]
 [54]
 [55]
 [56]
 [45]
 [48]
 [32]
 [53]
 [57]
 [48]
 [55]
 [46]
 [53]
 [50]
 [55]
 [49]
 [51]
 [55]
 [57]
 [57]
 [57]
 [57]
 [57]
 [57]
 [53]
 [45]
 [49]] 
------------------------ Dataset: MB ------------------------

shape: (1, 6), dtype: uint32
Data:[[3707764736          2          1          1       1610          1]] 
------------------------ Dataset: NAb ------------------------
shape: (33, 1), dtype: uint16
Data:[[54]
 [55]
 [55]
 [49]
 [46]
 [51]
 [48]
 [54]
 [49]
 [55]
 [56]
 [57]
 [57]
 [57]
 [57]
 [57]
 [57]
 [45]
 [48]
 [32]
 [54]
 [55]
 [55]
 [49]
 [46]
 [51]
 [49]
 [48]
 [49]
 [54]
 [51]
 [45]
 [49]] 
------------------------ Dataset: NAc ------------------------
shape: (33, 1), dtype: uint16
Data:[[54]
 [50]
 [56]
 [52]
 [46]
 [48]
 [56]
 [53]
 [55]
 [56]
 [52]
 [57]
 [57]
 [57]
 [57]
 [57]
 [57]
 [45]
 [48]
 [32]
 [54]
 [50]
 [56]
 [52]
 [46]
 [48]
 [56]
 [53]
 [56]
 [49]
 [56]
 [45]
 [49]] 
------------------------ Dataset: NAd ------------------------
shape: (27, 1), dtype: uint16
Data:[[54]
 [50]
 [57]
 [57]
 [46]
 [56]
 [53]
 [51]
 [57]
 [54]
 [57]
 [45]
 [48]
 [32]
 [54]
 [50]
 [57]
 [57]
 [46]
 [56]
 [52]
 [57]
 [57]
 [57]
 [51]
 [45]
 [49]] 
------------------------ Dataset: NAe ------------------------
shape: (27, 1), dtype: uint16
Data:[[54]
 [51]
 [49]
 [53]
 [46]
 [55]
 [50]
 [54]
 [48]
 [55]
 [57]
 [45]
 [48]
 [32]
 [54]
 [51]
 [49]
 [53]
 [46]
 [55]
 [50]
 [57]
 [57]
 [52]
 [53]
 [45]
 [49]] 
------------------------ Dataset: NAf ------------------------
shape: (27, 1), dtype: uint16
Data:[[54]
 [51]
 [51]
 [49]
 [46]
 [53]
 [53]
 [55]
 [56]
 [53]
 [49]
 [45]
 [48]
 [32]
 [54]
 [51]
 [51]
 [49]
 [46]
 [53]
 [54]
 [51]
 [52]
 [56]
 [57]
 [45]
 [49]] 
------------------------ Dataset: NAg ------------------------
shape: (39, 1), dtype: uint16
Data:[[54]
 [52]
 [57]
 [54]
 [46]
 [55]
 [49]
 [52]
 [55]
 [55]
 [57]
 [57]
 [57]
 [57]
 [57]
 [57]
 [57]
 [45]
 [48]
 [32]
 [54]
 [52]
 [57]
 [54]
 [46]
 [55]
 [49]
 [56]
 [50]
 [51]
 [52]
 [57]
 [57]
 [57]
 [57]
 [57]
 [57]
 [45]
 [49]] 
------------------------ Dataset: NAh ------------------------
shape: (27, 1), dtype: uint16
Data:[[54]
 [53]
 [49]
 [50]
 [46]
 [52]
 [55]
 [52]
 [56]
 [57]
 [49]
 [45]
 [48]
 [32]
 [54]
 [53]
 [49]
 [50]
 [46]
 [52]
 [55]
 [49]
 [50]
 [54]
 [49]
 [45]
 [49]] 
------------------------ Dataset: NAi ------------------------
shape: (32, 1), dtype: uint16
Data:[[54]
 [53]
 [50]
 [56]
 [46]
 [51]
 [48]
 [56]
 [56]
 [54]
 [50]
 [57]
 [57]
 [57]
 [57]
 [57]
 [57]
 [45]
 [48]
 [32]
 [54]
 [53]
 [50]
 [56]
 [46]
 [51]
 [48]
 [51]
 [55]
 [54]
 [45]
 [49]] 
------------------------ Dataset: NAj ------------------------
shape: (39, 1), dtype: uint16
Data:[[54]
 [48]
 [50]
 [51]
 [46]
 [56]
 [57]
 [49]
 [49]
 [48]
 [51]
 [57]
 [57]
 [57]
 [57]
 [57]
 [57]
 [45]
 [48]
 [32]
 [54]
 [48]
 [50]
 [51]
 [46]
 [56]
 [57]
 [52]
 [53]
 [54]
 [54]
 [57]
 [57]
 [57]
 [57]
 [57]
 [57]
 [45]
 [49]] 
------------------------ Dataset: NAk ------------------------
shape: (27, 1), dtype: uint16
Data:[[54]
 [48]
 [51]
 [57]
 [46]
 [54]
 [52]
 [49]
 [56]
 [48]
 [54]
 [45]
 [48]
 [32]
 [54]
 [48]
 [51]
 [57]
 [46]
 [54]
 [52]
 [49]
 [56]
 [49]
 [50]
 [45]
 [49]] 
------------------------ Dataset: NAl ------------------------
shape: (27, 1), dtype: uint16
Data:[[54]
 [48]
 [53]
 [53]
 [46]
 [51]
 [48]
 [54]
 [52]
 [51]
 [49]
 [45]
 [48]
 [32]
 [54]
 [48]
 [53]
 [53]
 [46]
 [51]
 [48]
 [50]
 [55]
 [54]
 [57]
 [45]
 [49]] 
------------------------ Dataset: NAm ------------------------
shape: (39, 1), dtype: uint16
Data:[[54]
 [48]
 [55]
 [49]
 [46]
 [50]
 [52]
 [49]
 [55]
 [55]
 [57]
 [57]
 [57]
 [57]
 [57]
 [57]
 [57]
 [45]
 [48]
 [32]
 [54]
 [48]
 [55]
 [49]
 [46]
 [50]
 [51]
 [55]
 [55]
 [57]
 [53]
 [57]
 [57]
 [57]
 [57]
 [57]
 [57]
 [45]
 [49]] 
------------------------ Dataset: NAn ------------------------
shape: (33, 1), dtype: uint16
Data:[[53]
 [54]
 [51]
 [50]
 [46]
 [49]
 [48]
 [57]
 [55]
 [48]
 [48]
 [57]
 [57]
 [57]
 [57]
 [57]
 [57]
 [45]
 [48]
 [32]
 [53]
 [54]
 [51]
 [50]
 [46]
 [49]
 [49]
 [51]
 [54]
 [53]
 [50]
 [45]
 [49]] 
------------------------ Dataset: NAo ------------------------
shape: (34, 1), dtype: uint16
Data:[[53]
 [54]
 [52]
 [55]
 [46]
 [56]
 [48]
 [49]
 [54]
 [49]
 [51]
 [45]
 [48]
 [32]
 [53]
 [54]
 [52]
 [55]
 [46]
 [55]
 [57]
 [55]
 [53]
 [55]
 [57]
 [57]
 [57]
 [57]
 [57]
 [57]
 [57]
 [53]
 [45]
 [49]] 
------------------------ Dataset: NAp ------------------------
shape: (27, 1), dtype: uint16
Data:[[53]
 [54]
 [54]
 [51]
 [46]
 [53]
 [50]
 [57]
 [54]
 [51]
 [53]
 [45]
 [48]
 [32]
 [53]
 [54]
 [54]
 [51]
 [46]
 [53]
 [51]
 [51]
 [53]
 [57]
 [51]
 [45]
 [49]] 
------------------------ Dataset: NAq ------------------------
shape: (41, 1), dtype: uint16
Data:[[53]
 [54]
 [55]
 [57]
 [46]
 [50]
 [56]
 [49]
 [54]
 [52]
 [53]
 [57]
 [57]
 [57]
 [57]
 [57]
 [57]
 [53]
 [45]
 [48]
 [32]
 [53]
 [54]
 [55]
 [57]
 [46]
 [50]
 [55]
 [55]
 [54]
 [49]
 [56]
 [57]
 [57]
 [57]
 [57]
 [57]
 [57]
 [53]
 [45]
 [49]] 
------------------------ Dataset: NAr ------------------------
shape: (27, 1), dtype: uint16
Data:[[53]
 [56]
 [48]
 [53]
 [46]
 [53]
 [56]
 [56]
 [53]
 [53]
 [51]
 [45]
 [48]
 [32]
 [53]
 [56]
 [48]
 [53]
 [46]
 [53]
 [56]
 [51]
 [53]
 [54]
 [50]
 [45]
 [49]] 
------------------------ Dataset: NAs ------------------------
shape: (33, 1), dtype: uint16
Data:[[54]
 [52]
 [49]
 [56]
 [46]
 [51]
 [51]
 [51]
 [57]
 [51]
 [54]
 [45]
 [48]
 [32]
 [54]
 [52]
 [49]
 [56]
 [46]
 [51]
 [51]
 [56]
 [48]
 [57]
 [55]
 [57]
 [57]
 [57]
 [57]
 [57]
 [57]
 [45]
 [49]] 
------------------------ Dataset: NAt ------------------------
shape: (34, 1), dtype: uint16
Data:[[54]
 [54]
 [49]
 [48]
 [46]
 [52]
 [50]
 [54]
 [48]
 [55]
 [55]
 [57]
 [57]
 [57]
 [57]
 [57]
 [57]
 [53]
 [45]
 [48]
 [32]
 [54]
 [54]
 [49]
 [48]
 [46]
 [52]
 [51]
 [48]
 [50]
 [48]
 [49]
 [45]
 [49]] 
------------------------ Dataset: NAu ------------------------
shape: (33, 1), dtype: uint16
Data:[[54]
 [54]
 [50]
 [54]
 [46]
 [51]
 [54]
 [50]
 [48]
 [51]
 [55]
 [57]
 [57]
 [57]
 [57]
 [57]
 [57]
 [45]
 [48]
 [32]
 [54]
 [54]
 [50]
 [54]
 [46]
 [51]
 [54]
 [54]
 [49]
 [50]
 [56]
 [45]
 [49]] 
------------------------ Dataset: NAv ------------------------
shape: (25, 1), dtype: uint16
Data:[[54]
 [54]
 [52]
 [50]
 [46]
 [49]
 [52]
 [50]
 [49]
 [55]
 [45]
 [48]
 [32]
 [54]
 [54]
 [52]
 [50]
 [46]
 [49]
 [51]
 [56]
 [50]
 [56]
 [45]
 [49]] 
------------------------ Dataset: NAw ------------------------
shape: (39, 1), dtype: uint16
Data:[[54]
 [54]
 [53]
 [55]
 [46]
 [56]
 [51]
 [57]
 [52]
 [53]
 [57]
 [57]
 [57]
 [57]
 [57]
 [57]
 [57]
 [45]
 [48]
 [32]
 [54]
 [54]
 [53]
 [55]
 [46]
 [56]
 [52]
 [50]
 [52]
 [57]
 [48]
 [57]
 [57]
 [57]
 [57]
 [57]
 [57]
 [45]
 [49]] 
------------------------ Dataset: NAx ------------------------
shape: (27, 1), dtype: uint16
Data:[[54]
 [54]
 [55]
 [51]
 [46]
 [55]
 [50]
 [54]
 [48]
 [53]
 [50]
 [45]
 [48]
 [32]
 [54]
 [54]
 [55]
 [51]
 [46]
 [55]
 [50]
 [50]
 [49]
 [55]
 [51]
 [45]
 [49]] 
------------------------ Dataset: NAy ------------------------
shape: (33, 1), dtype: uint16
Data:[[54]
 [54]
 [56]
 [57]
 [46]
 [54]
 [51]
 [56]
 [48]
 [54]
 [55]
 [57]
 [57]
 [57]
 [57]
 [57]
 [57]
 [45]
 [48]
 [32]
 [54]
 [54]
 [56]
 [57]
 [46]
 [54]
 [52]
 [50]
 [54]
 [50]
 [52]
 [45]
 [49]] 
------------------------ Dataset: NAz ------------------------
shape: (34, 1), dtype: uint16
Data:[[53]
 [57]
 [48]
 [55]
 [46]
 [53]
 [51]
 [48]
 [57]
 [50]
 [49]
 [45]
 [48]
 [32]
 [53]
 [57]
 [48]
 [55]
 [46]
 [53]
 [50]
 [55]
 [49]
 [51]
 [55]
 [57]
 [57]
 [57]
 [57]
 [57]
 [57]
 [53]
 [45]
 [49]] 
------------------------ Dataset: NB ------------------------

