shape: (1, 6), dtype: uint32
Data:[[3707764736          2          1          1       1621          1]] 
------------------------ Dataset: YAb ------------------------
shape: (27, 1), dtype: uint16
Data:[[54]
 [55]
 [55]
 [49]
 [46]
 [51]
 [53]
 [53]
 [53]
 [48]
 [54]
 [45]
 [48]
 [32]
 [54]
 [55]
 [55]
 [49]
 [46]
 [51]
 [53]
 [48]
 [50]
 [51]
 [56]
 [45]
 [49]] 
------------------------ Dataset: YAc ------------------------
shape: (33, 1), dtype: uint16
Data:[[54]
 [50]
 [56]
 [52]
 [46]
 [49]
 [51]
 [54]
 [48]
 [51]
 [54]
 [57]
 [57]
 [57]
 [57]
 [57]
 [57]
 [45]
 [48]
 [32]
 [54]
 [50]
 [56]
 [52]
 [46]
 [49]
 [50]
 [53]
 [56]
 [50]
 [55]
 [45]
 [49]] 
------------------------ Dataset: YAd ------------------------
shape: (13, 1), dtype: uint16
Data:[[54]
 [50]
 [57]
 [57]
 [46]
 [56]
 [57]
 [52]
 [50]
 [48]
 [56]
 [45]
 [48]] 
------------------------ Dataset: YAe ------------------------
shape: (26, 1), dtype: uint16
Data:[[54]
 [51]
 [49]
 [53]
 [46]
 [55]
 [55]
 [51]
 [57]
 [54]
 [54]
 [45]
 [48]
 [32]
 [54]
 [51]
 [49]
 [53]
 [46]
 [55]
 [55]
 [48]
 [49]
 [55]
 [45]
 [49]] 
------------------------ Dataset: YAf ------------------------
shape: (33, 1), dtype: uint16
Data:[[54]
 [51]
 [51]
 [49]
 [46]
 [54]
 [48]
 [53]
 [56]
 [53]
 [56]
 [57]
 [57]
 [57]
 [57]
 [57]
 [57]
 [45]
 [48]
 [32]
 [54]
 [51]
 [51]
 [49]
 [46]
 [54]
 [48]
 [49]
 [56]
 [50]
 [56]
 [45]
 [49]] 
------------------------ Dataset: YAg ------------------------
shape: (27, 1), dtype: uint16
Data:[[54]
 [52]
 [57]
 [54]
 [46]
 [55]
 [54]
 [50]
 [48]
 [57]
 [52]
 [45]
 [48]
 [32]
 [54]
 [52]
 [57]
 [54]
 [46]
 [55]
 [53]
 [56]
 [48]
 [50]
 [52]
 [45]
 [49]] 
------------------------ Dataset: YAh ------------------------
shape: (19, 1), dtype: uint16
Data:[[54]
 [53]
 [49]
 [50]
 [46]
 [53]
 [49]
 [52]
 [49]
 [48]
 [55]
 [57]
 [57]
 [57]
 [57]
 [57]
 [57]
 [45]
 [48]] 
------------------------ Dataset: YAi ------------------------
shape: (33, 1), dtype: uint16
Data:[[54]
 [53]
 [50]
 [56]
 [46]
 [51]
 [53]
 [52]
 [51]
 [53]
 [57]
 [57]
 [57]
 [57]
 [57]
 [57]
 [57]
 [45]
 [48]
 [32]
 [54]
 [53]
 [50]
 [56]
 [46]
 [51]
 [53]
 [50]
 [57]
 [51]
 [56]
 [45]
 [49]] 
------------------------ Dataset: YAj ------------------------
shape: (27, 1), dtype: uint16
Data:[[54]
 [48]
 [50]
 [51]
 [46]
 [57]
 [51]
 [51]
 [55]
 [49]
 [55]
 [45]
 [48]
 [32]
 [54]
 [48]
 [50]
 [51]
 [46]
 [57]
 [50]
 [57]
 [55]
 [53]
 [49]
 [45]
 [49]] 
------------------------ Dataset: YAk ------------------------
shape: (27, 1), dtype: uint16
Data:[[54]
 [48]
 [51]
 [57]
 [46]
 [54]
 [56]
 [53]
 [55]
 [54]
 [54]
 [45]
 [48]
 [32]
 [54]
 [48]
 [51]
 [57]
 [46]
 [54]
 [57]
 [48]
 [48]
 [48]
 [56]
 [45]
 [49]] 
------------------------ Dataset: YAl ------------------------
shape: (26, 1), dtype: uint16
Data:[[54]
 [48]
 [53]
 [53]
 [46]
 [51]
 [52]
 [53]
 [55]
 [56]
 [56]
 [45]
 [48]
 [32]
 [54]
 [48]
 [53]
 [53]
 [46]
 [51]
 [52]
 [57]
 [56]
 [51]
 [45]
 [49]] 
------------------------ Dataset: YAm ------------------------
shape: (39, 1), dtype: uint16
Data:[[54]
 [48]
 [55]
 [49]
 [46]
 [51]
 [48]
 [48]
 [53]
 [53]
 [53]
 [57]
 [57]
 [57]
 [57]
 [57]
 [57]
 [45]
 [48]
 [32]
 [54]
 [48]
 [55]
 [49]
 [46]
 [50]
 [56]
 [55]
 [53]
 [53]
 [56]
 [57]
 [57]
 [57]
 [57]
 [57]
 [57]
 [45]
 [49]] 
------------------------ Dataset: YAn ------------------------
shape: (27, 1), dtype: uint16
Data:[[53]
 [54]
 [51]
 [50]
 [46]
 [49]
 [53]
 [56]
 [52]
 [49]
 [56]
 [45]
 [48]
 [32]
 [53]
 [54]
 [51]
 [50]
 [46]
 [49]
 [53]
 [51]
 [54]
 [48]
 [52]
 [45]
 [49]] 
------------------------ Dataset: YAo ------------------------
shape: (34, 1), dtype: uint16
Data:[[53]
 [54]
 [52]
 [55]
 [46]
 [56]
 [52]
 [49]
 [54]
 [52]
 [52]
 [57]
 [57]
 [57]
 [57]
 [57]
 [57]
 [53]
 [45]
 [48]
 [32]
 [53]
 [54]
 [52]
 [55]
 [46]
 [56]
 [52]
 [53]
 [54]
 [51]
 [51]
 [45]
 [49]] 
------------------------ Dataset: YAp ------------------------
shape: (27, 1), dtype: uint16
Data:[[53]
 [54]
 [54]
 [51]
 [46]
 [53]
 [56]
 [49]
 [51]
 [50]
 [57]
 [45]
 [48]
 [32]
 [53]
 [54]
 [54]
 [51]
 [46]
 [53]
 [55]
 [53]
 [54]
 [48]
 [49]
 [45]
 [49]] 
------------------------ Dataset: YAq ------------------------
shape: (33, 1), dtype: uint16
Data:[[53]
 [54]
 [55]
 [57]
 [46]
 [51]
 [50]
 [49]
 [53]
 [51]
 [55]
 [57]
 [57]
 [57]
 [57]
 [57]
 [57]
 [45]
 [48]
 [32]
 [53]
 [54]
 [55]
 [57]
 [46]
 [51]
 [50]
 [53]
 [53]
 [55]
 [51]
 [45]
 [49]] 
------------------------ Dataset: YAr ------------------------
shape: (34, 1), dtype: uint16
Data:[[53]
 [56]
 [48]
 [53]
 [46]
 [54]
 [50]
 [53]
 [54]
 [55]
 [54]
 [45]
 [48]
 [32]
 [53]
 [56]
 [48]
 [53]
 [46]
 [54]
 [50]
 [57]
 [56]
 [53]
 [50]
 [57]
 [57]
 [57]
 [57]
 [57]
 [57]
 [53]
 [45]
 [49]] 
------------------------ Dataset: YAs ------------------------
shape: (27, 1), dtype: uint16
Data:[[54]
 [52]
 [49]
 [56]
 [46]
 [51]
 [56]
 [49]
 [57]
 [55]
 [57]
 [45]
 [48]
 [32]
 [54]
 [52]
 [49]
 [56]
 [46]
 [51]
 [55]
 [55]
 [56]
 [57]
 [49]
 [45]
 [49]] 
------------------------ Dataset: YAt ------------------------
shape: (32, 1), dtype: uint16
Data:[[54]
 [54]
 [49]
 [48]
 [46]
 [52]
 [55]
 [52]
 [51]
 [52]
 [54]
 [57]
 [57]
 [57]
 [57]
 [57]
 [57]
 [45]
 [48]
 [32]
 [54]
 [54]
 [49]
 [48]
 [46]
 [52]
 [55]
 [48]
 [48]
 [57]
 [45]
 [49]] 
------------------------ Dataset: YAu ------------------------
shape: (27, 1), dtype: uint16
Data:[[54]
 [54]
 [50]
 [54]
 [46]
 [52]
 [49]
 [48]
 [48]
 [52]
 [49]
 [45]
 [48]
 [32]
 [54]
 [54]
 [50]
 [54]
 [46]
 [52]
 [48]
 [54]
 [48]
 [51]
 [52]
 [45]
 [49]] 
------------------------ Dataset: YAv ------------------------
shape: (27, 1), dtype: uint16
Data:[[54]
 [54]
 [52]
 [50]
 [46]
 [49]
 [57]
 [48]
 [50]
 [49]
 [56]
 [45]
 [48]
 [32]
 [54]
 [54]
 [52]
 [50]
 [46]
 [49]
 [56]
 [50]
 [50]
 [54]
 [57]
 [45]
 [49]] 
------------------------ Dataset: YAw ------------------------
shape: (33, 1), dtype: uint16
Data:[[54]
 [54]
 [53]
 [55]
 [46]
 [56]
 [56]
 [54]
 [49]
 [50]
 [53]
 [45]
 [48]
 [32]
 [54]
 [54]
 [53]
 [55]
 [46]
 [56]
 [56]
 [50]
 [49]
 [57]
 [52]
 [57]
 [57]
 [57]
 [57]
 [57]
 [57]
 [45]
 [49]] 
------------------------ Dataset: YAx ------------------------
shape: (34, 1), dtype: uint16
Data:[[54]
 [54]
 [55]
 [51]
 [46]
 [55]
 [54]
 [57]
 [52]
 [50]
 [52]
 [57]
 [57]
 [57]
 [57]
 [57]
 [57]
 [53]
 [45]
 [48]
 [32]
 [54]
 [54]
 [55]
 [51]
 [46]
 [55]
 [55]
 [48]
 [48]
 [56]
 [53]
 [45]
 [49]] 
------------------------ Dataset: YAy ------------------------
shape: (33, 1), dtype: uint16
Data:[[54]
 [54]
 [56]
 [57]
 [46]
 [54]
 [56]
 [54]
 [50]
 [50]
 [57]
 [57]
 [57]
 [57]
 [57]
 [57]
 [57]
 [45]
 [48]
 [32]
 [54]
 [54]
 [56]
 [57]
 [46]
 [54]
 [56]
 [50]
 [51]
 [54]
 [57]
 [45]
 [49]] 
------------------------ Dataset: YAz ------------------------
shape: (33, 1), dtype: uint16
Data:[[53]
 [57]
 [48]
 [55]
 [46]
 [53]
 [56]
 [53]
 [55]
 [56]
 [57]
 [45]
 [48]
 [32]
 [53]
 [57]
 [48]
 [55]
 [46]
 [53]
 [56]
 [49]
 [55]
 [50]
 [50]
 [57]
 [57]
 [57]
 [57]
 [57]
 [57]
 [45]
 [49]] 
------------------------ Dataset: YB ------------------------
