shape: (1, 6), dtype: uint32
Data:[[3707764736          2          1          1       1440          1]] 
------------------------ Dataset: Yxb ------------------------
shape: (27, 1), dtype: uint16
Data:[[54]
 [55]
 [55]
 [48]
 [46]
 [54]
 [48]
 [50]
 [52]
 [52]
 [49]
 [45]
 [48]
 [32]
 [54]
 [55]
 [55]
 [48]
 [46]
 [53]
 [57]
 [48]
 [50]
 [50]
 [55]
 [45]
 [49]] 
------------------------ Dataset: Yxc ------------------------
shape: (33, 1), dtype: uint16
Data:[[54]
 [50]
 [56]
 [51]
 [46]
 [51]
 [54]
 [49]
 [57]
 [51]
 [56]
 [45]
 [48]
 [32]
 [54]
 [50]
 [56]
 [51]
 [46]
 [51]
 [54]
 [53]
 [57]
 [54]
 [53]
 [57]
 [57]
 [57]
 [57]
 [57]
 [57]
 [45]
 [49]] 
------------------------ Dataset: Yxd ------------------------
shape: (27, 1), dtype: uint16
Data:[[54]
 [50]
 [57]
 [57]
 [46]
 [49]
 [52]
 [54]
 [52]
 [55]
 [57]
 [45]
 [48]
 [32]
 [54]
 [50]
 [57]
 [57]
 [46]
 [49]
 [53]
 [48]
 [52]
 [49]
 [55]
 [45]
 [49]] 
------------------------ Dataset: Yxe ------------------------
shape: (33, 1), dtype: uint16
Data:[[54]
 [51]
 [49]
 [53]
 [46]
 [48]
 [49]
 [55]
 [57]
 [50]
 [55]
 [45]
 [48]
 [32]
 [54]
 [51]
 [49]
 [53]
 [46]
 [48]
 [49]
 [51]
 [57]
 [48]
 [48]
 [57]
 [57]
 [57]
 [57]
 [57]
 [57]
 [45]
 [49]] 
------------------------ Dataset: Yxf ------------------------
shape: (33, 1), dtype: uint16
Data:[[54]
 [51]
 [51]
 [48]
 [46]
 [56]
 [51]
 [55]
 [56]
 [54]
 [57]
 [45]
 [48]
 [32]
 [54]
 [51]
 [51]
 [48]
 [46]
 [56]
 [51]
 [55]
 [56]
 [57]
 [54]
 [57]
 [57]
 [57]
 [57]
 [57]
 [57]
 [45]
 [49]] 
------------------------ Dataset: Yxg ------------------------
shape: (33, 1), dtype: uint16
Data:[[54]
 [51]
 [52]
 [54]
 [46]
 [54]
 [55]
 [55]
 [56]
 [55]
 [54]
 [45]
 [48]
 [32]
 [54]
 [51]
 [52]
 [54]
 [46]
 [54]
 [55]
 [51]
 [56]
 [50]
 [53]
 [57]
 [57]
 [57]
 [57]
 [57]
 [57]
 [45]
 [49]] 
------------------------ Dataset: Yxh ------------------------
shape: (41, 1), dtype: uint16
Data:[[54]
 [53]
 [49]
 [49]
 [46]
 [55]
 [54]
 [50]
 [50]
 [51]
 [50]
 [57]
 [57]
 [57]
 [57]
 [57]
 [57]
 [53]
 [45]
 [48]
 [32]
 [54]
 [53]
 [49]
 [49]
 [46]
 [55]
 [54]
 [50]
 [50]
 [51]
 [50]
 [57]
 [57]
 [57]
 [57]
 [57]
 [57]
 [53]
 [45]
 [49]] 
------------------------ Dataset: Yxi ------------------------
shape: (26, 1), dtype: uint16
Data:[[54]
 [53]
 [50]
 [55]
 [46]
 [53]
 [57]
 [53]
 [48]
 [49]
 [45]
 [48]
 [32]
 [54]
 [53]
 [50]
 [55]
 [46]
 [53]
 [57]
 [52]
 [57]
 [54]
 [57]
 [45]
 [49]] 
------------------------ Dataset: Yxj ------------------------
shape: (27, 1), dtype: uint16
Data:[[54]
 [48]
 [50]
 [51]
 [46]
 [49]
 [54]
 [53]
 [54]
 [56]
 [50]
 [45]
 [48]
 [32]
 [54]
 [48]
 [50]
 [51]
 [46]
 [49]
 [55]
 [53]
 [51]
 [55]
 [51]
 [45]
 [49]] 
------------------------ Dataset: Yxk ------------------------
shape: (33, 1), dtype: uint16
Data:[[54]
 [48]
 [51]
 [56]
 [46]
 [57]
 [51]
 [51]
 [57]
 [54]
 [57]
 [45]
 [48]
 [32]
 [54]
 [48]
 [51]
 [56]
 [46]
 [57]
 [51]
 [55]
 [56]
 [50]
 [50]
 [57]
 [57]
 [57]
 [57]
 [57]
 [57]
 [45]
 [49]] 
------------------------ Dataset: Yxl ------------------------
shape: (27, 1), dtype: uint16
Data:[[54]
 [48]
 [53]
 [52]
 [46]
 [53]
 [56]
 [53]
 [55]
 [52]
 [54]
 [45]
 [48]
 [32]
 [54]
 [48]
 [53]
 [52]
 [46]
 [53]
 [56]
 [53]
 [55]
 [51]
 [56]
 [45]
 [49]] 
------------------------ Dataset: Yxm ------------------------
shape: (27, 1), dtype: uint16
Data:[[54]
 [48]
 [55]
 [48]
 [46]
 [53]
 [51]
 [51]
 [55]
 [57]
 [57]
 [45]
 [48]
 [32]
 [54]
 [48]
 [55]
 [48]
 [46]
 [53]
 [50]
 [57]
 [55]
 [50]
 [57]
 [45]
 [49]] 
------------------------ Dataset: Yxn ------------------------
shape: (34, 1), dtype: uint16
Data:[[53]
 [54]
 [51]
 [49]
 [46]
 [52]
 [48]
 [53]
 [53]
 [51]
 [51]
 [57]
 [57]
 [57]
 [57]
 [57]
 [57]
 [53]
 [45]
 [48]
 [32]
 [53]
 [54]
 [51]
 [49]
 [46]
 [52]
 [48]
 [49]
 [55]
 [49]
 [55]
 [45]
 [49]] 
------------------------ Dataset: Yxo ------------------------
shape: (32, 1), dtype: uint16
Data:[[53]
 [54]
 [52]
 [55]
 [46]
 [48]
 [55]
 [55]
 [55]
 [55]
 [45]
 [48]
 [32]
 [53]
 [54]
 [52]
 [55]
 [46]
 [48]
 [56]
 [49]
 [54]
 [50]
 [53]
 [57]
 [57]
 [57]
 [57]
 [57]
 [57]
 [45]
 [49]] 
------------------------ Dataset: Yxp ------------------------
shape: (26, 1), dtype: uint16
Data:[[53]
 [54]
 [54]
 [50]
 [46]
 [56]
 [50]
 [48]
 [56]
 [55]
 [49]
 [45]
 [48]
 [32]
 [53]
 [54]
 [54]
 [50]
 [46]
 [56]
 [49]
 [51]
 [54]
 [53]
 [45]
 [49]] 
------------------------ Dataset: Yxq ------------------------
shape: (27, 1), dtype: uint16
Data:[[53]
 [54]
 [55]
 [56]
 [46]
 [53]
 [53]
 [53]
 [50]
 [52]
 [53]
 [45]
 [48]
 [32]
 [53]
 [54]
 [55]
 [56]
 [46]
 [53]
 [54]
 [51]
 [55]
 [53]
 [50]
 [45]
 [49]] 
------------------------ Dataset: Yxr ------------------------
shape: (33, 1), dtype: uint16
Data:[[53]
 [54]
 [57]
 [52]
 [46]
 [51]
 [48]
 [53]
 [53]
 [53]
 [55]
 [45]
 [48]
 [32]
 [53]
 [54]
 [57]
 [52]
 [46]
 [51]
 [48]
 [57]
 [53]
 [50]
 [54]
 [57]
 [57]
 [57]
 [57]
 [57]
 [57]
 [45]
 [49]] 
------------------------ Dataset: Yxs ------------------------
shape: (32, 1), dtype: uint16
Data:[[54]
 [52]
 [49]
 [55]
 [46]
 [54]
 [50]
 [49]
 [57]
 [49]
 [56]
 [57]
 [57]
 [57]
 [57]
 [57]
 [57]
 [45]
 [48]
 [32]
 [54]
 [52]
 [49]
 [55]
 [46]
 [54]
 [49]
 [55]
 [57]
 [50]
 [45]
 [49]] 
------------------------ Dataset: Yxt ------------------------
shape: (27, 1), dtype: uint16
Data:[[54]
 [54]
 [48]
 [57]
 [46]
 [55]
 [49]
 [52]
 [49]
 [51]
 [49]
 [45]
 [48]
 [32]
 [54]
 [54]
 [48]
 [57]
 [46]
 [55]
 [49]
 [48]
 [48]
 [49]
 [51]
 [45]
 [49]] 
------------------------ Dataset: Yxu ------------------------
shape: (33, 1), dtype: uint16
Data:[[54]
 [54]
 [50]
 [53]
 [46]
 [54]
 [54]
 [48]
 [55]
 [57]
 [51]
 [57]
 [57]
 [57]
 [57]
 [57]
 [57]
 [45]
 [48]
 [32]
 [54]
 [54]
 [50]
 [53]
 [46]
 [54]
 [53]
 [54]
 [56]
 [49]
 [57]
 [45]
 [49]] 
------------------------ Dataset: Yxv ------------------------
shape: (33, 1), dtype: uint16
Data:[[54]
 [54]
 [52]
 [49]
 [46]
 [52]
 [51]
 [53]
 [51]
 [50]
 [56]
 [45]
 [48]
 [32]
 [54]
 [54]
 [52]
 [49]
 [46]
 [52]
 [51]
 [56]
 [50]
 [57]
 [53]
 [57]
 [57]
 [57]
 [57]
 [57]
 [57]
 [45]
 [49]] 
------------------------ Dataset: Yxw ------------------------
shape: (33, 1), dtype: uint16
Data:[[54]
 [54]
 [53]
 [55]
 [46]
 [49]
 [48]
 [50]
 [50]
 [51]
 [52]
 [57]
 [57]
 [57]
 [57]
 [57]
 [57]
 [45]
 [48]
 [32]
 [54]
 [54]
 [53]
 [55]
 [46]
 [48]
 [57]
 [56]
 [52]
 [57]
 [54]
 [45]
 [49]] 
------------------------ Dataset: Yxx ------------------------
shape: (40, 1), dtype: uint16
Data:[[54]
 [54]
 [55]
 [50]
 [46]
 [57]
 [57]
 [56]
 [49]
 [50]
 [50]
 [57]
 [57]
 [57]
 [57]
 [57]
 [57]
 [45]
 [48]
 [32]
 [54]
 [54]
 [55]
 [50]
 [46]
 [57]
 [57]
 [52]
 [50]
 [56]
 [54]
 [57]
 [57]
 [57]
 [57]
 [57]
 [57]
 [53]
 [45]
 [49]] 
------------------------ Dataset: Yxy ------------------------
shape: (25, 1), dtype: uint16
Data:[[54]
 [54]
 [56]
 [56]
 [46]
 [57]
 [48]
 [50]
 [49]
 [54]
 [45]
 [48]
 [32]
 [54]
 [54]
 [56]
 [56]
 [46]
 [57]
 [48]
 [50]
 [49]
 [54]
 [45]
 [49]] 
------------------------ Dataset: Yxz ------------------------
shape: (12, 1), dtype: uint16
Data:[[53]
 [57]
 [48]
 [54]
 [46]
 [56]
 [48]
 [53]
 [55]
 [55]
 [45]
 [49]] 
------------------------ Dataset: Yy ------------------------
