shape: (1, 6), dtype: uint32
Data:[[3707764736          2          1          1        471          1]] 
------------------------ Dataset: Xhb ------------------------
shape: (27, 1), dtype: uint16
Data:[[54]
 [55]
 [54]
 [54]
 [46]
 [53]
 [48]
 [50]
 [50]
 [56]
 [51]
 [45]
 [48]
 [32]
 [54]
 [55]
 [54]
 [54]
 [46]
 [53]
 [48]
 [50]
 [49]
 [54]
 [51]
 [45]
 [49]] 
------------------------ Dataset: Xhc ------------------------
shape: (33, 1), dtype: uint16
Data:[[54]
 [50]
 [55]
 [57]
 [46]
 [51]
 [48]
 [49]
 [57]
 [52]
 [50]
 [45]
 [48]
 [32]
 [54]
 [50]
 [55]
 [57]
 [46]
 [51]
 [48]
 [53]
 [57]
 [52]
 [55]
 [57]
 [57]
 [57]
 [57]
 [57]
 [57]
 [45]
 [49]] 
------------------------ Dataset: Xhd ------------------------
shape: (27, 1), dtype: uint16
Data:[[54]
 [50]
 [57]
 [53]
 [46]
 [48]
 [55]
 [55]
 [57]
 [57]
 [56]
 [45]
 [48]
 [32]
 [54]
 [50]
 [57]
 [53]
 [46]
 [48]
 [55]
 [52]
 [48]
 [48]
 [49]
 [45]
 [49]] 
------------------------ Dataset: Xhe ------------------------
shape: (33, 1), dtype: uint16
Data:[[54]
 [51]
 [49]
 [48]
 [46]
 [57]
 [48]
 [49]
 [56]
 [56]
 [55]
 [57]
 [57]
 [57]
 [57]
 [57]
 [57]
 [45]
 [48]
 [32]
 [54]
 [51]
 [49]
 [48]
 [46]
 [57]
 [48]
 [54]
 [48]
 [48]
 [56]
 [45]
 [49]] 
------------------------ Dataset: Xhf ------------------------
shape: (34, 1), dtype: uint16
Data:[[54]
 [51]
 [50]
 [54]
 [46]
 [55]
 [55]
 [55]
 [53]
 [55]
 [53]
 [57]
 [57]
 [57]
 [57]
 [57]
 [57]
 [53]
 [45]
 [48]
 [32]
 [54]
 [51]
 [50]
 [54]
 [46]
 [55]
 [55]
 [57]
 [51]
 [50]
 [52]
 [45]
 [49]] 
------------------------ Dataset: Xhg ------------------------
shape: (40, 1), dtype: uint16
Data:[[54]
 [51]
 [52]
 [50]
 [46]
 [53]
 [55]
 [51]
 [57]
 [49]
 [53]
 [57]
 [57]
 [57]
 [57]
 [57]
 [57]
 [45]
 [48]
 [32]
 [54]
 [51]
 [52]
 [50]
 [46]
 [53]
 [55]
 [56]
 [48]
 [48]
 [55]
 [57]
 [57]
 [57]
 [57]
 [57]
 [57]
 [53]
 [45]
 [49]] 
------------------------ Dataset: Xhh ------------------------
shape: (40, 1), dtype: uint16
Data:[[54]
 [53]
 [48]
 [55]
 [46]
 [54]
 [56]
 [50]
 [49]
 [48]
 [56]
 [57]
 [57]
 [57]
 [57]
 [57]
 [57]
 [45]
 [48]
 [32]
 [54]
 [53]
 [48]
 [55]
 [46]
 [54]
 [56]
 [54]
 [48]
 [55]
 [57]
 [57]
 [57]
 [57]
 [57]
 [57]
 [57]
 [53]
 [45]
 [49]] 
------------------------ Dataset: Xhi ------------------------
shape: (33, 1), dtype: uint16
Data:[[54]
 [53]
 [50]
 [51]
 [46]
 [53]
 [49]
 [52]
 [48]
 [52]
 [50]
 [57]
 [57]
 [57]
 [57]
 [57]
 [57]
 [45]
 [48]
 [32]
 [54]
 [53]
 [50]
 [51]
 [46]
 [53]
 [49]
 [48]
 [48]
 [50]
 [57]
 [45]
 [49]] 
------------------------ Dataset: Xhj ------------------------
shape: (27, 1), dtype: uint16
Data:[[54]
 [48]
 [49]
 [57]
 [46]
 [48]
 [57]
 [48]
 [49]
 [55]
 [54]
 [45]
 [48]
 [32]
 [54]
 [48]
 [49]
 [57]
 [46]
 [48]
 [56]
 [55]
 [50]
 [53]
 [54]
 [45]
 [49]] 
------------------------ Dataset: Xhk ------------------------
shape: (27, 1), dtype: uint16
Data:[[54]
 [48]
 [51]
 [52]
 [46]
 [56]
 [57]
 [53]
 [53]
 [49]
 [49]
 [45]
 [48]
 [32]
 [54]
 [48]
 [51]
 [52]
 [46]
 [56]
 [56]
 [53]
 [56]
 [56]
 [54]
 [45]
 [49]] 
------------------------ Dataset: Xhl ------------------------
shape: (40, 1), dtype: uint16
Data:[[54]
 [48]
 [53]
 [48]
 [46]
 [53]
 [49]
 [51]
 [56]
 [48]
 [57]
 [57]
 [57]
 [57]
 [57]
 [57]
 [57]
 [53]
 [45]
 [48]
 [32]
 [54]
 [48]
 [53]
 [48]
 [46]
 [53]
 [48]
 [57]
 [57]
 [51]
 [55]
 [57]
 [57]
 [57]
 [57]
 [57]
 [57]
 [45]
 [49]] 
------------------------ Dataset: Xhm ------------------------
shape: (34, 1), dtype: uint16
Data:[[54]
 [48]
 [54]
 [54]
 [46]
 [52]
 [48]
 [57]
 [55]
 [53]
 [51]
 [45]
 [48]
 [32]
 [54]
 [48]
 [54]
 [54]
 [46]
 [52]
 [48]
 [53]
 [57]
 [56]
 [55]
 [57]
 [57]
 [57]
 [57]
 [57]
 [57]
 [53]
 [45]
 [49]] 
------------------------ Dataset: Xhn ------------------------
shape: (27, 1), dtype: uint16
Data:[[54]
 [48]
 [56]
 [50]
 [46]
 [51]
 [51]
 [55]
 [56]
 [50]
 [56]
 [45]
 [48]
 [32]
 [54]
 [48]
 [56]
 [50]
 [46]
 [51]
 [51]
 [51]
 [56]
 [50]
 [51]
 [45]
 [49]] 
------------------------ Dataset: Xho ------------------------
shape: (27, 1), dtype: uint16
Data:[[53]
 [54]
 [52]
 [51]
 [46]
 [48]
 [50]
 [53]
 [54]
 [57]
 [55]
 [45]
 [48]
 [32]
 [53]
 [54]
 [52]
 [51]
 [46]
 [48]
 [50]
 [57]
 [54]
 [48]
 [51]
 [45]
 [49]] 
------------------------ Dataset: Xhp ------------------------
shape: (34, 1), dtype: uint16
Data:[[53]
 [54]
 [53]
 [56]
 [46]
 [55]
 [55]
 [55]
 [53]
 [53]
 [54]
 [45]
 [48]
 [32]
 [53]
 [54]
 [53]
 [56]
 [46]
 [55]
 [56]
 [49]
 [54]
 [51]
 [55]
 [57]
 [57]
 [57]
 [57]
 [57]
 [57]
 [53]
 [45]
 [49]] 
------------------------ Dataset: Xhq ------------------------
shape: (27, 1), dtype: uint16
Data:[[53]
 [54]
 [55]
 [52]
 [46]
 [52]
 [57]
 [48]
 [57]
 [52]
 [54]
 [45]
 [48]
 [32]
 [53]
 [54]
 [55]
 [52]
 [46]
 [52]
 [56]
 [49]
 [55]
 [54]
 [57]
 [45]
 [49]] 
------------------------ Dataset: Xhr ------------------------
shape: (27, 1), dtype: uint16
Data:[[53]
 [54]
 [57]
 [48]
 [46]
 [50]
 [54]
 [49]
 [53]
 [52]
 [49]
 [45]
 [48]
 [32]
 [53]
 [54]
 [57]
 [48]
 [46]
 [50]
 [54]
 [53]
 [53]
 [53]
 [52]
 [45]
 [49]] 
------------------------ Dataset: Xhs ------------------------
shape: (27, 1), dtype: uint16
Data:[[54]
 [52]
 [49]
 [51]
 [46]
 [53]
 [51]
 [56]
 [50]
 [48]
 [53]
 [45]
 [48]
 [32]
 [54]
 [52]
 [49]
 [51]
 [46]
 [53]
 [51]
 [52]
 [57]
 [51]
 [50]
 [45]
 [49]] 
------------------------ Dataset: Xht ------------------------
shape: (33, 1), dtype: uint16
Data:[[54]
 [54]
 [48]
 [53]
 [46]
 [53]
 [57]
 [56]
 [49]
 [51]
 [57]
 [45]
 [48]
 [32]
 [54]
 [54]
 [48]
 [53]
 [46]
 [54]
 [48]
 [50]
 [49]
 [48]
 [50]
 [57]
 [57]
 [57]
 [57]
 [57]
 [57]
 [45]
 [49]] 
------------------------ Dataset: Xhu ------------------------
shape: (33, 1), dtype: uint16
Data:[[54]
 [54]
 [50]
 [49]
 [46]
 [53]
 [55]
 [52]
 [48]
 [48]
 [54]
 [57]
 [57]
 [57]
 [57]
 [57]
 [57]
 [45]
 [48]
 [32]
 [54]
 [54]
 [50]
 [49]
 [46]
 [53]
 [54]
 [57]
 [57]
 [57]
 [51]
 [45]
 [49]] 
------------------------ Dataset: Xhv ------------------------
shape: (40, 1), dtype: uint16
Data:[[54]
 [54]
 [51]
 [55]
 [46]
 [52]
 [49]
 [52]
 [48]
 [50]
 [53]
 [57]
 [57]
 [57]
 [57]
 [57]
 [57]
 [53]
 [45]
 [48]
 [32]
 [54]
 [54]
 [51]
 [55]
 [46]
 [52]
 [49]
 [56]
 [49]
 [52]
 [51]
 [57]
 [57]
 [57]
 [57]
 [57]
 [57]
 [45]
 [49]] 
------------------------ Dataset: Xhw ------------------------
shape: (12, 1), dtype: uint16
Data:[[54]
 [54]
 [53]
 [51]
 [46]
 [48]
 [49]
 [56]
 [50]
 [50]
 [45]
 [49]] 
------------------------ Dataset: Xhx ------------------------
shape: (33, 1), dtype: uint16
Data:[[54]
 [54]
 [54]
 [56]
 [46]
 [57]
 [48]
 [56]
 [51]
 [50]
 [49]
 [57]
 [57]
 [57]
 [57]
 [57]
 [57]
 [45]
 [48]
 [32]
 [54]
 [54]
 [54]
 [56]
 [46]
 [57]
 [48]
 [52]
 [57]
 [56]
 [50]
 [45]
 [49]] 
------------------------ Dataset: Xhy ------------------------
shape: (33, 1), dtype: uint16
Data:[[54]
 [54]
 [56]
 [52]
 [46]
 [55]
 [57]
 [56]
 [49]
 [49]
 [49]
 [45]
 [48]
 [32]
 [54]
 [54]
 [56]
 [52]
 [46]
 [55]
 [57]
 [52]
 [49]
 [48]
 [50]
 [57]
 [57]
 [57]
 [57]
 [57]
 [57]
 [45]
 [49]] 
------------------------ Dataset: Xhz ------------------------
shape: (27, 1), dtype: uint16
Data:[[53]
 [57]
 [48]
 [50]
 [46]
 [55]
 [50]
 [57]
 [54]
 [54]
 [56]
 [45]
 [48]
 [32]
 [53]
 [57]
 [48]
 [50]
 [46]
 [55]
 [50]
 [53]
 [54]
 [57]
 [57]
 [45]
 [49]] 
------------------------ Dataset: Xi ------------------------
