shape: (1, 6), dtype: uint32
Data:[[3707764736          2          1          1        376          1]] 
------------------------ Dataset: ogb ------------------------
shape: (26, 1), dtype: uint16
Data:[[54]
 [55]
 [54]
 [54]
 [46]
 [48]
 [57]
 [52]
 [49]
 [54]
 [45]
 [48]
 [32]
 [54]
 [55]
 [54]
 [54]
 [46]
 [48]
 [57]
 [56]
 [49]
 [48]
 [50]
 [45]
 [49]] 
------------------------ Dataset: ogc ------------------------
shape: (11, 1), dtype: uint16
Data:[[119]
 [111]
 [114]
 [108]
 [100]
 [ 95]
 [105]
 [110]
 [100]
 [101]
 [120]] 
------------------------ Dataset: ogd ------------------------
shape: (27, 1), dtype: uint16
Data:[[54]
 [50]
 [57]
 [52]
 [46]
 [54]
 [56]
 [51]
 [48]
 [53]
 [52]
 [45]
 [48]
 [32]
 [54]
 [50]
 [57]
 [52]
 [46]
 [54]
 [56]
 [54]
 [48]
 [48]
 [53]
 [45]
 [49]] 
------------------------ Dataset: oge ------------------------
shape: (32, 1), dtype: uint16
Data:[[54]
 [51]
 [49]
 [48]
 [46]
 [53]
 [48]
 [54]
 [48]
 [49]
 [45]
 [48]
 [32]
 [54]
 [51]
 [49]
 [48]
 [46]
 [53]
 [48]
 [49]
 [57]
 [57]
 [54]
 [57]
 [57]
 [57]
 [57]
 [57]
 [57]
 [45]
 [49]] 
------------------------ Dataset: ogf ------------------------
shape: (33, 1), dtype: uint16
Data:[[54]
 [51]
 [50]
 [54]
 [46]
 [51]
 [54]
 [49]
 [57]
 [56]
 [49]
 [57]
 [57]
 [57]
 [57]
 [57]
 [57]
 [45]
 [48]
 [32]
 [54]
 [51]
 [50]
 [54]
 [46]
 [51]
 [54]
 [53]
 [57]
 [57]
 [53]
 [45]
 [49]] 
------------------------ Dataset: ogg ------------------------
shape: (34, 1), dtype: uint16
Data:[[54]
 [51]
 [52]
 [50]
 [46]
 [49]
 [56]
 [53]
 [57]
 [53]
 [56]
 [57]
 [57]
 [57]
 [57]
 [57]
 [57]
 [53]
 [45]
 [48]
 [32]
 [54]
 [51]
 [52]
 [50]
 [46]
 [49]
 [56]
 [50]
 [52]
 [56]
 [55]
 [45]
 [49]] 
------------------------ Dataset: ogh ------------------------
shape: (27, 1), dtype: uint16
Data:[[54]
 [53]
 [48]
 [55]
 [46]
 [50]
 [57]
 [52]
 [48]
 [57]
 [49]
 [45]
 [48]
 [32]
 [54]
 [53]
 [48]
 [55]
 [46]
 [50]
 [57]
 [48]
 [48]
 [57]
 [51]
 [45]
 [49]] 
------------------------ Dataset: ogi ------------------------
shape: (27, 1), dtype: uint16
Data:[[54]
 [53]
 [50]
 [51]
 [46]
 [49]
 [49]
 [48]
 [48]
 [48]
 [49]
 [45]
 [48]
 [32]
 [54]
 [53]
 [50]
 [51]
 [46]
 [49]
 [49]
 [51]
 [57]
 [54]
 [56]
 [45]
 [49]] 
------------------------ Dataset: ogj ------------------------
shape: (27, 1), dtype: uint16
Data:[[54]
 [48]
 [49]
 [56]
 [46]
 [54]
 [57]
 [52]
 [53]
 [54]
 [55]
 [45]
 [48]
 [32]
 [54]
 [48]
 [49]
 [56]
 [46]
 [54]
 [57]
 [49]
 [50]
 [57]
 [56]
 [45]
 [49]] 
------------------------ Dataset: ogk ------------------------
shape: (27, 1), dtype: uint16
Data:[[54]
 [48]
 [51]
 [52]
 [46]
 [52]
 [56]
 [54]
 [56]
 [56]
 [54]
 [45]
 [48]
 [32]
 [54]
 [48]
 [51]
 [52]
 [46]
 [52]
 [55]
 [55]
 [55]
 [51]
 [49]
 [45]
 [49]] 
------------------------ Dataset: ogl ------------------------
shape: (33, 1), dtype: uint16
Data:[[54]
 [48]
 [53]
 [48]
 [46]
 [49]
 [48]
 [57]
 [55]
 [53]
 [49]
 [57]
 [57]
 [57]
 [57]
 [57]
 [57]
 [45]
 [48]
 [32]
 [54]
 [48]
 [53]
 [48]
 [46]
 [49]
 [48]
 [53]
 [56]
 [48]
 [55]
 [45]
 [49]] 
------------------------ Dataset: ogm ------------------------
shape: (39, 1), dtype: uint16
Data:[[54]
 [48]
 [54]
 [53]
 [46]
 [57]
 [57]
 [56]
 [48]
 [48]
 [57]
 [57]
 [57]
 [57]
 [57]
 [57]
 [57]
 [45]
 [48]
 [32]
 [54]
 [48]
 [54]
 [54]
 [46]
 [48]
 [48]
 [50]
 [52]
 [54]
 [54]
 [57]
 [57]
 [57]
 [57]
 [57]
 [57]
 [45]
 [49]] 
------------------------ Dataset: ogn ------------------------
shape: (40, 1), dtype: uint16
Data:[[54]
 [48]
 [56]
 [49]
 [46]
 [57]
 [51]
 [51]
 [56]
 [48]
 [48]
 [57]
 [57]
 [57]
 [57]
 [57]
 [57]
 [45]
 [48]
 [32]
 [54]
 [48]
 [56]
 [49]
 [46]
 [57]
 [51]
 [56]
 [54]
 [50]
 [54]
 [57]
 [57]
 [57]
 [57]
 [57]
 [57]
 [53]
 [45]
 [49]] 
------------------------ Dataset: ogo ------------------------
shape: (39, 1), dtype: uint16
Data:[[53]
 [54]
 [52]
 [50]
 [46]
 [54]
 [51]
 [55]
 [54]
 [54]
 [55]
 [57]
 [57]
 [57]
 [57]
 [57]
 [57]
 [45]
 [48]
 [32]
 [53]
 [54]
 [52]
 [50]
 [46]
 [54]
 [51]
 [51]
 [54]
 [50]
 [57]
 [57]
 [57]
 [57]
 [57]
 [57]
 [57]
 [45]
 [49]] 
------------------------ Dataset: ogp ------------------------
shape: (33, 1), dtype: uint16
Data:[[53]
 [54]
 [53]
 [56]
 [46]
 [51]
 [56]
 [49]
 [53]
 [57]
 [56]
 [57]
 [57]
 [57]
 [57]
 [57]
 [57]
 [45]
 [48]
 [32]
 [53]
 [54]
 [53]
 [56]
 [46]
 [51]
 [56]
 [53]
 [53]
 [56]
 [55]
 [45]
 [49]] 
------------------------ Dataset: ogq ------------------------
shape: (26, 1), dtype: uint16
Data:[[53]
 [54]
 [55]
 [52]
 [46]
 [48]
 [56]
 [57]
 [53]
 [57]
 [45]
 [48]
 [32]
 [53]
 [54]
 [55]
 [52]
 [46]
 [48]
 [56]
 [57]
 [53]
 [52]
 [55]
 [45]
 [49]] 
------------------------ Dataset: ogr ------------------------
shape: (33, 1), dtype: uint16
Data:[[53]
 [54]
 [56]
 [57]
 [46]
 [56]
 [55]
 [48]
 [55]
 [49]
 [55]
 [45]
 [48]
 [32]
 [53]
 [54]
 [56]
 [57]
 [46]
 [56]
 [54]
 [53]
 [55]
 [54]
 [49]
 [57]
 [57]
 [57]
 [57]
 [57]
 [57]
 [45]
 [49]] 
------------------------ Dataset: ogs ------------------------
shape: (26, 1), dtype: uint16
Data:[[54]
 [52]
 [49]
 [51]
 [46]
 [49]
 [52]
 [50]
 [49]
 [49]
 [54]
 [45]
 [48]
 [32]
 [54]
 [52]
 [49]
 [51]
 [46]
 [49]
 [51]
 [52]
 [52]
 [49]
 [45]
 [49]] 
------------------------ Dataset: ogt ------------------------
shape: (27, 1), dtype: uint16
Data:[[54]
 [54]
 [48]
 [53]
 [46]
 [50]
 [48]
 [50]
 [49]
 [53]
 [55]
 [45]
 [48]
 [32]
 [54]
 [54]
 [48]
 [53]
 [46]
 [49]
 [57]
 [56]
 [49]
 [50]
 [56]
 [45]
 [49]] 
------------------------ Dataset: ogu ------------------------
shape: (40, 1), dtype: uint16
Data:[[54]
 [54]
 [50]
 [49]
 [46]
 [49]
 [55]
 [53]
 [52]
 [51]
 [53]
 [57]
 [57]
 [57]
 [57]
 [57]
 [57]
 [53]
 [45]
 [48]
 [32]
 [54]
 [54]
 [50]
 [49]
 [46]
 [49]
 [55]
 [56]
 [51]
 [53]
 [50]
 [57]
 [57]
 [57]
 [57]
 [57]
 [57]
 [45]
 [49]] 
------------------------ Dataset: ogv ------------------------
shape: (27, 1), dtype: uint16
Data:[[54]
 [54]
 [51]
 [55]
 [46]
 [48]
 [50]
 [54]
 [49]
 [54]
 [49]
 [45]
 [48]
 [32]
 [54]
 [54]
 [51]
 [55]
 [46]
 [48]
 [50]
 [54]
 [49]
 [54]
 [49]
 [45]
 [49]] 
------------------------ Dataset: ogw ------------------------
shape: (27, 1), dtype: uint16
Data:[[54]
 [54]
 [53]
 [50]
 [46]
 [54]
 [49]
 [50]
 [50]
 [49]
 [53]
 [45]
 [48]
 [32]
 [54]
 [54]
 [53]
 [50]
 [46]
 [54]
 [49]
 [53]
 [55]
 [54]
 [53]
 [45]
 [49]] 
------------------------ Dataset: ogx ------------------------
shape: (39, 1), dtype: uint16
Data:[[54]
 [54]
 [54]
 [56]
 [46]
 [52]
 [55]
 [52]
 [51]
 [56]
 [49]
 [57]
 [57]
 [57]
 [57]
 [57]
 [57]
 [45]
 [48]
 [32]
 [54]
 [54]
 [54]
 [56]
 [46]
 [52]
 [55]
 [56]
 [50]
 [50]
 [53]
 [57]
 [57]
 [57]
 [57]
 [57]
 [57]
 [45]
 [49]] 
------------------------ Dataset: ogy ------------------------
shape: (27, 1), dtype: uint16
Data:[[54]
 [54]
 [56]
 [52]
 [46]
 [52]
 [48]
 [50]
 [50]
 [48]
 [51]
 [45]
 [48]
 [32]
 [54]
 [54]
 [56]
 [52]
 [46]
 [52]
 [48]
 [54]
 [48]
 [51]
 [56]
 [45]
 [49]] 
------------------------ Dataset: ogz ------------------------
shape: (26, 1), dtype: uint16
Data:[[53]
 [57]
 [48]
 [50]
 [46]
 [51]
 [50]
 [53]
 [54]
 [53]
 [45]
 [48]
 [32]
 [53]
 [57]
 [48]
 [50]
 [46]
 [51]
 [51]
 [48]
 [54]
 [51]
 [55]
 [45]
 [49]] 
------------------------ Dataset: oh ------------------------
