shape: (1, 6), dtype: uint32
Data:[[3707764736          2          1          1       1043          1]] 
------------------------ Dataset: qrb ------------------------
shape: (13, 1), dtype: uint16
Data:[[54]
 [55]
 [54]
 [56]
 [46]
 [57]
 [48]
 [54]
 [50]
 [50]
 [54]
 [45]
 [49]] 
------------------------ Dataset: qrc ------------------------
shape: (27, 1), dtype: uint16
Data:[[54]
 [50]
 [56]
 [49]
 [46]
 [55]
 [48]
 [54]
 [51]
 [51]
 [51]
 [45]
 [48]
 [32]
 [54]
 [50]
 [56]
 [49]
 [46]
 [55]
 [48]
 [50]
 [57]
 [54]
 [49]
 [45]
 [49]] 
------------------------ Dataset: qrd ------------------------
shape: (39, 1), dtype: uint16
Data:[[54]
 [50]
 [57]
 [55]
 [46]
 [52]
 [55]
 [51]
 [57]
 [53]
 [49]
 [57]
 [57]
 [57]
 [57]
 [57]
 [57]
 [45]
 [48]
 [32]
 [54]
 [50]
 [57]
 [55]
 [46]
 [52]
 [55]
 [48]
 [51]
 [48]
 [48]
 [57]
 [57]
 [57]
 [57]
 [57]
 [57]
 [45]
 [49]] 
------------------------ Dataset: qre ------------------------
shape: (39, 1), dtype: uint16
Data:[[54]
 [51]
 [49]
 [51]
 [46]
 [51]
 [52]
 [53]
 [56]
 [57]
 [57]
 [57]
 [57]
 [57]
 [57]
 [57]
 [57]
 [45]
 [48]
 [32]
 [54]
 [51]
 [49]
 [51]
 [46]
 [51]
 [53]
 [48]
 [48]
 [57]
 [51]
 [57]
 [57]
 [57]
 [57]
 [57]
 [57]
 [45]
 [49]] 
------------------------ Dataset: qrf ------------------------
shape: (27, 1), dtype: uint16
Data:[[54]
 [51]
 [50]
 [57]
 [46]
 [49]
 [56]
 [54]
 [49]
 [56]
 [56]
 [45]
 [48]
 [32]
 [54]
 [51]
 [50]
 [57]
 [46]
 [49]
 [56]
 [49]
 [57]
 [54]
 [56]
 [45]
 [49]] 
------------------------ Dataset: qrg ------------------------
shape: (27, 1), dtype: uint16
Data:[[54]
 [51]
 [52]
 [53]
 [46]
 [48]
 [48]
 [57]
 [57]
 [52]
 [50]
 [45]
 [48]
 [32]
 [54]
 [51]
 [52]
 [53]
 [46]
 [48]
 [49]
 [51]
 [57]
 [54]
 [50]
 [45]
 [49]] 
------------------------ Dataset: qrh ------------------------
shape: (33, 1), dtype: uint16
Data:[[54]
 [53]
 [49]
 [48]
 [46]
 [49]
 [48]
 [56]
 [51]
 [51]
 [52]
 [45]
 [48]
 [32]
 [54]
 [53]
 [49]
 [48]
 [46]
 [48]
 [57]
 [56]
 [49]
 [51]
 [52]
 [57]
 [57]
 [57]
 [57]
 [57]
 [57]
 [45]
 [49]] 
------------------------ Dataset: qri ------------------------
shape: (26, 1), dtype: uint16
Data:[[54]
 [53]
 [50]
 [53]
 [46]
 [57]
 [48]
 [57]
 [57]
 [53]
 [52]
 [45]
 [48]
 [32]
 [54]
 [53]
 [50]
 [53]
 [46]
 [57]
 [48]
 [54]
 [48]
 [52]
 [45]
 [49]] 
------------------------ Dataset: qrj ------------------------
shape: (32, 1), dtype: uint16
Data:[[54]
 [48]
 [50]
 [49]
 [46]
 [53]
 [49]
 [48]
 [50]
 [55]
 [45]
 [48]
 [32]
 [54]
 [48]
 [50]
 [49]
 [46]
 [53]
 [49]
 [53]
 [53]
 [54]
 [56]
 [57]
 [57]
 [57]
 [57]
 [57]
 [57]
 [45]
 [49]] 
------------------------ Dataset: qrk ------------------------
shape: (34, 1), dtype: uint16
Data:[[54]
 [48]
 [51]
 [55]
 [46]
 [50]
 [56]
 [53]
 [57]
 [54]
 [50]
 [45]
 [48]
 [32]
 [54]
 [48]
 [51]
 [55]
 [46]
 [50]
 [56]
 [53]
 [56]
 [50]
 [56]
 [57]
 [57]
 [57]
 [57]
 [57]
 [57]
 [53]
 [45]
 [49]] 
------------------------ Dataset: qrl ------------------------
shape: (26, 1), dtype: uint16
Data:[[54]
 [48]
 [53]
 [50]
 [46]
 [57]
 [48]
 [57]
 [56]
 [51]
 [56]
 [45]
 [48]
 [32]
 [54]
 [48]
 [53]
 [50]
 [46]
 [57]
 [48]
 [53]
 [55]
 [57]
 [45]
 [49]] 
------------------------ Dataset: qrm ------------------------
shape: (34, 1), dtype: uint16
Data:[[54]
 [48]
 [54]
 [56]
 [46]
 [56]
 [50]
 [57]
 [57]
 [51]
 [50]
 [45]
 [48]
 [32]
 [54]
 [48]
 [54]
 [56]
 [46]
 [56]
 [50]
 [53]
 [57]
 [54]
 [56]
 [57]
 [57]
 [57]
 [57]
 [57]
 [57]
 [53]
 [45]
 [49]] 
------------------------ Dataset: qrn ------------------------
shape: (27, 1), dtype: uint16
Data:[[54]
 [48]
 [56]
 [52]
 [46]
 [55]
 [52]
 [49]
 [57]
 [49]
 [57]
 [45]
 [48]
 [32]
 [54]
 [48]
 [56]
 [52]
 [46]
 [55]
 [53]
 [50]
 [48]
 [55]
 [49]
 [45]
 [49]] 
------------------------ Dataset: qro ------------------------
shape: (27, 1), dtype: uint16
Data:[[53]
 [54]
 [52]
 [53]
 [46]
 [52]
 [50]
 [49]
 [53]
 [48]
 [51]
 [45]
 [48]
 [32]
 [53]
 [54]
 [52]
 [53]
 [46]
 [52]
 [50]
 [53]
 [53]
 [55]
 [54]
 [45]
 [49]] 
------------------------ Dataset: qrp ------------------------
shape: (33, 1), dtype: uint16
Data:[[53]
 [54]
 [54]
 [49]
 [46]
 [49]
 [56]
 [55]
 [51]
 [48]
 [49]
 [45]
 [48]
 [32]
 [53]
 [54]
 [54]
 [49]
 [46]
 [49]
 [55]
 [55]
 [53]
 [56]
 [49]
 [57]
 [57]
 [57]
 [57]
 [57]
 [57]
 [45]
 [49]] 
------------------------ Dataset: qrq ------------------------
shape: (33, 1), dtype: uint16
Data:[[53]
 [54]
 [55]
 [54]
 [46]
 [56]
 [55]
 [51]
 [53]
 [54]
 [55]
 [45]
 [48]
 [32]
 [53]
 [54]
 [55]
 [54]
 [46]
 [56]
 [55]
 [51]
 [54]
 [53]
 [49]
 [57]
 [57]
 [57]
 [57]
 [57]
 [57]
 [45]
 [49]] 
------------------------ Dataset: qrr ------------------------
shape: (34, 1), dtype: uint16
Data:[[53]
 [54]
 [57]
 [50]
 [46]
 [54]
 [53]
 [55]
 [55]
 [49]
 [51]
 [45]
 [48]
 [32]
 [53]
 [54]
 [57]
 [50]
 [46]
 [54]
 [53]
 [51]
 [55]
 [52]
 [57]
 [57]
 [57]
 [57]
 [57]
 [57]
 [57]
 [53]
 [45]
 [49]] 
------------------------ Dataset: qrs ------------------------
shape: (26, 1), dtype: uint16
Data:[[54]
 [52]
 [49]
 [53]
 [46]
 [57]
 [54]
 [50]
 [50]
 [54]
 [55]
 [45]
 [48]
 [32]
 [54]
 [52]
 [49]
 [53]
 [46]
 [57]
 [55]
 [53]
 [57]
 [50]
 [45]
 [49]] 
------------------------ Dataset: qrt ------------------------
shape: (27, 1), dtype: uint16
Data:[[54]
 [54]
 [48]
 [56]
 [46]
 [48]
 [52]
 [49]
 [57]
 [53]
 [54]
 [45]
 [48]
 [32]
 [54]
 [54]
 [48]
 [56]
 [46]
 [48]
 [52]
 [49]
 [57]
 [54]
 [57]
 [45]
 [49]] 
------------------------ Dataset: qru ------------------------
shape: (39, 1), dtype: uint16
Data:[[54]
 [54]
 [50]
 [51]
 [46]
 [57]
 [56]
 [50]
 [55]
 [50]
 [56]
 [57]
 [57]
 [57]
 [57]
 [57]
 [57]
 [45]
 [48]
 [32]
 [54]
 [54]
 [50]
 [51]
 [46]
 [57]
 [55]
 [56]
 [53]
 [49]
 [48]
 [57]
 [57]
 [57]
 [57]
 [57]
 [57]
 [45]
 [49]] 
------------------------ Dataset: qrv ------------------------
shape: (34, 1), dtype: uint16
Data:[[54]
 [54]
 [51]
 [57]
 [46]
 [55]
 [57]
 [52]
 [48]
 [56]
 [52]
 [57]
 [57]
 [57]
 [57]
 [57]
 [57]
 [53]
 [45]
 [48]
 [32]
 [54]
 [54]
 [51]
 [57]
 [46]
 [55]
 [57]
 [56]
 [50]
 [49]
 [55]
 [45]
 [49]] 
------------------------ Dataset: qrw ------------------------
shape: (33, 1), dtype: uint16
Data:[[54]
 [54]
 [53]
 [53]
 [46]
 [52]
 [49]
 [56]
 [55]
 [57]
 [54]
 [57]
 [57]
 [57]
 [57]
 [57]
 [57]
 [45]
 [48]
 [32]
 [54]
 [54]
 [53]
 [53]
 [46]
 [52]
 [50]
 [50]
 [48]
 [51]
 [54]
 [45]
 [49]] 
------------------------ Dataset: qrx ------------------------
shape: (27, 1), dtype: uint16
Data:[[54]
 [54]
 [55]
 [49]
 [46]
 [51]
 [49]
 [52]
 [48]
 [54]
 [56]
 [45]
 [48]
 [32]
 [54]
 [54]
 [55]
 [49]
 [46]
 [51]
 [49]
 [48]
 [48]
 [54]
 [54]
 [45]
 [49]] 
------------------------ Dataset: qry ------------------------
shape: (26, 1), dtype: uint16
Data:[[54]
 [54]
 [56]
 [55]
 [46]
 [50]
 [49]
 [56]
 [48]
 [52]
 [45]
 [48]
 [32]
 [54]
 [54]
 [56]
 [55]
 [46]
 [50]
 [49]
 [52]
 [48]
 [54]
 [55]
 [45]
 [49]] 
------------------------ Dataset: qrz ------------------------
shape: (27, 1), dtype: uint16
Data:[[53]
 [57]
 [48]
 [53]
 [46]
 [49]
 [51]
 [51]
 [55]
 [53]
 [56]
 [45]
 [48]
 [32]
 [53]
 [57]
 [48]
 [53]
 [46]
 [49]
 [50]
 [57]
 [54]
 [56]
 [50]
 [45]
 [49]] 
------------------------ Dataset: qs ------------------------
