shape: (1, 6), dtype: uint32
Data:[[3707764736          2          1          1       1302          1]] 
------------------------ Dataset: Hvb ------------------------
shape: (13, 1), dtype: uint16
Data:[[54]
 [55]
 [55]
 [48]
 [46]
 [48]
 [49]
 [56]
 [49]
 [56]
 [52]
 [45]
 [49]] 
------------------------ Dataset: Hvc ------------------------
shape: (27, 1), dtype: uint16
Data:[[54]
 [50]
 [56]
 [50]
 [46]
 [55]
 [57]
 [55]
 [56]
 [56]
 [56]
 [45]
 [48]
 [32]
 [54]
 [50]
 [56]
 [50]
 [46]
 [55]
 [57]
 [52]
 [51]
 [54]
 [50]
 [45]
 [49]] 
------------------------ Dataset: Hvd ------------------------
shape: (27, 1), dtype: uint16
Data:[[54]
 [50]
 [57]
 [56]
 [46]
 [53]
 [53]
 [51]
 [57]
 [51]
 [55]
 [45]
 [48]
 [32]
 [54]
 [50]
 [57]
 [56]
 [46]
 [53]
 [52]
 [57]
 [57]
 [54]
 [54]
 [45]
 [49]] 
------------------------ Dataset: Hve ------------------------
shape: (27, 1), dtype: uint16
Data:[[54]
 [51]
 [49]
 [52]
 [46]
 [52]
 [51]
 [52]
 [57]
 [55]
 [57]
 [45]
 [48]
 [32]
 [54]
 [51]
 [49]
 [52]
 [46]
 [52]
 [51]
 [56]
 [48]
 [54]
 [55]
 [45]
 [49]] 
------------------------ Dataset: Hvf ------------------------
shape: (26, 1), dtype: uint16
Data:[[54]
 [51]
 [51]
 [48]
 [46]
 [50]
 [53]
 [56]
 [55]
 [56]
 [45]
 [48]
 [32]
 [54]
 [51]
 [51]
 [48]
 [46]
 [50]
 [54]
 [50]
 [48]
 [49]
 [55]
 [45]
 [49]] 
------------------------ Dataset: Hvg ------------------------
shape: (34, 1), dtype: uint16
Data:[[54]
 [51]
 [52]
 [54]
 [46]
 [48]
 [57]
 [55]
 [57]
 [56]
 [55]
 [57]
 [57]
 [57]
 [57]
 [57]
 [57]
 [53]
 [45]
 [48]
 [32]
 [54]
 [51]
 [52]
 [54]
 [46]
 [49]
 [48]
 [54]
 [51]
 [57]
 [50]
 [45]
 [49]] 
------------------------ Dataset: Hvh ------------------------
shape: (33, 1), dtype: uint16
Data:[[54]
 [53]
 [49]
 [49]
 [46]
 [49]
 [55]
 [51]
 [57]
 [57]
 [52]
 [45]
 [48]
 [32]
 [54]
 [53]
 [49]
 [49]
 [46]
 [49]
 [55]
 [48]
 [48]
 [54]
 [52]
 [57]
 [57]
 [57]
 [57]
 [57]
 [57]
 [45]
 [49]] 
------------------------ Dataset: Hvi ------------------------
shape: (27, 1), dtype: uint16
Data:[[54]
 [53]
 [50]
 [55]
 [46]
 [48]
 [50]
 [49]
 [57]
 [56]
 [57]
 [45]
 [48]
 [32]
 [54]
 [53]
 [50]
 [55]
 [46]
 [48]
 [49]
 [56]
 [51]
 [56]
 [52]
 [45]
 [49]] 
------------------------ Dataset: Hvj ------------------------
shape: (39, 1), dtype: uint16
Data:[[54]
 [48]
 [50]
 [50]
 [46]
 [53]
 [57]
 [51]
 [57]
 [48]
 [56]
 [57]
 [57]
 [57]
 [57]
 [57]
 [57]
 [45]
 [48]
 [32]
 [54]
 [48]
 [50]
 [50]
 [46]
 [53]
 [57]
 [56]
 [48]
 [50]
 [52]
 [57]
 [57]
 [57]
 [57]
 [57]
 [57]
 [45]
 [49]] 
------------------------ Dataset: Hvk ------------------------
shape: (33, 1), dtype: uint16
Data:[[54]
 [48]
 [51]
 [56]
 [46]
 [51]
 [54]
 [57]
 [56]
 [49]
 [53]
 [45]
 [48]
 [32]
 [54]
 [48]
 [51]
 [56]
 [46]
 [51]
 [54]
 [54]
 [48]
 [57]
 [57]
 [57]
 [57]
 [57]
 [57]
 [57]
 [57]
 [45]
 [49]] 
------------------------ Dataset: Hvl ------------------------
shape: (27, 1), dtype: uint16
Data:[[54]
 [48]
 [53]
 [52]
 [46]
 [48]
 [49]
 [51]
 [55]
 [56]
 [57]
 [45]
 [48]
 [32]
 [54]
 [48]
 [53]
 [52]
 [46]
 [48]
 [49]
 [55]
 [56]
 [54]
 [53]
 [45]
 [49]] 
------------------------ Dataset: Hvm ------------------------
shape: (27, 1), dtype: uint16
Data:[[54]
 [48]
 [54]
 [57]
 [46]
 [57]
 [50]
 [54]
 [54]
 [52]
 [52]
 [45]
 [48]
 [32]
 [54]
 [48]
 [54]
 [57]
 [46]
 [57]
 [50]
 [50]
 [49]
 [55]
 [51]
 [45]
 [49]] 
------------------------ Dataset: Hvn ------------------------
shape: (21, 1), dtype: object
Data:[[<HDF5 object reference>]
 [<HDF5 object reference>]
 [<HDF5 object reference>]
 [<HDF5 object reference>]
 [<HDF5 object reference>]
 [<HDF5 object reference>]
 [<HDF5 object reference>]
 [<HDF5 object reference>]
 [<HDF5 object reference>]
 [<HDF5 object reference>]
 [<HDF5 object reference>]
 [<HDF5 object reference>]
 [<HDF5 object reference>]
 [<HDF5 object reference>]
 [<HDF5 object reference>]
 [<HDF5 object reference>]
 [<HDF5 object reference>]
 [<HDF5 object reference>]
 [<HDF5 object reference>]
 [<HDF5 object reference>]
 [<HDF5 object reference>]] 
------------------------ Dataset: Hvo ------------------------
shape: (33, 1), dtype: uint16
Data:[[53]
 [54]
 [52]
 [54]
 [46]
 [53]
 [48]
 [57]
 [52]
 [57]
 [49]
 [57]
 [57]
 [57]
 [57]
 [57]
 [57]
 [45]
 [48]
 [32]
 [53]
 [54]
 [52]
 [54]
 [46]
 [53]
 [48]
 [57]
 [52]
 [56]
 [54]
 [45]
 [49]] 
------------------------ Dataset: Hvp ------------------------
shape: (33, 1), dtype: uint16
Data:[[53]
 [54]
 [54]
 [50]
 [46]
 [50]
 [52]
 [53]
 [53]
 [57]
 [52]
 [57]
 [57]
 [57]
 [57]
 [57]
 [57]
 [45]
 [48]
 [32]
 [53]
 [54]
 [54]
 [50]
 [46]
 [50]
 [52]
 [57]
 [54]
 [57]
 [51]
 [45]
 [49]] 
------------------------ Dataset: Hvq ------------------------
shape: (27, 1), dtype: uint16
Data:[[53]
 [54]
 [55]
 [55]
 [46]
 [57]
 [54]
 [53]
 [53]
 [57]
 [53]
 [45]
 [48]
 [32]
 [53]
 [54]
 [55]
 [55]
 [46]
 [57]
 [54]
 [57]
 [54]
 [56]
 [50]
 [45]
 [49]] 
------------------------ Dataset: Hvr ------------------------
shape: (27, 1), dtype: uint16
Data:[[53]
 [54]
 [57]
 [51]
 [46]
 [55]
 [50]
 [57]
 [53]
 [56]
 [49]
 [45]
 [48]
 [32]
 [53]
 [54]
 [57]
 [51]
 [46]
 [55]
 [50]
 [57]
 [53]
 [55]
 [55]
 [45]
 [49]] 
------------------------ Dataset: Hvs ------------------------
shape: (27, 1), dtype: uint16
Data:[[54]
 [52]
 [49]
 [55]
 [46]
 [48]
 [54]
 [50]
 [49]
 [56]
 [53]
 [45]
 [48]
 [32]
 [54]
 [52]
 [49]
 [55]
 [46]
 [48]
 [54]
 [50]
 [50]
 [50]
 [50]
 [45]
 [49]] 
------------------------ Dataset: Hvt ------------------------
shape: (27, 1), dtype: uint16
Data:[[54]
 [54]
 [48]
 [57]
 [46]
 [49]
 [51]
 [52]
 [48]
 [57]
 [57]
 [45]
 [48]
 [32]
 [54]
 [54]
 [48]
 [57]
 [46]
 [49]
 [51]
 [56]
 [48]
 [49]
 [49]
 [45]
 [49]] 
------------------------ Dataset: Hvu ------------------------
shape: (33, 1), dtype: uint16
Data:[[54]
 [54]
 [50]
 [53]
 [46]
 [48]
 [54]
 [50]
 [50]
 [55]
 [55]
 [57]
 [57]
 [57]
 [57]
 [57]
 [57]
 [45]
 [48]
 [32]
 [54]
 [54]
 [50]
 [53]
 [46]
 [48]
 [54]
 [54]
 [48]
 [55]
 [51]
 [45]
 [49]] 
------------------------ Dataset: Hvv ------------------------
shape: (33, 1), dtype: uint16
Data:[[54]
 [54]
 [52]
 [48]
 [46]
 [56]
 [55]
 [48]
 [49]
 [57]
 [45]
 [48]
 [32]
 [54]
 [54]
 [52]
 [48]
 [46]
 [56]
 [54]
 [54]
 [49]
 [48]
 [53]
 [57]
 [57]
 [57]
 [57]
 [57]
 [57]
 [53]
 [45]
 [49]] 
------------------------ Dataset: Hvw ------------------------
shape: (33, 1), dtype: uint16
Data:[[54]
 [54]
 [53]
 [54]
 [46]
 [53]
 [49]
 [48]
 [54]
 [54]
 [48]
 [57]
 [57]
 [57]
 [57]
 [57]
 [57]
 [45]
 [48]
 [32]
 [54]
 [54]
 [53]
 [54]
 [46]
 [53]
 [48]
 [50]
 [49]
 [49]
 [52]
 [45]
 [49]] 
------------------------ Dataset: Hvx ------------------------
shape: (34, 1), dtype: uint16
Data:[[54]
 [54]
 [55]
 [50]
 [46]
 [52]
 [49]
 [48]
 [49]
 [48]
 [56]
 [45]
 [48]
 [32]
 [54]
 [54]
 [55]
 [50]
 [46]
 [52]
 [48]
 [54]
 [49]
 [51]
 [50]
 [57]
 [57]
 [57]
 [57]
 [57]
 [57]
 [53]
 [45]
 [49]] 
------------------------ Dataset: Hvy ------------------------
shape: (40, 1), dtype: uint16
Data:[[54]
 [54]
 [56]
 [56]
 [46]
 [51]
 [48]
 [53]
 [57]
 [57]
 [54]
 [57]
 [57]
 [57]
 [57]
 [57]
 [57]
 [53]
 [45]
 [48]
 [32]
 [54]
 [54]
 [56]
 [56]
 [46]
 [51]
 [49]
 [49]
 [51]
 [57]
 [56]
 [57]
 [57]
 [57]
 [57]
 [57]
 [57]
 [45]
 [49]] 
------------------------ Dataset: Hvz ------------------------
shape: (39, 1), dtype: uint16
Data:[[53]
 [57]
 [48]
 [54]
 [46]
 [50]
 [49]
 [52]
 [52]
 [49]
 [54]
 [57]
 [57]
 [57]
 [57]
 [57]
 [57]
 [45]
 [48]
 [32]
 [53]
 [57]
 [48]
 [54]
 [46]
 [50]
 [49]
 [55]
 [56]
 [51]
 [54]
 [57]
 [57]
 [57]
 [57]
 [57]
 [57]
 [45]
 [49]] 
------------------------ Dataset: Hw ------------------------
