shape: (1, 6), dtype: uint32
Data:[[3707764736          2          1          1       1922          1]] 
------------------------ Dataset: XFb ------------------------
shape: (40, 1), dtype: uint16
Data:[[54]
 [55]
 [55]
 [50]
 [46]
 [54]
 [49]
 [51]
 [56]
 [55]
 [50]
 [57]
 [57]
 [57]
 [57]
 [57]
 [57]
 [45]
 [48]
 [32]
 [54]
 [55]
 [55]
 [50]
 [46]
 [54]
 [49]
 [56]
 [56]
 [52]
 [56]
 [57]
 [57]
 [57]
 [57]
 [57]
 [57]
 [53]
 [45]
 [49]] 
------------------------ Dataset: XFc ------------------------
shape: (27, 1), dtype: uint16
Data:[[54]
 [50]
 [56]
 [53]
 [46]
 [52]
 [49]
 [49]
 [54]
 [52]
 [54]
 [45]
 [48]
 [32]
 [54]
 [50]
 [56]
 [53]
 [46]
 [52]
 [49]
 [52]
 [56]
 [51]
 [53]
 [45]
 [49]] 
------------------------ Dataset: XFd ------------------------
shape: (33, 1), dtype: uint16
Data:[[54]
 [51]
 [48]
 [49]
 [46]
 [49]
 [55]
 [48]
 [56]
 [56]
 [54]
 [57]
 [57]
 [57]
 [57]
 [57]
 [57]
 [45]
 [48]
 [32]
 [54]
 [51]
 [48]
 [49]
 [46]
 [49]
 [55]
 [53]
 [54]
 [57]
 [50]
 [45]
 [49]] 
------------------------ Dataset: XFe ------------------------
shape: (33, 1), dtype: uint16
Data:[[54]
 [51]
 [49]
 [55]
 [46]
 [48]
 [52]
 [49]
 [56]
 [53]
 [49]
 [57]
 [57]
 [57]
 [57]
 [57]
 [57]
 [45]
 [48]
 [32]
 [54]
 [51]
 [49]
 [55]
 [46]
 [48]
 [52]
 [53]
 [57]
 [53]
 [53]
 [45]
 [49]] 
------------------------ Dataset: XFf ------------------------
shape: (34, 1), dtype: uint16
Data:[[54]
 [51]
 [51]
 [50]
 [46]
 [56]
 [54]
 [55]
 [49]
 [51]
 [52]
 [57]
 [57]
 [57]
 [57]
 [57]
 [57]
 [53]
 [45]
 [48]
 [32]
 [54]
 [51]
 [51]
 [50]
 [46]
 [56]
 [55]
 [49]
 [51]
 [56]
 [54]
 [45]
 [49]] 
------------------------ Dataset: XFg ------------------------
shape: (33, 1), dtype: uint16
Data:[[54]
 [52]
 [57]
 [56]
 [46]
 [48]
 [51]
 [49]
 [48]
 [53]
 [54]
 [45]
 [48]
 [32]
 [54]
 [52]
 [57]
 [56]
 [46]
 [48]
 [49]
 [56]
 [57]
 [56]
 [56]
 [57]
 [57]
 [57]
 [57]
 [57]
 [57]
 [45]
 [49]] 
------------------------ Dataset: XFh ------------------------
shape: (27, 1), dtype: uint16
Data:[[54]
 [53]
 [49]
 [51]
 [46]
 [56]
 [51]
 [50]
 [50]
 [55]
 [54]
 [45]
 [48]
 [32]
 [54]
 [53]
 [49]
 [51]
 [46]
 [56]
 [50]
 [55]
 [51]
 [53]
 [51]
 [45]
 [49]] 
------------------------ Dataset: XFi ------------------------
shape: (40, 1), dtype: uint16
Data:[[54]
 [53]
 [50]
 [57]
 [46]
 [54]
 [50]
 [57]
 [57]
 [53]
 [57]
 [57]
 [57]
 [57]
 [57]
 [57]
 [57]
 [45]
 [48]
 [32]
 [54]
 [53]
 [50]
 [57]
 [46]
 [54]
 [51]
 [52]
 [53]
 [55]
 [53]
 [57]
 [57]
 [57]
 [57]
 [57]
 [57]
 [53]
 [45]
 [49]] 
------------------------ Dataset: XFj ------------------------
shape: (34, 1), dtype: uint16
Data:[[54]
 [48]
 [50]
 [53]
 [46]
 [49]
 [57]
 [51]
 [56]
 [52]
 [55]
 [45]
 [48]
 [32]
 [54]
 [48]
 [50]
 [53]
 [46]
 [49]
 [56]
 [57]
 [56]
 [57]
 [52]
 [57]
 [57]
 [57]
 [57]
 [57]
 [57]
 [53]
 [45]
 [49]] 
------------------------ Dataset: XFk ------------------------
shape: (40, 1), dtype: uint16
Data:[[54]
 [48]
 [52]
 [48]
 [46]
 [57]
 [51]
 [51]
 [55]
 [55]
 [57]
 [57]
 [57]
 [57]
 [57]
 [57]
 [57]
 [45]
 [48]
 [32]
 [54]
 [48]
 [52]
 [48]
 [46]
 [57]
 [51]
 [48]
 [48]
 [48]
 [50]
 [57]
 [57]
 [57]
 [57]
 [57]
 [57]
 [53]
 [45]
 [49]] 
------------------------ Dataset: XFl ------------------------
shape: (40, 1), dtype: uint16
Data:[[54]
 [48]
 [53]
 [54]
 [46]
 [54]
 [53]
 [51]
 [56]
 [52]
 [56]
 [57]
 [57]
 [57]
 [57]
 [57]
 [57]
 [45]
 [48]
 [32]
 [54]
 [48]
 [53]
 [54]
 [46]
 [54]
 [54]
 [49]
 [48]
 [51]
 [53]
 [57]
 [57]
 [57]
 [57]
 [57]
 [57]
 [53]
 [45]
 [49]] 
------------------------ Dataset: XFm ------------------------
shape: (39, 1), dtype: uint16
Data:[[54]
 [48]
 [55]
 [50]
 [46]
 [53]
 [52]
 [57]
 [55]
 [54]
 [51]
 [57]
 [57]
 [57]
 [57]
 [57]
 [57]
 [45]
 [48]
 [32]
 [54]
 [48]
 [55]
 [50]
 [46]
 [53]
 [53]
 [51]
 [55]
 [56]
 [50]
 [57]
 [57]
 [57]
 [57]
 [57]
 [57]
 [45]
 [49]] 
------------------------ Dataset: XFn ------------------------
shape: (34, 1), dtype: uint16
Data:[[53]
 [54]
 [51]
 [51]
 [46]
 [52]
 [50]
 [49]
 [53]
 [49]
 [56]
 [57]
 [57]
 [57]
 [57]
 [57]
 [57]
 [53]
 [45]
 [48]
 [32]
 [53]
 [54]
 [51]
 [51]
 [46]
 [52]
 [50]
 [49]
 [53]
 [52]
 [49]
 [45]
 [49]] 
------------------------ Dataset: XFo ------------------------
shape: (39, 1), dtype: uint16
Data:[[53]
 [54]
 [52]
 [57]
 [46]
 [49]
 [49]
 [49]
 [50]
 [54]
 [54]
 [57]
 [57]
 [57]
 [57]
 [57]
 [57]
 [45]
 [48]
 [32]
 [53]
 [54]
 [52]
 [57]
 [46]
 [48]
 [57]
 [57]
 [53]
 [54]
 [49]
 [57]
 [57]
 [57]
 [57]
 [57]
 [57]
 [45]
 [49]] 
------------------------ Dataset: XFp ------------------------
shape: (33, 1), dtype: uint16
Data:[[53]
 [54]
 [54]
 [52]
 [46]
 [56]
 [52]
 [50]
 [52]
 [52]
 [52]
 [45]
 [48]
 [32]
 [53]
 [54]
 [54]
 [52]
 [46]
 [56]
 [51]
 [56]
 [53]
 [56]
 [54]
 [57]
 [57]
 [57]
 [57]
 [57]
 [57]
 [45]
 [49]] 
------------------------ Dataset: XFq ------------------------
shape: (27, 1), dtype: uint16
Data:[[53]
 [54]
 [56]
 [48]
 [46]
 [53]
 [56]
 [53]
 [53]
 [52]
 [50]
 [45]
 [48]
 [32]
 [53]
 [54]
 [56]
 [48]
 [46]
 [53]
 [56]
 [49]
 [54]
 [48]
 [54]
 [45]
 [49]] 
------------------------ Dataset: XFr ------------------------
shape: (33, 1), dtype: uint16
Data:[[53]
 [56]
 [48]
 [54]
 [46]
 [56]
 [57]
 [51]
 [56]
 [55]
 [51]
 [57]
 [57]
 [57]
 [57]
 [57]
 [57]
 [45]
 [48]
 [32]
 [53]
 [56]
 [48]
 [54]
 [46]
 [56]
 [56]
 [52]
 [53]
 [57]
 [51]
 [45]
 [49]] 
------------------------ Dataset: XFs ------------------------
shape: (33, 1), dtype: uint16
Data:[[54]
 [52]
 [49]
 [57]
 [46]
 [54]
 [54]
 [52]
 [51]
 [55]
 [52]
 [57]
 [57]
 [57]
 [57]
 [57]
 [57]
 [45]
 [48]
 [32]
 [54]
 [52]
 [49]
 [57]
 [46]
 [54]
 [54]
 [57]
 [57]
 [56]
 [49]
 [45]
 [49]] 
------------------------ Dataset: XFt ------------------------
shape: (30, 1), dtype: uint16
Data:[[54]
 [54]
 [49]
 [49]
 [46]
 [55]
 [53]
 [57]
 [45]
 [48]
 [32]
 [54]
 [54]
 [49]
 [49]
 [46]
 [55]
 [53]
 [48]
 [48]
 [51]
 [53]
 [57]
 [57]
 [57]
 [57]
 [57]
 [57]
 [45]
 [49]] 
------------------------ Dataset: XFu ------------------------
shape: (39, 1), dtype: uint16
Data:[[54]
 [54]
 [50]
 [55]
 [46]
 [54]
 [55]
 [55]
 [48]
 [53]
 [50]
 [57]
 [57]
 [57]
 [57]
 [57]
 [57]
 [45]
 [48]
 [32]
 [54]
 [54]
 [50]
 [55]
 [46]
 [54]
 [55]
 [55]
 [48]
 [53]
 [50]
 [57]
 [57]
 [57]
 [57]
 [57]
 [57]
 [45]
 [49]] 
------------------------ Dataset: XFv ------------------------
shape: (34, 1), dtype: uint16
Data:[[54]
 [54]
 [52]
 [51]
 [46]
 [52]
 [51]
 [52]
 [50]
 [48]
 [51]
 [45]
 [48]
 [32]
 [54]
 [54]
 [52]
 [51]
 [46]
 [52]
 [51]
 [48]
 [50]
 [57]
 [53]
 [57]
 [57]
 [57]
 [57]
 [57]
 [57]
 [53]
 [45]
 [49]] 
------------------------ Dataset: XFw ------------------------
shape: (12, 1), dtype: uint16
Data:[[54]
 [54]
 [53]
 [57]
 [46]
 [49]
 [55]
 [52]
 [57]
 [53]
 [45]
 [49]] 
------------------------ Dataset: XFx ------------------------
shape: (34, 1), dtype: uint16
Data:[[54]
 [54]
 [55]
 [53]
 [46]
 [48]
 [51]
 [52]
 [49]
 [49]
 [52]
 [57]
 [57]
 [57]
 [57]
 [57]
 [57]
 [53]
 [45]
 [48]
 [32]
 [54]
 [54]
 [55]
 [53]
 [46]
 [48]
 [52]
 [51]
 [54]
 [49]
 [57]
 [45]
 [49]] 
------------------------ Dataset: XFy ------------------------
shape: (33, 1), dtype: uint16
Data:[[54]
 [54]
 [57]
 [48]
 [46]
 [57]
 [54]
 [48]
 [48]
 [57]
 [49]
 [45]
 [48]
 [32]
 [54]
 [54]
 [57]
 [48]
 [46]
 [57]
 [54]
 [48]
 [49]
 [52]
 [53]
 [57]
 [57]
 [57]
 [57]
 [57]
 [57]
 [45]
 [49]] 
------------------------ Dataset: XFz ------------------------
shape: (27, 1), dtype: uint16
Data:[[53]
 [57]
 [48]
 [56]
 [46]
 [56]
 [51]
 [55]
 [55]
 [51]
 [57]
 [45]
 [48]
 [32]
 [53]
 [57]
 [48]
 [56]
 [46]
 [56]
 [51]
 [51]
 [55]
 [54]
 [54]
 [45]
 [49]] 
------------------------ Dataset: XG ------------------------
