shape: (1, 6), dtype: uint32
Data:[[3707764736          2          1          1        627          1]] 
------------------------ Dataset: xkb ------------------------
shape: (33, 1), dtype: uint16
Data:[[54]
 [55]
 [54]
 [55]
 [46]
 [49]
 [53]
 [48]
 [56]
 [54]
 [51]
 [57]
 [57]
 [57]
 [57]
 [57]
 [57]
 [45]
 [48]
 [32]
 [54]
 [55]
 [54]
 [55]
 [46]
 [49]
 [53]
 [52]
 [51]
 [50]
 [54]
 [45]
 [49]] 
------------------------ Dataset: xkc ------------------------
shape: (34, 1), dtype: uint16
Data:[[54]
 [50]
 [55]
 [57]
 [46]
 [57]
 [53]
 [50]
 [56]
 [54]
 [50]
 [45]
 [48]
 [32]
 [54]
 [50]
 [55]
 [57]
 [46]
 [57]
 [53]
 [51]
 [57]
 [49]
 [53]
 [57]
 [57]
 [57]
 [57]
 [57]
 [57]
 [53]
 [45]
 [49]] 
------------------------ Dataset: xkd ------------------------
shape: (26, 1), dtype: uint16
Data:[[54]
 [50]
 [57]
 [53]
 [46]
 [55]
 [51]
 [56]
 [54]
 [53]
 [53]
 [45]
 [48]
 [32]
 [54]
 [50]
 [57]
 [53]
 [46]
 [55]
 [51]
 [51]
 [50]
 [55]
 [45]
 [49]] 
------------------------ Dataset: xke ------------------------
shape: (33, 1), dtype: uint16
Data:[[54]
 [51]
 [49]
 [49]
 [46]
 [53]
 [54]
 [49]
 [56]
 [56]
 [50]
 [57]
 [57]
 [57]
 [57]
 [57]
 [57]
 [45]
 [48]
 [32]
 [54]
 [51]
 [49]
 [49]
 [46]
 [53]
 [53]
 [55]
 [56]
 [52]
 [55]
 [45]
 [49]] 
------------------------ Dataset: xkf ------------------------
shape: (33, 1), dtype: uint16
Data:[[54]
 [51]
 [50]
 [55]
 [46]
 [52]
 [52]
 [50]
 [57]
 [57]
 [52]
 [57]
 [57]
 [57]
 [57]
 [57]
 [57]
 [45]
 [48]
 [32]
 [54]
 [51]
 [50]
 [55]
 [46]
 [52]
 [51]
 [55]
 [57]
 [57]
 [49]
 [45]
 [49]] 
------------------------ Dataset: xkg ------------------------
shape: (33, 1), dtype: uint16
Data:[[54]
 [51]
 [52]
 [51]
 [46]
 [50]
 [53]
 [56]
 [52]
 [49]
 [51]
 [45]
 [48]
 [32]
 [54]
 [51]
 [52]
 [51]
 [46]
 [50]
 [54]
 [50]
 [48]
 [52]
 [54]
 [57]
 [57]
 [57]
 [57]
 [57]
 [57]
 [45]
 [49]] 
------------------------ Dataset: xkh ------------------------
shape: (27, 1), dtype: uint16
Data:[[54]
 [53]
 [48]
 [56]
 [46]
 [51]
 [52]
 [49]
 [57]
 [51]
 [56]
 [45]
 [48]
 [32]
 [54]
 [53]
 [48]
 [56]
 [46]
 [51]
 [51]
 [55]
 [57]
 [52]
 [49]
 [45]
 [49]] 
------------------------ Dataset: xki ------------------------
shape: (33, 1), dtype: uint16
Data:[[54]
 [53]
 [50]
 [52]
 [46]
 [49]
 [54]
 [54]
 [49]
 [52]
 [54]
 [45]
 [48]
 [32]
 [54]
 [53]
 [50]
 [52]
 [46]
 [49]
 [54]
 [50]
 [52]
 [49]
 [48]
 [57]
 [57]
 [57]
 [57]
 [57]
 [57]
 [45]
 [49]] 
------------------------ Dataset: xkj ------------------------
shape: (33, 1), dtype: uint16
Data:[[54]
 [48]
 [49]
 [57]
 [46]
 [55]
 [51]
 [56]
 [54]
 [55]
 [57]
 [45]
 [48]
 [32]
 [54]
 [48]
 [49]
 [57]
 [46]
 [55]
 [51]
 [53]
 [53]
 [57]
 [50]
 [57]
 [57]
 [57]
 [57]
 [57]
 [57]
 [45]
 [49]] 
------------------------ Dataset: xkk ------------------------
shape: (32, 1), dtype: uint16
Data:[[54]
 [48]
 [51]
 [53]
 [46]
 [53]
 [54]
 [49]
 [55]
 [56]
 [45]
 [48]
 [32]
 [54]
 [48]
 [51]
 [53]
 [46]
 [53]
 [53]
 [55]
 [55]
 [54]
 [54]
 [57]
 [57]
 [57]
 [57]
 [57]
 [57]
 [45]
 [49]] 
------------------------ Dataset: xkl ------------------------
shape: (27, 1), dtype: uint16
Data:[[54]
 [48]
 [53]
 [49]
 [46]
 [49]
 [54]
 [53]
 [55]
 [55]
 [56]
 [45]
 [48]
 [32]
 [54]
 [48]
 [53]
 [49]
 [46]
 [49]
 [54]
 [49]
 [57]
 [50]
 [51]
 [45]
 [49]] 
------------------------ Dataset: xkm ------------------------
shape: (39, 1), dtype: uint16
Data:[[54]
 [48]
 [54]
 [55]
 [46]
 [48]
 [54]
 [49]
 [55]
 [52]
 [50]
 [57]
 [57]
 [57]
 [57]
 [57]
 [57]
 [45]
 [48]
 [32]
 [54]
 [48]
 [54]
 [55]
 [46]
 [48]
 [53]
 [55]
 [55]
 [55]
 [52]
 [57]
 [57]
 [57]
 [57]
 [57]
 [57]
 [45]
 [49]] 
------------------------ Dataset: xkn ------------------------
shape: (27, 1), dtype: uint16
Data:[[54]
 [48]
 [56]
 [50]
 [46]
 [57]
 [57]
 [52]
 [57]
 [48]
 [54]
 [45]
 [48]
 [32]
 [54]
 [48]
 [56]
 [51]
 [46]
 [48]
 [48]
 [48]
 [53]
 [51]
 [52]
 [45]
 [49]] 
------------------------ Dataset: xko ------------------------
shape: (27, 1), dtype: uint16
Data:[[53]
 [54]
 [52]
 [51]
 [46]
 [54]
 [56]
 [53]
 [52]
 [57]
 [50]
 [45]
 [48]
 [32]
 [53]
 [54]
 [52]
 [51]
 [46]
 [54]
 [56]
 [53]
 [52]
 [53]
 [51]
 [45]
 [49]] 
------------------------ Dataset: xkp ------------------------
shape: (27, 1), dtype: uint16
Data:[[53]
 [54]
 [53]
 [57]
 [46]
 [52]
 [51]
 [55]
 [53]
 [53]
 [57]
 [45]
 [48]
 [32]
 [53]
 [54]
 [53]
 [57]
 [46]
 [52]
 [51]
 [51]
 [54]
 [50]
 [56]
 [45]
 [49]] 
------------------------ Dataset: xkq ------------------------
shape: (27, 1), dtype: uint16
Data:[[53]
 [54]
 [55]
 [53]
 [46]
 [49]
 [52]
 [49]
 [53]
 [56]
 [49]
 [45]
 [48]
 [32]
 [53]
 [54]
 [55]
 [53]
 [46]
 [49]
 [52]
 [53]
 [54]
 [53]
 [52]
 [45]
 [49]] 
------------------------ Dataset: xkr ------------------------
shape: (27, 1), dtype: uint16
Data:[[53]
 [54]
 [57]
 [48]
 [46]
 [57]
 [50]
 [50]
 [48]
 [55]
 [52]
 [45]
 [48]
 [32]
 [53]
 [54]
 [57]
 [48]
 [46]
 [57]
 [50]
 [50]
 [48]
 [55]
 [52]
 [45]
 [49]] 
------------------------ Dataset: xks ------------------------
shape: (27, 1), dtype: uint16
Data:[[54]
 [52]
 [49]
 [52]
 [46]
 [49]
 [57]
 [52]
 [51]
 [55]
 [55]
 [45]
 [48]
 [32]
 [54]
 [52]
 [49]
 [52]
 [46]
 [49]
 [57]
 [49]
 [49]
 [49]
 [57]
 [45]
 [49]] 
------------------------ Dataset: xkt ------------------------
shape: (33, 1), dtype: uint16
Data:[[54]
 [54]
 [48]
 [54]
 [46]
 [50]
 [54]
 [50]
 [49]
 [49]
 [54]
 [45]
 [48]
 [32]
 [54]
 [54]
 [48]
 [54]
 [46]
 [50]
 [54]
 [54]
 [50]
 [48]
 [50]
 [57]
 [57]
 [57]
 [57]
 [57]
 [57]
 [45]
 [49]] 
------------------------ Dataset: xku ------------------------
shape: (27, 1), dtype: uint16
Data:[[54]
 [54]
 [50]
 [50]
 [46]
 [50]
 [51]
 [48]
 [49]
 [49]
 [54]
 [45]
 [48]
 [32]
 [54]
 [54]
 [50]
 [50]
 [46]
 [50]
 [50]
 [54]
 [52]
 [50]
 [55]
 [45]
 [49]] 
------------------------ Dataset: xkv ------------------------
shape: (34, 1), dtype: uint16
Data:[[54]
 [54]
 [51]
 [56]
 [46]
 [48]
 [55]
 [56]
 [49]
 [48]
 [51]
 [45]
 [48]
 [32]
 [54]
 [54]
 [51]
 [56]
 [46]
 [48]
 [55]
 [52]
 [51]
 [55]
 [50]
 [57]
 [57]
 [57]
 [57]
 [57]
 [57]
 [53]
 [45]
 [49]] 
------------------------ Dataset: xkw ------------------------
shape: (33, 1), dtype: uint16
Data:[[54]
 [54]
 [53]
 [51]
 [46]
 [54]
 [54]
 [54]
 [49]
 [48]
 [55]
 [57]
 [57]
 [57]
 [57]
 [57]
 [57]
 [45]
 [48]
 [32]
 [54]
 [54]
 [53]
 [51]
 [46]
 [54]
 [54]
 [50]
 [48]
 [55]
 [50]
 [45]
 [49]] 
------------------------ Dataset: xkx ------------------------
shape: (34, 1), dtype: uint16
Data:[[54]
 [54]
 [54]
 [57]
 [46]
 [53]
 [52]
 [54]
 [48]
 [56]
 [50]
 [45]
 [48]
 [32]
 [54]
 [54]
 [54]
 [57]
 [46]
 [53]
 [52]
 [50]
 [49]
 [54]
 [51]
 [57]
 [57]
 [57]
 [57]
 [57]
 [57]
 [53]
 [45]
 [49]] 
------------------------ Dataset: xky ------------------------
shape: (33, 1), dtype: uint16
Data:[[54]
 [54]
 [56]
 [53]
 [46]
 [52]
 [56]
 [50]
 [50]
 [54]
 [54]
 [45]
 [48]
 [32]
 [54]
 [54]
 [56]
 [53]
 [46]
 [52]
 [55]
 [56]
 [55]
 [50]
 [50]
 [57]
 [57]
 [57]
 [57]
 [57]
 [57]
 [45]
 [49]] 
------------------------ Dataset: xkz ------------------------
shape: (27, 1), dtype: uint16
Data:[[53]
 [57]
 [48]
 [51]
 [46]
 [51]
 [56]
 [57]
 [53]
 [57]
 [53]
 [45]
 [48]
 [32]
 [53]
 [57]
 [48]
 [51]
 [46]
 [51]
 [56]
 [53]
 [54]
 [54]
 [51]
 [45]
 [49]] 
------------------------ Dataset: xl ------------------------
