shape: (1, 6), dtype: uint32
Data:[[3707764736          2          1          1        326          1]] 
------------------------ Dataset: zfb ------------------------
shape: (27, 1), dtype: uint16
Data:[[54]
 [55]
 [54]
 [53]
 [46]
 [56]
 [57]
 [53]
 [54]
 [50]
 [55]
 [45]
 [48]
 [32]
 [54]
 [55]
 [54]
 [53]
 [46]
 [56]
 [56]
 [54]
 [49]
 [50]
 [53]
 [45]
 [49]] 
------------------------ Dataset: zfc ------------------------
shape: (26, 1), dtype: uint16
Data:[[54]
 [55]
 [56]
 [49]
 [46]
 [55]
 [51]
 [56]
 [49]
 [50]
 [51]
 [45]
 [48]
 [32]
 [54]
 [55]
 [56]
 [49]
 [46]
 [55]
 [51]
 [52]
 [48]
 [57]
 [45]
 [49]] 
------------------------ Dataset: zfd ------------------------
shape: (33, 1), dtype: uint16
Data:[[54]
 [50]
 [57]
 [52]
 [46]
 [52]
 [56]
 [49]
 [57]
 [48]
 [57]
 [45]
 [48]
 [32]
 [54]
 [50]
 [57]
 [52]
 [46]
 [52]
 [55]
 [55]
 [56]
 [53]
 [55]
 [57]
 [57]
 [57]
 [57]
 [57]
 [57]
 [45]
 [49]] 
------------------------ Dataset: zfe ------------------------
shape: (39, 1), dtype: uint16
Data:[[54]
 [51]
 [49]
 [48]
 [46]
 [51]
 [48]
 [50]
 [52]
 [48]
 [49]
 [57]
 [57]
 [57]
 [57]
 [57]
 [57]
 [45]
 [48]
 [32]
 [54]
 [51]
 [49]
 [48]
 [46]
 [50]
 [57]
 [57]
 [48]
 [57]
 [52]
 [57]
 [57]
 [57]
 [57]
 [57]
 [57]
 [45]
 [49]] 
------------------------ Dataset: zff ------------------------
shape: (27, 1), dtype: uint16
Data:[[54]
 [51]
 [50]
 [54]
 [46]
 [49]
 [53]
 [49]
 [51]
 [55]
 [57]
 [45]
 [48]
 [32]
 [54]
 [51]
 [50]
 [54]
 [46]
 [49]
 [53]
 [49]
 [51]
 [55]
 [56]
 [45]
 [49]] 
------------------------ Dataset: zfg ------------------------
shape: (27, 1), dtype: uint16
Data:[[54]
 [51]
 [52]
 [49]
 [46]
 [57]
 [55]
 [54]
 [52]
 [53]
 [55]
 [45]
 [48]
 [32]
 [54]
 [51]
 [52]
 [49]
 [46]
 [57]
 [55]
 [57]
 [57]
 [50]
 [53]
 [45]
 [49]] 
------------------------ Dataset: zfh ------------------------
shape: (33, 1), dtype: uint16
Data:[[54]
 [53]
 [48]
 [55]
 [46]
 [48]
 [57]
 [48]
 [48]
 [52]
 [53]
 [57]
 [57]
 [57]
 [57]
 [57]
 [57]
 [45]
 [48]
 [32]
 [54]
 [53]
 [48]
 [55]
 [46]
 [48]
 [56]
 [50]
 [49]
 [48]
 [56]
 [45]
 [49]] 
------------------------ Dataset: zfi ------------------------
shape: (27, 1), dtype: uint16
Data:[[54]
 [53]
 [50]
 [50]
 [46]
 [56]
 [57]
 [56]
 [48]
 [56]
 [55]
 [45]
 [48]
 [32]
 [54]
 [53]
 [50]
 [50]
 [46]
 [57]
 [48]
 [50]
 [48]
 [55]
 [55]
 [45]
 [49]] 
------------------------ Dataset: zfj ------------------------
shape: (33, 1), dtype: uint16
Data:[[54]
 [48]
 [49]
 [56]
 [46]
 [52]
 [54]
 [57]
 [55]
 [57]
 [53]
 [57]
 [57]
 [57]
 [57]
 [57]
 [57]
 [45]
 [48]
 [32]
 [54]
 [48]
 [49]
 [56]
 [46]
 [52]
 [55]
 [51]
 [56]
 [48]
 [51]
 [45]
 [49]] 
------------------------ Dataset: zfk ------------------------
shape: (33, 1), dtype: uint16
Data:[[54]
 [48]
 [51]
 [52]
 [46]
 [50]
 [55]
 [55]
 [56]
 [53]
 [55]
 [45]
 [48]
 [32]
 [54]
 [48]
 [51]
 [52]
 [46]
 [50]
 [55]
 [52]
 [48]
 [57]
 [48]
 [57]
 [57]
 [57]
 [57]
 [57]
 [57]
 [45]
 [49]] 
------------------------ Dataset: zfl ------------------------
shape: (32, 1), dtype: uint16
Data:[[54]
 [48]
 [52]
 [57]
 [46]
 [56]
 [57]
 [55]
 [55]
 [51]
 [49]
 [57]
 [57]
 [57]
 [57]
 [57]
 [57]
 [45]
 [48]
 [32]
 [54]
 [48]
 [52]
 [57]
 [46]
 [57]
 [48]
 [53]
 [55]
 [50]
 [45]
 [49]] 
------------------------ Dataset: zfm ------------------------
shape: (25, 1), dtype: uint16
Data:[[54]
 [48]
 [54]
 [53]
 [46]
 [55]
 [56]
 [54]
 [52]
 [51]
 [50]
 [45]
 [48]
 [32]
 [54]
 [48]
 [54]
 [53]
 [46]
 [55]
 [56]
 [54]
 [52]
 [45]
 [49]] 
------------------------ Dataset: zfn ------------------------
shape: (34, 1), dtype: uint16
Data:[[54]
 [48]
 [56]
 [49]
 [46]
 [55]
 [50]
 [57]
 [56]
 [48]
 [48]
 [57]
 [57]
 [57]
 [57]
 [57]
 [57]
 [53]
 [45]
 [48]
 [32]
 [54]
 [48]
 [56]
 [49]
 [46]
 [55]
 [50]
 [53]
 [57]
 [55]
 [49]
 [45]
 [49]] 
------------------------ Dataset: zfo ------------------------
shape: (39, 1), dtype: uint16
Data:[[53]
 [54]
 [52]
 [50]
 [46]
 [52]
 [50]
 [57]
 [54]
 [56]
 [55]
 [57]
 [57]
 [57]
 [57]
 [57]
 [57]
 [45]
 [48]
 [32]
 [53]
 [54]
 [52]
 [50]
 [46]
 [52]
 [51]
 [51]
 [54]
 [51]
 [49]
 [57]
 [57]
 [57]
 [57]
 [57]
 [57]
 [45]
 [49]] 
------------------------ Dataset: zfp ------------------------
shape: (39, 1), dtype: uint16
Data:[[53]
 [54]
 [53]
 [56]
 [46]
 [49]
 [55]
 [55]
 [57]
 [52]
 [52]
 [57]
 [57]
 [57]
 [57]
 [57]
 [57]
 [45]
 [48]
 [32]
 [53]
 [54]
 [53]
 [56]
 [46]
 [49]
 [55]
 [55]
 [57]
 [52]
 [52]
 [57]
 [57]
 [57]
 [57]
 [57]
 [57]
 [45]
 [49]] 
------------------------ Dataset: zfq ------------------------
shape: (27, 1), dtype: uint16
Data:[[53]
 [54]
 [55]
 [51]
 [46]
 [56]
 [56]
 [49]
 [56]
 [51]
 [52]
 [45]
 [48]
 [32]
 [53]
 [54]
 [55]
 [51]
 [46]
 [56]
 [56]
 [53]
 [53]
 [54]
 [49]
 [45]
 [49]] 
------------------------ Dataset: zfr ------------------------
shape: (25, 1), dtype: uint16
Data:[[53]
 [54]
 [56]
 [57]
 [46]
 [54]
 [53]
 [55]
 [55]
 [48]
 [53]
 [45]
 [48]
 [32]
 [53]
 [54]
 [56]
 [57]
 [46]
 [54]
 [53]
 [51]
 [54]
 [45]
 [49]] 
------------------------ Dataset: zfs ------------------------
shape: (40, 1), dtype: uint16
Data:[[54]
 [52]
 [49]
 [50]
 [46]
 [57]
 [51]
 [52]
 [55]
 [49]
 [49]
 [57]
 [57]
 [57]
 [57]
 [57]
 [57]
 [45]
 [48]
 [32]
 [54]
 [52]
 [49]
 [50]
 [46]
 [57]
 [51]
 [49]
 [55]
 [49]
 [54]
 [57]
 [57]
 [57]
 [57]
 [57]
 [57]
 [53]
 [45]
 [49]] 
------------------------ Dataset: zft ------------------------
shape: (33, 1), dtype: uint16
Data:[[54]
 [54]
 [48]
 [52]
 [46]
 [57]
 [57]
 [52]
 [49]
 [56]
 [54]
 [57]
 [57]
 [57]
 [57]
 [57]
 [57]
 [45]
 [48]
 [32]
 [54]
 [54]
 [48]
 [52]
 [46]
 [57]
 [56]
 [57]
 [57]
 [57]
 [50]
 [45]
 [49]] 
------------------------ Dataset: zfu ------------------------
shape: (33, 1), dtype: uint16
Data:[[54]
 [54]
 [50]
 [48]
 [46]
 [57]
 [55]
 [48]
 [48]
 [51]
 [55]
 [57]
 [57]
 [57]
 [57]
 [57]
 [57]
 [53]
 [45]
 [48]
 [32]
 [54]
 [54]
 [50]
 [48]
 [46]
 [57]
 [54]
 [54]
 [48]
 [57]
 [45]
 [49]] 
------------------------ Dataset: zfv ------------------------
shape: (39, 1), dtype: uint16
Data:[[54]
 [54]
 [51]
 [54]
 [46]
 [56]
 [49]
 [56]
 [49]
 [52]
 [52]
 [57]
 [57]
 [57]
 [57]
 [57]
 [57]
 [45]
 [48]
 [32]
 [54]
 [54]
 [51]
 [54]
 [46]
 [56]
 [50]
 [50]
 [48]
 [52]
 [48]
 [57]
 [57]
 [57]
 [57]
 [57]
 [57]
 [45]
 [49]] 
------------------------ Dataset: zfw ------------------------
shape: (13, 1), dtype: uint16
Data:[[54]
 [54]
 [53]
 [50]
 [46]
 [52]
 [48]
 [50]
 [48]
 [53]
 [56]
 [45]
 [49]] 
------------------------ Dataset: zfx ------------------------
shape: (27, 1), dtype: uint16
Data:[[54]
 [54]
 [54]
 [56]
 [46]
 [50]
 [55]
 [48]
 [49]
 [56]
 [57]
 [45]
 [48]
 [32]
 [54]
 [54]
 [54]
 [56]
 [46]
 [50]
 [54]
 [54]
 [48]
 [56]
 [50]
 [45]
 [49]] 
------------------------ Dataset: zfy ------------------------
shape: (19, 1), dtype: uint16
Data:[[54]
 [54]
 [56]
 [52]
 [46]
 [49]
 [56]
 [48]
 [56]
 [54]
 [49]
 [57]
 [57]
 [57]
 [57]
 [57]
 [57]
 [45]
 [49]] 
------------------------ Dataset: zfz ------------------------
shape: (33, 1), dtype: uint16
Data:[[53]
 [57]
 [48]
 [50]
 [46]
 [49]
 [49]
 [51]
 [56]
 [48]
 [53]
 [57]
 [57]
 [57]
 [57]
 [57]
 [57]
 [45]
 [48]
 [32]
 [53]
 [57]
 [48]
 [50]
 [46]
 [49]
 [48]
 [57]
 [55]
 [56]
 [54]
 [45]
 [49]] 
------------------------ Dataset: zg ------------------------
