shape: (1, 6), dtype: uint32
Data:[[3707764736          2          1          1       1182          1]] 
------------------------ Dataset: Itb ------------------------
shape: (27, 1), dtype: uint16
Data:[[54]
 [55]
 [54]
 [57]
 [46]
 [53]
 [50]
 [50]
 [49]
 [50]
 [49]
 [45]
 [48]
 [32]
 [54]
 [55]
 [54]
 [57]
 [46]
 [53]
 [49]
 [56]
 [53]
 [55]
 [55]
 [45]
 [49]] 
------------------------ Dataset: Itc ------------------------
shape: (39, 1), dtype: uint16
Data:[[54]
 [50]
 [56]
 [50]
 [46]
 [50]
 [56]
 [57]
 [56]
 [55]
 [49]
 [57]
 [57]
 [57]
 [57]
 [57]
 [57]
 [45]
 [48]
 [32]
 [54]
 [50]
 [56]
 [50]
 [46]
 [50]
 [57]
 [52]
 [50]
 [56]
 [50]
 [57]
 [57]
 [57]
 [57]
 [57]
 [57]
 [45]
 [49]] 
------------------------ Dataset: Itd ------------------------
shape: (33, 1), dtype: uint16
Data:[[54]
 [50]
 [57]
 [56]
 [46]
 [48]
 [52]
 [54]
 [49]
 [51]
 [51]
 [57]
 [57]
 [57]
 [57]
 [57]
 [57]
 [45]
 [48]
 [32]
 [54]
 [50]
 [57]
 [56]
 [46]
 [48]
 [52]
 [57]
 [57]
 [52]
 [56]
 [45]
 [49]] 
------------------------ Dataset: Ite ------------------------
shape: (27, 1), dtype: uint16
Data:[[54]
 [51]
 [49]
 [51]
 [46]
 [57]
 [50]
 [53]
 [57]
 [49]
 [50]
 [45]
 [48]
 [32]
 [54]
 [51]
 [49]
 [51]
 [46]
 [57]
 [50]
 [57]
 [56]
 [57]
 [52]
 [45]
 [49]] 
------------------------ Dataset: Itf ------------------------
shape: (33, 1), dtype: uint16
Data:[[54]
 [51]
 [50]
 [57]
 [46]
 [55]
 [53]
 [56]
 [56]
 [54]
 [48]
 [57]
 [57]
 [57]
 [57]
 [57]
 [57]
 [45]
 [48]
 [32]
 [54]
 [51]
 [50]
 [57]
 [46]
 [55]
 [53]
 [52]
 [50]
 [52]
 [50]
 [45]
 [49]] 
------------------------ Dataset: Itg ------------------------
shape: (27, 1), dtype: uint16
Data:[[54]
 [51]
 [52]
 [53]
 [46]
 [53]
 [56]
 [57]
 [56]
 [56]
 [54]
 [45]
 [48]
 [32]
 [54]
 [51]
 [52]
 [53]
 [46]
 [53]
 [57]
 [53]
 [56]
 [55]
 [55]
 [45]
 [49]] 
------------------------ Dataset: Ith ------------------------
shape: (34, 1), dtype: uint16
Data:[[54]
 [53]
 [49]
 [48]
 [46]
 [54]
 [55]
 [52]
 [48]
 [49]
 [49]
 [57]
 [57]
 [57]
 [57]
 [57]
 [57]
 [53]
 [45]
 [48]
 [32]
 [54]
 [53]
 [49]
 [48]
 [46]
 [54]
 [55]
 [56]
 [48]
 [49]
 [49]
 [45]
 [49]] 
------------------------ Dataset: Iti ------------------------
shape: (27, 1), dtype: uint16
Data:[[54]
 [53]
 [50]
 [54]
 [46]
 [53]
 [48]
 [54]
 [48]
 [56]
 [50]
 [45]
 [48]
 [32]
 [54]
 [53]
 [50]
 [54]
 [46]
 [53]
 [48]
 [50]
 [48]
 [48]
 [55]
 [45]
 [49]] 
------------------------ Dataset: Itj ------------------------
shape: (19, 1), dtype: uint16
Data:[[54]
 [48]
 [50]
 [50]
 [46]
 [48]
 [57]
 [51]
 [56]
 [53]
 [50]
 [57]
 [57]
 [57]
 [57]
 [57]
 [57]
 [45]
 [48]] 
------------------------ Dataset: Itk ------------------------
shape: (33, 1), dtype: uint16
Data:[[54]
 [48]
 [51]
 [55]
 [46]
 [56]
 [54]
 [57]
 [56]
 [50]
 [48]
 [57]
 [57]
 [57]
 [57]
 [57]
 [57]
 [45]
 [48]
 [32]
 [54]
 [48]
 [51]
 [55]
 [46]
 [56]
 [55]
 [51]
 [57]
 [57]
 [56]
 [45]
 [49]] 
------------------------ Dataset: Itl ------------------------
shape: (39, 1), dtype: uint16
Data:[[54]
 [48]
 [53]
 [51]
 [46]
 [53]
 [50]
 [51]
 [48]
 [49]
 [51]
 [57]
 [57]
 [57]
 [57]
 [57]
 [57]
 [45]
 [48]
 [32]
 [54]
 [48]
 [53]
 [51]
 [46]
 [53]
 [50]
 [50]
 [57]
 [53]
 [57]
 [57]
 [57]
 [57]
 [57]
 [57]
 [57]
 [45]
 [49]] 
------------------------ Dataset: Itm ------------------------
shape: (33, 1), dtype: uint16
Data:[[54]
 [48]
 [54]
 [57]
 [46]
 [52]
 [50]
 [48]
 [50]
 [55]
 [49]
 [57]
 [57]
 [57]
 [57]
 [57]
 [57]
 [45]
 [48]
 [32]
 [54]
 [48]
 [54]
 [57]
 [46]
 [52]
 [50]
 [50]
 [56]
 [55]
 [54]
 [45]
 [49]] 
------------------------ Dataset: Itn ------------------------
shape: (27, 1), dtype: uint16
Data:[[54]
 [48]
 [56]
 [53]
 [46]
 [51]
 [50]
 [49]
 [56]
 [54]
 [53]
 [45]
 [48]
 [32]
 [54]
 [48]
 [56]
 [53]
 [46]
 [51]
 [49]
 [56]
 [49]
 [48]
 [49]
 [45]
 [49]] 
------------------------ Dataset: Ito ------------------------
shape: (27, 1), dtype: uint16
Data:[[53]
 [54]
 [52]
 [53]
 [46]
 [57]
 [57]
 [51]
 [53]
 [57]
 [52]
 [45]
 [48]
 [32]
 [53]
 [54]
 [52]
 [53]
 [46]
 [57]
 [57]
 [55]
 [54]
 [54]
 [50]
 [45]
 [49]] 
------------------------ Dataset: Itp ------------------------
shape: (33, 1), dtype: uint16
Data:[[53]
 [54]
 [54]
 [49]
 [46]
 [55]
 [53]
 [51]
 [57]
 [51]
 [51]
 [45]
 [48]
 [32]
 [53]
 [54]
 [54]
 [49]
 [46]
 [55]
 [52]
 [57]
 [56]
 [51]
 [51]
 [57]
 [57]
 [57]
 [57]
 [57]
 [57]
 [45]
 [49]] 
------------------------ Dataset: Itq ------------------------
shape: (27, 1), dtype: uint16
Data:[[53]
 [54]
 [55]
 [55]
 [46]
 [52]
 [53]
 [55]
 [56]
 [56]
 [56]
 [45]
 [48]
 [32]
 [53]
 [54]
 [55]
 [55]
 [46]
 [52]
 [53]
 [52]
 [50]
 [52]
 [52]
 [45]
 [49]] 
------------------------ Dataset: Itr ------------------------
shape: (13, 1), dtype: uint16
Data:[[53]
 [54]
 [57]
 [51]
 [46]
 [50]
 [50]
 [57]
 [53]
 [49]
 [52]
 [45]
 [49]] 
------------------------ Dataset: Its ------------------------
shape: (33, 1), dtype: uint16
Data:[[54]
 [52]
 [49]
 [54]
 [46]
 [53]
 [53]
 [48]
 [49]
 [54]
 [54]
 [57]
 [57]
 [57]
 [57]
 [57]
 [57]
 [45]
 [48]
 [32]
 [54]
 [52]
 [49]
 [54]
 [46]
 [53]
 [52]
 [54]
 [48]
 [50]
 [51]
 [45]
 [49]] 
------------------------ Dataset: Itt ------------------------
shape: (27, 1), dtype: uint16
Data:[[54]
 [54]
 [48]
 [56]
 [46]
 [54]
 [50]
 [54]
 [48]
 [52]
 [55]
 [45]
 [48]
 [32]
 [54]
 [54]
 [48]
 [56]
 [46]
 [54]
 [51]
 [48]
 [48]
 [53]
 [53]
 [45]
 [49]] 
------------------------ Dataset: Itu ------------------------
shape: (33, 1), dtype: uint16
Data:[[54]
 [54]
 [50]
 [52]
 [46]
 [53]
 [54]
 [56]
 [53]
 [50]
 [57]
 [45]
 [48]
 [32]
 [54]
 [54]
 [50]
 [52]
 [46]
 [53]
 [53]
 [56]
 [52]
 [48]
 [51]
 [57]
 [57]
 [57]
 [57]
 [57]
 [57]
 [45]
 [49]] 
------------------------ Dataset: Itv ------------------------
shape: (27, 1), dtype: uint16
Data:[[54]
 [54]
 [52]
 [48]
 [46]
 [51]
 [55]
 [48]
 [48]
 [56]
 [57]
 [45]
 [48]
 [32]
 [54]
 [54]
 [52]
 [48]
 [46]
 [51]
 [55]
 [52]
 [50]
 [57]
 [53]
 [45]
 [49]] 
------------------------ Dataset: Itw ------------------------
shape: (33, 1), dtype: uint16
Data:[[54]
 [54]
 [53]
 [54]
 [46]
 [48]
 [48]
 [54]
 [48]
 [53]
 [56]
 [57]
 [57]
 [57]
 [57]
 [57]
 [57]
 [45]
 [48]
 [32]
 [54]
 [54]
 [53]
 [54]
 [46]
 [48]
 [49]
 [48]
 [48]
 [53]
 [56]
 [45]
 [49]] 
------------------------ Dataset: Itx ------------------------
shape: (26, 1), dtype: uint16
Data:[[54]
 [54]
 [55]
 [49]
 [46]
 [56]
 [57]
 [52]
 [48]
 [57]
 [53]
 [45]
 [48]
 [32]
 [54]
 [54]
 [55]
 [49]
 [46]
 [56]
 [57]
 [48]
 [49]
 [57]
 [45]
 [49]] 
------------------------ Dataset: Ity ------------------------
shape: (33, 1), dtype: uint16
Data:[[54]
 [54]
 [56]
 [55]
 [46]
 [55]
 [57]
 [56]
 [49]
 [54]
 [52]
 [45]
 [48]
 [32]
 [54]
 [54]
 [56]
 [55]
 [46]
 [56]
 [48]
 [51]
 [55]
 [54]
 [51]
 [57]
 [57]
 [57]
 [57]
 [57]
 [57]
 [45]
 [49]] 
------------------------ Dataset: Itz ------------------------
shape: (39, 1), dtype: uint16
Data:[[53]
 [57]
 [48]
 [53]
 [46]
 [55]
 [49]
 [51]
 [57]
 [49]
 [57]
 [57]
 [57]
 [57]
 [57]
 [57]
 [57]
 [45]
 [48]
 [32]
 [53]
 [57]
 [48]
 [53]
 [46]
 [55]
 [48]
 [57]
 [56]
 [55]
 [54]
 [57]
 [57]
 [57]
 [57]
 [57]
 [57]
 [45]
 [49]] 
------------------------ Dataset: Iu ------------------------
