shape: (1, 6), dtype: uint32
Data:[[3707764736          2          1          1         68          1]] 
------------------------ Dataset: ibb ------------------------
shape: (33, 1), dtype: uint16
Data:[[54]
 [55]
 [54]
 [52]
 [46]
 [55]
 [57]
 [52]
 [49]
 [49]
 [48]
 [57]
 [57]
 [57]
 [57]
 [57]
 [57]
 [45]
 [48]
 [32]
 [54]
 [55]
 [54]
 [52]
 [46]
 [55]
 [57]
 [48]
 [48]
 [57]
 [54]
 [45]
 [49]] 
------------------------ Dataset: ibc ------------------------
shape: (40, 1), dtype: uint16
Data:[[54]
 [55]
 [56]
 [48]
 [46]
 [54]
 [52]
 [50]
 [50]
 [53]
 [48]
 [57]
 [57]
 [57]
 [57]
 [57]
 [57]
 [45]
 [48]
 [32]
 [54]
 [55]
 [56]
 [48]
 [46]
 [54]
 [52]
 [55]
 [54]
 [50]
 [57]
 [57]
 [57]
 [57]
 [57]
 [57]
 [57]
 [53]
 [45]
 [49]] 
------------------------ Dataset: ibd ------------------------
shape: (27, 1), dtype: uint16
Data:[[54]
 [50]
 [57]
 [51]
 [46]
 [51]
 [57]
 [49]
 [48]
 [55]
 [51]
 [45]
 [48]
 [32]
 [54]
 [50]
 [57]
 [51]
 [46]
 [51]
 [56]
 [55]
 [52]
 [53]
 [55]
 [45]
 [49]] 
------------------------ Dataset: ibe ------------------------
shape: (34, 1), dtype: uint16
Data:[[54]
 [51]
 [48]
 [57]
 [46]
 [50]
 [49]
 [52]
 [48]
 [49]
 [57]
 [45]
 [48]
 [32]
 [54]
 [51]
 [48]
 [57]
 [46]
 [50]
 [50]
 [49]
 [56]
 [56]
 [56]
 [57]
 [57]
 [57]
 [57]
 [57]
 [57]
 [53]
 [45]
 [49]] 
------------------------ Dataset: ibf ------------------------
shape: (40, 1), dtype: uint16
Data:[[54]
 [51]
 [50]
 [53]
 [46]
 [48]
 [50]
 [57]
 [57]
 [53]
 [53]
 [57]
 [57]
 [57]
 [57]
 [57]
 [57]
 [45]
 [48]
 [32]
 [54]
 [51]
 [50]
 [53]
 [46]
 [48]
 [51]
 [51]
 [57]
 [49]
 [56]
 [57]
 [57]
 [57]
 [57]
 [57]
 [57]
 [53]
 [45]
 [49]] 
------------------------ Dataset: ibg ------------------------
shape: (33, 1), dtype: uint16
Data:[[54]
 [51]
 [52]
 [48]
 [46]
 [56]
 [56]
 [54]
 [48]
 [48]
 [55]
 [57]
 [57]
 [57]
 [57]
 [57]
 [57]
 [53]
 [45]
 [48]
 [32]
 [54]
 [51]
 [52]
 [48]
 [46]
 [56]
 [57]
 [48]
 [48]
 [54]
 [45]
 [49]] 
------------------------ Dataset: ibh ------------------------
shape: (27, 1), dtype: uint16
Data:[[54]
 [53]
 [48]
 [53]
 [46]
 [57]
 [56]
 [53]
 [57]
 [57]
 [56]
 [45]
 [48]
 [32]
 [54]
 [53]
 [48]
 [53]
 [46]
 [57]
 [56]
 [57]
 [57]
 [53]
 [55]
 [45]
 [49]] 
------------------------ Dataset: ibi ------------------------
shape: (27, 1), dtype: uint16
Data:[[54]
 [53]
 [50]
 [49]
 [46]
 [56]
 [49]
 [48]
 [48]
 [52]
 [52]
 [45]
 [48]
 [32]
 [54]
 [53]
 [50]
 [49]
 [46]
 [56]
 [49]
 [52]
 [48]
 [53]
 [53]
 [45]
 [49]] 
------------------------ Dataset: ibj ------------------------
shape: (31, 1), dtype: uint16
Data:[[54]
 [48]
 [49]
 [55]
 [46]
 [51]
 [54]
 [53]
 [56]
 [50]
 [53]
 [57]
 [57]
 [57]
 [57]
 [57]
 [57]
 [45]
 [48]
 [32]
 [54]
 [48]
 [49]
 [55]
 [46]
 [51]
 [54]
 [49]
 [56]
 [45]
 [49]] 
------------------------ Dataset: ibk ------------------------
shape: (39, 1), dtype: uint16
Data:[[54]
 [48]
 [51]
 [51]
 [46]
 [50]
 [48]
 [53]
 [56]
 [56]
 [57]
 [57]
 [57]
 [57]
 [57]
 [57]
 [57]
 [45]
 [48]
 [32]
 [54]
 [48]
 [51]
 [51]
 [46]
 [50]
 [48]
 [51]
 [51]
 [53]
 [51]
 [57]
 [57]
 [57]
 [57]
 [57]
 [57]
 [45]
 [49]] 
------------------------ Dataset: ibl ------------------------
shape: (40, 1), dtype: uint16
Data:[[54]
 [48]
 [52]
 [56]
 [46]
 [56]
 [48]
 [49]
 [56]
 [57]
 [51]
 [57]
 [57]
 [57]
 [57]
 [57]
 [57]
 [45]
 [48]
 [32]
 [54]
 [48]
 [52]
 [56]
 [46]
 [56]
 [48]
 [53]
 [56]
 [53]
 [49]
 [57]
 [57]
 [57]
 [57]
 [57]
 [57]
 [53]
 [45]
 [49]] 
------------------------ Dataset: ibm ------------------------
shape: (39, 1), dtype: uint16
Data:[[54]
 [48]
 [54]
 [52]
 [46]
 [54]
 [56]
 [57]
 [56]
 [57]
 [54]
 [57]
 [57]
 [57]
 [57]
 [57]
 [57]
 [45]
 [48]
 [32]
 [54]
 [48]
 [54]
 [52]
 [46]
 [54]
 [56]
 [53]
 [57]
 [52]
 [52]
 [57]
 [57]
 [57]
 [57]
 [57]
 [57]
 [45]
 [49]] 
------------------------ Dataset: ibn ------------------------
shape: (33, 1), dtype: uint16
Data:[[54]
 [48]
 [56]
 [48]
 [46]
 [53]
 [54]
 [57]
 [55]
 [55]
 [50]
 [57]
 [57]
 [57]
 [57]
 [57]
 [57]
 [45]
 [48]
 [32]
 [54]
 [48]
 [56]
 [48]
 [46]
 [53]
 [55]
 [53]
 [49]
 [51]
 [52]
 [45]
 [49]] 
------------------------ Dataset: ibo ------------------------
shape: (34, 1), dtype: uint16
Data:[[53]
 [54]
 [52]
 [49]
 [46]
 [51]
 [51]
 [55]
 [54]
 [51]
 [51]
 [57]
 [57]
 [57]
 [57]
 [57]
 [57]
 [53]
 [45]
 [48]
 [32]
 [53]
 [54]
 [52]
 [49]
 [46]
 [51]
 [51]
 [55]
 [55]
 [54]
 [50]
 [45]
 [49]] 
------------------------ Dataset: ibp ------------------------
shape: (27, 1), dtype: uint16
Data:[[53]
 [54]
 [53]
 [55]
 [46]
 [48]
 [56]
 [57]
 [54]
 [51]
 [54]
 [45]
 [48]
 [32]
 [53]
 [54]
 [53]
 [55]
 [46]
 [48]
 [56]
 [53]
 [54]
 [55]
 [49]
 [45]
 [49]] 
------------------------ Dataset: ibq ------------------------
shape: (27, 1), dtype: uint16
Data:[[53]
 [54]
 [55]
 [50]
 [46]
 [55]
 [57]
 [56]
 [50]
 [55]
 [53]
 [45]
 [48]
 [32]
 [53]
 [54]
 [55]
 [50]
 [46]
 [56]
 [48]
 [48]
 [57]
 [52]
 [55]
 [45]
 [49]] 
------------------------ Dataset: ibr ------------------------
shape: (41, 1), dtype: uint16
Data:[[53]
 [54]
 [56]
 [56]
 [46]
 [53]
 [54]
 [53]
 [55]
 [52]
 [51]
 [57]
 [57]
 [57]
 [57]
 [57]
 [57]
 [53]
 [45]
 [48]
 [32]
 [53]
 [54]
 [56]
 [56]
 [46]
 [53]
 [53]
 [55]
 [54]
 [53]
 [57]
 [57]
 [57]
 [57]
 [57]
 [57]
 [57]
 [53]
 [45]
 [49]] 
------------------------ Dataset: ibs ------------------------
shape: (27, 1), dtype: uint16
Data:[[53]
 [56]
 [49]
 [52]
 [46]
 [56]
 [51]
 [52]
 [52]
 [53]
 [52]
 [45]
 [48]
 [32]
 [53]
 [56]
 [49]
 [52]
 [46]
 [56]
 [50]
 [49]
 [56]
 [56]
 [57]
 [45]
 [49]] 
------------------------ Dataset: ibt ------------------------
shape: (34, 1), dtype: uint16
Data:[[54]
 [54]
 [48]
 [51]
 [46]
 [56]
 [56]
 [50]
 [49]
 [56]
 [52]
 [57]
 [57]
 [57]
 [57]
 [57]
 [57]
 [53]
 [45]
 [48]
 [32]
 [54]
 [54]
 [48]
 [51]
 [46]
 [56]
 [56]
 [49]
 [51]
 [57]
 [51]
 [45]
 [49]] 
------------------------ Dataset: ibu ------------------------
shape: (33, 1), dtype: uint16
Data:[[54]
 [54]
 [49]
 [57]
 [46]
 [56]
 [56]
 [54]
 [51]
 [55]
 [55]
 [57]
 [57]
 [57]
 [57]
 [57]
 [57]
 [45]
 [48]
 [32]
 [54]
 [54]
 [49]
 [57]
 [46]
 [56]
 [56]
 [49]
 [53]
 [56]
 [52]
 [45]
 [49]] 
------------------------ Dataset: ibv ------------------------
shape: (34, 1), dtype: uint16
Data:[[54]
 [54]
 [51]
 [53]
 [46]
 [55]
 [50]
 [50]
 [55]
 [51]
 [51]
 [45]
 [48]
 [32]
 [54]
 [54]
 [51]
 [53]
 [46]
 [55]
 [51]
 [54]
 [56]
 [54]
 [51]
 [57]
 [57]
 [57]
 [57]
 [57]
 [57]
 [53]
 [45]
 [49]] 
------------------------ Dataset: ibw ------------------------
shape: (40, 1), dtype: uint16
Data:[[54]
 [54]
 [53]
 [49]
 [46]
 [51]
 [49]
 [48]
 [48]
 [55]
 [49]
 [57]
 [57]
 [57]
 [57]
 [57]
 [57]
 [45]
 [48]
 [32]
 [54]
 [54]
 [53]
 [49]
 [46]
 [51]
 [48]
 [54]
 [50]
 [48]
 [51]
 [57]
 [57]
 [57]
 [57]
 [57]
 [57]
 [53]
 [45]
 [49]] 
------------------------ Dataset: ibx ------------------------
shape: (34, 1), dtype: uint16
Data:[[54]
 [54]
 [54]
 [55]
 [46]
 [49]
 [54]
 [49]
 [50]
 [57]
 [51]
 [57]
 [57]
 [57]
 [57]
 [57]
 [57]
 [53]
 [45]
 [48]
 [32]
 [54]
 [54]
 [54]
 [55]
 [46]
 [49]
 [54]
 [50]
 [51]
 [53]
 [56]
 [45]
 [49]] 
------------------------ Dataset: iby ------------------------
shape: (34, 1), dtype: uint16
Data:[[54]
 [54]
 [56]
 [51]
 [46]
 [49]
 [48]
 [50]
 [48]
 [49]
 [56]
 [45]
 [48]
 [32]
 [54]
 [54]
 [56]
 [51]
 [46]
 [49]
 [48]
 [54]
 [48]
 [57]
 [53]
 [57]
 [57]
 [57]
 [57]
 [57]
 [57]
 [53]
 [45]
 [49]] 
------------------------ Dataset: ibz ------------------------
shape: (26, 1), dtype: uint16
Data:[[53]
 [57]
 [48]
 [49]
 [46]
 [48]
 [49]
 [56]
 [50]
 [50]
 [53]
 [45]
 [48]
 [32]
 [53]
 [57]
 [48]
 [49]
 [46]
 [48]
 [50]
 [49]
 [55]
 [56]
 [45]
 [49]] 
------------------------ Dataset: ic ------------------------
