shape: (1, 6), dtype: uint32
Data:[[3707764736          2          1          1       1306          1]] 
------------------------ Dataset: Lvb ------------------------
shape: (34, 1), dtype: uint16
Data:[[54]
 [55]
 [55]
 [48]
 [46]
 [48]
 [51]
 [48]
 [49]
 [51]
 [48]
 [57]
 [57]
 [57]
 [57]
 [57]
 [57]
 [53]
 [45]
 [48]
 [32]
 [54]
 [55]
 [55]
 [48]
 [46]
 [48]
 [51]
 [52]
 [49]
 [51]
 [51]
 [45]
 [49]] 
------------------------ Dataset: Lvc ------------------------
shape: (33, 1), dtype: uint16
Data:[[54]
 [50]
 [56]
 [50]
 [46]
 [56]
 [49]
 [52]
 [50]
 [56]
 [57]
 [57]
 [57]
 [57]
 [57]
 [57]
 [57]
 [45]
 [48]
 [32]
 [54]
 [50]
 [56]
 [50]
 [46]
 [56]
 [49]
 [48]
 [48]
 [53]
 [50]
 [45]
 [49]] 
------------------------ Dataset: Lvd ------------------------
shape: (39, 1), dtype: uint16
Data:[[54]
 [50]
 [57]
 [56]
 [46]
 [53]
 [54]
 [57]
 [57]
 [54]
 [51]
 [57]
 [57]
 [57]
 [57]
 [57]
 [57]
 [45]
 [48]
 [32]
 [54]
 [50]
 [57]
 [56]
 [46]
 [53]
 [54]
 [57]
 [57]
 [54]
 [51]
 [57]
 [57]
 [57]
 [57]
 [57]
 [57]
 [45]
 [49]] 
------------------------ Dataset: Lve ------------------------
shape: (27, 1), dtype: uint16
Data:[[54]
 [51]
 [49]
 [52]
 [46]
 [52]
 [53]
 [48]
 [55]
 [52]
 [52]
 [45]
 [48]
 [32]
 [54]
 [51]
 [49]
 [52]
 [46]
 [52]
 [53]
 [53]
 [48]
 [56]
 [49]
 [45]
 [49]] 
------------------------ Dataset: Lvf ------------------------
shape: (27, 1), dtype: uint16
Data:[[54]
 [51]
 [51]
 [48]
 [46]
 [50]
 [55]
 [51]
 [57]
 [57]
 [51]
 [45]
 [48]
 [32]
 [54]
 [51]
 [51]
 [48]
 [46]
 [50]
 [55]
 [55]
 [56]
 [56]
 [49]
 [45]
 [49]] 
------------------------ Dataset: Lvg ------------------------
shape: (39, 1), dtype: uint16
Data:[[54]
 [51]
 [52]
 [54]
 [46]
 [49]
 [49]
 [51]
 [56]
 [55]
 [50]
 [57]
 [57]
 [57]
 [57]
 [57]
 [57]
 [45]
 [48]
 [32]
 [54]
 [51]
 [52]
 [54]
 [46]
 [49]
 [49]
 [55]
 [57]
 [55]
 [55]
 [57]
 [57]
 [57]
 [57]
 [57]
 [57]
 [45]
 [49]] 
------------------------ Dataset: Lvh ------------------------
shape: (34, 1), dtype: uint16
Data:[[54]
 [53]
 [49]
 [49]
 [46]
 [49]
 [56]
 [57]
 [57]
 [54]
 [53]
 [45]
 [48]
 [32]
 [54]
 [53]
 [49]
 [49]
 [46]
 [49]
 [56]
 [53]
 [57]
 [54]
 [57]
 [57]
 [57]
 [57]
 [57]
 [57]
 [57]
 [53]
 [45]
 [49]] 
------------------------ Dataset: Lvi ------------------------
shape: (34, 1), dtype: uint16
Data:[[54]
 [53]
 [50]
 [55]
 [46]
 [48]
 [51]
 [55]
 [57]
 [55]
 [50]
 [57]
 [57]
 [57]
 [57]
 [57]
 [57]
 [53]
 [45]
 [48]
 [32]
 [54]
 [53]
 [50]
 [55]
 [46]
 [48]
 [51]
 [51]
 [57]
 [54]
 [54]
 [45]
 [49]] 
------------------------ Dataset: Lvj ------------------------
shape: (33, 1), dtype: uint16
Data:[[54]
 [48]
 [50]
 [50]
 [46]
 [54]
 [48]
 [57]
 [56]
 [53]
 [54]
 [45]
 [48]
 [32]
 [54]
 [48]
 [50]
 [50]
 [46]
 [54]
 [49]
 [52]
 [55]
 [50]
 [57]
 [57]
 [57]
 [57]
 [57]
 [57]
 [57]
 [45]
 [49]] 
------------------------ Dataset: Lvk ------------------------
shape: (33, 1), dtype: uint16
Data:[[54]
 [48]
 [51]
 [56]
 [46]
 [51]
 [56]
 [53]
 [57]
 [53]
 [51]
 [57]
 [57]
 [57]
 [57]
 [57]
 [57]
 [45]
 [48]
 [32]
 [54]
 [48]
 [51]
 [56]
 [46]
 [51]
 [56]
 [50]
 [49]
 [48]
 [56]
 [45]
 [49]] 
------------------------ Dataset: Lvl ------------------------
shape: (27, 1), dtype: uint16
Data:[[54]
 [48]
 [53]
 [52]
 [46]
 [48]
 [51]
 [49]
 [50]
 [51]
 [56]
 [45]
 [48]
 [32]
 [54]
 [48]
 [53]
 [52]
 [46]
 [48]
 [51]
 [52]
 [50]
 [55]
 [50]
 [45]
 [49]] 
------------------------ Dataset: Lvm ------------------------
shape: (27, 1), dtype: uint16
Data:[[54]
 [48]
 [54]
 [57]
 [46]
 [57]
 [52]
 [50]
 [55]
 [51]
 [49]
 [45]
 [48]
 [32]
 [54]
 [48]
 [54]
 [57]
 [46]
 [57]
 [51]
 [57]
 [51]
 [56]
 [51]
 [45]
 [49]] 
------------------------ Dataset: Lvn ------------------------
shape: (10, 1), dtype: uint16
Data:[[110]
 [111]
 [114]
 [109]
 [ 95]
 [112]
 [111]
 [115]
 [ 95]
 [120]] 
------------------------ Dataset: Lvo ------------------------
shape: (27, 1), dtype: uint16
Data:[[53]
 [54]
 [52]
 [54]
 [46]
 [53]
 [50]
 [53]
 [52]
 [55]
 [51]
 [45]
 [48]
 [32]
 [53]
 [54]
 [52]
 [54]
 [46]
 [53]
 [50]
 [53]
 [53]
 [48]
 [51]
 [45]
 [49]] 
------------------------ Dataset: Lvp ------------------------
shape: (27, 1), dtype: uint16
Data:[[53]
 [54]
 [54]
 [50]
 [46]
 [50]
 [54]
 [54]
 [56]
 [50]
 [56]
 [45]
 [48]
 [32]
 [53]
 [54]
 [54]
 [50]
 [46]
 [50]
 [55]
 [50]
 [55]
 [55]
 [52]
 [45]
 [49]] 
------------------------ Dataset: Lvq ------------------------
shape: (33, 1), dtype: uint16
Data:[[53]
 [54]
 [55]
 [55]
 [46]
 [57]
 [56]
 [49]
 [55]
 [50]
 [54]
 [45]
 [48]
 [32]
 [53]
 [54]
 [55]
 [55]
 [46]
 [57]
 [56]
 [54]
 [49]
 [55]
 [53]
 [57]
 [57]
 [57]
 [57]
 [57]
 [57]
 [45]
 [49]] 
------------------------ Dataset: Lvr ------------------------
shape: (26, 1), dtype: uint16
Data:[[53]
 [54]
 [57]
 [51]
 [46]
 [55]
 [52]
 [53]
 [54]
 [49]
 [45]
 [48]
 [32]
 [53]
 [54]
 [57]
 [51]
 [46]
 [55]
 [52]
 [53]
 [55]
 [48]
 [49]
 [45]
 [49]] 
------------------------ Dataset: Lvs ------------------------
shape: (27, 1), dtype: uint16
Data:[[54]
 [52]
 [49]
 [55]
 [46]
 [48]
 [54]
 [57]
 [56]
 [55]
 [50]
 [45]
 [48]
 [32]
 [54]
 [52]
 [49]
 [55]
 [46]
 [48]
 [55]
 [48]
 [52]
 [51]
 [53]
 [45]
 [49]] 
------------------------ Dataset: Lvt ------------------------
shape: (33, 1), dtype: uint16
Data:[[54]
 [54]
 [48]
 [57]
 [46]
 [49]
 [53]
 [48]
 [49]
 [54]
 [57]
 [45]
 [48]
 [32]
 [54]
 [54]
 [48]
 [57]
 [46]
 [49]
 [53]
 [52]
 [48]
 [56]
 [50]
 [57]
 [57]
 [57]
 [57]
 [57]
 [57]
 [45]
 [49]] 
------------------------ Dataset: Lvu ------------------------
shape: (27, 1), dtype: uint16
Data:[[54]
 [54]
 [50]
 [53]
 [46]
 [48]
 [55]
 [56]
 [48]
 [53]
 [55]
 [45]
 [48]
 [32]
 [54]
 [54]
 [50]
 [53]
 [46]
 [48]
 [56]
 [50]
 [48]
 [50]
 [56]
 [45]
 [49]] 
------------------------ Dataset: Lvv ------------------------
shape: (27, 1), dtype: uint16
Data:[[54]
 [54]
 [52]
 [48]
 [46]
 [56]
 [56]
 [56]
 [55]
 [50]
 [53]
 [45]
 [48]
 [32]
 [54]
 [54]
 [52]
 [48]
 [46]
 [56]
 [56]
 [56]
 [51]
 [49]
 [49]
 [45]
 [49]] 
------------------------ Dataset: Lvw ------------------------
shape: (27, 1), dtype: uint16
Data:[[54]
 [54]
 [53]
 [54]
 [46]
 [53]
 [50]
 [50]
 [52]
 [51]
 [53]
 [45]
 [48]
 [32]
 [54]
 [54]
 [53]
 [54]
 [46]
 [53]
 [49]
 [56]
 [49]
 [50]
 [53]
 [45]
 [49]] 
------------------------ Dataset: Lvx ------------------------
shape: (33, 1), dtype: uint16
Data:[[54]
 [54]
 [55]
 [50]
 [46]
 [52]
 [50]
 [54]
 [54]
 [56]
 [49]
 [57]
 [57]
 [57]
 [57]
 [57]
 [57]
 [45]
 [48]
 [32]
 [54]
 [54]
 [55]
 [50]
 [46]
 [52]
 [50]
 [51]
 [51]
 [54]
 [49]
 [45]
 [49]] 
------------------------ Dataset: Lvy ------------------------
shape: (27, 1), dtype: uint16
Data:[[54]
 [54]
 [56]
 [56]
 [46]
 [51]
 [50]
 [52]
 [48]
 [52]
 [52]
 [45]
 [48]
 [32]
 [54]
 [54]
 [56]
 [56]
 [46]
 [51]
 [51]
 [56]
 [55]
 [50]
 [54]
 [45]
 [49]] 
------------------------ Dataset: Lvz ------------------------
shape: (39, 1), dtype: uint16
Data:[[53]
 [57]
 [48]
 [54]
 [46]
 [50]
 [50]
 [57]
 [56]
 [49]
 [51]
 [57]
 [57]
 [57]
 [57]
 [57]
 [57]
 [45]
 [48]
 [32]
 [53]
 [57]
 [48]
 [54]
 [46]
 [50]
 [51]
 [51]
 [55]
 [52]
 [54]
 [57]
 [57]
 [57]
 [57]
 [57]
 [57]
 [45]
 [49]] 
------------------------ Dataset: Lw ------------------------
