shape: (1, 6), dtype: uint32
Data:[[3707764736          2          1          1        760          1]] 
------------------------ Dataset: Jmb ------------------------
shape: (27, 1), dtype: uint16
Data:[[54]
 [55]
 [54]
 [55]
 [46]
 [55]
 [49]
 [52]
 [50]
 [48]
 [57]
 [45]
 [48]
 [32]
 [54]
 [55]
 [54]
 [55]
 [46]
 [55]
 [49]
 [56]
 [50]
 [50]
 [53]
 [45]
 [49]] 
------------------------ Dataset: Jmc ------------------------
shape: (33, 1), dtype: uint16
Data:[[54]
 [50]
 [56]
 [48]
 [46]
 [52]
 [57]
 [56]
 [48]
 [49]
 [57]
 [45]
 [48]
 [32]
 [54]
 [50]
 [56]
 [48]
 [46]
 [53]
 [48]
 [56]
 [48]
 [55]
 [51]
 [57]
 [57]
 [57]
 [57]
 [57]
 [57]
 [45]
 [49]] 
------------------------ Dataset: Jmd ------------------------
shape: (33, 1), dtype: uint16
Data:[[54]
 [50]
 [57]
 [54]
 [46]
 [50]
 [55]
 [56]
 [54]
 [57]
 [50]
 [57]
 [57]
 [57]
 [57]
 [57]
 [57]
 [45]
 [48]
 [32]
 [54]
 [50]
 [57]
 [54]
 [46]
 [50]
 [55]
 [56]
 [54]
 [56]
 [52]
 [45]
 [49]] 
------------------------ Dataset: Jme ------------------------
shape: (33, 1), dtype: uint16
Data:[[54]
 [51]
 [49]
 [50]
 [46]
 [49]
 [50]
 [48]
 [51]
 [51]
 [56]
 [45]
 [48]
 [32]
 [54]
 [51]
 [49]
 [50]
 [46]
 [49]
 [49]
 [52]
 [48]
 [57]
 [53]
 [57]
 [57]
 [57]
 [57]
 [57]
 [57]
 [45]
 [49]] 
------------------------ Dataset: Jmf ------------------------
shape: (39, 1), dtype: uint16
Data:[[54]
 [51]
 [50]
 [55]
 [46]
 [57]
 [57]
 [57]
 [48]
 [55]
 [56]
 [57]
 [57]
 [57]
 [57]
 [57]
 [57]
 [45]
 [48]
 [32]
 [54]
 [51]
 [50]
 [55]
 [46]
 [57]
 [57]
 [57]
 [48]
 [55]
 [51]
 [57]
 [57]
 [57]
 [57]
 [57]
 [57]
 [45]
 [49]] 
------------------------ Dataset: Jmg ------------------------
shape: (27, 1), dtype: uint16
Data:[[54]
 [51]
 [52]
 [51]
 [46]
 [56]
 [50]
 [51]
 [50]
 [48]
 [53]
 [45]
 [48]
 [32]
 [54]
 [51]
 [52]
 [51]
 [46]
 [56]
 [49]
 [56]
 [48]
 [54]
 [52]
 [45]
 [49]] 
------------------------ Dataset: Jmh ------------------------
shape: (33, 1), dtype: uint16
Data:[[54]
 [53]
 [48]
 [56]
 [46]
 [57]
 [48]
 [53]
 [57]
 [53]
 [52]
 [45]
 [48]
 [32]
 [54]
 [53]
 [48]
 [56]
 [46]
 [57]
 [48]
 [49]
 [57]
 [56]
 [54]
 [57]
 [57]
 [57]
 [57]
 [57]
 [57]
 [45]
 [49]] 
------------------------ Dataset: Jmi ------------------------
shape: (34, 1), dtype: uint16
Data:[[54]
 [53]
 [50]
 [52]
 [46]
 [55]
 [50]
 [50]
 [50]
 [50]
 [49]
 [45]
 [48]
 [32]
 [54]
 [53]
 [50]
 [52]
 [46]
 [55]
 [50]
 [54]
 [48]
 [53]
 [53]
 [57]
 [57]
 [57]
 [57]
 [57]
 [57]
 [53]
 [45]
 [49]] 
------------------------ Dataset: Jmj ------------------------
shape: (13, 1), dtype: uint16
Data:[[54]
 [48]
 [50]
 [48]
 [46]
 [50]
 [57]
 [51]
 [57]
 [53]
 [55]
 [45]
 [48]] 
------------------------ Dataset: Jmk ------------------------
shape: (39, 1), dtype: uint16
Data:[[54]
 [48]
 [51]
 [54]
 [46]
 [49]
 [48]
 [57]
 [54]
 [56]
 [52]
 [57]
 [57]
 [57]
 [57]
 [57]
 [57]
 [45]
 [48]
 [32]
 [54]
 [48]
 [51]
 [54]
 [46]
 [49]
 [49]
 [53]
 [50]
 [54]
 [57]
 [57]
 [57]
 [57]
 [57]
 [57]
 [57]
 [45]
 [49]] 
------------------------ Dataset: Jml ------------------------
shape: (34, 1), dtype: uint16
Data:[[54]
 [48]
 [53]
 [49]
 [46]
 [55]
 [49]
 [51]
 [55]
 [55]
 [55]
 [45]
 [48]
 [32]
 [54]
 [48]
 [53]
 [49]
 [46]
 [55]
 [48]
 [57]
 [56]
 [51]
 [57]
 [57]
 [57]
 [57]
 [57]
 [57]
 [57]
 [53]
 [45]
 [49]] 
------------------------ Dataset: Jmm ------------------------
shape: (27, 1), dtype: uint16
Data:[[54]
 [48]
 [54]
 [55]
 [46]
 [54]
 [49]
 [55]
 [57]
 [53]
 [51]
 [45]
 [48]
 [32]
 [54]
 [48]
 [54]
 [55]
 [46]
 [54]
 [49]
 [51]
 [56]
 [50]
 [52]
 [45]
 [49]] 
------------------------ Dataset: Jmn ------------------------
shape: (24, 1), dtype: uint16
Data:[[54]
 [48]
 [56]
 [51]
 [46]
 [53]
 [54]
 [57]
 [55]
 [49]
 [45]
 [48]
 [32]
 [54]
 [48]
 [56]
 [51]
 [46]
 [53]
 [54]
 [57]
 [55]
 [45]
 [49]] 
------------------------ Dataset: Jmo ------------------------
shape: (33, 1), dtype: uint16
Data:[[53]
 [54]
 [52]
 [52]
 [46]
 [50]
 [51]
 [55]
 [54]
 [54]
 [53]
 [45]
 [48]
 [32]
 [53]
 [54]
 [52]
 [52]
 [46]
 [50]
 [52]
 [49]
 [54]
 [50]
 [51]
 [57]
 [57]
 [57]
 [57]
 [57]
 [57]
 [45]
 [49]] 
------------------------ Dataset: Jmp ------------------------
shape: (33, 1), dtype: uint16
Data:[[53]
 [54]
 [53]
 [57]
 [46]
 [57]
 [57]
 [54]
 [49]
 [48]
 [52]
 [57]
 [57]
 [57]
 [57]
 [57]
 [57]
 [45]
 [48]
 [32]
 [53]
 [54]
 [53]
 [57]
 [46]
 [57]
 [57]
 [56]
 [56]
 [52]
 [52]
 [45]
 [49]] 
------------------------ Dataset: Jmq ------------------------
shape: (27, 1), dtype: uint16
Data:[[53]
 [54]
 [55]
 [53]
 [46]
 [54]
 [56]
 [57]
 [53]
 [56]
 [49]
 [45]
 [48]
 [32]
 [53]
 [54]
 [55]
 [53]
 [46]
 [54]
 [57]
 [51]
 [54]
 [56]
 [49]
 [45]
 [49]] 
------------------------ Dataset: Jmr ------------------------
shape: (32, 1), dtype: uint16
Data:[[53]
 [54]
 [57]
 [49]
 [46]
 [52]
 [55]
 [51]
 [55]
 [49]
 [55]
 [57]
 [57]
 [57]
 [57]
 [57]
 [57]
 [45]
 [48]
 [32]
 [53]
 [54]
 [57]
 [49]
 [46]
 [52]
 [55]
 [55]
 [54]
 [54]
 [45]
 [49]] 
------------------------ Dataset: Jms ------------------------
shape: (33, 1), dtype: uint16
Data:[[54]
 [52]
 [49]
 [52]
 [46]
 [55]
 [52]
 [49]
 [56]
 [55]
 [56]
 [45]
 [48]
 [32]
 [54]
 [52]
 [49]
 [52]
 [46]
 [55]
 [51]
 [55]
 [57]
 [57]
 [49]
 [57]
 [57]
 [57]
 [57]
 [57]
 [57]
 [45]
 [49]] 
------------------------ Dataset: Jmt ------------------------
shape: (34, 1), dtype: uint16
Data:[[54]
 [54]
 [48]
 [54]
 [46]
 [56]
 [49]
 [55]
 [57]
 [55]
 [56]
 [57]
 [57]
 [57]
 [57]
 [57]
 [57]
 [53]
 [45]
 [48]
 [32]
 [54]
 [54]
 [48]
 [54]
 [46]
 [56]
 [50]
 [49]
 [57]
 [56]
 [51]
 [45]
 [49]] 
------------------------ Dataset: Jmu ------------------------
shape: (34, 1), dtype: uint16
Data:[[54]
 [54]
 [50]
 [50]
 [46]
 [55]
 [55]
 [56]
 [48]
 [50]
 [54]
 [45]
 [48]
 [32]
 [54]
 [54]
 [50]
 [50]
 [46]
 [55]
 [55]
 [52]
 [48]
 [53]
 [51]
 [57]
 [57]
 [57]
 [57]
 [57]
 [57]
 [53]
 [45]
 [49]] 
------------------------ Dataset: Jmv ------------------------
shape: (27, 1), dtype: uint16
Data:[[54]
 [54]
 [51]
 [56]
 [46]
 [54]
 [50]
 [54]
 [50]
 [54]
 [53]
 [45]
 [48]
 [32]
 [54]
 [54]
 [51]
 [56]
 [46]
 [54]
 [50]
 [50]
 [50]
 [50]
 [50]
 [45]
 [49]] 
------------------------ Dataset: Jmw ------------------------
shape: (39, 1), dtype: uint16
Data:[[54]
 [54]
 [53]
 [52]
 [46]
 [50]
 [49]
 [52]
 [49]
 [54]
 [57]
 [57]
 [57]
 [57]
 [57]
 [57]
 [57]
 [45]
 [48]
 [32]
 [54]
 [54]
 [53]
 [52]
 [46]
 [50]
 [49]
 [48]
 [48]
 [55]
 [50]
 [57]
 [57]
 [57]
 [57]
 [57]
 [57]
 [45]
 [49]] 
------------------------ Dataset: Jmx ------------------------
shape: (40, 1), dtype: uint16
Data:[[54]
 [54]
 [55]
 [48]
 [46]
 [49]
 [48]
 [50]
 [50]
 [52]
 [53]
 [57]
 [57]
 [57]
 [57]
 [57]
 [57]
 [53]
 [45]
 [48]
 [32]
 [54]
 [54]
 [55]
 [48]
 [46]
 [49]
 [48]
 [54]
 [49]
 [57]
 [49]
 [57]
 [57]
 [57]
 [57]
 [57]
 [57]
 [45]
 [49]] 
------------------------ Dataset: Jmy ------------------------
shape: (27, 1), dtype: uint16
Data:[[54]
 [54]
 [56]
 [54]
 [46]
 [48]
 [51]
 [48]
 [50]
 [48]
 [49]
 [45]
 [48]
 [32]
 [54]
 [54]
 [56]
 [54]
 [46]
 [48]
 [50]
 [54]
 [50]
 [56]
 [50]
 [45]
 [49]] 
------------------------ Dataset: Jmz ------------------------
shape: (19, 1), dtype: uint16
Data:[[53]
 [57]
 [48]
 [51]
 [46]
 [57]
 [52]
 [51]
 [56]
 [49]
 [51]
 [57]
 [57]
 [57]
 [57]
 [57]
 [57]
 [45]
 [49]] 
------------------------ Dataset: Jn ------------------------
