shape: (1, 6), dtype: uint32
Data:[[3707764736          2          1          1       1760          1]] 
------------------------ Dataset: gDb ------------------------
shape: (33, 1), dtype: uint16
Data:[[54]
 [55]
 [55]
 [49]
 [46]
 [57]
 [50]
 [54]
 [50]
 [49]
 [54]
 [57]
 [57]
 [57]
 [57]
 [57]
 [57]
 [45]
 [48]
 [32]
 [54]
 [55]
 [55]
 [49]
 [46]
 [57]
 [51]
 [48]
 [49]
 [49]
 [55]
 [45]
 [49]] 
------------------------ Dataset: gDc ------------------------
shape: (32, 1), dtype: uint16
Data:[[54]
 [50]
 [56]
 [52]
 [46]
 [55]
 [49]
 [56]
 [48]
 [51]
 [48]
 [57]
 [57]
 [57]
 [57]
 [57]
 [57]
 [45]
 [48]
 [32]
 [54]
 [50]
 [56]
 [52]
 [46]
 [55]
 [49]
 [52]
 [48]
 [56]
 [45]
 [49]] 
------------------------ Dataset: gDd ------------------------
shape: (27, 1), dtype: uint16
Data:[[54]
 [51]
 [48]
 [48]
 [46]
 [52]
 [56]
 [49]
 [57]
 [48]
 [49]
 [45]
 [48]
 [32]
 [54]
 [51]
 [48]
 [48]
 [46]
 [52]
 [57]
 [48]
 [48]
 [57]
 [55]
 [45]
 [49]] 
------------------------ Dataset: gDe ------------------------
shape: (34, 1), dtype: uint16
Data:[[54]
 [51]
 [49]
 [54]
 [46]
 [51]
 [54]
 [48]
 [54]
 [48]
 [53]
 [45]
 [48]
 [32]
 [54]
 [51]
 [49]
 [54]
 [46]
 [51]
 [52]
 [55]
 [49]
 [48]
 [51]
 [57]
 [57]
 [57]
 [57]
 [57]
 [57]
 [53]
 [45]
 [49]] 
------------------------ Dataset: gDf ------------------------
shape: (34, 1), dtype: uint16
Data:[[54]
 [51]
 [51]
 [50]
 [46]
 [49]
 [55]
 [55]
 [57]
 [50]
 [48]
 [57]
 [57]
 [57]
 [57]
 [57]
 [57]
 [53]
 [45]
 [48]
 [32]
 [54]
 [51]
 [51]
 [50]
 [46]
 [49]
 [55]
 [51]
 [57]
 [51]
 [56]
 [45]
 [49]] 
------------------------ Dataset: gDg ------------------------
shape: (13, 1), dtype: uint16
Data:[[54]
 [52]
 [57]
 [55]
 [46]
 [51]
 [51]
 [52]
 [48]
 [49]
 [56]
 [45]
 [49]] 
------------------------ Dataset: gDh ------------------------
shape: (33, 1), dtype: uint16
Data:[[54]
 [53]
 [49]
 [51]
 [46]
 [49]
 [50]
 [55]
 [51]
 [51]
 [55]
 [57]
 [57]
 [57]
 [57]
 [57]
 [57]
 [45]
 [48]
 [32]
 [54]
 [53]
 [49]
 [51]
 [46]
 [49]
 [50]
 [50]
 [48]
 [51]
 [54]
 [45]
 [49]] 
------------------------ Dataset: gDi ------------------------
shape: (39, 1), dtype: uint16
Data:[[54]
 [53]
 [50]
 [56]
 [46]
 [57]
 [51]
 [52]
 [48]
 [49]
 [56]
 [57]
 [57]
 [57]
 [57]
 [57]
 [57]
 [45]
 [48]
 [32]
 [54]
 [53]
 [50]
 [56]
 [46]
 [57]
 [51]
 [56]
 [50]
 [57]
 [53]
 [57]
 [57]
 [57]
 [57]
 [57]
 [57]
 [45]
 [49]] 
------------------------ Dataset: gDj ------------------------
shape: (33, 1), dtype: uint16
Data:[[54]
 [48]
 [50]
 [52]
 [46]
 [53]
 [49]
 [51]
 [55]
 [54]
 [48]
 [57]
 [57]
 [57]
 [57]
 [57]
 [57]
 [45]
 [48]
 [32]
 [54]
 [48]
 [50]
 [52]
 [46]
 [53]
 [49]
 [48]
 [49]
 [57]
 [55]
 [45]
 [49]] 
------------------------ Dataset: gDk ------------------------
shape: (33, 1), dtype: uint16
Data:[[54]
 [48]
 [52]
 [48]
 [46]
 [50]
 [53]
 [56]
 [51]
 [48]
 [54]
 [45]
 [48]
 [32]
 [54]
 [48]
 [52]
 [48]
 [46]
 [50]
 [54]
 [49]
 [56]
 [54]
 [57]
 [57]
 [57]
 [57]
 [57]
 [57]
 [57]
 [45]
 [49]] 
------------------------ Dataset: gDl ------------------------
shape: (39, 1), dtype: uint16
Data:[[54]
 [48]
 [53]
 [53]
 [46]
 [57]
 [50]
 [53]
 [57]
 [50]
 [49]
 [57]
 [57]
 [57]
 [57]
 [57]
 [57]
 [45]
 [48]
 [32]
 [54]
 [48]
 [53]
 [53]
 [46]
 [57]
 [50]
 [57]
 [55]
 [51]
 [56]
 [57]
 [57]
 [57]
 [57]
 [57]
 [57]
 [45]
 [49]] 
------------------------ Dataset: gDm ------------------------
shape: (33, 1), dtype: uint16
Data:[[54]
 [48]
 [55]
 [49]
 [46]
 [56]
 [54]
 [57]
 [55]
 [55]
 [57]
 [45]
 [48]
 [32]
 [54]
 [48]
 [55]
 [49]
 [46]
 [56]
 [55]
 [53]
 [55]
 [54]
 [48]
 [57]
 [57]
 [57]
 [57]
 [57]
 [57]
 [45]
 [49]] 
------------------------ Dataset: gDn ------------------------
shape: (40, 1), dtype: uint16
Data:[[53]
 [54]
 [51]
 [50]
 [46]
 [55]
 [51]
 [55]
 [54]
 [51]
 [54]
 [57]
 [57]
 [57]
 [57]
 [57]
 [57]
 [45]
 [48]
 [32]
 [53]
 [54]
 [51]
 [50]
 [46]
 [55]
 [52]
 [49]
 [54]
 [51]
 [55]
 [57]
 [57]
 [57]
 [57]
 [57]
 [57]
 [53]
 [45]
 [49]] 
------------------------ Dataset: gDo ------------------------
shape: (33, 1), dtype: uint16
Data:[[53]
 [54]
 [52]
 [56]
 [46]
 [52]
 [50]
 [55]
 [54]
 [50]
 [52]
 [57]
 [57]
 [57]
 [57]
 [57]
 [57]
 [45]
 [48]
 [32]
 [53]
 [54]
 [52]
 [56]
 [46]
 [52]
 [50]
 [51]
 [53]
 [51]
 [52]
 [45]
 [49]] 
------------------------ Dataset: gDp ------------------------
shape: (27, 1), dtype: uint16
Data:[[53]
 [54]
 [54]
 [52]
 [46]
 [49]
 [54]
 [50]
 [49]
 [57]
 [51]
 [45]
 [48]
 [32]
 [53]
 [54]
 [54]
 [52]
 [46]
 [49]
 [53]
 [54]
 [50]
 [48]
 [57]
 [45]
 [49]] 
------------------------ Dataset: gDq ------------------------
shape: (33, 1), dtype: uint16
Data:[[53]
 [54]
 [55]
 [57]
 [46]
 [57]
 [48]
 [50]
 [56]
 [53]
 [51]
 [45]
 [48]
 [32]
 [53]
 [54]
 [55]
 [57]
 [46]
 [56]
 [57]
 [55]
 [53]
 [53]
 [51]
 [57]
 [57]
 [57]
 [57]
 [57]
 [57]
 [45]
 [49]] 
------------------------ Dataset: gDr ------------------------
shape: (33, 1), dtype: uint16
Data:[[53]
 [56]
 [48]
 [54]
 [46]
 [49]
 [57]
 [55]
 [55]
 [56]
 [57]
 [57]
 [57]
 [57]
 [57]
 [57]
 [57]
 [45]
 [48]
 [32]
 [53]
 [56]
 [48]
 [54]
 [46]
 [50]
 [48]
 [49]
 [56]
 [54]
 [56]
 [45]
 [49]] 
------------------------ Dataset: gDs ------------------------
shape: (34, 1), dtype: uint16
Data:[[54]
 [52]
 [49]
 [56]
 [46]
 [57]
 [54]
 [57]
 [57]
 [54]
 [49]
 [45]
 [48]
 [32]
 [54]
 [52]
 [49]
 [56]
 [46]
 [57]
 [55]
 [52]
 [50]
 [50]
 [48]
 [57]
 [57]
 [57]
 [57]
 [57]
 [57]
 [53]
 [45]
 [49]] 
------------------------ Dataset: gDt ------------------------
shape: (33, 1), dtype: uint16
Data:[[54]
 [54]
 [49]
 [49]
 [46]
 [48]
 [55]
 [56]
 [49]
 [56]
 [54]
 [45]
 [48]
 [32]
 [54]
 [54]
 [49]
 [49]
 [46]
 [48]
 [56]
 [53]
 [50]
 [53]
 [50]
 [57]
 [57]
 [57]
 [57]
 [57]
 [57]
 [45]
 [49]] 
------------------------ Dataset: gDu ------------------------
shape: (33, 1), dtype: uint16
Data:[[54]
 [54]
 [50]
 [54]
 [46]
 [57]
 [56]
 [50]
 [48]
 [52]
 [50]
 [45]
 [48]
 [32]
 [54]
 [54]
 [50]
 [54]
 [46]
 [57]
 [55]
 [57]
 [48]
 [51]
 [57]
 [57]
 [57]
 [57]
 [57]
 [57]
 [57]
 [45]
 [49]] 
------------------------ Dataset: gDv ------------------------
shape: (39, 1), dtype: uint16
Data:[[54]
 [54]
 [52]
 [50]
 [46]
 [55]
 [54]
 [49]
 [53]
 [49]
 [52]
 [57]
 [57]
 [57]
 [57]
 [57]
 [57]
 [45]
 [48]
 [32]
 [54]
 [54]
 [52]
 [50]
 [46]
 [55]
 [54]
 [50]
 [49]
 [50]
 [55]
 [57]
 [57]
 [57]
 [57]
 [57]
 [57]
 [45]
 [49]] 
------------------------ Dataset: gDw ------------------------
shape: (33, 1), dtype: uint16
Data:[[54]
 [54]
 [53]
 [56]
 [46]
 [52]
 [56]
 [52]
 [48]
 [56]
 [50]
 [57]
 [57]
 [57]
 [57]
 [57]
 [57]
 [45]
 [48]
 [32]
 [54]
 [54]
 [53]
 [56]
 [46]
 [52]
 [56]
 [54]
 [50]
 [49]
 [50]
 [45]
 [49]] 
------------------------ Dataset: gDx ------------------------
shape: (27, 1), dtype: uint16
Data:[[54]
 [54]
 [55]
 [52]
 [46]
 [51]
 [53]
 [52]
 [51]
 [56]
 [53]
 [45]
 [48]
 [32]
 [54]
 [54]
 [55]
 [52]
 [46]
 [51]
 [53]
 [48]
 [49]
 [49]
 [49]
 [45]
 [49]] 
------------------------ Dataset: gDy ------------------------
shape: (27, 1), dtype: uint16
Data:[[54]
 [54]
 [57]
 [48]
 [46]
 [50]
 [54]
 [54]
 [48]
 [53]
 [50]
 [45]
 [48]
 [32]
 [54]
 [54]
 [57]
 [48]
 [46]
 [50]
 [54]
 [50]
 [51]
 [53]
 [51]
 [45]
 [49]] 
------------------------ Dataset: gDz ------------------------
shape: (33, 1), dtype: uint16
Data:[[53]
 [57]
 [48]
 [56]
 [46]
 [49]
 [53]
 [55]
 [54]
 [52]
 [57]
 [45]
 [48]
 [32]
 [53]
 [57]
 [48]
 [56]
 [46]
 [49]
 [53]
 [51]
 [55]
 [53]
 [49]
 [57]
 [57]
 [57]
 [57]
 [57]
 [57]
 [45]
 [49]] 
------------------------ Dataset: gE ------------------------
