shape: (1, 6), dtype: uint32
Data:[[3707764736          2          1          1        298          1]] 
------------------------ Dataset: 7eb ------------------------
shape: (27, 1), dtype: uint16
Data:[[54]
 [55]
 [54]
 [53]
 [46]
 [55]
 [55]
 [48]
 [52]
 [55]
 [55]
 [45]
 [48]
 [32]
 [54]
 [55]
 [54]
 [53]
 [46]
 [55]
 [55]
 [52]
 [52]
 [49]
 [50]
 [45]
 [49]] 
------------------------ Dataset: 7ec ------------------------
shape: (33, 1), dtype: uint16
Data:[[54]
 [55]
 [56]
 [49]
 [46]
 [54]
 [49]
 [56]
 [48]
 [57]
 [51]
 [45]
 [48]
 [32]
 [54]
 [55]
 [56]
 [49]
 [46]
 [54]
 [50]
 [50]
 [50]
 [52]
 [51]
 [57]
 [57]
 [57]
 [57]
 [57]
 [57]
 [45]
 [49]] 
------------------------ Dataset: 7ed ------------------------
shape: (34, 1), dtype: uint16
Data:[[54]
 [50]
 [57]
 [52]
 [46]
 [51]
 [53]
 [56]
 [50]
 [50]
 [48]
 [57]
 [57]
 [57]
 [57]
 [57]
 [57]
 [53]
 [45]
 [48]
 [32]
 [54]
 [50]
 [57]
 [52]
 [46]
 [51]
 [54]
 [53]
 [56]
 [55]
 [52]
 [45]
 [49]] 
------------------------ Dataset: 7ee ------------------------
shape: (25, 1), dtype: uint16
Data:[[54]
 [51]
 [49]
 [48]
 [46]
 [49]
 [55]
 [51]
 [57]
 [55]
 [45]
 [48]
 [32]
 [54]
 [51]
 [49]
 [48]
 [46]
 [49]
 [55]
 [55]
 [57]
 [50]
 [45]
 [49]] 
------------------------ Dataset: 7ef ------------------------
shape: (39, 1), dtype: uint16
Data:[[54]
 [51]
 [50]
 [54]
 [46]
 [48]
 [51]
 [48]
 [48]
 [48]
 [51]
 [57]
 [57]
 [57]
 [57]
 [57]
 [57]
 [45]
 [48]
 [32]
 [54]
 [51]
 [50]
 [54]
 [46]
 [48]
 [51]
 [51]
 [57]
 [55]
 [52]
 [57]
 [57]
 [57]
 [57]
 [57]
 [57]
 [45]
 [49]] 
------------------------ Dataset: 7eg ------------------------
shape: (27, 1), dtype: uint16
Data:[[54]
 [51]
 [52]
 [49]
 [46]
 [56]
 [54]
 [49]
 [56]
 [57]
 [56]
 [45]
 [48]
 [32]
 [54]
 [51]
 [52]
 [49]
 [46]
 [56]
 [53]
 [55]
 [56]
 [57]
 [55]
 [45]
 [49]] 
------------------------ Dataset: 7eh ------------------------
shape: (27, 1), dtype: uint16
Data:[[54]
 [53]
 [48]
 [54]
 [46]
 [57]
 [55]
 [55]
 [56]
 [49]
 [54]
 [45]
 [48]
 [32]
 [54]
 [53]
 [48]
 [54]
 [46]
 [57]
 [54]
 [54]
 [49]
 [48]
 [56]
 [45]
 [49]] 
------------------------ Dataset: 7ei ------------------------
shape: (33, 1), dtype: uint16
Data:[[54]
 [53]
 [50]
 [50]
 [46]
 [55]
 [56]
 [54]
 [50]
 [51]
 [54]
 [45]
 [48]
 [32]
 [54]
 [53]
 [50]
 [50]
 [46]
 [55]
 [56]
 [50]
 [49]
 [56]
 [55]
 [57]
 [57]
 [57]
 [57]
 [57]
 [57]
 [45]
 [49]] 
------------------------ Dataset: 7ej ------------------------
shape: (27, 1), dtype: uint16
Data:[[54]
 [48]
 [49]
 [56]
 [46]
 [51]
 [53]
 [55]
 [55]
 [56]
 [52]
 [45]
 [48]
 [32]
 [54]
 [48]
 [49]
 [56]
 [46]
 [51]
 [53]
 [51]
 [55]
 [57]
 [55]
 [45]
 [49]] 
------------------------ Dataset: 7ek ------------------------
shape: (41, 1), dtype: uint16
Data:[[54]
 [48]
 [51]
 [52]
 [46]
 [49]
 [53]
 [55]
 [55]
 [50]
 [53]
 [57]
 [57]
 [57]
 [57]
 [57]
 [57]
 [53]
 [45]
 [48]
 [32]
 [54]
 [48]
 [51]
 [52]
 [46]
 [49]
 [54]
 [49]
 [56]
 [57]
 [50]
 [57]
 [57]
 [57]
 [57]
 [57]
 [57]
 [53]
 [45]
 [49]] 
------------------------ Dataset: 7el ------------------------
shape: (34, 1), dtype: uint16
Data:[[54]
 [48]
 [52]
 [57]
 [46]
 [55]
 [54]
 [57]
 [55]
 [53]
 [52]
 [45]
 [48]
 [32]
 [54]
 [48]
 [52]
 [57]
 [46]
 [55]
 [54]
 [53]
 [57]
 [49]
 [56]
 [57]
 [57]
 [57]
 [57]
 [57]
 [57]
 [53]
 [45]
 [49]] 
------------------------ Dataset: 7em ------------------------
shape: (27, 1), dtype: uint16
Data:[[54]
 [48]
 [54]
 [53]
 [46]
 [54]
 [55]
 [51]
 [52]
 [55]
 [49]
 [45]
 [48]
 [32]
 [54]
 [48]
 [54]
 [53]
 [46]
 [54]
 [54]
 [55]
 [55]
 [49]
 [51]
 [45]
 [49]] 
------------------------ Dataset: 7en ------------------------
shape: (33, 1), dtype: uint16
Data:[[54]
 [48]
 [56]
 [49]
 [46]
 [54]
 [48]
 [57]
 [55]
 [53]
 [51]
 [45]
 [48]
 [32]
 [54]
 [48]
 [56]
 [49]
 [46]
 [54]
 [48]
 [53]
 [56]
 [53]
 [53]
 [57]
 [57]
 [57]
 [57]
 [57]
 [57]
 [45]
 [49]] 
------------------------ Dataset: 7eo ------------------------
shape: (27, 1), dtype: uint16
Data:[[53]
 [54]
 [52]
 [50]
 [46]
 [51]
 [49]
 [53]
 [56]
 [53]
 [53]
 [45]
 [48]
 [32]
 [53]
 [54]
 [52]
 [50]
 [46]
 [51]
 [50]
 [48]
 [53]
 [55]
 [50]
 [45]
 [49]] 
------------------------ Dataset: 7ep ------------------------
shape: (33, 1), dtype: uint16
Data:[[53]
 [54]
 [53]
 [56]
 [46]
 [48]
 [53]
 [55]
 [53]
 [57]
 [55]
 [57]
 [57]
 [57]
 [57]
 [57]
 [57]
 [45]
 [48]
 [32]
 [53]
 [54]
 [53]
 [56]
 [46]
 [48]
 [54]
 [49]
 [54]
 [56]
 [50]
 [45]
 [49]] 
------------------------ Dataset: 7eq ------------------------
shape: (27, 1), dtype: uint16
Data:[[53]
 [54]
 [55]
 [51]
 [46]
 [55]
 [54]
 [57]
 [53]
 [48]
 [50]
 [45]
 [48]
 [32]
 [53]
 [54]
 [55]
 [51]
 [46]
 [55]
 [54]
 [53]
 [55]
 [57]
 [54]
 [45]
 [49]] 
------------------------ Dataset: 7er ------------------------
shape: (32, 1), dtype: uint16
Data:[[53]
 [54]
 [56]
 [57]
 [46]
 [53]
 [52]
 [55]
 [51]
 [49]
 [53]
 [57]
 [57]
 [57]
 [57]
 [57]
 [57]
 [45]
 [48]
 [32]
 [53]
 [54]
 [56]
 [57]
 [46]
 [53]
 [51]
 [55]
 [57]
 [54]
 [45]
 [49]] 
------------------------ Dataset: 7es ------------------------
shape: (33, 1), dtype: uint16
Data:[[54]
 [52]
 [49]
 [50]
 [46]
 [56]
 [50]
 [49]
 [51]
 [48]
 [57]
 [57]
 [57]
 [57]
 [57]
 [57]
 [57]
 [45]
 [48]
 [32]
 [54]
 [52]
 [49]
 [50]
 [46]
 [56]
 [50]
 [49]
 [51]
 [49]
 [52]
 [45]
 [49]] 
------------------------ Dataset: 7et ------------------------
shape: (33, 1), dtype: uint16
Data:[[54]
 [54]
 [48]
 [52]
 [46]
 [56]
 [55]
 [52]
 [49]
 [54]
 [52]
 [57]
 [57]
 [57]
 [57]
 [57]
 [57]
 [45]
 [48]
 [32]
 [54]
 [54]
 [48]
 [52]
 [46]
 [56]
 [55]
 [56]
 [49]
 [49]
 [57]
 [45]
 [49]] 
------------------------ Dataset: 7eu ------------------------
shape: (33, 1), dtype: uint16
Data:[[54]
 [54]
 [50]
 [48]
 [46]
 [56]
 [53]
 [48]
 [51]
 [52]
 [53]
 [57]
 [57]
 [57]
 [57]
 [57]
 [57]
 [45]
 [48]
 [32]
 [54]
 [54]
 [50]
 [48]
 [46]
 [56]
 [53]
 [52]
 [48]
 [48]
 [54]
 [45]
 [49]] 
------------------------ Dataset: 7ev ------------------------
shape: (33, 1), dtype: uint16
Data:[[54]
 [54]
 [51]
 [54]
 [46]
 [55]
 [48]
 [54]
 [51]
 [53]
 [57]
 [57]
 [57]
 [57]
 [57]
 [57]
 [57]
 [45]
 [48]
 [32]
 [54]
 [54]
 [51]
 [54]
 [46]
 [55]
 [48]
 [52]
 [56]
 [55]
 [55]
 [45]
 [49]] 
------------------------ Dataset: 7ew ------------------------
shape: (13, 1), dtype: uint16
Data:[[54]
 [54]
 [53]
 [50]
 [46]
 [50]
 [56]
 [54]
 [48]
 [52]
 [53]
 [45]
 [48]] 
------------------------ Dataset: 7ex ------------------------
shape: (33, 1), dtype: uint16
Data:[[54]
 [54]
 [54]
 [56]
 [46]
 [49]
 [53]
 [48]
 [56]
 [56]
 [50]
 [57]
 [57]
 [57]
 [57]
 [57]
 [57]
 [45]
 [48]
 [32]
 [54]
 [54]
 [54]
 [56]
 [46]
 [49]
 [53]
 [52]
 [54]
 [55]
 [50]
 [45]
 [49]] 
------------------------ Dataset: 7ey ------------------------
shape: (19, 1), dtype: uint16
Data:[[54]
 [54]
 [56]
 [52]
 [46]
 [48]
 [54]
 [50]
 [49]
 [50]
 [54]
 [57]
 [57]
 [57]
 [57]
 [57]
 [57]
 [45]
 [48]] 
------------------------ Dataset: 7ez ------------------------
shape: (40, 1), dtype: uint16
Data:[[53]
 [57]
 [48]
 [49]
 [46]
 [57]
 [57]
 [51]
 [54]
 [55]
 [48]
 [57]
 [57]
 [57]
 [57]
 [57]
 [57]
 [45]
 [48]
 [32]
 [53]
 [57]
 [48]
 [49]
 [46]
 [57]
 [57]
 [56]
 [51]
 [48]
 [53]
 [57]
 [57]
 [57]
 [57]
 [57]
 [57]
 [53]
 [45]
 [49]] 
------------------------ Dataset: 7f ------------------------
