shape: (1, 6), dtype: uint32
Data:[[3707764736          2          1          1        798          1]] 
------------------------ Dataset: mnb ------------------------
shape: (33, 1), dtype: uint16
Data:[[54]
 [55]
 [54]
 [55]
 [46]
 [56]
 [56]
 [50]
 [50]
 [52]
 [48]
 [57]
 [57]
 [57]
 [57]
 [57]
 [57]
 [45]
 [48]
 [32]
 [54]
 [55]
 [54]
 [55]
 [46]
 [56]
 [56]
 [54]
 [49]
 [57]
 [52]
 [45]
 [49]] 
------------------------ Dataset: mnc ------------------------
shape: (39, 1), dtype: uint16
Data:[[54]
 [50]
 [56]
 [48]
 [46]
 [54]
 [53]
 [56]
 [53]
 [57]
 [56]
 [57]
 [57]
 [57]
 [57]
 [57]
 [57]
 [45]
 [48]
 [32]
 [54]
 [50]
 [56]
 [48]
 [46]
 [54]
 [53]
 [51]
 [56]
 [55]
 [53]
 [57]
 [57]
 [57]
 [57]
 [57]
 [57]
 [45]
 [49]] 
------------------------ Dataset: mnd ------------------------
shape: (40, 1), dtype: uint16
Data:[[54]
 [50]
 [57]
 [54]
 [46]
 [52]
 [51]
 [54]
 [50]
 [57]
 [57]
 [57]
 [57]
 [57]
 [57]
 [57]
 [57]
 [45]
 [48]
 [32]
 [54]
 [50]
 [57]
 [54]
 [46]
 [52]
 [51]
 [56]
 [53]
 [53]
 [54]
 [57]
 [57]
 [57]
 [57]
 [57]
 [57]
 [53]
 [45]
 [49]] 
------------------------ Dataset: mne ------------------------
shape: (34, 1), dtype: uint16
Data:[[54]
 [51]
 [49]
 [50]
 [46]
 [50]
 [56]
 [51]
 [57]
 [56]
 [53]
 [57]
 [57]
 [57]
 [57]
 [57]
 [57]
 [53]
 [45]
 [48]
 [32]
 [54]
 [51]
 [49]
 [50]
 [46]
 [50]
 [56]
 [56]
 [51]
 [49]
 [54]
 [45]
 [49]] 
------------------------ Dataset: mnf ------------------------
shape: (34, 1), dtype: uint16
Data:[[54]
 [51]
 [50]
 [56]
 [46]
 [49]
 [53]
 [53]
 [50]
 [48]
 [49]
 [45]
 [48]
 [32]
 [54]
 [51]
 [50]
 [56]
 [46]
 [49]
 [53]
 [56]
 [50]
 [48]
 [54]
 [57]
 [57]
 [57]
 [57]
 [57]
 [57]
 [53]
 [45]
 [49]] 
------------------------ Dataset: mng ------------------------
shape: (27, 1), dtype: uint16
Data:[[54]
 [51]
 [52]
 [51]
 [46]
 [57]
 [55]
 [55]
 [56]
 [54]
 [55]
 [45]
 [48]
 [32]
 [54]
 [51]
 [52]
 [51]
 [46]
 [57]
 [56]
 [49]
 [56]
 [52]
 [55]
 [45]
 [49]] 
------------------------ Dataset: mnh ------------------------
shape: (27, 1), dtype: uint16
Data:[[54]
 [53]
 [48]
 [57]
 [46]
 [48]
 [55]
 [57]
 [53]
 [53]
 [51]
 [45]
 [48]
 [32]
 [54]
 [53]
 [48]
 [57]
 [46]
 [48]
 [55]
 [57]
 [50]
 [56]
 [56]
 [45]
 [49]] 
------------------------ Dataset: mni ------------------------
shape: (33, 1), dtype: uint16
Data:[[54]
 [53]
 [50]
 [52]
 [46]
 [56]
 [56]
 [54]
 [49]
 [49]
 [51]
 [45]
 [48]
 [32]
 [54]
 [53]
 [50]
 [52]
 [46]
 [56]
 [56]
 [50]
 [49]
 [51]
 [48]
 [57]
 [57]
 [57]
 [57]
 [57]
 [57]
 [45]
 [49]] 
------------------------ Dataset: mnj ------------------------
shape: (34, 1), dtype: uint16
Data:[[54]
 [48]
 [50]
 [48]
 [46]
 [52]
 [55]
 [57]
 [51]
 [55]
 [53]
 [45]
 [48]
 [32]
 [54]
 [48]
 [50]
 [48]
 [46]
 [52]
 [55]
 [57]
 [56]
 [50]
 [55]
 [57]
 [57]
 [57]
 [57]
 [57]
 [57]
 [53]
 [45]
 [49]] 
------------------------ Dataset: mnk ------------------------
shape: (27, 1), dtype: uint16
Data:[[54]
 [48]
 [51]
 [54]
 [46]
 [50]
 [54]
 [57]
 [55]
 [53]
 [49]
 [45]
 [48]
 [32]
 [54]
 [48]
 [51]
 [54]
 [46]
 [50]
 [54]
 [53]
 [55]
 [49]
 [51]
 [45]
 [49]] 
------------------------ Dataset: mnl ------------------------
shape: (40, 1), dtype: uint16
Data:[[54]
 [48]
 [53]
 [49]
 [46]
 [56]
 [55]
 [51]
 [53]
 [54]
 [51]
 [57]
 [57]
 [57]
 [57]
 [57]
 [57]
 [53]
 [45]
 [48]
 [32]
 [54]
 [48]
 [53]
 [49]
 [46]
 [56]
 [55]
 [54]
 [51]
 [49]
 [57]
 [57]
 [57]
 [57]
 [57]
 [57]
 [57]
 [45]
 [49]] 
------------------------ Dataset: mnm ------------------------
shape: (33, 1), dtype: uint16
Data:[[54]
 [48]
 [54]
 [55]
 [46]
 [55]
 [55]
 [51]
 [56]
 [51]
 [50]
 [57]
 [57]
 [57]
 [57]
 [57]
 [57]
 [45]
 [48]
 [32]
 [54]
 [48]
 [54]
 [55]
 [46]
 [55]
 [55]
 [55]
 [57]
 [49]
 [51]
 [45]
 [49]] 
------------------------ Dataset: mnn ------------------------
shape: (33, 1), dtype: uint16
Data:[[54]
 [48]
 [56]
 [51]
 [46]
 [55]
 [50]
 [53]
 [55]
 [53]
 [49]
 [57]
 [57]
 [57]
 [57]
 [57]
 [57]
 [45]
 [48]
 [32]
 [54]
 [48]
 [56]
 [51]
 [46]
 [55]
 [50]
 [57]
 [55]
 [57]
 [54]
 [45]
 [49]] 
------------------------ Dataset: mno ------------------------
shape: (33, 1), dtype: uint16
Data:[[53]
 [54]
 [52]
 [52]
 [46]
 [52]
 [48]
 [53]
 [54]
 [52]
 [53]
 [45]
 [48]
 [32]
 [53]
 [54]
 [52]
 [52]
 [46]
 [52]
 [48]
 [51]
 [49]
 [52]
 [55]
 [57]
 [57]
 [57]
 [57]
 [57]
 [57]
 [45]
 [49]] 
------------------------ Dataset: mnp ------------------------
shape: (27, 1), dtype: uint16
Data:[[53]
 [54]
 [54]
 [48]
 [46]
 [49]
 [53]
 [55]
 [56]
 [49]
 [56]
 [45]
 [48]
 [32]
 [53]
 [54]
 [54]
 [48]
 [46]
 [49]
 [53]
 [55]
 [51]
 [52]
 [54]
 [45]
 [49]] 
------------------------ Dataset: mnq ------------------------
shape: (40, 1), dtype: uint16
Data:[[53]
 [54]
 [55]
 [53]
 [46]
 [56]
 [53]
 [54]
 [54]
 [48]
 [53]
 [57]
 [57]
 [57]
 [57]
 [57]
 [57]
 [45]
 [48]
 [32]
 [53]
 [54]
 [55]
 [53]
 [46]
 [56]
 [53]
 [49]
 [56]
 [50]
 [54]
 [57]
 [57]
 [57]
 [57]
 [57]
 [57]
 [53]
 [45]
 [49]] 
------------------------ Dataset: mnr ------------------------
shape: (33, 1), dtype: uint16
Data:[[53]
 [54]
 [57]
 [49]
 [46]
 [54]
 [51]
 [51]
 [54]
 [50]
 [56]
 [45]
 [48]
 [32]
 [53]
 [54]
 [57]
 [49]
 [46]
 [54]
 [51]
 [55]
 [54]
 [53]
 [57]
 [57]
 [57]
 [57]
 [57]
 [57]
 [57]
 [45]
 [49]] 
------------------------ Dataset: mns ------------------------
shape: (27, 1), dtype: uint16
Data:[[54]
 [52]
 [49]
 [52]
 [46]
 [57]
 [48]
 [49]
 [57]
 [56]
 [49]
 [45]
 [48]
 [32]
 [54]
 [52]
 [49]
 [52]
 [46]
 [57]
 [48]
 [53]
 [57]
 [55]
 [51]
 [45]
 [49]] 
------------------------ Dataset: mnt ------------------------
shape: (27, 1), dtype: uint16
Data:[[54]
 [54]
 [48]
 [54]
 [46]
 [57]
 [56]
 [51]
 [55]
 [48]
 [49]
 [45]
 [48]
 [32]
 [54]
 [54]
 [48]
 [54]
 [46]
 [57]
 [56]
 [51]
 [57]
 [56]
 [55]
 [45]
 [49]] 
------------------------ Dataset: mnu ------------------------
shape: (40, 1), dtype: uint16
Data:[[54]
 [54]
 [50]
 [50]
 [46]
 [57]
 [51]
 [48]
 [56]
 [51]
 [53]
 [57]
 [57]
 [57]
 [57]
 [57]
 [57]
 [53]
 [45]
 [48]
 [32]
 [54]
 [54]
 [50]
 [50]
 [46]
 [57]
 [51]
 [53]
 [54]
 [55]
 [48]
 [57]
 [57]
 [57]
 [57]
 [57]
 [57]
 [45]
 [49]] 
------------------------ Dataset: mnv ------------------------
shape: (26, 1), dtype: uint16
Data:[[54]
 [54]
 [51]
 [56]
 [46]
 [55]
 [56]
 [53]
 [50]
 [56]
 [45]
 [48]
 [32]
 [54]
 [54]
 [51]
 [56]
 [46]
 [55]
 [56]
 [53]
 [52]
 [48]
 [49]
 [45]
 [49]] 
------------------------ Dataset: mnw ------------------------
shape: (33, 1), dtype: uint16
Data:[[54]
 [54]
 [53]
 [52]
 [46]
 [51]
 [57]
 [50]
 [48]
 [50]
 [55]
 [57]
 [57]
 [57]
 [57]
 [57]
 [57]
 [45]
 [48]
 [32]
 [54]
 [54]
 [53]
 [52]
 [46]
 [51]
 [56]
 [50]
 [48]
 [54]
 [56]
 [45]
 [49]] 
------------------------ Dataset: mnx ------------------------
shape: (27, 1), dtype: uint16
Data:[[54]
 [54]
 [55]
 [48]
 [46]
 [50]
 [54]
 [54]
 [48]
 [51]
 [57]
 [45]
 [48]
 [32]
 [54]
 [54]
 [55]
 [48]
 [46]
 [50]
 [54]
 [50]
 [48]
 [52]
 [57]
 [45]
 [49]] 
------------------------ Dataset: mny ------------------------
shape: (33, 1), dtype: uint16
Data:[[54]
 [54]
 [56]
 [54]
 [46]
 [49]
 [56]
 [54]
 [51]
 [54]
 [51]
 [57]
 [57]
 [57]
 [57]
 [57]
 [57]
 [45]
 [48]
 [32]
 [54]
 [54]
 [56]
 [54]
 [46]
 [49]
 [57]
 [49]
 [51]
 [49]
 [53]
 [45]
 [49]] 
------------------------ Dataset: mnz ------------------------
shape: (40, 1), dtype: uint16
Data:[[53]
 [57]
 [48]
 [52]
 [46]
 [48]
 [57]
 [55]
 [55]
 [55]
 [50]
 [57]
 [57]
 [57]
 [57]
 [57]
 [57]
 [53]
 [45]
 [48]
 [32]
 [53]
 [57]
 [48]
 [52]
 [46]
 [49]
 [49]
 [51]
 [54]
 [52]
 [57]
 [57]
 [57]
 [57]
 [57]
 [57]
 [57]
 [45]
 [49]] 
------------------------ Dataset: mo ------------------------
