shape: (1, 6), dtype: uint32
Data:[[3707764736          2          1          1        528          1]] 
------------------------ Dataset: Uib ------------------------
shape: (27, 1), dtype: uint16
Data:[[54]
 [55]
 [54]
 [54]
 [46]
 [55]
 [52]
 [54]
 [48]
 [56]
 [53]
 [45]
 [48]
 [32]
 [54]
 [55]
 [54]
 [54]
 [46]
 [55]
 [52]
 [50]
 [49]
 [48]
 [49]
 [45]
 [49]] 
------------------------ Dataset: Uic ------------------------
shape: (34, 1), dtype: uint16
Data:[[54]
 [50]
 [55]
 [57]
 [46]
 [53]
 [52]
 [54]
 [48]
 [50]
 [57]
 [45]
 [48]
 [32]
 [54]
 [50]
 [55]
 [57]
 [46]
 [53]
 [52]
 [53]
 [52]
 [56]
 [49]
 [57]
 [57]
 [57]
 [57]
 [57]
 [57]
 [53]
 [45]
 [49]] 
------------------------ Dataset: Uid ------------------------
shape: (33, 1), dtype: uint16
Data:[[54]
 [50]
 [57]
 [53]
 [46]
 [51]
 [48]
 [57]
 [56]
 [50]
 [52]
 [57]
 [57]
 [57]
 [57]
 [57]
 [57]
 [45]
 [48]
 [32]
 [54]
 [50]
 [57]
 [53]
 [46]
 [51]
 [49]
 [55]
 [56]
 [51]
 [51]
 [45]
 [49]] 
------------------------ Dataset: Uie ------------------------
shape: (39, 1), dtype: uint16
Data:[[54]
 [51]
 [49]
 [49]
 [46]
 [49]
 [52]
 [49]
 [57]
 [55]
 [57]
 [57]
 [57]
 [57]
 [57]
 [57]
 [57]
 [45]
 [48]
 [32]
 [54]
 [51]
 [49]
 [49]
 [46]
 [49]
 [51]
 [55]
 [57]
 [54]
 [56]
 [57]
 [57]
 [57]
 [57]
 [57]
 [57]
 [45]
 [49]] 
------------------------ Dataset: Uif ------------------------
shape: (27, 1), dtype: uint16
Data:[[54]
 [51]
 [50]
 [55]
 [46]
 [48]
 [49]
 [51]
 [57]
 [48]
 [51]
 [45]
 [48]
 [32]
 [54]
 [51]
 [50]
 [55]
 [46]
 [48]
 [49]
 [56]
 [48]
 [48]
 [53]
 [45]
 [49]] 
------------------------ Dataset: Uig ------------------------
shape: (27, 1), dtype: uint16
Data:[[54]
 [51]
 [52]
 [50]
 [46]
 [56]
 [50]
 [49]
 [56]
 [57]
 [55]
 [45]
 [48]
 [32]
 [54]
 [51]
 [52]
 [50]
 [46]
 [56]
 [50]
 [54]
 [48]
 [56]
 [50]
 [45]
 [49]] 
------------------------ Dataset: Uih ------------------------
shape: (33, 1), dtype: uint16
Data:[[54]
 [53]
 [48]
 [55]
 [46]
 [57]
 [50]
 [51]
 [50]
 [56]
 [53]
 [57]
 [57]
 [57]
 [57]
 [57]
 [57]
 [45]
 [48]
 [32]
 [54]
 [53]
 [48]
 [55]
 [46]
 [57]
 [49]
 [57]
 [51]
 [57]
 [50]
 [45]
 [49]] 
------------------------ Dataset: Uii ------------------------
shape: (33, 1), dtype: uint16
Data:[[54]
 [53]
 [50]
 [51]
 [46]
 [55]
 [53]
 [52]
 [55]
 [56]
 [50]
 [57]
 [57]
 [57]
 [57]
 [57]
 [57]
 [45]
 [48]
 [32]
 [54]
 [53]
 [50]
 [51]
 [46]
 [55]
 [53]
 [56]
 [52]
 [57]
 [55]
 [45]
 [49]] 
------------------------ Dataset: Uij ------------------------
shape: (27, 1), dtype: uint16
Data:[[54]
 [48]
 [49]
 [57]
 [46]
 [51]
 [50]
 [53]
 [56]
 [52]
 [49]
 [45]
 [48]
 [32]
 [54]
 [48]
 [49]
 [57]
 [46]
 [51]
 [50]
 [57]
 [55]
 [56]
 [50]
 [45]
 [49]] 
------------------------ Dataset: Uik ------------------------
shape: (27, 1), dtype: uint16
Data:[[54]
 [48]
 [51]
 [53]
 [46]
 [49]
 [50]
 [53]
 [55]
 [52]
 [52]
 [45]
 [48]
 [32]
 [54]
 [48]
 [51]
 [53]
 [46]
 [49]
 [51]
 [49]
 [50]
 [51]
 [51]
 [45]
 [49]] 
------------------------ Dataset: Uil ------------------------
shape: (27, 1), dtype: uint16
Data:[[54]
 [48]
 [53]
 [48]
 [46]
 [55]
 [53]
 [51]
 [55]
 [54]
 [52]
 [45]
 [48]
 [32]
 [54]
 [48]
 [53]
 [48]
 [46]
 [55]
 [53]
 [55]
 [56]
 [48]
 [54]
 [45]
 [49]] 
------------------------ Dataset: Uim ------------------------
shape: (34, 1), dtype: uint16
Data:[[54]
 [48]
 [54]
 [54]
 [46]
 [54]
 [53]
 [53]
 [57]
 [48]
 [53]
 [45]
 [48]
 [32]
 [54]
 [48]
 [54]
 [54]
 [46]
 [54]
 [53]
 [57]
 [50]
 [48]
 [56]
 [57]
 [57]
 [57]
 [57]
 [57]
 [57]
 [53]
 [45]
 [49]] 
------------------------ Dataset: Uin ------------------------
shape: (39, 1), dtype: uint16
Data:[[54]
 [48]
 [56]
 [50]
 [46]
 [53]
 [54]
 [57]
 [56]
 [54]
 [57]
 [57]
 [57]
 [57]
 [57]
 [57]
 [57]
 [45]
 [48]
 [32]
 [54]
 [48]
 [56]
 [50]
 [46]
 [53]
 [55]
 [51]
 [55]
 [57]
 [55]
 [57]
 [57]
 [57]
 [57]
 [57]
 [57]
 [45]
 [49]] 
------------------------ Dataset: Uio ------------------------
shape: (33, 1), dtype: uint16
Data:[[53]
 [54]
 [52]
 [51]
 [46]
 [50]
 [55]
 [53]
 [53]
 [53]
 [57]
 [45]
 [48]
 [32]
 [53]
 [54]
 [52]
 [51]
 [46]
 [50]
 [55]
 [53]
 [49]
 [54]
 [50]
 [57]
 [57]
 [57]
 [57]
 [57]
 [57]
 [45]
 [49]] 
------------------------ Dataset: Uip ------------------------
shape: (27, 1), dtype: uint16
Data:[[53]
 [54]
 [53]
 [57]
 [46]
 [48]
 [49]
 [55]
 [53]
 [54]
 [57]
 [45]
 [48]
 [32]
 [53]
 [54]
 [53]
 [57]
 [46]
 [48]
 [49]
 [51]
 [54]
 [56]
 [55]
 [45]
 [49]] 
------------------------ Dataset: Uiq ------------------------
shape: (31, 1), dtype: uint16
Data:[[53]
 [54]
 [55]
 [52]
 [46]
 [55]
 [50]
 [49]
 [54]
 [53]
 [57]
 [57]
 [57]
 [57]
 [57]
 [57]
 [57]
 [45]
 [48]
 [32]
 [53]
 [54]
 [55]
 [52]
 [46]
 [55]
 [50]
 [53]
 [55]
 [45]
 [49]] 
------------------------ Dataset: Uir ------------------------
shape: (40, 1), dtype: uint16
Data:[[53]
 [54]
 [57]
 [48]
 [46]
 [53]
 [48]
 [54]
 [51]
 [57]
 [57]
 [57]
 [57]
 [57]
 [57]
 [57]
 [57]
 [45]
 [48]
 [32]
 [53]
 [54]
 [57]
 [48]
 [46]
 [53]
 [48]
 [49]
 [54]
 [57]
 [56]
 [57]
 [57]
 [57]
 [57]
 [57]
 [57]
 [53]
 [45]
 [49]] 
------------------------ Dataset: Uis ------------------------
shape: (27, 1), dtype: uint16
Data:[[54]
 [52]
 [49]
 [51]
 [46]
 [55]
 [55]
 [51]
 [57]
 [53]
 [51]
 [45]
 [48]
 [32]
 [54]
 [52]
 [49]
 [51]
 [46]
 [55]
 [55]
 [55]
 [57]
 [48]
 [52]
 [45]
 [49]] 
------------------------ Dataset: Uit ------------------------
shape: (27, 1), dtype: uint16
Data:[[54]
 [54]
 [48]
 [53]
 [46]
 [56]
 [52]
 [50]
 [48]
 [48]
 [57]
 [45]
 [48]
 [32]
 [54]
 [54]
 [48]
 [53]
 [46]
 [56]
 [51]
 [56]
 [49]
 [51]
 [53]
 [45]
 [49]] 
------------------------ Dataset: Uiu ------------------------
shape: (27, 1), dtype: uint16
Data:[[54]
 [54]
 [50]
 [49]
 [46]
 [56]
 [50]
 [49]
 [57]
 [48]
 [51]
 [45]
 [48]
 [32]
 [54]
 [54]
 [50]
 [49]
 [46]
 [56]
 [50]
 [50]
 [55]
 [53]
 [52]
 [45]
 [49]] 
------------------------ Dataset: Uiv ------------------------
shape: (27, 1), dtype: uint16
Data:[[54]
 [54]
 [51]
 [55]
 [46]
 [54]
 [54]
 [54]
 [49]
 [53]
 [51]
 [45]
 [48]
 [32]
 [54]
 [54]
 [51]
 [55]
 [46]
 [54]
 [55]
 [50]
 [51]
 [48]
 [52]
 [45]
 [49]] 
------------------------ Dataset: Uiw ------------------------
shape: (27, 1), dtype: uint16
Data:[[54]
 [54]
 [53]
 [51]
 [46]
 [50]
 [53]
 [52]
 [49]
 [51]
 [57]
 [45]
 [48]
 [32]
 [54]
 [54]
 [53]
 [51]
 [46]
 [50]
 [54]
 [52]
 [49]
 [55]
 [55]
 [45]
 [49]] 
------------------------ Dataset: Uix ------------------------
shape: (13, 1), dtype: uint16
Data:[[54]
 [54]
 [54]
 [57]
 [46]
 [49]
 [51]
 [52]
 [49]
 [54]
 [57]
 [45]
 [48]] 
------------------------ Dataset: Uiy ------------------------
shape: (33, 1), dtype: uint16
Data:[[54]
 [54]
 [56]
 [53]
 [46]
 [48]
 [52]
 [54]
 [48]
 [51]
 [55]
 [45]
 [48]
 [32]
 [54]
 [54]
 [56]
 [53]
 [46]
 [48]
 [53]
 [48]
 [49]
 [48]
 [57]
 [57]
 [57]
 [57]
 [57]
 [57]
 [57]
 [45]
 [49]] 
------------------------ Dataset: Uiz ------------------------
shape: (33, 1), dtype: uint16
Data:[[53]
 [57]
 [48]
 [50]
 [46]
 [57]
 [54]
 [57]
 [54]
 [51]
 [49]
 [45]
 [48]
 [32]
 [53]
 [57]
 [48]
 [50]
 [46]
 [57]
 [55]
 [51]
 [54]
 [54]
 [54]
 [57]
 [57]
 [57]
 [57]
 [57]
 [57]
 [45]
 [49]] 
------------------------ Dataset: Uj ------------------------
