shape: (1, 6), dtype: uint32
Data:[[3707764736          2          1          1       1515          1]] 
------------------------ Dataset: dzb ------------------------
shape: (27, 1), dtype: uint16
Data:[[54]
 [55]
 [55]
 [48]
 [46]
 [57]
 [49]
 [48]
 [49]
 [51]
 [53]
 [45]
 [48]
 [32]
 [54]
 [55]
 [55]
 [48]
 [46]
 [57]
 [49]
 [52]
 [49]
 [54]
 [50]
 [45]
 [49]] 
------------------------ Dataset: dzc ------------------------
shape: (33, 1), dtype: uint16
Data:[[54]
 [50]
 [56]
 [51]
 [46]
 [54]
 [56]
 [53]
 [57]
 [51]
 [56]
 [45]
 [48]
 [32]
 [54]
 [50]
 [56]
 [51]
 [46]
 [54]
 [56]
 [49]
 [56]
 [52]
 [50]
 [57]
 [57]
 [57]
 [57]
 [57]
 [57]
 [45]
 [49]] 
------------------------ Dataset: dzd ------------------------
shape: (27, 1), dtype: uint16
Data:[[54]
 [50]
 [57]
 [57]
 [46]
 [52]
 [53]
 [56]
 [48]
 [51]
 [51]
 [45]
 [48]
 [32]
 [54]
 [50]
 [57]
 [57]
 [46]
 [52]
 [53]
 [52]
 [49]
 [51]
 [55]
 [45]
 [49]] 
------------------------ Dataset: dze ------------------------
shape: (39, 1), dtype: uint16
Data:[[54]
 [51]
 [49]
 [53]
 [46]
 [51]
 [51]
 [49]
 [50]
 [56]
 [55]
 [57]
 [57]
 [57]
 [57]
 [57]
 [57]
 [45]
 [48]
 [32]
 [54]
 [51]
 [49]
 [53]
 [46]
 [51]
 [52]
 [48]
 [51]
 [53]
 [49]
 [57]
 [57]
 [57]
 [57]
 [57]
 [57]
 [45]
 [49]] 
------------------------ Dataset: dzf ------------------------
shape: (41, 1), dtype: uint16
Data:[[54]
 [51]
 [51]
 [49]
 [46]
 [49]
 [53]
 [49]
 [50]
 [50]
 [57]
 [57]
 [57]
 [57]
 [57]
 [57]
 [57]
 [53]
 [45]
 [48]
 [32]
 [54]
 [51]
 [51]
 [49]
 [46]
 [49]
 [53]
 [49]
 [54]
 [52]
 [48]
 [57]
 [57]
 [57]
 [57]
 [57]
 [57]
 [53]
 [45]
 [49]] 
------------------------ Dataset: dzg ------------------------
shape: (1, 16504), dtype: float64
Data:[[-40.44544267 -40.44544267 -40.44544267 ... -40.55935082 -40.55935082
  -40.55935082]] 
------------------------ Dataset: dzh ------------------------
shape: (33, 1), dtype: uint16
Data:[[54]
 [53]
 [49]
 [50]
 [46]
 [48]
 [55]
 [48]
 [50]
 [52]
 [56]
 [57]
 [57]
 [57]
 [57]
 [57]
 [57]
 [45]
 [48]
 [32]
 [54]
 [53]
 [49]
 [50]
 [46]
 [48]
 [55]
 [52]
 [48]
 [54]
 [55]
 [45]
 [49]] 
------------------------ Dataset: dzi ------------------------
shape: (39, 1), dtype: uint16
Data:[[54]
 [53]
 [50]
 [55]
 [46]
 [57]
 [49]
 [48]
 [50]
 [53]
 [48]
 [57]
 [57]
 [57]
 [57]
 [57]
 [57]
 [45]
 [48]
 [32]
 [54]
 [53]
 [50]
 [55]
 [46]
 [57]
 [48]
 [54]
 [51]
 [55]
 [54]
 [57]
 [57]
 [57]
 [57]
 [57]
 [57]
 [45]
 [49]] 
------------------------ Dataset: dzj ------------------------
shape: (25, 1), dtype: uint16
Data:[[54]
 [48]
 [50]
 [51]
 [46]
 [52]
 [56]
 [57]
 [56]
 [49]
 [45]
 [48]
 [32]
 [54]
 [48]
 [50]
 [51]
 [46]
 [52]
 [57]
 [51]
 [55]
 [55]
 [45]
 [49]] 
------------------------ Dataset: dzk ------------------------
shape: (33, 1), dtype: uint16
Data:[[54]
 [48]
 [51]
 [57]
 [46]
 [50]
 [53]
 [48]
 [49]
 [51]
 [55]
 [57]
 [57]
 [57]
 [57]
 [57]
 [57]
 [45]
 [48]
 [32]
 [54]
 [48]
 [51]
 [57]
 [46]
 [50]
 [52]
 [53]
 [57]
 [54]
 [52]
 [45]
 [49]] 
------------------------ Dataset: dzl ------------------------
shape: (33, 1), dtype: uint16
Data:[[54]
 [48]
 [53]
 [52]
 [46]
 [57]
 [48]
 [49]
 [55]
 [53]
 [50]
 [45]
 [48]
 [32]
 [54]
 [48]
 [53]
 [52]
 [46]
 [56]
 [57]
 [55]
 [55]
 [50]
 [48]
 [57]
 [57]
 [57]
 [57]
 [57]
 [57]
 [45]
 [49]] 
------------------------ Dataset: dzm ------------------------
shape: (34, 1), dtype: uint16
Data:[[54]
 [48]
 [55]
 [48]
 [46]
 [56]
 [52]
 [53]
 [56]
 [50]
 [55]
 [57]
 [57]
 [57]
 [57]
 [57]
 [57]
 [53]
 [45]
 [48]
 [32]
 [54]
 [48]
 [55]
 [48]
 [46]
 [56]
 [52]
 [50]
 [52]
 [52]
 [55]
 [45]
 [49]] 
------------------------ Dataset: dzn ------------------------
shape: (32, 1), dtype: uint16
Data:[[53]
 [54]
 [51]
 [49]
 [46]
 [55]
 [49]
 [51]
 [53]
 [55]
 [45]
 [48]
 [32]
 [53]
 [54]
 [51]
 [49]
 [46]
 [55]
 [49]
 [55]
 [53]
 [51]
 [51]
 [57]
 [57]
 [57]
 [57]
 [57]
 [57]
 [45]
 [49]] 
------------------------ Dataset: dzo ------------------------
shape: (26, 1), dtype: uint16
Data:[[53]
 [54]
 [52]
 [55]
 [46]
 [51]
 [57]
 [48]
 [55]
 [54]
 [52]
 [45]
 [48]
 [32]
 [53]
 [54]
 [52]
 [55]
 [46]
 [51]
 [56]
 [53]
 [57]
 [53]
 [45]
 [49]] 
------------------------ Dataset: dzp ------------------------
shape: (34, 1), dtype: uint16
Data:[[53]
 [54]
 [54]
 [51]
 [46]
 [49]
 [50]
 [53]
 [53]
 [57]
 [57]
 [45]
 [48]
 [32]
 [53]
 [54]
 [54]
 [51]
 [46]
 [49]
 [50]
 [57]
 [54]
 [55]
 [50]
 [57]
 [57]
 [57]
 [57]
 [57]
 [57]
 [53]
 [45]
 [49]] 
------------------------ Dataset: dzq ------------------------
shape: (33, 1), dtype: uint16
Data:[[53]
 [54]
 [55]
 [56]
 [46]
 [56]
 [54]
 [57]
 [53]
 [55]
 [53]
 [45]
 [48]
 [32]
 [53]
 [54]
 [55]
 [56]
 [46]
 [56]
 [55]
 [51]
 [53]
 [57]
 [50]
 [57]
 [57]
 [57]
 [57]
 [57]
 [57]
 [45]
 [49]] 
------------------------ Dataset: dzr ------------------------
shape: (27, 1), dtype: uint16
Data:[[53]
 [54]
 [57]
 [52]
 [46]
 [54]
 [51]
 [51]
 [53]
 [49]
 [52]
 [45]
 [48]
 [32]
 [53]
 [54]
 [57]
 [52]
 [46]
 [54]
 [50]
 [53]
 [54]
 [52]
 [53]
 [45]
 [49]] 
------------------------ Dataset: dzs ------------------------
shape: (34, 1), dtype: uint16
Data:[[54]
 [52]
 [49]
 [55]
 [46]
 [57]
 [51]
 [56]
 [48]
 [57]
 [51]
 [45]
 [48]
 [32]
 [54]
 [52]
 [49]
 [55]
 [46]
 [57]
 [51]
 [52]
 [48]
 [48]
 [53]
 [57]
 [57]
 [57]
 [57]
 [57]
 [57]
 [53]
 [45]
 [49]] 
------------------------ Dataset: dzt ------------------------
shape: (19, 1), dtype: uint16
Data:[[54]
 [54]
 [49]
 [48]
 [46]
 [48]
 [51]
 [48]
 [49]
 [48]
 [48]
 [57]
 [57]
 [57]
 [57]
 [57]
 [57]
 [45]
 [48]] 
------------------------ Dataset: dzu ------------------------
shape: (39, 1), dtype: uint16
Data:[[54]
 [54]
 [50]
 [53]
 [46]
 [57]
 [54]
 [54]
 [49]
 [52]
 [57]
 [57]
 [57]
 [57]
 [57]
 [57]
 [57]
 [45]
 [48]
 [32]
 [54]
 [54]
 [50]
 [53]
 [46]
 [57]
 [55]
 [53]
 [55]
 [54]
 [52]
 [57]
 [57]
 [57]
 [57]
 [57]
 [57]
 [45]
 [49]] 
------------------------ Dataset: dzv ------------------------
shape: (13, 1), dtype: uint16
Data:[[54]
 [54]
 [52]
 [49]
 [46]
 [55]
 [52]
 [54]
 [56]
 [48]
 [56]
 [45]
 [49]] 
------------------------ Dataset: dzw ------------------------
shape: (33, 1), dtype: uint16
Data:[[54]
 [54]
 [53]
 [55]
 [46]
 [52]
 [50]
 [54]
 [48]
 [54]
 [50]
 [45]
 [48]
 [32]
 [54]
 [54]
 [53]
 [55]
 [46]
 [52]
 [50]
 [50]
 [48]
 [57]
 [50]
 [57]
 [57]
 [57]
 [57]
 [57]
 [57]
 [45]
 [49]] 
------------------------ Dataset: dzx ------------------------
shape: (34, 1), dtype: uint16
Data:[[54]
 [54]
 [55]
 [51]
 [46]
 [51]
 [50]
 [50]
 [49]
 [52]
 [50]
 [45]
 [48]
 [32]
 [54]
 [54]
 [55]
 [51]
 [46]
 [51]
 [49]
 [56]
 [50]
 [48]
 [49]
 [57]
 [57]
 [57]
 [57]
 [57]
 [57]
 [53]
 [45]
 [49]] 
------------------------ Dataset: dzy ------------------------
shape: (39, 1), dtype: uint16
Data:[[54]
 [54]
 [56]
 [57]
 [46]
 [50]
 [51]
 [53]
 [51]
 [51]
 [49]
 [57]
 [57]
 [57]
 [57]
 [57]
 [57]
 [45]
 [48]
 [32]
 [54]
 [54]
 [56]
 [57]
 [46]
 [50]
 [51]
 [57]
 [56]
 [54]
 [54]
 [57]
 [57]
 [57]
 [57]
 [57]
 [57]
 [45]
 [49]] 
------------------------ Dataset: dzz ------------------------
shape: (34, 1), dtype: uint16
Data:[[53]
 [57]
 [48]
 [55]
 [46]
 [49]
 [50]
 [53]
 [55]
 [52]
 [57]
 [45]
 [48]
 [32]
 [53]
 [57]
 [48]
 [55]
 [46]
 [49]
 [50]
 [49]
 [55]
 [52]
 [52]
 [57]
 [57]
 [57]
 [57]
 [57]
 [57]
 [53]
 [45]
 [49]] 
------------------------ Dataset: e ------------------------
