shape: (1, 6), dtype: uint32
Data:[[3707764736          2          1          1       1171          1]] 
------------------------ Dataset: xtb ------------------------
shape: (40, 1), dtype: uint16
Data:[[54]
 [55]
 [54]
 [57]
 [46]
 [52]
 [55]
 [52]
 [50]
 [50]
 [48]
 [57]
 [57]
 [57]
 [57]
 [57]
 [57]
 [53]
 [45]
 [48]
 [32]
 [54]
 [55]
 [54]
 [57]
 [46]
 [52]
 [55]
 [48]
 [49]
 [53]
 [53]
 [57]
 [57]
 [57]
 [57]
 [57]
 [57]
 [45]
 [49]] 
------------------------ Dataset: xtc ------------------------
shape: (27, 1), dtype: uint16
Data:[[54]
 [50]
 [56]
 [50]
 [46]
 [50]
 [52]
 [51]
 [54]
 [48]
 [51]
 [45]
 [48]
 [32]
 [54]
 [50]
 [56]
 [50]
 [46]
 [50]
 [53]
 [48]
 [57]
 [57]
 [52]
 [45]
 [49]] 
------------------------ Dataset: xtd ------------------------
shape: (27, 1), dtype: uint16
Data:[[54]
 [50]
 [57]
 [56]
 [46]
 [48]
 [48]
 [54]
 [48]
 [50]
 [51]
 [45]
 [48]
 [32]
 [54]
 [50]
 [57]
 [56]
 [46]
 [48]
 [48]
 [50]
 [50]
 [48]
 [54]
 [45]
 [49]] 
------------------------ Dataset: xte ------------------------
shape: (33, 1), dtype: uint16
Data:[[54]
 [51]
 [49]
 [51]
 [46]
 [56]
 [56]
 [53]
 [57]
 [49]
 [56]
 [45]
 [48]
 [32]
 [54]
 [51]
 [49]
 [51]
 [46]
 [56]
 [56]
 [50]
 [48]
 [54]
 [51]
 [57]
 [57]
 [57]
 [57]
 [57]
 [57]
 [45]
 [49]] 
------------------------ Dataset: xtf ------------------------
shape: (27, 1), dtype: uint16
Data:[[54]
 [51]
 [50]
 [57]
 [46]
 [55]
 [48]
 [57]
 [57]
 [57]
 [49]
 [45]
 [48]
 [32]
 [54]
 [51]
 [50]
 [57]
 [46]
 [55]
 [49]
 [51]
 [57]
 [57]
 [57]
 [45]
 [49]] 
------------------------ Dataset: xtg ------------------------
shape: (27, 1), dtype: uint16
Data:[[54]
 [51]
 [52]
 [53]
 [46]
 [53]
 [53]
 [49]
 [49]
 [50]
 [56]
 [45]
 [48]
 [32]
 [54]
 [51]
 [52]
 [53]
 [46]
 [53]
 [52]
 [54]
 [49]
 [51]
 [57]
 [45]
 [49]] 
------------------------ Dataset: xth ------------------------
shape: (32, 1), dtype: uint16
Data:[[54]
 [53]
 [49]
 [48]
 [46]
 [54]
 [51]
 [51]
 [57]
 [56]
 [45]
 [48]
 [32]
 [54]
 [53]
 [49]
 [48]
 [46]
 [54]
 [51]
 [51]
 [55]
 [56]
 [50]
 [57]
 [57]
 [57]
 [57]
 [57]
 [57]
 [45]
 [49]] 
------------------------ Dataset: xti ------------------------
shape: (27, 1), dtype: uint16
Data:[[54]
 [53]
 [50]
 [54]
 [46]
 [52]
 [54]
 [55]
 [48]
 [51]
 [54]
 [45]
 [48]
 [32]
 [54]
 [53]
 [50]
 [54]
 [46]
 [52]
 [54]
 [50]
 [51]
 [54]
 [57]
 [45]
 [49]] 
------------------------ Dataset: xtj ------------------------
shape: (34, 1), dtype: uint16
Data:[[54]
 [48]
 [50]
 [50]
 [46]
 [48]
 [53]
 [52]
 [57]
 [53]
 [49]
 [45]
 [48]
 [32]
 [54]
 [48]
 [50]
 [50]
 [46]
 [48]
 [53]
 [54]
 [55]
 [53]
 [49]
 [57]
 [57]
 [57]
 [57]
 [57]
 [57]
 [53]
 [45]
 [49]] 
------------------------ Dataset: xtk ------------------------
shape: (33, 1), dtype: uint16
Data:[[54]
 [48]
 [51]
 [55]
 [46]
 [56]
 [50]
 [49]
 [56]
 [49]
 [52]
 [57]
 [57]
 [57]
 [57]
 [57]
 [57]
 [45]
 [48]
 [32]
 [54]
 [48]
 [51]
 [55]
 [46]
 [56]
 [51]
 [52]
 [53]
 [54]
 [50]
 [45]
 [49]] 
------------------------ Dataset: xtl ------------------------
shape: (27, 1), dtype: uint16
Data:[[54]
 [48]
 [53]
 [51]
 [46]
 [52]
 [55]
 [51]
 [55]
 [51]
 [51]
 [45]
 [48]
 [32]
 [54]
 [48]
 [53]
 [51]
 [46]
 [52]
 [55]
 [55]
 [56]
 [53]
 [50]
 [45]
 [49]] 
------------------------ Dataset: xtm ------------------------
shape: (33, 1), dtype: uint16
Data:[[54]
 [48]
 [54]
 [57]
 [46]
 [51]
 [55]
 [54]
 [50]
 [51]
 [51]
 [57]
 [57]
 [57]
 [57]
 [57]
 [57]
 [45]
 [48]
 [32]
 [54]
 [48]
 [54]
 [57]
 [46]
 [51]
 [55]
 [55]
 [54]
 [53]
 [54]
 [45]
 [49]] 
------------------------ Dataset: xtn ------------------------
shape: (41, 1), dtype: uint16
Data:[[54]
 [48]
 [56]
 [53]
 [46]
 [50]
 [55]
 [51]
 [56]
 [56]
 [49]
 [57]
 [57]
 [57]
 [57]
 [57]
 [57]
 [53]
 [45]
 [48]
 [32]
 [54]
 [48]
 [56]
 [53]
 [46]
 [50]
 [55]
 [55]
 [55]
 [57]
 [56]
 [57]
 [57]
 [57]
 [57]
 [57]
 [57]
 [53]
 [45]
 [49]] 
------------------------ Dataset: xto ------------------------
shape: (33, 1), dtype: uint16
Data:[[53]
 [54]
 [52]
 [53]
 [46]
 [57]
 [53]
 [51]
 [54]
 [50]
 [50]
 [57]
 [57]
 [57]
 [57]
 [57]
 [57]
 [45]
 [48]
 [32]
 [53]
 [54]
 [52]
 [53]
 [46]
 [57]
 [52]
 [57]
 [53]
 [57]
 [53]
 [45]
 [49]] 
------------------------ Dataset: xtp ------------------------
shape: (27, 1), dtype: uint16
Data:[[53]
 [54]
 [54]
 [49]
 [46]
 [55]
 [48]
 [54]
 [49]
 [55]
 [49]
 [45]
 [48]
 [32]
 [53]
 [54]
 [54]
 [49]
 [46]
 [55]
 [48]
 [57]
 [54]
 [48]
 [55]
 [45]
 [49]] 
------------------------ Dataset: xtq ------------------------
shape: (33, 1), dtype: uint16
Data:[[53]
 [54]
 [55]
 [55]
 [46]
 [52]
 [49]
 [56]
 [48]
 [57]
 [50]
 [57]
 [57]
 [57]
 [57]
 [57]
 [57]
 [45]
 [48]
 [32]
 [53]
 [54]
 [55]
 [55]
 [46]
 [52]
 [48]
 [53]
 [53]
 [56]
 [51]
 [45]
 [49]] 
------------------------ Dataset: xtr ------------------------
shape: (13, 1), dtype: uint16
Data:[[53]
 [54]
 [57]
 [51]
 [46]
 [49]
 [56]
 [49]
 [55]
 [54]
 [57]
 [45]
 [48]] 
------------------------ Dataset: xts ------------------------
shape: (34, 1), dtype: uint16
Data:[[54]
 [52]
 [49]
 [54]
 [46]
 [53]
 [48]
 [56]
 [57]
 [56]
 [52]
 [57]
 [57]
 [57]
 [57]
 [57]
 [57]
 [53]
 [45]
 [48]
 [32]
 [54]
 [52]
 [49]
 [54]
 [46]
 [53]
 [48]
 [54]
 [52]
 [55]
 [50]
 [45]
 [49]] 
------------------------ Dataset: xtt ------------------------
shape: (33, 1), dtype: uint16
Data:[[54]
 [54]
 [48]
 [56]
 [46]
 [53]
 [56]
 [56]
 [55]
 [56]
 [50]
 [45]
 [48]
 [32]
 [54]
 [54]
 [48]
 [56]
 [46]
 [53]
 [56]
 [50]
 [51]
 [48]
 [53]
 [57]
 [57]
 [57]
 [57]
 [57]
 [57]
 [45]
 [49]] 
------------------------ Dataset: xtu ------------------------
shape: (26, 1), dtype: uint16
Data:[[54]
 [54]
 [50]
 [52]
 [46]
 [53]
 [49]
 [52]
 [56]
 [51]
 [45]
 [48]
 [32]
 [54]
 [54]
 [50]
 [52]
 [46]
 [53]
 [49]
 [56]
 [53]
 [52]
 [55]
 [45]
 [49]] 
------------------------ Dataset: xtv ------------------------
shape: (39, 1), dtype: uint16
Data:[[54]
 [54]
 [52]
 [48]
 [46]
 [51]
 [50]
 [54]
 [48]
 [57]
 [49]
 [57]
 [57]
 [57]
 [57]
 [57]
 [57]
 [45]
 [48]
 [32]
 [54]
 [54]
 [52]
 [48]
 [46]
 [51]
 [50]
 [54]
 [50]
 [49]
 [55]
 [57]
 [57]
 [57]
 [57]
 [57]
 [57]
 [45]
 [49]] 
------------------------ Dataset: xtw ------------------------
shape: (34, 1), dtype: uint16
Data:[[54]
 [54]
 [53]
 [53]
 [46]
 [57]
 [54]
 [54]
 [48]
 [55]
 [57]
 [45]
 [48]
 [32]
 [54]
 [54]
 [53]
 [53]
 [46]
 [57]
 [54]
 [50]
 [51]
 [56]
 [51]
 [57]
 [57]
 [57]
 [57]
 [57]
 [57]
 [53]
 [45]
 [49]] 
------------------------ Dataset: xtx ------------------------
shape: (27, 1), dtype: uint16
Data:[[54]
 [54]
 [55]
 [49]
 [46]
 [56]
 [52]
 [54]
 [52]
 [55]
 [51]
 [45]
 [48]
 [32]
 [54]
 [54]
 [55]
 [49]
 [46]
 [56]
 [53]
 [48]
 [54]
 [50]
 [52]
 [45]
 [49]] 
------------------------ Dataset: xty ------------------------
shape: (33, 1), dtype: uint16
Data:[[54]
 [54]
 [56]
 [55]
 [46]
 [55]
 [53]
 [56]
 [49]
 [49]
 [54]
 [45]
 [48]
 [32]
 [54]
 [54]
 [56]
 [55]
 [46]
 [55]
 [53]
 [52]
 [49]
 [53]
 [54]
 [57]
 [57]
 [57]
 [57]
 [57]
 [57]
 [45]
 [49]] 
------------------------ Dataset: xtz ------------------------
shape: (33, 1), dtype: uint16
Data:[[53]
 [57]
 [48]
 [53]
 [46]
 [54]
 [54]
 [53]
 [49]
 [49]
 [56]
 [45]
 [48]
 [32]
 [53]
 [57]
 [48]
 [53]
 [46]
 [54]
 [54]
 [56]
 [51]
 [54]
 [49]
 [57]
 [57]
 [57]
 [57]
 [57]
 [57]
 [45]
 [49]] 
------------------------ Dataset: xu ------------------------
