shape: (1, 6), dtype: uint32
Data:[[3707764736          2          1          1       1597          1]] 
------------------------ Dataset: zAb ------------------------
shape: (33, 1), dtype: uint16
Data:[[54]
 [55]
 [55]
 [49]
 [46]
 [50]
 [53]
 [52]
 [49]
 [53]
 [49]
 [45]
 [48]
 [32]
 [54]
 [55]
 [55]
 [49]
 [46]
 [50]
 [53]
 [52]
 [54]
 [56]
 [56]
 [57]
 [57]
 [57]
 [57]
 [57]
 [57]
 [45]
 [49]] 
------------------------ Dataset: zAc ------------------------
shape: (39, 1), dtype: uint16
Data:[[54]
 [50]
 [56]
 [52]
 [46]
 [48]
 [50]
 [57]
 [56]
 [54]
 [57]
 [57]
 [57]
 [57]
 [57]
 [57]
 [57]
 [45]
 [48]
 [32]
 [54]
 [50]
 [56]
 [52]
 [46]
 [48]
 [50]
 [53]
 [57]
 [57]
 [53]
 [57]
 [57]
 [57]
 [57]
 [57]
 [57]
 [45]
 [49]] 
------------------------ Dataset: zAd ------------------------
shape: (27, 1), dtype: uint16
Data:[[54]
 [50]
 [57]
 [57]
 [46]
 [55]
 [57]
 [55]
 [57]
 [54]
 [51]
 [45]
 [48]
 [32]
 [54]
 [50]
 [57]
 [57]
 [46]
 [55]
 [57]
 [52]
 [48]
 [51]
 [51]
 [45]
 [49]] 
------------------------ Dataset: zAe ------------------------
shape: (39, 1), dtype: uint16
Data:[[54]
 [51]
 [49]
 [53]
 [46]
 [54]
 [55]
 [49]
 [48]
 [57]
 [56]
 [57]
 [57]
 [57]
 [57]
 [57]
 [57]
 [45]
 [48]
 [32]
 [54]
 [51]
 [49]
 [53]
 [46]
 [54]
 [55]
 [52]
 [48]
 [56]
 [54]
 [57]
 [57]
 [57]
 [57]
 [57]
 [57]
 [45]
 [49]] 
------------------------ Dataset: zAf ------------------------
shape: (26, 1), dtype: uint16
Data:[[54]
 [51]
 [51]
 [49]
 [46]
 [52]
 [57]
 [53]
 [49]
 [53]
 [53]
 [45]
 [48]
 [32]
 [54]
 [51]
 [51]
 [49]
 [46]
 [53]
 [48]
 [51]
 [49]
 [55]
 [45]
 [49]] 
------------------------ Dataset: zAg ------------------------
shape: (27, 1), dtype: uint16
Data:[[54]
 [52]
 [57]
 [54]
 [46]
 [54]
 [54]
 [54]
 [53]
 [55]
 [57]
 [45]
 [48]
 [32]
 [54]
 [52]
 [57]
 [54]
 [46]
 [54]
 [54]
 [48]
 [57]
 [57]
 [54]
 [45]
 [49]] 
------------------------ Dataset: zAh ------------------------
shape: (27, 1), dtype: uint16
Data:[[54]
 [53]
 [49]
 [50]
 [46]
 [52]
 [49]
 [56]
 [49]
 [51]
 [51]
 [45]
 [48]
 [32]
 [54]
 [53]
 [49]
 [50]
 [46]
 [52]
 [49]
 [52]
 [49]
 [50]
 [57]
 [45]
 [49]] 
------------------------ Dataset: zAi ------------------------
shape: (33, 1), dtype: uint16
Data:[[54]
 [53]
 [50]
 [56]
 [46]
 [50]
 [52]
 [57]
 [57]
 [49]
 [49]
 [45]
 [48]
 [32]
 [54]
 [53]
 [50]
 [56]
 [46]
 [50]
 [52]
 [54]
 [49]
 [57]
 [51]
 [57]
 [57]
 [57]
 [57]
 [57]
 [57]
 [45]
 [49]] 
------------------------ Dataset: zAj ------------------------
shape: (26, 1), dtype: uint16
Data:[[54]
 [48]
 [50]
 [51]
 [46]
 [56]
 [50]
 [57]
 [55]
 [50]
 [45]
 [48]
 [32]
 [54]
 [48]
 [50]
 [51]
 [46]
 [56]
 [51]
 [51]
 [55]
 [52]
 [55]
 [45]
 [49]] 
------------------------ Dataset: zAk ------------------------
shape: (27, 1), dtype: uint16
Data:[[54]
 [48]
 [51]
 [57]
 [46]
 [53]
 [56]
 [53]
 [55]
 [56]
 [54]
 [45]
 [48]
 [32]
 [54]
 [48]
 [51]
 [57]
 [46]
 [53]
 [56]
 [49]
 [56]
 [49]
 [49]
 [45]
 [49]] 
------------------------ Dataset: zAl ------------------------
shape: (27, 1), dtype: uint16
Data:[[54]
 [48]
 [53]
 [53]
 [46]
 [50]
 [53]
 [48]
 [49]
 [48]
 [49]
 [45]
 [48]
 [32]
 [54]
 [48]
 [53]
 [53]
 [46]
 [50]
 [52]
 [57]
 [55]
 [56]
 [53]
 [45]
 [49]] 
------------------------ Dataset: zAm ------------------------
shape: (33, 1), dtype: uint16
Data:[[54]
 [48]
 [55]
 [49]
 [46]
 [49]
 [56]
 [53]
 [55]
 [48]
 [56]
 [57]
 [57]
 [57]
 [57]
 [57]
 [57]
 [45]
 [48]
 [32]
 [54]
 [48]
 [55]
 [49]
 [46]
 [49]
 [56]
 [49]
 [55]
 [55]
 [55]
 [45]
 [49]] 
------------------------ Dataset: zAn ------------------------
shape: (33, 1), dtype: uint16
Data:[[53]
 [54]
 [51]
 [50]
 [46]
 [48]
 [53]
 [55]
 [56]
 [53]
 [50]
 [45]
 [48]
 [32]
 [53]
 [54]
 [51]
 [50]
 [46]
 [48]
 [52]
 [57]
 [55]
 [52]
 [49]
 [57]
 [57]
 [57]
 [57]
 [57]
 [57]
 [45]
 [49]] 
------------------------ Dataset: zAo ------------------------
shape: (39, 1), dtype: uint16
Data:[[53]
 [54]
 [52]
 [55]
 [46]
 [55]
 [52]
 [53]
 [54]
 [52]
 [53]
 [57]
 [57]
 [57]
 [57]
 [57]
 [57]
 [45]
 [48]
 [32]
 [53]
 [54]
 [52]
 [55]
 [46]
 [55]
 [52]
 [49]
 [54]
 [49]
 [56]
 [57]
 [57]
 [57]
 [57]
 [57]
 [57]
 [45]
 [49]] 
------------------------ Dataset: zAp ------------------------
shape: (32, 1), dtype: uint16
Data:[[53]
 [54]
 [54]
 [51]
 [46]
 [52]
 [55]
 [52]
 [51]
 [55]
 [56]
 [57]
 [57]
 [57]
 [57]
 [57]
 [57]
 [45]
 [48]
 [32]
 [53]
 [54]
 [54]
 [51]
 [46]
 [52]
 [55]
 [56]
 [50]
 [51]
 [45]
 [49]] 
------------------------ Dataset: zAq ------------------------
shape: (33, 1), dtype: uint16
Data:[[53]
 [54]
 [55]
 [57]
 [46]
 [50]
 [50]
 [49]
 [53]
 [56]
 [55]
 [45]
 [48]
 [32]
 [53]
 [54]
 [55]
 [57]
 [46]
 [50]
 [50]
 [49]
 [54]
 [48]
 [56]
 [57]
 [57]
 [57]
 [57]
 [57]
 [57]
 [45]
 [49]] 
------------------------ Dataset: zAr ------------------------
shape: (27, 1), dtype: uint16
Data:[[53]
 [56]
 [48]
 [53]
 [46]
 [53]
 [51]
 [48]
 [56]
 [54]
 [56]
 [45]
 [48]
 [32]
 [53]
 [56]
 [48]
 [53]
 [46]
 [53]
 [50]
 [57]
 [56]
 [52]
 [53]
 [45]
 [49]] 
------------------------ Dataset: zAs ------------------------
shape: (32, 1), dtype: uint16
Data:[[54]
 [52]
 [49]
 [56]
 [46]
 [50]
 [56]
 [50]
 [54]
 [55]
 [45]
 [48]
 [32]
 [54]
 [52]
 [49]
 [56]
 [46]
 [50]
 [55]
 [51]
 [57]
 [54]
 [57]
 [57]
 [57]
 [57]
 [57]
 [57]
 [57]
 [45]
 [49]] 
------------------------ Dataset: zAt ------------------------
shape: (27, 1), dtype: uint16
Data:[[54]
 [54]
 [49]
 [48]
 [46]
 [51]
 [54]
 [54]
 [49]
 [54]
 [54]
 [45]
 [48]
 [32]
 [54]
 [54]
 [49]
 [48]
 [46]
 [51]
 [55]
 [52]
 [48]
 [53]
 [49]
 [45]
 [49]] 
------------------------ Dataset: zAu ------------------------
shape: (27, 1), dtype: uint16
Data:[[54]
 [54]
 [50]
 [54]
 [46]
 [51]
 [49]
 [52]
 [48]
 [57]
 [54]
 [45]
 [48]
 [32]
 [54]
 [54]
 [50]
 [54]
 [46]
 [51]
 [48]
 [50]
 [48]
 [52]
 [51]
 [45]
 [49]] 
------------------------ Dataset: zAv ------------------------
shape: (33, 1), dtype: uint16
Data:[[54]
 [54]
 [52]
 [50]
 [46]
 [48]
 [56]
 [54]
 [50]
 [54]
 [55]
 [45]
 [48]
 [32]
 [54]
 [54]
 [52]
 [50]
 [46]
 [48]
 [56]
 [50]
 [53]
 [54]
 [56]
 [57]
 [57]
 [57]
 [57]
 [57]
 [57]
 [45]
 [49]] 
------------------------ Dataset: zAw ------------------------
shape: (40, 1), dtype: uint16
Data:[[54]
 [54]
 [53]
 [55]
 [46]
 [55]
 [55]
 [52]
 [50]
 [52]
 [57]
 [57]
 [57]
 [57]
 [57]
 [57]
 [57]
 [53]
 [45]
 [48]
 [32]
 [54]
 [54]
 [53]
 [55]
 [46]
 [55]
 [55]
 [49]
 [49]
 [51]
 [53]
 [57]
 [57]
 [57]
 [57]
 [57]
 [57]
 [45]
 [49]] 
------------------------ Dataset: zAx ------------------------
shape: (27, 1), dtype: uint16
Data:[[54]
 [54]
 [55]
 [51]
 [46]
 [54]
 [55]
 [51]
 [55]
 [50]
 [54]
 [45]
 [48]
 [32]
 [54]
 [54]
 [55]
 [51]
 [46]
 [54]
 [54]
 [54]
 [56]
 [49]
 [54]
 [45]
 [49]] 
------------------------ Dataset: zAy ------------------------
shape: (27, 1), dtype: uint16
Data:[[54]
 [54]
 [56]
 [57]
 [46]
 [53]
 [56]
 [51]
 [51]
 [52]
 [52]
 [45]
 [48]
 [32]
 [54]
 [54]
 [56]
 [57]
 [46]
 [53]
 [56]
 [54]
 [51]
 [56]
 [51]
 [45]
 [49]] 
------------------------ Dataset: zAz ------------------------
shape: (33, 1), dtype: uint16
Data:[[53]
 [57]
 [48]
 [55]
 [46]
 [52]
 [55]
 [51]
 [55]
 [55]
 [57]
 [45]
 [48]
 [32]
 [53]
 [57]
 [48]
 [55]
 [46]
 [52]
 [54]
 [57]
 [55]
 [48]
 [49]
 [57]
 [57]
 [57]
 [57]
 [57]
 [57]
 [45]
 [49]] 
------------------------ Dataset: zB ------------------------
