shape: (1, 6), dtype: uint32
Data:[[3707764736          2          1          1       1610          1]] 
------------------------ Dataset: NAb ------------------------
shape: (33, 1), dtype: uint16
Data:[[54]
 [55]
 [55]
 [49]
 [46]
 [51]
 [48]
 [54]
 [49]
 [55]
 [56]
 [57]
 [57]
 [57]
 [57]
 [57]
 [57]
 [45]
 [48]
 [32]
 [54]
 [55]
 [55]
 [49]
 [46]
 [51]
 [49]
 [48]
 [49]
 [54]
 [51]
 [45]
 [49]] 
------------------------ Dataset: NAc ------------------------
shape: (33, 1), dtype: uint16
Data:[[54]
 [50]
 [56]
 [52]
 [46]
 [48]
 [56]
 [53]
 [55]
 [56]
 [52]
 [57]
 [57]
 [57]
 [57]
 [57]
 [57]
 [45]
 [48]
 [32]
 [54]
 [50]
 [56]
 [52]
 [46]
 [48]
 [56]
 [53]
 [56]
 [49]
 [56]
 [45]
 [49]] 
------------------------ Dataset: NAd ------------------------
shape: (27, 1), dtype: uint16
Data:[[54]
 [50]
 [57]
 [57]
 [46]
 [56]
 [53]
 [51]
 [57]
 [54]
 [57]
 [45]
 [48]
 [32]
 [54]
 [50]
 [57]
 [57]
 [46]
 [56]
 [52]
 [57]
 [57]
 [57]
 [51]
 [45]
 [49]] 
------------------------ Dataset: NAe ------------------------
shape: (27, 1), dtype: uint16
Data:[[54]
 [51]
 [49]
 [53]
 [46]
 [55]
 [50]
 [54]
 [48]
 [55]
 [57]
 [45]
 [48]
 [32]
 [54]
 [51]
 [49]
 [53]
 [46]
 [55]
 [50]
 [57]
 [57]
 [52]
 [53]
 [45]
 [49]] 
------------------------ Dataset: NAf ------------------------
shape: (27, 1), dtype: uint16
Data:[[54]
 [51]
 [51]
 [49]
 [46]
 [53]
 [53]
 [55]
 [56]
 [53]
 [49]
 [45]
 [48]
 [32]
 [54]
 [51]
 [51]
 [49]
 [46]
 [53]
 [54]
 [51]
 [52]
 [56]
 [57]
 [45]
 [49]] 
------------------------ Dataset: NAg ------------------------
shape: (39, 1), dtype: uint16
Data:[[54]
 [52]
 [57]
 [54]
 [46]
 [55]
 [49]
 [52]
 [55]
 [55]
 [57]
 [57]
 [57]
 [57]
 [57]
 [57]
 [57]
 [45]
 [48]
 [32]
 [54]
 [52]
 [57]
 [54]
 [46]
 [55]
 [49]
 [56]
 [50]
 [51]
 [52]
 [57]
 [57]
 [57]
 [57]
 [57]
 [57]
 [45]
 [49]] 
------------------------ Dataset: NAh ------------------------
shape: (27, 1), dtype: uint16
Data:[[54]
 [53]
 [49]
 [50]
 [46]
 [52]
 [55]
 [52]
 [56]
 [57]
 [49]
 [45]
 [48]
 [32]
 [54]
 [53]
 [49]
 [50]
 [46]
 [52]
 [55]
 [49]
 [50]
 [54]
 [49]
 [45]
 [49]] 
------------------------ Dataset: NAi ------------------------
shape: (32, 1), dtype: uint16
Data:[[54]
 [53]
 [50]
 [56]
 [46]
 [51]
 [48]
 [56]
 [56]
 [54]
 [50]
 [57]
 [57]
 [57]
 [57]
 [57]
 [57]
 [45]
 [48]
 [32]
 [54]
 [53]
 [50]
 [56]
 [46]
 [51]
 [48]
 [51]
 [55]
 [54]
 [45]
 [49]] 
------------------------ Dataset: NAj ------------------------
shape: (39, 1), dtype: uint16
Data:[[54]
 [48]
 [50]
 [51]
 [46]
 [56]
 [57]
 [49]
 [49]
 [48]
 [51]
 [57]
 [57]
 [57]
 [57]
 [57]
 [57]
 [45]
 [48]
 [32]
 [54]
 [48]
 [50]
 [51]
 [46]
 [56]
 [57]
 [52]
 [53]
 [54]
 [54]
 [57]
 [57]
 [57]
 [57]
 [57]
 [57]
 [45]
 [49]] 
------------------------ Dataset: NAk ------------------------
shape: (27, 1), dtype: uint16
Data:[[54]
 [48]
 [51]
 [57]
 [46]
 [54]
 [52]
 [49]
 [56]
 [48]
 [54]
 [45]
 [48]
 [32]
 [54]
 [48]
 [51]
 [57]
 [46]
 [54]
 [52]
 [49]
 [56]
 [49]
 [50]
 [45]
 [49]] 
------------------------ Dataset: NAl ------------------------
shape: (27, 1), dtype: uint16
Data:[[54]
 [48]
 [53]
 [53]
 [46]
 [51]
 [48]
 [54]
 [52]
 [51]
 [49]
 [45]
 [48]
 [32]
 [54]
 [48]
 [53]
 [53]
 [46]
 [51]
 [48]
 [50]
 [55]
 [54]
 [57]
 [45]
 [49]] 
------------------------ Dataset: NAm ------------------------
shape: (39, 1), dtype: uint16
Data:[[54]
 [48]
 [55]
 [49]
 [46]
 [50]
 [52]
 [49]
 [55]
 [55]
 [57]
 [57]
 [57]
 [57]
 [57]
 [57]
 [57]
 [45]
 [48]
 [32]
 [54]
 [48]
 [55]
 [49]
 [46]
 [50]
 [51]
 [55]
 [55]
 [57]
 [53]
 [57]
 [57]
 [57]
 [57]
 [57]
 [57]
 [45]
 [49]] 
------------------------ Dataset: NAn ------------------------
shape: (33, 1), dtype: uint16
Data:[[53]
 [54]
 [51]
 [50]
 [46]
 [49]
 [48]
 [57]
 [55]
 [48]
 [48]
 [57]
 [57]
 [57]
 [57]
 [57]
 [57]
 [45]
 [48]
 [32]
 [53]
 [54]
 [51]
 [50]
 [46]
 [49]
 [49]
 [51]
 [54]
 [53]
 [50]
 [45]
 [49]] 
------------------------ Dataset: NAo ------------------------
shape: (34, 1), dtype: uint16
Data:[[53]
 [54]
 [52]
 [55]
 [46]
 [56]
 [48]
 [49]
 [54]
 [49]
 [51]
 [45]
 [48]
 [32]
 [53]
 [54]
 [52]
 [55]
 [46]
 [55]
 [57]
 [55]
 [53]
 [55]
 [57]
 [57]
 [57]
 [57]
 [57]
 [57]
 [57]
 [53]
 [45]
 [49]] 
------------------------ Dataset: NAp ------------------------
shape: (27, 1), dtype: uint16
Data:[[53]
 [54]
 [54]
 [51]
 [46]
 [53]
 [50]
 [57]
 [54]
 [51]
 [53]
 [45]
 [48]
 [32]
 [53]
 [54]
 [54]
 [51]
 [46]
 [53]
 [51]
 [51]
 [53]
 [57]
 [51]
 [45]
 [49]] 
------------------------ Dataset: NAq ------------------------
shape: (41, 1), dtype: uint16
Data:[[53]
 [54]
 [55]
 [57]
 [46]
 [50]
 [56]
 [49]
 [54]
 [52]
 [53]
 [57]
 [57]
 [57]
 [57]
 [57]
 [57]
 [53]
 [45]
 [48]
 [32]
 [53]
 [54]
 [55]
 [57]
 [46]
 [50]
 [55]
 [55]
 [54]
 [49]
 [56]
 [57]
 [57]
 [57]
 [57]
 [57]
 [57]
 [53]
 [45]
 [49]] 
------------------------ Dataset: NAr ------------------------
shape: (27, 1), dtype: uint16
Data:[[53]
 [56]
 [48]
 [53]
 [46]
 [53]
 [56]
 [56]
 [53]
 [53]
 [51]
 [45]
 [48]
 [32]
 [53]
 [56]
 [48]
 [53]
 [46]
 [53]
 [56]
 [51]
 [53]
 [54]
 [50]
 [45]
 [49]] 
------------------------ Dataset: NAs ------------------------
shape: (33, 1), dtype: uint16
Data:[[54]
 [52]
 [49]
 [56]
 [46]
 [51]
 [51]
 [51]
 [57]
 [51]
 [54]
 [45]
 [48]
 [32]
 [54]
 [52]
 [49]
 [56]
 [46]
 [51]
 [51]
 [56]
 [48]
 [57]
 [55]
 [57]
 [57]
 [57]
 [57]
 [57]
 [57]
 [45]
 [49]] 
------------------------ Dataset: NAt ------------------------
shape: (34, 1), dtype: uint16
Data:[[54]
 [54]
 [49]
 [48]
 [46]
 [52]
 [50]
 [54]
 [48]
 [55]
 [55]
 [57]
 [57]
 [57]
 [57]
 [57]
 [57]
 [53]
 [45]
 [48]
 [32]
 [54]
 [54]
 [49]
 [48]
 [46]
 [52]
 [51]
 [48]
 [50]
 [48]
 [49]
 [45]
 [49]] 
------------------------ Dataset: NAu ------------------------
shape: (33, 1), dtype: uint16
Data:[[54]
 [54]
 [50]
 [54]
 [46]
 [51]
 [54]
 [50]
 [48]
 [51]
 [55]
 [57]
 [57]
 [57]
 [57]
 [57]
 [57]
 [45]
 [48]
 [32]
 [54]
 [54]
 [50]
 [54]
 [46]
 [51]
 [54]
 [54]
 [49]
 [50]
 [56]
 [45]
 [49]] 
------------------------ Dataset: NAv ------------------------
shape: (25, 1), dtype: uint16
Data:[[54]
 [54]
 [52]
 [50]
 [46]
 [49]
 [52]
 [50]
 [49]
 [55]
 [45]
 [48]
 [32]
 [54]
 [54]
 [52]
 [50]
 [46]
 [49]
 [51]
 [56]
 [50]
 [56]
 [45]
 [49]] 
------------------------ Dataset: NAw ------------------------
shape: (39, 1), dtype: uint16
Data:[[54]
 [54]
 [53]
 [55]
 [46]
 [56]
 [51]
 [57]
 [52]
 [53]
 [57]
 [57]
 [57]
 [57]
 [57]
 [57]
 [57]
 [45]
 [48]
 [32]
 [54]
 [54]
 [53]
 [55]
 [46]
 [56]
 [52]
 [50]
 [52]
 [57]
 [48]
 [57]
 [57]
 [57]
 [57]
 [57]
 [57]
 [45]
 [49]] 
------------------------ Dataset: NAx ------------------------
shape: (27, 1), dtype: uint16
Data:[[54]
 [54]
 [55]
 [51]
 [46]
 [55]
 [50]
 [54]
 [48]
 [53]
 [50]
 [45]
 [48]
 [32]
 [54]
 [54]
 [55]
 [51]
 [46]
 [55]
 [50]
 [50]
 [49]
 [55]
 [51]
 [45]
 [49]] 
------------------------ Dataset: NAy ------------------------
shape: (33, 1), dtype: uint16
Data:[[54]
 [54]
 [56]
 [57]
 [46]
 [54]
 [51]
 [56]
 [48]
 [54]
 [55]
 [57]
 [57]
 [57]
 [57]
 [57]
 [57]
 [45]
 [48]
 [32]
 [54]
 [54]
 [56]
 [57]
 [46]
 [54]
 [52]
 [50]
 [54]
 [50]
 [52]
 [45]
 [49]] 
------------------------ Dataset: NAz ------------------------
shape: (34, 1), dtype: uint16
Data:[[53]
 [57]
 [48]
 [55]
 [46]
 [53]
 [51]
 [48]
 [57]
 [50]
 [49]
 [45]
 [48]
 [32]
 [53]
 [57]
 [48]
 [55]
 [46]
 [53]
 [50]
 [55]
 [49]
 [51]
 [55]
 [57]
 [57]
 [57]
 [57]
 [57]
 [57]
 [53]
 [45]
 [49]] 
------------------------ Dataset: NB ------------------------
