shape: (1, 6), dtype: uint32
Data:[[3707764736          2          1          1       1865          1]] 
------------------------ Dataset: 1Eb ------------------------
shape: (27, 1), dtype: uint16
Data:[[54]
 [55]
 [55]
 [50]
 [46]
 [51]
 [55]
 [52]
 [54]
 [54]
 [55]
 [45]
 [48]
 [32]
 [54]
 [55]
 [55]
 [50]
 [46]
 [51]
 [54]
 [55]
 [57]
 [50]
 [53]
 [45]
 [49]] 
------------------------ Dataset: 1Ec ------------------------
shape: (27, 1), dtype: uint16
Data:[[54]
 [50]
 [56]
 [53]
 [46]
 [49]
 [53]
 [52]
 [52]
 [57]
 [51]
 [45]
 [48]
 [32]
 [54]
 [50]
 [56]
 [53]
 [46]
 [49]
 [53]
 [48]
 [55]
 [57]
 [57]
 [45]
 [49]] 
------------------------ Dataset: 1Ed ------------------------
shape: (33, 1), dtype: uint16
Data:[[54]
 [51]
 [48]
 [48]
 [46]
 [57]
 [51]
 [52]
 [49]
 [57]
 [53]
 [57]
 [57]
 [57]
 [57]
 [57]
 [57]
 [45]
 [48]
 [32]
 [54]
 [51]
 [48]
 [48]
 [46]
 [57]
 [51]
 [52]
 [50]
 [48]
 [49]
 [45]
 [49]] 
------------------------ Dataset: 1Ee ------------------------
shape: (39, 1), dtype: uint16
Data:[[54]
 [51]
 [49]
 [54]
 [46]
 [55]
 [57]
 [56]
 [49]
 [55]
 [56]
 [57]
 [57]
 [57]
 [57]
 [57]
 [57]
 [45]
 [48]
 [32]
 [54]
 [51]
 [49]
 [54]
 [46]
 [55]
 [57]
 [55]
 [49]
 [56]
 [49]
 [57]
 [57]
 [57]
 [57]
 [57]
 [57]
 [45]
 [49]] 
------------------------ Dataset: 1Ef ------------------------
shape: (27, 1), dtype: uint16
Data:[[54]
 [51]
 [51]
 [50]
 [46]
 [54]
 [50]
 [57]
 [56]
 [56]
 [49]
 [45]
 [48]
 [32]
 [54]
 [51]
 [51]
 [50]
 [46]
 [54]
 [50]
 [53]
 [57]
 [54]
 [57]
 [45]
 [49]] 
------------------------ Dataset: 1Eg ------------------------
shape: (33, 1), dtype: uint16
Data:[[54]
 [52]
 [57]
 [55]
 [46]
 [55]
 [56]
 [50]
 [50]
 [53]
 [49]
 [45]
 [48]
 [32]
 [54]
 [52]
 [57]
 [55]
 [46]
 [55]
 [55]
 [56]
 [51]
 [57]
 [49]
 [57]
 [57]
 [57]
 [57]
 [57]
 [57]
 [45]
 [49]] 
------------------------ Dataset: 1Eh ------------------------
shape: (33, 1), dtype: uint16
Data:[[54]
 [53]
 [49]
 [51]
 [46]
 [53]
 [55]
 [56]
 [51]
 [48]
 [50]
 [45]
 [48]
 [32]
 [54]
 [53]
 [49]
 [51]
 [46]
 [53]
 [56]
 [50]
 [51]
 [51]
 [50]
 [57]
 [57]
 [57]
 [57]
 [57]
 [57]
 [45]
 [49]] 
------------------------ Dataset: 1Ei ------------------------
shape: (33, 1), dtype: uint16
Data:[[54]
 [53]
 [50]
 [57]
 [46]
 [51]
 [57]
 [52]
 [48]
 [53]
 [51]
 [57]
 [57]
 [57]
 [57]
 [57]
 [57]
 [45]
 [48]
 [32]
 [54]
 [53]
 [50]
 [57]
 [46]
 [51]
 [57]
 [48]
 [48]
 [56]
 [52]
 [45]
 [49]] 
------------------------ Dataset: 1Ej ------------------------
shape: (40, 1), dtype: uint16
Data:[[54]
 [48]
 [50]
 [52]
 [46]
 [57]
 [53]
 [57]
 [57]
 [49]
 [52]
 [57]
 [57]
 [57]
 [57]
 [57]
 [57]
 [53]
 [45]
 [48]
 [32]
 [54]
 [48]
 [50]
 [52]
 [46]
 [57]
 [53]
 [57]
 [57]
 [55]
 [56]
 [57]
 [57]
 [57]
 [57]
 [57]
 [57]
 [45]
 [49]] 
------------------------ Dataset: 1Ek ------------------------
shape: (26, 1), dtype: uint16
Data:[[54]
 [48]
 [52]
 [48]
 [46]
 [54]
 [57]
 [52]
 [52]
 [57]
 [45]
 [48]
 [32]
 [54]
 [48]
 [52]
 [48]
 [46]
 [54]
 [57]
 [55]
 [57]
 [52]
 [56]
 [45]
 [49]] 
------------------------ Dataset: 1El ------------------------
shape: (26, 1), dtype: uint16
Data:[[54]
 [48]
 [53]
 [54]
 [46]
 [52]
 [48]
 [49]
 [55]
 [56]
 [53]
 [45]
 [48]
 [32]
 [54]
 [48]
 [53]
 [54]
 [46]
 [51]
 [57]
 [56]
 [48]
 [56]
 [45]
 [49]] 
------------------------ Dataset: 1Em ------------------------
shape: (33, 1), dtype: uint16
Data:[[54]
 [48]
 [55]
 [50]
 [46]
 [50]
 [57]
 [56]
 [48]
 [57]
 [50]
 [57]
 [57]
 [57]
 [57]
 [57]
 [57]
 [45]
 [48]
 [32]
 [54]
 [48]
 [55]
 [50]
 [46]
 [51]
 [48]
 [49]
 [55]
 [56]
 [57]
 [45]
 [49]] 
------------------------ Dataset: 1En ------------------------
shape: (34, 1), dtype: uint16
Data:[[53]
 [54]
 [51]
 [51]
 [46]
 [49]
 [56]
 [50]
 [54]
 [53]
 [57]
 [57]
 [57]
 [57]
 [57]
 [57]
 [57]
 [53]
 [45]
 [48]
 [32]
 [53]
 [54]
 [51]
 [51]
 [46]
 [49]
 [56]
 [53]
 [56]
 [55]
 [49]
 [45]
 [49]] 
------------------------ Dataset: 1Eo ------------------------
shape: (27, 1), dtype: uint16
Data:[[53]
 [54]
 [52]
 [56]
 [46]
 [56]
 [54]
 [52]
 [49]
 [49]
 [57]
 [45]
 [48]
 [32]
 [53]
 [54]
 [52]
 [56]
 [46]
 [56]
 [54]
 [48]
 [55]
 [56]
 [56]
 [45]
 [49]] 
------------------------ Dataset: 1Ep ------------------------
shape: (33, 1), dtype: uint16
Data:[[53]
 [54]
 [54]
 [52]
 [46]
 [53]
 [57]
 [51]
 [57]
 [49]
 [49]
 [57]
 [57]
 [57]
 [57]
 [57]
 [57]
 [45]
 [48]
 [32]
 [53]
 [54]
 [54]
 [52]
 [46]
 [53]
 [57]
 [55]
 [54]
 [51]
 [57]
 [45]
 [49]] 
------------------------ Dataset: 1Eq ------------------------
shape: (27, 1), dtype: uint16
Data:[[53]
 [54]
 [56]
 [48]
 [46]
 [51]
 [51]
 [56]
 [49]
 [52]
 [50]
 [45]
 [48]
 [32]
 [53]
 [54]
 [56]
 [48]
 [46]
 [51]
 [52]
 [50]
 [48]
 [54]
 [56]
 [45]
 [49]] 
------------------------ Dataset: 1Er ------------------------
shape: (40, 1), dtype: uint16
Data:[[53]
 [56]
 [48]
 [54]
 [46]
 [54]
 [51]
 [56]
 [52]
 [49]
 [49]
 [57]
 [57]
 [57]
 [57]
 [57]
 [57]
 [45]
 [48]
 [32]
 [53]
 [56]
 [48]
 [54]
 [46]
 [54]
 [52]
 [48]
 [54]
 [51]
 [54]
 [57]
 [57]
 [57]
 [57]
 [57]
 [57]
 [53]
 [45]
 [49]] 
------------------------ Dataset: 1Es ------------------------
shape: (33, 1), dtype: uint16
Data:[[54]
 [52]
 [49]
 [57]
 [46]
 [52]
 [50]
 [50]
 [49]
 [53]
 [54]
 [45]
 [48]
 [32]
 [54]
 [52]
 [49]
 [57]
 [46]
 [52]
 [50]
 [54]
 [48]
 [50]
 [56]
 [57]
 [57]
 [57]
 [57]
 [57]
 [57]
 [45]
 [49]] 
------------------------ Dataset: 1Et ------------------------
shape: (26, 1), dtype: uint16
Data:[[54]
 [54]
 [49]
 [49]
 [46]
 [53]
 [49]
 [52]
 [50]
 [56]
 [50]
 [45]
 [48]
 [32]
 [54]
 [54]
 [49]
 [49]
 [46]
 [53]
 [49]
 [56]
 [51]
 [52]
 [45]
 [49]] 
------------------------ Dataset: 1Eu ------------------------
shape: (27, 1), dtype: uint16
Data:[[54]
 [54]
 [50]
 [55]
 [46]
 [52]
 [51]
 [53]
 [54]
 [53]
 [57]
 [45]
 [48]
 [32]
 [54]
 [54]
 [50]
 [55]
 [46]
 [52]
 [52]
 [48]
 [56]
 [55]
 [52]
 [45]
 [49]] 
------------------------ Dataset: 1Ev ------------------------
shape: (33, 1), dtype: uint16
Data:[[54]
 [54]
 [52]
 [51]
 [46]
 [49]
 [57]
 [52]
 [48]
 [57]
 [56]
 [45]
 [48]
 [32]
 [54]
 [54]
 [52]
 [51]
 [46]
 [49]
 [57]
 [56]
 [49]
 [49]
 [55]
 [57]
 [57]
 [57]
 [57]
 [57]
 [57]
 [45]
 [49]] 
------------------------ Dataset: 1Ew ------------------------
shape: (27, 1), dtype: uint16
Data:[[54]
 [54]
 [53]
 [56]
 [46]
 [57]
 [51]
 [55]
 [50]
 [51]
 [52]
 [45]
 [48]
 [32]
 [54]
 [54]
 [53]
 [56]
 [46]
 [57]
 [51]
 [57]
 [57]
 [52]
 [50]
 [45]
 [49]] 
------------------------ Dataset: 1Ex ------------------------
shape: (27, 1), dtype: uint16
Data:[[54]
 [54]
 [55]
 [52]
 [46]
 [55]
 [57]
 [49]
 [49]
 [56]
 [52]
 [45]
 [48]
 [32]
 [54]
 [54]
 [55]
 [52]
 [46]
 [55]
 [56]
 [54]
 [50]
 [48]
 [57]
 [45]
 [49]] 
------------------------ Dataset: 1Ey ------------------------
shape: (33, 1), dtype: uint16
Data:[[54]
 [54]
 [57]
 [48]
 [46]
 [55]
 [49]
 [56]
 [48]
 [52]
 [51]
 [45]
 [48]
 [32]
 [54]
 [54]
 [57]
 [48]
 [46]
 [55]
 [49]
 [52]
 [49]
 [53]
 [54]
 [57]
 [57]
 [57]
 [57]
 [57]
 [57]
 [45]
 [49]] 
------------------------ Dataset: 1Ez ------------------------
shape: (33, 1), dtype: uint16
Data:[[53]
 [57]
 [48]
 [56]
 [46]
 [53]
 [57]
 [51]
 [54]
 [57]
 [56]
 [45]
 [48]
 [32]
 [53]
 [57]
 [48]
 [56]
 [46]
 [53]
 [57]
 [55]
 [55]
 [50]
 [51]
 [57]
 [57]
 [57]
 [57]
 [57]
 [57]
 [45]
 [49]] 
------------------------ Dataset: 1F ------------------------
