shape: (1, 6), dtype: uint32
Data:[[3707764736          2          1          1        847          1]] 
------------------------ Dataset: bob ------------------------
shape: (33, 1), dtype: uint16
Data:[[54]
 [55]
 [54]
 [56]
 [46]
 [48]
 [57]
 [52]
 [51]
 [52]
 [57]
 [57]
 [57]
 [57]
 [57]
 [57]
 [57]
 [45]
 [48]
 [32]
 [54]
 [55]
 [54]
 [56]
 [46]
 [48]
 [57]
 [56]
 [49]
 [56]
 [55]
 [45]
 [49]] 
------------------------ Dataset: boc ------------------------
shape: (33, 1), dtype: uint16
Data:[[54]
 [50]
 [56]
 [48]
 [46]
 [56]
 [54]
 [57]
 [50]
 [54]
 [51]
 [45]
 [48]
 [32]
 [54]
 [50]
 [56]
 [48]
 [46]
 [56]
 [55]
 [52]
 [53]
 [54]
 [50]
 [57]
 [57]
 [57]
 [57]
 [57]
 [57]
 [45]
 [49]] 
------------------------ Dataset: bod ------------------------
shape: (33, 1), dtype: uint16
Data:[[54]
 [50]
 [57]
 [54]
 [46]
 [54]
 [53]
 [48]
 [50]
 [52]
 [50]
 [45]
 [48]
 [32]
 [54]
 [50]
 [57]
 [54]
 [46]
 [54]
 [53]
 [52]
 [51]
 [48]
 [55]
 [57]
 [57]
 [57]
 [57]
 [57]
 [57]
 [45]
 [49]] 
------------------------ Dataset: boe ------------------------
shape: (33, 1), dtype: uint16
Data:[[54]
 [51]
 [49]
 [50]
 [46]
 [52]
 [56]
 [50]
 [54]
 [50]
 [51]
 [57]
 [57]
 [57]
 [57]
 [57]
 [57]
 [45]
 [48]
 [32]
 [54]
 [51]
 [49]
 [50]
 [46]
 [52]
 [56]
 [53]
 [57]
 [54]
 [55]
 [45]
 [49]] 
------------------------ Dataset: bof ------------------------
shape: (33, 1), dtype: uint16
Data:[[54]
 [51]
 [50]
 [56]
 [46]
 [51]
 [54]
 [49]
 [56]
 [54]
 [53]
 [45]
 [48]
 [32]
 [54]
 [51]
 [50]
 [56]
 [46]
 [51]
 [53]
 [55]
 [56]
 [56]
 [52]
 [57]
 [57]
 [57]
 [57]
 [57]
 [57]
 [45]
 [49]] 
------------------------ Dataset: bog ------------------------
shape: (19, 1), dtype: uint16
Data:[[54]
 [51]
 [52]
 [52]
 [46]
 [49]
 [56]
 [49]
 [56]
 [56]
 [53]
 [57]
 [57]
 [57]
 [57]
 [57]
 [57]
 [45]
 [49]] 
------------------------ Dataset: boh ------------------------
shape: (33, 1), dtype: uint16
Data:[[54]
 [53]
 [48]
 [57]
 [46]
 [50]
 [56]
 [48]
 [53]
 [54]
 [50]
 [57]
 [57]
 [57]
 [57]
 [57]
 [57]
 [45]
 [48]
 [32]
 [54]
 [53]
 [48]
 [57]
 [46]
 [50]
 [56]
 [50]
 [49]
 [53]
 [51]
 [45]
 [49]] 
------------------------ Dataset: boi ------------------------
shape: (40, 1), dtype: uint16
Data:[[54]
 [53]
 [50]
 [53]
 [46]
 [48]
 [56]
 [57]
 [54]
 [57]
 [57]
 [57]
 [57]
 [57]
 [57]
 [57]
 [57]
 [53]
 [45]
 [48]
 [32]
 [54]
 [53]
 [50]
 [53]
 [46]
 [48]
 [57]
 [53]
 [51]
 [55]
 [48]
 [57]
 [57]
 [57]
 [57]
 [57]
 [57]
 [45]
 [49]] 
------------------------ Dataset: boj ------------------------
shape: (33, 1), dtype: uint16
Data:[[54]
 [48]
 [50]
 [48]
 [46]
 [54]
 [56]
 [53]
 [55]
 [56]
 [56]
 [45]
 [48]
 [32]
 [54]
 [48]
 [50]
 [48]
 [46]
 [54]
 [56]
 [56]
 [51]
 [51]
 [56]
 [57]
 [57]
 [57]
 [57]
 [57]
 [57]
 [45]
 [49]] 
------------------------ Dataset: bok ------------------------
shape: (39, 1), dtype: uint16
Data:[[54]
 [48]
 [51]
 [54]
 [46]
 [52]
 [55]
 [57]
 [53]
 [54]
 [54]
 [57]
 [57]
 [57]
 [57]
 [57]
 [57]
 [45]
 [48]
 [32]
 [54]
 [48]
 [51]
 [54]
 [46]
 [52]
 [55]
 [57]
 [54]
 [55]
 [51]
 [57]
 [57]
 [57]
 [57]
 [57]
 [57]
 [45]
 [49]] 
------------------------ Dataset: bol ------------------------
shape: (26, 1), dtype: uint16
Data:[[54]
 [48]
 [53]
 [50]
 [46]
 [48]
 [56]
 [48]
 [53]
 [52]
 [45]
 [48]
 [32]
 [54]
 [48]
 [53]
 [50]
 [46]
 [48]
 [56]
 [50]
 [50]
 [56]
 [49]
 [45]
 [49]] 
------------------------ Dataset: bom ------------------------
shape: (33, 1), dtype: uint16
Data:[[54]
 [48]
 [54]
 [55]
 [46]
 [57]
 [57]
 [50]
 [57]
 [56]
 [55]
 [45]
 [48]
 [32]
 [54]
 [48]
 [54]
 [55]
 [46]
 [57]
 [56]
 [49]
 [53]
 [56]
 [49]
 [57]
 [57]
 [57]
 [57]
 [57]
 [57]
 [45]
 [49]] 
------------------------ Dataset: bon ------------------------
shape: (27, 1), dtype: uint16
Data:[[54]
 [48]
 [56]
 [51]
 [46]
 [57]
 [51]
 [51]
 [56]
 [53]
 [50]
 [45]
 [48]
 [32]
 [54]
 [48]
 [56]
 [51]
 [46]
 [57]
 [51]
 [48]
 [55]
 [49]
 [49]
 [45]
 [49]] 
------------------------ Dataset: boo ------------------------
shape: (27, 1), dtype: uint16
Data:[[53]
 [54]
 [52]
 [52]
 [46]
 [54]
 [49]
 [52]
 [51]
 [50]
 [56]
 [45]
 [48]
 [32]
 [53]
 [54]
 [52]
 [52]
 [46]
 [54]
 [48]
 [53]
 [53]
 [52]
 [54]
 [45]
 [49]] 
------------------------ Dataset: bop ------------------------
shape: (33, 1), dtype: uint16
Data:[[53]
 [54]
 [54]
 [48]
 [46]
 [51]
 [53]
 [55]
 [53]
 [49]
 [56]
 [57]
 [57]
 [57]
 [57]
 [57]
 [57]
 [45]
 [48]
 [32]
 [53]
 [54]
 [54]
 [48]
 [46]
 [51]
 [54]
 [49]
 [53]
 [54]
 [54]
 [45]
 [49]] 
------------------------ Dataset: boq ------------------------
shape: (27, 1), dtype: uint16
Data:[[53]
 [54]
 [55]
 [54]
 [46]
 [48]
 [53]
 [51]
 [57]
 [51]
 [53]
 [45]
 [48]
 [32]
 [53]
 [54]
 [55]
 [54]
 [46]
 [48]
 [53]
 [55]
 [55]
 [56]
 [55]
 [45]
 [49]] 
------------------------ Dataset: bor ------------------------
shape: (34, 1), dtype: uint16
Data:[[53]
 [54]
 [57]
 [49]
 [46]
 [56]
 [52]
 [54]
 [56]
 [57]
 [56]
 [45]
 [48]
 [32]
 [53]
 [54]
 [57]
 [49]
 [46]
 [56]
 [52]
 [54]
 [56]
 [54]
 [52]
 [57]
 [57]
 [57]
 [57]
 [57]
 [57]
 [53]
 [45]
 [49]] 
------------------------ Dataset: bos ------------------------
shape: (33, 1), dtype: uint16
Data:[[54]
 [52]
 [49]
 [53]
 [46]
 [49]
 [50]
 [50]
 [48]
 [51]
 [49]
 [57]
 [57]
 [57]
 [57]
 [57]
 [57]
 [45]
 [48]
 [32]
 [54]
 [52]
 [49]
 [53]
 [46]
 [49]
 [49]
 [56]
 [48]
 [56]
 [57]
 [45]
 [49]] 
------------------------ Dataset: bot ------------------------
shape: (34, 1), dtype: uint16
Data:[[54]
 [54]
 [48]
 [55]
 [46]
 [49]
 [56]
 [57]
 [57]
 [54]
 [49]
 [45]
 [48]
 [32]
 [54]
 [54]
 [48]
 [55]
 [46]
 [49]
 [56]
 [53]
 [57]
 [55]
 [55]
 [57]
 [57]
 [57]
 [57]
 [57]
 [57]
 [53]
 [45]
 [49]] 
------------------------ Dataset: bou ------------------------
shape: (26, 1), dtype: uint16
Data:[[54]
 [54]
 [50]
 [51]
 [46]
 [49]
 [53]
 [48]
 [48]
 [56]
 [50]
 [45]
 [48]
 [32]
 [54]
 [54]
 [50]
 [51]
 [46]
 [49]
 [53]
 [52]
 [48]
 [57]
 [45]
 [49]] 
------------------------ Dataset: bov ------------------------
shape: (33, 1), dtype: uint16
Data:[[54]
 [54]
 [51]
 [56]
 [46]
 [57]
 [57]
 [48]
 [49]
 [49]
 [56]
 [45]
 [48]
 [32]
 [54]
 [54]
 [51]
 [56]
 [46]
 [57]
 [56]
 [54]
 [49]
 [52]
 [48]
 [57]
 [57]
 [57]
 [57]
 [57]
 [57]
 [45]
 [49]] 
------------------------ Dataset: bow ------------------------
shape: (40, 1), dtype: uint16
Data:[[54]
 [54]
 [53]
 [52]
 [46]
 [54]
 [48]
 [49]
 [51]
 [56]
 [48]
 [57]
 [57]
 [57]
 [57]
 [57]
 [57]
 [53]
 [45]
 [48]
 [32]
 [54]
 [54]
 [53]
 [52]
 [46]
 [54]
 [48]
 [55]
 [52]
 [49]
 [49]
 [57]
 [57]
 [57]
 [57]
 [57]
 [57]
 [45]
 [49]] 
------------------------ Dataset: box ------------------------
shape: (41, 1), dtype: uint16
Data:[[54]
 [54]
 [55]
 [48]
 [46]
 [52]
 [57]
 [48]
 [49]
 [57]
 [55]
 [57]
 [57]
 [57]
 [57]
 [57]
 [57]
 [53]
 [45]
 [48]
 [32]
 [54]
 [54]
 [55]
 [48]
 [46]
 [52]
 [57]
 [52]
 [49]
 [48]
 [54]
 [57]
 [57]
 [57]
 [57]
 [57]
 [57]
 [53]
 [45]
 [49]] 
------------------------ Dataset: boy ------------------------
shape: (27, 1), dtype: uint16
Data:[[54]
 [54]
 [56]
 [54]
 [46]
 [52]
 [48]
 [50]
 [48]
 [57]
 [56]
 [45]
 [48]
 [32]
 [54]
 [54]
 [56]
 [54]
 [46]
 [51]
 [57]
 [56]
 [49]
 [55]
 [49]
 [45]
 [49]] 
------------------------ Dataset: boz ------------------------
shape: (40, 1), dtype: uint16
Data:[[53]
 [57]
 [48]
 [52]
 [46]
 [51]
 [49]
 [55]
 [57]
 [53]
 [49]
 [57]
 [57]
 [57]
 [57]
 [57]
 [57]
 [45]
 [48]
 [32]
 [53]
 [57]
 [48]
 [52]
 [46]
 [51]
 [49]
 [51]
 [55]
 [52]
 [52]
 [57]
 [57]
 [57]
 [57]
 [57]
 [57]
 [53]
 [45]
 [49]] 
------------------------ Dataset: bp ------------------------
