shape: (1, 6), dtype: uint32
Data:[[3707764736          2          1          1       1698          1]] 
------------------------ Dataset: fCb ------------------------
shape: (27, 1), dtype: uint16
Data:[[54]
 [55]
 [55]
 [49]
 [46]
 [54]
 [55]
 [52]
 [51]
 [49]
 [54]
 [45]
 [48]
 [32]
 [54]
 [55]
 [55]
 [49]
 [46]
 [54]
 [54]
 [57]
 [52]
 [51]
 [50]
 [45]
 [49]] 
------------------------ Dataset: fCc ------------------------
shape: (34, 1), dtype: uint16
Data:[[54]
 [50]
 [56]
 [52]
 [46]
 [52]
 [52]
 [57]
 [56]
 [54]
 [54]
 [45]
 [48]
 [32]
 [54]
 [50]
 [56]
 [52]
 [46]
 [52]
 [53]
 [51]
 [56]
 [53]
 [54]
 [57]
 [57]
 [57]
 [57]
 [57]
 [57]
 [53]
 [45]
 [49]] 
------------------------ Dataset: fCd ------------------------
shape: (26, 1), dtype: uint16
Data:[[54]
 [51]
 [48]
 [48]
 [46]
 [50]
 [50]
 [54]
 [54]
 [49]
 [45]
 [48]
 [32]
 [54]
 [51]
 [48]
 [48]
 [46]
 [50]
 [50]
 [50]
 [49]
 [48]
 [51]
 [45]
 [49]] 
------------------------ Dataset: fCe ------------------------
shape: (27, 1), dtype: uint16
Data:[[54]
 [51]
 [49]
 [54]
 [46]
 [48]
 [57]
 [57]
 [49]
 [50]
 [53]
 [45]
 [48]
 [32]
 [54]
 [51]
 [49]
 [54]
 [46]
 [48]
 [57]
 [52]
 [50]
 [51]
 [53]
 [45]
 [49]] 
------------------------ Dataset: fCf ------------------------
shape: (27, 1), dtype: uint16
Data:[[54]
 [51]
 [51]
 [49]
 [46]
 [57]
 [50]
 [50]
 [48]
 [51]
 [49]
 [45]
 [48]
 [32]
 [54]
 [51]
 [51]
 [49]
 [46]
 [57]
 [50]
 [54]
 [48]
 [48]
 [49]
 [45]
 [49]] 
------------------------ Dataset: fCg ------------------------
shape: (19, 1), dtype: uint16
Data:[[54]
 [52]
 [57]
 [55]
 [46]
 [48]
 [55]
 [56]
 [49]
 [56]
 [57]
 [57]
 [57]
 [57]
 [57]
 [57]
 [57]
 [45]
 [48]] 
------------------------ Dataset: fCh ------------------------
shape: (41, 1), dtype: uint16
Data:[[54]
 [53]
 [49]
 [50]
 [46]
 [56]
 [54]
 [50]
 [48]
 [48]
 [48]
 [57]
 [57]
 [57]
 [57]
 [57]
 [57]
 [53]
 [45]
 [48]
 [32]
 [54]
 [53]
 [49]
 [50]
 [46]
 [56]
 [53]
 [55]
 [57]
 [56]
 [57]
 [57]
 [57]
 [57]
 [57]
 [57]
 [57]
 [53]
 [45]
 [49]] 
------------------------ Dataset: fCi ------------------------
shape: (33, 1), dtype: uint16
Data:[[54]
 [53]
 [50]
 [56]
 [46]
 [54]
 [55]
 [55]
 [57]
 [57]
 [53]
 [45]
 [48]
 [32]
 [54]
 [53]
 [50]
 [56]
 [46]
 [54]
 [56]
 [50]
 [48]
 [49]
 [57]
 [57]
 [57]
 [57]
 [57]
 [57]
 [57]
 [45]
 [49]] 
------------------------ Dataset: fCj ------------------------
shape: (27, 1), dtype: uint16
Data:[[54]
 [48]
 [50]
 [52]
 [46]
 [50]
 [53]
 [55]
 [55]
 [57]
 [52]
 [45]
 [48]
 [32]
 [54]
 [48]
 [50]
 [52]
 [46]
 [50]
 [54]
 [55]
 [57]
 [57]
 [57]
 [45]
 [49]] 
------------------------ Dataset: fCk ------------------------
shape: (40, 1), dtype: uint16
Data:[[54]
 [48]
 [52]
 [48]
 [46]
 [48]
 [49]
 [49]
 [57]
 [51]
 [49]
 [57]
 [57]
 [57]
 [57]
 [57]
 [57]
 [45]
 [48]
 [32]
 [54]
 [48]
 [52]
 [48]
 [46]
 [48]
 [48]
 [49]
 [57]
 [53]
 [54]
 [57]
 [57]
 [57]
 [57]
 [57]
 [57]
 [53]
 [45]
 [49]] 
------------------------ Dataset: fCl ------------------------
shape: (33, 1), dtype: uint16
Data:[[54]
 [48]
 [53]
 [53]
 [46]
 [54]
 [54]
 [57]
 [56]
 [56]
 [49]
 [45]
 [48]
 [32]
 [54]
 [48]
 [53]
 [53]
 [46]
 [54]
 [55]
 [51]
 [56]
 [50]
 [53]
 [57]
 [57]
 [57]
 [57]
 [57]
 [57]
 [45]
 [49]] 
------------------------ Dataset: fCm ------------------------
shape: (34, 1), dtype: uint16
Data:[[54]
 [48]
 [55]
 [49]
 [46]
 [54]
 [49]
 [52]
 [51]
 [48]
 [57]
 [45]
 [48]
 [32]
 [54]
 [48]
 [55]
 [49]
 [46]
 [54]
 [49]
 [48]
 [50]
 [53]
 [57]
 [57]
 [57]
 [57]
 [57]
 [57]
 [57]
 [53]
 [45]
 [49]] 
------------------------ Dataset: fCn ------------------------
shape: (33, 1), dtype: uint16
Data:[[53]
 [54]
 [51]
 [50]
 [46]
 [52]
 [55]
 [55]
 [55]
 [57]
 [51]
 [57]
 [57]
 [57]
 [57]
 [57]
 [57]
 [45]
 [48]
 [32]
 [53]
 [54]
 [51]
 [50]
 [46]
 [52]
 [55]
 [55]
 [55]
 [57]
 [50]
 [45]
 [49]] 
------------------------ Dataset: fCo ------------------------
shape: (27, 1), dtype: uint16
Data:[[53]
 [54]
 [52]
 [56]
 [46]
 [49]
 [54]
 [53]
 [55]
 [50]
 [56]
 [45]
 [48]
 [32]
 [53]
 [54]
 [52]
 [56]
 [46]
 [49]
 [54]
 [49]
 [56]
 [53]
 [49]
 [45]
 [49]] 
------------------------ Dataset: fCp ------------------------
shape: (33, 1), dtype: uint16
Data:[[53]
 [54]
 [54]
 [51]
 [46]
 [57]
 [48]
 [49]
 [56]
 [55]
 [54]
 [57]
 [57]
 [57]
 [57]
 [57]
 [57]
 [45]
 [48]
 [32]
 [53]
 [54]
 [54]
 [51]
 [46]
 [56]
 [57]
 [55]
 [54]
 [50]
 [56]
 [45]
 [49]] 
------------------------ Dataset: fCq ------------------------
shape: (33, 1), dtype: uint16
Data:[[53]
 [54]
 [55]
 [57]
 [46]
 [54]
 [53]
 [48]
 [49]
 [53]
 [55]
 [45]
 [48]
 [32]
 [53]
 [54]
 [55]
 [57]
 [46]
 [54]
 [52]
 [53]
 [54]
 [57]
 [55]
 [57]
 [57]
 [57]
 [57]
 [57]
 [57]
 [45]
 [49]] 
------------------------ Dataset: fCr ------------------------
shape: (33, 1), dtype: uint16
Data:[[53]
 [56]
 [48]
 [53]
 [46]
 [57]
 [52]
 [56]
 [49]
 [53]
 [50]
 [45]
 [48]
 [32]
 [53]
 [56]
 [48]
 [53]
 [46]
 [57]
 [52]
 [56]
 [49]
 [52]
 [52]
 [57]
 [57]
 [57]
 [57]
 [57]
 [57]
 [45]
 [49]] 
------------------------ Dataset: fCs ------------------------
shape: (33, 1), dtype: uint16
Data:[[54]
 [52]
 [49]
 [56]
 [46]
 [55]
 [48]
 [50]
 [50]
 [49]
 [55]
 [57]
 [57]
 [57]
 [57]
 [57]
 [57]
 [45]
 [48]
 [32]
 [54]
 [52]
 [49]
 [56]
 [46]
 [55]
 [49]
 [48]
 [49]
 [50]
 [54]
 [45]
 [49]] 
------------------------ Dataset: fCt ------------------------
shape: (33, 1), dtype: uint16
Data:[[54]
 [54]
 [49]
 [48]
 [46]
 [56]
 [48]
 [49]
 [57]
 [56]
 [50]
 [57]
 [57]
 [57]
 [57]
 [57]
 [57]
 [45]
 [48]
 [32]
 [54]
 [54]
 [49]
 [48]
 [46]
 [56]
 [48]
 [55]
 [51]
 [50]
 [53]
 [45]
 [49]] 
------------------------ Dataset: fCu ------------------------
shape: (40, 1), dtype: uint16
Data:[[54]
 [54]
 [50]
 [54]
 [46]
 [55]
 [50]
 [50]
 [49]
 [51]
 [53]
 [57]
 [57]
 [57]
 [57]
 [57]
 [57]
 [45]
 [48]
 [32]
 [54]
 [54]
 [50]
 [54]
 [46]
 [55]
 [50]
 [57]
 [57]
 [57]
 [54]
 [57]
 [57]
 [57]
 [57]
 [57]
 [57]
 [53]
 [45]
 [49]] 
------------------------ Dataset: fCv ------------------------
shape: (27, 1), dtype: uint16
Data:[[54]
 [54]
 [52]
 [50]
 [46]
 [53]
 [48]
 [56]
 [50]
 [54]
 [51]
 [45]
 [48]
 [32]
 [54]
 [54]
 [52]
 [50]
 [46]
 [53]
 [48]
 [50]
 [51]
 [54]
 [54]
 [45]
 [49]] 
------------------------ Dataset: fCw ------------------------
shape: (34, 1), dtype: uint16
Data:[[54]
 [54]
 [53]
 [56]
 [46]
 [50]
 [49]
 [48]
 [55]
 [54]
 [55]
 [45]
 [48]
 [32]
 [54]
 [54]
 [53]
 [56]
 [46]
 [50]
 [49]
 [52]
 [48]
 [55]
 [51]
 [57]
 [57]
 [57]
 [57]
 [57]
 [57]
 [53]
 [45]
 [49]] 
------------------------ Dataset: fCx ------------------------
shape: (27, 1), dtype: uint16
Data:[[54]
 [54]
 [55]
 [52]
 [46]
 [48]
 [57]
 [53]
 [57]
 [56]
 [50]
 [45]
 [48]
 [32]
 [54]
 [54]
 [55]
 [52]
 [46]
 [48]
 [56]
 [54]
 [50]
 [50]
 [53]
 [45]
 [49]] 
------------------------ Dataset: fCy ------------------------
shape: (27, 1), dtype: uint16
Data:[[54]
 [54]
 [57]
 [48]
 [46]
 [48]
 [49]
 [48]
 [53]
 [50]
 [50]
 [45]
 [48]
 [32]
 [54]
 [54]
 [57]
 [48]
 [46]
 [48]
 [49]
 [54]
 [48]
 [51]
 [51]
 [45]
 [49]] 
------------------------ Dataset: fCz ------------------------
shape: (41, 1), dtype: uint16
Data:[[53]
 [57]
 [48]
 [55]
 [46]
 [57]
 [48]
 [49]
 [54]
 [56]
 [51]
 [57]
 [57]
 [57]
 [57]
 [57]
 [57]
 [53]
 [45]
 [48]
 [32]
 [53]
 [57]
 [48]
 [55]
 [46]
 [57]
 [48]
 [53]
 [55]
 [50]
 [57]
 [57]
 [57]
 [57]
 [57]
 [57]
 [57]
 [53]
 [45]
 [49]] 
------------------------ Dataset: fD ------------------------
