shape: (1, 6), dtype: uint32
Data:[[3707764736          2          1          1       1717          1]] 
------------------------ Dataset: yCb ------------------------
shape: (20, 1), dtype: uint16
Data:[[54]
 [55]
 [55]
 [49]
 [46]
 [55]
 [52]
 [54]
 [57]
 [53]
 [57]
 [57]
 [57]
 [57]
 [57]
 [57]
 [57]
 [53]
 [45]
 [49]] 
------------------------ Dataset: yCc ------------------------
shape: (40, 1), dtype: uint16
Data:[[54]
 [50]
 [56]
 [52]
 [46]
 [53]
 [51]
 [48]
 [56]
 [50]
 [51]
 [57]
 [57]
 [57]
 [57]
 [57]
 [57]
 [53]
 [45]
 [48]
 [32]
 [54]
 [50]
 [56]
 [52]
 [46]
 [53]
 [50]
 [54]
 [49]
 [48]
 [56]
 [57]
 [57]
 [57]
 [57]
 [57]
 [57]
 [45]
 [49]] 
------------------------ Dataset: yCd ------------------------
shape: (27, 1), dtype: uint16
Data:[[54]
 [51]
 [48]
 [48]
 [46]
 [50]
 [57]
 [55]
 [56]
 [49]
 [50]
 [45]
 [48]
 [32]
 [54]
 [51]
 [48]
 [48]
 [46]
 [51]
 [48]
 [51]
 [49]
 [55]
 [50]
 [45]
 [49]] 
------------------------ Dataset: yCe ------------------------
shape: (26, 1), dtype: uint16
Data:[[54]
 [51]
 [49]
 [54]
 [46]
 [49]
 [54]
 [57]
 [57]
 [56]
 [51]
 [45]
 [48]
 [32]
 [54]
 [51]
 [49]
 [54]
 [46]
 [49]
 [55]
 [51]
 [57]
 [54]
 [45]
 [49]] 
------------------------ Dataset: yCf ------------------------
shape: (33, 1), dtype: uint16
Data:[[54]
 [51]
 [51]
 [50]
 [46]
 [48]
 [48]
 [51]
 [54]
 [54]
 [49]
 [45]
 [48]
 [32]
 [54]
 [51]
 [51]
 [49]
 [46]
 [57]
 [57]
 [57]
 [50]
 [53]
 [48]
 [57]
 [57]
 [57]
 [57]
 [57]
 [57]
 [45]
 [49]] 
------------------------ Dataset: yCg ------------------------
shape: (34, 1), dtype: uint16
Data:[[54]
 [52]
 [57]
 [55]
 [46]
 [49]
 [54]
 [48]
 [57]
 [52]
 [57]
 [57]
 [57]
 [57]
 [57]
 [57]
 [57]
 [53]
 [45]
 [48]
 [32]
 [54]
 [52]
 [57]
 [55]
 [46]
 [49]
 [54]
 [49]
 [56]
 [54]
 [57]
 [45]
 [49]] 
------------------------ Dataset: yCh ------------------------
shape: (27, 1), dtype: uint16
Data:[[54]
 [53]
 [49]
 [50]
 [46]
 [57]
 [51]
 [52]
 [50]
 [49]
 [52]
 [45]
 [48]
 [32]
 [54]
 [53]
 [49]
 [50]
 [46]
 [57]
 [52]
 [52]
 [54]
 [49]
 [54]
 [45]
 [49]] 
------------------------ Dataset: yCi ------------------------
shape: (33, 1), dtype: uint16
Data:[[54]
 [53]
 [50]
 [56]
 [46]
 [55]
 [53]
 [56]
 [48]
 [49]
 [51]
 [45]
 [48]
 [32]
 [54]
 [53]
 [50]
 [56]
 [46]
 [55]
 [54]
 [50]
 [53]
 [53]
 [49]
 [57]
 [57]
 [57]
 [57]
 [57]
 [57]
 [45]
 [49]] 
------------------------ Dataset: yCj ------------------------
shape: (33, 1), dtype: uint16
Data:[[54]
 [48]
 [50]
 [52]
 [46]
 [51]
 [51]
 [55]
 [57]
 [51]
 [54]
 [57]
 [57]
 [57]
 [57]
 [57]
 [57]
 [45]
 [48]
 [32]
 [54]
 [48]
 [50]
 [52]
 [46]
 [51]
 [51]
 [51]
 [55]
 [51]
 [54]
 [45]
 [49]] 
------------------------ Dataset: yCk ------------------------
shape: (27, 1), dtype: uint16
Data:[[54]
 [48]
 [52]
 [48]
 [46]
 [48]
 [56]
 [53]
 [54]
 [57]
 [51]
 [45]
 [48]
 [32]
 [54]
 [48]
 [52]
 [48]
 [46]
 [48]
 [55]
 [55]
 [55]
 [56]
 [52]
 [45]
 [49]] 
------------------------ Dataset: yCl ------------------------
shape: (27, 1), dtype: uint16
Data:[[54]
 [48]
 [53]
 [53]
 [46]
 [55]
 [52]
 [57]
 [55]
 [52]
 [52]
 [45]
 [48]
 [32]
 [54]
 [48]
 [53]
 [53]
 [46]
 [55]
 [52]
 [53]
 [55]
 [50]
 [54]
 [45]
 [49]] 
------------------------ Dataset: yCm ------------------------
shape: (27, 1), dtype: uint16
Data:[[54]
 [48]
 [55]
 [49]
 [46]
 [54]
 [56]
 [53]
 [55]
 [57]
 [52]
 [45]
 [48]
 [32]
 [54]
 [48]
 [55]
 [49]
 [46]
 [54]
 [56]
 [57]
 [55]
 [52]
 [53]
 [45]
 [49]] 
------------------------ Dataset: yCn ------------------------
shape: (34, 1), dtype: uint16
Data:[[53]
 [54]
 [51]
 [50]
 [46]
 [53]
 [54]
 [52]
 [54]
 [52]
 [54]
 [45]
 [48]
 [32]
 [53]
 [54]
 [51]
 [50]
 [46]
 [53]
 [54]
 [55]
 [48]
 [49]
 [49]
 [57]
 [57]
 [57]
 [57]
 [57]
 [57]
 [53]
 [45]
 [49]] 
------------------------ Dataset: yCo ------------------------
shape: (40, 1), dtype: uint16
Data:[[53]
 [54]
 [52]
 [56]
 [46]
 [50]
 [51]
 [56]
 [53]
 [51]
 [57]
 [57]
 [57]
 [57]
 [57]
 [57]
 [57]
 [45]
 [48]
 [32]
 [53]
 [54]
 [52]
 [56]
 [46]
 [50]
 [52]
 [49]
 [56]
 [50]
 [53]
 [57]
 [57]
 [57]
 [57]
 [57]
 [57]
 [53]
 [45]
 [49]] 
------------------------ Dataset: yCp ------------------------
shape: (33, 1), dtype: uint16
Data:[[53]
 [54]
 [54]
 [51]
 [46]
 [57]
 [55]
 [53]
 [57]
 [53]
 [55]
 [45]
 [48]
 [32]
 [53]
 [54]
 [54]
 [51]
 [46]
 [57]
 [55]
 [55]
 [56]
 [52]
 [57]
 [57]
 [57]
 [57]
 [57]
 [57]
 [57]
 [45]
 [49]] 
------------------------ Dataset: yCq ------------------------
shape: (26, 1), dtype: uint16
Data:[[53]
 [54]
 [55]
 [57]
 [46]
 [55]
 [50]
 [49]
 [56]
 [54]
 [56]
 [45]
 [48]
 [32]
 [53]
 [54]
 [55]
 [57]
 [46]
 [55]
 [50]
 [49]
 [56]
 [54]
 [45]
 [49]] 
------------------------ Dataset: yCr ------------------------
shape: (27, 1), dtype: uint16
Data:[[53]
 [56]
 [48]
 [54]
 [46]
 [48]
 [50]
 [53]
 [53]
 [57]
 [55]
 [45]
 [48]
 [32]
 [53]
 [56]
 [48]
 [54]
 [46]
 [48]
 [50]
 [53]
 [56]
 [50]
 [51]
 [45]
 [49]] 
------------------------ Dataset: yCs ------------------------
shape: (27, 1), dtype: uint16
Data:[[54]
 [52]
 [49]
 [56]
 [46]
 [55]
 [57]
 [50]
 [57]
 [52]
 [54]
 [45]
 [48]
 [32]
 [54]
 [52]
 [49]
 [56]
 [46]
 [55]
 [56]
 [51]
 [54]
 [57]
 [57]
 [45]
 [49]] 
------------------------ Dataset: yCt ------------------------
shape: (27, 1), dtype: uint16
Data:[[54]
 [54]
 [49]
 [48]
 [46]
 [56]
 [57]
 [52]
 [49]
 [48]
 [55]
 [45]
 [48]
 [32]
 [54]
 [54]
 [49]
 [48]
 [46]
 [56]
 [57]
 [48]
 [48]
 [53]
 [53]
 [45]
 [49]] 
------------------------ Dataset: yCu ------------------------
shape: (26, 1), dtype: uint16
Data:[[54]
 [54]
 [50]
 [54]
 [46]
 [56]
 [48]
 [54]
 [51]
 [53]
 [45]
 [48]
 [32]
 [54]
 [54]
 [50]
 [54]
 [46]
 [56]
 [48]
 [51]
 [53]
 [49]
 [51]
 [45]
 [49]] 
------------------------ Dataset: yCv ------------------------
shape: (27, 1), dtype: uint16
Data:[[54]
 [54]
 [52]
 [50]
 [46]
 [53]
 [56]
 [51]
 [49]
 [56]
 [54]
 [45]
 [48]
 [32]
 [54]
 [54]
 [52]
 [50]
 [46]
 [53]
 [56]
 [50]
 [56]
 [57]
 [51]
 [45]
 [49]] 
------------------------ Dataset: yCw ------------------------
shape: (27, 1), dtype: uint16
Data:[[54]
 [54]
 [53]
 [56]
 [46]
 [50]
 [57]
 [48]
 [48]
 [48]
 [50]
 [45]
 [48]
 [32]
 [54]
 [54]
 [53]
 [56]
 [46]
 [50]
 [56]
 [54]
 [48]
 [56]
 [56]
 [45]
 [49]] 
------------------------ Dataset: yCx ------------------------
shape: (27, 1), dtype: uint16
Data:[[54]
 [54]
 [55]
 [52]
 [46]
 [49]
 [54]
 [50]
 [49]
 [51]
 [57]
 [45]
 [48]
 [32]
 [54]
 [54]
 [55]
 [52]
 [46]
 [49]
 [54]
 [54]
 [49]
 [48]
 [49]
 [45]
 [49]] 
------------------------ Dataset: yCy ------------------------
shape: (40, 1), dtype: uint16
Data:[[54]
 [54]
 [57]
 [48]
 [46]
 [48]
 [57]
 [50]
 [48]
 [51]
 [51]
 [57]
 [57]
 [57]
 [57]
 [57]
 [57]
 [45]
 [48]
 [32]
 [54]
 [54]
 [57]
 [48]
 [46]
 [48]
 [56]
 [54]
 [49]
 [53]
 [56]
 [57]
 [57]
 [57]
 [57]
 [57]
 [57]
 [53]
 [45]
 [49]] 
------------------------ Dataset: yCz ------------------------
shape: (27, 1), dtype: uint16
Data:[[53]
 [57]
 [48]
 [55]
 [46]
 [57]
 [56]
 [49]
 [55]
 [54]
 [54]
 [45]
 [48]
 [32]
 [53]
 [57]
 [48]
 [55]
 [46]
 [57]
 [55]
 [55]
 [55]
 [50]
 [50]
 [45]
 [49]] 
------------------------ Dataset: yD ------------------------
