shape: (1, 6), dtype: uint32
Data:[[3707764736          2          1          1        495          1]] 
------------------------ Dataset: mib ------------------------
shape: (34, 1), dtype: uint16
Data:[[54]
 [55]
 [54]
 [54]
 [46]
 [54]
 [49]
 [48]
 [49]
 [54]
 [53]
 [57]
 [57]
 [57]
 [57]
 [57]
 [57]
 [53]
 [45]
 [48]
 [32]
 [54]
 [55]
 [54]
 [54]
 [46]
 [54]
 [48]
 [54]
 [49]
 [54]
 [57]
 [45]
 [49]] 
------------------------ Dataset: mic ------------------------
shape: (39, 1), dtype: uint16
Data:[[54]
 [50]
 [55]
 [57]
 [46]
 [52]
 [48]
 [53]
 [56]
 [50]
 [53]
 [57]
 [57]
 [57]
 [57]
 [57]
 [57]
 [45]
 [48]
 [32]
 [54]
 [50]
 [55]
 [57]
 [46]
 [52]
 [48]
 [53]
 [56]
 [51]
 [57]
 [57]
 [57]
 [57]
 [57]
 [57]
 [57]
 [45]
 [49]] 
------------------------ Dataset: mid ------------------------
shape: (33, 1), dtype: uint16
Data:[[54]
 [50]
 [57]
 [53]
 [46]
 [49]
 [55]
 [51]
 [56]
 [52]
 [55]
 [45]
 [48]
 [32]
 [54]
 [50]
 [57]
 [53]
 [46]
 [49]
 [55]
 [55]
 [56]
 [50]
 [51]
 [57]
 [57]
 [57]
 [57]
 [57]
 [57]
 [45]
 [49]] 
------------------------ Dataset: mie ------------------------
shape: (26, 1), dtype: uint16
Data:[[54]
 [51]
 [49]
 [49]
 [46]
 [48]
 [48]
 [55]
 [49]
 [49]
 [45]
 [48]
 [32]
 [54]
 [51]
 [49]
 [49]
 [46]
 [48]
 [48]
 [49]
 [57]
 [57]
 [54]
 [45]
 [49]] 
------------------------ Dataset: mif ------------------------
shape: (26, 1), dtype: uint16
Data:[[54]
 [51]
 [50]
 [54]
 [46]
 [56]
 [55]
 [57]
 [56]
 [52]
 [56]
 [45]
 [48]
 [32]
 [54]
 [51]
 [50]
 [54]
 [46]
 [56]
 [55]
 [53]
 [49]
 [50]
 [45]
 [49]] 
------------------------ Dataset: mig ------------------------
shape: (27, 1), dtype: uint16
Data:[[54]
 [51]
 [52]
 [50]
 [46]
 [54]
 [55]
 [55]
 [56]
 [52]
 [52]
 [45]
 [48]
 [32]
 [54]
 [51]
 [52]
 [50]
 [46]
 [54]
 [55]
 [51]
 [57]
 [53]
 [50]
 [45]
 [49]] 
------------------------ Dataset: mih ------------------------
shape: (27, 1), dtype: uint16
Data:[[54]
 [53]
 [48]
 [55]
 [46]
 [55]
 [56]
 [53]
 [57]
 [57]
 [57]
 [45]
 [48]
 [32]
 [54]
 [53]
 [48]
 [55]
 [46]
 [55]
 [56]
 [50]
 [48]
 [57]
 [53]
 [45]
 [49]] 
------------------------ Dataset: mii ------------------------
shape: (27, 1), dtype: uint16
Data:[[54]
 [53]
 [50]
 [51]
 [46]
 [54]
 [49]
 [48]
 [51]
 [49]
 [55]
 [45]
 [48]
 [32]
 [54]
 [53]
 [50]
 [51]
 [46]
 [54]
 [49]
 [52]
 [49]
 [50]
 [49]
 [45]
 [49]] 
------------------------ Dataset: mij ------------------------
shape: (40, 1), dtype: uint16
Data:[[54]
 [48]
 [49]
 [57]
 [46]
 [49]
 [57]
 [48]
 [49]
 [56]
 [57]
 [57]
 [57]
 [57]
 [57]
 [57]
 [57]
 [45]
 [48]
 [32]
 [54]
 [48]
 [49]
 [57]
 [46]
 [49]
 [57]
 [52]
 [48]
 [49]
 [53]
 [57]
 [57]
 [57]
 [57]
 [57]
 [57]
 [53]
 [45]
 [49]] 
------------------------ Dataset: mik ------------------------
shape: (33, 1), dtype: uint16
Data:[[54]
 [48]
 [51]
 [52]
 [46]
 [57]
 [56]
 [53]
 [55]
 [57]
 [53]
 [45]
 [48]
 [32]
 [54]
 [48]
 [51]
 [52]
 [46]
 [57]
 [57]
 [51]
 [56]
 [49]
 [56]
 [57]
 [57]
 [57]
 [57]
 [57]
 [57]
 [45]
 [49]] 
------------------------ Dataset: mil ------------------------
shape: (27, 1), dtype: uint16
Data:[[54]
 [48]
 [53]
 [48]
 [46]
 [54]
 [48]
 [57]
 [55]
 [50]
 [57]
 [45]
 [48]
 [32]
 [54]
 [48]
 [53]
 [48]
 [46]
 [54]
 [49]
 [52]
 [48]
 [56]
 [57]
 [45]
 [49]] 
------------------------ Dataset: mim ------------------------
shape: (27, 1), dtype: uint16
Data:[[54]
 [48]
 [54]
 [54]
 [46]
 [53]
 [49]
 [57]
 [54]
 [55]
 [53]
 [45]
 [48]
 [32]
 [54]
 [48]
 [54]
 [54]
 [46]
 [53]
 [49]
 [57]
 [54]
 [55]
 [53]
 [45]
 [49]] 
------------------------ Dataset: min ------------------------
shape: (33, 1), dtype: uint16
Data:[[54]
 [48]
 [56]
 [50]
 [46]
 [52]
 [51]
 [51]
 [55]
 [56]
 [55]
 [45]
 [48]
 [32]
 [54]
 [48]
 [56]
 [50]
 [46]
 [52]
 [51]
 [55]
 [55]
 [57]
 [48]
 [57]
 [57]
 [57]
 [57]
 [57]
 [57]
 [45]
 [49]] 
------------------------ Dataset: mio ------------------------
shape: (26, 1), dtype: uint16
Data:[[53]
 [54]
 [52]
 [51]
 [46]
 [49]
 [50]
 [57]
 [52]
 [56]
 [45]
 [48]
 [32]
 [53]
 [54]
 [52]
 [51]
 [46]
 [49]
 [50]
 [53]
 [52]
 [57]
 [52]
 [45]
 [49]] 
------------------------ Dataset: mip ------------------------
shape: (27, 1), dtype: uint16
Data:[[53]
 [54]
 [53]
 [56]
 [46]
 [56]
 [56]
 [49]
 [56]
 [51]
 [55]
 [45]
 [48]
 [32]
 [53]
 [54]
 [53]
 [56]
 [46]
 [56]
 [55]
 [55]
 [53]
 [51]
 [49]
 [45]
 [49]] 
------------------------ Dataset: miq ------------------------
shape: (27, 1), dtype: uint16
Data:[[53]
 [54]
 [55]
 [52]
 [46]
 [53]
 [56]
 [49]
 [53]
 [57]
 [49]
 [45]
 [48]
 [32]
 [53]
 [54]
 [55]
 [52]
 [46]
 [53]
 [56]
 [57]
 [54]
 [51]
 [57]
 [45]
 [49]] 
------------------------ Dataset: mir ------------------------
shape: (27, 1), dtype: uint16
Data:[[53]
 [54]
 [57]
 [48]
 [46]
 [51]
 [54]
 [57]
 [55]
 [51]
 [57]
 [45]
 [48]
 [32]
 [53]
 [54]
 [57]
 [48]
 [46]
 [51]
 [54]
 [49]
 [55]
 [48]
 [55]
 [45]
 [49]] 
------------------------ Dataset: mis ------------------------
shape: (27, 1), dtype: uint16
Data:[[54]
 [52]
 [49]
 [51]
 [46]
 [54]
 [51]
 [56]
 [55]
 [54]
 [53]
 [45]
 [48]
 [32]
 [54]
 [52]
 [49]
 [51]
 [46]
 [54]
 [52]
 [50]
 [49]
 [56]
 [54]
 [45]
 [49]] 
------------------------ Dataset: mit ------------------------
shape: (33, 1), dtype: uint16
Data:[[54]
 [54]
 [48]
 [53]
 [46]
 [55]
 [48]
 [49]
 [57]
 [52]
 [55]
 [45]
 [48]
 [32]
 [54]
 [54]
 [48]
 [53]
 [46]
 [55]
 [48]
 [49]
 [57]
 [52]
 [48]
 [57]
 [57]
 [57]
 [57]
 [57]
 [57]
 [45]
 [49]] 
------------------------ Dataset: miu ------------------------
shape: (41, 1), dtype: uint16
Data:[[54]
 [54]
 [50]
 [49]
 [46]
 [54]
 [56]
 [50]
 [48]
 [56]
 [52]
 [57]
 [57]
 [57]
 [57]
 [57]
 [57]
 [53]
 [45]
 [48]
 [32]
 [54]
 [54]
 [50]
 [49]
 [46]
 [54]
 [56]
 [54]
 [49]
 [48]
 [54]
 [57]
 [57]
 [57]
 [57]
 [57]
 [57]
 [53]
 [45]
 [49]] 
------------------------ Dataset: miv ------------------------
shape: (33, 1), dtype: uint16
Data:[[54]
 [54]
 [51]
 [55]
 [46]
 [53]
 [49]
 [57]
 [56]
 [52]
 [56]
 [57]
 [57]
 [57]
 [57]
 [57]
 [57]
 [45]
 [48]
 [32]
 [54]
 [54]
 [51]
 [55]
 [46]
 [53]
 [50]
 [48]
 [52]
 [48]
 [55]
 [45]
 [49]] 
------------------------ Dataset: miw ------------------------
shape: (13, 1), dtype: uint16
Data:[[54]
 [54]
 [53]
 [51]
 [46]
 [49]
 [49]
 [56]
 [51]
 [52]
 [55]
 [45]
 [48]] 
------------------------ Dataset: mix ------------------------
shape: (27, 1), dtype: uint16
Data:[[54]
 [54]
 [54]
 [56]
 [46]
 [57]
 [57]
 [56]
 [49]
 [53]
 [55]
 [45]
 [48]
 [32]
 [54]
 [54]
 [54]
 [57]
 [46]
 [48]
 [48]
 [50]
 [49]
 [48]
 [57]
 [45]
 [49]] 
------------------------ Dataset: miy ------------------------
shape: (27, 1), dtype: uint16
Data:[[54]
 [54]
 [56]
 [52]
 [46]
 [57]
 [49]
 [49]
 [57]
 [57]
 [51]
 [45]
 [48]
 [32]
 [54]
 [54]
 [56]
 [52]
 [46]
 [57]
 [49]
 [52]
 [57]
 [51]
 [51]
 [45]
 [49]] 
------------------------ Dataset: miz ------------------------
shape: (39, 1), dtype: uint16
Data:[[53]
 [57]
 [48]
 [50]
 [46]
 [56]
 [51]
 [51]
 [54]
 [55]
 [48]
 [57]
 [57]
 [57]
 [57]
 [57]
 [57]
 [45]
 [48]
 [32]
 [53]
 [57]
 [48]
 [50]
 [46]
 [56]
 [51]
 [55]
 [55]
 [51]
 [50]
 [57]
 [57]
 [57]
 [57]
 [57]
 [57]
 [45]
 [49]] 
------------------------ Dataset: mj ------------------------
