shape: (1, 6), dtype: uint32
Data:[[3707764736          2          1          1        735          1]] 
------------------------ Dataset: kmb ------------------------
shape: (33, 1), dtype: uint16
Data:[[54]
 [55]
 [54]
 [55]
 [46]
 [54]
 [49]
 [56]
 [56]
 [53]
 [56]
 [57]
 [57]
 [57]
 [57]
 [57]
 [57]
 [45]
 [48]
 [32]
 [54]
 [55]
 [54]
 [55]
 [46]
 [54]
 [49]
 [53]
 [48]
 [53]
 [52]
 [45]
 [49]] 
------------------------ Dataset: kmc ------------------------
shape: (34, 1), dtype: uint16
Data:[[54]
 [50]
 [56]
 [48]
 [46]
 [51]
 [57]
 [55]
 [57]
 [55]
 [55]
 [45]
 [48]
 [32]
 [54]
 [50]
 [56]
 [48]
 [46]
 [51]
 [57]
 [55]
 [57]
 [56]
 [57]
 [57]
 [57]
 [57]
 [57]
 [57]
 [57]
 [53]
 [45]
 [49]] 
------------------------ Dataset: kmd ------------------------
shape: (27, 1), dtype: uint16
Data:[[54]
 [50]
 [57]
 [54]
 [46]
 [49]
 [55]
 [51]
 [57]
 [49]
 [55]
 [45]
 [48]
 [32]
 [54]
 [50]
 [57]
 [54]
 [46]
 [49]
 [55]
 [55]
 [57]
 [52]
 [56]
 [45]
 [49]] 
------------------------ Dataset: kme ------------------------
shape: (39, 1), dtype: uint16
Data:[[54]
 [51]
 [49]
 [50]
 [46]
 [48]
 [49]
 [52]
 [49]
 [55]
 [49]
 [57]
 [57]
 [57]
 [57]
 [57]
 [57]
 [45]
 [48]
 [32]
 [54]
 [51]
 [49]
 [50]
 [46]
 [48]
 [49]
 [55]
 [57]
 [52]
 [51]
 [57]
 [57]
 [57]
 [57]
 [57]
 [57]
 [45]
 [49]] 
------------------------ Dataset: kmf ------------------------
shape: (33, 1), dtype: uint16
Data:[[54]
 [51]
 [50]
 [55]
 [46]
 [56]
 [57]
 [52]
 [49]
 [50]
 [56]
 [57]
 [57]
 [57]
 [57]
 [57]
 [57]
 [45]
 [48]
 [32]
 [54]
 [51]
 [50]
 [55]
 [46]
 [56]
 [57]
 [55]
 [57]
 [49]
 [57]
 [45]
 [49]] 
------------------------ Dataset: kmg ------------------------
shape: (33, 1), dtype: uint16
Data:[[54]
 [51]
 [52]
 [51]
 [46]
 [55]
 [49]
 [55]
 [55]
 [54]
 [57]
 [57]
 [57]
 [57]
 [57]
 [57]
 [57]
 [45]
 [48]
 [32]
 [54]
 [51]
 [52]
 [51]
 [46]
 [55]
 [49]
 [55]
 [54]
 [49]
 [51]
 [45]
 [49]] 
------------------------ Dataset: kmh ------------------------
shape: (40, 1), dtype: uint16
Data:[[54]
 [53]
 [48]
 [56]
 [46]
 [56]
 [48]
 [50]
 [54]
 [57]
 [55]
 [57]
 [57]
 [57]
 [57]
 [57]
 [57]
 [53]
 [45]
 [48]
 [32]
 [54]
 [53]
 [48]
 [56]
 [46]
 [56]
 [48]
 [54]
 [48]
 [53]
 [50]
 [57]
 [57]
 [57]
 [57]
 [57]
 [57]
 [45]
 [49]] 
------------------------ Dataset: kmi ------------------------
shape: (34, 1), dtype: uint16
Data:[[54]
 [53]
 [50]
 [52]
 [46]
 [54]
 [50]
 [54]
 [53]
 [49]
 [56]
 [57]
 [57]
 [57]
 [57]
 [57]
 [57]
 [53]
 [45]
 [48]
 [32]
 [54]
 [53]
 [50]
 [52]
 [46]
 [54]
 [50]
 [50]
 [52]
 [51]
 [49]
 [45]
 [49]] 
------------------------ Dataset: kmj ------------------------
shape: (33, 1), dtype: uint16
Data:[[54]
 [48]
 [50]
 [48]
 [46]
 [49]
 [57]
 [56]
 [50]
 [57]
 [55]
 [57]
 [57]
 [57]
 [57]
 [57]
 [57]
 [45]
 [48]
 [32]
 [54]
 [48]
 [50]
 [48]
 [46]
 [49]
 [57]
 [52]
 [49]
 [51]
 [53]
 [45]
 [49]] 
------------------------ Dataset: kmk ------------------------
shape: (34, 1), dtype: uint16
Data:[[54]
 [48]
 [51]
 [54]
 [46]
 [48]
 [49]
 [52]
 [50]
 [56]
 [49]
 [45]
 [48]
 [32]
 [54]
 [48]
 [51]
 [54]
 [46]
 [48]
 [49]
 [48]
 [51]
 [56]
 [49]
 [57]
 [57]
 [57]
 [57]
 [57]
 [57]
 [53]
 [45]
 [49]] 
------------------------ Dataset: kml ------------------------
shape: (33, 1), dtype: uint16
Data:[[54]
 [48]
 [53]
 [49]
 [46]
 [54]
 [49]
 [48]
 [52]
 [57]
 [53]
 [45]
 [48]
 [32]
 [54]
 [48]
 [53]
 [49]
 [46]
 [54]
 [49]
 [51]
 [55]
 [57]
 [52]
 [57]
 [57]
 [57]
 [57]
 [57]
 [57]
 [45]
 [49]] 
------------------------ Dataset: kmm ------------------------
shape: (27, 1), dtype: uint16
Data:[[54]
 [48]
 [54]
 [55]
 [46]
 [53]
 [49]
 [51]
 [55]
 [48]
 [54]
 [45]
 [48]
 [32]
 [54]
 [48]
 [54]
 [55]
 [46]
 [53]
 [49]
 [55]
 [56]
 [52]
 [55]
 [45]
 [49]] 
------------------------ Dataset: kmn ------------------------
shape: (32, 1), dtype: uint16
Data:[[54]
 [48]
 [56]
 [51]
 [46]
 [52]
 [54]
 [53]
 [55]
 [52]
 [52]
 [57]
 [57]
 [57]
 [57]
 [57]
 [57]
 [53]
 [45]
 [48]
 [32]
 [54]
 [48]
 [56]
 [51]
 [46]
 [52]
 [54]
 [57]
 [55]
 [45]
 [49]] 
------------------------ Dataset: kmo ------------------------
shape: (39, 1), dtype: uint16
Data:[[53]
 [54]
 [52]
 [52]
 [46]
 [49]
 [51]
 [55]
 [52]
 [57]
 [50]
 [57]
 [57]
 [57]
 [57]
 [57]
 [57]
 [45]
 [48]
 [32]
 [53]
 [54]
 [52]
 [52]
 [46]
 [49]
 [51]
 [55]
 [53]
 [51]
 [53]
 [57]
 [57]
 [57]
 [57]
 [57]
 [57]
 [45]
 [49]] 
------------------------ Dataset: kmp ------------------------
shape: (34, 1), dtype: uint16
Data:[[53]
 [54]
 [53]
 [57]
 [46]
 [56]
 [56]
 [54]
 [53]
 [55]
 [52]
 [57]
 [57]
 [57]
 [57]
 [57]
 [57]
 [53]
 [45]
 [48]
 [32]
 [53]
 [54]
 [53]
 [57]
 [46]
 [56]
 [57]
 [49]
 [49]
 [54]
 [49]
 [45]
 [49]] 
------------------------ Dataset: kmq ------------------------
shape: (39, 1), dtype: uint16
Data:[[53]
 [54]
 [55]
 [53]
 [46]
 [53]
 [57]
 [51]
 [54]
 [56]
 [48]
 [57]
 [57]
 [57]
 [57]
 [57]
 [57]
 [45]
 [48]
 [32]
 [53]
 [54]
 [55]
 [53]
 [46]
 [53]
 [56]
 [57]
 [54]
 [54]
 [54]
 [57]
 [57]
 [57]
 [57]
 [57]
 [57]
 [45]
 [49]] 
------------------------ Dataset: kmr ------------------------
shape: (27, 1), dtype: uint16
Data:[[53]
 [54]
 [57]
 [49]
 [46]
 [51]
 [55]
 [52]
 [56]
 [50]
 [56]
 [45]
 [48]
 [32]
 [53]
 [54]
 [57]
 [49]
 [46]
 [51]
 [55]
 [53]
 [49]
 [48]
 [52]
 [45]
 [49]] 
------------------------ Dataset: kms ------------------------
shape: (33, 1), dtype: uint16
Data:[[54]
 [52]
 [49]
 [52]
 [46]
 [54]
 [51]
 [55]
 [57]
 [57]
 [55]
 [45]
 [48]
 [32]
 [54]
 [52]
 [49]
 [52]
 [46]
 [54]
 [52]
 [49]
 [57]
 [50]
 [50]
 [57]
 [57]
 [57]
 [57]
 [57]
 [57]
 [45]
 [49]] 
------------------------ Dataset: kmt ------------------------
shape: (39, 1), dtype: uint16
Data:[[54]
 [54]
 [48]
 [54]
 [46]
 [55]
 [50]
 [49]
 [57]
 [57]
 [56]
 [57]
 [57]
 [57]
 [57]
 [57]
 [57]
 [45]
 [48]
 [32]
 [54]
 [54]
 [48]
 [54]
 [46]
 [55]
 [49]
 [56]
 [51]
 [51]
 [51]
 [57]
 [57]
 [57]
 [57]
 [57]
 [57]
 [45]
 [49]] 
------------------------ Dataset: kmu ------------------------
shape: (27, 1), dtype: uint16
Data:[[54]
 [54]
 [50]
 [50]
 [46]
 [54]
 [55]
 [52]
 [48]
 [50]
 [57]
 [45]
 [48]
 [32]
 [54]
 [54]
 [50]
 [50]
 [46]
 [54]
 [55]
 [56]
 [49]
 [48]
 [52]
 [45]
 [49]] 
------------------------ Dataset: kmv ------------------------
shape: (33, 1), dtype: uint16
Data:[[54]
 [54]
 [51]
 [56]
 [46]
 [53]
 [51]
 [48]
 [49]
 [50]
 [55]
 [57]
 [57]
 [57]
 [57]
 [57]
 [57]
 [45]
 [48]
 [32]
 [54]
 [54]
 [51]
 [56]
 [46]
 [53]
 [50]
 [51]
 [52]
 [50]
 [57]
 [45]
 [49]] 
------------------------ Dataset: kmw ------------------------
shape: (33, 1), dtype: uint16
Data:[[54]
 [54]
 [53]
 [52]
 [46]
 [49]
 [49]
 [48]
 [48]
 [56]
 [54]
 [45]
 [48]
 [32]
 [54]
 [54]
 [53]
 [52]
 [46]
 [49]
 [49]
 [52]
 [51]
 [51]
 [55]
 [57]
 [57]
 [57]
 [57]
 [57]
 [57]
 [45]
 [49]] 
------------------------ Dataset: kmx ------------------------
shape: (27, 1), dtype: uint16
Data:[[54]
 [54]
 [55]
 [48]
 [46]
 [48]
 [49]
 [48]
 [49]
 [54]
 [50]
 [45]
 [48]
 [32]
 [54]
 [54]
 [55]
 [48]
 [46]
 [48]
 [48]
 [57]
 [57]
 [51]
 [52]
 [45]
 [49]] 
------------------------ Dataset: kmy ------------------------
shape: (27, 1), dtype: uint16
Data:[[54]
 [54]
 [56]
 [53]
 [46]
 [57]
 [50]
 [54]
 [50]
 [50]
 [49]
 [45]
 [48]
 [32]
 [54]
 [54]
 [56]
 [53]
 [46]
 [57]
 [51]
 [48]
 [49]
 [48]
 [51]
 [45]
 [49]] 
------------------------ Dataset: kmz ------------------------
shape: (27, 1), dtype: uint16
Data:[[53]
 [57]
 [48]
 [51]
 [46]
 [56]
 [52]
 [50]
 [51]
 [54]
 [49]
 [45]
 [48]
 [32]
 [53]
 [57]
 [48]
 [51]
 [46]
 [56]
 [52]
 [53]
 [57]
 [50]
 [49]
 [45]
 [49]] 
------------------------ Dataset: kn ------------------------
