shape: (1, 6), dtype: uint32
Data:[[3707764736          2          1          1        878          1]] 
------------------------ Dataset: Gob ------------------------
shape: (34, 1), dtype: uint16
Data:[[54]
 [55]
 [54]
 [56]
 [46]
 [50]
 [50]
 [50]
 [49]
 [52]
 [54]
 [45]
 [48]
 [32]
 [54]
 [55]
 [54]
 [56]
 [46]
 [50]
 [49]
 [56]
 [51]
 [49]
 [53]
 [57]
 [57]
 [57]
 [57]
 [57]
 [57]
 [53]
 [45]
 [49]] 
------------------------ Dataset: Goc ------------------------
shape: (33, 1), dtype: uint16
Data:[[54]
 [50]
 [56]
 [48]
 [46]
 [57]
 [57]
 [57]
 [52]
 [50]
 [56]
 [45]
 [48]
 [32]
 [54]
 [50]
 [56]
 [48]
 [46]
 [57]
 [57]
 [52]
 [49]
 [48]
 [48]
 [57]
 [57]
 [57]
 [57]
 [57]
 [57]
 [45]
 [49]] 
------------------------ Dataset: God ------------------------
shape: (40, 1), dtype: uint16
Data:[[54]
 [50]
 [57]
 [54]
 [46]
 [55]
 [56]
 [49]
 [57]
 [57]
 [49]
 [57]
 [57]
 [57]
 [57]
 [57]
 [57]
 [45]
 [48]
 [32]
 [54]
 [50]
 [57]
 [54]
 [46]
 [55]
 [55]
 [55]
 [56]
 [56]
 [52]
 [57]
 [57]
 [57]
 [57]
 [57]
 [57]
 [53]
 [45]
 [49]] 
------------------------ Dataset: Goe ------------------------
shape: (33, 1), dtype: uint16
Data:[[54]
 [51]
 [49]
 [50]
 [46]
 [54]
 [51]
 [50]
 [51]
 [57]
 [51]
 [45]
 [48]
 [32]
 [54]
 [51]
 [49]
 [50]
 [46]
 [54]
 [51]
 [50]
 [56]
 [52]
 [50]
 [57]
 [57]
 [57]
 [57]
 [57]
 [57]
 [45]
 [49]] 
------------------------ Dataset: Gof ------------------------
shape: (34, 1), dtype: uint16
Data:[[54]
 [51]
 [50]
 [56]
 [46]
 [52]
 [56]
 [56]
 [52]
 [48]
 [50]
 [45]
 [48]
 [32]
 [54]
 [51]
 [50]
 [56]
 [46]
 [52]
 [57]
 [48]
 [52]
 [53]
 [53]
 [57]
 [57]
 [57]
 [57]
 [57]
 [57]
 [53]
 [45]
 [49]] 
------------------------ Dataset: Gog ------------------------
shape: (40, 1), dtype: uint16
Data:[[54]
 [51]
 [52]
 [52]
 [46]
 [51]
 [48]
 [54]
 [50]
 [56]
 [51]
 [57]
 [57]
 [57]
 [57]
 [57]
 [57]
 [45]
 [48]
 [32]
 [54]
 [51]
 [52]
 [52]
 [46]
 [51]
 [48]
 [57]
 [57]
 [56]
 [51]
 [57]
 [57]
 [57]
 [57]
 [57]
 [57]
 [53]
 [45]
 [49]] 
------------------------ Dataset: Goh ------------------------
shape: (26, 1), dtype: uint16
Data:[[54]
 [53]
 [48]
 [57]
 [46]
 [52]
 [49]
 [48]
 [48]
 [54]
 [57]
 [45]
 [48]
 [32]
 [54]
 [53]
 [48]
 [57]
 [46]
 [52]
 [49]
 [48]
 [48]
 [49]
 [45]
 [49]] 
------------------------ Dataset: Goi ------------------------
shape: (33, 1), dtype: uint16
Data:[[54]
 [53]
 [50]
 [53]
 [46]
 [50]
 [49]
 [54]
 [49]
 [48]
 [54]
 [57]
 [57]
 [57]
 [57]
 [57]
 [57]
 [45]
 [48]
 [32]
 [54]
 [53]
 [50]
 [53]
 [46]
 [50]
 [49]
 [54]
 [48]
 [55]
 [49]
 [45]
 [49]] 
------------------------ Dataset: Goj ------------------------
shape: (32, 1), dtype: uint16
Data:[[54]
 [48]
 [50]
 [48]
 [46]
 [56]
 [48]
 [57]
 [55]
 [55]
 [45]
 [48]
 [32]
 [54]
 [48]
 [50]
 [48]
 [46]
 [56]
 [48]
 [53]
 [55]
 [49]
 [54]
 [57]
 [57]
 [57]
 [57]
 [57]
 [57]
 [45]
 [49]] 
------------------------ Dataset: Gok ------------------------
shape: (33, 1), dtype: uint16
Data:[[54]
 [48]
 [51]
 [54]
 [46]
 [54]
 [48]
 [49]
 [56]
 [57]
 [50]
 [45]
 [48]
 [32]
 [54]
 [48]
 [51]
 [54]
 [46]
 [53]
 [57]
 [57]
 [52]
 [52]
 [48]
 [57]
 [57]
 [57]
 [57]
 [57]
 [57]
 [45]
 [49]] 
------------------------ Dataset: Gol ------------------------
shape: (33, 1), dtype: uint16
Data:[[54]
 [48]
 [53]
 [50]
 [46]
 [50]
 [49]
 [53]
 [53]
 [53]
 [54]
 [45]
 [48]
 [32]
 [54]
 [48]
 [53]
 [50]
 [46]
 [50]
 [49]
 [49]
 [49]
 [49]
 [50]
 [57]
 [57]
 [57]
 [57]
 [57]
 [57]
 [45]
 [49]] 
------------------------ Dataset: Gom ------------------------
shape: (27, 1), dtype: uint16
Data:[[54]
 [48]
 [54]
 [56]
 [46]
 [49]
 [50]
 [54]
 [51]
 [57]
 [57]
 [45]
 [48]
 [32]
 [54]
 [48]
 [54]
 [56]
 [46]
 [49]
 [49]
 [55]
 [55]
 [56]
 [54]
 [45]
 [49]] 
------------------------ Dataset: Gon ------------------------
shape: (27, 1), dtype: uint16
Data:[[54]
 [48]
 [56]
 [52]
 [46]
 [48]
 [54]
 [48]
 [56]
 [57]
 [56]
 [45]
 [48]
 [32]
 [54]
 [48]
 [56]
 [52]
 [46]
 [48]
 [54]
 [57]
 [48]
 [56]
 [55]
 [45]
 [49]] 
------------------------ Dataset: Goo ------------------------
shape: (33, 1), dtype: uint16
Data:[[53]
 [54]
 [52]
 [52]
 [46]
 [55]
 [52]
 [54]
 [48]
 [51]
 [54]
 [45]
 [48]
 [32]
 [53]
 [54]
 [52]
 [52]
 [46]
 [55]
 [51]
 [55]
 [53]
 [54]
 [52]
 [57]
 [57]
 [57]
 [57]
 [57]
 [57]
 [45]
 [49]] 
------------------------ Dataset: Gop ------------------------
shape: (27, 1), dtype: uint16
Data:[[53]
 [54]
 [54]
 [48]
 [46]
 [52]
 [56]
 [55]
 [56]
 [50]
 [49]
 [45]
 [48]
 [32]
 [53]
 [54]
 [54]
 [48]
 [46]
 [52]
 [56]
 [55]
 [54]
 [57]
 [55]
 [45]
 [49]] 
------------------------ Dataset: Goq ------------------------
shape: (33, 1), dtype: uint16
Data:[[53]
 [54]
 [55]
 [54]
 [46]
 [49]
 [56]
 [54]
 [48]
 [54]
 [51]
 [45]
 [48]
 [32]
 [53]
 [54]
 [55]
 [54]
 [46]
 [49]
 [55]
 [56]
 [53]
 [52]
 [48]
 [57]
 [57]
 [57]
 [57]
 [57]
 [57]
 [45]
 [49]] 
------------------------ Dataset: Gor ------------------------
shape: (39, 1), dtype: uint16
Data:[[53]
 [54]
 [57]
 [49]
 [46]
 [57]
 [54]
 [54]
 [51]
 [49]
 [48]
 [57]
 [57]
 [57]
 [57]
 [57]
 [57]
 [45]
 [48]
 [32]
 [53]
 [54]
 [57]
 [49]
 [46]
 [57]
 [55]
 [48]
 [54]
 [52]
 [49]
 [57]
 [57]
 [57]
 [57]
 [57]
 [57]
 [45]
 [49]] 
------------------------ Dataset: Gos ------------------------
shape: (41, 1), dtype: uint16
Data:[[54]
 [52]
 [49]
 [53]
 [46]
 [50]
 [52]
 [49]
 [57]
 [57]
 [55]
 [57]
 [57]
 [57]
 [57]
 [57]
 [57]
 [53]
 [45]
 [48]
 [32]
 [54]
 [52]
 [49]
 [53]
 [46]
 [50]
 [52]
 [53]
 [57]
 [52]
 [57]
 [57]
 [57]
 [57]
 [57]
 [57]
 [57]
 [53]
 [45]
 [49]] 
------------------------ Dataset: Got ------------------------
shape: (33, 1), dtype: uint16
Data:[[54]
 [54]
 [48]
 [55]
 [46]
 [51]
 [51]
 [52]
 [48]
 [56]
 [54]
 [57]
 [57]
 [57]
 [57]
 [57]
 [57]
 [45]
 [48]
 [32]
 [54]
 [54]
 [48]
 [55]
 [46]
 [51]
 [51]
 [48]
 [48]
 [53]
 [57]
 [45]
 [49]] 
------------------------ Dataset: Gou ------------------------
shape: (31, 1), dtype: uint16
Data:[[54]
 [54]
 [50]
 [51]
 [46]
 [50]
 [55]
 [56]
 [51]
 [45]
 [48]
 [32]
 [54]
 [54]
 [50]
 [51]
 [46]
 [50]
 [55]
 [52]
 [49]
 [48]
 [49]
 [57]
 [57]
 [57]
 [57]
 [57]
 [57]
 [45]
 [49]] 
------------------------ Dataset: Gov ------------------------
shape: (33, 1), dtype: uint16
Data:[[54]
 [54]
 [51]
 [57]
 [46]
 [49]
 [49]
 [48]
 [51]
 [50]
 [54]
 [57]
 [57]
 [57]
 [57]
 [57]
 [57]
 [45]
 [48]
 [32]
 [54]
 [54]
 [51]
 [57]
 [46]
 [49]
 [49]
 [54]
 [56]
 [48]
 [54]
 [45]
 [49]] 
------------------------ Dataset: Gow ------------------------
shape: (34, 1), dtype: uint16
Data:[[54]
 [54]
 [53]
 [52]
 [46]
 [55]
 [50]
 [50]
 [50]
 [51]
 [50]
 [57]
 [57]
 [57]
 [57]
 [57]
 [57]
 [53]
 [45]
 [48]
 [32]
 [54]
 [54]
 [53]
 [52]
 [46]
 [55]
 [50]
 [54]
 [48]
 [56]
 [57]
 [45]
 [49]] 
------------------------ Dataset: Gox ------------------------
shape: (27, 1), dtype: uint16
Data:[[54]
 [54]
 [55]
 [48]
 [46]
 [54]
 [49]
 [56]
 [48]
 [53]
 [56]
 [45]
 [48]
 [32]
 [54]
 [54]
 [55]
 [48]
 [46]
 [54]
 [49]
 [52]
 [49]
 [53]
 [49]
 [45]
 [49]] 
------------------------ Dataset: Goy ------------------------
shape: (25, 1), dtype: uint16
Data:[[54]
 [54]
 [56]
 [54]
 [46]
 [53]
 [50]
 [50]
 [48]
 [51]
 [45]
 [48]
 [32]
 [54]
 [54]
 [56]
 [54]
 [46]
 [53]
 [50]
 [54]
 [48]
 [56]
 [45]
 [49]] 
------------------------ Dataset: Goz ------------------------
shape: (34, 1), dtype: uint16
Data:[[53]
 [57]
 [48]
 [52]
 [46]
 [52]
 [51]
 [55]
 [56]
 [52]
 [52]
 [57]
 [57]
 [57]
 [57]
 [57]
 [57]
 [53]
 [45]
 [48]
 [32]
 [53]
 [57]
 [48]
 [52]
 [46]
 [52]
 [52]
 [49]
 [54]
 [53]
 [51]
 [45]
 [49]] 
------------------------ Dataset: Gp ------------------------
