shape: (1, 6), dtype: uint32
Data:[[3707764736          2          1          1       1631          1]] 
------------------------ Dataset: 9Ab ------------------------
shape: (40, 1), dtype: uint16
Data:[[54]
 [55]
 [55]
 [49]
 [46]
 [51]
 [57]
 [53]
 [54]
 [52]
 [49]
 [57]
 [57]
 [57]
 [57]
 [57]
 [57]
 [53]
 [45]
 [48]
 [32]
 [54]
 [55]
 [55]
 [49]
 [46]
 [51]
 [57]
 [48]
 [54]
 [50]
 [53]
 [57]
 [57]
 [57]
 [57]
 [57]
 [57]
 [45]
 [49]] 
------------------------ Dataset: 9Ac ------------------------
shape: (33, 1), dtype: uint16
Data:[[54]
 [50]
 [56]
 [52]
 [46]
 [49]
 [55]
 [48]
 [56]
 [54]
 [53]
 [45]
 [48]
 [32]
 [54]
 [50]
 [56]
 [52]
 [46]
 [49]
 [55]
 [52]
 [48]
 [54]
 [55]
 [57]
 [57]
 [57]
 [57]
 [57]
 [57]
 [45]
 [49]] 
------------------------ Dataset: 9Ad ------------------------
shape: (19, 1), dtype: uint16
Data:[[54]
 [50]
 [57]
 [57]
 [46]
 [57]
 [51]
 [51]
 [57]
 [48]
 [56]
 [57]
 [57]
 [57]
 [57]
 [57]
 [57]
 [45]
 [48]] 
------------------------ Dataset: 9Ae ------------------------
shape: (33, 1), dtype: uint16
Data:[[54]
 [51]
 [49]
 [53]
 [46]
 [56]
 [49]
 [55]
 [52]
 [52]
 [51]
 [57]
 [57]
 [57]
 [57]
 [57]
 [57]
 [45]
 [48]
 [32]
 [54]
 [51]
 [49]
 [53]
 [46]
 [56]
 [49]
 [48]
 [49]
 [53]
 [55]
 [45]
 [49]] 
------------------------ Dataset: 9Af ------------------------
shape: (33, 1), dtype: uint16
Data:[[54]
 [51]
 [51]
 [49]
 [46]
 [54]
 [52]
 [53]
 [56]
 [53]
 [56]
 [45]
 [48]
 [32]
 [54]
 [51]
 [51]
 [49]
 [46]
 [54]
 [52]
 [49]
 [56]
 [55]
 [52]
 [57]
 [57]
 [57]
 [57]
 [57]
 [57]
 [45]
 [49]] 
------------------------ Dataset: 9Ag ------------------------
shape: (33, 1), dtype: uint16
Data:[[54]
 [52]
 [57]
 [54]
 [46]
 [56]
 [48]
 [50]
 [48]
 [56]
 [55]
 [45]
 [48]
 [32]
 [54]
 [52]
 [57]
 [54]
 [46]
 [56]
 [48]
 [49]
 [57]
 [57]
 [56]
 [57]
 [57]
 [57]
 [57]
 [57]
 [57]
 [45]
 [49]] 
------------------------ Dataset: 9Ah ------------------------
shape: (20, 1), dtype: uint16
Data:[[54]
 [53]
 [49]
 [50]
 [46]
 [53]
 [53]
 [52]
 [48]
 [54]
 [55]
 [57]
 [57]
 [57]
 [57]
 [57]
 [57]
 [53]
 [45]
 [48]] 
------------------------ Dataset: 9Ai ------------------------
shape: (33, 1), dtype: uint16
Data:[[54]
 [53]
 [50]
 [56]
 [46]
 [51]
 [57]
 [52]
 [49]
 [48]
 [49]
 [57]
 [57]
 [57]
 [57]
 [57]
 [57]
 [45]
 [48]
 [32]
 [54]
 [53]
 [50]
 [56]
 [46]
 [51]
 [57]
 [48]
 [49]
 [48]
 [54]
 [45]
 [49]] 
------------------------ Dataset: 9Aj ------------------------
shape: (32, 1), dtype: uint16
Data:[[54]
 [48]
 [50]
 [51]
 [46]
 [57]
 [55]
 [51]
 [54]
 [57]
 [51]
 [57]
 [57]
 [57]
 [57]
 [57]
 [57]
 [45]
 [48]
 [32]
 [54]
 [48]
 [50]
 [51]
 [46]
 [57]
 [54]
 [57]
 [54]
 [54]
 [45]
 [49]] 
------------------------ Dataset: 9Ak ------------------------
shape: (27, 1), dtype: uint16
Data:[[54]
 [48]
 [51]
 [57]
 [46]
 [55]
 [50]
 [53]
 [56]
 [55]
 [50]
 [45]
 [48]
 [32]
 [54]
 [48]
 [51]
 [57]
 [46]
 [55]
 [50]
 [57]
 [55]
 [53]
 [49]
 [45]
 [49]] 
------------------------ Dataset: 9Al ------------------------
shape: (34, 1), dtype: uint16
Data:[[54]
 [48]
 [53]
 [53]
 [46]
 [51]
 [57]
 [50]
 [49]
 [50]
 [55]
 [57]
 [57]
 [57]
 [57]
 [57]
 [57]
 [53]
 [45]
 [48]
 [32]
 [54]
 [48]
 [53]
 [53]
 [46]
 [51]
 [57]
 [52]
 [51]
 [57]
 [54]
 [45]
 [49]] 
------------------------ Dataset: 9Am ------------------------
shape: (34, 1), dtype: uint16
Data:[[54]
 [48]
 [55]
 [49]
 [46]
 [51]
 [51]
 [48]
 [48]
 [55]
 [51]
 [45]
 [48]
 [32]
 [54]
 [48]
 [55]
 [49]
 [46]
 [51]
 [50]
 [53]
 [56]
 [56]
 [50]
 [57]
 [57]
 [57]
 [57]
 [57]
 [57]
 [53]
 [45]
 [49]] 
------------------------ Dataset: 9An ------------------------
shape: (26, 1), dtype: uint16
Data:[[53]
 [54]
 [51]
 [50]
 [46]
 [49]
 [57]
 [57]
 [48]
 [54]
 [45]
 [48]
 [32]
 [53]
 [54]
 [51]
 [50]
 [46]
 [49]
 [57]
 [51]
 [54]
 [49]
 [57]
 [45]
 [49]] 
------------------------ Dataset: 9Ao ------------------------
shape: (39, 1), dtype: uint16
Data:[[53]
 [54]
 [52]
 [55]
 [46]
 [56]
 [56]
 [49]
 [54]
 [49]
 [49]
 [57]
 [57]
 [57]
 [57]
 [57]
 [57]
 [45]
 [48]
 [32]
 [53]
 [54]
 [52]
 [55]
 [46]
 [56]
 [57]
 [48]
 [50]
 [52]
 [54]
 [57]
 [57]
 [57]
 [57]
 [57]
 [57]
 [45]
 [49]] 
------------------------ Dataset: 9Ap ------------------------
shape: (40, 1), dtype: uint16
Data:[[53]
 [54]
 [54]
 [51]
 [46]
 [54]
 [49]
 [55]
 [55]
 [52]
 [51]
 [57]
 [57]
 [57]
 [57]
 [57]
 [57]
 [45]
 [48]
 [32]
 [53]
 [54]
 [54]
 [51]
 [46]
 [54]
 [50]
 [49]
 [54]
 [53]
 [48]
 [57]
 [57]
 [57]
 [57]
 [57]
 [57]
 [53]
 [45]
 [49]] 
------------------------ Dataset: 9Aq ------------------------
shape: (32, 1), dtype: uint16
Data:[[53]
 [54]
 [55]
 [57]
 [46]
 [51]
 [54]
 [49]
 [53]
 [53]
 [45]
 [48]
 [32]
 [53]
 [54]
 [55]
 [57]
 [46]
 [51]
 [54]
 [53]
 [54]
 [52]
 [48]
 [57]
 [57]
 [57]
 [57]
 [57]
 [57]
 [45]
 [49]] 
------------------------ Dataset: 9Ar ------------------------
shape: (27, 1), dtype: uint16
Data:[[53]
 [56]
 [48]
 [53]
 [46]
 [54]
 [54]
 [53]
 [56]
 [49]
 [54]
 [45]
 [48]
 [32]
 [53]
 [56]
 [48]
 [53]
 [46]
 [54]
 [55]
 [48]
 [49]
 [49]
 [55]
 [45]
 [49]] 
------------------------ Dataset: 9As ------------------------
shape: (33, 1), dtype: uint16
Data:[[54]
 [52]
 [49]
 [56]
 [46]
 [52]
 [50]
 [50]
 [48]
 [49]
 [50]
 [57]
 [57]
 [57]
 [57]
 [57]
 [57]
 [45]
 [48]
 [32]
 [54]
 [52]
 [49]
 [56]
 [46]
 [52]
 [49]
 [56]
 [48]
 [54]
 [53]
 [45]
 [49]] 
------------------------ Dataset: 9At ------------------------
shape: (33, 1), dtype: uint16
Data:[[54]
 [54]
 [49]
 [48]
 [46]
 [53]
 [49]
 [52]
 [49]
 [55]
 [55]
 [57]
 [57]
 [57]
 [57]
 [57]
 [57]
 [45]
 [48]
 [32]
 [54]
 [54]
 [49]
 [48]
 [46]
 [53]
 [49]
 [48]
 [48]
 [57]
 [49]
 [45]
 [49]] 
------------------------ Dataset: 9Au ------------------------
shape: (33, 1), dtype: uint16
Data:[[54]
 [54]
 [50]
 [54]
 [46]
 [52]
 [53]
 [48]
 [48]
 [53]
 [55]
 [57]
 [57]
 [57]
 [57]
 [57]
 [57]
 [45]
 [48]
 [32]
 [54]
 [54]
 [50]
 [54]
 [46]
 [52]
 [52]
 [54]
 [49]
 [54]
 [54]
 [45]
 [49]] 
------------------------ Dataset: 9Av ------------------------
shape: (27, 1), dtype: uint16
Data:[[54]
 [54]
 [52]
 [50]
 [46]
 [50]
 [50]
 [54]
 [51]
 [51]
 [55]
 [45]
 [48]
 [32]
 [54]
 [54]
 [52]
 [50]
 [46]
 [50]
 [51]
 [48]
 [49]
 [57]
 [57]
 [45]
 [49]] 
------------------------ Dataset: 9Aw ------------------------
shape: (34, 1), dtype: uint16
Data:[[54]
 [54]
 [53]
 [55]
 [46]
 [57]
 [50]
 [54]
 [49]
 [49]
 [50]
 [57]
 [57]
 [57]
 [57]
 [57]
 [57]
 [53]
 [45]
 [48]
 [32]
 [54]
 [54]
 [53]
 [55]
 [46]
 [57]
 [50]
 [50]
 [49]
 [53]
 [55]
 [45]
 [49]] 
------------------------ Dataset: 9Ax ------------------------
shape: (33, 1), dtype: uint16
Data:[[54]
 [54]
 [55]
 [51]
 [46]
 [56]
 [48]
 [54]
 [51]
 [48]
 [55]
 [57]
 [57]
 [57]
 [57]
 [57]
 [57]
 [45]
 [48]
 [32]
 [54]
 [54]
 [55]
 [51]
 [46]
 [56]
 [49]
 [50]
 [56]
 [49]
 [50]
 [45]
 [49]] 
------------------------ Dataset: 9Ay ------------------------
shape: (26, 1), dtype: uint16
Data:[[54]
 [54]
 [56]
 [57]
 [46]
 [55]
 [50]
 [54]
 [48]
 [55]
 [56]
 [45]
 [48]
 [32]
 [54]
 [54]
 [56]
 [57]
 [46]
 [55]
 [50]
 [50]
 [49]
 [55]
 [45]
 [49]] 
------------------------ Dataset: 9Az ------------------------
shape: (39, 1), dtype: uint16
Data:[[53]
 [57]
 [48]
 [55]
 [46]
 [54]
 [50]
 [53]
 [55]
 [53]
 [55]
 [57]
 [57]
 [57]
 [57]
 [57]
 [57]
 [45]
 [48]
 [32]
 [53]
 [57]
 [48]
 [55]
 [46]
 [54]
 [50]
 [49]
 [55]
 [48]
 [51]
 [57]
 [57]
 [57]
 [57]
 [57]
 [57]
 [45]
 [49]] 
------------------------ Dataset: 9B ------------------------
