shape: (1, 6), dtype: uint32
Data:[[3707764736          2          1          1        987          1]] 
------------------------ Dataset: uqb ------------------------
shape: (33, 1), dtype: uint16
Data:[[54]
 [55]
 [54]
 [56]
 [46]
 [54]
 [55]
 [52]
 [49]
 [57]
 [49]
 [45]
 [48]
 [32]
 [54]
 [55]
 [54]
 [56]
 [46]
 [54]
 [55]
 [48]
 [50]
 [52]
 [55]
 [57]
 [57]
 [57]
 [57]
 [57]
 [57]
 [45]
 [49]] 
------------------------ Dataset: uqc ------------------------
shape: (26, 1), dtype: uint16
Data:[[54]
 [50]
 [56]
 [49]
 [46]
 [52]
 [55]
 [53]
 [48]
 [54]
 [45]
 [48]
 [32]
 [54]
 [50]
 [56]
 [49]
 [46]
 [52]
 [55]
 [48]
 [49]
 [50]
 [53]
 [45]
 [49]] 
------------------------ Dataset: uqd ------------------------
shape: (27, 1), dtype: uint16
Data:[[54]
 [50]
 [57]
 [55]
 [46]
 [50]
 [52]
 [49]
 [56]
 [54]
 [52]
 [45]
 [48]
 [32]
 [54]
 [50]
 [57]
 [55]
 [46]
 [50]
 [51]
 [55]
 [57]
 [56]
 [50]
 [45]
 [49]] 
------------------------ Dataset: uqe ------------------------
shape: (27, 1), dtype: uint16
Data:[[54]
 [51]
 [49]
 [51]
 [46]
 [49]
 [49]
 [56]
 [51]
 [53]
 [53]
 [45]
 [48]
 [32]
 [54]
 [51]
 [49]
 [51]
 [46]
 [49]
 [49]
 [48]
 [51]
 [48]
 [55]
 [45]
 [49]] 
------------------------ Dataset: uqf ------------------------
shape: (33, 1), dtype: uint16
Data:[[54]
 [51]
 [50]
 [56]
 [46]
 [57]
 [52]
 [49]
 [56]
 [51]
 [53]
 [45]
 [48]
 [32]
 [54]
 [51]
 [50]
 [56]
 [46]
 [57]
 [51]
 [56]
 [55]
 [53]
 [55]
 [57]
 [57]
 [57]
 [57]
 [57]
 [57]
 [45]
 [49]] 
------------------------ Dataset: uqg ------------------------
shape: (40, 1), dtype: uint16
Data:[[54]
 [51]
 [52]
 [52]
 [46]
 [55]
 [55]
 [52]
 [48]
 [49]
 [50]
 [57]
 [57]
 [57]
 [57]
 [57]
 [57]
 [45]
 [48]
 [32]
 [54]
 [51]
 [52]
 [52]
 [46]
 [55]
 [55]
 [56]
 [48]
 [49]
 [51]
 [57]
 [57]
 [57]
 [57]
 [57]
 [57]
 [53]
 [45]
 [49]] 
------------------------ Dataset: uqh ------------------------
shape: (27, 1), dtype: uint16
Data:[[54]
 [53]
 [48]
 [57]
 [46]
 [56]
 [54]
 [54]
 [48]
 [55]
 [55]
 [45]
 [48]
 [32]
 [54]
 [53]
 [48]
 [57]
 [46]
 [56]
 [54]
 [54]
 [48]
 [56]
 [54]
 [45]
 [49]] 
------------------------ Dataset: uqi ------------------------
shape: (33, 1), dtype: uint16
Data:[[54]
 [53]
 [50]
 [53]
 [46]
 [54]
 [55]
 [52]
 [51]
 [51]
 [56]
 [57]
 [57]
 [57]
 [57]
 [57]
 [57]
 [45]
 [48]
 [32]
 [54]
 [53]
 [50]
 [53]
 [46]
 [54]
 [55]
 [48]
 [57]
 [52]
 [53]
 [45]
 [49]] 
------------------------ Dataset: uqj ------------------------
shape: (27, 1), dtype: uint16
Data:[[54]
 [48]
 [50]
 [49]
 [46]
 [50]
 [55]
 [50]
 [54]
 [57]
 [50]
 [45]
 [48]
 [32]
 [54]
 [48]
 [50]
 [49]
 [46]
 [50]
 [55]
 [53]
 [55]
 [48]
 [57]
 [45]
 [49]] 
------------------------ Dataset: uqk ------------------------
shape: (19, 1), dtype: uint16
Data:[[54]
 [48]
 [51]
 [55]
 [46]
 [48]
 [53]
 [48]
 [48]
 [50]
 [54]
 [57]
 [57]
 [57]
 [57]
 [57]
 [57]
 [45]
 [49]] 
------------------------ Dataset: uql ------------------------
shape: (33, 1), dtype: uint16
Data:[[54]
 [48]
 [53]
 [50]
 [46]
 [54]
 [56]
 [50]
 [50]
 [50]
 [57]
 [57]
 [57]
 [57]
 [57]
 [57]
 [57]
 [45]
 [48]
 [32]
 [54]
 [48]
 [53]
 [50]
 [46]
 [54]
 [55]
 [52]
 [53]
 [51]
 [55]
 [45]
 [49]] 
------------------------ Dataset: uqm ------------------------
shape: (23, 1), dtype: uint16
Data:[[54]
 [48]
 [54]
 [56]
 [46]
 [53]
 [57]
 [51]
 [56]
 [45]
 [48]
 [32]
 [54]
 [48]
 [54]
 [56]
 [46]
 [53]
 [57]
 [51]
 [56]
 [45]
 [49]] 
------------------------ Dataset: uqn ------------------------
shape: (13, 1), dtype: uint16
Data:[[54]
 [48]
 [56]
 [52]
 [46]
 [53]
 [48]
 [54]
 [49]
 [55]
 [52]
 [45]
 [48]] 
------------------------ Dataset: uqo ------------------------
shape: (27, 1), dtype: uint16
Data:[[53]
 [54]
 [52]
 [53]
 [46]
 [49]
 [56]
 [57]
 [56]
 [49]
 [50]
 [45]
 [48]
 [32]
 [53]
 [54]
 [52]
 [53]
 [46]
 [49]
 [57]
 [51]
 [54]
 [52]
 [49]
 [45]
 [49]] 
------------------------ Dataset: uqp ------------------------
shape: (34, 1), dtype: uint16
Data:[[53]
 [54]
 [54]
 [48]
 [46]
 [57]
 [52]
 [53]
 [53]
 [57]
 [50]
 [57]
 [57]
 [57]
 [57]
 [57]
 [57]
 [53]
 [45]
 [48]
 [32]
 [53]
 [54]
 [54]
 [48]
 [46]
 [57]
 [52]
 [49]
 [57]
 [55]
 [51]
 [45]
 [49]] 
------------------------ Dataset: uqq ------------------------
shape: (34, 1), dtype: uint16
Data:[[53]
 [54]
 [55]
 [54]
 [46]
 [54]
 [52]
 [50]
 [51]
 [49]
 [53]
 [57]
 [57]
 [57]
 [57]
 [57]
 [57]
 [53]
 [45]
 [48]
 [32]
 [53]
 [54]
 [55]
 [54]
 [46]
 [54]
 [52]
 [50]
 [57]
 [57]
 [52]
 [45]
 [49]] 
------------------------ Dataset: uqr ------------------------
shape: (26, 1), dtype: uint16
Data:[[53]
 [54]
 [57]
 [50]
 [46]
 [52]
 [49]
 [55]
 [53]
 [53]
 [56]
 [45]
 [48]
 [32]
 [53]
 [54]
 [57]
 [50]
 [46]
 [52]
 [50]
 [49]
 [53]
 [51]
 [45]
 [49]] 
------------------------ Dataset: uqs ------------------------
shape: (33, 1), dtype: uint16
Data:[[54]
 [52]
 [49]
 [53]
 [46]
 [55]
 [50]
 [56]
 [50]
 [52]
 [52]
 [57]
 [57]
 [57]
 [57]
 [57]
 [57]
 [45]
 [48]
 [32]
 [54]
 [52]
 [49]
 [53]
 [46]
 [55]
 [50]
 [49]
 [57]
 [55]
 [56]
 [45]
 [49]] 
------------------------ Dataset: uqt ------------------------
shape: (33, 1), dtype: uint16
Data:[[54]
 [54]
 [48]
 [55]
 [46]
 [56]
 [48]
 [50]
 [48]
 [50]
 [56]
 [45]
 [48]
 [32]
 [54]
 [54]
 [48]
 [55]
 [46]
 [55]
 [57]
 [56]
 [53]
 [51]
 [53]
 [57]
 [57]
 [57]
 [57]
 [57]
 [57]
 [45]
 [49]] 
------------------------ Dataset: uqu ------------------------
shape: (33, 1), dtype: uint16
Data:[[54]
 [54]
 [50]
 [51]
 [46]
 [55]
 [51]
 [48]
 [50]
 [49]
 [54]
 [45]
 [48]
 [32]
 [54]
 [54]
 [50]
 [51]
 [46]
 [55]
 [51]
 [48]
 [48]
 [53]
 [50]
 [57]
 [57]
 [57]
 [57]
 [57]
 [57]
 [45]
 [49]] 
------------------------ Dataset: uqv ------------------------
shape: (27, 1), dtype: uint16
Data:[[54]
 [54]
 [51]
 [57]
 [46]
 [53]
 [54]
 [50]
 [49]
 [56]
 [53]
 [45]
 [48]
 [32]
 [54]
 [54]
 [51]
 [57]
 [46]
 [53]
 [54]
 [54]
 [50]
 [55]
 [50]
 [45]
 [49]] 
------------------------ Dataset: uqw ------------------------
shape: (32, 1), dtype: uint16
Data:[[54]
 [54]
 [53]
 [53]
 [46]
 [49]
 [55]
 [52]
 [52]
 [52]
 [45]
 [48]
 [32]
 [54]
 [54]
 [53]
 [53]
 [46]
 [49]
 [55]
 [56]
 [50]
 [53]
 [48]
 [57]
 [57]
 [57]
 [57]
 [57]
 [57]
 [45]
 [49]] 
------------------------ Dataset: uqx ------------------------
shape: (27, 1), dtype: uint16
Data:[[54]
 [54]
 [55]
 [49]
 [46]
 [48]
 [55]
 [56]
 [49]
 [48]
 [54]
 [45]
 [48]
 [32]
 [54]
 [54]
 [55]
 [49]
 [46]
 [48]
 [55]
 [52]
 [48]
 [57]
 [56]
 [45]
 [49]] 
------------------------ Dataset: uqy ------------------------
shape: (13, 1), dtype: uint16
Data:[[54]
 [54]
 [56]
 [54]
 [46]
 [57]
 [55]
 [52]
 [48]
 [57]
 [56]
 [45]
 [48]] 
------------------------ Dataset: uqz ------------------------
shape: (33, 1), dtype: uint16
Data:[[53]
 [57]
 [48]
 [52]
 [46]
 [56]
 [56]
 [57]
 [54]
 [54]
 [51]
 [57]
 [57]
 [57]
 [57]
 [57]
 [57]
 [45]
 [48]
 [32]
 [53]
 [57]
 [48]
 [52]
 [46]
 [56]
 [57]
 [51]
 [55]
 [53]
 [57]
 [45]
 [49]] 
------------------------ Dataset: ur ------------------------
