shape: (1, 6), dtype: uint32
Data:[[3707764736          2          1          1       1929          1]] 
------------------------ Dataset: 5Fb ------------------------
shape: (25, 1), dtype: uint16
Data:[[54]
 [55]
 [55]
 [50]
 [46]
 [54]
 [52]
 [54]
 [49]
 [45]
 [48]
 [32]
 [54]
 [55]
 [55]
 [50]
 [46]
 [54]
 [52]
 [50]
 [48]
 [57]
 [49]
 [45]
 [49]] 
------------------------ Dataset: 5Fc ------------------------
shape: (39, 1), dtype: uint16
Data:[[54]
 [50]
 [56]
 [53]
 [46]
 [52]
 [52]
 [51]
 [50]
 [50]
 [50]
 [57]
 [57]
 [57]
 [57]
 [57]
 [57]
 [45]
 [48]
 [32]
 [54]
 [50]
 [56]
 [53]
 [46]
 [52]
 [52]
 [48]
 [50]
 [55]
 [53]
 [57]
 [57]
 [57]
 [57]
 [57]
 [57]
 [45]
 [49]] 
------------------------ Dataset: 5Fd ------------------------
shape: (33, 1), dtype: uint16
Data:[[54]
 [51]
 [48]
 [49]
 [46]
 [50]
 [48]
 [49]
 [56]
 [57]
 [52]
 [45]
 [48]
 [32]
 [54]
 [51]
 [48]
 [49]
 [46]
 [49]
 [57]
 [55]
 [57]
 [51]
 [52]
 [57]
 [57]
 [57]
 [57]
 [57]
 [57]
 [45]
 [49]] 
------------------------ Dataset: 5Fe ------------------------
shape: (27, 1), dtype: uint16
Data:[[54]
 [51]
 [49]
 [55]
 [46]
 [48]
 [55]
 [51]
 [56]
 [54]
 [55]
 [45]
 [48]
 [32]
 [54]
 [51]
 [49]
 [55]
 [46]
 [48]
 [55]
 [48]
 [49]
 [53]
 [54]
 [45]
 [49]] 
------------------------ Dataset: 5Ff ------------------------
shape: (27, 1), dtype: uint16
Data:[[54]
 [51]
 [51]
 [50]
 [46]
 [57]
 [49]
 [52]
 [49]
 [52]
 [50]
 [45]
 [48]
 [32]
 [54]
 [51]
 [51]
 [50]
 [46]
 [57]
 [48]
 [57]
 [51]
 [53]
 [53]
 [45]
 [49]] 
------------------------ Dataset: 5Fg ------------------------
shape: (27, 1), dtype: uint16
Data:[[54]
 [52]
 [57]
 [56]
 [46]
 [48]
 [52]
 [53]
 [57]
 [55]
 [55]
 [45]
 [48]
 [32]
 [54]
 [52]
 [57]
 [56]
 [46]
 [48]
 [53]
 [48]
 [48]
 [49]
 [51]
 [45]
 [49]] 
------------------------ Dataset: 5Fh ------------------------
shape: (27, 1), dtype: uint16
Data:[[54]
 [53]
 [49]
 [51]
 [46]
 [56]
 [53]
 [56]
 [55]
 [56]
 [51]
 [45]
 [48]
 [32]
 [54]
 [53]
 [49]
 [51]
 [46]
 [56]
 [53]
 [57]
 [48]
 [51]
 [57]
 [45]
 [49]] 
------------------------ Dataset: 5Fi ------------------------
shape: (27, 1), dtype: uint16
Data:[[54]
 [53]
 [50]
 [57]
 [46]
 [54]
 [54]
 [50]
 [48]
 [56]
 [55]
 [45]
 [48]
 [32]
 [54]
 [53]
 [50]
 [57]
 [46]
 [54]
 [53]
 [56]
 [48]
 [51]
 [52]
 [45]
 [49]] 
------------------------ Dataset: 5Fj ------------------------
shape: (27, 1), dtype: uint16
Data:[[54]
 [48]
 [50]
 [53]
 [46]
 [50]
 [49]
 [55]
 [56]
 [53]
 [51]
 [45]
 [48]
 [32]
 [54]
 [48]
 [50]
 [53]
 [46]
 [50]
 [50]
 [49]
 [55]
 [57]
 [57]
 [45]
 [49]] 
------------------------ Dataset: 5Fk ------------------------
shape: (27, 1), dtype: uint16
Data:[[54]
 [48]
 [52]
 [48]
 [46]
 [57]
 [54]
 [50]
 [51]
 [54]
 [54]
 [45]
 [48]
 [32]
 [54]
 [48]
 [52]
 [48]
 [46]
 [57]
 [54]
 [50]
 [53]
 [48]
 [54]
 [45]
 [49]] 
------------------------ Dataset: 5Fl ------------------------
shape: (26, 1), dtype: uint16
Data:[[54]
 [48]
 [53]
 [54]
 [46]
 [54]
 [56]
 [53]
 [55]
 [52]
 [45]
 [48]
 [32]
 [54]
 [48]
 [53]
 [54]
 [46]
 [54]
 [56]
 [49]
 [55]
 [52]
 [55]
 [45]
 [49]] 
------------------------ Dataset: 5Fm ------------------------
shape: (34, 1), dtype: uint16
Data:[[54]
 [48]
 [55]
 [50]
 [46]
 [53]
 [56]
 [49]
 [55]
 [56]
 [55]
 [57]
 [57]
 [57]
 [57]
 [57]
 [57]
 [53]
 [45]
 [48]
 [32]
 [54]
 [48]
 [55]
 [50]
 [46]
 [53]
 [55]
 [55]
 [56]
 [49]
 [57]
 [45]
 [49]] 
------------------------ Dataset: 5Fn ------------------------
shape: (27, 1), dtype: uint16
Data:[[53]
 [54]
 [51]
 [51]
 [46]
 [52]
 [52]
 [53]
 [55]
 [51]
 [52]
 [45]
 [48]
 [32]
 [53]
 [54]
 [51]
 [51]
 [46]
 [52]
 [53]
 [51]
 [56]
 [52]
 [56]
 [45]
 [49]] 
------------------------ Dataset: 5Fo ------------------------
shape: (34, 1), dtype: uint16
Data:[[53]
 [54]
 [52]
 [57]
 [46]
 [49]
 [51]
 [52]
 [48]
 [51]
 [53]
 [57]
 [57]
 [57]
 [57]
 [57]
 [57]
 [53]
 [45]
 [48]
 [32]
 [53]
 [54]
 [52]
 [57]
 [46]
 [49]
 [51]
 [51]
 [48]
 [49]
 [49]
 [45]
 [49]] 
------------------------ Dataset: 5Fp ------------------------
shape: (39, 1), dtype: uint16
Data:[[53]
 [54]
 [54]
 [52]
 [46]
 [56]
 [54]
 [49]
 [55]
 [56]
 [50]
 [57]
 [57]
 [57]
 [57]
 [57]
 [57]
 [45]
 [48]
 [32]
 [53]
 [54]
 [54]
 [52]
 [46]
 [56]
 [54]
 [53]
 [53]
 [51]
 [53]
 [57]
 [57]
 [57]
 [57]
 [57]
 [57]
 [45]
 [49]] 
------------------------ Dataset: 5Fq ------------------------
shape: (27, 1), dtype: uint16
Data:[[53]
 [54]
 [56]
 [48]
 [46]
 [54]
 [49]
 [52]
 [54]
 [55]
 [51]
 [45]
 [48]
 [32]
 [53]
 [54]
 [56]
 [48]
 [46]
 [54]
 [49]
 [55]
 [56]
 [50]
 [52]
 [45]
 [49]] 
------------------------ Dataset: 5Fr ------------------------
shape: (33, 1), dtype: uint16
Data:[[53]
 [56]
 [48]
 [54]
 [46]
 [57]
 [48]
 [57]
 [54]
 [55]
 [48]
 [57]
 [57]
 [57]
 [57]
 [57]
 [57]
 [45]
 [48]
 [32]
 [53]
 [56]
 [48]
 [54]
 [46]
 [57]
 [49]
 [51]
 [54]
 [48]
 [54]
 [45]
 [49]] 
------------------------ Dataset: 5Fs ------------------------
shape: (27, 1), dtype: uint16
Data:[[54]
 [52]
 [49]
 [57]
 [46]
 [54]
 [57]
 [51]
 [57]
 [57]
 [54]
 [45]
 [48]
 [32]
 [54]
 [52]
 [49]
 [57]
 [46]
 [54]
 [57]
 [51]
 [57]
 [57]
 [54]
 [45]
 [49]] 
------------------------ Dataset: 5Ft ------------------------
shape: (39, 1), dtype: uint16
Data:[[54]
 [54]
 [49]
 [49]
 [46]
 [55]
 [56]
 [54]
 [50]
 [56]
 [55]
 [57]
 [57]
 [57]
 [57]
 [57]
 [57]
 [45]
 [48]
 [32]
 [54]
 [54]
 [49]
 [49]
 [46]
 [55]
 [55]
 [56]
 [48]
 [56]
 [50]
 [57]
 [57]
 [57]
 [57]
 [57]
 [57]
 [45]
 [49]] 
------------------------ Dataset: 5Fu ------------------------
shape: (27, 1), dtype: uint16
Data:[[54]
 [54]
 [50]
 [55]
 [46]
 [55]
 [48]
 [52]
 [55]
 [49]
 [53]
 [45]
 [48]
 [32]
 [54]
 [54]
 [50]
 [55]
 [46]
 [55]
 [49]
 [49]
 [56]
 [53]
 [54]
 [45]
 [49]] 
------------------------ Dataset: 5Fv ------------------------
shape: (40, 1), dtype: uint16
Data:[[54]
 [54]
 [52]
 [51]
 [46]
 [52]
 [53]
 [56]
 [50]
 [55]
 [53]
 [57]
 [57]
 [57]
 [57]
 [57]
 [57]
 [45]
 [48]
 [32]
 [54]
 [54]
 [52]
 [51]
 [46]
 [52]
 [54]
 [50]
 [49]
 [51]
 [54]
 [57]
 [57]
 [57]
 [57]
 [57]
 [57]
 [53]
 [45]
 [49]] 
------------------------ Dataset: 5Fw ------------------------
shape: (19, 1), dtype: uint16
Data:[[54]
 [54]
 [53]
 [57]
 [46]
 [50]
 [48]
 [50]
 [48]
 [49]
 [48]
 [57]
 [57]
 [57]
 [57]
 [57]
 [57]
 [45]
 [48]] 
------------------------ Dataset: 5Fx ------------------------
shape: (39, 1), dtype: uint16
Data:[[54]
 [54]
 [55]
 [53]
 [46]
 [48]
 [54]
 [54]
 [48]
 [57]
 [55]
 [57]
 [57]
 [57]
 [57]
 [57]
 [57]
 [45]
 [48]
 [32]
 [54]
 [54]
 [55]
 [53]
 [46]
 [48]
 [54]
 [50]
 [49]
 [52]
 [48]
 [57]
 [57]
 [57]
 [57]
 [57]
 [57]
 [45]
 [49]] 
------------------------ Dataset: 5Fy ------------------------
shape: (39, 1), dtype: uint16
Data:[[54]
 [54]
 [57]
 [48]
 [46]
 [57]
 [57]
 [50]
 [57]
 [51]
 [55]
 [57]
 [57]
 [57]
 [57]
 [57]
 [57]
 [45]
 [48]
 [32]
 [54]
 [54]
 [57]
 [48]
 [46]
 [57]
 [56]
 [50]
 [50]
 [50]
 [48]
 [57]
 [57]
 [57]
 [57]
 [57]
 [57]
 [45]
 [49]] 
------------------------ Dataset: 5Fz ------------------------
shape: (33, 1), dtype: uint16
Data:[[53]
 [57]
 [48]
 [56]
 [46]
 [56]
 [54]
 [49]
 [56]
 [52]
 [49]
 [57]
 [57]
 [57]
 [57]
 [57]
 [57]
 [45]
 [48]
 [32]
 [53]
 [57]
 [48]
 [56]
 [46]
 [56]
 [54]
 [53]
 [56]
 [48]
 [49]
 [45]
 [49]] 
------------------------ Dataset: 5G ------------------------
