shape: (1, 6), dtype: uint32
Data:[[3707764736          2          1          1        287          1]] 
------------------------ Dataset: Veb ------------------------
shape: (27, 1), dtype: uint16
Data:[[54]
 [55]
 [54]
 [53]
 [46]
 [55]
 [50]
 [50]
 [49]
 [49]
 [51]
 [45]
 [48]
 [32]
 [54]
 [55]
 [54]
 [53]
 [46]
 [55]
 [49]
 [56]
 [49]
 [50]
 [57]
 [45]
 [49]] 
------------------------ Dataset: Vec ------------------------
shape: (27, 1), dtype: uint16
Data:[[54]
 [55]
 [56]
 [49]
 [46]
 [53]
 [56]
 [49]
 [55]
 [54]
 [55]
 [45]
 [48]
 [32]
 [54]
 [55]
 [56]
 [49]
 [46]
 [53]
 [56]
 [49]
 [49]
 [52]
 [57]
 [45]
 [49]] 
------------------------ Dataset: Ved ------------------------
shape: (34, 1), dtype: uint16
Data:[[54]
 [50]
 [57]
 [52]
 [46]
 [51]
 [49]
 [56]
 [51]
 [50]
 [50]
 [57]
 [57]
 [57]
 [57]
 [57]
 [57]
 [53]
 [45]
 [48]
 [32]
 [54]
 [50]
 [57]
 [52]
 [46]
 [51]
 [49]
 [53]
 [48]
 [51]
 [51]
 [45]
 [49]] 
------------------------ Dataset: Vee ------------------------
shape: (27, 1), dtype: uint16
Data:[[54]
 [51]
 [49]
 [48]
 [46]
 [49]
 [51]
 [51]
 [57]
 [53]
 [51]
 [45]
 [48]
 [32]
 [54]
 [51]
 [49]
 [48]
 [46]
 [49]
 [50]
 [57]
 [56]
 [53]
 [54]
 [45]
 [49]] 
------------------------ Dataset: Vef ------------------------
shape: (40, 1), dtype: uint16
Data:[[54]
 [51]
 [50]
 [53]
 [46]
 [57]
 [57]
 [48]
 [49]
 [54]
 [50]
 [57]
 [57]
 [57]
 [57]
 [57]
 [57]
 [53]
 [45]
 [48]
 [32]
 [54]
 [51]
 [50]
 [53]
 [46]
 [57]
 [56]
 [54]
 [48]
 [55]
 [53]
 [57]
 [57]
 [57]
 [57]
 [57]
 [57]
 [45]
 [49]] 
------------------------ Dataset: Veg ------------------------
shape: (33, 1), dtype: uint16
Data:[[54]
 [51]
 [52]
 [49]
 [46]
 [56]
 [49]
 [51]
 [57]
 [49]
 [56]
 [57]
 [57]
 [57]
 [57]
 [57]
 [57]
 [45]
 [48]
 [32]
 [54]
 [51]
 [52]
 [49]
 [46]
 [56]
 [49]
 [55]
 [57]
 [53]
 [54]
 [45]
 [49]] 
------------------------ Dataset: Veh ------------------------
shape: (34, 1), dtype: uint16
Data:[[54]
 [53]
 [48]
 [54]
 [46]
 [57]
 [50]
 [49]
 [57]
 [53]
 [51]
 [45]
 [48]
 [32]
 [54]
 [53]
 [48]
 [54]
 [46]
 [57]
 [50]
 [54]
 [50]
 [57]
 [50]
 [57]
 [57]
 [57]
 [57]
 [57]
 [57]
 [53]
 [45]
 [49]] 
------------------------ Dataset: Vei ------------------------
shape: (27, 1), dtype: uint16
Data:[[54]
 [53]
 [50]
 [50]
 [46]
 [55]
 [51]
 [56]
 [54]
 [54]
 [53]
 [45]
 [48]
 [32]
 [54]
 [53]
 [50]
 [50]
 [46]
 [55]
 [52]
 [50]
 [56]
 [49]
 [51]
 [45]
 [49]] 
------------------------ Dataset: Vej ------------------------
shape: (33, 1), dtype: uint16
Data:[[54]
 [48]
 [49]
 [56]
 [46]
 [51]
 [48]
 [57]
 [55]
 [51]
 [53]
 [57]
 [57]
 [57]
 [57]
 [57]
 [57]
 [45]
 [48]
 [32]
 [54]
 [48]
 [49]
 [56]
 [46]
 [51]
 [49]
 [51]
 [56]
 [49]
 [56]
 [45]
 [49]] 
------------------------ Dataset: Vek ------------------------
shape: (40, 1), dtype: uint16
Data:[[54]
 [48]
 [51]
 [52]
 [46]
 [49]
 [50]
 [53]
 [55]
 [55]
 [52]
 [57]
 [57]
 [57]
 [57]
 [57]
 [57]
 [53]
 [45]
 [48]
 [32]
 [54]
 [48]
 [51]
 [52]
 [46]
 [49]
 [50]
 [50]
 [51]
 [49]
 [54]
 [57]
 [57]
 [57]
 [57]
 [57]
 [57]
 [45]
 [49]] 
------------------------ Dataset: Vel ------------------------
shape: (39, 1), dtype: uint16
Data:[[54]
 [48]
 [52]
 [57]
 [46]
 [55]
 [50]
 [49]
 [56]
 [49]
 [56]
 [57]
 [57]
 [57]
 [57]
 [57]
 [57]
 [45]
 [48]
 [32]
 [54]
 [48]
 [52]
 [57]
 [46]
 [55]
 [50]
 [54]
 [48]
 [54]
 [48]
 [57]
 [57]
 [57]
 [57]
 [57]
 [57]
 [45]
 [49]] 
------------------------ Dataset: Vem ------------------------
shape: (39, 1), dtype: uint16
Data:[[54]
 [48]
 [54]
 [53]
 [46]
 [54]
 [49]
 [55]
 [55]
 [56]
 [49]
 [57]
 [57]
 [57]
 [57]
 [57]
 [57]
 [45]
 [48]
 [32]
 [54]
 [48]
 [54]
 [53]
 [46]
 [54]
 [50]
 [49]
 [57]
 [54]
 [57]
 [57]
 [57]
 [57]
 [57]
 [57]
 [57]
 [45]
 [49]] 
------------------------ Dataset: Ven ------------------------
shape: (39, 1), dtype: uint16
Data:[[54]
 [48]
 [56]
 [49]
 [46]
 [53]
 [54]
 [49]
 [55]
 [53]
 [56]
 [57]
 [57]
 [57]
 [57]
 [57]
 [57]
 [45]
 [48]
 [32]
 [54]
 [48]
 [56]
 [49]
 [46]
 [53]
 [54]
 [53]
 [56]
 [51]
 [49]
 [57]
 [57]
 [57]
 [57]
 [57]
 [57]
 [45]
 [49]] 
------------------------ Dataset: Veo ------------------------
shape: (27, 1), dtype: uint16
Data:[[53]
 [54]
 [52]
 [50]
 [46]
 [50]
 [54]
 [53]
 [53]
 [48]
 [54]
 [45]
 [48]
 [32]
 [53]
 [54]
 [52]
 [50]
 [46]
 [50]
 [54]
 [53]
 [53]
 [51]
 [57]
 [45]
 [49]] 
------------------------ Dataset: Vep ------------------------
shape: (27, 1), dtype: uint16
Data:[[53]
 [54]
 [53]
 [56]
 [46]
 [48]
 [49]
 [57]
 [55]
 [50]
 [53]
 [45]
 [48]
 [32]
 [53]
 [54]
 [53]
 [56]
 [46]
 [48]
 [49]
 [57]
 [54]
 [53]
 [57]
 [45]
 [49]] 
------------------------ Dataset: Veq ------------------------
shape: (26, 1), dtype: uint16
Data:[[53]
 [54]
 [55]
 [51]
 [46]
 [55]
 [50]
 [50]
 [54]
 [50]
 [54]
 [45]
 [48]
 [32]
 [53]
 [54]
 [55]
 [51]
 [46]
 [55]
 [50]
 [53]
 [56]
 [56]
 [45]
 [49]] 
------------------------ Dataset: Ver ------------------------
shape: (34, 1), dtype: uint16
Data:[[53]
 [54]
 [56]
 [57]
 [46]
 [52]
 [57]
 [51]
 [53]
 [56]
 [54]
 [45]
 [48]
 [32]
 [53]
 [54]
 [56]
 [57]
 [46]
 [52]
 [57]
 [51]
 [54]
 [48]
 [57]
 [57]
 [57]
 [57]
 [57]
 [57]
 [57]
 [53]
 [45]
 [49]] 
------------------------ Dataset: Ves ------------------------
shape: (27, 1), dtype: uint16
Data:[[54]
 [52]
 [49]
 [50]
 [46]
 [55]
 [55]
 [52]
 [48]
 [52]
 [50]
 [45]
 [48]
 [32]
 [54]
 [52]
 [49]
 [50]
 [46]
 [55]
 [55]
 [48]
 [52]
 [54]
 [56]
 [45]
 [49]] 
------------------------ Dataset: Vet ------------------------
shape: (27, 1), dtype: uint16
Data:[[54]
 [54]
 [48]
 [52]
 [46]
 [56]
 [50]
 [54]
 [48]
 [56]
 [51]
 [45]
 [48]
 [32]
 [54]
 [54]
 [48]
 [52]
 [46]
 [56]
 [51]
 [56]
 [49]
 [49]
 [56]
 [45]
 [49]] 
------------------------ Dataset: Veu ------------------------
shape: (33, 1), dtype: uint16
Data:[[54]
 [54]
 [50]
 [48]
 [46]
 [56]
 [49]
 [48]
 [48]
 [49]
 [53]
 [45]
 [48]
 [32]
 [54]
 [54]
 [50]
 [48]
 [46]
 [56]
 [48]
 [54]
 [48]
 [55]
 [54]
 [57]
 [57]
 [57]
 [57]
 [57]
 [57]
 [45]
 [49]] 
------------------------ Dataset: Vev ------------------------
shape: (31, 1), dtype: uint16
Data:[[54]
 [54]
 [51]
 [54]
 [46]
 [54]
 [53]
 [56]
 [49]
 [45]
 [48]
 [32]
 [54]
 [54]
 [51]
 [54]
 [46]
 [54]
 [54]
 [50]
 [49]
 [48]
 [57]
 [57]
 [57]
 [57]
 [57]
 [57]
 [57]
 [45]
 [49]] 
------------------------ Dataset: Vew ------------------------
shape: (19, 1), dtype: uint16
Data:[[54]
 [54]
 [53]
 [50]
 [46]
 [50]
 [52]
 [50]
 [48]
 [55]
 [50]
 [57]
 [57]
 [57]
 [57]
 [57]
 [57]
 [45]
 [49]] 
------------------------ Dataset: Vex ------------------------
shape: (33, 1), dtype: uint16
Data:[[54]
 [54]
 [54]
 [56]
 [46]
 [49]
 [49]
 [48]
 [48]
 [51]
 [48]
 [57]
 [57]
 [57]
 [57]
 [57]
 [57]
 [45]
 [48]
 [32]
 [54]
 [54]
 [54]
 [56]
 [46]
 [49]
 [48]
 [54]
 [57]
 [49]
 [52]
 [45]
 [49]] 
------------------------ Dataset: Vey ------------------------
shape: (32, 1), dtype: uint16
Data:[[54]
 [54]
 [56]
 [52]
 [46]
 [48]
 [50]
 [50]
 [48]
 [54]
 [55]
 [57]
 [57]
 [57]
 [57]
 [57]
 [57]
 [45]
 [48]
 [32]
 [54]
 [54]
 [56]
 [52]
 [46]
 [48]
 [49]
 [56]
 [49]
 [54]
 [45]
 [49]] 
------------------------ Dataset: Vez ------------------------
shape: (33, 1), dtype: uint16
Data:[[53]
 [57]
 [48]
 [49]
 [46]
 [57]
 [53]
 [51]
 [57]
 [51]
 [54]
 [45]
 [48]
 [32]
 [53]
 [57]
 [48]
 [49]
 [46]
 [57]
 [52]
 [57]
 [55]
 [54]
 [52]
 [57]
 [57]
 [57]
 [57]
 [57]
 [57]
 [45]
 [49]] 
------------------------ Dataset: Vf ------------------------
