shape: (1, 6), dtype: uint32
Data:[[3707764736          2          1          1       1317          1]] 
------------------------ Dataset: Wvb ------------------------
shape: (27, 1), dtype: uint16
Data:[[54]
 [55]
 [55]
 [48]
 [46]
 [48]
 [55]
 [56]
 [53]
 [49]
 [49]
 [45]
 [48]
 [32]
 [54]
 [55]
 [55]
 [48]
 [46]
 [48]
 [55]
 [53]
 [49]
 [55]
 [53]
 [45]
 [49]] 
------------------------ Dataset: Wvc ------------------------
shape: (39, 1), dtype: uint16
Data:[[54]
 [50]
 [56]
 [50]
 [46]
 [56]
 [53]
 [52]
 [51]
 [51]
 [53]
 [57]
 [57]
 [57]
 [57]
 [57]
 [57]
 [45]
 [48]
 [32]
 [54]
 [50]
 [56]
 [50]
 [46]
 [56]
 [53]
 [56]
 [49]
 [52]
 [52]
 [57]
 [57]
 [57]
 [57]
 [57]
 [57]
 [45]
 [49]] 
------------------------ Dataset: Wvd ------------------------
shape: (33, 1), dtype: uint16
Data:[[54]
 [50]
 [57]
 [56]
 [46]
 [54]
 [49]
 [55]
 [57]
 [55]
 [52]
 [45]
 [48]
 [32]
 [54]
 [50]
 [57]
 [56]
 [46]
 [54]
 [49]
 [49]
 [50]
 [56]
 [53]
 [57]
 [57]
 [57]
 [57]
 [57]
 [57]
 [45]
 [49]] 
------------------------ Dataset: Wve ------------------------
shape: (33, 1), dtype: uint16
Data:[[54]
 [51]
 [49]
 [52]
 [46]
 [52]
 [57]
 [56]
 [55]
 [49]
 [51]
 [57]
 [57]
 [57]
 [57]
 [57]
 [57]
 [45]
 [48]
 [32]
 [54]
 [51]
 [49]
 [52]
 [46]
 [52]
 [57]
 [56]
 [55]
 [49]
 [50]
 [45]
 [49]] 
------------------------ Dataset: Wvf ------------------------
shape: (26, 1), dtype: uint16
Data:[[54]
 [51]
 [51]
 [48]
 [46]
 [51]
 [50]
 [54]
 [48]
 [57]
 [57]
 [45]
 [48]
 [32]
 [54]
 [51]
 [51]
 [48]
 [46]
 [51]
 [51]
 [49]
 [57]
 [50]
 [45]
 [49]] 
------------------------ Dataset: Wvg ------------------------
shape: (33, 1), dtype: uint16
Data:[[54]
 [51]
 [52]
 [54]
 [46]
 [49]
 [54]
 [50]
 [48]
 [50]
 [45]
 [48]
 [32]
 [54]
 [51]
 [52]
 [54]
 [46]
 [49]
 [53]
 [55]
 [57]
 [56]
 [51]
 [57]
 [57]
 [57]
 [57]
 [57]
 [57]
 [53]
 [45]
 [49]] 
------------------------ Dataset: Wvh ------------------------
shape: (33, 1), dtype: uint16
Data:[[54]
 [53]
 [49]
 [49]
 [46]
 [50]
 [51]
 [48]
 [48]
 [52]
 [49]
 [45]
 [48]
 [32]
 [54]
 [53]
 [49]
 [49]
 [46]
 [50]
 [51]
 [52]
 [49]
 [56]
 [52]
 [57]
 [57]
 [57]
 [57]
 [57]
 [57]
 [45]
 [49]] 
------------------------ Dataset: Wvi ------------------------
shape: (32, 1), dtype: uint16
Data:[[54]
 [53]
 [50]
 [55]
 [46]
 [48]
 [56]
 [48]
 [50]
 [56]
 [53]
 [57]
 [57]
 [57]
 [57]
 [57]
 [57]
 [45]
 [48]
 [32]
 [54]
 [53]
 [50]
 [55]
 [46]
 [48]
 [56]
 [50]
 [50]
 [52]
 [45]
 [49]] 
------------------------ Dataset: Wvj ------------------------
shape: (33, 1), dtype: uint16
Data:[[54]
 [48]
 [50]
 [50]
 [46]
 [54]
 [53]
 [55]
 [56]
 [48]
 [56]
 [45]
 [48]
 [32]
 [54]
 [48]
 [50]
 [50]
 [46]
 [54]
 [53]
 [51]
 [55]
 [56]
 [57]
 [57]
 [57]
 [57]
 [57]
 [57]
 [57]
 [45]
 [49]] 
------------------------ Dataset: Wvk ------------------------
shape: (33, 1), dtype: uint16
Data:[[54]
 [48]
 [51]
 [56]
 [46]
 [52]
 [50]
 [55]
 [54]
 [51]
 [53]
 [57]
 [57]
 [57]
 [57]
 [57]
 [57]
 [45]
 [48]
 [32]
 [54]
 [48]
 [51]
 [56]
 [46]
 [52]
 [51]
 [48]
 [50]
 [57]
 [57]
 [45]
 [49]] 
------------------------ Dataset: Wvl ------------------------
shape: (40, 1), dtype: uint16
Data:[[54]
 [48]
 [53]
 [52]
 [46]
 [48]
 [55]
 [55]
 [55]
 [49]
 [57]
 [57]
 [57]
 [57]
 [57]
 [57]
 [57]
 [45]
 [48]
 [32]
 [54]
 [48]
 [53]
 [52]
 [46]
 [48]
 [55]
 [51]
 [55]
 [55]
 [51]
 [57]
 [57]
 [57]
 [57]
 [57]
 [57]
 [53]
 [45]
 [49]] 
------------------------ Dataset: Wvm ------------------------
shape: (26, 1), dtype: uint16
Data:[[54]
 [48]
 [54]
 [57]
 [46]
 [57]
 [56]
 [49]
 [56]
 [50]
 [56]
 [45]
 [48]
 [32]
 [54]
 [48]
 [54]
 [57]
 [46]
 [57]
 [56]
 [57]
 [55]
 [56]
 [45]
 [49]] 
------------------------ Dataset: Wvn ------------------------
shape: (14, 1), dtype: uint16
Data:[[103]
 [ 97]
 [122]
 [101]
 [ 95]
 [110]
 [111]
 [114]
 [109]
 [ 97]
 [108]
 [ 48]
 [ 95]
 [122]] 
------------------------ Dataset: Wvo ------------------------
shape: (34, 1), dtype: uint16
Data:[[53]
 [54]
 [52]
 [54]
 [46]
 [53]
 [55]
 [50]
 [57]
 [48]
 [55]
 [45]
 [48]
 [32]
 [53]
 [54]
 [52]
 [54]
 [46]
 [53]
 [55]
 [52]
 [50]
 [54]
 [50]
 [57]
 [57]
 [57]
 [57]
 [57]
 [57]
 [53]
 [45]
 [49]] 
------------------------ Dataset: Wvp ------------------------
shape: (32, 1), dtype: uint16
Data:[[53]
 [54]
 [54]
 [50]
 [46]
 [51]
 [49]
 [48]
 [53]
 [51]
 [54]
 [57]
 [57]
 [57]
 [57]
 [57]
 [57]
 [45]
 [48]
 [32]
 [53]
 [54]
 [54]
 [50]
 [46]
 [51]
 [48]
 [53]
 [54]
 [50]
 [45]
 [49]] 
------------------------ Dataset: Wvq ------------------------
shape: (34, 1), dtype: uint16
Data:[[53]
 [54]
 [55]
 [56]
 [46]
 [48]
 [50]
 [57]
 [53]
 [57]
 [56]
 [57]
 [57]
 [57]
 [57]
 [57]
 [57]
 [53]
 [45]
 [48]
 [32]
 [53]
 [54]
 [55]
 [56]
 [46]
 [48]
 [50]
 [53]
 [54]
 [55]
 [55]
 [45]
 [49]] 
------------------------ Dataset: Wvr ------------------------
shape: (27, 1), dtype: uint16
Data:[[53]
 [54]
 [57]
 [51]
 [46]
 [55]
 [56]
 [57]
 [53]
 [56]
 [51]
 [45]
 [48]
 [32]
 [53]
 [54]
 [57]
 [51]
 [46]
 [55]
 [57]
 [51]
 [53]
 [51]
 [55]
 [45]
 [49]] 
------------------------ Dataset: Wvs ------------------------
shape: (33, 1), dtype: uint16
Data:[[54]
 [52]
 [49]
 [55]
 [46]
 [49]
 [49]
 [51]
 [57]
 [52]
 [50]
 [57]
 [57]
 [57]
 [57]
 [57]
 [57]
 [45]
 [48]
 [32]
 [54]
 [52]
 [49]
 [55]
 [46]
 [49]
 [49]
 [48]
 [48]
 [49]
 [54]
 [45]
 [49]] 
------------------------ Dataset: Wvt ------------------------
shape: (26, 1), dtype: uint16
Data:[[54]
 [54]
 [48]
 [57]
 [46]
 [49]
 [57]
 [56]
 [48]
 [57]
 [45]
 [48]
 [32]
 [54]
 [54]
 [48]
 [57]
 [46]
 [49]
 [57]
 [52]
 [48]
 [48]
 [54]
 [45]
 [49]] 
------------------------ Dataset: Wvu ------------------------
shape: (40, 1), dtype: uint16
Data:[[54]
 [54]
 [50]
 [53]
 [46]
 [49]
 [51]
 [52]
 [56]
 [51]
 [51]
 [57]
 [57]
 [57]
 [57]
 [57]
 [57]
 [53]
 [45]
 [48]
 [32]
 [54]
 [54]
 [50]
 [53]
 [46]
 [49]
 [51]
 [50]
 [48]
 [54]
 [56]
 [57]
 [57]
 [57]
 [57]
 [57]
 [57]
 [45]
 [49]] 
------------------------ Dataset: Wvv ------------------------
shape: (27, 1), dtype: uint16
Data:[[54]
 [54]
 [52]
 [48]
 [46]
 [57]
 [50]
 [54]
 [51]
 [51]
 [52]
 [45]
 [48]
 [32]
 [54]
 [54]
 [52]
 [48]
 [46]
 [57]
 [51]
 [49]
 [53]
 [49]
 [49]
 [45]
 [49]] 
------------------------ Dataset: Wvw ------------------------
shape: (33, 1), dtype: uint16
Data:[[54]
 [54]
 [53]
 [54]
 [46]
 [53]
 [54]
 [50]
 [49]
 [51]
 [53]
 [45]
 [48]
 [32]
 [54]
 [54]
 [53]
 [54]
 [46]
 [53]
 [54]
 [54]
 [49]
 [49]
 [51]
 [57]
 [57]
 [57]
 [57]
 [57]
 [57]
 [45]
 [49]] 
------------------------ Dataset: Wvx ------------------------
shape: (27, 1), dtype: uint16
Data:[[54]
 [54]
 [55]
 [50]
 [46]
 [52]
 [54]
 [56]
 [49]
 [51]
 [55]
 [45]
 [48]
 [32]
 [54]
 [54]
 [55]
 [50]
 [46]
 [52]
 [55]
 [52]
 [53]
 [52]
 [55]
 [45]
 [49]] 
------------------------ Dataset: Wvy ------------------------
shape: (26, 1), dtype: uint16
Data:[[54]
 [54]
 [56]
 [56]
 [46]
 [51]
 [55]
 [56]
 [54]
 [50]
 [54]
 [45]
 [48]
 [32]
 [54]
 [54]
 [56]
 [56]
 [46]
 [51]
 [55]
 [52]
 [50]
 [53]
 [45]
 [49]] 
------------------------ Dataset: Wvz ------------------------
shape: (34, 1), dtype: uint16
Data:[[53]
 [57]
 [48]
 [54]
 [46]
 [50]
 [55]
 [56]
 [48]
 [50]
 [49]
 [57]
 [57]
 [57]
 [57]
 [57]
 [57]
 [53]
 [45]
 [48]
 [32]
 [53]
 [57]
 [48]
 [54]
 [46]
 [50]
 [55]
 [52]
 [48]
 [55]
 [55]
 [45]
 [49]] 
------------------------ Dataset: Ww ------------------------
