shape: (1, 6), dtype: uint32
Data:[[3707764736          2          1          1       1479          1]] 
------------------------ Dataset: Cyb ------------------------
shape: (20, 1), dtype: uint16
Data:[[54]
 [55]
 [55]
 [48]
 [46]
 [55]
 [54]
 [52]
 [57]
 [56]
 [51]
 [57]
 [57]
 [57]
 [57]
 [57]
 [57]
 [53]
 [45]
 [49]] 
------------------------ Dataset: Cyc ------------------------
shape: (27, 1), dtype: uint16
Data:[[54]
 [50]
 [56]
 [51]
 [46]
 [53]
 [50]
 [57]
 [57]
 [56]
 [52]
 [45]
 [48]
 [32]
 [54]
 [50]
 [56]
 [51]
 [46]
 [53]
 [51]
 [51]
 [57]
 [52]
 [49]
 [45]
 [49]] 
------------------------ Dataset: Cyd ------------------------
shape: (33, 1), dtype: uint16
Data:[[54]
 [50]
 [57]
 [57]
 [46]
 [51]
 [48]
 [55]
 [54]
 [56]
 [56]
 [45]
 [48]
 [32]
 [54]
 [50]
 [57]
 [57]
 [46]
 [51]
 [49]
 [48]
 [54]
 [49]
 [57]
 [57]
 [57]
 [57]
 [57]
 [57]
 [57]
 [45]
 [49]] 
------------------------ Dataset: Cye ------------------------
shape: (33, 1), dtype: uint16
Data:[[54]
 [51]
 [49]
 [53]
 [46]
 [49]
 [55]
 [55]
 [56]
 [52]
 [57]
 [45]
 [48]
 [32]
 [54]
 [51]
 [49]
 [53]
 [46]
 [49]
 [55]
 [51]
 [57]
 [48]
 [54]
 [57]
 [57]
 [57]
 [57]
 [57]
 [57]
 [45]
 [49]] 
------------------------ Dataset: Cyf ------------------------
shape: (32, 1), dtype: uint16
Data:[[54]
 [51]
 [51]
 [49]
 [46]
 [48]
 [48]
 [49]
 [56]
 [53]
 [45]
 [48]
 [32]
 [54]
 [51]
 [51]
 [48]
 [46]
 [57]
 [57]
 [55]
 [56]
 [55]
 [55]
 [57]
 [57]
 [57]
 [57]
 [57]
 [57]
 [45]
 [49]] 
------------------------ Dataset: Cyg ------------------------
shape: (27, 1), dtype: uint16
Data:[[54]
 [51]
 [52]
 [54]
 [46]
 [56]
 [52]
 [51]
 [56]
 [57]
 [52]
 [45]
 [48]
 [32]
 [54]
 [51]
 [52]
 [54]
 [46]
 [56]
 [51]
 [57]
 [49]
 [55]
 [52]
 [45]
 [49]] 
------------------------ Dataset: Cyh ------------------------
shape: (27, 1), dtype: uint16
Data:[[54]
 [53]
 [49]
 [49]
 [46]
 [57]
 [50]
 [53]
 [57]
 [55]
 [57]
 [45]
 [48]
 [32]
 [54]
 [53]
 [49]
 [49]
 [46]
 [57]
 [50]
 [49]
 [57]
 [56]
 [50]
 [45]
 [49]] 
------------------------ Dataset: Cyi ------------------------
shape: (33, 1), dtype: uint16
Data:[[54]
 [53]
 [50]
 [55]
 [46]
 [55]
 [53]
 [56]
 [48]
 [50]
 [55]
 [57]
 [57]
 [57]
 [57]
 [57]
 [57]
 [45]
 [48]
 [32]
 [54]
 [53]
 [50]
 [55]
 [46]
 [55]
 [54]
 [50]
 [56]
 [49]
 [49]
 [45]
 [49]] 
------------------------ Dataset: Cyj ------------------------
shape: (33, 1), dtype: uint16
Data:[[54]
 [48]
 [50]
 [51]
 [46]
 [51]
 [52]
 [53]
 [56]
 [52]
 [53]
 [57]
 [57]
 [57]
 [57]
 [57]
 [57]
 [45]
 [48]
 [32]
 [54]
 [48]
 [50]
 [51]
 [46]
 [51]
 [52]
 [50]
 [52]
 [56]
 [53]
 [45]
 [49]] 
------------------------ Dataset: Cyk ------------------------
shape: (27, 1), dtype: uint16
Data:[[54]
 [48]
 [51]
 [57]
 [46]
 [48]
 [57]
 [51]
 [55]
 [57]
 [50]
 [45]
 [48]
 [32]
 [54]
 [48]
 [51]
 [57]
 [46]
 [48]
 [57]
 [55]
 [56]
 [48]
 [52]
 [45]
 [49]] 
------------------------ Dataset: Cyl ------------------------
shape: (23, 1), dtype: uint16
Data:[[54]
 [48]
 [53]
 [52]
 [46]
 [55]
 [53]
 [48]
 [48]
 [57]
 [45]
 [48]
 [32]
 [54]
 [48]
 [53]
 [52]
 [46]
 [55]
 [53]
 [52]
 [45]
 [49]] 
------------------------ Dataset: Cym ------------------------
shape: (33, 1), dtype: uint16
Data:[[54]
 [48]
 [55]
 [48]
 [46]
 [54]
 [57]
 [51]
 [57]
 [50]
 [56]
 [45]
 [48]
 [32]
 [54]
 [48]
 [55]
 [48]
 [46]
 [54]
 [56]
 [57]
 [55]
 [49]
 [54]
 [57]
 [57]
 [57]
 [57]
 [57]
 [57]
 [45]
 [49]] 
------------------------ Dataset: Cyn ------------------------
shape: (26, 1), dtype: uint16
Data:[[53]
 [54]
 [51]
 [49]
 [46]
 [53]
 [54]
 [56]
 [56]
 [51]
 [55]
 [45]
 [48]
 [32]
 [53]
 [54]
 [51]
 [49]
 [46]
 [53]
 [54]
 [56]
 [54]
 [51]
 [45]
 [49]] 
------------------------ Dataset: Cyo ------------------------
shape: (34, 1), dtype: uint16
Data:[[53]
 [54]
 [52]
 [55]
 [46]
 [50]
 [51]
 [55]
 [54]
 [57]
 [51]
 [57]
 [57]
 [57]
 [57]
 [57]
 [57]
 [53]
 [45]
 [48]
 [32]
 [53]
 [54]
 [52]
 [55]
 [46]
 [50]
 [52]
 [49]
 [54]
 [48]
 [55]
 [45]
 [49]] 
------------------------ Dataset: Cyp ------------------------
shape: (27, 1), dtype: uint16
Data:[[53]
 [54]
 [54]
 [50]
 [46]
 [57]
 [56]
 [49]
 [55]
 [57]
 [56]
 [45]
 [48]
 [32]
 [53]
 [54]
 [54]
 [50]
 [46]
 [57]
 [55]
 [55]
 [55]
 [54]
 [51]
 [45]
 [49]] 
------------------------ Dataset: Cyq ------------------------
shape: (27, 1), dtype: uint16
Data:[[53]
 [54]
 [55]
 [56]
 [46]
 [55]
 [49]
 [51]
 [53]
 [55]
 [50]
 [45]
 [48]
 [32]
 [53]
 [54]
 [55]
 [56]
 [46]
 [55]
 [49]
 [55]
 [53]
 [54]
 [53]
 [45]
 [49]] 
------------------------ Dataset: Cyr ------------------------
shape: (33, 1), dtype: uint16
Data:[[53]
 [54]
 [57]
 [52]
 [46]
 [52]
 [55]
 [51]
 [57]
 [48]
 [48]
 [57]
 [57]
 [57]
 [57]
 [57]
 [57]
 [45]
 [48]
 [32]
 [53]
 [54]
 [57]
 [52]
 [46]
 [52]
 [55]
 [49]
 [56]
 [54]
 [49]
 [45]
 [49]] 
------------------------ Dataset: Cys ------------------------
shape: (34, 1), dtype: uint16
Data:[[54]
 [52]
 [49]
 [55]
 [46]
 [55]
 [56]
 [50]
 [48]
 [54]
 [55]
 [57]
 [57]
 [57]
 [57]
 [57]
 [57]
 [53]
 [45]
 [48]
 [32]
 [54]
 [52]
 [49]
 [55]
 [46]
 [55]
 [56]
 [57]
 [57]
 [55]
 [51]
 [45]
 [49]] 
------------------------ Dataset: Cyt ------------------------
shape: (27, 1), dtype: uint16
Data:[[54]
 [54]
 [48]
 [57]
 [46]
 [56]
 [56]
 [53]
 [48]
 [55]
 [57]
 [45]
 [48]
 [32]
 [54]
 [54]
 [48]
 [57]
 [46]
 [56]
 [56]
 [53]
 [48]
 [55]
 [57]
 [45]
 [49]] 
------------------------ Dataset: Cyu ------------------------
shape: (34, 1), dtype: uint16
Data:[[54]
 [54]
 [50]
 [53]
 [46]
 [56]
 [50]
 [48]
 [57]
 [50]
 [56]
 [57]
 [57]
 [57]
 [57]
 [57]
 [57]
 [53]
 [45]
 [48]
 [32]
 [54]
 [54]
 [50]
 [53]
 [46]
 [56]
 [50]
 [48]
 [52]
 [50]
 [56]
 [45]
 [49]] 
------------------------ Dataset: Cyv ------------------------
shape: (27, 1), dtype: uint16
Data:[[54]
 [54]
 [52]
 [49]
 [46]
 [53]
 [57]
 [52]
 [48]
 [57]
 [57]
 [45]
 [48]
 [32]
 [54]
 [54]
 [52]
 [49]
 [46]
 [53]
 [57]
 [56]
 [48]
 [56]
 [56]
 [45]
 [49]] 
------------------------ Dataset: Cyw ------------------------
shape: (27, 1), dtype: uint16
Data:[[54]
 [54]
 [53]
 [55]
 [46]
 [50]
 [55]
 [53]
 [48]
 [49]
 [50]
 [45]
 [48]
 [32]
 [54]
 [54]
 [53]
 [55]
 [46]
 [50]
 [55]
 [56]
 [49]
 [55]
 [49]
 [45]
 [49]] 
------------------------ Dataset: Cyx ------------------------
shape: (26, 1), dtype: uint16
Data:[[54]
 [54]
 [55]
 [51]
 [46]
 [49]
 [55]
 [48]
 [50]
 [55]
 [56]
 [45]
 [48]
 [32]
 [54]
 [54]
 [55]
 [51]
 [46]
 [49]
 [54]
 [56]
 [49]
 [49]
 [45]
 [49]] 
------------------------ Dataset: Cyy ------------------------
shape: (27, 1), dtype: uint16
Data:[[54]
 [54]
 [56]
 [57]
 [46]
 [48]
 [55]
 [52]
 [49]
 [49]
 [57]
 [45]
 [48]
 [32]
 [54]
 [54]
 [56]
 [57]
 [46]
 [48]
 [55]
 [56]
 [49]
 [56]
 [54]
 [45]
 [49]] 
------------------------ Dataset: Cyz ------------------------
shape: (19, 1), dtype: uint16
Data:[[53]
 [57]
 [48]
 [54]
 [46]
 [57]
 [54]
 [57]
 [54]
 [52]
 [50]
 [57]
 [57]
 [57]
 [57]
 [57]
 [57]
 [45]
 [49]] 
------------------------ Dataset: Cz ------------------------
