shape: (1, 6), dtype: uint32
Data:[[3707764736          2          1          1        628          1]] 
------------------------ Dataset: ykb ------------------------
shape: (33, 1), dtype: uint16
Data:[[54]
 [55]
 [54]
 [55]
 [46]
 [49]
 [53]
 [56]
 [49]
 [52]
 [49]
 [57]
 [57]
 [57]
 [57]
 [57]
 [57]
 [45]
 [48]
 [32]
 [54]
 [55]
 [54]
 [55]
 [46]
 [49]
 [53]
 [52]
 [51]
 [50]
 [54]
 [45]
 [49]] 
------------------------ Dataset: ykc ------------------------
shape: (34, 1), dtype: uint16
Data:[[54]
 [50]
 [55]
 [57]
 [46]
 [57]
 [53]
 [56]
 [56]
 [51]
 [51]
 [45]
 [48]
 [32]
 [54]
 [50]
 [55]
 [57]
 [46]
 [57]
 [53]
 [51]
 [57]
 [49]
 [53]
 [57]
 [57]
 [57]
 [57]
 [57]
 [57]
 [53]
 [45]
 [49]] 
------------------------ Dataset: ykd ------------------------
shape: (27, 1), dtype: uint16
Data:[[54]
 [50]
 [57]
 [53]
 [46]
 [55]
 [51]
 [56]
 [54]
 [53]
 [53]
 [45]
 [48]
 [32]
 [54]
 [50]
 [57]
 [53]
 [46]
 [55]
 [51]
 [57]
 [50]
 [55]
 [55]
 [45]
 [49]] 
------------------------ Dataset: yke ------------------------
shape: (39, 1), dtype: uint16
Data:[[54]
 [51]
 [49]
 [49]
 [46]
 [53]
 [54]
 [49]
 [56]
 [56]
 [50]
 [57]
 [57]
 [57]
 [57]
 [57]
 [57]
 [45]
 [48]
 [32]
 [54]
 [51]
 [49]
 [49]
 [46]
 [53]
 [54]
 [53]
 [57]
 [48]
 [54]
 [57]
 [57]
 [57]
 [57]
 [57]
 [57]
 [45]
 [49]] 
------------------------ Dataset: ykf ------------------------
shape: (40, 1), dtype: uint16
Data:[[54]
 [51]
 [50]
 [55]
 [46]
 [52]
 [52]
 [50]
 [57]
 [57]
 [52]
 [57]
 [57]
 [57]
 [57]
 [57]
 [57]
 [45]
 [48]
 [32]
 [54]
 [51]
 [50]
 [55]
 [46]
 [52]
 [52]
 [54]
 [57]
 [53]
 [55]
 [57]
 [57]
 [57]
 [57]
 [57]
 [57]
 [53]
 [45]
 [49]] 
------------------------ Dataset: ykg ------------------------
shape: (33, 1), dtype: uint16
Data:[[54]
 [51]
 [52]
 [51]
 [46]
 [50]
 [54]
 [54]
 [48]
 [48]
 [49]
 [45]
 [48]
 [32]
 [54]
 [51]
 [52]
 [51]
 [46]
 [50]
 [54]
 [50]
 [48]
 [52]
 [54]
 [57]
 [57]
 [57]
 [57]
 [57]
 [57]
 [45]
 [49]] 
------------------------ Dataset: ykh ------------------------
shape: (27, 1), dtype: uint16
Data:[[54]
 [53]
 [48]
 [56]
 [46]
 [51]
 [52]
 [49]
 [57]
 [51]
 [56]
 [45]
 [48]
 [32]
 [54]
 [53]
 [48]
 [56]
 [46]
 [51]
 [52]
 [54]
 [48]
 [49]
 [55]
 [45]
 [49]] 
------------------------ Dataset: yki ------------------------
shape: (34, 1), dtype: uint16
Data:[[54]
 [53]
 [50]
 [52]
 [46]
 [49]
 [54]
 [54]
 [49]
 [52]
 [54]
 [45]
 [48]
 [32]
 [54]
 [53]
 [50]
 [52]
 [46]
 [49]
 [55]
 [48]
 [48]
 [56]
 [54]
 [57]
 [57]
 [57]
 [57]
 [57]
 [57]
 [53]
 [45]
 [49]] 
------------------------ Dataset: ykj ------------------------
shape: (27, 1), dtype: uint16
Data:[[54]
 [48]
 [49]
 [57]
 [46]
 [55]
 [51]
 [56]
 [54]
 [55]
 [57]
 [45]
 [48]
 [32]
 [54]
 [48]
 [49]
 [57]
 [46]
 [55]
 [52]
 [50]
 [56]
 [53]
 [51]
 [45]
 [49]] 
------------------------ Dataset: ykk ------------------------
shape: (33, 1), dtype: uint16
Data:[[54]
 [48]
 [51]
 [53]
 [46]
 [53]
 [54]
 [49]
 [55]
 [56]
 [45]
 [48]
 [32]
 [54]
 [48]
 [51]
 [53]
 [46]
 [53]
 [54]
 [53]
 [56]
 [57]
 [54]
 [57]
 [57]
 [57]
 [57]
 [57]
 [57]
 [53]
 [45]
 [49]] 
------------------------ Dataset: ykl ------------------------
shape: (27, 1), dtype: uint16
Data:[[54]
 [48]
 [53]
 [49]
 [46]
 [49]
 [54]
 [53]
 [55]
 [55]
 [56]
 [45]
 [48]
 [32]
 [54]
 [48]
 [53]
 [49]
 [46]
 [49]
 [54]
 [57]
 [55]
 [52]
 [50]
 [45]
 [49]] 
------------------------ Dataset: ykm ------------------------
shape: (39, 1), dtype: uint16
Data:[[54]
 [48]
 [54]
 [55]
 [46]
 [48]
 [54]
 [49]
 [55]
 [52]
 [50]
 [57]
 [57]
 [57]
 [57]
 [57]
 [57]
 [45]
 [48]
 [32]
 [54]
 [48]
 [54]
 [55]
 [46]
 [48]
 [54]
 [53]
 [55]
 [51]
 [55]
 [57]
 [57]
 [57]
 [57]
 [57]
 [57]
 [45]
 [49]] 
------------------------ Dataset: ykn ------------------------
shape: (27, 1), dtype: uint16
Data:[[54]
 [48]
 [56]
 [51]
 [46]
 [48]
 [48]
 [52]
 [53]
 [57]
 [52]
 [45]
 [48]
 [32]
 [54]
 [48]
 [56]
 [51]
 [46]
 [48]
 [48]
 [48]
 [53]
 [51]
 [52]
 [45]
 [49]] 
------------------------ Dataset: yko ------------------------
shape: (26, 1), dtype: uint16
Data:[[53]
 [54]
 [52]
 [51]
 [46]
 [54]
 [56]
 [53]
 [52]
 [57]
 [50]
 [45]
 [48]
 [32]
 [53]
 [54]
 [52]
 [51]
 [46]
 [54]
 [57]
 [52]
 [48]
 [54]
 [45]
 [49]] 
------------------------ Dataset: ykp ------------------------
shape: (27, 1), dtype: uint16
Data:[[53]
 [54]
 [53]
 [57]
 [46]
 [52]
 [51]
 [55]
 [53]
 [53]
 [57]
 [45]
 [48]
 [32]
 [53]
 [54]
 [53]
 [57]
 [46]
 [52]
 [52]
 [49]
 [54]
 [48]
 [50]
 [45]
 [49]] 
------------------------ Dataset: ykq ------------------------
shape: (27, 1), dtype: uint16
Data:[[53]
 [54]
 [55]
 [53]
 [46]
 [49]
 [52]
 [57]
 [53]
 [50]
 [53]
 [45]
 [48]
 [32]
 [53]
 [54]
 [55]
 [53]
 [46]
 [49]
 [52]
 [53]
 [54]
 [53]
 [52]
 [45]
 [49]] 
------------------------ Dataset: ykr ------------------------
shape: (27, 1), dtype: uint16
Data:[[53]
 [54]
 [57]
 [48]
 [46]
 [57]
 [50]
 [50]
 [48]
 [55]
 [52]
 [45]
 [48]
 [32]
 [53]
 [54]
 [57]
 [48]
 [46]
 [57]
 [50]
 [57]
 [55]
 [54]
 [53]
 [45]
 [49]] 
------------------------ Dataset: yks ------------------------
shape: (33, 1), dtype: uint16
Data:[[54]
 [52]
 [49]
 [52]
 [46]
 [49]
 [57]
 [52]
 [51]
 [55]
 [55]
 [45]
 [48]
 [32]
 [54]
 [52]
 [49]
 [52]
 [46]
 [49]
 [57]
 [56]
 [48]
 [55]
 [55]
 [57]
 [57]
 [57]
 [57]
 [57]
 [57]
 [45]
 [49]] 
------------------------ Dataset: ykt ------------------------
shape: (39, 1), dtype: uint16
Data:[[54]
 [54]
 [48]
 [54]
 [46]
 [50]
 [55]
 [48]
 [49]
 [51]
 [56]
 [57]
 [57]
 [57]
 [57]
 [57]
 [57]
 [45]
 [48]
 [32]
 [54]
 [54]
 [48]
 [54]
 [46]
 [50]
 [54]
 [54]
 [50]
 [48]
 [50]
 [57]
 [57]
 [57]
 [57]
 [57]
 [57]
 [45]
 [49]] 
------------------------ Dataset: yku ------------------------
shape: (27, 1), dtype: uint16
Data:[[54]
 [54]
 [50]
 [50]
 [46]
 [50]
 [51]
 [48]
 [49]
 [49]
 [54]
 [45]
 [48]
 [32]
 [54]
 [54]
 [50]
 [50]
 [46]
 [50]
 [51]
 [52]
 [48]
 [53]
 [56]
 [45]
 [49]] 
------------------------ Dataset: ykv ------------------------
shape: (34, 1), dtype: uint16
Data:[[54]
 [54]
 [51]
 [56]
 [46]
 [48]
 [55]
 [56]
 [49]
 [48]
 [51]
 [45]
 [48]
 [32]
 [54]
 [54]
 [51]
 [56]
 [46]
 [48]
 [56]
 [50]
 [50]
 [48]
 [54]
 [57]
 [57]
 [57]
 [57]
 [57]
 [57]
 [53]
 [45]
 [49]] 
------------------------ Dataset: ykw ------------------------
shape: (33, 1), dtype: uint16
Data:[[54]
 [54]
 [53]
 [51]
 [46]
 [54]
 [54]
 [54]
 [49]
 [48]
 [55]
 [57]
 [57]
 [57]
 [57]
 [57]
 [57]
 [45]
 [48]
 [32]
 [54]
 [54]
 [53]
 [51]
 [46]
 [54]
 [55]
 [48]
 [48]
 [51]
 [55]
 [45]
 [49]] 
------------------------ Dataset: ykx ------------------------
shape: (27, 1), dtype: uint16
Data:[[54]
 [54]
 [54]
 [57]
 [46]
 [53]
 [52]
 [54]
 [48]
 [56]
 [50]
 [45]
 [48]
 [32]
 [54]
 [54]
 [54]
 [57]
 [46]
 [53]
 [53]
 [48]
 [56]
 [53]
 [51]
 [45]
 [49]] 
------------------------ Dataset: yky ------------------------
shape: (27, 1), dtype: uint16
Data:[[54]
 [54]
 [56]
 [53]
 [46]
 [52]
 [56]
 [50]
 [50]
 [54]
 [54]
 [45]
 [48]
 [32]
 [54]
 [54]
 [56]
 [53]
 [46]
 [52]
 [56]
 [54]
 [49]
 [56]
 [56]
 [45]
 [49]] 
------------------------ Dataset: ykz ------------------------
shape: (33, 1), dtype: uint16
Data:[[53]
 [57]
 [48]
 [51]
 [46]
 [51]
 [56]
 [57]
 [53]
 [57]
 [53]
 [45]
 [48]
 [32]
 [53]
 [57]
 [48]
 [51]
 [46]
 [51]
 [57]
 [57]
 [55]
 [49]
 [51]
 [57]
 [57]
 [57]
 [57]
 [57]
 [57]
 [45]
 [49]] 
------------------------ Dataset: yl ------------------------
