shape: (1, 6), dtype: uint32
Data:[[3707764736          2          1          1       1868          1]] 
------------------------ Dataset: 4Eb ------------------------
shape: (32, 1), dtype: uint16
Data:[[54]
 [55]
 [55]
 [50]
 [46]
 [51]
 [56]
 [57]
 [49]
 [52]
 [55]
 [57]
 [57]
 [57]
 [57]
 [57]
 [57]
 [45]
 [48]
 [32]
 [54]
 [55]
 [55]
 [50]
 [46]
 [51]
 [57]
 [52]
 [57]
 [50]
 [45]
 [49]] 
------------------------ Dataset: 4Ec ------------------------
shape: (34, 1), dtype: uint16
Data:[[54]
 [50]
 [56]
 [53]
 [46]
 [49]
 [54]
 [49]
 [56]
 [53]
 [55]
 [57]
 [57]
 [57]
 [57]
 [57]
 [57]
 [53]
 [45]
 [48]
 [32]
 [54]
 [50]
 [56]
 [53]
 [46]
 [49]
 [54]
 [53]
 [56]
 [54]
 [55]
 [45]
 [49]] 
------------------------ Dataset: 4Ed ------------------------
shape: (40, 1), dtype: uint16
Data:[[54]
 [51]
 [48]
 [48]
 [46]
 [57]
 [52]
 [57]
 [56]
 [51]
 [52]
 [57]
 [57]
 [57]
 [57]
 [57]
 [57]
 [45]
 [48]
 [32]
 [54]
 [51]
 [48]
 [48]
 [46]
 [57]
 [52]
 [49]
 [57]
 [56]
 [52]
 [57]
 [57]
 [57]
 [57]
 [57]
 [57]
 [53]
 [45]
 [49]] 
------------------------ Dataset: 4Ee ------------------------
shape: (33, 1), dtype: uint16
Data:[[54]
 [51]
 [49]
 [54]
 [46]
 [56]
 [49]
 [51]
 [56]
 [53]
 [57]
 [57]
 [57]
 [57]
 [57]
 [57]
 [57]
 [45]
 [48]
 [32]
 [54]
 [51]
 [49]
 [54]
 [46]
 [56]
 [48]
 [53]
 [57]
 [51]
 [49]
 [45]
 [49]] 
------------------------ Dataset: 4Ef ------------------------
shape: (27, 1), dtype: uint16
Data:[[54]
 [51]
 [51]
 [50]
 [46]
 [54]
 [51]
 [55]
 [57]
 [51]
 [53]
 [45]
 [48]
 [32]
 [54]
 [51]
 [51]
 [50]
 [46]
 [54]
 [52]
 [50]
 [48]
 [49]
 [54]
 [45]
 [49]] 
------------------------ Dataset: 4Eg ------------------------
shape: (27, 1), dtype: uint16
Data:[[54]
 [52]
 [57]
 [55]
 [46]
 [55]
 [57]
 [48]
 [50]
 [57]
 [50]
 [45]
 [48]
 [32]
 [54]
 [52]
 [57]
 [55]
 [46]
 [55]
 [57]
 [52]
 [50]
 [51]
 [52]
 [45]
 [49]] 
------------------------ Dataset: 4Eh ------------------------
shape: (26, 1), dtype: uint16
Data:[[54]
 [53]
 [49]
 [51]
 [46]
 [53]
 [57]
 [52]
 [48]
 [57]
 [51]
 [45]
 [48]
 [32]
 [54]
 [53]
 [49]
 [51]
 [46]
 [53]
 [57]
 [48]
 [49]
 [57]
 [45]
 [49]] 
------------------------ Dataset: 4Ei ------------------------
shape: (41, 1), dtype: uint16
Data:[[54]
 [53]
 [50]
 [57]
 [46]
 [52]
 [48]
 [50]
 [48]
 [51]
 [53]
 [57]
 [57]
 [57]
 [57]
 [57]
 [57]
 [53]
 [45]
 [48]
 [32]
 [54]
 [53]
 [50]
 [57]
 [46]
 [52]
 [48]
 [54]
 [48]
 [51]
 [48]
 [57]
 [57]
 [57]
 [57]
 [57]
 [57]
 [53]
 [45]
 [49]] 
------------------------ Dataset: 4Ej ------------------------
shape: (32, 1), dtype: uint16
Data:[[54]
 [48]
 [50]
 [52]
 [46]
 [57]
 [54]
 [51]
 [48]
 [56]
 [55]
 [57]
 [57]
 [57]
 [57]
 [57]
 [57]
 [53]
 [45]
 [48]
 [32]
 [54]
 [48]
 [50]
 [52]
 [46]
 [57]
 [54]
 [57]
 [57]
 [45]
 [49]] 
------------------------ Dataset: 4Ek ------------------------
shape: (27, 1), dtype: uint16
Data:[[54]
 [48]
 [52]
 [48]
 [46]
 [55]
 [48]
 [57]
 [57]
 [49]
 [51]
 [45]
 [48]
 [32]
 [54]
 [48]
 [52]
 [48]
 [46]
 [55]
 [48]
 [53]
 [57]
 [51]
 [53]
 [45]
 [49]] 
------------------------ Dataset: 4El ------------------------
shape: (33, 1), dtype: uint16
Data:[[54]
 [48]
 [53]
 [54]
 [46]
 [52]
 [48]
 [57]
 [55]
 [57]
 [57]
 [45]
 [48]
 [32]
 [54]
 [48]
 [53]
 [54]
 [46]
 [52]
 [49]
 [51]
 [56]
 [56]
 [50]
 [57]
 [57]
 [57]
 [57]
 [57]
 [57]
 [45]
 [49]] 
------------------------ Dataset: 4Em ------------------------
shape: (27, 1), dtype: uint16
Data:[[54]
 [48]
 [55]
 [50]
 [46]
 [51]
 [49]
 [51]
 [55]
 [57]
 [57]
 [45]
 [48]
 [32]
 [54]
 [48]
 [55]
 [50]
 [46]
 [51]
 [48]
 [57]
 [55]
 [55]
 [51]
 [45]
 [49]] 
------------------------ Dataset: 4En ------------------------
shape: (33, 1), dtype: uint16
Data:[[53]
 [54]
 [51]
 [51]
 [46]
 [49]
 [57]
 [55]
 [53]
 [54]
 [57]
 [57]
 [57]
 [57]
 [57]
 [57]
 [57]
 [45]
 [48]
 [32]
 [53]
 [54]
 [51]
 [51]
 [46]
 [49]
 [57]
 [51]
 [54]
 [55]
 [56]
 [45]
 [49]] 
------------------------ Dataset: 4Eo ------------------------
shape: (34, 1), dtype: uint16
Data:[[53]
 [54]
 [52]
 [56]
 [46]
 [56]
 [55]
 [53]
 [55]
 [51]
 [57]
 [57]
 [57]
 [57]
 [57]
 [57]
 [57]
 [53]
 [45]
 [48]
 [32]
 [53]
 [54]
 [52]
 [56]
 [46]
 [56]
 [56]
 [48]
 [51]
 [49]
 [51]
 [45]
 [49]] 
------------------------ Dataset: 4Ep ------------------------
shape: (33, 1), dtype: uint16
Data:[[53]
 [54]
 [54]
 [52]
 [46]
 [54]
 [48]
 [57]
 [54]
 [56]
 [45]
 [48]
 [32]
 [53]
 [54]
 [54]
 [52]
 [46]
 [54]
 [48]
 [53]
 [55]
 [53]
 [49]
 [57]
 [57]
 [57]
 [57]
 [57]
 [57]
 [53]
 [45]
 [49]] 
------------------------ Dataset: 4Eq ------------------------
shape: (27, 1), dtype: uint16
Data:[[53]
 [54]
 [56]
 [48]
 [46]
 [51]
 [53]
 [51]
 [55]
 [50]
 [50]
 [45]
 [48]
 [32]
 [53]
 [54]
 [56]
 [48]
 [46]
 [51]
 [52]
 [57]
 [54]
 [54]
 [50]
 [45]
 [49]] 
------------------------ Dataset: 4Er ------------------------
shape: (33, 1), dtype: uint16
Data:[[53]
 [56]
 [48]
 [54]
 [46]
 [54]
 [53]
 [48]
 [48]
 [52]
 [49]
 [45]
 [48]
 [32]
 [53]
 [56]
 [48]
 [54]
 [46]
 [54]
 [52]
 [54]
 [51]
 [57]
 [51]
 [57]
 [57]
 [57]
 [57]
 [57]
 [57]
 [45]
 [49]] 
------------------------ Dataset: 4Es ------------------------
shape: (27, 1), dtype: uint16
Data:[[54]
 [52]
 [49]
 [57]
 [46]
 [52]
 [51]
 [55]
 [57]
 [53]
 [51]
 [45]
 [48]
 [32]
 [54]
 [52]
 [49]
 [57]
 [46]
 [52]
 [51]
 [51]
 [57]
 [51]
 [50]
 [45]
 [49]] 
------------------------ Dataset: 4Et ------------------------
shape: (33, 1), dtype: uint16
Data:[[54]
 [54]
 [49]
 [49]
 [46]
 [53]
 [51]
 [48]
 [48]
 [55]
 [54]
 [57]
 [57]
 [57]
 [57]
 [57]
 [57]
 [45]
 [48]
 [32]
 [54]
 [54]
 [49]
 [49]
 [46]
 [53]
 [50]
 [54]
 [49]
 [57]
 [54]
 [45]
 [49]] 
------------------------ Dataset: 4Eu ------------------------
shape: (27, 1), dtype: uint16
Data:[[54]
 [54]
 [50]
 [55]
 [46]
 [52]
 [53]
 [48]
 [48]
 [56]
 [49]
 [45]
 [48]
 [32]
 [54]
 [54]
 [50]
 [55]
 [46]
 [52]
 [52]
 [54]
 [49]
 [51]
 [55]
 [45]
 [49]] 
------------------------ Dataset: 4Ev ------------------------
shape: (40, 1), dtype: uint16
Data:[[54]
 [54]
 [52]
 [51]
 [46]
 [50]
 [49]
 [48]
 [49]
 [50]
 [49]
 [57]
 [57]
 [57]
 [57]
 [57]
 [57]
 [53]
 [45]
 [48]
 [32]
 [54]
 [54]
 [52]
 [51]
 [46]
 [50]
 [48]
 [54]
 [48]
 [57]
 [54]
 [57]
 [57]
 [57]
 [57]
 [57]
 [57]
 [45]
 [49]] 
------------------------ Dataset: 4Ew ------------------------
shape: (40, 1), dtype: uint16
Data:[[54]
 [54]
 [53]
 [56]
 [46]
 [57]
 [53]
 [48]
 [49]
 [49]
 [51]
 [57]
 [57]
 [57]
 [57]
 [57]
 [57]
 [45]
 [48]
 [32]
 [54]
 [54]
 [53]
 [56]
 [46]
 [57]
 [52]
 [54]
 [48]
 [51]
 [56]
 [57]
 [57]
 [57]
 [57]
 [57]
 [57]
 [53]
 [45]
 [49]] 
------------------------ Dataset: 4Ex ------------------------
shape: (40, 1), dtype: uint16
Data:[[54]
 [54]
 [55]
 [52]
 [46]
 [55]
 [57]
 [56]
 [49]
 [48]
 [48]
 [57]
 [57]
 [57]
 [57]
 [57]
 [57]
 [45]
 [48]
 [32]
 [54]
 [54]
 [55]
 [52]
 [46]
 [56]
 [48]
 [50]
 [48]
 [57]
 [56]
 [57]
 [57]
 [57]
 [57]
 [57]
 [57]
 [53]
 [45]
 [49]] 
------------------------ Dataset: 4Ey ------------------------
shape: (27, 1), dtype: uint16
Data:[[54]
 [54]
 [57]
 [48]
 [46]
 [55]
 [50]
 [54]
 [49]
 [55]
 [51]
 [45]
 [48]
 [32]
 [54]
 [54]
 [57]
 [48]
 [46]
 [55]
 [51]
 [48]
 [50]
 [48]
 [53]
 [45]
 [49]] 
------------------------ Dataset: 4Ez ------------------------
shape: (33, 1), dtype: uint16
Data:[[53]
 [57]
 [48]
 [56]
 [46]
 [54]
 [48]
 [57]
 [55]
 [55]
 [56]
 [45]
 [48]
 [32]
 [53]
 [57]
 [48]
 [56]
 [46]
 [54]
 [48]
 [53]
 [57]
 [56]
 [52]
 [57]
 [57]
 [57]
 [57]
 [57]
 [57]
 [45]
 [49]] 
------------------------ Dataset: 4F ------------------------
