shape: (1, 6), dtype: uint32
Data:[[3707764736          2          1          1        383          1]] 
------------------------ Dataset: vgb ------------------------
shape: (33, 1), dtype: uint16
Data:[[54]
 [55]
 [54]
 [54]
 [46]
 [49]
 [50]
 [54]
 [50]
 [51]
 [51]
 [57]
 [57]
 [57]
 [57]
 [57]
 [57]
 [45]
 [48]
 [32]
 [54]
 [55]
 [54]
 [54]
 [46]
 [49]
 [50]
 [50]
 [50]
 [51]
 [56]
 [45]
 [49]] 
------------------------ Dataset: vgc ------------------------
shape: (15, 1), dtype: uint16
Data:[[103]
 [ 97]
 [122]
 [101]
 [ 95]
 [112]
 [111]
 [105]
 [110]
 [116]
 [ 95]
 [ 51]
 [100]
 [ 95]
 [122]] 
------------------------ Dataset: vgd ------------------------
shape: (33, 1), dtype: uint16
Data:[[54]
 [50]
 [57]
 [52]
 [46]
 [55]
 [49]
 [51]
 [57]
 [53]
 [52]
 [45]
 [48]
 [32]
 [54]
 [50]
 [57]
 [52]
 [46]
 [55]
 [49]
 [51]
 [49]
 [55]
 [56]
 [57]
 [57]
 [57]
 [57]
 [57]
 [57]
 [45]
 [49]] 
------------------------ Dataset: vge ------------------------
shape: (33, 1), dtype: uint16
Data:[[54]
 [51]
 [49]
 [48]
 [46]
 [53]
 [50]
 [57]
 [57]
 [49]
 [55]
 [57]
 [57]
 [57]
 [57]
 [57]
 [57]
 [45]
 [48]
 [32]
 [54]
 [51]
 [49]
 [48]
 [46]
 [53]
 [51]
 [53]
 [54]
 [51]
 [54]
 [45]
 [49]] 
------------------------ Dataset: vgf ------------------------
shape: (27, 1), dtype: uint16
Data:[[54]
 [51]
 [50]
 [54]
 [46]
 [51]
 [57]
 [52]
 [48]
 [50]
 [53]
 [45]
 [48]
 [32]
 [54]
 [51]
 [50]
 [54]
 [46]
 [51]
 [57]
 [48]
 [49]
 [57]
 [50]
 [45]
 [49]] 
------------------------ Dataset: vgg ------------------------
shape: (33, 1), dtype: uint16
Data:[[54]
 [51]
 [52]
 [50]
 [46]
 [50]
 [49]
 [48]
 [48]
 [48]
 [53]
 [57]
 [57]
 [57]
 [57]
 [57]
 [57]
 [45]
 [48]
 [32]
 [54]
 [51]
 [52]
 [50]
 [46]
 [50]
 [49]
 [52]
 [51]
 [55]
 [53]
 [45]
 [49]] 
------------------------ Dataset: vgh ------------------------
shape: (27, 1), dtype: uint16
Data:[[54]
 [53]
 [48]
 [55]
 [46]
 [51]
 [49]
 [56]
 [50]
 [48]
 [57]
 [45]
 [48]
 [32]
 [54]
 [53]
 [48]
 [55]
 [46]
 [51]
 [50]
 [50]
 [49]
 [52]
 [49]
 [45]
 [49]] 
------------------------ Dataset: vgi ------------------------
shape: (32, 1), dtype: uint16
Data:[[54]
 [53]
 [50]
 [51]
 [46]
 [49]
 [52]
 [49]
 [57]
 [51]
 [54]
 [57]
 [57]
 [57]
 [57]
 [57]
 [57]
 [45]
 [48]
 [32]
 [54]
 [53]
 [50]
 [51]
 [46]
 [49]
 [51]
 [55]
 [57]
 [50]
 [45]
 [49]] 
------------------------ Dataset: vgj ------------------------
shape: (33, 1), dtype: uint16
Data:[[54]
 [48]
 [49]
 [56]
 [46]
 [55]
 [49]
 [52]
 [52]
 [49]
 [54]
 [57]
 [57]
 [57]
 [57]
 [57]
 [57]
 [45]
 [48]
 [32]
 [54]
 [48]
 [49]
 [56]
 [46]
 [55]
 [49]
 [56]
 [48]
 [52]
 [57]
 [45]
 [49]] 
------------------------ Dataset: vgk ------------------------
shape: (39, 1), dtype: uint16
Data:[[54]
 [48]
 [51]
 [52]
 [46]
 [53]
 [51]
 [48]
 [48]
 [51]
 [56]
 [57]
 [57]
 [57]
 [57]
 [57]
 [57]
 [45]
 [48]
 [32]
 [54]
 [48]
 [51]
 [52]
 [46]
 [53]
 [51]
 [49]
 [48]
 [51]
 [53]
 [57]
 [57]
 [57]
 [57]
 [57]
 [57]
 [45]
 [49]] 
------------------------ Dataset: vgl ------------------------
shape: (27, 1), dtype: uint16
Data:[[54]
 [48]
 [53]
 [48]
 [46]
 [49]
 [51]
 [51]
 [55]
 [56]
 [55]
 [45]
 [48]
 [32]
 [54]
 [48]
 [53]
 [48]
 [46]
 [49]
 [51]
 [57]
 [49]
 [52]
 [50]
 [45]
 [49]] 
------------------------ Dataset: vgm ------------------------
shape: (26, 1), dtype: uint16
Data:[[54]
 [48]
 [54]
 [54]
 [46]
 [48]
 [50]
 [57]
 [55]
 [57]
 [45]
 [48]
 [32]
 [54]
 [48]
 [54]
 [54]
 [46]
 [48]
 [50]
 [53]
 [57]
 [53]
 [50]
 [45]
 [49]] 
------------------------ Dataset: vgn ------------------------
shape: (39, 1), dtype: uint16
Data:[[54]
 [48]
 [56]
 [49]
 [46]
 [57]
 [54]
 [53]
 [56]
 [48]
 [53]
 [57]
 [57]
 [57]
 [57]
 [57]
 [57]
 [45]
 [48]
 [32]
 [54]
 [48]
 [56]
 [49]
 [46]
 [57]
 [54]
 [49]
 [57]
 [56]
 [53]
 [57]
 [57]
 [57]
 [57]
 [57]
 [57]
 [45]
 [49]] 
------------------------ Dataset: vgo ------------------------
shape: (27, 1), dtype: uint16
Data:[[53]
 [54]
 [52]
 [50]
 [46]
 [54]
 [54]
 [49]
 [53]
 [53]
 [50]
 [45]
 [48]
 [32]
 [53]
 [54]
 [52]
 [50]
 [46]
 [54]
 [54]
 [53]
 [54]
 [50]
 [49]
 [45]
 [49]] 
------------------------ Dataset: vgp ------------------------
shape: (27, 1), dtype: uint16
Data:[[53]
 [54]
 [53]
 [56]
 [46]
 [52]
 [49]
 [51]
 [53]
 [56]
 [51]
 [45]
 [48]
 [32]
 [53]
 [54]
 [53]
 [56]
 [46]
 [52]
 [48]
 [57]
 [53]
 [53]
 [50]
 [45]
 [49]] 
------------------------ Dataset: vgq ------------------------
shape: (27, 1), dtype: uint16
Data:[[53]
 [54]
 [55]
 [52]
 [46]
 [49]
 [49]
 [51]
 [54]
 [50]
 [53]
 [45]
 [48]
 [32]
 [53]
 [54]
 [55]
 [52]
 [46]
 [49]
 [50]
 [49]
 [54]
 [48]
 [52]
 [45]
 [49]] 
------------------------ Dataset: vgr ------------------------
shape: (26, 1), dtype: uint16
Data:[[53]
 [54]
 [56]
 [57]
 [46]
 [56]
 [57]
 [48]
 [53]
 [51]
 [45]
 [48]
 [32]
 [53]
 [54]
 [56]
 [57]
 [46]
 [56]
 [57]
 [52]
 [49]
 [52]
 [55]
 [45]
 [49]] 
------------------------ Dataset: vgs ------------------------
shape: (32, 1), dtype: uint16
Data:[[54]
 [52]
 [49]
 [51]
 [46]
 [49]
 [54]
 [57]
 [57]
 [56]
 [49]
 [57]
 [57]
 [57]
 [57]
 [57]
 [57]
 [45]
 [48]
 [32]
 [54]
 [52]
 [49]
 [51]
 [46]
 [49]
 [54]
 [54]
 [50]
 [51]
 [45]
 [49]] 
------------------------ Dataset: vgt ------------------------
shape: (26, 1), dtype: uint16
Data:[[54]
 [54]
 [48]
 [53]
 [46]
 [50]
 [50]
 [55]
 [49]
 [53]
 [56]
 [45]
 [48]
 [32]
 [54]
 [54]
 [48]
 [53]
 [46]
 [50]
 [51]
 [53]
 [51]
 [53]
 [45]
 [49]] 
------------------------ Dataset: vgu ------------------------
shape: (33, 1), dtype: uint16
Data:[[54]
 [54]
 [50]
 [49]
 [46]
 [50]
 [48]
 [55]
 [52]
 [51]
 [51]
 [45]
 [48]
 [32]
 [54]
 [54]
 [50]
 [49]
 [46]
 [50]
 [48]
 [50]
 [50]
 [49]
 [52]
 [57]
 [57]
 [57]
 [57]
 [57]
 [57]
 [45]
 [49]] 
------------------------ Dataset: vgv ------------------------
shape: (33, 1), dtype: uint16
Data:[[54]
 [54]
 [51]
 [55]
 [46]
 [48]
 [53]
 [49]
 [54]
 [51]
 [53]
 [57]
 [57]
 [57]
 [57]
 [57]
 [57]
 [45]
 [48]
 [32]
 [54]
 [54]
 [51]
 [55]
 [46]
 [48]
 [53]
 [56]
 [49]
 [57]
 [54]
 [45]
 [49]] 
------------------------ Dataset: vgw ------------------------
shape: (33, 1), dtype: uint16
Data:[[54]
 [54]
 [53]
 [50]
 [46]
 [54]
 [52]
 [50]
 [48]
 [52]
 [49]
 [45]
 [48]
 [32]
 [54]
 [54]
 [53]
 [50]
 [46]
 [54]
 [51]
 [56]
 [48]
 [55]
 [56]
 [57]
 [57]
 [57]
 [57]
 [57]
 [57]
 [45]
 [49]] 
------------------------ Dataset: vgx ------------------------
shape: (39, 1), dtype: uint16
Data:[[54]
 [54]
 [54]
 [56]
 [46]
 [53]
 [48]
 [54]
 [48]
 [50]
 [48]
 [57]
 [57]
 [57]
 [57]
 [57]
 [57]
 [45]
 [48]
 [32]
 [54]
 [54]
 [54]
 [56]
 [46]
 [53]
 [48]
 [50]
 [48]
 [54]
 [51]
 [57]
 [57]
 [57]
 [57]
 [57]
 [57]
 [45]
 [49]] 
------------------------ Dataset: vgy ------------------------
shape: (33, 1), dtype: uint16
Data:[[54]
 [54]
 [56]
 [52]
 [46]
 [52]
 [51]
 [52]
 [50]
 [51]
 [51]
 [57]
 [57]
 [57]
 [57]
 [57]
 [57]
 [45]
 [48]
 [32]
 [54]
 [54]
 [56]
 [52]
 [46]
 [52]
 [51]
 [48]
 [48]
 [52]
 [52]
 [45]
 [49]] 
------------------------ Dataset: vgz ------------------------
shape: (33, 1), dtype: uint16
Data:[[53]
 [57]
 [48]
 [50]
 [46]
 [51]
 [53]
 [55]
 [55]
 [54]
 [48]
 [57]
 [57]
 [57]
 [57]
 [57]
 [57]
 [45]
 [48]
 [32]
 [53]
 [57]
 [48]
 [50]
 [46]
 [51]
 [53]
 [51]
 [55]
 [57]
 [50]
 [45]
 [49]] 
------------------------ Dataset: vh ------------------------
