shape: (1, 6), dtype: uint32
Data:[[3707764736          2          1          1       1421          1]] 
------------------------ Dataset: Fxb ------------------------
shape: (27, 1), dtype: uint16
Data:[[54]
 [55]
 [55]
 [48]
 [46]
 [53]
 [49]
 [54]
 [48]
 [49]
 [57]
 [45]
 [48]
 [32]
 [54]
 [55]
 [55]
 [48]
 [46]
 [53]
 [49]
 [56]
 [51]
 [55]
 [53]
 [45]
 [49]] 
------------------------ Dataset: Fxc ------------------------
shape: (27, 1), dtype: uint16
Data:[[54]
 [50]
 [56]
 [51]
 [46]
 [50]
 [57]
 [53]
 [51]
 [53]
 [57]
 [45]
 [48]
 [32]
 [54]
 [50]
 [56]
 [51]
 [46]
 [50]
 [57]
 [49]
 [53]
 [56]
 [52]
 [45]
 [49]] 
------------------------ Dataset: Fxd ------------------------
shape: (27, 1), dtype: uint16
Data:[[54]
 [50]
 [57]
 [57]
 [46]
 [48]
 [54]
 [57]
 [56]
 [56]
 [53]
 [45]
 [48]
 [32]
 [54]
 [50]
 [57]
 [57]
 [46]
 [48]
 [54]
 [57]
 [56]
 [56]
 [52]
 [45]
 [49]] 
------------------------ Dataset: Fxe ------------------------
shape: (27, 1), dtype: uint16
Data:[[54]
 [51]
 [49]
 [52]
 [46]
 [57]
 [53]
 [49]
 [56]
 [54]
 [50]
 [45]
 [48]
 [32]
 [54]
 [51]
 [49]
 [52]
 [46]
 [57]
 [52]
 [50]
 [49]
 [55]
 [54]
 [45]
 [49]] 
------------------------ Dataset: Fxf ------------------------
shape: (27, 1), dtype: uint16
Data:[[54]
 [51]
 [51]
 [48]
 [46]
 [55]
 [53]
 [55]
 [56]
 [55]
 [57]
 [45]
 [48]
 [32]
 [54]
 [51]
 [51]
 [48]
 [46]
 [55]
 [54]
 [49]
 [57]
 [53]
 [56]
 [45]
 [49]] 
------------------------ Dataset: Fxg ------------------------
shape: (27, 1), dtype: uint16
Data:[[54]
 [51]
 [52]
 [54]
 [46]
 [53]
 [57]
 [57]
 [54]
 [49]
 [52]
 [45]
 [48]
 [32]
 [54]
 [51]
 [52]
 [54]
 [46]
 [54]
 [48]
 [49]
 [57]
 [53]
 [49]
 [45]
 [49]] 
------------------------ Dataset: Fxh ------------------------
shape: (27, 1), dtype: uint16
Data:[[54]
 [53]
 [49]
 [49]
 [46]
 [54]
 [56]
 [50]
 [49]
 [49]
 [56]
 [45]
 [48]
 [32]
 [54]
 [53]
 [49]
 [49]
 [46]
 [54]
 [56]
 [54]
 [49]
 [48]
 [56]
 [45]
 [49]] 
------------------------ Dataset: Fxi ------------------------
shape: (40, 1), dtype: uint16
Data:[[54]
 [53]
 [50]
 [55]
 [46]
 [53]
 [49]
 [52]
 [48]
 [51]
 [52]
 [57]
 [57]
 [57]
 [57]
 [57]
 [57]
 [45]
 [48]
 [32]
 [54]
 [53]
 [50]
 [55]
 [46]
 [53]
 [49]
 [56]
 [48]
 [52]
 [51]
 [57]
 [57]
 [57]
 [57]
 [57]
 [57]
 [53]
 [45]
 [49]] 
------------------------ Dataset: Fxj ------------------------
shape: (27, 1), dtype: uint16
Data:[[54]
 [48]
 [50]
 [51]
 [46]
 [48]
 [57]
 [53]
 [57]
 [48]
 [49]
 [45]
 [48]
 [32]
 [54]
 [48]
 [50]
 [51]
 [46]
 [48]
 [57]
 [53]
 [55]
 [55]
 [50]
 [45]
 [49]] 
------------------------ Dataset: Fxk ------------------------
shape: (27, 1), dtype: uint16
Data:[[54]
 [48]
 [51]
 [56]
 [46]
 [56]
 [54]
 [49]
 [56]
 [57]
 [52]
 [45]
 [48]
 [32]
 [54]
 [48]
 [51]
 [56]
 [46]
 [56]
 [53]
 [56]
 [48]
 [51]
 [52]
 [45]
 [49]] 
------------------------ Dataset: Fxl ------------------------
shape: (34, 1), dtype: uint16
Data:[[54]
 [48]
 [53]
 [52]
 [46]
 [53]
 [48]
 [53]
 [57]
 [53]
 [51]
 [45]
 [48]
 [32]
 [54]
 [48]
 [53]
 [52]
 [46]
 [53]
 [48]
 [57]
 [57]
 [49]
 [49]
 [57]
 [57]
 [57]
 [57]
 [57]
 [57]
 [53]
 [45]
 [49]] 
------------------------ Dataset: Fxm ------------------------
shape: (34, 1), dtype: uint16
Data:[[54]
 [48]
 [55]
 [48]
 [46]
 [52]
 [53]
 [48]
 [52]
 [53]
 [57]
 [45]
 [48]
 [32]
 [54]
 [48]
 [55]
 [48]
 [46]
 [52]
 [53]
 [55]
 [57]
 [50]
 [54]
 [57]
 [57]
 [57]
 [57]
 [57]
 [57]
 [53]
 [45]
 [49]] 
------------------------ Dataset: Fxn ------------------------
shape: (40, 1), dtype: uint16
Data:[[53]
 [54]
 [51]
 [49]
 [46]
 [51]
 [50]
 [53]
 [53]
 [49]
 [52]
 [57]
 [57]
 [57]
 [57]
 [57]
 [57]
 [53]
 [45]
 [48]
 [32]
 [53]
 [54]
 [51]
 [49]
 [46]
 [51]
 [50]
 [57]
 [53]
 [53]
 [52]
 [57]
 [57]
 [57]
 [57]
 [57]
 [57]
 [45]
 [49]] 
------------------------ Dataset: Fxo ------------------------
shape: (27, 1), dtype: uint16
Data:[[53]
 [54]
 [52]
 [55]
 [46]
 [48]
 [48]
 [49]
 [53]
 [52]
 [53]
 [45]
 [48]
 [32]
 [53]
 [54]
 [52]
 [55]
 [46]
 [48]
 [48]
 [49]
 [55]
 [52]
 [57]
 [45]
 [49]] 
------------------------ Dataset: Fxp ------------------------
shape: (34, 1), dtype: uint16
Data:[[53]
 [54]
 [54]
 [50]
 [46]
 [55]
 [51]
 [55]
 [53]
 [53]
 [54]
 [45]
 [48]
 [32]
 [53]
 [54]
 [54]
 [50]
 [46]
 [55]
 [52]
 [49]
 [53]
 [51]
 [53]
 [57]
 [57]
 [57]
 [57]
 [57]
 [57]
 [53]
 [45]
 [49]] 
------------------------ Dataset: Fxq ------------------------
shape: (33, 1), dtype: uint16
Data:[[53]
 [54]
 [55]
 [56]
 [46]
 [52]
 [56]
 [49]
 [54]
 [50]
 [52]
 [57]
 [57]
 [57]
 [57]
 [57]
 [57]
 [45]
 [48]
 [32]
 [53]
 [54]
 [55]
 [56]
 [46]
 [52]
 [55]
 [55]
 [54]
 [56]
 [50]
 [45]
 [49]] 
------------------------ Dataset: Fxr ------------------------
shape: (39, 1), dtype: uint16
Data:[[53]
 [54]
 [57]
 [52]
 [46]
 [50]
 [50]
 [57]
 [55]
 [57]
 [55]
 [57]
 [57]
 [57]
 [57]
 [57]
 [57]
 [45]
 [48]
 [32]
 [53]
 [54]
 [57]
 [52]
 [46]
 [50]
 [50]
 [57]
 [55]
 [57]
 [55]
 [57]
 [57]
 [57]
 [57]
 [57]
 [57]
 [45]
 [49]] 
------------------------ Dataset: Fxs ------------------------
shape: (34, 1), dtype: uint16
Data:[[54]
 [52]
 [49]
 [55]
 [46]
 [53]
 [52]
 [50]
 [52]
 [50]
 [57]
 [45]
 [48]
 [32]
 [54]
 [52]
 [49]
 [55]
 [46]
 [53]
 [52]
 [54]
 [48]
 [51]
 [55]
 [57]
 [57]
 [57]
 [57]
 [57]
 [57]
 [53]
 [45]
 [49]] 
------------------------ Dataset: Fxt ------------------------
shape: (33, 1), dtype: uint16
Data:[[54]
 [54]
 [48]
 [57]
 [46]
 [54]
 [51]
 [52]
 [48]
 [56]
 [51]
 [57]
 [57]
 [57]
 [57]
 [57]
 [57]
 [45]
 [48]
 [32]
 [54]
 [54]
 [48]
 [57]
 [46]
 [54]
 [52]
 [51]
 [54]
 [53]
 [50]
 [45]
 [49]] 
------------------------ Dataset: Fxu ------------------------
shape: (33, 1), dtype: uint16
Data:[[54]
 [54]
 [50]
 [53]
 [46]
 [53]
 [55]
 [56]
 [48]
 [51]
 [54]
 [57]
 [57]
 [57]
 [57]
 [57]
 [57]
 [45]
 [48]
 [32]
 [54]
 [54]
 [50]
 [53]
 [46]
 [53]
 [56]
 [50]
 [48]
 [52]
 [50]
 [45]
 [49]] 
------------------------ Dataset: Fxv ------------------------
shape: (34, 1), dtype: uint16
Data:[[54]
 [54]
 [52]
 [49]
 [46]
 [51]
 [54]
 [50]
 [50]
 [49]
 [53]
 [57]
 [57]
 [57]
 [57]
 [57]
 [57]
 [53]
 [45]
 [48]
 [32]
 [54]
 [54]
 [52]
 [49]
 [46]
 [51]
 [53]
 [56]
 [49]
 [53]
 [56]
 [45]
 [49]] 
------------------------ Dataset: Fxw ------------------------
shape: (27, 1), dtype: uint16
Data:[[54]
 [54]
 [53]
 [55]
 [46]
 [48]
 [50]
 [50]
 [56]
 [48]
 [56]
 [45]
 [48]
 [32]
 [54]
 [54]
 [53]
 [55]
 [46]
 [48]
 [50]
 [54]
 [54]
 [49]
 [51]
 [45]
 [49]] 
------------------------ Dataset: Fxx ------------------------
shape: (33, 1), dtype: uint16
Data:[[54]
 [54]
 [55]
 [50]
 [46]
 [57]
 [49]
 [56]
 [49]
 [53]
 [54]
 [45]
 [48]
 [32]
 [54]
 [54]
 [55]
 [50]
 [46]
 [57]
 [50]
 [55]
 [48]
 [54]
 [56]
 [57]
 [57]
 [57]
 [57]
 [57]
 [57]
 [45]
 [49]] 
------------------------ Dataset: Fxy ------------------------
shape: (34, 1), dtype: uint16
Data:[[54]
 [54]
 [56]
 [56]
 [46]
 [56]
 [50]
 [50]
 [48]
 [53]
 [49]
 [57]
 [57]
 [57]
 [57]
 [57]
 [57]
 [53]
 [45]
 [48]
 [32]
 [54]
 [54]
 [56]
 [56]
 [46]
 [56]
 [50]
 [54]
 [48]
 [55]
 [56]
 [45]
 [49]] 
------------------------ Dataset: Fxz ------------------------
shape: (34, 1), dtype: uint16
Data:[[53]
 [57]
 [48]
 [54]
 [46]
 [55]
 [50]
 [57]
 [57]
 [57]
 [54]
 [45]
 [48]
 [32]
 [53]
 [57]
 [48]
 [54]
 [46]
 [55]
 [51]
 [52]
 [49]
 [53]
 [53]
 [57]
 [57]
 [57]
 [57]
 [57]
 [57]
 [53]
 [45]
 [49]] 
------------------------ Dataset: Fy ------------------------
