shape: (1, 6), dtype: uint32
Data:[[3707764736          2          1          1        241          1]] 
------------------------ Dataset: aeb ------------------------
shape: (40, 1), dtype: uint16
Data:[[54]
 [55]
 [54]
 [53]
 [46]
 [53]
 [50]
 [54]
 [48]
 [57]
 [50]
 [57]
 [57]
 [57]
 [57]
 [57]
 [57]
 [53]
 [45]
 [48]
 [32]
 [54]
 [55]
 [54]
 [53]
 [46]
 [53]
 [50]
 [50]
 [49]
 [50]
 [49]
 [57]
 [57]
 [57]
 [57]
 [57]
 [57]
 [45]
 [49]] 
------------------------ Dataset: aec ------------------------
shape: (40, 1), dtype: uint16
Data:[[54]
 [55]
 [56]
 [49]
 [46]
 [51]
 [54]
 [54]
 [48]
 [51]
 [53]
 [57]
 [57]
 [57]
 [57]
 [57]
 [57]
 [45]
 [48]
 [32]
 [54]
 [55]
 [56]
 [49]
 [46]
 [51]
 [55]
 [53]
 [57]
 [51]
 [53]
 [57]
 [57]
 [57]
 [57]
 [57]
 [57]
 [53]
 [45]
 [49]] 
------------------------ Dataset: aed ------------------------
shape: (33, 1), dtype: uint16
Data:[[54]
 [50]
 [57]
 [52]
 [46]
 [49]
 [49]
 [56]
 [48]
 [50]
 [48]
 [57]
 [57]
 [57]
 [57]
 [57]
 [57]
 [45]
 [48]
 [32]
 [54]
 [50]
 [57]
 [52]
 [46]
 [49]
 [50]
 [49]
 [57]
 [48]
 [55]
 [45]
 [49]] 
------------------------ Dataset: aee ------------------------
shape: (27, 1), dtype: uint16
Data:[[54]
 [51]
 [48]
 [57]
 [46]
 [57]
 [52]
 [54]
 [53]
 [57]
 [52]
 [45]
 [48]
 [32]
 [54]
 [51]
 [48]
 [57]
 [46]
 [57]
 [52]
 [55]
 [51]
 [52]
 [51]
 [45]
 [49]] 
------------------------ Dataset: aef ------------------------
shape: (26, 1), dtype: uint16
Data:[[54]
 [51]
 [50]
 [53]
 [46]
 [55]
 [57]
 [48]
 [48]
 [53]
 [45]
 [48]
 [32]
 [54]
 [51]
 [50]
 [53]
 [46]
 [55]
 [57]
 [51]
 [57]
 [54]
 [55]
 [45]
 [49]] 
------------------------ Dataset: aeg ------------------------
shape: (33, 1), dtype: uint16
Data:[[54]
 [51]
 [52]
 [49]
 [46]
 [54]
 [49]
 [56]
 [49]
 [49]
 [49]
 [45]
 [48]
 [32]
 [54]
 [51]
 [52]
 [49]
 [46]
 [54]
 [50]
 [56]
 [50]
 [57]
 [57]
 [57]
 [57]
 [57]
 [57]
 [57]
 [57]
 [45]
 [49]] 
------------------------ Dataset: aeh ------------------------
shape: (33, 1), dtype: uint16
Data:[[54]
 [53]
 [48]
 [54]
 [46]
 [55]
 [51]
 [56]
 [53]
 [49]
 [49]
 [45]
 [48]
 [32]
 [54]
 [53]
 [48]
 [54]
 [46]
 [55]
 [51]
 [53]
 [48]
 [56]
 [57]
 [57]
 [57]
 [57]
 [57]
 [57]
 [57]
 [45]
 [49]] 
------------------------ Dataset: aei ------------------------
shape: (33, 1), dtype: uint16
Data:[[54]
 [53]
 [50]
 [50]
 [46]
 [53]
 [52]
 [53]
 [57]
 [53]
 [45]
 [48]
 [32]
 [54]
 [53]
 [50]
 [50]
 [46]
 [53]
 [52]
 [57]
 [57]
 [53]
 [52]
 [57]
 [57]
 [57]
 [57]
 [57]
 [57]
 [53]
 [45]
 [49]] 
------------------------ Dataset: aej ------------------------
shape: (33, 1), dtype: uint16
Data:[[54]
 [48]
 [49]
 [56]
 [46]
 [49]
 [50]
 [53]
 [51]
 [57]
 [50]
 [45]
 [48]
 [32]
 [54]
 [48]
 [49]
 [56]
 [46]
 [49]
 [50]
 [57]
 [48]
 [48]
 [48]
 [57]
 [57]
 [57]
 [57]
 [57]
 [57]
 [45]
 [49]] 
------------------------ Dataset: aek ------------------------
shape: (33, 1), dtype: uint16
Data:[[54]
 [48]
 [51]
 [51]
 [46]
 [57]
 [50]
 [49]
 [54]
 [55]
 [54]
 [45]
 [48]
 [32]
 [54]
 [48]
 [51]
 [51]
 [46]
 [57]
 [50]
 [53]
 [55]
 [57]
 [55]
 [57]
 [57]
 [57]
 [57]
 [57]
 [57]
 [45]
 [49]] 
------------------------ Dataset: ael ------------------------
shape: (27, 1), dtype: uint16
Data:[[54]
 [48]
 [52]
 [57]
 [46]
 [53]
 [52]
 [51]
 [57]
 [50]
 [52]
 [45]
 [48]
 [32]
 [54]
 [48]
 [52]
 [57]
 [46]
 [53]
 [51]
 [51]
 [56]
 [50]
 [52]
 [45]
 [49]] 
------------------------ Dataset: aem ------------------------
shape: (13, 1), dtype: uint16
Data:[[54]
 [48]
 [54]
 [53]
 [46]
 [52]
 [49]
 [55]
 [54]
 [55]
 [56]
 [45]
 [48]] 
------------------------ Dataset: aen ------------------------
shape: (33, 1), dtype: uint16
Data:[[54]
 [48]
 [56]
 [49]
 [46]
 [51]
 [53]
 [51]
 [55]
 [57]
 [50]
 [57]
 [57]
 [57]
 [57]
 [57]
 [57]
 [45]
 [48]
 [32]
 [54]
 [48]
 [56]
 [49]
 [46]
 [51]
 [53]
 [55]
 [55]
 [57]
 [52]
 [45]
 [49]] 
------------------------ Dataset: aeo ------------------------
shape: (32, 1), dtype: uint16
Data:[[53]
 [54]
 [52]
 [50]
 [46]
 [48]
 [55]
 [51]
 [55]
 [56]
 [45]
 [48]
 [32]
 [53]
 [54]
 [52]
 [50]
 [46]
 [48]
 [55]
 [55]
 [54]
 [50]
 [48]
 [57]
 [57]
 [57]
 [57]
 [57]
 [57]
 [45]
 [49]] 
------------------------ Dataset: aep ------------------------
shape: (33, 1), dtype: uint16
Data:[[53]
 [54]
 [53]
 [55]
 [46]
 [56]
 [48]
 [57]
 [53]
 [49]
 [56]
 [57]
 [57]
 [57]
 [57]
 [57]
 [57]
 [45]
 [48]
 [32]
 [53]
 [54]
 [53]
 [55]
 [46]
 [56]
 [49]
 [51]
 [54]
 [56]
 [53]
 [45]
 [49]] 
------------------------ Dataset: aeq ------------------------
shape: (27, 1), dtype: uint16
Data:[[53]
 [54]
 [55]
 [51]
 [46]
 [53]
 [51]
 [51]
 [57]
 [49]
 [52]
 [45]
 [48]
 [32]
 [53]
 [54]
 [55]
 [51]
 [46]
 [53]
 [50]
 [57]
 [54]
 [53]
 [54]
 [45]
 [49]] 
------------------------ Dataset: aer ------------------------
shape: (33, 1), dtype: uint16
Data:[[53]
 [54]
 [56]
 [57]
 [46]
 [51]
 [48]
 [49]
 [53]
 [49]
 [55]
 [45]
 [48]
 [32]
 [53]
 [54]
 [56]
 [57]
 [46]
 [51]
 [48]
 [53]
 [53]
 [51]
 [54]
 [57]
 [57]
 [57]
 [57]
 [57]
 [57]
 [45]
 [49]] 
------------------------ Dataset: aes ------------------------
shape: (2,), dtype: uint64
Data:[0 0] 
------------------------ Dataset: aet ------------------------
shape: (34, 1), dtype: uint16
Data:[[54]
 [54]
 [48]
 [52]
 [46]
 [54]
 [51]
 [56]
 [48]
 [55]
 [51]
 [57]
 [57]
 [57]
 [57]
 [57]
 [57]
 [53]
 [45]
 [48]
 [32]
 [54]
 [54]
 [48]
 [52]
 [46]
 [54]
 [51]
 [52]
 [49]
 [48]
 [53]
 [45]
 [49]] 
------------------------ Dataset: aeu ------------------------
shape: (26, 1), dtype: uint16
Data:[[54]
 [54]
 [50]
 [48]
 [46]
 [54]
 [49]
 [52]
 [49]
 [56]
 [45]
 [48]
 [32]
 [54]
 [54]
 [50]
 [48]
 [46]
 [54]
 [49]
 [56]
 [49]
 [51]
 [53]
 [45]
 [49]] 
------------------------ Dataset: aev ------------------------
shape: (32, 1), dtype: uint16
Data:[[54]
 [54]
 [51]
 [54]
 [46]
 [52]
 [53]
 [57]
 [52]
 [56]
 [52]
 [57]
 [57]
 [57]
 [57]
 [57]
 [57]
 [45]
 [48]
 [32]
 [54]
 [54]
 [51]
 [54]
 [46]
 [52]
 [54]
 [48]
 [49]
 [57]
 [45]
 [49]] 
------------------------ Dataset: aew ------------------------
shape: (33, 1), dtype: uint16
Data:[[54]
 [54]
 [53]
 [50]
 [46]
 [48]
 [53]
 [57]
 [53]
 [57]
 [56]
 [57]
 [57]
 [57]
 [57]
 [57]
 [57]
 [45]
 [48]
 [32]
 [54]
 [54]
 [53]
 [50]
 [46]
 [48]
 [53]
 [57]
 [56]
 [57]
 [57]
 [45]
 [49]] 
------------------------ Dataset: aex ------------------------
shape: (26, 1), dtype: uint16
Data:[[54]
 [54]
 [54]
 [55]
 [46]
 [57]
 [49]
 [56]
 [57]
 [52]
 [45]
 [48]
 [32]
 [54]
 [54]
 [54]
 [55]
 [46]
 [57]
 [48]
 [54]
 [57]
 [51]
 [53]
 [45]
 [49]] 
------------------------ Dataset: aey ------------------------
shape: (34, 1), dtype: uint16
Data:[[54]
 [54]
 [56]
 [51]
 [46]
 [56]
 [51]
 [48]
 [48]
 [50]
 [55]
 [45]
 [48]
 [32]
 [54]
 [54]
 [56]
 [51]
 [46]
 [56]
 [51]
 [52]
 [48]
 [54]
 [56]
 [57]
 [57]
 [57]
 [57]
 [57]
 [57]
 [53]
 [45]
 [49]] 
------------------------ Dataset: aez ------------------------
shape: (39, 1), dtype: uint16
Data:[[53]
 [57]
 [48]
 [49]
 [46]
 [55]
 [53]
 [56]
 [54]
 [54]
 [52]
 [57]
 [57]
 [57]
 [57]
 [57]
 [57]
 [45]
 [48]
 [32]
 [53]
 [57]
 [48]
 [49]
 [46]
 [55]
 [53]
 [56]
 [52]
 [53]
 [55]
 [57]
 [57]
 [57]
 [57]
 [57]
 [57]
 [45]
 [49]] 
------------------------ Dataset: af ------------------------
