shape: (1, 6), dtype: uint32
Data:[[3707764736          2          1          1       1520          1]] 
------------------------ Dataset: izb ------------------------
shape: (33, 1), dtype: uint16
Data:[[54]
 [55]
 [55]
 [48]
 [46]
 [57]
 [51]
 [55]
 [49]
 [49]
 [51]
 [57]
 [57]
 [57]
 [57]
 [57]
 [57]
 [45]
 [48]
 [32]
 [54]
 [55]
 [55]
 [48]
 [46]
 [57]
 [51]
 [48]
 [50]
 [48]
 [56]
 [45]
 [49]] 
------------------------ Dataset: izc ------------------------
shape: (33, 1), dtype: uint16
Data:[[54]
 [50]
 [56]
 [51]
 [46]
 [55]
 [48]
 [49]
 [56]
 [54]
 [53]
 [57]
 [57]
 [57]
 [57]
 [57]
 [57]
 [45]
 [48]
 [32]
 [54]
 [50]
 [56]
 [51]
 [46]
 [55]
 [48]
 [53]
 [56]
 [54]
 [52]
 [45]
 [49]] 
------------------------ Dataset: izd ------------------------
shape: (33, 1), dtype: uint16
Data:[[54]
 [50]
 [57]
 [57]
 [46]
 [52]
 [55]
 [54]
 [51]
 [51]
 [57]
 [57]
 [57]
 [57]
 [57]
 [57]
 [57]
 [45]
 [48]
 [32]
 [54]
 [50]
 [57]
 [57]
 [46]
 [52]
 [55]
 [57]
 [53]
 [49]
 [52]
 [45]
 [49]] 
------------------------ Dataset: ize ------------------------
shape: (33, 1), dtype: uint16
Data:[[54]
 [51]
 [49]
 [53]
 [46]
 [51]
 [53]
 [52]
 [50]
 [57]
 [52]
 [45]
 [48]
 [32]
 [54]
 [51]
 [49]
 [53]
 [46]
 [51]
 [53]
 [50]
 [54]
 [51]
 [55]
 [57]
 [57]
 [57]
 [57]
 [57]
 [57]
 [45]
 [49]] 
------------------------ Dataset: izf ------------------------
shape: (27, 1), dtype: uint16
Data:[[54]
 [51]
 [51]
 [49]
 [46]
 [49]
 [54]
 [57]
 [56]
 [53]
 [53]
 [45]
 [48]
 [32]
 [54]
 [51]
 [51]
 [49]
 [46]
 [49]
 [54]
 [53]
 [56]
 [54]
 [55]
 [45]
 [49]] 
------------------------ Dataset: izg ------------------------
shape: (1, 16504), dtype: float64
Data:[[0.88706329 0.88694215 0.88694215 ... 0.87610614 0.87785165 0.87785165]] 
------------------------ Dataset: izh ------------------------
shape: (32, 1), dtype: uint16
Data:[[54]
 [53]
 [49]
 [50]
 [46]
 [48]
 [57]
 [51]
 [57]
 [53]
 [57]
 [57]
 [57]
 [57]
 [57]
 [57]
 [57]
 [45]
 [48]
 [32]
 [54]
 [53]
 [49]
 [50]
 [46]
 [48]
 [56]
 [57]
 [57]
 [53]
 [45]
 [49]] 
------------------------ Dataset: izi ------------------------
shape: (33, 1), dtype: uint16
Data:[[54]
 [53]
 [50]
 [55]
 [46]
 [57]
 [50]
 [54]
 [50]
 [51]
 [50]
 [57]
 [57]
 [57]
 [57]
 [57]
 [57]
 [45]
 [48]
 [32]
 [54]
 [53]
 [50]
 [55]
 [46]
 [57]
 [51]
 [48]
 [48]
 [54]
 [57]
 [45]
 [49]] 
------------------------ Dataset: izj ------------------------
shape: (27, 1), dtype: uint16
Data:[[54]
 [48]
 [50]
 [51]
 [46]
 [53]
 [49]
 [51]
 [55]
 [51]
 [52]
 [45]
 [48]
 [32]
 [54]
 [48]
 [50]
 [51]
 [46]
 [53]
 [48]
 [57]
 [55]
 [49]
 [49]
 [45]
 [49]] 
------------------------ Dataset: izk ------------------------
shape: (26, 1), dtype: uint16
Data:[[54]
 [48]
 [51]
 [57]
 [46]
 [50]
 [54]
 [53]
 [56]
 [50]
 [51]
 [45]
 [48]
 [32]
 [54]
 [48]
 [51]
 [57]
 [46]
 [50]
 [54]
 [57]
 [56]
 [49]
 [45]
 [49]] 
------------------------ Dataset: izl ------------------------
shape: (40, 1), dtype: uint16
Data:[[54]
 [48]
 [53]
 [52]
 [46]
 [57]
 [49]
 [55]
 [56]
 [55]
 [53]
 [57]
 [57]
 [57]
 [57]
 [57]
 [57]
 [53]
 [45]
 [48]
 [32]
 [54]
 [48]
 [53]
 [52]
 [46]
 [57]
 [50]
 [49]
 [54]
 [57]
 [53]
 [57]
 [57]
 [57]
 [57]
 [57]
 [57]
 [45]
 [49]] 
------------------------ Dataset: izm ------------------------
shape: (33, 1), dtype: uint16
Data:[[54]
 [48]
 [55]
 [48]
 [46]
 [56]
 [54]
 [49]
 [56]
 [48]
 [52]
 [45]
 [48]
 [32]
 [54]
 [48]
 [55]
 [48]
 [46]
 [56]
 [54]
 [53]
 [56]
 [57]
 [50]
 [57]
 [57]
 [57]
 [57]
 [57]
 [57]
 [45]
 [49]] 
------------------------ Dataset: izn ------------------------
shape: (33, 1), dtype: uint16
Data:[[53]
 [54]
 [51]
 [49]
 [46]
 [55]
 [51]
 [55]
 [53]
 [52]
 [53]
 [57]
 [57]
 [57]
 [57]
 [57]
 [57]
 [45]
 [48]
 [32]
 [53]
 [54]
 [51]
 [49]
 [46]
 [55]
 [51]
 [53]
 [49]
 [56]
 [57]
 [45]
 [49]] 
------------------------ Dataset: izo ------------------------
shape: (27, 1), dtype: uint16
Data:[[53]
 [54]
 [52]
 [55]
 [46]
 [52]
 [48]
 [53]
 [53]
 [50]
 [50]
 [45]
 [48]
 [32]
 [53]
 [54]
 [52]
 [55]
 [46]
 [52]
 [49]
 [52]
 [56]
 [50]
 [55]
 [45]
 [49]] 
------------------------ Dataset: izp ------------------------
shape: (34, 1), dtype: uint16
Data:[[53]
 [54]
 [54]
 [51]
 [46]
 [49]
 [53]
 [48]
 [55]
 [48]
 [56]
 [45]
 [48]
 [32]
 [53]
 [54]
 [54]
 [51]
 [46]
 [49]
 [52]
 [53]
 [55]
 [48]
 [48]
 [57]
 [57]
 [57]
 [57]
 [57]
 [57]
 [53]
 [45]
 [49]] 
------------------------ Dataset: izq ------------------------
shape: (33, 1), dtype: uint16
Data:[[53]
 [54]
 [55]
 [56]
 [46]
 [56]
 [57]
 [51]
 [55]
 [56]
 [55]
 [57]
 [57]
 [57]
 [57]
 [57]
 [57]
 [45]
 [48]
 [32]
 [53]
 [54]
 [55]
 [56]
 [46]
 [56]
 [56]
 [57]
 [55]
 [56]
 [57]
 [45]
 [49]] 
------------------------ Dataset: izr ------------------------
shape: (39, 1), dtype: uint16
Data:[[53]
 [54]
 [57]
 [52]
 [46]
 [54]
 [53]
 [51]
 [57]
 [49]
 [48]
 [57]
 [57]
 [57]
 [57]
 [57]
 [57]
 [45]
 [48]
 [32]
 [53]
 [54]
 [57]
 [52]
 [46]
 [54]
 [53]
 [51]
 [57]
 [49]
 [48]
 [57]
 [57]
 [57]
 [57]
 [57]
 [57]
 [45]
 [49]] 
------------------------ Dataset: izs ------------------------
shape: (33, 1), dtype: uint16
Data:[[54]
 [52]
 [49]
 [55]
 [46]
 [57]
 [53]
 [52]
 [52]
 [50]
 [53]
 [57]
 [57]
 [57]
 [57]
 [57]
 [57]
 [45]
 [48]
 [32]
 [54]
 [52]
 [49]
 [55]
 [46]
 [57]
 [53]
 [55]
 [57]
 [50]
 [50]
 [45]
 [49]] 
------------------------ Dataset: izt ------------------------
shape: (13, 1), dtype: uint16
Data:[[54]
 [54]
 [49]
 [48]
 [46]
 [48]
 [53]
 [48]
 [49]
 [57]
 [51]
 [45]
 [49]] 
------------------------ Dataset: izu ------------------------
shape: (27, 1), dtype: uint16
Data:[[54]
 [54]
 [50]
 [53]
 [46]
 [57]
 [57]
 [48]
 [48]
 [54]
 [50]
 [45]
 [48]
 [32]
 [54]
 [54]
 [50]
 [53]
 [46]
 [57]
 [56]
 [54]
 [49]
 [54]
 [52]
 [45]
 [49]] 
------------------------ Dataset: izv ------------------------
shape: (19, 1), dtype: uint16
Data:[[54]
 [54]
 [52]
 [49]
 [46]
 [55]
 [54]
 [54]
 [49]
 [49]
 [52]
 [57]
 [57]
 [57]
 [57]
 [57]
 [57]
 [45]
 [48]] 
------------------------ Dataset: izw ------------------------
shape: (39, 1), dtype: uint16
Data:[[54]
 [54]
 [53]
 [55]
 [46]
 [52]
 [52]
 [50]
 [49]
 [50]
 [51]
 [57]
 [57]
 [57]
 [57]
 [57]
 [57]
 [45]
 [48]
 [32]
 [54]
 [54]
 [53]
 [55]
 [46]
 [52]
 [52]
 [56]
 [51]
 [51]
 [55]
 [57]
 [57]
 [57]
 [57]
 [57]
 [57]
 [45]
 [49]] 
------------------------ Dataset: izx ------------------------
shape: (27, 1), dtype: uint16
Data:[[54]
 [54]
 [55]
 [51]
 [46]
 [51]
 [52]
 [52]
 [54]
 [54]
 [49]
 [45]
 [48]
 [32]
 [54]
 [54]
 [55]
 [51]
 [46]
 [51]
 [53]
 [50]
 [51]
 [50]
 [53]
 [45]
 [49]] 
------------------------ Dataset: izy ------------------------
shape: (34, 1), dtype: uint16
Data:[[54]
 [54]
 [56]
 [57]
 [46]
 [50]
 [54]
 [57]
 [54]
 [52]
 [55]
 [57]
 [57]
 [57]
 [57]
 [57]
 [57]
 [53]
 [45]
 [48]
 [32]
 [54]
 [54]
 [56]
 [57]
 [46]
 [50]
 [54]
 [57]
 [55]
 [52]
 [53]
 [45]
 [49]] 
------------------------ Dataset: izz ------------------------
shape: (27, 1), dtype: uint16
Data:[[53]
 [57]
 [48]
 [55]
 [46]
 [49]
 [52]
 [50]
 [53]
 [50]
 [57]
 [45]
 [48]
 [32]
 [53]
 [57]
 [48]
 [55]
 [46]
 [49]
 [52]
 [54]
 [55]
 [56]
 [55]
 [45]
 [49]] 
------------------------ Dataset: j ------------------------
