shape: (1, 6), dtype: uint32
Data:[[3707764736          2          1          1       1817          1]] 
------------------------ Dataset: dEb ------------------------
shape: (26, 1), dtype: uint16
Data:[[54]
 [55]
 [55]
 [50]
 [46]
 [49]
 [55]
 [48]
 [50]
 [53]
 [45]
 [48]
 [32]
 [54]
 [55]
 [55]
 [50]
 [46]
 [49]
 [55]
 [52]
 [49]
 [57]
 [57]
 [45]
 [49]] 
------------------------ Dataset: dEc ------------------------
shape: (27, 1), dtype: uint16
Data:[[54]
 [50]
 [56]
 [52]
 [46]
 [57]
 [53]
 [48]
 [52]
 [55]
 [53]
 [45]
 [48]
 [32]
 [54]
 [50]
 [56]
 [52]
 [46]
 [57]
 [53]
 [51]
 [57]
 [54]
 [53]
 [45]
 [49]] 
------------------------ Dataset: dEd ------------------------
shape: (27, 1), dtype: uint16
Data:[[54]
 [51]
 [48]
 [48]
 [46]
 [55]
 [51]
 [49]
 [50]
 [50]
 [49]
 [45]
 [48]
 [32]
 [54]
 [51]
 [48]
 [48]
 [46]
 [55]
 [50]
 [49]
 [56]
 [53]
 [53]
 [45]
 [49]] 
------------------------ Dataset: dEe ------------------------
shape: (39, 1), dtype: uint16
Data:[[54]
 [51]
 [49]
 [54]
 [46]
 [53]
 [56]
 [57]
 [56]
 [56]
 [49]
 [57]
 [57]
 [57]
 [57]
 [57]
 [57]
 [45]
 [48]
 [32]
 [54]
 [51]
 [49]
 [54]
 [46]
 [53]
 [56]
 [53]
 [57]
 [48]
 [53]
 [57]
 [57]
 [57]
 [57]
 [57]
 [57]
 [45]
 [49]] 
------------------------ Dataset: dEf ------------------------
shape: (27, 1), dtype: uint16
Data:[[54]
 [51]
 [51]
 [50]
 [46]
 [52]
 [51]
 [48]
 [57]
 [54]
 [57]
 [45]
 [48]
 [32]
 [54]
 [51]
 [51]
 [50]
 [46]
 [52]
 [51]
 [52]
 [54]
 [51]
 [53]
 [45]
 [49]] 
------------------------ Dataset: dEg ------------------------
shape: (27, 1), dtype: uint16
Data:[[54]
 [52]
 [57]
 [55]
 [46]
 [53]
 [55]
 [48]
 [48]
 [53]
 [54]
 [45]
 [48]
 [32]
 [54]
 [52]
 [57]
 [55]
 [46]
 [53]
 [55]
 [52]
 [48]
 [55]
 [57]
 [45]
 [49]] 
------------------------ Dataset: dEh ------------------------
shape: (13, 1), dtype: uint16
Data:[[54]
 [53]
 [49]
 [51]
 [46]
 [51]
 [56]
 [51]
 [56]
 [49]
 [54]
 [45]
 [49]] 
------------------------ Dataset: dEi ------------------------
shape: (27, 1), dtype: uint16
Data:[[54]
 [53]
 [50]
 [57]
 [46]
 [49]
 [57]
 [52]
 [49]
 [57]
 [50]
 [45]
 [48]
 [32]
 [54]
 [53]
 [50]
 [57]
 [46]
 [49]
 [57]
 [49]
 [57]
 [49]
 [54]
 [45]
 [49]] 
------------------------ Dataset: dEj ------------------------
shape: (39, 1), dtype: uint16
Data:[[54]
 [48]
 [50]
 [52]
 [46]
 [55]
 [52]
 [57]
 [57]
 [50]
 [50]
 [57]
 [57]
 [57]
 [57]
 [57]
 [57]
 [45]
 [48]
 [32]
 [54]
 [48]
 [50]
 [52]
 [46]
 [55]
 [53]
 [51]
 [56]
 [53]
 [50]
 [57]
 [57]
 [57]
 [57]
 [57]
 [57]
 [45]
 [49]] 
------------------------ Dataset: dEk ------------------------
shape: (40, 1), dtype: uint16
Data:[[54]
 [48]
 [52]
 [48]
 [46]
 [52]
 [57]
 [55]
 [56]
 [57]
 [57]
 [57]
 [57]
 [57]
 [57]
 [57]
 [57]
 [45]
 [48]
 [32]
 [54]
 [48]
 [52]
 [48]
 [46]
 [52]
 [57]
 [51]
 [56]
 [53]
 [54]
 [57]
 [57]
 [57]
 [57]
 [57]
 [57]
 [53]
 [45]
 [49]] 
------------------------ Dataset: dEl ------------------------
shape: (39, 1), dtype: uint16
Data:[[54]
 [48]
 [53]
 [54]
 [46]
 [49]
 [56]
 [53]
 [55]
 [50]
 [49]
 [57]
 [57]
 [57]
 [57]
 [57]
 [57]
 [45]
 [48]
 [32]
 [54]
 [48]
 [53]
 [54]
 [46]
 [49]
 [56]
 [49]
 [55]
 [56]
 [48]
 [57]
 [57]
 [57]
 [57]
 [57]
 [57]
 [45]
 [49]] 
------------------------ Dataset: dEm ------------------------
shape: (27, 1), dtype: uint16
Data:[[54]
 [48]
 [55]
 [50]
 [46]
 [49]
 [48]
 [53]
 [56]
 [48]
 [54]
 [45]
 [48]
 [32]
 [54]
 [48]
 [55]
 [50]
 [46]
 [49]
 [48]
 [51]
 [49]
 [51]
 [54]
 [45]
 [49]] 
------------------------ Dataset: dEn ------------------------
shape: (26, 1), dtype: uint16
Data:[[53]
 [54]
 [51]
 [50]
 [46]
 [57]
 [56]
 [53]
 [54]
 [56]
 [45]
 [48]
 [32]
 [53]
 [54]
 [51]
 [50]
 [46]
 [57]
 [56]
 [53]
 [56]
 [50]
 [56]
 [45]
 [49]] 
------------------------ Dataset: dEo ------------------------
shape: (33, 1), dtype: uint16
Data:[[53]
 [54]
 [52]
 [56]
 [46]
 [54]
 [53]
 [57]
 [48]
 [53]
 [50]
 [57]
 [57]
 [57]
 [57]
 [57]
 [57]
 [45]
 [48]
 [32]
 [53]
 [54]
 [52]
 [56]
 [46]
 [54]
 [54]
 [49]
 [55]
 [57]
 [52]
 [45]
 [49]] 
------------------------ Dataset: dEp ------------------------
shape: (34, 1), dtype: uint16
Data:[[53]
 [54]
 [54]
 [52]
 [46]
 [51]
 [57]
 [51]
 [54]
 [53]
 [51]
 [57]
 [57]
 [57]
 [57]
 [57]
 [57]
 [53]
 [45]
 [48]
 [32]
 [53]
 [54]
 [54]
 [52]
 [46]
 [51]
 [57]
 [55]
 [53]
 [49]
 [51]
 [45]
 [49]] 
------------------------ Dataset: dEq ------------------------
shape: (40, 1), dtype: uint16
Data:[[53]
 [54]
 [56]
 [48]
 [46]
 [49]
 [51]
 [51]
 [53]
 [54]
 [53]
 [57]
 [57]
 [57]
 [57]
 [57]
 [57]
 [53]
 [45]
 [48]
 [32]
 [53]
 [54]
 [56]
 [48]
 [46]
 [49]
 [52]
 [49]
 [53]
 [57]
 [55]
 [57]
 [57]
 [57]
 [57]
 [57]
 [57]
 [45]
 [49]] 
------------------------ Dataset: dEr ------------------------
shape: (33, 1), dtype: uint16
Data:[[53]
 [56]
 [48]
 [54]
 [46]
 [52]
 [52]
 [51]
 [55]
 [57]
 [55]
 [57]
 [57]
 [57]
 [57]
 [57]
 [57]
 [45]
 [48]
 [32]
 [53]
 [56]
 [48]
 [54]
 [46]
 [52]
 [51]
 [56]
 [52]
 [57]
 [51]
 [45]
 [49]] 
------------------------ Dataset: dEs ------------------------
shape: (27, 1), dtype: uint16
Data:[[54]
 [52]
 [49]
 [57]
 [46]
 [50]
 [49]
 [55]
 [56]
 [52]
 [50]
 [45]
 [48]
 [32]
 [54]
 [52]
 [49]
 [57]
 [46]
 [50]
 [49]
 [55]
 [56]
 [52]
 [55]
 [45]
 [49]] 
------------------------ Dataset: dEt ------------------------
shape: (27, 1), dtype: uint16
Data:[[54]
 [54]
 [49]
 [49]
 [46]
 [51]
 [50]
 [48]
 [57]
 [56]
 [54]
 [45]
 [48]
 [32]
 [54]
 [54]
 [49]
 [49]
 [46]
 [51]
 [50]
 [48]
 [56]
 [54]
 [53]
 [45]
 [49]] 
------------------------ Dataset: dEu ------------------------
shape: (27, 1), dtype: uint16
Data:[[54]
 [54]
 [50]
 [55]
 [46]
 [50]
 [51]
 [48]
 [49]
 [48]
 [49]
 [45]
 [48]
 [32]
 [54]
 [54]
 [50]
 [55]
 [46]
 [50]
 [50]
 [50]
 [49]
 [54]
 [57]
 [45]
 [49]] 
------------------------ Dataset: dEv ------------------------
shape: (34, 1), dtype: uint16
Data:[[54]
 [54]
 [52]
 [50]
 [46]
 [57]
 [57]
 [56]
 [49]
 [56]
 [52]
 [57]
 [57]
 [57]
 [57]
 [57]
 [57]
 [53]
 [45]
 [48]
 [32]
 [54]
 [54]
 [52]
 [50]
 [46]
 [57]
 [57]
 [52]
 [48]
 [57]
 [52]
 [45]
 [49]] 
------------------------ Dataset: dEw ------------------------
shape: (33, 1), dtype: uint16
Data:[[54]
 [54]
 [53]
 [56]
 [46]
 [55]
 [50]
 [54]
 [48]
 [56]
 [55]
 [57]
 [57]
 [57]
 [57]
 [57]
 [57]
 [45]
 [48]
 [32]
 [54]
 [54]
 [53]
 [56]
 [46]
 [55]
 [50]
 [50]
 [51]
 [53]
 [55]
 [45]
 [49]] 
------------------------ Dataset: dEx ------------------------
shape: (13, 1), dtype: uint16
Data:[[54]
 [54]
 [55]
 [52]
 [46]
 [53]
 [57]
 [52]
 [50]
 [56]
 [57]
 [45]
 [49]] 
------------------------ Dataset: dEy ------------------------
shape: (27, 1), dtype: uint16
Data:[[54]
 [54]
 [57]
 [48]
 [46]
 [53]
 [48]
 [50]
 [54]
 [48]
 [54]
 [45]
 [48]
 [32]
 [54]
 [54]
 [57]
 [48]
 [46]
 [53]
 [48]
 [54]
 [48]
 [54]
 [56]
 [45]
 [49]] 
------------------------ Dataset: dEz ------------------------
shape: (40, 1), dtype: uint16
Data:[[53]
 [57]
 [48]
 [56]
 [46]
 [51]
 [57]
 [52]
 [57]
 [53]
 [48]
 [57]
 [57]
 [57]
 [57]
 [57]
 [57]
 [45]
 [48]
 [32]
 [53]
 [57]
 [48]
 [56]
 [46]
 [51]
 [57]
 [57]
 [48]
 [55]
 [55]
 [57]
 [57]
 [57]
 [57]
 [57]
 [57]
 [53]
 [45]
 [49]] 
------------------------ Dataset: dF ------------------------
