shape: (1, 6), dtype: uint32
Data:[[3707764736          2          1          1       1689          1]] 
------------------------ Dataset: 7Bb ------------------------
shape: (33, 1), dtype: uint16
Data:[[54]
 [55]
 [55]
 [49]
 [46]
 [54]
 [51]
 [56]
 [57]
 [49]
 [56]
 [45]
 [48]
 [32]
 [54]
 [55]
 [55]
 [49]
 [46]
 [54]
 [51]
 [49]
 [48]
 [55]
 [52]
 [57]
 [57]
 [57]
 [57]
 [57]
 [57]
 [45]
 [49]] 
------------------------ Dataset: 7Bc ------------------------
shape: (34, 1), dtype: uint16
Data:[[54]
 [50]
 [56]
 [52]
 [46]
 [52]
 [49]
 [55]
 [57]
 [52]
 [50]
 [57]
 [57]
 [57]
 [57]
 [57]
 [57]
 [53]
 [45]
 [48]
 [32]
 [54]
 [50]
 [56]
 [52]
 [46]
 [52]
 [49]
 [51]
 [56]
 [56]
 [55]
 [45]
 [49]] 
------------------------ Dataset: 7Bd ------------------------
shape: (27, 1), dtype: uint16
Data:[[54]
 [51]
 [48]
 [48]
 [46]
 [49]
 [56]
 [54]
 [53]
 [57]
 [49]
 [45]
 [48]
 [32]
 [54]
 [51]
 [48]
 [48]
 [46]
 [49]
 [56]
 [57]
 [57]
 [51]
 [54]
 [45]
 [49]] 
------------------------ Dataset: 7Be ------------------------
shape: (34, 1), dtype: uint16
Data:[[54]
 [51]
 [49]
 [54]
 [46]
 [48]
 [53]
 [55]
 [57]
 [53]
 [49]
 [45]
 [48]
 [32]
 [54]
 [51]
 [49]
 [54]
 [46]
 [48]
 [54]
 [52]
 [52]
 [49]
 [51]
 [57]
 [57]
 [57]
 [57]
 [57]
 [57]
 [53]
 [45]
 [49]] 
------------------------ Dataset: 7Bf ------------------------
shape: (34, 1), dtype: uint16
Data:[[54]
 [51]
 [51]
 [49]
 [46]
 [56]
 [56]
 [57]
 [57]
 [50]
 [52]
 [57]
 [57]
 [57]
 [57]
 [57]
 [57]
 [53]
 [45]
 [48]
 [32]
 [54]
 [51]
 [51]
 [49]
 [46]
 [56]
 [56]
 [54]
 [48]
 [48]
 [54]
 [45]
 [49]] 
------------------------ Dataset: 7Bg ------------------------
shape: (19, 1), dtype: uint16
Data:[[54]
 [52]
 [57]
 [55]
 [46]
 [48]
 [52]
 [50]
 [50]
 [49]
 [57]
 [57]
 [57]
 [57]
 [57]
 [57]
 [57]
 [45]
 [49]] 
------------------------ Dataset: 7Bh ------------------------
shape: (33, 1), dtype: uint16
Data:[[54]
 [53]
 [49]
 [50]
 [46]
 [56]
 [50]
 [54]
 [50]
 [54]
 [48]
 [57]
 [57]
 [57]
 [57]
 [57]
 [57]
 [45]
 [48]
 [32]
 [54]
 [53]
 [49]
 [50]
 [46]
 [56]
 [50]
 [55]
 [50]
 [48]
 [53]
 [45]
 [49]] 
------------------------ Dataset: 7Bi ------------------------
shape: (33, 1), dtype: uint16
Data:[[54]
 [53]
 [50]
 [56]
 [46]
 [54]
 [52]
 [53]
 [57]
 [52]
 [57]
 [45]
 [48]
 [32]
 [54]
 [53]
 [50]
 [56]
 [46]
 [54]
 [52]
 [50]
 [49]
 [50]
 [49]
 [57]
 [57]
 [57]
 [57]
 [57]
 [57]
 [45]
 [49]] 
------------------------ Dataset: 7Bj ------------------------
shape: (33, 1), dtype: uint16
Data:[[54]
 [48]
 [50]
 [52]
 [46]
 [50]
 [50]
 [49]
 [56]
 [57]
 [51]
 [57]
 [57]
 [57]
 [57]
 [57]
 [57]
 [45]
 [48]
 [32]
 [54]
 [48]
 [50]
 [52]
 [46]
 [50]
 [50]
 [49]
 [55]
 [52]
 [50]
 [45]
 [49]] 
------------------------ Dataset: 7Bk ------------------------
shape: (33, 1), dtype: uint16
Data:[[54]
 [48]
 [51]
 [57]
 [46]
 [57]
 [54]
 [53]
 [57]
 [51]
 [52]
 [57]
 [57]
 [57]
 [57]
 [57]
 [57]
 [45]
 [48]
 [32]
 [54]
 [48]
 [51]
 [57]
 [46]
 [57]
 [55]
 [48]
 [48]
 [57]
 [57]
 [45]
 [49]] 
------------------------ Dataset: 7Bl ------------------------
shape: (34, 1), dtype: uint16
Data:[[54]
 [48]
 [53]
 [53]
 [46]
 [54]
 [51]
 [55]
 [55]
 [54]
 [52]
 [57]
 [57]
 [57]
 [57]
 [57]
 [57]
 [53]
 [45]
 [48]
 [32]
 [54]
 [48]
 [53]
 [53]
 [46]
 [54]
 [51]
 [51]
 [55]
 [57]
 [56]
 [45]
 [49]] 
------------------------ Dataset: 7Bm ------------------------
shape: (34, 1), dtype: uint16
Data:[[54]
 [48]
 [55]
 [49]
 [46]
 [53]
 [55]
 [51]
 [57]
 [54]
 [57]
 [57]
 [57]
 [57]
 [57]
 [57]
 [57]
 [53]
 [45]
 [48]
 [32]
 [54]
 [48]
 [55]
 [49]
 [46]
 [53]
 [55]
 [56]
 [48]
 [49]
 [57]
 [45]
 [49]] 
------------------------ Dataset: 7Bn ------------------------
shape: (33, 1), dtype: uint16
Data:[[53]
 [54]
 [51]
 [50]
 [46]
 [52]
 [51]
 [55]
 [56]
 [50]
 [56]
 [45]
 [48]
 [32]
 [53]
 [54]
 [51]
 [50]
 [46]
 [52]
 [52]
 [49]
 [53]
 [49]
 [54]
 [57]
 [57]
 [57]
 [57]
 [57]
 [57]
 [45]
 [49]] 
------------------------ Dataset: 7Bo ------------------------
shape: (33, 1), dtype: uint16
Data:[[53]
 [54]
 [52]
 [56]
 [46]
 [49]
 [50]
 [53]
 [54]
 [50]
 [48]
 [57]
 [57]
 [57]
 [57]
 [57]
 [57]
 [45]
 [48]
 [32]
 [53]
 [54]
 [52]
 [56]
 [46]
 [49]
 [50]
 [57]
 [56]
 [50]
 [52]
 [45]
 [49]] 
------------------------ Dataset: 7Bp ------------------------
shape: (33, 1), dtype: uint16
Data:[[53]
 [54]
 [54]
 [51]
 [46]
 [56]
 [54]
 [49]
 [57]
 [55]
 [48]
 [57]
 [57]
 [57]
 [57]
 [57]
 [57]
 [45]
 [48]
 [32]
 [53]
 [54]
 [54]
 [51]
 [46]
 [56]
 [54]
 [53]
 [54]
 [51]
 [55]
 [45]
 [49]] 
------------------------ Dataset: 7Bq ------------------------
shape: (33, 1), dtype: uint16
Data:[[53]
 [54]
 [55]
 [57]
 [46]
 [54]
 [48]
 [49]
 [56]
 [50]
 [56]
 [57]
 [57]
 [57]
 [57]
 [57]
 [57]
 [45]
 [48]
 [32]
 [53]
 [54]
 [55]
 [57]
 [46]
 [54]
 [48]
 [53]
 [56]
 [52]
 [49]
 [45]
 [49]] 
------------------------ Dataset: 7Br ------------------------
shape: (27, 1), dtype: uint16
Data:[[53]
 [56]
 [48]
 [53]
 [46]
 [57]
 [49]
 [51]
 [54]
 [48]
 [51]
 [45]
 [48]
 [32]
 [53]
 [56]
 [48]
 [53]
 [46]
 [57]
 [48]
 [53]
 [55]
 [57]
 [54]
 [45]
 [49]] 
------------------------ Dataset: 7Bs ------------------------
shape: (33, 1), dtype: uint16
Data:[[54]
 [52]
 [49]
 [56]
 [46]
 [54]
 [55]
 [48]
 [51]
 [56]
 [51]
 [45]
 [48]
 [32]
 [54]
 [52]
 [49]
 [56]
 [46]
 [54]
 [54]
 [54]
 [49]
 [57]
 [51]
 [57]
 [57]
 [57]
 [57]
 [57]
 [57]
 [45]
 [49]] 
------------------------ Dataset: 7Bt ------------------------
shape: (34, 1), dtype: uint16
Data:[[54]
 [54]
 [49]
 [48]
 [46]
 [55]
 [55]
 [48]
 [49]
 [50]
 [53]
 [45]
 [48]
 [32]
 [54]
 [54]
 [49]
 [48]
 [46]
 [55]
 [54]
 [57]
 [54]
 [48]
 [52]
 [57]
 [57]
 [57]
 [57]
 [57]
 [57]
 [53]
 [45]
 [49]] 
------------------------ Dataset: 7Bu ------------------------
shape: (27, 1), dtype: uint16
Data:[[54]
 [54]
 [50]
 [54]
 [46]
 [54]
 [57]
 [48]
 [49]
 [48]
 [53]
 [45]
 [48]
 [32]
 [54]
 [54]
 [50]
 [54]
 [46]
 [54]
 [56]
 [54]
 [49]
 [53]
 [57]
 [45]
 [49]] 
------------------------ Dataset: 7Bv ------------------------
shape: (25, 1), dtype: uint16
Data:[[54]
 [54]
 [52]
 [50]
 [46]
 [52]
 [54]
 [54]
 [48]
 [57]
 [45]
 [48]
 [32]
 [54]
 [54]
 [52]
 [50]
 [46]
 [52]
 [55]
 [48]
 [50]
 [52]
 [45]
 [49]] 
------------------------ Dataset: 7Bw ------------------------
shape: (34, 1), dtype: uint16
Data:[[54]
 [54]
 [53]
 [56]
 [46]
 [49]
 [55]
 [56]
 [49]
 [52]
 [51]
 [57]
 [57]
 [57]
 [57]
 [57]
 [57]
 [53]
 [45]
 [48]
 [32]
 [54]
 [54]
 [53]
 [56]
 [46]
 [49]
 [55]
 [52]
 [51]
 [50]
 [55]
 [45]
 [49]] 
------------------------ Dataset: 7Bx ------------------------
shape: (27, 1), dtype: uint16
Data:[[54]
 [54]
 [55]
 [52]
 [46]
 [48]
 [53]
 [54]
 [57]
 [51]
 [57]
 [45]
 [48]
 [32]
 [54]
 [54]
 [55]
 [52]
 [46]
 [48]
 [53]
 [54]
 [56]
 [53]
 [56]
 [45]
 [49]] 
------------------------ Dataset: 7By ------------------------
shape: (27, 1), dtype: uint16
Data:[[54]
 [54]
 [56]
 [57]
 [46]
 [57]
 [55]
 [56]
 [49]
 [48]
 [55]
 [45]
 [48]
 [32]
 [54]
 [54]
 [56]
 [57]
 [46]
 [57]
 [55]
 [52]
 [50]
 [49]
 [50]
 [45]
 [49]] 
------------------------ Dataset: 7Bz ------------------------
shape: (33, 1), dtype: uint16
Data:[[53]
 [57]
 [48]
 [55]
 [46]
 [56]
 [54]
 [57]
 [55]
 [48]
 [50]
 [57]
 [57]
 [57]
 [57]
 [57]
 [57]
 [45]
 [48]
 [32]
 [53]
 [57]
 [48]
 [55]
 [46]
 [56]
 [54]
 [53]
 [56]
 [48]
 [56]
 [45]
 [49]] 
------------------------ Dataset: 7C ------------------------
