shape: (1, 6), dtype: uint32
Data:[[3707764736          2          1          1        579          1]] 
------------------------ Dataset: Kjb ------------------------
shape: (39, 1), dtype: uint16
Data:[[54]
 [55]
 [54]
 [54]
 [46]
 [57]
 [53]
 [56]
 [49]
 [54]
 [53]
 [57]
 [57]
 [57]
 [57]
 [57]
 [57]
 [45]
 [48]
 [32]
 [54]
 [55]
 [54]
 [54]
 [46]
 [57]
 [53]
 [52]
 [55]
 [56]
 [50]
 [57]
 [57]
 [57]
 [57]
 [57]
 [57]
 [45]
 [49]] 
------------------------ Dataset: Kjc ------------------------
shape: (33, 1), dtype: uint16
Data:[[54]
 [50]
 [55]
 [57]
 [46]
 [55]
 [53]
 [52]
 [48]
 [54]
 [55]
 [57]
 [57]
 [57]
 [57]
 [57]
 [57]
 [45]
 [48]
 [32]
 [54]
 [50]
 [55]
 [57]
 [46]
 [55]
 [53]
 [48]
 [49]
 [57]
 [54]
 [45]
 [49]] 
------------------------ Dataset: Kjd ------------------------
shape: (40, 1), dtype: uint16
Data:[[54]
 [50]
 [57]
 [53]
 [46]
 [53]
 [50]
 [49]
 [56]
 [51]
 [49]
 [57]
 [57]
 [57]
 [57]
 [57]
 [57]
 [45]
 [48]
 [32]
 [54]
 [50]
 [57]
 [53]
 [46]
 [53]
 [50]
 [53]
 [56]
 [57]
 [54]
 [57]
 [57]
 [57]
 [57]
 [57]
 [57]
 [53]
 [45]
 [49]] 
------------------------ Dataset: Kje ------------------------
shape: (26, 1), dtype: uint16
Data:[[54]
 [51]
 [49]
 [49]
 [46]
 [51]
 [54]
 [55]
 [55]
 [56]
 [45]
 [48]
 [32]
 [54]
 [51]
 [49]
 [49]
 [46]
 [51]
 [54]
 [56]
 [50]
 [52]
 [57]
 [45]
 [49]] 
------------------------ Dataset: Kjf ------------------------
shape: (34, 1), dtype: uint16
Data:[[54]
 [51]
 [50]
 [55]
 [46]
 [50]
 [52]
 [50]
 [49]
 [51]
 [52]
 [45]
 [48]
 [32]
 [54]
 [51]
 [50]
 [55]
 [46]
 [50]
 [52]
 [54]
 [48]
 [48]
 [56]
 [57]
 [57]
 [57]
 [57]
 [57]
 [57]
 [53]
 [45]
 [49]] 
------------------------ Dataset: Kjg ------------------------
shape: (27, 1), dtype: uint16
Data:[[54]
 [51]
 [52]
 [51]
 [46]
 [48]
 [52]
 [49]
 [56]
 [55]
 [56]
 [45]
 [48]
 [32]
 [54]
 [51]
 [52]
 [51]
 [46]
 [48]
 [52]
 [53]
 [57]
 [54]
 [51]
 [45]
 [49]] 
------------------------ Dataset: Kjh ------------------------
shape: (40, 1), dtype: uint16
Data:[[54]
 [53]
 [48]
 [56]
 [46]
 [49]
 [53]
 [50]
 [56]
 [52]
 [49]
 [57]
 [57]
 [57]
 [57]
 [57]
 [57]
 [53]
 [45]
 [48]
 [32]
 [54]
 [53]
 [48]
 [56]
 [46]
 [49]
 [52]
 [56]
 [55]
 [56]
 [57]
 [57]
 [57]
 [57]
 [57]
 [57]
 [57]
 [45]
 [49]] 
------------------------ Dataset: Kji ------------------------
shape: (27, 1), dtype: uint16
Data:[[54]
 [53]
 [50]
 [51]
 [46]
 [57]
 [54]
 [54]
 [49]
 [49]
 [50]
 [45]
 [48]
 [32]
 [54]
 [53]
 [50]
 [51]
 [46]
 [57]
 [55]
 [48]
 [48]
 [54]
 [51]
 [45]
 [49]] 
------------------------ Dataset: Kjj ------------------------
shape: (34, 1), dtype: uint16
Data:[[54]
 [48]
 [49]
 [57]
 [46]
 [53]
 [52]
 [49]
 [55]
 [56]
 [55]
 [57]
 [57]
 [57]
 [57]
 [57]
 [57]
 [53]
 [45]
 [48]
 [32]
 [54]
 [48]
 [49]
 [57]
 [46]
 [53]
 [51]
 [52]
 [53]
 [56]
 [49]
 [45]
 [49]] 
------------------------ Dataset: Kjk ------------------------
shape: (40, 1), dtype: uint16
Data:[[54]
 [48]
 [51]
 [53]
 [46]
 [51]
 [52]
 [57]
 [54]
 [57]
 [56]
 [57]
 [57]
 [57]
 [57]
 [57]
 [57]
 [45]
 [48]
 [32]
 [54]
 [48]
 [51]
 [53]
 [46]
 [51]
 [52]
 [53]
 [56]
 [55]
 [56]
 [57]
 [57]
 [57]
 [57]
 [57]
 [57]
 [53]
 [45]
 [49]] 
------------------------ Dataset: Kjl ------------------------
shape: (33, 1), dtype: uint16
Data:[[54]
 [48]
 [53]
 [48]
 [46]
 [57]
 [55]
 [51]
 [54]
 [49]
 [53]
 [57]
 [57]
 [57]
 [57]
 [57]
 [57]
 [45]
 [48]
 [32]
 [54]
 [48]
 [53]
 [48]
 [46]
 [57]
 [55]
 [56]
 [49]
 [52]
 [57]
 [45]
 [49]] 
------------------------ Dataset: Kjm ------------------------
shape: (33, 1), dtype: uint16
Data:[[54]
 [48]
 [54]
 [54]
 [46]
 [56]
 [54]
 [52]
 [56]
 [49]
 [53]
 [45]
 [48]
 [32]
 [54]
 [48]
 [54]
 [54]
 [46]
 [56]
 [54]
 [56]
 [48]
 [51]
 [57]
 [57]
 [57]
 [57]
 [57]
 [57]
 [57]
 [45]
 [49]] 
------------------------ Dataset: Kjn ------------------------
shape: (40, 1), dtype: uint16
Data:[[54]
 [48]
 [56]
 [50]
 [46]
 [55]
 [57]
 [49]
 [55]
 [54]
 [53]
 [57]
 [57]
 [57]
 [57]
 [57]
 [57]
 [45]
 [48]
 [32]
 [54]
 [48]
 [56]
 [50]
 [46]
 [55]
 [56]
 [55]
 [50]
 [48]
 [49]
 [57]
 [57]
 [57]
 [57]
 [57]
 [57]
 [53]
 [45]
 [49]] 
------------------------ Dataset: Kjo ------------------------
shape: (27, 1), dtype: uint16
Data:[[53]
 [54]
 [52]
 [51]
 [46]
 [52]
 [56]
 [53]
 [53]
 [49]
 [57]
 [45]
 [48]
 [32]
 [53]
 [54]
 [52]
 [51]
 [46]
 [52]
 [56]
 [49]
 [53]
 [56]
 [49]
 [45]
 [49]] 
------------------------ Dataset: Kjp ------------------------
shape: (33, 1), dtype: uint16
Data:[[53]
 [54]
 [53]
 [57]
 [46]
 [50]
 [50]
 [57]
 [55]
 [49]
 [51]
 [45]
 [48]
 [32]
 [53]
 [54]
 [53]
 [57]
 [46]
 [50]
 [50]
 [54]
 [50]
 [50]
 [49]
 [57]
 [57]
 [57]
 [57]
 [57]
 [57]
 [45]
 [49]] 
------------------------ Dataset: Kjq ------------------------
shape: (34, 1), dtype: uint16
Data:[[53]
 [54]
 [55]
 [52]
 [46]
 [57]
 [52]
 [53]
 [53]
 [54]
 [48]
 [57]
 [57]
 [57]
 [57]
 [57]
 [57]
 [53]
 [45]
 [48]
 [32]
 [53]
 [54]
 [55]
 [52]
 [46]
 [57]
 [52]
 [49]
 [53]
 [54]
 [57]
 [45]
 [49]] 
------------------------ Dataset: Kjr ------------------------
shape: (40, 1), dtype: uint16
Data:[[53]
 [54]
 [57]
 [48]
 [46]
 [55]
 [50]
 [49]
 [57]
 [48]
 [55]
 [57]
 [57]
 [57]
 [57]
 [57]
 [57]
 [53]
 [45]
 [48]
 [32]
 [53]
 [54]
 [57]
 [48]
 [46]
 [55]
 [49]
 [51]
 [48]
 [56]
 [49]
 [57]
 [57]
 [57]
 [57]
 [57]
 [57]
 [45]
 [49]] 
------------------------ Dataset: Kjs ------------------------
shape: (27, 1), dtype: uint16
Data:[[54]
 [52]
 [49]
 [51]
 [46]
 [57]
 [56]
 [53]
 [50]
 [48]
 [55]
 [45]
 [48]
 [32]
 [54]
 [52]
 [49]
 [51]
 [46]
 [57]
 [56]
 [53]
 [57]
 [54]
 [53]
 [45]
 [49]] 
------------------------ Dataset: Kjt ------------------------
shape: (27, 1), dtype: uint16
Data:[[54]
 [54]
 [48]
 [54]
 [46]
 [48]
 [54]
 [50]
 [57]
 [56]
 [56]
 [45]
 [48]
 [32]
 [54]
 [54]
 [48]
 [54]
 [46]
 [48]
 [55]
 [49]
 [53]
 [51]
 [55]
 [45]
 [49]] 
------------------------ Dataset: Kju ------------------------
shape: (33, 1), dtype: uint16
Data:[[54]
 [54]
 [50]
 [50]
 [46]
 [48]
 [50]
 [54]
 [50]
 [52]
 [52]
 [45]
 [48]
 [32]
 [54]
 [54]
 [50]
 [50]
 [46]
 [48]
 [51]
 [49]
 [51]
 [55]
 [51]
 [57]
 [57]
 [57]
 [57]
 [57]
 [57]
 [45]
 [49]] 
------------------------ Dataset: Kjv ------------------------
shape: (27, 1), dtype: uint16
Data:[[54]
 [54]
 [51]
 [55]
 [46]
 [56]
 [55]
 [52]
 [50]
 [50]
 [53]
 [45]
 [48]
 [32]
 [54]
 [54]
 [51]
 [55]
 [46]
 [56]
 [55]
 [56]
 [48]
 [57]
 [57]
 [45]
 [49]] 
------------------------ Dataset: Kjw ------------------------
shape: (26, 1), dtype: uint16
Data:[[54]
 [54]
 [53]
 [51]
 [46]
 [52]
 [54]
 [54]
 [48]
 [57]
 [56]
 [45]
 [48]
 [32]
 [54]
 [54]
 [53]
 [51]
 [46]
 [52]
 [55]
 [49]
 [48]
 [54]
 [45]
 [49]] 
------------------------ Dataset: Kjx ------------------------
shape: (33, 1), dtype: uint16
Data:[[54]
 [54]
 [54]
 [57]
 [46]
 [51]
 [52]
 [54]
 [48]
 [55]
 [54]
 [57]
 [57]
 [57]
 [57]
 [57]
 [57]
 [45]
 [48]
 [32]
 [54]
 [54]
 [54]
 [57]
 [46]
 [51]
 [53]
 [48]
 [49]
 [53]
 [49]
 [45]
 [49]] 
------------------------ Dataset: Kjy ------------------------
shape: (27, 1), dtype: uint16
Data:[[54]
 [54]
 [56]
 [53]
 [46]
 [50]
 [54]
 [54]
 [48]
 [48]
 [56]
 [45]
 [48]
 [32]
 [54]
 [54]
 [56]
 [53]
 [46]
 [50]
 [55]
 [48]
 [48]
 [50]
 [55]
 [45]
 [49]] 
------------------------ Dataset: Kjz ------------------------
shape: (27, 1), dtype: uint16
Data:[[53]
 [57]
 [48]
 [51]
 [46]
 [49]
 [57]
 [49]
 [53]
 [50]
 [55]
 [45]
 [48]
 [32]
 [53]
 [57]
 [48]
 [51]
 [46]
 [49]
 [57]
 [52]
 [56]
 [48]
 [50]
 [45]
 [49]] 
------------------------ Dataset: Kk ------------------------
