shape: (1, 6), dtype: uint32
Data:[[3707764736          2          1          1        179          1]] 
------------------------ Dataset: 9cb ------------------------
shape: (33, 1), dtype: uint16
Data:[[54]
 [55]
 [54]
 [53]
 [46]
 [50]
 [53]
 [52]
 [49]
 [56]
 [50]
 [45]
 [48]
 [32]
 [54]
 [55]
 [54]
 [53]
 [46]
 [50]
 [53]
 [48]
 [49]
 [52]
 [53]
 [57]
 [57]
 [57]
 [57]
 [57]
 [57]
 [45]
 [49]] 
------------------------ Dataset: 9cc ------------------------
shape: (27, 1), dtype: uint16
Data:[[54]
 [55]
 [56]
 [49]
 [46]
 [49]
 [49]
 [48]
 [48]
 [54]
 [53]
 [45]
 [48]
 [32]
 [54]
 [55]
 [56]
 [49]
 [46]
 [49]
 [49]
 [52]
 [49]
 [49]
 [54]
 [45]
 [49]] 
------------------------ Dataset: 9cd ------------------------
shape: (41, 1), dtype: uint16
Data:[[54]
 [50]
 [57]
 [51]
 [46]
 [56]
 [53]
 [55]
 [57]
 [51]
 [56]
 [57]
 [57]
 [57]
 [57]
 [57]
 [57]
 [53]
 [45]
 [48]
 [32]
 [54]
 [50]
 [57]
 [51]
 [46]
 [56]
 [53]
 [51]
 [57]
 [56]
 [54]
 [57]
 [57]
 [57]
 [57]
 [57]
 [57]
 [53]
 [45]
 [49]] 
------------------------ Dataset: 9ce ------------------------
shape: (34, 1), dtype: uint16
Data:[[54]
 [51]
 [48]
 [57]
 [46]
 [54]
 [56]
 [50]
 [54]
 [53]
 [51]
 [45]
 [48]
 [32]
 [54]
 [51]
 [48]
 [57]
 [46]
 [54]
 [56]
 [55]
 [53]
 [54]
 [50]
 [57]
 [57]
 [57]
 [57]
 [57]
 [57]
 [53]
 [45]
 [49]] 
------------------------ Dataset: 9cf ------------------------
shape: (34, 1), dtype: uint16
Data:[[54]
 [51]
 [50]
 [53]
 [46]
 [53]
 [49]
 [52]
 [48]
 [57]
 [52]
 [57]
 [57]
 [57]
 [57]
 [57]
 [57]
 [53]
 [45]
 [48]
 [32]
 [54]
 [51]
 [50]
 [53]
 [46]
 [53]
 [49]
 [55]
 [57]
 [52]
 [53]
 [45]
 [49]] 
------------------------ Dataset: 9cg ------------------------
shape: (33, 1), dtype: uint16
Data:[[54]
 [51]
 [52]
 [49]
 [46]
 [51]
 [53]
 [56]
 [55]
 [53]
 [55]
 [57]
 [57]
 [57]
 [57]
 [57]
 [57]
 [45]
 [48]
 [32]
 [54]
 [51]
 [52]
 [49]
 [46]
 [51]
 [54]
 [51]
 [52]
 [51]
 [49]
 [45]
 [49]] 
------------------------ Dataset: 9ch ------------------------
shape: (33, 1), dtype: uint16
Data:[[54]
 [53]
 [48]
 [54]
 [46]
 [52]
 [54]
 [50]
 [50]
 [57]
 [57]
 [57]
 [57]
 [57]
 [57]
 [57]
 [57]
 [45]
 [48]
 [32]
 [54]
 [53]
 [48]
 [54]
 [46]
 [52]
 [55]
 [50]
 [49]
 [55]
 [51]
 [45]
 [49]] 
------------------------ Dataset: 9ci ------------------------
shape: (33, 1), dtype: uint16
Data:[[54]
 [53]
 [50]
 [50]
 [46]
 [50]
 [55]
 [56]
 [49]
 [49]
 [50]
 [57]
 [57]
 [57]
 [57]
 [57]
 [57]
 [45]
 [48]
 [32]
 [54]
 [53]
 [50]
 [50]
 [46]
 [50]
 [55]
 [53]
 [52]
 [56]
 [49]
 [45]
 [49]] 
------------------------ Dataset: 9cj ------------------------
shape: (33, 1), dtype: uint16
Data:[[54]
 [48]
 [49]
 [55]
 [46]
 [56]
 [54]
 [52]
 [52]
 [51]
 [52]
 [45]
 [48]
 [32]
 [54]
 [48]
 [49]
 [55]
 [46]
 [56]
 [53]
 [51]
 [55]
 [49]
 [52]
 [57]
 [57]
 [57]
 [57]
 [57]
 [57]
 [45]
 [49]] 
------------------------ Dataset: 9ck ------------------------
shape: (33, 1), dtype: uint16
Data:[[54]
 [48]
 [51]
 [51]
 [46]
 [54]
 [54]
 [53]
 [56]
 [55]
 [45]
 [48]
 [32]
 [54]
 [48]
 [51]
 [51]
 [46]
 [54]
 [54]
 [57]
 [55]
 [54]
 [49]
 [57]
 [57]
 [57]
 [57]
 [57]
 [57]
 [53]
 [45]
 [49]] 
------------------------ Dataset: 9cl ------------------------
shape: (27, 1), dtype: uint16
Data:[[54]
 [48]
 [52]
 [57]
 [46]
 [50]
 [56]
 [48]
 [48]
 [56]
 [49]
 [45]
 [48]
 [32]
 [54]
 [48]
 [52]
 [57]
 [46]
 [50]
 [55]
 [57]
 [55]
 [57]
 [57]
 [45]
 [49]] 
------------------------ Dataset: 9cm ------------------------
shape: (19, 1), dtype: uint16
Data:[[54]
 [48]
 [54]
 [53]
 [46]
 [49]
 [53]
 [48]
 [49]
 [53]
 [49]
 [57]
 [57]
 [57]
 [57]
 [57]
 [57]
 [45]
 [48]] 
------------------------ Dataset: 9cn ------------------------
shape: (33, 1), dtype: uint16
Data:[[54]
 [48]
 [56]
 [49]
 [46]
 [48]
 [54]
 [50]
 [48]
 [52]
 [57]
 [57]
 [57]
 [57]
 [57]
 [57]
 [57]
 [53]
 [45]
 [48]
 [32]
 [54]
 [48]
 [56]
 [49]
 [46]
 [48]
 [53]
 [55]
 [55]
 [56]
 [45]
 [49]] 
------------------------ Dataset: 9co ------------------------
shape: (34, 1), dtype: uint16
Data:[[53]
 [54]
 [52]
 [49]
 [46]
 [56]
 [49]
 [52]
 [56]
 [51]
 [50]
 [45]
 [48]
 [32]
 [53]
 [54]
 [52]
 [49]
 [46]
 [56]
 [48]
 [53]
 [52]
 [57]
 [57]
 [57]
 [57]
 [57]
 [57]
 [57]
 [57]
 [53]
 [45]
 [49]] 
------------------------ Dataset: 9cp ------------------------
shape: (33, 1), dtype: uint16
Data:[[53]
 [54]
 [53]
 [55]
 [46]
 [53]
 [52]
 [57]
 [53]
 [57]
 [56]
 [45]
 [48]
 [32]
 [53]
 [54]
 [53]
 [55]
 [46]
 [53]
 [52]
 [53]
 [55]
 [49]
 [55]
 [57]
 [57]
 [57]
 [57]
 [57]
 [57]
 [45]
 [49]] 
------------------------ Dataset: 9cq ------------------------
shape: (20, 1), dtype: uint16
Data:[[53]
 [54]
 [55]
 [51]
 [46]
 [50]
 [54]
 [53]
 [56]
 [50]
 [52]
 [57]
 [57]
 [57]
 [57]
 [57]
 [57]
 [53]
 [45]
 [49]] 
------------------------ Dataset: 9cr ------------------------
shape: (33, 1), dtype: uint16
Data:[[53]
 [54]
 [56]
 [57]
 [46]
 [48]
 [50]
 [53]
 [53]
 [53]
 [52]
 [57]
 [57]
 [57]
 [57]
 [57]
 [57]
 [45]
 [48]
 [32]
 [53]
 [54]
 [56]
 [57]
 [46]
 [48]
 [51]
 [51]
 [54]
 [49]
 [51]
 [45]
 [49]] 
------------------------ Dataset: 9cs ------------------------
shape: (26, 1), dtype: uint16
Data:[[53]
 [56]
 [49]
 [53]
 [46]
 [51]
 [48]
 [51]
 [52]
 [57]
 [55]
 [45]
 [48]
 [32]
 [53]
 [56]
 [49]
 [53]
 [46]
 [50]
 [56]
 [57]
 [55]
 [49]
 [45]
 [49]] 
------------------------ Dataset: 9ct ------------------------
shape: (33, 1), dtype: uint16
Data:[[54]
 [54]
 [48]
 [52]
 [46]
 [51]
 [56]
 [50]
 [51]
 [50]
 [56]
 [45]
 [48]
 [32]
 [54]
 [54]
 [48]
 [52]
 [46]
 [51]
 [55]
 [56]
 [53]
 [52]
 [54]
 [57]
 [57]
 [57]
 [57]
 [57]
 [57]
 [45]
 [49]] 
------------------------ Dataset: 9cu ------------------------
shape: (34, 1), dtype: uint16
Data:[[54]
 [54]
 [50]
 [48]
 [46]
 [51]
 [52]
 [49]
 [57]
 [55]
 [51]
 [45]
 [48]
 [32]
 [54]
 [54]
 [50]
 [48]
 [46]
 [51]
 [51]
 [56]
 [48]
 [54]
 [48]
 [57]
 [57]
 [57]
 [57]
 [57]
 [57]
 [53]
 [45]
 [49]] 
------------------------ Dataset: 9cv ------------------------
shape: (13, 1), dtype: uint16
Data:[[54]
 [54]
 [51]
 [54]
 [46]
 [49]
 [57]
 [56]
 [49]
 [50]
 [55]
 [45]
 [48]] 
------------------------ Dataset: 9cw ------------------------
shape: (26, 1), dtype: uint16
Data:[[54]
 [54]
 [53]
 [49]
 [46]
 [55]
 [57]
 [52]
 [49]
 [53]
 [45]
 [48]
 [32]
 [54]
 [54]
 [53]
 [49]
 [46]
 [55]
 [57]
 [48]
 [48]
 [54]
 [49]
 [45]
 [49]] 
------------------------ Dataset: 9cx ------------------------
shape: (33, 1), dtype: uint16
Data:[[54]
 [54]
 [54]
 [55]
 [46]
 [54]
 [52]
 [50]
 [49]
 [57]
 [57]
 [45]
 [48]
 [32]
 [54]
 [54]
 [54]
 [55]
 [46]
 [54]
 [52]
 [54]
 [49]
 [48]
 [48]
 [57]
 [57]
 [57]
 [57]
 [57]
 [57]
 [45]
 [49]] 
------------------------ Dataset: 9cy ------------------------
shape: (33, 1), dtype: uint16
Data:[[54]
 [54]
 [56]
 [51]
 [46]
 [53]
 [55]
 [48]
 [50]
 [55]
 [50]
 [57]
 [57]
 [57]
 [57]
 [57]
 [57]
 [45]
 [48]
 [32]
 [54]
 [54]
 [56]
 [51]
 [46]
 [53]
 [54]
 [54]
 [49]
 [50]
 [55]
 [45]
 [49]] 
------------------------ Dataset: 9cz ------------------------
shape: (26, 1), dtype: uint16
Data:[[53]
 [57]
 [48]
 [49]
 [46]
 [52]
 [56]
 [53]
 [56]
 [55]
 [51]
 [45]
 [48]
 [32]
 [53]
 [57]
 [48]
 [49]
 [46]
 [52]
 [56]
 [50]
 [52]
 [52]
 [45]
 [49]] 
------------------------ Dataset: 9d ------------------------
