shape: (1, 6), dtype: uint32
Data:[[3707764736          2          1          1       1730          1]] 
------------------------ Dataset: MCb ------------------------
shape: (33, 1), dtype: uint16
Data:[[54]
 [55]
 [55]
 [49]
 [46]
 [56]
 [48]
 [54]
 [49]
 [55]
 [48]
 [57]
 [57]
 [57]
 [57]
 [57]
 [57]
 [45]
 [48]
 [32]
 [54]
 [55]
 [55]
 [49]
 [46]
 [56]
 [49]
 [48]
 [51]
 [50]
 [51]
 [45]
 [49]] 
------------------------ Dataset: MCc ------------------------
shape: (27, 1), dtype: uint16
Data:[[54]
 [50]
 [56]
 [52]
 [46]
 [53]
 [57]
 [52]
 [51]
 [48]
 [53]
 [45]
 [48]
 [32]
 [54]
 [50]
 [56]
 [52]
 [46]
 [53]
 [57]
 [48]
 [56]
 [54]
 [55]
 [45]
 [49]] 
------------------------ Dataset: MCd ------------------------
shape: (33, 1), dtype: uint16
Data:[[54]
 [51]
 [48]
 [48]
 [46]
 [51]
 [54]
 [50]
 [49]
 [54]
 [49]
 [45]
 [48]
 [32]
 [54]
 [51]
 [48]
 [48]
 [46]
 [51]
 [54]
 [56]
 [55]
 [55]
 [50]
 [57]
 [57]
 [57]
 [57]
 [57]
 [57]
 [45]
 [49]] 
------------------------ Dataset: MCe ------------------------
shape: (26, 1), dtype: uint16
Data:[[54]
 [51]
 [49]
 [54]
 [46]
 [50]
 [50]
 [55]
 [48]
 [57]
 [49]
 [45]
 [48]
 [32]
 [54]
 [51]
 [49]
 [54]
 [46]
 [50]
 [51]
 [48]
 [52]
 [49]
 [45]
 [49]] 
------------------------ Dataset: MCf ------------------------
shape: (27, 1), dtype: uint16
Data:[[54]
 [51]
 [51]
 [50]
 [46]
 [48]
 [53]
 [57]
 [52]
 [50]
 [51]
 [45]
 [48]
 [32]
 [54]
 [51]
 [51]
 [50]
 [46]
 [48]
 [53]
 [57]
 [50]
 [56]
 [51]
 [45]
 [49]] 
------------------------ Dataset: MCg ------------------------
shape: (34, 1), dtype: uint16
Data:[[54]
 [52]
 [57]
 [55]
 [46]
 [50]
 [49]
 [56]
 [53]
 [54]
 [53]
 [45]
 [48]
 [32]
 [54]
 [52]
 [57]
 [55]
 [46]
 [50]
 [49]
 [48]
 [50]
 [48]
 [55]
 [57]
 [57]
 [57]
 [57]
 [57]
 [57]
 [53]
 [45]
 [49]] 
------------------------ Dataset: MCh ------------------------
shape: (27, 1), dtype: uint16
Data:[[54]
 [53]
 [49]
 [51]
 [46]
 [48]
 [48]
 [54]
 [57]
 [52]
 [53]
 [45]
 [48]
 [32]
 [54]
 [53]
 [49]
 [51]
 [46]
 [48]
 [48]
 [54]
 [49]
 [54]
 [51]
 [45]
 [49]] 
------------------------ Dataset: MCi ------------------------
shape: (27, 1), dtype: uint16
Data:[[54]
 [53]
 [50]
 [56]
 [46]
 [56]
 [49]
 [55]
 [56]
 [54]
 [55]
 [45]
 [48]
 [32]
 [54]
 [53]
 [50]
 [56]
 [46]
 [56]
 [50]
 [50]
 [49]
 [56]
 [49]
 [45]
 [49]] 
------------------------ Dataset: MCj ------------------------
shape: (41, 1), dtype: uint16
Data:[[54]
 [48]
 [50]
 [52]
 [46]
 [51]
 [57]
 [51]
 [55]
 [53]
 [53]
 [57]
 [57]
 [57]
 [57]
 [57]
 [57]
 [53]
 [45]
 [48]
 [32]
 [54]
 [48]
 [50]
 [52]
 [46]
 [51]
 [56]
 [57]
 [56]
 [48]
 [51]
 [57]
 [57]
 [57]
 [57]
 [57]
 [57]
 [53]
 [45]
 [49]] 
------------------------ Dataset: MCk ------------------------
shape: (33, 1), dtype: uint16
Data:[[54]
 [48]
 [52]
 [48]
 [46]
 [49]
 [51]
 [52]
 [48]
 [53]
 [54]
 [57]
 [57]
 [57]
 [57]
 [57]
 [57]
 [45]
 [48]
 [32]
 [54]
 [48]
 [52]
 [48]
 [46]
 [49]
 [52]
 [49]
 [56]
 [52]
 [53]
 [45]
 [49]] 
------------------------ Dataset: MCl ------------------------
shape: (34, 1), dtype: uint16
Data:[[54]
 [48]
 [53]
 [53]
 [46]
 [56]
 [49]
 [50]
 [54]
 [53]
 [53]
 [45]
 [48]
 [32]
 [54]
 [48]
 [53]
 [53]
 [46]
 [56]
 [48]
 [55]
 [52]
 [49]
 [50]
 [57]
 [57]
 [57]
 [57]
 [57]
 [57]
 [53]
 [45]
 [49]] 
------------------------ Dataset: MCm ------------------------
shape: (34, 1), dtype: uint16
Data:[[54]
 [48]
 [55]
 [49]
 [46]
 [55]
 [52]
 [49]
 [55]
 [57]
 [48]
 [57]
 [57]
 [57]
 [57]
 [57]
 [57]
 [53]
 [45]
 [48]
 [32]
 [54]
 [48]
 [55]
 [49]
 [46]
 [55]
 [52]
 [53]
 [56]
 [50]
 [52]
 [45]
 [49]] 
------------------------ Dataset: MCn ------------------------
shape: (27, 1), dtype: uint16
Data:[[53]
 [54]
 [51]
 [50]
 [46]
 [54]
 [49]
 [55]
 [54]
 [53]
 [57]
 [45]
 [48]
 [32]
 [53]
 [54]
 [51]
 [50]
 [46]
 [54]
 [50]
 [49]
 [54]
 [49]
 [55]
 [45]
 [49]] 
------------------------ Dataset: MCo ------------------------
shape: (27, 1), dtype: uint16
Data:[[53]
 [54]
 [52]
 [56]
 [46]
 [50]
 [57]
 [51]
 [55]
 [55]
 [52]
 [45]
 [48]
 [32]
 [53]
 [54]
 [52]
 [56]
 [46]
 [50]
 [57]
 [55]
 [54]
 [56]
 [56]
 [45]
 [49]] 
------------------------ Dataset: MCp ------------------------
shape: (27, 1), dtype: uint16
Data:[[53]
 [54]
 [54]
 [52]
 [46]
 [48]
 [50]
 [57]
 [54]
 [48]
 [53]
 [45]
 [48]
 [32]
 [53]
 [54]
 [54]
 [52]
 [46]
 [48]
 [51]
 [51]
 [53]
 [55]
 [51]
 [45]
 [49]] 
------------------------ Dataset: MCq ------------------------
shape: (26, 1), dtype: uint16
Data:[[53]
 [54]
 [55]
 [57]
 [46]
 [55]
 [56]
 [49]
 [53]
 [57]
 [45]
 [48]
 [32]
 [53]
 [54]
 [55]
 [57]
 [46]
 [55]
 [55]
 [55]
 [53]
 [57]
 [56]
 [45]
 [49]] 
------------------------ Dataset: MCr ------------------------
shape: (26, 1), dtype: uint16
Data:[[53]
 [56]
 [48]
 [54]
 [46]
 [48]
 [55]
 [55]
 [55]
 [54]
 [52]
 [45]
 [48]
 [32]
 [53]
 [56]
 [48]
 [54]
 [46]
 [48]
 [56]
 [57]
 [52]
 [56]
 [45]
 [49]] 
------------------------ Dataset: MCs ------------------------
shape: (33, 1), dtype: uint16
Data:[[54]
 [52]
 [49]
 [56]
 [46]
 [56]
 [52]
 [50]
 [48]
 [56]
 [57]
 [45]
 [48]
 [32]
 [54]
 [52]
 [49]
 [56]
 [46]
 [56]
 [51]
 [56]
 [48]
 [54]
 [53]
 [57]
 [57]
 [57]
 [57]
 [57]
 [57]
 [45]
 [49]] 
------------------------ Dataset: MCt ------------------------
shape: (39, 1), dtype: uint16
Data:[[54]
 [54]
 [49]
 [48]
 [46]
 [57]
 [53]
 [48]
 [48]
 [48]
 [56]
 [57]
 [57]
 [57]
 [57]
 [57]
 [57]
 [45]
 [48]
 [32]
 [54]
 [54]
 [49]
 [48]
 [46]
 [57]
 [52]
 [54]
 [48]
 [50]
 [52]
 [57]
 [57]
 [57]
 [57]
 [57]
 [57]
 [45]
 [49]] 
------------------------ Dataset: MCu ------------------------
shape: (19, 1), dtype: uint16
Data:[[54]
 [54]
 [50]
 [54]
 [46]
 [56]
 [54]
 [50]
 [48]
 [50]
 [57]
 [57]
 [57]
 [57]
 [57]
 [57]
 [57]
 [45]
 [48]] 
------------------------ Dataset: MCv ------------------------
shape: (33, 1), dtype: uint16
Data:[[54]
 [54]
 [52]
 [50]
 [46]
 [54]
 [52]
 [50]
 [50]
 [49]
 [53]
 [57]
 [57]
 [57]
 [57]
 [57]
 [57]
 [45]
 [48]
 [32]
 [54]
 [54]
 [52]
 [50]
 [46]
 [54]
 [51]
 [52]
 [51]
 [53]
 [50]
 [45]
 [49]] 
------------------------ Dataset: MCw ------------------------
shape: (33, 1), dtype: uint16
Data:[[54]
 [54]
 [53]
 [56]
 [46]
 [51]
 [55]
 [48]
 [48]
 [53]
 [54]
 [45]
 [48]
 [32]
 [54]
 [54]
 [53]
 [56]
 [46]
 [51]
 [55]
 [48]
 [49]
 [48]
 [53]
 [57]
 [57]
 [57]
 [57]
 [57]
 [57]
 [45]
 [49]] 
------------------------ Dataset: MCx ------------------------
shape: (39, 1), dtype: uint16
Data:[[54]
 [54]
 [55]
 [52]
 [46]
 [50]
 [51]
 [52]
 [48]
 [56]
 [55]
 [57]
 [57]
 [57]
 [57]
 [57]
 [57]
 [45]
 [48]
 [32]
 [54]
 [54]
 [55]
 [52]
 [46]
 [50]
 [51]
 [48]
 [48]
 [54]
 [48]
 [57]
 [57]
 [57]
 [57]
 [57]
 [57]
 [45]
 [49]] 
------------------------ Dataset: MCy ------------------------
shape: (27, 1), dtype: uint16
Data:[[54]
 [54]
 [57]
 [48]
 [46]
 [49]
 [52]
 [54]
 [48]
 [52]
 [52]
 [45]
 [48]
 [32]
 [54]
 [54]
 [57]
 [48]
 [46]
 [49]
 [52]
 [50]
 [52]
 [50]
 [49]
 [45]
 [49]] 
------------------------ Dataset: MCz ------------------------
shape: (33, 1), dtype: uint16
Data:[[53]
 [57]
 [48]
 [56]
 [46]
 [48]
 [51]
 [55]
 [56]
 [53]
 [56]
 [45]
 [48]
 [32]
 [53]
 [57]
 [48]
 [56]
 [46]
 [48]
 [51]
 [51]
 [55]
 [55]
 [53]
 [57]
 [57]
 [57]
 [57]
 [57]
 [57]
 [45]
 [49]] 
------------------------ Dataset: MD ------------------------
