shape: (1, 6), dtype: uint32
Data:[[3707764736          2          1          1       1756          1]] 
------------------------ Dataset: cDb ------------------------
shape: (27, 1), dtype: uint16
Data:[[54]
 [55]
 [55]
 [49]
 [46]
 [57]
 [49]
 [48]
 [49]
 [57]
 [57]
 [45]
 [48]
 [32]
 [54]
 [55]
 [55]
 [49]
 [46]
 [57]
 [49]
 [53]
 [49]
 [50]
 [56]
 [45]
 [49]] 
------------------------ Dataset: cDc ------------------------
shape: (31, 1), dtype: uint16
Data:[[54]
 [50]
 [56]
 [52]
 [46]
 [55]
 [48]
 [52]
 [57]
 [52]
 [57]
 [57]
 [57]
 [57]
 [57]
 [57]
 [57]
 [45]
 [48]
 [32]
 [54]
 [50]
 [56]
 [52]
 [46]
 [54]
 [57]
 [56]
 [51]
 [45]
 [49]] 
------------------------ Dataset: cDd ------------------------
shape: (39, 1), dtype: uint16
Data:[[54]
 [51]
 [48]
 [48]
 [46]
 [52]
 [54]
 [54]
 [48]
 [57]
 [48]
 [57]
 [57]
 [57]
 [57]
 [57]
 [57]
 [45]
 [48]
 [32]
 [54]
 [51]
 [48]
 [48]
 [46]
 [52]
 [55]
 [51]
 [57]
 [48]
 [48]
 [57]
 [57]
 [57]
 [57]
 [57]
 [57]
 [45]
 [49]] 
------------------------ Dataset: cDe ------------------------
shape: (27, 1), dtype: uint16
Data:[[54]
 [51]
 [49]
 [54]
 [46]
 [51]
 [50]
 [57]
 [56]
 [53]
 [50]
 [45]
 [48]
 [32]
 [54]
 [51]
 [49]
 [54]
 [46]
 [51]
 [51]
 [55]
 [56]
 [53]
 [51]
 [45]
 [49]] 
------------------------ Dataset: cDf ------------------------
shape: (27, 1), dtype: uint16
Data:[[54]
 [51]
 [51]
 [50]
 [46]
 [49]
 [54]
 [52]
 [49]
 [56]
 [54]
 [45]
 [48]
 [32]
 [54]
 [51]
 [51]
 [50]
 [46]
 [49]
 [54]
 [51]
 [56]
 [53]
 [54]
 [45]
 [49]] 
------------------------ Dataset: cDg ------------------------
shape: (19, 1), dtype: uint16
Data:[[54]
 [52]
 [57]
 [55]
 [46]
 [51]
 [49]
 [56]
 [48]
 [53]
 [48]
 [57]
 [57]
 [57]
 [57]
 [57]
 [57]
 [45]
 [49]] 
------------------------ Dataset: cDh ------------------------
shape: (33, 1), dtype: uint16
Data:[[54]
 [53]
 [49]
 [51]
 [46]
 [49]
 [48]
 [57]
 [57]
 [50]
 [51]
 [45]
 [48]
 [32]
 [54]
 [53]
 [49]
 [51]
 [46]
 [49]
 [48]
 [55]
 [51]
 [52]
 [57]
 [57]
 [57]
 [57]
 [57]
 [57]
 [57]
 [45]
 [49]] 
------------------------ Dataset: cDi ------------------------
shape: (32, 1), dtype: uint16
Data:[[54]
 [53]
 [50]
 [56]
 [46]
 [57]
 [49]
 [55]
 [57]
 [54]
 [45]
 [48]
 [32]
 [54]
 [53]
 [50]
 [56]
 [46]
 [57]
 [50]
 [50]
 [51]
 [49]
 [56]
 [57]
 [57]
 [57]
 [57]
 [57]
 [57]
 [45]
 [49]] 
------------------------ Dataset: cDj ------------------------
shape: (40, 1), dtype: uint16
Data:[[54]
 [48]
 [50]
 [52]
 [46]
 [52]
 [57]
 [55]
 [56]
 [50]
 [57]
 [57]
 [57]
 [57]
 [57]
 [57]
 [57]
 [45]
 [48]
 [32]
 [54]
 [48]
 [50]
 [52]
 [46]
 [52]
 [57]
 [51]
 [55]
 [49]
 [49]
 [57]
 [57]
 [57]
 [57]
 [57]
 [57]
 [53]
 [45]
 [49]] 
------------------------ Dataset: cDk ------------------------
shape: (34, 1), dtype: uint16
Data:[[54]
 [48]
 [52]
 [48]
 [46]
 [50]
 [52]
 [49]
 [56]
 [48]
 [49]
 [45]
 [48]
 [32]
 [54]
 [48]
 [52]
 [48]
 [46]
 [50]
 [52]
 [53]
 [56]
 [49]
 [50]
 [57]
 [57]
 [57]
 [57]
 [57]
 [57]
 [53]
 [45]
 [49]] 
------------------------ Dataset: cDl ------------------------
shape: (33, 1), dtype: uint16
Data:[[54]
 [48]
 [53]
 [53]
 [46]
 [57]
 [48]
 [57]
 [56]
 [57]
 [45]
 [48]
 [32]
 [54]
 [48]
 [53]
 [53]
 [46]
 [57]
 [49]
 [51]
 [55]
 [56]
 [54]
 [57]
 [57]
 [57]
 [57]
 [57]
 [57]
 [53]
 [45]
 [49]] 
------------------------ Dataset: cDm ------------------------
shape: (27, 1), dtype: uint16
Data:[[54]
 [48]
 [55]
 [49]
 [46]
 [56]
 [52]
 [53]
 [55]
 [50]
 [49]
 [45]
 [48]
 [32]
 [54]
 [48]
 [55]
 [49]
 [46]
 [56]
 [53]
 [52]
 [57]
 [57]
 [50]
 [45]
 [49]] 
------------------------ Dataset: cDn ------------------------
shape: (27, 1), dtype: uint16
Data:[[53]
 [54]
 [51]
 [50]
 [46]
 [55]
 [50]
 [50]
 [55]
 [49]
 [51]
 [45]
 [48]
 [32]
 [53]
 [54]
 [51]
 [50]
 [46]
 [55]
 [50]
 [54]
 [55]
 [49]
 [51]
 [45]
 [49]] 
------------------------ Dataset: cDo ------------------------
shape: (33, 1), dtype: uint16
Data:[[53]
 [54]
 [52]
 [56]
 [46]
 [52]
 [49]
 [51]
 [55]
 [53]
 [57]
 [45]
 [48]
 [32]
 [53]
 [54]
 [52]
 [56]
 [46]
 [52]
 [49]
 [51]
 [48]
 [49]
 [50]
 [57]
 [57]
 [57]
 [57]
 [57]
 [57]
 [45]
 [49]] 
------------------------ Dataset: cDp ------------------------
shape: (33, 1), dtype: uint16
Data:[[53]
 [54]
 [54]
 [52]
 [46]
 [49]
 [51]
 [53]
 [54]
 [51]
 [54]
 [57]
 [57]
 [57]
 [57]
 [57]
 [57]
 [45]
 [48]
 [32]
 [53]
 [54]
 [54]
 [52]
 [46]
 [49]
 [52]
 [54]
 [49]
 [50]
 [50]
 [45]
 [49]] 
------------------------ Dataset: cDq ------------------------
shape: (32, 1), dtype: uint16
Data:[[53]
 [54]
 [55]
 [57]
 [46]
 [56]
 [56]
 [53]
 [53]
 [52]
 [55]
 [57]
 [57]
 [57]
 [57]
 [57]
 [57]
 [45]
 [48]
 [32]
 [53]
 [54]
 [55]
 [57]
 [46]
 [56]
 [56]
 [49]
 [56]
 [56]
 [45]
 [49]] 
------------------------ Dataset: cDr ------------------------
shape: (33, 1), dtype: uint16
Data:[[53]
 [56]
 [48]
 [54]
 [46]
 [49]
 [56]
 [51]
 [55]
 [57]
 [53]
 [57]
 [57]
 [57]
 [57]
 [57]
 [57]
 [45]
 [48]
 [32]
 [53]
 [56]
 [48]
 [54]
 [46]
 [49]
 [56]
 [55]
 [52]
 [53]
 [52]
 [45]
 [49]] 
------------------------ Dataset: cDs ------------------------
shape: (26, 1), dtype: uint16
Data:[[54]
 [52]
 [49]
 [56]
 [46]
 [57]
 [53]
 [52]
 [52]
 [57]
 [52]
 [45]
 [48]
 [32]
 [54]
 [52]
 [49]
 [56]
 [46]
 [57]
 [53]
 [55]
 [57]
 [57]
 [45]
 [49]] 
------------------------ Dataset: cDt ------------------------
shape: (33, 1), dtype: uint16
Data:[[54]
 [54]
 [49]
 [49]
 [46]
 [48]
 [54]
 [50]
 [48]
 [57]
 [54]
 [45]
 [48]
 [32]
 [54]
 [54]
 [49]
 [49]
 [46]
 [48]
 [54]
 [54]
 [48]
 [54]
 [53]
 [57]
 [57]
 [57]
 [57]
 [57]
 [57]
 [45]
 [49]] 
------------------------ Dataset: cDu ------------------------
shape: (27, 1), dtype: uint16
Data:[[54]
 [54]
 [50]
 [54]
 [46]
 [57]
 [54]
 [54]
 [48]
 [49]
 [50]
 [45]
 [48]
 [32]
 [54]
 [54]
 [50]
 [54]
 [46]
 [57]
 [54]
 [50]
 [48]
 [49]
 [55]
 [45]
 [49]] 
------------------------ Dataset: cDv ------------------------
shape: (27, 1), dtype: uint16
Data:[[54]
 [54]
 [52]
 [50]
 [46]
 [55]
 [52]
 [50]
 [48]
 [57]
 [56]
 [45]
 [48]
 [32]
 [54]
 [54]
 [52]
 [50]
 [46]
 [55]
 [52]
 [54]
 [49]
 [54]
 [49]
 [45]
 [49]] 
------------------------ Dataset: cDw ------------------------
shape: (33, 1), dtype: uint16
Data:[[54]
 [54]
 [53]
 [56]
 [46]
 [52]
 [54]
 [54]
 [48]
 [56]
 [50]
 [57]
 [57]
 [57]
 [57]
 [57]
 [57]
 [45]
 [48]
 [32]
 [54]
 [54]
 [53]
 [56]
 [46]
 [52]
 [55]
 [48]
 [49]
 [51]
 [54]
 [45]
 [49]] 
------------------------ Dataset: cDx ------------------------
shape: (33, 1), dtype: uint16
Data:[[54]
 [54]
 [55]
 [52]
 [46]
 [51]
 [51]
 [56]
 [51]
 [54]
 [54]
 [45]
 [48]
 [32]
 [54]
 [54]
 [55]
 [52]
 [46]
 [51]
 [51]
 [54]
 [55]
 [57]
 [52]
 [57]
 [57]
 [57]
 [57]
 [57]
 [57]
 [45]
 [49]] 
------------------------ Dataset: cDy ------------------------
shape: (27, 1), dtype: uint16
Data:[[54]
 [54]
 [57]
 [48]
 [46]
 [50]
 [53]
 [48]
 [49]
 [48]
 [50]
 [45]
 [48]
 [32]
 [54]
 [54]
 [57]
 [48]
 [46]
 [50]
 [52]
 [54]
 [48]
 [57]
 [56]
 [45]
 [49]] 
------------------------ Dataset: cDz ------------------------
shape: (33, 1), dtype: uint16
Data:[[53]
 [57]
 [48]
 [56]
 [46]
 [49]
 [52]
 [49]
 [55]
 [53]
 [57]
 [45]
 [48]
 [32]
 [53]
 [57]
 [48]
 [56]
 [46]
 [49]
 [51]
 [55]
 [56]
 [50]
 [48]
 [57]
 [57]
 [57]
 [57]
 [57]
 [57]
 [45]
 [49]] 
------------------------ Dataset: cE ------------------------
