shape: (1, 6), dtype: uint32
Data:[[3707764736          2          1          1       1543          1]] 
------------------------ Dataset: Gzb ------------------------
shape: (33, 1), dtype: uint16
Data:[[54]
 [55]
 [55]
 [49]
 [46]
 [48]
 [51]
 [50]
 [54]
 [50]
 [56]
 [57]
 [57]
 [57]
 [57]
 [57]
 [57]
 [45]
 [48]
 [32]
 [54]
 [55]
 [55]
 [49]
 [46]
 [48]
 [50]
 [54]
 [50]
 [50]
 [54]
 [45]
 [49]] 
------------------------ Dataset: Gzc ------------------------
shape: (34, 1), dtype: uint16
Data:[[54]
 [50]
 [56]
 [51]
 [46]
 [55]
 [57]
 [56]
 [49]
 [51]
 [52]
 [45]
 [48]
 [32]
 [54]
 [50]
 [56]
 [51]
 [46]
 [56]
 [48]
 [49]
 [56]
 [49]
 [51]
 [57]
 [57]
 [57]
 [57]
 [57]
 [57]
 [53]
 [45]
 [49]] 
------------------------ Dataset: Gzd ------------------------
shape: (34, 1), dtype: uint16
Data:[[54]
 [50]
 [57]
 [57]
 [46]
 [53]
 [55]
 [53]
 [53]
 [48]
 [50]
 [45]
 [48]
 [32]
 [54]
 [50]
 [57]
 [57]
 [46]
 [53]
 [55]
 [57]
 [50]
 [54]
 [55]
 [57]
 [57]
 [57]
 [57]
 [57]
 [57]
 [53]
 [45]
 [49]] 
------------------------ Dataset: Gze ------------------------
shape: (33, 1), dtype: uint16
Data:[[54]
 [51]
 [49]
 [53]
 [46]
 [52]
 [53]
 [48]
 [57]
 [55]
 [56]
 [57]
 [57]
 [57]
 [57]
 [57]
 [57]
 [45]
 [48]
 [32]
 [54]
 [51]
 [49]
 [53]
 [46]
 [52]
 [53]
 [48]
 [57]
 [52]
 [56]
 [45]
 [49]] 
------------------------ Dataset: Gzf ------------------------
shape: (27, 1), dtype: uint16
Data:[[54]
 [51]
 [51]
 [49]
 [46]
 [50]
 [54]
 [53]
 [56]
 [55]
 [53]
 [45]
 [48]
 [32]
 [54]
 [51]
 [51]
 [49]
 [46]
 [50]
 [54]
 [49]
 [56]
 [57]
 [56]
 [45]
 [49]] 
------------------------ Dataset: Gzg ------------------------
shape: (14, 1), dtype: uint16
Data:[[103]
 [ 97]
 [122]
 [101]
 [ 95]
 [110]
 [111]
 [114]
 [109]
 [ 97]
 [108]
 [ 49]
 [ 95]
 [120]] 
------------------------ Dataset: Gzh ------------------------
shape: (39, 1), dtype: uint16
Data:[[54]
 [53]
 [49]
 [50]
 [46]
 [49]
 [57]
 [48]
 [48]
 [48]
 [57]
 [57]
 [57]
 [57]
 [57]
 [57]
 [57]
 [45]
 [48]
 [32]
 [54]
 [53]
 [49]
 [50]
 [46]
 [49]
 [57]
 [52]
 [48]
 [49]
 [55]
 [57]
 [57]
 [57]
 [57]
 [57]
 [57]
 [45]
 [49]] 
------------------------ Dataset: Gzi ------------------------
shape: (34, 1), dtype: uint16
Data:[[54]
 [53]
 [50]
 [56]
 [46]
 [48]
 [50]
 [50]
 [48]
 [55]
 [51]
 [57]
 [57]
 [57]
 [57]
 [57]
 [57]
 [53]
 [45]
 [48]
 [32]
 [54]
 [53]
 [50]
 [56]
 [46]
 [48]
 [50]
 [54]
 [48]
 [54]
 [55]
 [45]
 [49]] 
------------------------ Dataset: Gzj ------------------------
shape: (27, 1), dtype: uint16
Data:[[54]
 [48]
 [50]
 [51]
 [46]
 [54]
 [48]
 [57]
 [54]
 [55]
 [53]
 [45]
 [48]
 [32]
 [54]
 [48]
 [50]
 [51]
 [46]
 [54]
 [48]
 [53]
 [56]
 [48]
 [57]
 [45]
 [49]] 
------------------------ Dataset: Gzk ------------------------
shape: (26, 1), dtype: uint16
Data:[[54]
 [48]
 [51]
 [57]
 [46]
 [51]
 [54]
 [49]
 [55]
 [51]
 [45]
 [48]
 [32]
 [54]
 [48]
 [51]
 [57]
 [46]
 [51]
 [54]
 [53]
 [57]
 [54]
 [52]
 [45]
 [49]] 
------------------------ Dataset: Gzl ------------------------
shape: (27, 1), dtype: uint16
Data:[[54]
 [48]
 [53]
 [53]
 [46]
 [48]
 [49]
 [51]
 [56]
 [49]
 [57]
 [45]
 [48]
 [32]
 [54]
 [48]
 [53]
 [53]
 [46]
 [48]
 [49]
 [55]
 [56]
 [57]
 [53]
 [45]
 [49]] 
------------------------ Dataset: Gzm ------------------------
shape: (40, 1), dtype: uint16
Data:[[54]
 [48]
 [55]
 [48]
 [46]
 [57]
 [54]
 [53]
 [55]
 [51]
 [56]
 [57]
 [57]
 [57]
 [57]
 [57]
 [57]
 [45]
 [48]
 [32]
 [54]
 [48]
 [55]
 [48]
 [46]
 [57]
 [53]
 [55]
 [55]
 [56]
 [57]
 [57]
 [57]
 [57]
 [57]
 [57]
 [57]
 [53]
 [45]
 [49]] 
------------------------ Dataset: Gzn ------------------------
shape: (34, 1), dtype: uint16
Data:[[53]
 [54]
 [51]
 [49]
 [46]
 [56]
 [51]
 [51]
 [54]
 [51]
 [48]
 [57]
 [57]
 [57]
 [57]
 [57]
 [57]
 [53]
 [45]
 [48]
 [32]
 [53]
 [54]
 [51]
 [49]
 [46]
 [56]
 [50]
 [57]
 [54]
 [48]
 [50]
 [45]
 [49]] 
------------------------ Dataset: Gzo ------------------------
shape: (26, 1), dtype: uint16
Data:[[53]
 [54]
 [52]
 [55]
 [46]
 [53]
 [50]
 [49]
 [53]
 [52]
 [45]
 [48]
 [32]
 [53]
 [54]
 [52]
 [55]
 [46]
 [53]
 [50]
 [53]
 [53]
 [53]
 [57]
 [45]
 [49]] 
------------------------ Dataset: Gzp ------------------------
shape: (33, 1), dtype: uint16
Data:[[53]
 [54]
 [54]
 [51]
 [46]
 [50]
 [52]
 [53]
 [53]
 [57]
 [57]
 [57]
 [57]
 [57]
 [57]
 [57]
 [57]
 [45]
 [48]
 [32]
 [53]
 [54]
 [54]
 [51]
 [46]
 [50]
 [52]
 [49]
 [54]
 [48]
 [52]
 [45]
 [49]] 
------------------------ Dataset: Gzq ------------------------
shape: (32, 1), dtype: uint16
Data:[[53]
 [54]
 [55]
 [56]
 [46]
 [57]
 [57]
 [57]
 [56]
 [53]
 [55]
 [57]
 [57]
 [57]
 [57]
 [57]
 [57]
 [45]
 [48]
 [32]
 [53]
 [54]
 [55]
 [56]
 [46]
 [57]
 [57]
 [51]
 [55]
 [53]
 [45]
 [49]] 
------------------------ Dataset: Gzr ------------------------
shape: (1, 15587), dtype: float64
Data:[[16.58549075 16.58549075 16.58549075 ... 16.60408647 16.60408647
  16.60408647]] 
------------------------ Dataset: Gzs ------------------------
shape: (27, 1), dtype: uint16
Data:[[54]
 [52]
 [49]
 [56]
 [46]
 [48]
 [53]
 [48]
 [48]
 [51]
 [54]
 [45]
 [48]
 [32]
 [54]
 [52]
 [49]
 [56]
 [46]
 [48]
 [53]
 [52]
 [48]
 [51]
 [49]
 [45]
 [49]] 
------------------------ Dataset: Gzt ------------------------
shape: (39, 1), dtype: uint16
Data:[[54]
 [54]
 [49]
 [48]
 [46]
 [49]
 [53]
 [48]
 [48]
 [56]
 [52]
 [57]
 [57]
 [57]
 [57]
 [57]
 [57]
 [45]
 [48]
 [32]
 [54]
 [54]
 [49]
 [48]
 [46]
 [49]
 [52]
 [54]
 [49]
 [54]
 [55]
 [57]
 [57]
 [57]
 [57]
 [57]
 [57]
 [45]
 [49]] 
------------------------ Dataset: Gzu ------------------------
shape: (13, 1), dtype: uint16
Data:[[54]
 [54]
 [50]
 [54]
 [46]
 [48]
 [56]
 [50]
 [49]
 [50]
 [50]
 [45]
 [49]] 
------------------------ Dataset: Gzv ------------------------
shape: (33, 1), dtype: uint16
Data:[[54]
 [54]
 [52]
 [49]
 [46]
 [56]
 [54]
 [50]
 [51]
 [48]
 [57]
 [45]
 [48]
 [32]
 [54]
 [54]
 [52]
 [49]
 [46]
 [56]
 [54]
 [54]
 [49]
 [49]
 [56]
 [57]
 [57]
 [57]
 [57]
 [57]
 [57]
 [45]
 [49]] 
------------------------ Dataset: Gzw ------------------------
shape: (27, 1), dtype: uint16
Data:[[54]
 [54]
 [53]
 [55]
 [46]
 [53]
 [51]
 [56]
 [52]
 [48]
 [51]
 [45]
 [48]
 [32]
 [54]
 [54]
 [53]
 [55]
 [46]
 [53]
 [52]
 [50]
 [51]
 [50]
 [51]
 [45]
 [49]] 
------------------------ Dataset: Gzx ------------------------
shape: (33, 1), dtype: uint16
Data:[[54]
 [54]
 [55]
 [51]
 [46]
 [52]
 [52]
 [50]
 [55]
 [52]
 [52]
 [57]
 [57]
 [57]
 [57]
 [57]
 [57]
 [45]
 [48]
 [32]
 [54]
 [54]
 [55]
 [51]
 [46]
 [52]
 [51]
 [56]
 [50]
 [54]
 [56]
 [45]
 [49]] 
------------------------ Dataset: Gzy ------------------------
shape: (33, 1), dtype: uint16
Data:[[54]
 [54]
 [56]
 [57]
 [46]
 [51]
 [54]
 [50]
 [48]
 [57]
 [49]
 [45]
 [48]
 [32]
 [54]
 [54]
 [56]
 [57]
 [46]
 [51]
 [53]
 [56]
 [50]
 [55]
 [54]
 [57]
 [57]
 [57]
 [57]
 [57]
 [57]
 [45]
 [49]] 
------------------------ Dataset: Gzz ------------------------
shape: (33, 1), dtype: uint16
Data:[[53]
 [57]
 [48]
 [55]
 [46]
 [50]
 [51]
 [55]
 [55]
 [51]
 [56]
 [57]
 [57]
 [57]
 [57]
 [57]
 [57]
 [45]
 [48]
 [32]
 [53]
 [57]
 [48]
 [55]
 [46]
 [50]
 [52]
 [50]
 [49]
 [56]
 [49]
 [45]
 [49]] 
------------------------ Dataset: H ------------------------
