shape: (1, 6), dtype: uint32
Data:[[3707764736          2          1          1       1931          1]] 
------------------------ Dataset: 7Fb ------------------------
shape: (39, 1), dtype: uint16
Data:[[54]
 [55]
 [55]
 [50]
 [46]
 [54]
 [53]
 [52]
 [52]
 [50]
 [56]
 [57]
 [57]
 [57]
 [57]
 [57]
 [57]
 [45]
 [48]
 [32]
 [54]
 [55]
 [55]
 [50]
 [46]
 [54]
 [53]
 [49]
 [49]
 [54]
 [52]
 [57]
 [57]
 [57]
 [57]
 [57]
 [57]
 [45]
 [49]] 
------------------------ Dataset: 7Fc ------------------------
shape: (33, 1), dtype: uint16
Data:[[54]
 [50]
 [56]
 [53]
 [46]
 [52]
 [52]
 [57]
 [57]
 [48]
 [49]
 [57]
 [57]
 [57]
 [57]
 [57]
 [57]
 [45]
 [48]
 [32]
 [54]
 [50]
 [56]
 [53]
 [46]
 [52]
 [52]
 [54]
 [49]
 [49]
 [53]
 [45]
 [49]] 
------------------------ Dataset: 7Fd ------------------------
shape: (27, 1), dtype: uint16
Data:[[54]
 [51]
 [48]
 [49]
 [46]
 [50]
 [48]
 [57]
 [56]
 [53]
 [53]
 [45]
 [48]
 [32]
 [54]
 [51]
 [48]
 [49]
 [46]
 [50]
 [48]
 [53]
 [57]
 [51]
 [53]
 [45]
 [49]] 
------------------------ Dataset: 7Fe ------------------------
shape: (34, 1), dtype: uint16
Data:[[54]
 [51]
 [49]
 [55]
 [46]
 [48]
 [56]
 [49]
 [57]
 [50]
 [52]
 [57]
 [57]
 [57]
 [57]
 [57]
 [57]
 [53]
 [45]
 [48]
 [32]
 [54]
 [51]
 [49]
 [55]
 [46]
 [48]
 [55]
 [56]
 [48]
 [49]
 [52]
 [45]
 [49]] 
------------------------ Dataset: 7Ff ------------------------
shape: (27, 1), dtype: uint16
Data:[[54]
 [51]
 [51]
 [50]
 [46]
 [57]
 [49]
 [52]
 [49]
 [52]
 [50]
 [45]
 [48]
 [32]
 [54]
 [51]
 [51]
 [50]
 [46]
 [57]
 [49]
 [56]
 [50]
 [51]
 [57]
 [45]
 [49]] 
------------------------ Dataset: 7Fg ------------------------
shape: (33, 1), dtype: uint16
Data:[[54]
 [52]
 [57]
 [56]
 [46]
 [48]
 [53]
 [52]
 [53]
 [50]
 [54]
 [57]
 [57]
 [57]
 [57]
 [57]
 [57]
 [45]
 [48]
 [32]
 [54]
 [52]
 [57]
 [56]
 [46]
 [48]
 [54]
 [50]
 [53]
 [53]
 [56]
 [45]
 [49]] 
------------------------ Dataset: 7Fh ------------------------
shape: (33, 1), dtype: uint16
Data:[[54]
 [53]
 [49]
 [51]
 [46]
 [56]
 [54]
 [51]
 [57]
 [57]
 [56]
 [57]
 [57]
 [57]
 [57]
 [57]
 [57]
 [45]
 [48]
 [32]
 [54]
 [53]
 [49]
 [51]
 [46]
 [56]
 [54]
 [54]
 [54]
 [48]
 [50]
 [45]
 [49]] 
------------------------ Dataset: 7Fi ------------------------
shape: (33, 1), dtype: uint16
Data:[[54]
 [53]
 [50]
 [57]
 [46]
 [54]
 [55]
 [48]
 [48]
 [51]
 [55]
 [45]
 [48]
 [32]
 [54]
 [53]
 [50]
 [57]
 [46]
 [54]
 [54]
 [54]
 [54]
 [50]
 [56]
 [57]
 [57]
 [57]
 [57]
 [57]
 [57]
 [45]
 [49]] 
------------------------ Dataset: 7Fj ------------------------
shape: (32, 1), dtype: uint16
Data:[[54]
 [48]
 [50]
 [53]
 [46]
 [50]
 [50]
 [54]
 [50]
 [55]
 [45]
 [48]
 [32]
 [54]
 [48]
 [50]
 [53]
 [46]
 [50]
 [50]
 [57]
 [55]
 [56]
 [49]
 [57]
 [57]
 [57]
 [57]
 [57]
 [57]
 [45]
 [49]] 
------------------------ Dataset: 7Fk ------------------------
shape: (39, 1), dtype: uint16
Data:[[54]
 [48]
 [52]
 [48]
 [46]
 [57]
 [54]
 [53]
 [57]
 [50]
 [57]
 [57]
 [57]
 [57]
 [57]
 [57]
 [57]
 [45]
 [48]
 [32]
 [54]
 [48]
 [52]
 [48]
 [46]
 [57]
 [54]
 [57]
 [56]
 [49]
 [49]
 [57]
 [57]
 [57]
 [57]
 [57]
 [57]
 [45]
 [49]] 
------------------------ Dataset: 7Fl ------------------------
shape: (27, 1), dtype: uint16
Data:[[54]
 [48]
 [53]
 [54]
 [46]
 [54]
 [57]
 [51]
 [55]
 [48]
 [50]
 [45]
 [48]
 [32]
 [54]
 [48]
 [53]
 [54]
 [46]
 [54]
 [56]
 [57]
 [55]
 [49]
 [56]
 [45]
 [49]] 
------------------------ Dataset: 7Fm ------------------------
shape: (33, 1), dtype: uint16
Data:[[54]
 [48]
 [55]
 [50]
 [46]
 [53]
 [57]
 [48]
 [50]
 [54]
 [56]
 [45]
 [48]
 [32]
 [54]
 [48]
 [55]
 [50]
 [46]
 [53]
 [56]
 [53]
 [56]
 [52]
 [54]
 [57]
 [57]
 [57]
 [57]
 [57]
 [57]
 [45]
 [49]] 
------------------------ Dataset: 7Fn ------------------------
shape: (27, 1), dtype: uint16
Data:[[53]
 [54]
 [51]
 [51]
 [46]
 [52]
 [54]
 [53]
 [54]
 [56]
 [53]
 [45]
 [48]
 [32]
 [53]
 [54]
 [51]
 [51]
 [46]
 [52]
 [53]
 [51]
 [56]
 [52]
 [56]
 [45]
 [49]] 
------------------------ Dataset: 7Fo ------------------------
shape: (33, 1), dtype: uint16
Data:[[53]
 [54]
 [52]
 [57]
 [46]
 [49]
 [52]
 [50]
 [48]
 [49]
 [57]
 [57]
 [57]
 [57]
 [57]
 [57]
 [57]
 [45]
 [48]
 [32]
 [53]
 [54]
 [52]
 [57]
 [46]
 [49]
 [51]
 [56]
 [48]
 [48]
 [55]
 [45]
 [49]] 
------------------------ Dataset: 7Fp ------------------------
shape: (33, 1), dtype: uint16
Data:[[53]
 [54]
 [54]
 [52]
 [46]
 [56]
 [54]
 [57]
 [53]
 [53]
 [55]
 [45]
 [48]
 [32]
 [53]
 [54]
 [54]
 [52]
 [46]
 [56]
 [55]
 [51]
 [54]
 [56]
 [54]
 [57]
 [57]
 [57]
 [57]
 [57]
 [57]
 [45]
 [49]] 
------------------------ Dataset: 7Fq ------------------------
shape: (27, 1), dtype: uint16
Data:[[53]
 [54]
 [56]
 [48]
 [46]
 [54]
 [50]
 [53]
 [54]
 [49]
 [56]
 [45]
 [48]
 [32]
 [53]
 [54]
 [56]
 [48]
 [46]
 [54]
 [49]
 [55]
 [56]
 [50]
 [52]
 [45]
 [49]] 
------------------------ Dataset: 7Fr ------------------------
shape: (27, 1), dtype: uint16
Data:[[53]
 [56]
 [48]
 [54]
 [46]
 [57]
 [49]
 [55]
 [54]
 [50]
 [49]
 [45]
 [48]
 [32]
 [53]
 [56]
 [48]
 [54]
 [46]
 [57]
 [50]
 [49]
 [57]
 [48]
 [52]
 [45]
 [49]] 
------------------------ Dataset: 7Fs ------------------------
shape: (39, 1), dtype: uint16
Data:[[54]
 [52]
 [49]
 [57]
 [46]
 [55]
 [48]
 [54]
 [49]
 [48]
 [52]
 [57]
 [57]
 [57]
 [57]
 [57]
 [57]
 [45]
 [48]
 [32]
 [54]
 [52]
 [49]
 [57]
 [46]
 [55]
 [48]
 [50]
 [49]
 [51]
 [49]
 [57]
 [57]
 [57]
 [57]
 [57]
 [57]
 [45]
 [49]] 
------------------------ Dataset: 7Ft ------------------------
shape: (39, 1), dtype: uint16
Data:[[54]
 [54]
 [49]
 [49]
 [46]
 [55]
 [56]
 [54]
 [50]
 [56]
 [55]
 [57]
 [57]
 [57]
 [57]
 [57]
 [57]
 [45]
 [48]
 [32]
 [54]
 [54]
 [49]
 [49]
 [46]
 [55]
 [57]
 [52]
 [50]
 [49]
 [53]
 [57]
 [57]
 [57]
 [57]
 [57]
 [57]
 [45]
 [49]] 
------------------------ Dataset: 7Fu ------------------------
shape: (26, 1), dtype: uint16
Data:[[54]
 [54]
 [50]
 [55]
 [46]
 [55]
 [50]
 [54]
 [55]
 [54]
 [45]
 [48]
 [32]
 [54]
 [54]
 [50]
 [55]
 [46]
 [55]
 [49]
 [49]
 [56]
 [53]
 [54]
 [45]
 [49]] 
------------------------ Dataset: 7Fv ------------------------
shape: (27, 1), dtype: uint16
Data:[[54]
 [54]
 [52]
 [51]
 [46]
 [52]
 [54]
 [54]
 [49]
 [52]
 [52]
 [45]
 [48]
 [32]
 [54]
 [54]
 [52]
 [51]
 [46]
 [52]
 [55]
 [48]
 [49]
 [55]
 [56]
 [45]
 [49]] 
------------------------ Dataset: 7Fw ------------------------
shape: (13, 1), dtype: uint16
Data:[[54]
 [54]
 [53]
 [57]
 [46]
 [50]
 [49]
 [48]
 [50]
 [55]
 [57]
 [45]
 [48]] 
------------------------ Dataset: 7Fx ------------------------
shape: (27, 1), dtype: uint16
Data:[[54]
 [54]
 [55]
 [53]
 [46]
 [48]
 [55]
 [55]
 [54]
 [53]
 [53]
 [45]
 [48]
 [32]
 [54]
 [54]
 [55]
 [53]
 [46]
 [48]
 [55]
 [48]
 [49]
 [56]
 [49]
 [45]
 [49]] 
------------------------ Dataset: 7Fy ------------------------
shape: (27, 1), dtype: uint16
Data:[[54]
 [54]
 [57]
 [48]
 [46]
 [57]
 [57]
 [53]
 [56]
 [56]
 [57]
 [45]
 [48]
 [32]
 [54]
 [54]
 [57]
 [48]
 [46]
 [57]
 [57]
 [51]
 [49]
 [49]
 [55]
 [45]
 [49]] 
------------------------ Dataset: 7Fz ------------------------
shape: (13, 1), dtype: uint16
Data:[[53]
 [57]
 [48]
 [56]
 [46]
 [56]
 [54]
 [57]
 [55]
 [52]
 [53]
 [45]
 [48]] 
------------------------ Dataset: 7G ------------------------
