shape: (1, 6), dtype: uint32
Data:[[3707764736          2          1          1         18          1]] 
------------------------ Dataset: t0 ------------------------
shape: (33, 1), dtype: uint16
Data:[[54]
 [55]
 [54]
 [52]
 [46]
 [51]
 [51]
 [52]
 [51]
 [49]
 [55]
 [57]
 [57]
 [57]
 [57]
 [57]
 [57]
 [45]
 [48]
 [32]
 [54]
 [55]
 [54]
 [52]
 [46]
 [51]
 [51]
 [56]
 [57]
 [51]
 [54]
 [45]
 [49]] 
------------------------ Dataset: t0b ------------------------
shape: (33, 1), dtype: uint16
Data:[[54]
 [55]
 [56]
 [48]
 [46]
 [49]
 [54]
 [55]
 [57]
 [55]
 [52]
 [45]
 [48]
 [32]
 [54]
 [55]
 [56]
 [48]
 [46]
 [49]
 [55]
 [48]
 [50]
 [53]
 [50]
 [57]
 [57]
 [57]
 [57]
 [57]
 [57]
 [45]
 [49]] 
------------------------ Dataset: t0c ------------------------
shape: (33, 1), dtype: uint16
Data:[[54]
 [50]
 [57]
 [50]
 [46]
 [57]
 [50]
 [50]
 [48]
 [48]
 [57]
 [45]
 [48]
 [32]
 [54]
 [50]
 [57]
 [50]
 [46]
 [57]
 [49]
 [55]
 [57]
 [50]
 [56]
 [57]
 [57]
 [57]
 [57]
 [57]
 [57]
 [45]
 [49]] 
------------------------ Dataset: t0d ------------------------
shape: (27, 1), dtype: uint16
Data:[[54]
 [51]
 [48]
 [56]
 [46]
 [55]
 [51]
 [55]
 [57]
 [48]
 [56]
 [45]
 [48]
 [32]
 [54]
 [51]
 [48]
 [56]
 [46]
 [55]
 [52]
 [49]
 [56]
 [56]
 [52]
 [45]
 [49]] 
------------------------ Dataset: t0e ------------------------
shape: (13, 1), dtype: uint16
Data:[[54]
 [51]
 [50]
 [52]
 [46]
 [53]
 [54]
 [57]
 [57]
 [51]
 [49]
 [45]
 [48]] 
------------------------ Dataset: t0f ------------------------
shape: (27, 1), dtype: uint16
Data:[[54]
 [51]
 [52]
 [48]
 [46]
 [52]
 [50]
 [54]
 [49]
 [54]
 [56]
 [45]
 [48]
 [32]
 [54]
 [51]
 [52]
 [48]
 [46]
 [52]
 [50]
 [50]
 [49]
 [55]
 [53]
 [45]
 [49]] 
------------------------ Dataset: t0g ------------------------
shape: (33, 1), dtype: uint16
Data:[[54]
 [53]
 [48]
 [53]
 [46]
 [53]
 [50]
 [54]
 [51]
 [49]
 [50]
 [57]
 [57]
 [57]
 [57]
 [57]
 [57]
 [45]
 [48]
 [32]
 [54]
 [53]
 [48]
 [53]
 [46]
 [53]
 [51]
 [48]
 [49]
 [57]
 [52]
 [45]
 [49]] 
------------------------ Dataset: t0h ------------------------
shape: (34, 1), dtype: uint16
Data:[[54]
 [53]
 [50]
 [49]
 [46]
 [51]
 [53]
 [48]
 [53]
 [56]
 [50]
 [57]
 [57]
 [57]
 [57]
 [57]
 [57]
 [53]
 [45]
 [48]
 [32]
 [54]
 [53]
 [50]
 [49]
 [46]
 [51]
 [53]
 [54]
 [54]
 [56]
 [56]
 [45]
 [49]] 
------------------------ Dataset: t0i ------------------------
shape: (33, 1), dtype: uint16
Data:[[54]
 [48]
 [49]
 [54]
 [46]
 [57]
 [48]
 [53]
 [55]
 [52]
 [50]
 [57]
 [57]
 [57]
 [57]
 [57]
 [57]
 [45]
 [48]
 [32]
 [54]
 [48]
 [49]
 [54]
 [46]
 [57]
 [48]
 [57]
 [55]
 [53]
 [51]
 [45]
 [49]] 
------------------------ Dataset: t0j ------------------------
shape: (33, 1), dtype: uint16
Data:[[54]
 [48]
 [51]
 [50]
 [46]
 [55]
 [52]
 [53]
 [55]
 [55]
 [49]
 [57]
 [57]
 [57]
 [57]
 [57]
 [57]
 [45]
 [48]
 [32]
 [54]
 [48]
 [51]
 [50]
 [46]
 [55]
 [53]
 [49]
 [48]
 [50]
 [49]
 [45]
 [49]] 
------------------------ Dataset: t0k ------------------------
shape: (33, 1), dtype: uint16
Data:[[54]
 [48]
 [52]
 [56]
 [46]
 [51]
 [50]
 [53]
 [56]
 [53]
 [53]
 [45]
 [48]
 [32]
 [54]
 [48]
 [52]
 [56]
 [46]
 [51]
 [50]
 [57]
 [55]
 [52]
 [50]
 [57]
 [57]
 [57]
 [57]
 [57]
 [57]
 [45]
 [49]] 
------------------------ Dataset: t0l ------------------------
shape: (34, 1), dtype: uint16
Data:[[54]
 [48]
 [54]
 [52]
 [46]
 [50]
 [48]
 [54]
 [49]
 [50]
 [50]
 [45]
 [48]
 [32]
 [54]
 [48]
 [54]
 [52]
 [46]
 [50]
 [48]
 [57]
 [57]
 [51]
 [51]
 [57]
 [57]
 [57]
 [57]
 [57]
 [57]
 [53]
 [45]
 [49]] 
------------------------ Dataset: t0m ------------------------
shape: (33, 1), dtype: uint16
Data:[[54]
 [48]
 [56]
 [48]
 [46]
 [48]
 [55]
 [55]
 [55]
 [56]
 [57]
 [57]
 [57]
 [57]
 [57]
 [57]
 [57]
 [45]
 [48]
 [32]
 [54]
 [48]
 [56]
 [48]
 [46]
 [48]
 [56]
 [49]
 [57]
 [50]
 [49]
 [45]
 [49]] 
------------------------ Dataset: t0n ------------------------
shape: (27, 1), dtype: uint16
Data:[[53]
 [54]
 [52]
 [48]
 [46]
 [56]
 [56]
 [56]
 [52]
 [56]
 [51]
 [45]
 [48]
 [32]
 [53]
 [54]
 [52]
 [48]
 [46]
 [56]
 [55]
 [56]
 [56]
 [48]
 [51]
 [45]
 [49]] 
------------------------ Dataset: t0o ------------------------
shape: (26, 1), dtype: uint16
Data:[[53]
 [54]
 [53]
 [54]
 [46]
 [54]
 [51]
 [49]
 [50]
 [51]
 [45]
 [48]
 [32]
 [53]
 [54]
 [53]
 [54]
 [46]
 [54]
 [50]
 [52]
 [56]
 [56]
 [52]
 [45]
 [49]] 
------------------------ Dataset: t0p ------------------------
shape: (26, 1), dtype: uint16
Data:[[53]
 [54]
 [55]
 [50]
 [46]
 [51]
 [50]
 [54]
 [52]
 [51]
 [45]
 [48]
 [32]
 [53]
 [54]
 [55]
 [50]
 [46]
 [51]
 [50]
 [49]
 [53]
 [57]
 [52]
 [45]
 [49]] 
------------------------ Dataset: t0q ------------------------
shape: (27, 1), dtype: uint16
Data:[[53]
 [54]
 [56]
 [56]
 [46]
 [49]
 [49]
 [49]
 [49]
 [52]
 [56]
 [45]
 [48]
 [32]
 [53]
 [54]
 [56]
 [56]
 [46]
 [48]
 [57]
 [57]
 [50]
 [51]
 [54]
 [45]
 [49]] 
------------------------ Dataset: t0r ------------------------
shape: (25, 1), dtype: uint16
Data:[[53]
 [56]
 [49]
 [52]
 [46]
 [51]
 [53]
 [51]
 [55]
 [52]
 [45]
 [48]
 [32]
 [53]
 [56]
 [49]
 [52]
 [46]
 [51]
 [53]
 [51]
 [57]
 [50]
 [45]
 [49]] 
------------------------ Dataset: t0s ------------------------
shape: (27, 1), dtype: uint16
Data:[[54]
 [54]
 [48]
 [51]
 [46]
 [51]
 [57]
 [52]
 [48]
 [57]
 [54]
 [45]
 [48]
 [32]
 [54]
 [54]
 [48]
 [51]
 [46]
 [51]
 [57]
 [52]
 [49]
 [49]
 [52]
 [45]
 [49]] 
------------------------ Dataset: t0t ------------------------
shape: (34, 1), dtype: uint16
Data:[[54]
 [54]
 [49]
 [57]
 [46]
 [51]
 [55]
 [52]
 [48]
 [55]
 [54]
 [57]
 [57]
 [57]
 [57]
 [57]
 [57]
 [53]
 [45]
 [48]
 [32]
 [54]
 [54]
 [49]
 [57]
 [46]
 [51]
 [55]
 [56]
 [49]
 [48]
 [53]
 [45]
 [49]] 
------------------------ Dataset: t0u ------------------------
shape: (33, 1), dtype: uint16
Data:[[54]
 [54]
 [51]
 [53]
 [46]
 [50]
 [55]
 [48]
 [55]
 [55]
 [52]
 [45]
 [48]
 [32]
 [54]
 [54]
 [51]
 [53]
 [46]
 [50]
 [55]
 [48]
 [54]
 [55]
 [48]
 [57]
 [57]
 [57]
 [57]
 [57]
 [57]
 [45]
 [49]] 
------------------------ Dataset: t0v ------------------------
shape: (27, 1), dtype: uint16
Data:[[54]
 [54]
 [53]
 [48]
 [46]
 [56]
 [51]
 [52]
 [48]
 [52]
 [53]
 [45]
 [48]
 [32]
 [54]
 [54]
 [53]
 [48]
 [46]
 [56]
 [51]
 [56]
 [48]
 [49]
 [52]
 [45]
 [49]] 
------------------------ Dataset: t0w ------------------------
shape: (27, 1), dtype: uint16
Data:[[54]
 [54]
 [54]
 [54]
 [46]
 [54]
 [57]
 [56]
 [51]
 [52]
 [53]
 [45]
 [48]
 [32]
 [54]
 [54]
 [54]
 [54]
 [46]
 [54]
 [57]
 [52]
 [49]
 [57]
 [53]
 [45]
 [49]] 
------------------------ Dataset: t0x ------------------------
shape: (34, 1), dtype: uint16
Data:[[54]
 [54]
 [56]
 [50]
 [46]
 [54]
 [51]
 [52]
 [50]
 [52]
 [57]
 [45]
 [48]
 [32]
 [54]
 [54]
 [56]
 [50]
 [46]
 [54]
 [51]
 [56]
 [54]
 [57]
 [57]
 [57]
 [57]
 [57]
 [57]
 [57]
 [57]
 [53]
 [45]
 [49]] 
------------------------ Dataset: t0y ------------------------
shape: (33, 1), dtype: uint16
Data:[[53]
 [57]
 [48]
 [48]
 [46]
 [53]
 [52]
 [57]
 [55]
 [52]
 [52]
 [57]
 [57]
 [57]
 [57]
 [57]
 [57]
 [45]
 [48]
 [32]
 [53]
 [57]
 [48]
 [48]
 [46]
 [53]
 [53]
 [51]
 [55]
 [51]
 [56]
 [45]
 [49]] 
------------------------ Dataset: t0z ------------------------
shape: (27, 1), dtype: uint16
Data:[[53]
 [57]
 [49]
 [54]
 [46]
 [52]
 [49]
 [51]
 [54]
 [57]
 [52]
 [45]
 [48]
 [32]
 [53]
 [57]
 [49]
 [54]
 [46]
 [52]
 [49]
 [55]
 [54]
 [57]
 [52]
 [45]
 [49]] 
------------------------ Dataset: t1 ------------------------
shape: (27, 1), dtype: uint16
Data:[[54]
 [55]
 [54]
 [50]
 [46]
 [48]
 [50]
 [54]
 [52]
 [57]
 [57]
 [45]
 [48]
 [32]
 [54]
 [55]
 [54]
 [50]
 [46]
 [48]
 [50]
 [54]
 [50]
 [54]
 [49]
 [45]
 [49]] 
------------------------ Dataset: t1b ------------------------
shape: (27, 1), dtype: uint16
Data:[[54]
 [55]
 [55]
 [55]
 [46]
 [56]
 [53]
 [56]
 [50]
 [48]
 [56]
 [45]
 [48]
 [32]
 [54]
 [55]
 [55]
 [55]
 [46]
 [56]
 [54]
 [50]
 [49]
 [57]
 [53]
 [45]
 [49]] 
------------------------ Dataset: t1c ------------------------
shape: (34, 1), dtype: uint16
Data:[[54]
 [50]
 [57]
 [48]
 [46]
 [54]
 [52]
 [53]
 [56]
 [49]
 [51]
 [45]
 [48]
 [32]
 [54]
 [50]
 [57]
 [48]
 [46]
 [54]
 [52]
 [53]
 [56]
 [50]
 [49]
 [57]
 [57]
 [57]
 [57]
 [57]
 [57]
 [53]
 [45]
 [49]] 
------------------------ Dataset: t1d ------------------------
shape: (39, 1), dtype: uint16
Data:[[54]
 [51]
 [48]
 [54]
 [46]
 [52]
 [55]
 [50]
 [56]
 [55]
 [57]
 [57]
 [57]
 [57]
 [57]
 [57]
 [57]
 [45]
 [48]
 [32]
 [54]
 [51]
 [48]
 [54]
 [46]
 [52]
 [55]
 [51]
 [54]
 [51]
 [49]
 [57]
 [57]
 [57]
 [57]
 [57]
 [57]
 [45]
 [49]] 
------------------------ Dataset: t1e ------------------------
shape: (26, 1), dtype: uint16
Data:[[54]
 [51]
 [50]
 [50]
 [46]
 [50]
 [52]
 [53]
 [56]
 [50]
 [45]
 [48]
 [32]
 [54]
 [51]
 [50]
 [50]
 [46]
 [50]
 [52]
 [57]
 [56]
 [50]
 [55]
 [45]
 [49]] 
------------------------ Dataset: t1f ------------------------
shape: (12, 1), dtype: uint16
Data:[[54]
 [51]
 [51]
 [56]
 [46]
 [49]
 [49]
 [48]
 [48]
 [54]
 [45]
 [48]] 
------------------------ Dataset: t1g ------------------------
shape: (27, 1), dtype: uint16
Data:[[54]
 [53]
 [48]
 [51]
 [46]
 [50]
 [50]
 [53]
 [57]
 [50]
 [56]
 [45]
 [48]
 [32]
 [54]
 [53]
 [48]
 [51]
 [46]
 [50]
 [50]
 [49]
 [57]
 [57]
 [56]
 [45]
 [49]] 
------------------------ Dataset: t1h ------------------------
shape: (33, 1), dtype: uint16
Data:[[54]
 [53]
 [49]
 [57]
 [46]
 [48]
 [51]
 [51]
 [57]
 [57]
 [48]
 [57]
 [57]
 [57]
 [57]
 [57]
 [57]
 [45]
 [48]
 [32]
 [54]
 [53]
 [49]
 [57]
 [46]
 [48]
 [51]
 [56]
 [48]
 [50]
 [50]
 [45]
 [49]] 
------------------------ Dataset: t1i ------------------------
shape: (27, 1), dtype: uint16
Data:[[54]
 [48]
 [49]
 [52]
 [46]
 [53]
 [56]
 [49]
 [56]
 [49]
 [54]
 [45]
 [48]
 [32]
 [54]
 [48]
 [49]
 [52]
 [46]
 [53]
 [56]
 [53]
 [56]
 [50]
 [52]
 [45]
 [49]] 
------------------------ Dataset: t1j ------------------------
shape: (27, 1), dtype: uint16
Data:[[54]
 [48]
 [51]
 [48]
 [46]
 [52]
 [52]
 [53]
 [56]
 [51]
 [56]
 [45]
 [48]
 [32]
 [54]
 [48]
 [51]
 [48]
 [46]
 [52]
 [52]
 [49]
 [57]
 [48]
 [56]
 [45]
 [49]] 
------------------------ Dataset: t1k ------------------------
shape: (39, 1), dtype: uint16
Data:[[54]
 [48]
 [52]
 [54]
 [46]
 [48]
 [54]
 [53]
 [57]
 [50]
 [53]
 [57]
 [57]
 [57]
 [57]
 [57]
 [57]
 [45]
 [48]
 [32]
 [54]
 [48]
 [52]
 [54]
 [46]
 [48]
 [54]
 [49]
 [56]
 [48]
 [52]
 [57]
 [57]
 [57]
 [57]
 [57]
 [57]
 [45]
 [49]] 
------------------------ Dataset: t1l ------------------------
shape: (32, 1), dtype: uint16
Data:[[54]
 [48]
 [54]
 [49]
 [46]
 [57]
 [49]
 [51]
 [55]
 [57]
 [45]
 [48]
 [32]
 [54]
 [48]
 [54]
 [49]
 [46]
 [57]
 [48]
 [57]
 [57]
 [55]
 [57]
 [57]
 [57]
 [57]
 [57]
 [57]
 [57]
 [45]
 [49]] 
------------------------ Dataset: t1m ------------------------
shape: (33, 1), dtype: uint16
Data:[[54]
 [48]
 [55]
 [55]
 [46]
 [55]
 [56]
 [53]
 [57]
 [49]
 [54]
 [57]
 [57]
 [57]
 [57]
 [57]
 [57]
 [45]
 [48]
 [32]
 [54]
 [48]
 [55]
 [55]
 [46]
 [55]
 [56]
 [57]
 [56]
 [56]
 [52]
 [45]
 [49]] 
------------------------ Dataset: t1n ------------------------
shape: (26, 1), dtype: uint16
Data:[[53]
 [54]
 [51]
 [56]
 [46]
 [54]
 [49]
 [51]
 [54]
 [54]
 [45]
 [48]
 [32]
 [53]
 [54]
 [51]
 [56]
 [46]
 [54]
 [48]
 [49]
 [53]
 [57]
 [50]
 [45]
 [49]] 
------------------------ Dataset: t1o ------------------------
shape: (27, 1), dtype: uint16
Data:[[53]
 [54]
 [53]
 [52]
 [46]
 [51]
 [50]
 [57]
 [56]
 [48]
 [54]
 [45]
 [48]
 [32]
 [53]
 [54]
 [53]
 [52]
 [46]
 [51]
 [50]
 [54]
 [48]
 [53]
 [52]
 [45]
 [49]] 
------------------------ Dataset: t1p ------------------------
shape: (39, 1), dtype: uint16
Data:[[53]
 [54]
 [55]
 [48]
 [46]
 [48]
 [51]
 [51]
 [54]
 [49]
 [49]
 [57]
 [57]
 [57]
 [57]
 [57]
 [57]
 [45]
 [48]
 [32]
 [53]
 [54]
 [55]
 [48]
 [46]
 [48]
 [50]
 [57]
 [54]
 [53]
 [52]
 [57]
 [57]
 [57]
 [57]
 [57]
 [57]
 [45]
 [49]] 
------------------------ Dataset: t1q ------------------------
shape: (33, 1), dtype: uint16
Data:[[53]
 [54]
 [56]
 [53]
 [46]
 [56]
 [50]
 [53]
 [53]
 [53]
 [52]
 [57]
 [57]
 [57]
 [57]
 [57]
 [57]
 [45]
 [48]
 [32]
 [53]
 [54]
 [56]
 [53]
 [46]
 [56]
 [50]
 [49]
 [54]
 [48]
 [55]
 [45]
 [49]] 
------------------------ Dataset: t1r ------------------------
shape: (33, 1), dtype: uint16
Data:[[53]
 [56]
 [49]
 [50]
 [46]
 [48]
 [54]
 [53]
 [53]
 [55]
 [54]
 [57]
 [57]
 [57]
 [57]
 [57]
 [57]
 [45]
 [48]
 [32]
 [53]
 [56]
 [49]
 [50]
 [46]
 [48]
 [55]
 [49]
 [53]
 [54]
 [49]
 [45]
 [49]] 
------------------------ Dataset: t1s ------------------------
shape: (26, 1), dtype: uint16
Data:[[54]
 [54]
 [48]
 [49]
 [46]
 [49]
 [50]
 [50]
 [50]
 [55]
 [45]
 [48]
 [32]
 [54]
 [54]
 [48]
 [49]
 [46]
 [49]
 [51]
 [52]
 [48]
 [57]
 [51]
 [45]
 [49]] 
------------------------ Dataset: t1t ------------------------
shape: (27, 1), dtype: uint16
Data:[[54]
 [54]
 [49]
 [55]
 [46]
 [48]
 [53]
 [56]
 [48]
 [52]
 [50]
 [45]
 [48]
 [32]
 [54]
 [54]
 [49]
 [55]
 [46]
 [48]
 [53]
 [52]
 [48]
 [53]
 [56]
 [45]
 [49]] 
------------------------ Dataset: t1u ------------------------
shape: (27, 1), dtype: uint16
Data:[[54]
 [54]
 [51]
 [50]
 [46]
 [57]
 [52]
 [54]
 [48]
 [51]
 [55]
 [45]
 [48]
 [32]
 [54]
 [54]
 [51]
 [50]
 [46]
 [57]
 [52]
 [50]
 [49]
 [48]
 [53]
 [45]
 [49]] 
------------------------ Dataset: t1v ------------------------
shape: (34, 1), dtype: uint16
Data:[[54]
 [54]
 [52]
 [56]
 [46]
 [53]
 [54]
 [54]
 [48]
 [57]
 [50]
 [57]
 [57]
 [57]
 [57]
 [57]
 [57]
 [53]
 [45]
 [48]
 [32]
 [54]
 [54]
 [52]
 [56]
 [46]
 [53]
 [54]
 [50]
 [49]
 [51]
 [52]
 [45]
 [49]] 
------------------------ Dataset: t1w ------------------------
shape: (27, 1), dtype: uint16
Data:[[54]
 [54]
 [54]
 [52]
 [46]
 [51]
 [57]
 [48]
 [48]
 [57]
 [54]
 [45]
 [48]
 [32]
 [54]
 [54]
 [54]
 [52]
 [46]
 [51]
 [56]
 [54]
 [49]
 [56]
 [51]
 [45]
 [49]] 
------------------------ Dataset: t1x ------------------------
shape: (33, 1), dtype: uint16
Data:[[54]
 [54]
 [56]
 [48]
 [46]
 [51]
 [50]
 [48]
 [54]
 [56]
 [48]
 [57]
 [57]
 [57]
 [57]
 [57]
 [57]
 [45]
 [48]
 [32]
 [54]
 [54]
 [56]
 [48]
 [46]
 [51]
 [49]
 [54]
 [55]
 [57]
 [53]
 [45]
 [49]] 
------------------------ Dataset: t1y ------------------------
shape: (26, 1), dtype: uint16
Data:[[53]
 [56]
 [57]
 [56]
 [46]
 [50]
 [54]
 [53]
 [55]
 [56]
 [45]
 [48]
 [32]
 [53]
 [56]
 [57]
 [56]
 [46]
 [50]
 [54]
 [49]
 [57]
 [50]
 [53]
 [45]
 [49]] 
------------------------ Dataset: t1z ------------------------
shape: (39, 1), dtype: uint16
Data:[[53]
 [57]
 [49]
 [52]
 [46]
 [49]
 [48]
 [53]
 [55]
 [52]
 [48]
 [57]
 [57]
 [57]
 [57]
 [57]
 [57]
 [45]
 [48]
 [32]
 [53]
 [57]
 [49]
 [52]
 [46]
 [49]
 [49]
 [48]
 [48]
 [51]
 [48]
 [57]
 [57]
 [57]
 [57]
 [57]
 [57]
 [45]
 [49]] 
------------------------ Dataset: t2 ------------------------
shape: (39, 1), dtype: uint16
Data:[[54]
 [55]
 [54]
 [50]
 [46]
 [50]
 [55]
 [55]
 [49]
 [49]
 [48]
 [57]
 [57]
 [57]
 [57]
 [57]
 [57]
 [45]
 [48]
 [32]
 [54]
 [55]
 [54]
 [50]
 [46]
 [50]
 [55]
 [52]
 [51]
 [50]
 [57]
 [57]
 [57]
 [57]
 [57]
 [57]
 [57]
 [45]
 [49]] 
------------------------ Dataset: t2b ------------------------
shape: (34, 1), dtype: uint16
Data:[[54]
 [55]
 [55]
 [56]
 [46]
 [49]
 [49]
 [48]
 [52]
 [53]
 [56]
 [57]
 [57]
 [57]
 [57]
 [57]
 [57]
 [53]
 [45]
 [48]
 [32]
 [54]
 [55]
 [55]
 [56]
 [46]
 [49]
 [49]
 [56]
 [51]
 [50]
 [49]
 [45]
 [49]] 
------------------------ Dataset: t2c ------------------------
shape: (27, 1), dtype: uint16
Data:[[54]
 [50]
 [57]
 [48]
 [46]
 [56]
 [57]
 [55]
 [56]
 [56]
 [52]
 [45]
 [48]
 [32]
 [54]
 [50]
 [57]
 [48]
 [46]
 [56]
 [57]
 [51]
 [56]
 [57]
 [52]
 [45]
 [49]] 
------------------------ Dataset: t2d ------------------------
shape: (33, 1), dtype: uint16
Data:[[54]
 [51]
 [48]
 [54]
 [46]
 [55]
 [50]
 [57]
 [57]
 [54]
 [57]
 [57]
 [57]
 [57]
 [57]
 [57]
 [57]
 [45]
 [48]
 [32]
 [54]
 [51]
 [48]
 [54]
 [46]
 [55]
 [51]
 [51]
 [57]
 [52]
 [52]
 [45]
 [49]] 
------------------------ Dataset: t2e ------------------------
shape: (32, 1), dtype: uint16
Data:[[54]
 [51]
 [50]
 [50]
 [46]
 [53]
 [48]
 [53]
 [57]
 [53]
 [45]
 [48]
 [32]
 [54]
 [51]
 [50]
 [50]
 [46]
 [53]
 [48]
 [57]
 [57]
 [49]
 [51]
 [57]
 [57]
 [57]
 [57]
 [57]
 [57]
 [45]
 [49]] 
------------------------ Dataset: t2f ------------------------
shape: (33, 1), dtype: uint16
Data:[[54]
 [51]
 [51]
 [56]
 [46]
 [51]
 [53]
 [56]
 [48]
 [50]
 [49]
 [57]
 [57]
 [57]
 [57]
 [57]
 [57]
 [45]
 [48]
 [32]
 [54]
 [51]
 [51]
 [56]
 [46]
 [51]
 [54]
 [53]
 [57]
 [52]
 [51]
 [45]
 [49]] 
------------------------ Dataset: t2g ------------------------
shape: (33, 1), dtype: uint16
Data:[[54]
 [53]
 [48]
 [51]
 [46]
 [52]
 [55]
 [55]
 [57]
 [56]
 [49]
 [45]
 [48]
 [32]
 [54]
 [53]
 [48]
 [51]
 [46]
 [52]
 [55]
 [52]
 [48]
 [50]
 [54]
 [57]
 [57]
 [57]
 [57]
 [57]
 [57]
 [45]
 [49]] 
------------------------ Dataset: t2h ------------------------
shape: (34, 1), dtype: uint16
Data:[[54]
 [53]
 [49]
 [57]
 [46]
 [51]
 [48]
 [57]
 [57]
 [55]
 [52]
 [45]
 [48]
 [32]
 [54]
 [53]
 [49]
 [57]
 [46]
 [51]
 [48]
 [54]
 [48]
 [50]
 [51]
 [57]
 [57]
 [57]
 [57]
 [57]
 [57]
 [53]
 [45]
 [49]] 
------------------------ Dataset: t2i ------------------------
shape: (27, 1), dtype: uint16
Data:[[54]
 [48]
 [49]
 [52]
 [46]
 [56]
 [51]
 [55]
 [54]
 [56]
 [49]
 [45]
 [48]
 [32]
 [54]
 [48]
 [49]
 [52]
 [46]
 [56]
 [50]
 [57]
 [54]
 [57]
 [49]
 [45]
 [49]] 
------------------------ Dataset: t2j ------------------------
shape: (34, 1), dtype: uint16
Data:[[54]
 [48]
 [51]
 [48]
 [46]
 [54]
 [57]
 [51]
 [55]
 [55]
 [54]
 [57]
 [57]
 [57]
 [57]
 [57]
 [57]
 [53]
 [45]
 [48]
 [32]
 [54]
 [48]
 [51]
 [48]
 [46]
 [54]
 [56]
 [57]
 [55]
 [52]
 [51]
 [45]
 [49]] 
------------------------ Dataset: t2k ------------------------
shape: (13, 1), dtype: uint16
Data:[[54]
 [48]
 [52]
 [54]
 [46]
 [51]
 [49]
 [52]
 [56]
 [52]
 [53]
 [45]
 [49]] 
------------------------ Dataset: t2l ------------------------
shape: (27, 1), dtype: uint16
Data:[[54]
 [48]
 [54]
 [50]
 [46]
 [49]
 [54]
 [53]
 [54]
 [55]
 [54]
 [45]
 [48]
 [32]
 [54]
 [48]
 [54]
 [50]
 [46]
 [49]
 [54]
 [49]
 [55]
 [49]
 [50]
 [45]
 [49]] 
------------------------ Dataset: t2m ------------------------
shape: (27, 1), dtype: uint16
Data:[[54]
 [48]
 [55]
 [56]
 [46]
 [48]
 [51]
 [55]
 [57]
 [54]
 [57]
 [45]
 [48]
 [32]
 [54]
 [48]
 [55]
 [56]
 [46]
 [48]
 [52]
 [49]
 [56]
 [54]
 [52]
 [45]
 [49]] 
------------------------ Dataset: t2n ------------------------
shape: (33, 1), dtype: uint16
Data:[[53]
 [54]
 [51]
 [56]
 [46]
 [56]
 [53]
 [51]
 [53]
 [52]
 [55]
 [45]
 [48]
 [32]
 [53]
 [54]
 [51]
 [56]
 [46]
 [56]
 [53]
 [55]
 [53]
 [51]
 [50]
 [57]
 [57]
 [57]
 [57]
 [57]
 [57]
 [45]
 [49]] 
------------------------ Dataset: t2o ------------------------
shape: (33, 1), dtype: uint16
Data:[[53]
 [54]
 [53]
 [52]
 [46]
 [53]
 [56]
 [56]
 [52]
 [57]
 [56]
 [45]
 [48]
 [32]
 [53]
 [54]
 [53]
 [52]
 [46]
 [53]
 [55]
 [55]
 [53]
 [57]
 [56]
 [57]
 [57]
 [57]
 [57]
 [57]
 [57]
 [45]
 [49]] 
------------------------ Dataset: t2p ------------------------
shape: (33, 1), dtype: uint16
Data:[[53]
 [54]
 [55]
 [48]
 [46]
 [50]
 [56]
 [57]
 [56]
 [51]
 [54]
 [45]
 [48]
 [32]
 [53]
 [54]
 [55]
 [48]
 [46]
 [50]
 [57]
 [51]
 [55]
 [50]
 [54]
 [57]
 [57]
 [57]
 [57]
 [57]
 [57]
 [45]
 [49]] 
------------------------ Dataset: t2q ------------------------
shape: (33, 1), dtype: uint16
Data:[[53]
 [54]
 [56]
 [54]
 [46]
 [48]
 [55]
 [56]
 [49]
 [51]
 [45]
 [48]
 [32]
 [53]
 [54]
 [56]
 [54]
 [46]
 [48]
 [55]
 [54]
 [55]
 [57]
 [48]
 [57]
 [57]
 [57]
 [57]
 [57]
 [57]
 [53]
 [45]
 [49]] 
------------------------ Dataset: t2r ------------------------
shape: (32, 1), dtype: uint16
Data:[[53]
 [56]
 [49]
 [50]
 [46]
 [51]
 [50]
 [49]
 [56]
 [45]
 [48]
 [32]
 [53]
 [56]
 [49]
 [50]
 [46]
 [51]
 [49]
 [57]
 [53]
 [52]
 [55]
 [57]
 [57]
 [57]
 [57]
 [57]
 [57]
 [53]
 [45]
 [49]] 
------------------------ Dataset: t2s ------------------------
shape: (26, 1), dtype: uint16
Data:[[54]
 [54]
 [48]
 [49]
 [46]
 [51]
 [55]
 [56]
 [56]
 [55]
 [54]
 [45]
 [48]
 [32]
 [54]
 [54]
 [48]
 [49]
 [46]
 [51]
 [55]
 [53]
 [52]
 [51]
 [45]
 [49]] 
------------------------ Dataset: t2t ------------------------
shape: (33, 1), dtype: uint16
Data:[[54]
 [54]
 [49]
 [55]
 [46]
 [51]
 [49]
 [52]
 [48]
 [49]
 [50]
 [57]
 [57]
 [57]
 [57]
 [57]
 [57]
 [45]
 [48]
 [32]
 [54]
 [54]
 [49]
 [55]
 [46]
 [51]
 [49]
 [48]
 [48]
 [52]
 [54]
 [45]
 [49]] 
------------------------ Dataset: t2u ------------------------
shape: (26, 1), dtype: uint16
Data:[[54]
 [54]
 [51]
 [51]
 [46]
 [49]
 [57]
 [53]
 [48]
 [48]
 [56]
 [45]
 [48]
 [32]
 [54]
 [54]
 [51]
 [51]
 [46]
 [49]
 [57]
 [57]
 [48]
 [51]
 [45]
 [49]] 
------------------------ Dataset: t2v ------------------------
shape: (27, 1), dtype: uint16
Data:[[54]
 [54]
 [52]
 [56]
 [46]
 [56]
 [49]
 [56]
 [49]
 [48]
 [49]
 [45]
 [48]
 [32]
 [54]
 [54]
 [52]
 [56]
 [46]
 [56]
 [49]
 [52]
 [50]
 [52]
 [53]
 [45]
 [49]] 
------------------------ Dataset: t2w ------------------------
shape: (20, 1), dtype: uint16
Data:[[54]
 [54]
 [54]
 [52]
 [46]
 [54]
 [53]
 [51]
 [56]
 [49]
 [57]
 [57]
 [57]
 [57]
 [57]
 [57]
 [57]
 [53]
 [45]
 [48]] 
------------------------ Dataset: t2x ------------------------
shape: (27, 1), dtype: uint16
Data:[[54]
 [54]
 [56]
 [48]
 [46]
 [53]
 [55]
 [56]
 [48]
 [55]
 [56]
 [45]
 [48]
 [32]
 [54]
 [54]
 [56]
 [48]
 [46]
 [53]
 [56]
 [50]
 [48]
 [52]
 [55]
 [45]
 [49]] 
------------------------ Dataset: t2y ------------------------
shape: (27, 1), dtype: uint16
Data:[[53]
 [56]
 [57]
 [56]
 [46]
 [53]
 [49]
 [56]
 [50]
 [52]
 [52]
 [45]
 [48]
 [32]
 [53]
 [56]
 [57]
 [56]
 [46]
 [53]
 [49]
 [52]
 [48]
 [57]
 [49]
 [45]
 [49]] 
------------------------ Dataset: t2z ------------------------
shape: (33, 1), dtype: uint16
Data:[[53]
 [57]
 [49]
 [52]
 [46]
 [51]
 [53]
 [51]
 [54]
 [55]
 [57]
 [57]
 [57]
 [57]
 [57]
 [57]
 [57]
 [45]
 [48]
 [32]
 [53]
 [57]
 [49]
 [52]
 [46]
 [51]
 [54]
 [49]
 [54]
 [54]
 [54]
 [45]
 [49]] 
------------------------ Dataset: t3 ------------------------
shape: (33, 1), dtype: uint16
Data:[[54]
 [55]
 [54]
 [50]
 [46]
 [53]
 [51]
 [52]
 [49]
 [50]
 [55]
 [57]
 [57]
 [57]
 [57]
 [57]
 [57]
 [45]
 [48]
 [32]
 [54]
 [55]
 [54]
 [50]
 [46]
 [53]
 [51]
 [48]
 [49]
 [48]
 [53]
 [45]
 [49]] 
------------------------ Dataset: t3b ------------------------
shape: (33, 1), dtype: uint16
Data:[[54]
 [55]
 [55]
 [56]
 [46]
 [51]
 [56]
 [50]
 [49]
 [52]
 [53]
 [45]
 [48]
 [32]
 [54]
 [55]
 [55]
 [56]
 [46]
 [51]
 [55]
 [56]
 [53]
 [49]
 [49]
 [57]
 [57]
 [57]
 [57]
 [57]
 [57]
 [45]
 [49]] 
------------------------ Dataset: t3c ------------------------
shape: (34, 1), dtype: uint16
Data:[[54]
 [50]
 [57]
 [49]
 [46]
 [49]
 [53]
 [55]
 [56]
 [54]
 [49]
 [45]
 [48]
 [32]
 [54]
 [50]
 [57]
 [49]
 [46]
 [49]
 [52]
 [54]
 [57]
 [54]
 [48]
 [57]
 [57]
 [57]
 [57]
 [57]
 [57]
 [53]
 [45]
 [49]] 
------------------------ Dataset: t3d ------------------------
shape: (27, 1), dtype: uint16
Data:[[54]
 [51]
 [48]
 [54]
 [46]
 [57]
 [55]
 [55]
 [56]
 [55]
 [56]
 [45]
 [48]
 [32]
 [54]
 [51]
 [48]
 [54]
 [46]
 [57]
 [56]
 [55]
 [50]
 [49]
 [50]
 [45]
 [49]] 
------------------------ Dataset: t3e ------------------------
shape: (40, 1), dtype: uint16
Data:[[54]
 [51]
 [50]
 [50]
 [46]
 [55]
 [54]
 [50]
 [48]
 [55]
 [49]
 [57]
 [57]
 [57]
 [57]
 [57]
 [57]
 [53]
 [45]
 [48]
 [32]
 [54]
 [51]
 [50]
 [50]
 [46]
 [55]
 [54]
 [53]
 [57]
 [56]
 [50]
 [57]
 [57]
 [57]
 [57]
 [57]
 [57]
 [45]
 [49]] 
------------------------ Dataset: t3f ------------------------
shape: (19, 1), dtype: uint16
Data:[[54]
 [51]
 [51]
 [56]
 [46]
 [54]
 [50]
 [54]
 [50]
 [55]
 [54]
 [57]
 [57]
 [57]
 [57]
 [57]
 [57]
 [45]
 [48]] 
------------------------ Dataset: t3g ------------------------
shape: (33, 1), dtype: uint16
Data:[[54]
 [53]
 [48]
 [51]
 [46]
 [55]
 [52]
 [50]
 [48]
 [49]
 [56]
 [57]
 [57]
 [57]
 [57]
 [57]
 [57]
 [45]
 [48]
 [32]
 [54]
 [53]
 [48]
 [51]
 [46]
 [55]
 [51]
 [56]
 [52]
 [48]
 [50]
 [45]
 [49]] 
------------------------ Dataset: t3h ------------------------
shape: (27, 1), dtype: uint16
Data:[[54]
 [53]
 [49]
 [57]
 [46]
 [53]
 [54]
 [55]
 [53]
 [51]
 [57]
 [45]
 [48]
 [32]
 [54]
 [53]
 [49]
 [57]
 [46]
 [53]
 [54]
 [50]
 [48]
 [49]
 [51]
 [45]
 [49]] 
------------------------ Dataset: t3i ------------------------
shape: (27, 1), dtype: uint16
Data:[[54]
 [48]
 [49]
 [53]
 [46]
 [48]
 [57]
 [57]
 [50]
 [51]
 [51]
 [45]
 [48]
 [32]
 [54]
 [48]
 [49]
 [53]
 [46]
 [48]
 [57]
 [53]
 [49]
 [56]
 [54]
 [45]
 [49]] 
------------------------ Dataset: t3j ------------------------
shape: (27, 1), dtype: uint16
Data:[[54]
 [48]
 [51]
 [48]
 [46]
 [57]
 [53]
 [51]
 [56]
 [52]
 [49]
 [45]
 [48]
 [32]
 [54]
 [48]
 [51]
 [48]
 [46]
 [57]
 [52]
 [57]
 [57]
 [55]
 [49]
 [45]
 [49]] 
------------------------ Dataset: t3k ------------------------
shape: (27, 1), dtype: uint16
Data:[[54]
 [48]
 [52]
 [54]
 [46]
 [53]
 [54]
 [53]
 [57]
 [50]
 [53]
 [45]
 [48]
 [32]
 [54]
 [48]
 [52]
 [54]
 [46]
 [53]
 [54]
 [49]
 [55]
 [56]
 [56]
 [45]
 [49]] 
------------------------ Dataset: t3l ------------------------
shape: (34, 1), dtype: uint16
Data:[[54]
 [48]
 [54]
 [50]
 [46]
 [52]
 [51]
 [57]
 [48]
 [56]
 [48]
 [57]
 [57]
 [57]
 [57]
 [57]
 [57]
 [53]
 [45]
 [48]
 [32]
 [54]
 [48]
 [54]
 [50]
 [46]
 [52]
 [51]
 [51]
 [50]
 [54]
 [51]
 [45]
 [49]] 
------------------------ Dataset: t3m ------------------------
shape: (40, 1), dtype: uint16
Data:[[54]
 [48]
 [55]
 [56]
 [46]
 [50]
 [56]
 [53]
 [56]
 [48]
 [52]
 [57]
 [57]
 [57]
 [57]
 [57]
 [57]
 [53]
 [45]
 [48]
 [32]
 [54]
 [48]
 [55]
 [56]
 [46]
 [50]
 [56]
 [57]
 [55]
 [57]
 [48]
 [57]
 [57]
 [57]
 [57]
 [57]
 [57]
 [45]
 [49]] 
------------------------ Dataset: t3n ------------------------
shape: (33, 1), dtype: uint16
Data:[[53]
 [54]
 [51]
 [57]
 [46]
 [49]
 [49]
 [49]
 [56]
 [56]
 [54]
 [45]
 [48]
 [32]
 [53]
 [54]
 [51]
 [57]
 [46]
 [49]
 [49]
 [51]
 [54]
 [54]
 [48]
 [57]
 [57]
 [57]
 [57]
 [57]
 [57]
 [45]
 [49]] 
------------------------ Dataset: t3o ------------------------
shape: (27, 1), dtype: uint16
Data:[[53]
 [54]
 [53]
 [52]
 [46]
 [56]
 [51]
 [55]
 [57]
 [54]
 [50]
 [45]
 [48]
 [32]
 [53]
 [54]
 [53]
 [52]
 [46]
 [56]
 [51]
 [51]
 [54]
 [53]
 [52]
 [45]
 [49]] 
------------------------ Dataset: t3p ------------------------
shape: (34, 1), dtype: uint16
Data:[[53]
 [54]
 [55]
 [48]
 [46]
 [53]
 [52]
 [49]
 [55]
 [54]
 [56]
 [57]
 [57]
 [57]
 [57]
 [57]
 [57]
 [53]
 [45]
 [48]
 [32]
 [53]
 [54]
 [55]
 [48]
 [46]
 [53]
 [52]
 [53]
 [54]
 [48]
 [57]
 [45]
 [49]] 
------------------------ Dataset: t3q ------------------------
shape: (26, 1), dtype: uint16
Data:[[53]
 [54]
 [56]
 [54]
 [46]
 [51]
 [50]
 [53]
 [53]
 [56]
 [51]
 [45]
 [48]
 [32]
 [53]
 [54]
 [56]
 [54]
 [46]
 [51]
 [50]
 [49]
 [54]
 [53]
 [45]
 [49]] 
------------------------ Dataset: t3r ------------------------
shape: (27, 1), dtype: uint16
Data:[[53]
 [56]
 [49]
 [50]
 [46]
 [53]
 [56]
 [52]
 [48]
 [50]
 [55]
 [45]
 [48]
 [32]
 [53]
 [56]
 [49]
 [50]
 [46]
 [53]
 [56]
 [51]
 [48]
 [52]
 [55]
 [45]
 [49]] 
------------------------ Dataset: t3s ------------------------
shape: (27, 1), dtype: uint16
Data:[[54]
 [54]
 [48]
 [49]
 [46]
 [54]
 [51]
 [55]
 [51]
 [52]
 [55]
 [45]
 [48]
 [32]
 [54]
 [54]
 [48]
 [49]
 [46]
 [54]
 [51]
 [55]
 [54]
 [49]
 [49]
 [45]
 [49]] 
------------------------ Dataset: t3t ------------------------
shape: (34, 1), dtype: uint16
Data:[[54]
 [54]
 [49]
 [55]
 [46]
 [53]
 [54]
 [54]
 [50]
 [51]
 [54]
 [45]
 [48]
 [32]
 [54]
 [54]
 [49]
 [55]
 [46]
 [53]
 [54]
 [50]
 [51]
 [48]
 [52]
 [57]
 [57]
 [57]
 [57]
 [57]
 [57]
 [53]
 [45]
 [49]] 
------------------------ Dataset: t3u ------------------------
shape: (33, 1), dtype: uint16
Data:[[54]
 [54]
 [51]
 [51]
 [46]
 [52]
 [52]
 [54]
 [48]
 [54]
 [50]
 [45]
 [48]
 [32]
 [54]
 [54]
 [51]
 [51]
 [46]
 [52]
 [53]
 [48]
 [49]
 [51]
 [55]
 [57]
 [57]
 [57]
 [57]
 [57]
 [57]
 [45]
 [49]] 
------------------------ Dataset: t3v ------------------------
shape: (33, 1), dtype: uint16
Data:[[54]
 [54]
 [52]
 [57]
 [46]
 [48]
 [54]
 [54]
 [49]
 [50]
 [55]
 [45]
 [48]
 [32]
 [54]
 [54]
 [52]
 [57]
 [46]
 [48]
 [54]
 [50]
 [49]
 [52]
 [56]
 [57]
 [57]
 [57]
 [57]
 [57]
 [57]
 [45]
 [49]] 
------------------------ Dataset: t3w ------------------------
shape: (27, 1), dtype: uint16
Data:[[54]
 [54]
 [54]
 [52]
 [46]
 [56]
 [57]
 [56]
 [48]
 [54]
 [57]
 [45]
 [48]
 [32]
 [54]
 [54]
 [54]
 [52]
 [46]
 [57]
 [48]
 [50]
 [48]
 [49]
 [51]
 [45]
 [49]] 
------------------------ Dataset: t3x ------------------------
shape: (26, 1), dtype: uint16
Data:[[54]
 [54]
 [56]
 [48]
 [46]
 [56]
 [51]
 [53]
 [51]
 [48]
 [49]
 [45]
 [48]
 [32]
 [54]
 [54]
 [56]
 [48]
 [46]
 [56]
 [51]
 [48]
 [50]
 [51]
 [45]
 [49]] 
------------------------ Dataset: t3y ------------------------
shape: (27, 1), dtype: uint16
Data:[[53]
 [56]
 [57]
 [56]
 [46]
 [55]
 [55]
 [51]
 [57]
 [48]
 [57]
 [45]
 [48]
 [32]
 [53]
 [56]
 [57]
 [56]
 [46]
 [55]
 [54]
 [57]
 [56]
 [55]
 [56]
 [45]
 [49]] 
------------------------ Dataset: t3z ------------------------
shape: (34, 1), dtype: uint16
Data:[[53]
 [57]
 [49]
 [52]
 [46]
 [54]
 [49]
 [51]
 [55]
 [52]
 [56]
 [45]
 [48]
 [32]
 [53]
 [57]
 [49]
 [52]
 [46]
 [54]
 [49]
 [55]
 [54]
 [56]
 [50]
 [57]
 [57]
 [57]
 [57]
 [57]
 [57]
 [53]
 [45]
 [49]] 
------------------------ Dataset: t4 ------------------------
shape: (34, 1), dtype: uint16
Data:[[54]
 [55]
 [54]
 [50]
 [46]
 [55]
 [57]
 [48]
 [50]
 [51]
 [52]
 [45]
 [48]
 [32]
 [54]
 [55]
 [54]
 [50]
 [46]
 [55]
 [57]
 [56]
 [49]
 [53]
 [52]
 [57]
 [57]
 [57]
 [57]
 [57]
 [57]
 [53]
 [45]
 [49]] 
------------------------ Dataset: t4b ------------------------
shape: (33, 1), dtype: uint16
Data:[[54]
 [55]
 [55]
 [56]
 [46]
 [54]
 [51]
 [48]
 [50]
 [51]
 [51]
 [45]
 [48]
 [32]
 [54]
 [55]
 [55]
 [56]
 [46]
 [54]
 [50]
 [56]
 [55]
 [50]
 [54]
 [57]
 [57]
 [57]
 [57]
 [57]
 [57]
 [45]
 [49]] 
------------------------ Dataset: t4c ------------------------
shape: (33, 1), dtype: uint16
Data:[[54]
 [50]
 [57]
 [49]
 [46]
 [51]
 [57]
 [56]
 [54]
 [51]
 [51]
 [57]
 [57]
 [57]
 [57]
 [57]
 [57]
 [45]
 [48]
 [32]
 [54]
 [50]
 [57]
 [49]
 [46]
 [52]
 [48]
 [50]
 [50]
 [50]
 [50]
 [45]
 [49]] 
------------------------ Dataset: t4d ------------------------
shape: (39, 1), dtype: uint16
Data:[[54]
 [51]
 [48]
 [55]
 [46]
 [50]
 [50]
 [57]
 [56]
 [56]
 [48]
 [57]
 [57]
 [57]
 [57]
 [57]
 [57]
 [45]
 [48]
 [32]
 [54]
 [51]
 [48]
 [55]
 [46]
 [50]
 [51]
 [53]
 [50]
 [55]
 [50]
 [57]
 [57]
 [57]
 [57]
 [57]
 [57]
 [45]
 [49]] 
------------------------ Dataset: t4e ------------------------
shape: (33, 1), dtype: uint16
Data:[[54]
 [51]
 [50]
 [51]
 [46]
 [48]
 [49]
 [52]
 [49]
 [53]
 [50]
 [45]
 [48]
 [32]
 [54]
 [51]
 [50]
 [51]
 [46]
 [48]
 [49]
 [55]
 [56]
 [57]
 [53]
 [57]
 [57]
 [57]
 [57]
 [57]
 [57]
 [45]
 [49]] 
------------------------ Dataset: t4f ------------------------
shape: (27, 1), dtype: uint16
Data:[[54]
 [51]
 [51]
 [56]
 [46]
 [56]
 [56]
 [54]
 [49]
 [50]
 [55]
 [45]
 [48]
 [32]
 [54]
 [51]
 [51]
 [56]
 [46]
 [56]
 [56]
 [50]
 [49]
 [51]
 [55]
 [45]
 [49]] 
------------------------ Dataset: t4g ------------------------
shape: (27, 1), dtype: uint16
Data:[[54]
 [53]
 [48]
 [51]
 [46]
 [57]
 [57]
 [52]
 [48]
 [48]
 [56]
 [45]
 [48]
 [32]
 [54]
 [53]
 [48]
 [51]
 [46]
 [57]
 [57]
 [48]
 [54]
 [51]
 [52]
 [45]
 [49]] 
------------------------ Dataset: t4h ------------------------
shape: (34, 1), dtype: uint16
Data:[[54]
 [53]
 [49]
 [57]
 [46]
 [56]
 [49]
 [56]
 [48]
 [50]
 [49]
 [57]
 [57]
 [57]
 [57]
 [57]
 [57]
 [53]
 [45]
 [48]
 [32]
 [54]
 [53]
 [49]
 [57]
 [46]
 [56]
 [50]
 [50]
 [48]
 [50]
 [57]
 [45]
 [49]] 
------------------------ Dataset: t4i ------------------------
shape: (34, 1), dtype: uint16
Data:[[54]
 [48]
 [49]
 [53]
 [46]
 [51]
 [54]
 [50]
 [54]
 [54]
 [57]
 [57]
 [57]
 [57]
 [57]
 [57]
 [57]
 [53]
 [45]
 [48]
 [32]
 [54]
 [48]
 [49]
 [53]
 [46]
 [51]
 [54]
 [50]
 [54]
 [48]
 [54]
 [45]
 [49]] 
------------------------ Dataset: t4j ------------------------
shape: (33, 1), dtype: uint16
Data:[[54]
 [48]
 [51]
 [49]
 [46]
 [50]
 [49]
 [48]
 [48]
 [48]
 [48]
 [57]
 [57]
 [57]
 [57]
 [57]
 [57]
 [53]
 [45]
 [48]
 [32]
 [54]
 [48]
 [51]
 [49]
 [46]
 [50]
 [48]
 [57]
 [57]
 [51]
 [45]
 [49]] 
------------------------ Dataset: t4k ------------------------
shape: (33, 1), dtype: uint16
Data:[[54]
 [48]
 [52]
 [54]
 [46]
 [56]
 [49]
 [55]
 [57]
 [57]
 [54]
 [45]
 [48]
 [32]
 [54]
 [48]
 [52]
 [54]
 [46]
 [56]
 [49]
 [52]
 [52]
 [49]
 [48]
 [57]
 [57]
 [57]
 [57]
 [57]
 [57]
 [45]
 [49]] 
------------------------ Dataset: t4l ------------------------
shape: (34, 1), dtype: uint16
Data:[[54]
 [48]
 [54]
 [50]
 [46]
 [54]
 [56]
 [49]
 [55]
 [57]
 [57]
 [45]
 [48]
 [32]
 [54]
 [48]
 [54]
 [50]
 [46]
 [54]
 [56]
 [53]
 [55]
 [55]
 [56]
 [57]
 [57]
 [57]
 [57]
 [57]
 [57]
 [53]
 [45]
 [49]] 
------------------------ Dataset: t4m ------------------------
shape: (33, 1), dtype: uint16
Data:[[54]
 [48]
 [55]
 [56]
 [46]
 [53]
 [52]
 [53]
 [56]
 [48]
 [54]
 [45]
 [48]
 [32]
 [54]
 [48]
 [55]
 [56]
 [46]
 [53]
 [52]
 [49]
 [55]
 [53]
 [55]
 [57]
 [57]
 [57]
 [57]
 [57]
 [57]
 [45]
 [49]] 
------------------------ Dataset: t4n ------------------------
shape: (27, 1), dtype: uint16
Data:[[53]
 [54]
 [51]
 [57]
 [46]
 [51]
 [53]
 [51]
 [52]
 [56]
 [54]
 [45]
 [48]
 [32]
 [53]
 [54]
 [51]
 [57]
 [46]
 [51]
 [53]
 [55]
 [53]
 [53]
 [53]
 [45]
 [49]] 
------------------------ Dataset: t4o ------------------------
shape: (40, 1), dtype: uint16
Data:[[53]
 [54]
 [53]
 [53]
 [46]
 [48]
 [56]
 [57]
 [55]
 [51]
 [57]
 [57]
 [57]
 [57]
 [57]
 [57]
 [57]
 [45]
 [48]
 [32]
 [53]
 [54]
 [53]
 [53]
 [46]
 [48]
 [56]
 [53]
 [55]
 [57]
 [56]
 [57]
 [57]
 [57]
 [57]
 [57]
 [57]
 [53]
 [45]
 [49]] 
------------------------ Dataset: t4p ------------------------
shape: (33, 1), dtype: uint16
Data:[[53]
 [54]
 [55]
 [48]
 [46]
 [55]
 [57]
 [55]
 [53]
 [55]
 [51]
 [57]
 [57]
 [57]
 [57]
 [57]
 [57]
 [45]
 [48]
 [32]
 [53]
 [54]
 [55]
 [48]
 [46]
 [56]
 [48]
 [53]
 [52]
 [56]
 [56]
 [45]
 [49]] 
------------------------ Dataset: t4q ------------------------
shape: (39, 1), dtype: uint16
Data:[[53]
 [54]
 [56]
 [54]
 [46]
 [53]
 [57]
 [49]
 [51]
 [56]
 [48]
 [57]
 [57]
 [57]
 [57]
 [57]
 [57]
 [45]
 [48]
 [32]
 [53]
 [54]
 [56]
 [54]
 [46]
 [53]
 [56]
 [53]
 [48]
 [50]
 [49]
 [57]
 [57]
 [57]
 [57]
 [57]
 [57]
 [45]
 [49]] 
------------------------ Dataset: t4r ------------------------
shape: (33, 1), dtype: uint16
Data:[[53]
 [56]
 [49]
 [50]
 [46]
 [56]
 [50]
 [57]
 [55]
 [52]
 [52]
 [45]
 [48]
 [32]
 [53]
 [56]
 [49]
 [50]
 [46]
 [56]
 [51]
 [51]
 [55]
 [51]
 [52]
 [57]
 [57]
 [57]
 [57]
 [57]
 [57]
 [45]
 [49]] 
------------------------ Dataset: t4s ------------------------
shape: (27, 1), dtype: uint16
Data:[[54]
 [54]
 [48]
 [49]
 [46]
 [56]
 [55]
 [56]
 [48]
 [51]
 [50]
 [45]
 [48]
 [32]
 [54]
 [54]
 [48]
 [49]
 [46]
 [56]
 [56]
 [50]
 [48]
 [55]
 [54]
 [45]
 [49]] 
------------------------ Dataset: t4t ------------------------
shape: (39, 1), dtype: uint16
Data:[[54]
 [54]
 [49]
 [55]
 [46]
 [56]
 [50]
 [51]
 [55]
 [50]
 [55]
 [57]
 [57]
 [57]
 [57]
 [57]
 [57]
 [45]
 [48]
 [32]
 [54]
 [54]
 [49]
 [55]
 [46]
 [56]
 [49]
 [57]
 [52]
 [53]
 [48]
 [57]
 [57]
 [57]
 [57]
 [57]
 [57]
 [45]
 [49]] 
------------------------ Dataset: t4u ------------------------
shape: (34, 1), dtype: uint16
Data:[[54]
 [54]
 [51]
 [51]
 [46]
 [55]
 [48]
 [50]
 [48]
 [50]
 [56]
 [45]
 [48]
 [32]
 [54]
 [54]
 [51]
 [51]
 [46]
 [54]
 [57]
 [56]
 [48]
 [49]
 [48]
 [57]
 [57]
 [57]
 [57]
 [57]
 [57]
 [53]
 [45]
 [49]] 
------------------------ Dataset: t4v ------------------------
shape: (33, 1), dtype: uint16
Data:[[54]
 [54]
 [52]
 [57]
 [46]
 [51]
 [49]
 [56]
 [52]
 [49]
 [53]
 [45]
 [48]
 [32]
 [54]
 [54]
 [52]
 [57]
 [46]
 [51]
 [49]
 [52]
 [51]
 [53]
 [57]
 [57]
 [57]
 [57]
 [57]
 [57]
 [57]
 [45]
 [49]] 
------------------------ Dataset: t4w ------------------------
shape: (40, 1), dtype: uint16
Data:[[54]
 [54]
 [54]
 [53]
 [46]
 [49]
 [53]
 [56]
 [48]
 [56]
 [55]
 [57]
 [57]
 [57]
 [57]
 [57]
 [57]
 [45]
 [48]
 [32]
 [54]
 [54]
 [54]
 [53]
 [46]
 [49]
 [54]
 [50]
 [49]
 [55]
 [52]
 [57]
 [57]
 [57]
 [57]
 [57]
 [57]
 [53]
 [45]
 [49]] 
------------------------ Dataset: t4x ------------------------
shape: (27, 1), dtype: uint16
Data:[[54]
 [54]
 [56]
 [49]
 [46]
 [48]
 [57]
 [52]
 [48]
 [51]
 [49]
 [45]
 [48]
 [32]
 [54]
 [54]
 [56]
 [49]
 [46]
 [48]
 [57]
 [48]
 [48]
 [49]
 [54]
 [45]
 [49]] 
------------------------ Dataset: t4y ------------------------
shape: (13, 1), dtype: uint16
Data:[[53]
 [56]
 [57]
 [57]
 [46]
 [48]
 [50]
 [53]
 [54]
 [53]
 [57]
 [45]
 [48]] 
------------------------ Dataset: t4z ------------------------
shape: (20, 1), dtype: uint16
Data:[[53]
 [57]
 [49]
 [52]
 [46]
 [56]
 [55]
 [54]
 [53]
 [49]
 [56]
 [57]
 [57]
 [57]
 [57]
 [57]
 [57]
 [53]
 [45]
 [48]] 
------------------------ Dataset: t5 ------------------------
shape: (33, 1), dtype: uint16
Data:[[54]
 [55]
 [54]
 [51]
 [46]
 [48]
 [53]
 [56]
 [53]
 [54]
 [57]
 [57]
 [57]
 [57]
 [57]
 [57]
 [57]
 [45]
 [48]
 [32]
 [54]
 [55]
 [54]
 [51]
 [46]
 [48]
 [53]
 [52]
 [52]
 [48]
 [53]
 [45]
 [49]] 
------------------------ Dataset: t5b ------------------------
shape: (27, 1), dtype: uint16
Data:[[54]
 [55]
 [55]
 [56]
 [46]
 [56]
 [56]
 [50]
 [52]
 [50]
 [56]
 [45]
 [48]
 [32]
 [54]
 [55]
 [55]
 [56]
 [46]
 [56]
 [55]
 [56]
 [49]
 [56]
 [49]
 [45]
 [49]] 
------------------------ Dataset: t5c ------------------------
shape: (26, 1), dtype: uint16
Data:[[54]
 [50]
 [57]
 [49]
 [46]
 [54]
 [53]
 [56]
 [56]
 [52]
 [45]
 [48]
 [32]
 [54]
 [50]
 [57]
 [49]
 [46]
 [54]
 [54]
 [50]
 [53]
 [48]
 [51]
 [45]
 [49]] 
------------------------ Dataset: t5d ------------------------
shape: (33, 1), dtype: uint16
Data:[[54]
 [51]
 [48]
 [55]
 [46]
 [52]
 [56]
 [53]
 [56]
 [57]
 [48]
 [57]
 [57]
 [57]
 [57]
 [57]
 [57]
 [45]
 [48]
 [32]
 [54]
 [51]
 [48]
 [55]
 [46]
 [52]
 [55]
 [55]
 [57]
 [52]
 [51]
 [45]
 [49]] 
------------------------ Dataset: t5e ------------------------
shape: (27, 1), dtype: uint16
Data:[[54]
 [51]
 [50]
 [51]
 [46]
 [50]
 [55]
 [55]
 [56]
 [50]
 [52]
 [45]
 [48]
 [32]
 [54]
 [51]
 [50]
 [51]
 [46]
 [50]
 [55]
 [51]
 [57]
 [49]
 [53]
 [45]
 [49]] 
------------------------ Dataset: t5f ------------------------
shape: (33, 1), dtype: uint16
Data:[[54]
 [51]
 [51]
 [57]
 [46]
 [49]
 [52]
 [49]
 [57]
 [52]
 [54]
 [45]
 [48]
 [32]
 [54]
 [51]
 [51]
 [57]
 [46]
 [49]
 [51]
 [56]
 [48]
 [54]
 [50]
 [57]
 [57]
 [57]
 [57]
 [57]
 [57]
 [45]
 [49]] 
------------------------ Dataset: t5g ------------------------
shape: (27, 1), dtype: uint16
Data:[[54]
 [53]
 [48]
 [52]
 [46]
 [50]
 [53]
 [56]
 [48]
 [53]
 [57]
 [45]
 [48]
 [32]
 [54]
 [53]
 [48]
 [52]
 [46]
 [50]
 [53]
 [55]
 [57]
 [57]
 [56]
 [45]
 [49]] 
------------------------ Dataset: t5h ------------------------
shape: (33, 1), dtype: uint16
Data:[[54]
 [53]
 [50]
 [48]
 [46]
 [48]
 [54]
 [54]
 [48]
 [57]
 [52]
 [57]
 [57]
 [57]
 [57]
 [57]
 [57]
 [45]
 [48]
 [32]
 [54]
 [53]
 [50]
 [48]
 [46]
 [48]
 [55]
 [48]
 [48]
 [52]
 [54]
 [45]
 [49]] 
------------------------ Dataset: t5i ------------------------
shape: (26, 1), dtype: uint16
Data:[[54]
 [48]
 [49]
 [53]
 [46]
 [54]
 [51]
 [55]
 [55]
 [53]
 [45]
 [48]
 [32]
 [54]
 [48]
 [49]
 [53]
 [46]
 [54]
 [51]
 [51]
 [55]
 [51]
 [55]
 [45]
 [49]] 
------------------------ Dataset: t5j ------------------------
shape: (13, 1), dtype: uint16
Data:[[54]
 [48]
 [51]
 [49]
 [46]
 [52]
 [55]
 [51]
 [54]
 [54]
 [54]
 [45]
 [49]] 
------------------------ Dataset: t5k ------------------------
shape: (33, 1), dtype: uint16
Data:[[54]
 [48]
 [52]
 [55]
 [46]
 [48]
 [54]
 [54]
 [50]
 [50]
 [57]
 [57]
 [57]
 [57]
 [57]
 [57]
 [57]
 [45]
 [48]
 [32]
 [54]
 [48]
 [52]
 [55]
 [46]
 [48]
 [54]
 [49]
 [56]
 [48]
 [57]
 [45]
 [49]] 
------------------------ Dataset: t5l ------------------------
shape: (27, 1), dtype: uint16
Data:[[54]
 [48]
 [54]
 [50]
 [46]
 [57]
 [52]
 [48]
 [51]
 [52]
 [50]
 [45]
 [48]
 [32]
 [54]
 [48]
 [54]
 [50]
 [46]
 [57]
 [51]
 [53]
 [48]
 [48]
 [55]
 [45]
 [49]] 
------------------------ Dataset: t5m ------------------------
shape: (33, 1), dtype: uint16
Data:[[54]
 [48]
 [55]
 [56]
 [46]
 [55]
 [57]
 [51]
 [57]
 [54]
 [53]
 [57]
 [57]
 [57]
 [57]
 [57]
 [57]
 [45]
 [48]
 [32]
 [54]
 [48]
 [55]
 [56]
 [46]
 [55]
 [56]
 [57]
 [57]
 [51]
 [56]
 [45]
 [49]] 
------------------------ Dataset: t5n ------------------------
shape: (27, 1), dtype: uint16
Data:[[53]
 [54]
 [51]
 [57]
 [46]
 [54]
 [48]
 [53]
 [54]
 [54]
 [57]
 [45]
 [48]
 [32]
 [53]
 [54]
 [51]
 [57]
 [46]
 [54]
 [48]
 [57]
 [54]
 [52]
 [53]
 [45]
 [49]] 
------------------------ Dataset: t5o ------------------------
shape: (39, 1), dtype: uint16
Data:[[53]
 [54]
 [53]
 [53]
 [46]
 [51]
 [51]
 [55]
 [55]
 [53]
 [49]
 [57]
 [57]
 [57]
 [57]
 [57]
 [57]
 [45]
 [48]
 [32]
 [53]
 [54]
 [53]
 [53]
 [46]
 [51]
 [51]
 [51]
 [54]
 [49]
 [54]
 [57]
 [57]
 [57]
 [57]
 [57]
 [57]
 [45]
 [49]] 
------------------------ Dataset: t5p ------------------------
shape: (34, 1), dtype: uint16
Data:[[53]
 [54]
 [55]
 [49]
 [46]
 [48]
 [52]
 [57]
 [54]
 [56]
 [48]
 [57]
 [57]
 [57]
 [57]
 [57]
 [57]
 [53]
 [45]
 [48]
 [32]
 [53]
 [54]
 [55]
 [49]
 [46]
 [48]
 [53]
 [51]
 [53]
 [55]
 [53]
 [45]
 [49]] 
------------------------ Dataset: t5q ------------------------
shape: (27, 1), dtype: uint16
Data:[[53]
 [54]
 [56]
 [54]
 [46]
 [56]
 [52]
 [49]
 [54]
 [49]
 [55]
 [45]
 [48]
 [32]
 [53]
 [54]
 [56]
 [54]
 [46]
 [56]
 [52]
 [53]
 [53]
 [56]
 [53]
 [45]
 [49]] 
------------------------ Dataset: t5r ------------------------
shape: (27, 1), dtype: uint16
Data:[[53]
 [56]
 [49]
 [51]
 [46]
 [48]
 [57]
 [49]
 [56]
 [55]
 [57]
 [45]
 [48]
 [32]
 [53]
 [56]
 [49]
 [51]
 [46]
 [48]
 [56]
 [57]
 [48]
 [55]
 [56]
 [45]
 [49]] 
------------------------ Dataset: t5s ------------------------
shape: (33, 1), dtype: uint16
Data:[[54]
 [54]
 [48]
 [50]
 [46]
 [49]
 [51]
 [48]
 [49]
 [52]
 [50]
 [45]
 [48]
 [32]
 [54]
 [54]
 [48]
 [50]
 [46]
 [49]
 [51]
 [52]
 [48]
 [55]
 [53]
 [57]
 [57]
 [57]
 [57]
 [57]
 [57]
 [45]
 [49]] 
------------------------ Dataset: t5t ------------------------
shape: (27, 1), dtype: uint16
Data:[[54]
 [54]
 [49]
 [56]
 [46]
 [48]
 [55]
 [52]
 [50]
 [52]
 [55]
 [45]
 [48]
 [32]
 [54]
 [54]
 [49]
 [56]
 [46]
 [48]
 [55]
 [50]
 [54]
 [54]
 [50]
 [45]
 [49]] 
------------------------ Dataset: t5u ------------------------
shape: (27, 1), dtype: uint16
Data:[[54]
 [54]
 [51]
 [51]
 [46]
 [57]
 [53]
 [56]
 [49]
 [54]
 [50]
 [45]
 [48]
 [32]
 [54]
 [54]
 [51]
 [51]
 [46]
 [57]
 [53]
 [48]
 [54]
 [48]
 [56]
 [45]
 [49]] 
------------------------ Dataset: t5v ------------------------
shape: (31, 1), dtype: uint16
Data:[[54]
 [54]
 [52]
 [57]
 [46]
 [53]
 [54]
 [56]
 [50]
 [45]
 [48]
 [32]
 [54]
 [54]
 [52]
 [57]
 [46]
 [53]
 [54]
 [55]
 [57]
 [50]
 [57]
 [57]
 [57]
 [57]
 [57]
 [57]
 [57]
 [45]
 [49]] 
------------------------ Dataset: t5w ------------------------
shape: (27, 1), dtype: uint16
Data:[[54]
 [54]
 [54]
 [53]
 [46]
 [52]
 [49]
 [52]
 [50]
 [48]
 [49]
 [45]
 [48]
 [32]
 [54]
 [54]
 [54]
 [53]
 [46]
 [52]
 [49]
 [56]
 [49]
 [53]
 [49]
 [45]
 [49]] 
------------------------ Dataset: t5x ------------------------
shape: (40, 1), dtype: uint16
Data:[[54]
 [54]
 [56]
 [49]
 [46]
 [51]
 [53]
 [56]
 [51]
 [49]
 [57]
 [57]
 [57]
 [57]
 [57]
 [57]
 [57]
 [45]
 [48]
 [32]
 [54]
 [54]
 [56]
 [49]
 [46]
 [51]
 [54]
 [50]
 [49]
 [57]
 [54]
 [57]
 [57]
 [57]
 [57]
 [57]
 [57]
 [53]
 [45]
 [49]] 
------------------------ Dataset: t5y ------------------------
shape: (33, 1), dtype: uint16
Data:[[53]
 [56]
 [57]
 [57]
 [46]
 [50]
 [55]
 [51]
 [57]
 [49]
 [56]
 [57]
 [57]
 [57]
 [57]
 [57]
 [57]
 [45]
 [48]
 [32]
 [53]
 [56]
 [57]
 [57]
 [46]
 [50]
 [55]
 [55]
 [55]
 [54]
 [53]
 [45]
 [49]] 
------------------------ Dataset: t5z ------------------------
shape: (39, 1), dtype: uint16
Data:[[53]
 [57]
 [49]
 [53]
 [46]
 [49]
 [51]
 [56]
 [52]
 [53]
 [55]
 [57]
 [57]
 [57]
 [57]
 [57]
 [57]
 [45]
 [48]
 [32]
 [53]
 [57]
 [49]
 [53]
 [46]
 [49]
 [52]
 [50]
 [48]
 [48]
 [56]
 [57]
 [57]
 [57]
 [57]
 [57]
 [57]
 [45]
 [49]] 
------------------------ Dataset: t6 ------------------------
shape: (34, 1), dtype: uint16
Data:[[54]
 [55]
 [54]
 [51]
 [46]
 [51]
 [49]
 [57]
 [57]
 [57]
 [51]
 [45]
 [48]
 [32]
 [54]
 [55]
 [54]
 [51]
 [46]
 [51]
 [49]
 [52]
 [49]
 [50]
 [51]
 [57]
 [57]
 [57]
 [57]
 [57]
 [57]
 [53]
 [45]
 [49]] 
------------------------ Dataset: t6b ------------------------
shape: (27, 1), dtype: uint16
Data:[[54]
 [55]
 [55]
 [57]
 [46]
 [49]
 [51]
 [56]
 [49]
 [53]
 [49]
 [45]
 [48]
 [32]
 [54]
 [55]
 [55]
 [57]
 [46]
 [49]
 [51]
 [56]
 [49]
 [57]
 [57]
 [45]
 [49]] 
------------------------ Dataset: t6c ------------------------
shape: (27, 1), dtype: uint16
Data:[[54]
 [50]
 [57]
 [49]
 [46]
 [57]
 [48]
 [53]
 [57]
 [54]
 [55]
 [45]
 [48]
 [32]
 [54]
 [50]
 [57]
 [49]
 [46]
 [57]
 [48]
 [57]
 [56]
 [54]
 [54]
 [45]
 [49]] 
------------------------ Dataset: t6d ------------------------
shape: (26, 1), dtype: uint16
Data:[[54]
 [51]
 [48]
 [55]
 [46]
 [55]
 [51]
 [49]
 [49]
 [51]
 [49]
 [45]
 [48]
 [32]
 [54]
 [51]
 [48]
 [55]
 [46]
 [55]
 [51]
 [52]
 [52]
 [56]
 [45]
 [49]] 
------------------------ Dataset: t6e ------------------------
shape: (27, 1), dtype: uint16
Data:[[54]
 [51]
 [50]
 [51]
 [46]
 [53]
 [53]
 [52]
 [56]
 [51]
 [56]
 [45]
 [48]
 [32]
 [54]
 [51]
 [50]
 [51]
 [46]
 [53]
 [53]
 [56]
 [52]
 [48]
 [53]
 [45]
 [49]] 
------------------------ Dataset: t6f ------------------------
shape: (27, 1), dtype: uint16
Data:[[54]
 [51]
 [51]
 [57]
 [46]
 [52]
 [48]
 [57]
 [57]
 [49]
 [52]
 [45]
 [48]
 [32]
 [54]
 [51]
 [51]
 [57]
 [46]
 [52]
 [49]
 [51]
 [57]
 [52]
 [49]
 [45]
 [49]] 
------------------------ Dataset: t6g ------------------------
shape: (41, 1), dtype: uint16
Data:[[54]
 [53]
 [48]
 [52]
 [46]
 [53]
 [49]
 [56]
 [48]
 [50]
 [55]
 [57]
 [57]
 [57]
 [57]
 [57]
 [57]
 [53]
 [45]
 [48]
 [32]
 [54]
 [53]
 [48]
 [52]
 [46]
 [53]
 [49]
 [52]
 [48]
 [51]
 [50]
 [57]
 [57]
 [57]
 [57]
 [57]
 [57]
 [53]
 [45]
 [49]] 
------------------------ Dataset: t6h ------------------------
shape: (27, 1), dtype: uint16
Data:[[54]
 [53]
 [50]
 [48]
 [46]
 [51]
 [50]
 [53]
 [57]
 [56]
 [51]
 [45]
 [48]
 [32]
 [54]
 [53]
 [50]
 [48]
 [46]
 [51]
 [50]
 [49]
 [57]
 [51]
 [55]
 [45]
 [49]] 
------------------------ Dataset: t6i ------------------------
shape: (26, 1), dtype: uint16
Data:[[54]
 [48]
 [49]
 [53]
 [46]
 [56]
 [56]
 [57]
 [55]
 [53]
 [57]
 [45]
 [48]
 [32]
 [54]
 [48]
 [49]
 [53]
 [46]
 [56]
 [56]
 [53]
 [56]
 [49]
 [45]
 [49]] 
------------------------ Dataset: t6j ------------------------
shape: (40, 1), dtype: uint16
Data:[[54]
 [48]
 [51]
 [49]
 [46]
 [55]
 [51]
 [48]
 [52]
 [48]
 [55]
 [57]
 [57]
 [57]
 [57]
 [57]
 [57]
 [45]
 [48]
 [32]
 [54]
 [48]
 [51]
 [49]
 [46]
 [55]
 [51]
 [51]
 [50]
 [53]
 [53]
 [57]
 [57]
 [57]
 [57]
 [57]
 [57]
 [53]
 [45]
 [49]] 
------------------------ Dataset: t6k ------------------------
shape: (25, 1), dtype: uint16
Data:[[54]
 [48]
 [52]
 [55]
 [46]
 [51]
 [49]
 [55]
 [56]
 [48]
 [53]
 [45]
 [48]
 [32]
 [54]
 [48]
 [52]
 [55]
 [46]
 [51]
 [49]
 [51]
 [56]
 [45]
 [49]] 
------------------------ Dataset: t6l ------------------------
shape: (27, 1), dtype: uint16
Data:[[54]
 [48]
 [54]
 [51]
 [46]
 [49]
 [56]
 [57]
 [55]
 [56]
 [49]
 [45]
 [48]
 [32]
 [54]
 [48]
 [54]
 [51]
 [46]
 [49]
 [57]
 [51]
 [55]
 [52]
 [54]
 [45]
 [49]] 
------------------------ Dataset: t6m ------------------------
shape: (27, 1), dtype: uint16
Data:[[54]
 [48]
 [55]
 [57]
 [46]
 [48]
 [53]
 [51]
 [55]
 [51]
 [57]
 [45]
 [48]
 [32]
 [54]
 [48]
 [55]
 [57]
 [46]
 [48]
 [53]
 [55]
 [55]
 [49]
 [55]
 [45]
 [49]] 
------------------------ Dataset: t6n ------------------------
shape: (33, 1), dtype: uint16
Data:[[53]
 [54]
 [51]
 [57]
 [46]
 [56]
 [54]
 [49]
 [54]
 [57]
 [56]
 [45]
 [48]
 [32]
 [53]
 [54]
 [51]
 [57]
 [46]
 [56]
 [53]
 [55]
 [54]
 [57]
 [51]
 [57]
 [57]
 [57]
 [57]
 [57]
 [57]
 [45]
 [49]] 
------------------------ Dataset: t6o ------------------------
shape: (27, 1), dtype: uint16
Data:[[53]
 [54]
 [53]
 [53]
 [46]
 [53]
 [57]
 [55]
 [55]
 [55]
 [57]
 [45]
 [48]
 [32]
 [53]
 [54]
 [53]
 [53]
 [46]
 [53]
 [57]
 [51]
 [53]
 [54]
 [55]
 [45]
 [49]] 
------------------------ Dataset: t6p ------------------------
shape: (32, 1), dtype: uint16
Data:[[53]
 [54]
 [55]
 [49]
 [46]
 [51]
 [49]
 [51]
 [53]
 [56]
 [53]
 [57]
 [57]
 [57]
 [57]
 [57]
 [57]
 [45]
 [48]
 [32]
 [53]
 [54]
 [55]
 [49]
 [46]
 [51]
 [49]
 [51]
 [54]
 [53]
 [45]
 [49]] 
------------------------ Dataset: t6q ------------------------
shape: (26, 1), dtype: uint16
Data:[[53]
 [54]
 [56]
 [55]
 [46]
 [48]
 [56]
 [57]
 [53]
 [54]
 [52]
 [45]
 [48]
 [32]
 [53]
 [54]
 [56]
 [55]
 [46]
 [48]
 [57]
 [51]
 [54]
 [53]
 [45]
 [49]] 
------------------------ Dataset: t6r ------------------------
shape: (33, 1), dtype: uint16
Data:[[53]
 [56]
 [49]
 [51]
 [46]
 [51]
 [51]
 [55]
 [57]
 [55]
 [49]
 [57]
 [57]
 [57]
 [57]
 [57]
 [57]
 [45]
 [48]
 [32]
 [53]
 [56]
 [49]
 [51]
 [46]
 [51]
 [51]
 [51]
 [54]
 [55]
 [55]
 [45]
 [49]] 
------------------------ Dataset: t6s ------------------------
shape: (33, 1), dtype: uint16
Data:[[54]
 [54]
 [48]
 [50]
 [46]
 [51]
 [55]
 [56]
 [49]
 [54]
 [57]
 [45]
 [48]
 [32]
 [54]
 [54]
 [48]
 [50]
 [46]
 [51]
 [56]
 [50]
 [48]
 [55]
 [49]
 [57]
 [57]
 [57]
 [57]
 [57]
 [57]
 [45]
 [49]] 
------------------------ Dataset: t6t ------------------------
shape: (27, 1), dtype: uint16
Data:[[54]
 [54]
 [49]
 [56]
 [46]
 [51]
 [53]
 [48]
 [57]
 [53]
 [56]
 [45]
 [48]
 [32]
 [54]
 [54]
 [49]
 [56]
 [46]
 [51]
 [53]
 [52]
 [52]
 [55]
 [52]
 [45]
 [49]] 
------------------------ Dataset: t6u ------------------------
shape: (26, 1), dtype: uint16
Data:[[54]
 [54]
 [51]
 [52]
 [46]
 [50]
 [48]
 [50]
 [50]
 [53]
 [54]
 [45]
 [48]
 [32]
 [54]
 [54]
 [51]
 [52]
 [46]
 [50]
 [49]
 [48]
 [48]
 [52]
 [45]
 [49]] 
------------------------ Dataset: t6v ------------------------
shape: (26, 1), dtype: uint16
Data:[[54]
 [54]
 [52]
 [57]
 [46]
 [56]
 [49]
 [56]
 [48]
 [54]
 [57]
 [45]
 [48]
 [32]
 [54]
 [54]
 [52]
 [57]
 [46]
 [56]
 [50]
 [50]
 [48]
 [56]
 [45]
 [49]] 
------------------------ Dataset: t6w ------------------------
shape: (34, 1), dtype: uint16
Data:[[54]
 [54]
 [54]
 [53]
 [46]
 [54]
 [54]
 [54]
 [51]
 [52]
 [49]
 [57]
 [57]
 [57]
 [57]
 [57]
 [57]
 [53]
 [45]
 [48]
 [32]
 [54]
 [54]
 [54]
 [53]
 [46]
 [54]
 [55]
 [48]
 [48]
 [53]
 [54]
 [45]
 [49]] 
------------------------ Dataset: t6x ------------------------
shape: (26, 1), dtype: uint16
Data:[[54]
 [54]
 [56]
 [49]
 [46]
 [54]
 [49]
 [56]
 [48]
 [57]
 [53]
 [45]
 [48]
 [32]
 [54]
 [54]
 [56]
 [49]
 [46]
 [54]
 [49]
 [52]
 [48]
 [57]
 [45]
 [49]] 
------------------------ Dataset: t6y ------------------------
shape: (33, 1), dtype: uint16
Data:[[53]
 [56]
 [57]
 [57]
 [46]
 [53]
 [50]
 [53]
 [56]
 [52]
 [55]
 [57]
 [57]
 [57]
 [57]
 [57]
 [57]
 [45]
 [48]
 [32]
 [53]
 [56]
 [57]
 [57]
 [46]
 [53]
 [51]
 [48]
 [48]
 [53]
 [50]
 [45]
 [49]] 
------------------------ Dataset: t6z ------------------------
shape: (27, 1), dtype: uint16
Data:[[53]
 [57]
 [49]
 [53]
 [46]
 [52]
 [48]
 [50]
 [51]
 [55]
 [50]
 [45]
 [48]
 [32]
 [53]
 [57]
 [49]
 [53]
 [46]
 [52]
 [48]
 [51]
 [49]
 [48]
 [57]
 [45]
 [49]] 
------------------------ Dataset: t7 ------------------------
shape: (33, 1), dtype: uint16
Data:[[54]
 [55]
 [54]
 [51]
 [46]
 [53]
 [54]
 [54]
 [50]
 [54]
 [54]
 [45]
 [48]
 [32]
 [54]
 [55]
 [54]
 [51]
 [46]
 [53]
 [54]
 [50]
 [50]
 [54]
 [54]
 [57]
 [57]
 [57]
 [57]
 [57]
 [57]
 [45]
 [49]] 
------------------------ Dataset: t7b ------------------------
shape: (27, 1), dtype: uint16
Data:[[54]
 [55]
 [55]
 [57]
 [46]
 [51]
 [57]
 [56]
 [52]
 [51]
 [49]
 [45]
 [48]
 [32]
 [54]
 [55]
 [55]
 [57]
 [46]
 [52]
 [48]
 [50]
 [49]
 [56]
 [56]
 [45]
 [49]] 
------------------------ Dataset: t7c ------------------------
shape: (39, 1), dtype: uint16
Data:[[54]
 [50]
 [57]
 [50]
 [46]
 [49]
 [53]
 [57]
 [54]
 [55]
 [56]
 [57]
 [57]
 [57]
 [57]
 [57]
 [57]
 [45]
 [48]
 [32]
 [54]
 [50]
 [57]
 [50]
 [46]
 [49]
 [54]
 [52]
 [51]
 [52]
 [52]
 [57]
 [57]
 [57]
 [57]
 [57]
 [57]
 [45]
 [49]] 
------------------------ Dataset: t7d ------------------------
shape: (26, 1), dtype: uint16
Data:[[54]
 [51]
 [48]
 [55]
 [46]
 [57]
 [56]
 [50]
 [48]
 [49]
 [45]
 [48]
 [32]
 [54]
 [51]
 [48]
 [55]
 [46]
 [57]
 [56]
 [53]
 [56]
 [57]
 [50]
 [45]
 [49]] 
------------------------ Dataset: t7e ------------------------
shape: (27, 1), dtype: uint16
Data:[[54]
 [51]
 [50]
 [51]
 [46]
 [56]
 [48]
 [57]
 [57]
 [55]
 [52]
 [45]
 [48]
 [32]
 [54]
 [51]
 [50]
 [51]
 [46]
 [56]
 [48]
 [54]
 [49]
 [48]
 [53]
 [45]
 [49]] 
------------------------ Dataset: t7f ------------------------
shape: (27, 1), dtype: uint16
Data:[[54]
 [51]
 [51]
 [57]
 [46]
 [54]
 [53]
 [55]
 [57]
 [50]
 [49]
 [45]
 [48]
 [32]
 [54]
 [51]
 [51]
 [57]
 [46]
 [54]
 [54]
 [49]
 [57]
 [50]
 [55]
 [45]
 [49]] 
------------------------ Dataset: t7g ------------------------
shape: (40, 1), dtype: uint16
Data:[[54]
 [53]
 [48]
 [52]
 [46]
 [55]
 [54]
 [54]
 [56]
 [49]
 [56]
 [57]
 [57]
 [57]
 [57]
 [57]
 [57]
 [53]
 [45]
 [48]
 [32]
 [54]
 [53]
 [48]
 [52]
 [46]
 [55]
 [54]
 [55]
 [49]
 [51]
 [55]
 [57]
 [57]
 [57]
 [57]
 [57]
 [57]
 [45]
 [49]] 
------------------------ Dataset: t7h ------------------------
shape: (27, 1), dtype: uint16
Data:[[54]
 [53]
 [50]
 [48]
 [46]
 [53]
 [56]
 [50]
 [50]
 [53]
 [51]
 [45]
 [48]
 [32]
 [54]
 [53]
 [50]
 [48]
 [46]
 [53]
 [55]
 [57]
 [48]
 [57]
 [50]
 [45]
 [49]] 
------------------------ Dataset: t7i ------------------------
shape: (40, 1), dtype: uint16
Data:[[54]
 [48]
 [49]
 [54]
 [46]
 [49]
 [52]
 [53]
 [57]
 [48]
 [52]
 [57]
 [57]
 [57]
 [57]
 [57]
 [57]
 [45]
 [48]
 [32]
 [54]
 [48]
 [49]
 [54]
 [46]
 [49]
 [52]
 [49]
 [57]
 [50]
 [48]
 [57]
 [57]
 [57]
 [57]
 [57]
 [57]
 [53]
 [45]
 [49]] 
------------------------ Dataset: t7j ------------------------
shape: (33, 1), dtype: uint16
Data:[[54]
 [48]
 [51]
 [49]
 [46]
 [57]
 [55]
 [55]
 [55]
 [50]
 [54]
 [45]
 [48]
 [32]
 [54]
 [48]
 [51]
 [49]
 [46]
 [57]
 [55]
 [51]
 [55]
 [54]
 [48]
 [57]
 [57]
 [57]
 [57]
 [57]
 [57]
 [45]
 [49]] 
------------------------ Dataset: t7k ------------------------
shape: (27, 1), dtype: uint16
Data:[[54]
 [48]
 [52]
 [55]
 [46]
 [53]
 [54]
 [53]
 [55]
 [56]
 [53]
 [45]
 [48]
 [32]
 [54]
 [48]
 [52]
 [55]
 [46]
 [53]
 [54]
 [53]
 [55]
 [56]
 [53]
 [45]
 [49]] 
------------------------ Dataset: t7l ------------------------
shape: (32, 1), dtype: uint16
Data:[[54]
 [48]
 [54]
 [51]
 [46]
 [52]
 [53]
 [51]
 [55]
 [57]
 [49]
 [57]
 [57]
 [57]
 [57]
 [57]
 [57]
 [45]
 [48]
 [32]
 [54]
 [48]
 [54]
 [51]
 [46]
 [52]
 [52]
 [55]
 [52]
 [57]
 [45]
 [49]] 
------------------------ Dataset: t7m ------------------------
shape: (26, 1), dtype: uint16
Data:[[54]
 [48]
 [55]
 [57]
 [46]
 [51]
 [50]
 [49]
 [50]
 [49]
 [52]
 [45]
 [48]
 [32]
 [54]
 [48]
 [55]
 [57]
 [46]
 [51]
 [50]
 [50]
 [51]
 [49]
 [45]
 [49]] 
------------------------ Dataset: t7n ------------------------
shape: (27, 1), dtype: uint16
Data:[[53]
 [54]
 [52]
 [48]
 [46]
 [49]
 [49]
 [56]
 [50]
 [53]
 [57]
 [45]
 [48]
 [32]
 [53]
 [54]
 [52]
 [48]
 [46]
 [49]
 [50]
 [54]
 [50]
 [49]
 [49]
 [45]
 [49]] 
------------------------ Dataset: t7o ------------------------
shape: (27, 1), dtype: uint16
Data:[[53]
 [54]
 [53]
 [53]
 [46]
 [56]
 [53]
 [51]
 [55]
 [54]
 [56]
 [45]
 [48]
 [32]
 [53]
 [54]
 [53]
 [53]
 [46]
 [56]
 [53]
 [51]
 [55]
 [55]
 [53]
 [45]
 [49]] 
------------------------ Dataset: t7p ------------------------
shape: (33, 1), dtype: uint16
Data:[[53]
 [54]
 [55]
 [49]
 [46]
 [53]
 [55]
 [51]
 [54]
 [50]
 [52]
 [45]
 [48]
 [32]
 [53]
 [54]
 [55]
 [49]
 [46]
 [53]
 [54]
 [57]
 [54]
 [50]
 [50]
 [57]
 [57]
 [57]
 [57]
 [57]
 [57]
 [45]
 [49]] 
------------------------ Dataset: t7q ------------------------
shape: (27, 1), dtype: uint16
Data:[[53]
 [54]
 [56]
 [55]
 [46]
 [51]
 [52]
 [57]
 [55]
 [49]
 [54]
 [45]
 [48]
 [32]
 [53]
 [54]
 [56]
 [55]
 [46]
 [51]
 [52]
 [54]
 [53]
 [55]
 [56]
 [45]
 [49]] 
------------------------ Dataset: t7r ------------------------
shape: (27, 1), dtype: uint16
Data:[[53]
 [56]
 [49]
 [51]
 [46]
 [53]
 [56]
 [57]
 [54]
 [48]
 [57]
 [45]
 [48]
 [32]
 [53]
 [56]
 [49]
 [51]
 [46]
 [53]
 [56]
 [54]
 [49]
 [48]
 [54]
 [45]
 [49]] 
------------------------ Dataset: t7s ------------------------
shape: (27, 1), dtype: uint16
Data:[[54]
 [54]
 [48]
 [50]
 [46]
 [54]
 [51]
 [49]
 [50]
 [51]
 [53]
 [45]
 [48]
 [32]
 [54]
 [54]
 [48]
 [50]
 [46]
 [54]
 [51]
 [54]
 [48]
 [48]
 [51]
 [45]
 [49]] 
------------------------ Dataset: t7t ------------------------
shape: (33, 1), dtype: uint16
Data:[[54]
 [54]
 [49]
 [56]
 [46]
 [53]
 [57]
 [56]
 [48]
 [50]
 [52]
 [57]
 [57]
 [57]
 [57]
 [57]
 [57]
 [45]
 [48]
 [32]
 [54]
 [54]
 [49]
 [56]
 [46]
 [54]
 [48]
 [50]
 [49]
 [50]
 [51]
 [45]
 [49]] 
------------------------ Dataset: t7u ------------------------
shape: (27, 1), dtype: uint16
Data:[[54]
 [54]
 [51]
 [52]
 [46]
 [52]
 [53]
 [52]
 [50]
 [48]
 [50]
 [45]
 [48]
 [32]
 [54]
 [54]
 [51]
 [52]
 [46]
 [52]
 [53]
 [56]
 [49]
 [56]
 [54]
 [45]
 [49]] 
------------------------ Dataset: t7v ------------------------
shape: (27, 1), dtype: uint16
Data:[[54]
 [54]
 [53]
 [48]
 [46]
 [48]
 [54]
 [54]
 [50]
 [50]
 [51]
 [45]
 [48]
 [32]
 [54]
 [54]
 [53]
 [48]
 [46]
 [48]
 [55]
 [48]
 [48]
 [55]
 [53]
 [45]
 [49]] 
------------------------ Dataset: t7w ------------------------
shape: (33, 1), dtype: uint16
Data:[[54]
 [54]
 [54]
 [53]
 [46]
 [57]
 [49]
 [52]
 [49]
 [49]
 [51]
 [57]
 [57]
 [57]
 [57]
 [57]
 [57]
 [45]
 [48]
 [32]
 [54]
 [54]
 [54]
 [53]
 [46]
 [57]
 [49]
 [56]
 [48]
 [54]
 [50]
 [45]
 [49]] 
------------------------ Dataset: t7x ------------------------
shape: (34, 1), dtype: uint16
Data:[[54]
 [54]
 [56]
 [49]
 [46]
 [56]
 [54]
 [54]
 [56]
 [48]
 [51]
 [45]
 [48]
 [32]
 [54]
 [54]
 [56]
 [49]
 [46]
 [56]
 [54]
 [50]
 [49]
 [50]
 [57]
 [57]
 [57]
 [57]
 [57]
 [57]
 [57]
 [53]
 [45]
 [49]] 
------------------------ Dataset: t7y ------------------------
shape: (40, 1), dtype: uint16
Data:[[53]
 [56]
 [57]
 [57]
 [46]
 [55]
 [57]
 [48]
 [49]
 [50]
 [49]
 [57]
 [57]
 [57]
 [57]
 [57]
 [57]
 [45]
 [48]
 [32]
 [53]
 [56]
 [57]
 [57]
 [46]
 [55]
 [56]
 [54]
 [54]
 [50]
 [54]
 [57]
 [57]
 [57]
 [57]
 [57]
 [57]
 [53]
 [45]
 [49]] 
------------------------ Dataset: t7z ------------------------
shape: (27, 1), dtype: uint16
Data:[[53]
 [57]
 [49]
 [53]
 [46]
 [54]
 [53]
 [51]
 [55]
 [52]
 [53]
 [45]
 [48]
 [32]
 [53]
 [57]
 [49]
 [53]
 [46]
 [54]
 [53]
 [55]
 [55]
 [56]
 [57]
 [45]
 [49]] 
------------------------ Dataset: t8 ------------------------
shape: (33, 1), dtype: uint16
Data:[[54]
 [55]
 [54]
 [51]
 [46]
 [56]
 [50]
 [54]
 [49]
 [51]
 [55]
 [45]
 [48]
 [32]
 [54]
 [55]
 [54]
 [51]
 [46]
 [56]
 [50]
 [50]
 [48]
 [56]
 [48]
 [57]
 [57]
 [57]
 [57]
 [57]
 [57]
 [45]
 [49]] 
------------------------ Dataset: t8b ------------------------
shape: (33, 1), dtype: uint16
Data:[[54]
 [55]
 [55]
 [57]
 [46]
 [54]
 [54]
 [54]
 [49]
 [51]
 [54]
 [45]
 [48]
 [32]
 [54]
 [55]
 [55]
 [57]
 [46]
 [54]
 [54]
 [50]
 [50]
 [57]
 [55]
 [57]
 [57]
 [57]
 [57]
 [57]
 [57]
 [45]
 [49]] 
------------------------ Dataset: t8c ------------------------
shape: (27, 1), dtype: uint16
Data:[[54]
 [50]
 [57]
 [50]
 [46]
 [52]
 [49]
 [52]
 [57]
 [49]
 [51]
 [45]
 [48]
 [32]
 [54]
 [50]
 [57]
 [50]
 [46]
 [52]
 [50]
 [48]
 [52]
 [49]
 [54]
 [45]
 [49]] 
------------------------ Dataset: t8d ------------------------
shape: (13, 1), dtype: uint16
Data:[[54]
 [51]
 [48]
 [56]
 [46]
 [50]
 [51]
 [51]
 [57]
 [51]
 [54]
 [45]
 [49]] 
------------------------ Dataset: t8e ------------------------
shape: (33, 1), dtype: uint16
Data:[[54]
 [51]
 [50]
 [52]
 [46]
 [48]
 [54]
 [55]
 [51]
 [49]
 [54]
 [45]
 [48]
 [32]
 [54]
 [51]
 [50]
 [52]
 [46]
 [48]
 [54]
 [54]
 [52]
 [53]
 [52]
 [57]
 [57]
 [57]
 [57]
 [57]
 [57]
 [45]
 [49]] 
------------------------ Dataset: t8f ------------------------
shape: (33, 1), dtype: uint16
Data:[[54]
 [51]
 [51]
 [57]
 [46]
 [57]
 [50]
 [54]
 [49]
 [54]
 [51]
 [45]
 [48]
 [32]
 [54]
 [51]
 [51]
 [57]
 [46]
 [57]
 [50]
 [52]
 [48]
 [53]
 [49]
 [57]
 [57]
 [57]
 [57]
 [57]
 [57]
 [45]
 [49]] 
------------------------ Dataset: t8g ------------------------
shape: (34, 1), dtype: uint16
Data:[[54]
 [53]
 [48]
 [53]
 [46]
 [48]
 [49]
 [56]
 [48]
 [48]
 [48]
 [57]
 [57]
 [57]
 [57]
 [57]
 [57]
 [53]
 [45]
 [48]
 [32]
 [54]
 [53]
 [48]
 [53]
 [46]
 [48]
 [49]
 [52]
 [53]
 [51]
 [52]
 [45]
 [49]] 
------------------------ Dataset: t8h ------------------------
shape: (40, 1), dtype: uint16
Data:[[54]
 [53]
 [50]
 [48]
 [46]
 [56]
 [51]
 [56]
 [55]
 [51]
 [55]
 [57]
 [57]
 [57]
 [57]
 [57]
 [57]
 [53]
 [45]
 [48]
 [32]
 [54]
 [53]
 [50]
 [48]
 [46]
 [56]
 [52]
 [51]
 [54]
 [48]
 [55]
 [57]
 [57]
 [57]
 [57]
 [57]
 [57]
 [45]
 [49]] 
------------------------ Dataset: t8i ------------------------
shape: (34, 1), dtype: uint16
Data:[[54]
 [48]
 [49]
 [54]
 [46]
 [51]
 [57]
 [56]
 [50]
 [51]
 [57]
 [57]
 [57]
 [57]
 [57]
 [57]
 [57]
 [53]
 [45]
 [48]
 [32]
 [54]
 [48]
 [49]
 [54]
 [46]
 [51]
 [57]
 [51]
 [56]
 [50]
 [53]
 [45]
 [49]] 
------------------------ Dataset: t8j ------------------------
shape: (33, 1), dtype: uint16
Data:[[54]
 [48]
 [51]
 [50]
 [46]
 [50]
 [50]
 [57]
 [55]
 [53]
 [52]
 [57]
 [57]
 [57]
 [57]
 [57]
 [57]
 [45]
 [48]
 [32]
 [54]
 [48]
 [51]
 [50]
 [46]
 [50]
 [50]
 [53]
 [55]
 [54]
 [54]
 [45]
 [49]] 
------------------------ Dataset: t8k ------------------------
shape: (27, 1), dtype: uint16
Data:[[54]
 [48]
 [52]
 [55]
 [46]
 [56]
 [49]
 [55]
 [56]
 [48]
 [54]
 [45]
 [48]
 [32]
 [54]
 [48]
 [52]
 [55]
 [46]
 [56]
 [49]
 [51]
 [56]
 [53]
 [49]
 [45]
 [49]] 
------------------------ Dataset: t8l ------------------------
shape: (33, 1), dtype: uint16
Data:[[54]
 [48]
 [54]
 [51]
 [46]
 [54]
 [57]
 [55]
 [55]
 [56]
 [54]
 [45]
 [48]
 [32]
 [54]
 [48]
 [54]
 [51]
 [46]
 [55]
 [48]
 [49]
 [55]
 [56]
 [55]
 [57]
 [57]
 [57]
 [57]
 [57]
 [57]
 [45]
 [49]] 
------------------------ Dataset: t8m ------------------------
shape: (27, 1), dtype: uint16
Data:[[54]
 [48]
 [55]
 [57]
 [46]
 [53]
 [55]
 [49]
 [54]
 [54]
 [51]
 [45]
 [48]
 [32]
 [54]
 [48]
 [55]
 [57]
 [46]
 [53]
 [55]
 [54]
 [55]
 [56]
 [55]
 [45]
 [49]] 
------------------------ Dataset: t8n ------------------------
shape: (34, 1), dtype: uint16
Data:[[53]
 [54]
 [52]
 [48]
 [46]
 [51]
 [55]
 [48]
 [55]
 [56]
 [53]
 [57]
 [57]
 [57]
 [57]
 [57]
 [57]
 [53]
 [45]
 [48]
 [32]
 [53]
 [54]
 [52]
 [48]
 [46]
 [51]
 [54]
 [53]
 [54]
 [52]
 [53]
 [45]
 [49]] 
------------------------ Dataset: t8o ------------------------
shape: (27, 1), dtype: uint16
Data:[[53]
 [54]
 [53]
 [54]
 [46]
 [49]
 [49]
 [52]
 [48]
 [52]
 [54]
 [45]
 [48]
 [32]
 [53]
 [54]
 [53]
 [54]
 [46]
 [49]
 [49]
 [56]
 [51]
 [50]
 [52]
 [45]
 [49]] 
------------------------ Dataset: t8p ------------------------
shape: (33, 1), dtype: uint16
Data:[[53]
 [54]
 [55]
 [49]
 [46]
 [56]
 [50]
 [53]
 [55]
 [53]
 [55]
 [45]
 [48]
 [32]
 [53]
 [54]
 [55]
 [49]
 [46]
 [56]
 [50]
 [49]
 [53]
 [52]
 [51]
 [57]
 [57]
 [57]
 [57]
 [57]
 [57]
 [45]
 [49]] 
------------------------ Dataset: t8q ------------------------
shape: (27, 1), dtype: uint16
Data:[[53]
 [54]
 [56]
 [55]
 [46]
 [53]
 [57]
 [55]
 [55]
 [57]
 [51]
 [45]
 [48]
 [32]
 [53]
 [54]
 [56]
 [55]
 [46]
 [53]
 [57]
 [51]
 [56]
 [53]
 [53]
 [45]
 [49]] 
------------------------ Dataset: t8r ------------------------
shape: (27, 1), dtype: uint16
Data:[[53]
 [56]
 [49]
 [51]
 [46]
 [56]
 [52]
 [50]
 [52]
 [56]
 [49]
 [45]
 [48]
 [32]
 [53]
 [56]
 [49]
 [51]
 [46]
 [56]
 [53]
 [51]
 [53]
 [50]
 [49]
 [45]
 [49]] 
------------------------ Dataset: t8s ------------------------
shape: (40, 1), dtype: uint16
Data:[[54]
 [54]
 [48]
 [50]
 [46]
 [56]
 [57]
 [53]
 [51]
 [54]
 [57]
 [57]
 [57]
 [57]
 [57]
 [57]
 [57]
 [45]
 [48]
 [32]
 [54]
 [54]
 [48]
 [50]
 [46]
 [56]
 [57]
 [53]
 [51]
 [54]
 [55]
 [57]
 [57]
 [57]
 [57]
 [57]
 [57]
 [53]
 [45]
 [49]] 
------------------------ Dataset: t8t ------------------------
shape: (26, 1), dtype: uint16
Data:[[54]
 [54]
 [49]
 [56]
 [46]
 [56]
 [54]
 [56]
 [50]
 [56]
 [45]
 [48]
 [32]
 [54]
 [54]
 [49]
 [56]
 [46]
 [56]
 [55]
 [48]
 [51]
 [50]
 [55]
 [45]
 [49]] 
------------------------ Dataset: t8u ------------------------
shape: (33, 1), dtype: uint16
Data:[[54]
 [54]
 [51]
 [52]
 [46]
 [55]
 [51]
 [48]
 [50]
 [53]
 [49]
 [57]
 [57]
 [57]
 [57]
 [57]
 [57]
 [45]
 [48]
 [32]
 [54]
 [54]
 [51]
 [52]
 [46]
 [55]
 [50]
 [54]
 [51]
 [49]
 [52]
 [45]
 [49]] 
------------------------ Dataset: t8v ------------------------
shape: (33, 1), dtype: uint16
Data:[[54]
 [54]
 [53]
 [48]
 [46]
 [51]
 [50]
 [54]
 [48]
 [53]
 [49]
 [57]
 [57]
 [57]
 [57]
 [57]
 [57]
 [45]
 [48]
 [32]
 [54]
 [54]
 [53]
 [48]
 [46]
 [51]
 [51]
 [49]
 [49]
 [53]
 [51]
 [45]
 [49]] 
------------------------ Dataset: t8w ------------------------
shape: (33, 1), dtype: uint16
Data:[[54]
 [54]
 [54]
 [54]
 [46]
 [49]
 [57]
 [53]
 [48]
 [56]
 [49]
 [57]
 [57]
 [57]
 [57]
 [57]
 [57]
 [45]
 [48]
 [32]
 [54]
 [54]
 [54]
 [54]
 [46]
 [49]
 [56]
 [54]
 [49]
 [53]
 [52]
 [45]
 [49]] 
------------------------ Dataset: t8x ------------------------
shape: (27, 1), dtype: uint16
Data:[[54]
 [54]
 [56]
 [50]
 [46]
 [49]
 [50]
 [54]
 [49]
 [52]
 [55]
 [45]
 [48]
 [32]
 [54]
 [54]
 [56]
 [50]
 [46]
 [49]
 [50]
 [50]
 [48]
 [56]
 [50]
 [45]
 [49]] 
------------------------ Dataset: t8y ------------------------
shape: (33, 1), dtype: uint16
Data:[[53]
 [57]
 [48]
 [48]
 [46]
 [48]
 [52]
 [49]
 [55]
 [50]
 [53]
 [45]
 [48]
 [32]
 [53]
 [57]
 [48]
 [48]
 [46]
 [48]
 [51]
 [55]
 [56]
 [56]
 [51]
 [57]
 [57]
 [57]
 [57]
 [57]
 [57]
 [45]
 [49]] 
------------------------ Dataset: t8z ------------------------
shape: (32, 1), dtype: uint16
Data:[[53]
 [57]
 [49]
 [53]
 [46]
 [57]
 [49]
 [51]
 [54]
 [55]
 [48]
 [57]
 [57]
 [57]
 [57]
 [57]
 [57]
 [45]
 [48]
 [32]
 [53]
 [57]
 [49]
 [53]
 [46]
 [57]
 [49]
 [55]
 [54]
 [55]
 [45]
 [49]] 
------------------------ Dataset: t9 ------------------------
shape: (13, 1), dtype: uint16
Data:[[54]
 [55]
 [54]
 [52]
 [46]
 [48]
 [55]
 [48]
 [49]
 [51]
 [55]
 [45]
 [49]] 
------------------------ Dataset: t9b ------------------------
shape: (34, 1), dtype: uint16
Data:[[54]
 [55]
 [55]
 [57]
 [46]
 [57]
 [49]
 [52]
 [51]
 [51]
 [52]
 [57]
 [57]
 [57]
 [57]
 [57]
 [57]
 [53]
 [45]
 [48]
 [32]
 [54]
 [55]
 [55]
 [57]
 [46]
 [57]
 [49]
 [50]
 [50]
 [55]
 [56]
 [45]
 [49]] 
------------------------ Dataset: t9c ------------------------
shape: (39, 1), dtype: uint16
Data:[[54]
 [50]
 [57]
 [50]
 [46]
 [54]
 [54]
 [53]
 [57]
 [48]
 [48]
 [57]
 [57]
 [57]
 [57]
 [57]
 [57]
 [45]
 [48]
 [32]
 [54]
 [50]
 [57]
 [50]
 [46]
 [54]
 [54]
 [57]
 [57]
 [50]
 [55]
 [57]
 [57]
 [57]
 [57]
 [57]
 [57]
 [45]
 [49]] 
------------------------ Dataset: t9d ------------------------
shape: (33, 1), dtype: uint16
Data:[[54]
 [51]
 [48]
 [56]
 [46]
 [52]
 [56]
 [57]
 [56]
 [51]
 [57]
 [57]
 [57]
 [57]
 [57]
 [57]
 [57]
 [45]
 [48]
 [32]
 [54]
 [51]
 [48]
 [56]
 [46]
 [52]
 [56]
 [53]
 [56]
 [53]
 [50]
 [45]
 [49]] 
------------------------ Dataset: t9e ------------------------
shape: (27, 1), dtype: uint16
Data:[[54]
 [51]
 [50]
 [52]
 [46]
 [51]
 [48]
 [57]
 [57]
 [55]
 [49]
 [45]
 [48]
 [32]
 [54]
 [51]
 [50]
 [52]
 [46]
 [51]
 [48]
 [57]
 [57]
 [55]
 [54]
 [45]
 [49]] 
------------------------ Dataset: t9f ------------------------
shape: (25, 1), dtype: uint16
Data:[[54]
 [51]
 [52]
 [48]
 [46]
 [49]
 [55]
 [51]
 [57]
 [45]
 [48]
 [32]
 [54]
 [51]
 [52]
 [48]
 [46]
 [49]
 [55]
 [51]
 [57]
 [48]
 [53]
 [45]
 [49]] 
------------------------ Dataset: t9g ------------------------
shape: (33, 1), dtype: uint16
Data:[[54]
 [53]
 [48]
 [53]
 [46]
 [50]
 [55]
 [56]
 [49]
 [53]
 [48]
 [57]
 [57]
 [57]
 [57]
 [57]
 [57]
 [53]
 [45]
 [48]
 [32]
 [54]
 [53]
 [48]
 [53]
 [46]
 [50]
 [55]
 [52]
 [51]
 [52]
 [45]
 [49]] 
------------------------ Dataset: t9h ------------------------
shape: (40, 1), dtype: uint16
Data:[[54]
 [53]
 [50]
 [49]
 [46]
 [48]
 [56]
 [50]
 [48]
 [53]
 [51]
 [57]
 [57]
 [57]
 [57]
 [57]
 [57]
 [53]
 [45]
 [48]
 [32]
 [54]
 [53]
 [50]
 [49]
 [46]
 [48]
 [57]
 [48]
 [48]
 [49]
 [56]
 [57]
 [57]
 [57]
 [57]
 [57]
 [57]
 [45]
 [49]] 
------------------------ Dataset: t9i ------------------------
shape: (33, 1), dtype: uint16
Data:[[54]
 [48]
 [49]
 [54]
 [46]
 [54]
 [53]
 [52]
 [50]
 [48]
 [55]
 [45]
 [48]
 [32]
 [54]
 [48]
 [49]
 [54]
 [46]
 [54]
 [53]
 [55]
 [57]
 [57]
 [51]
 [57]
 [57]
 [57]
 [57]
 [57]
 [57]
 [45]
 [49]] 
------------------------ Dataset: t9j ------------------------
shape: (33, 1), dtype: uint16
Data:[[54]
 [48]
 [51]
 [50]
 [46]
 [52]
 [56]
 [50]
 [50]
 [48]
 [55]
 [57]
 [57]
 [57]
 [57]
 [57]
 [57]
 [45]
 [48]
 [32]
 [54]
 [48]
 [51]
 [50]
 [46]
 [52]
 [56]
 [54]
 [57]
 [56]
 [54]
 [45]
 [49]] 
------------------------ Dataset: t9k ------------------------
shape: (27, 1), dtype: uint16
Data:[[54]
 [48]
 [52]
 [56]
 [46]
 [48]
 [55]
 [54]
 [51]
 [57]
 [49]
 [45]
 [48]
 [32]
 [54]
 [48]
 [52]
 [56]
 [46]
 [48]
 [55]
 [54]
 [51]
 [57]
 [49]
 [45]
 [49]] 
------------------------ Dataset: t9l ------------------------
shape: (27, 1), dtype: uint16
Data:[[54]
 [48]
 [54]
 [51]
 [46]
 [57]
 [53]
 [51]
 [55]
 [57]
 [56]
 [45]
 [48]
 [32]
 [54]
 [48]
 [54]
 [51]
 [46]
 [57]
 [53]
 [51]
 [56]
 [48]
 [49]
 [45]
 [49]] 
------------------------ Dataset: t9m ------------------------
shape: (39, 1), dtype: uint16
Data:[[54]
 [48]
 [55]
 [57]
 [46]
 [56]
 [50]
 [54]
 [50]
 [50]
 [48]
 [57]
 [57]
 [57]
 [57]
 [57]
 [57]
 [45]
 [48]
 [32]
 [54]
 [48]
 [55]
 [57]
 [46]
 [56]
 [51]
 [51]
 [56]
 [56]
 [50]
 [57]
 [57]
 [57]
 [57]
 [57]
 [57]
 [45]
 [49]] 
------------------------ Dataset: t9n ------------------------
shape: (33, 1), dtype: uint16
Data:[[53]
 [54]
 [52]
 [48]
 [46]
 [54]
 [50]
 [57]
 [57]
 [55]
 [48]
 [57]
 [57]
 [57]
 [57]
 [57]
 [57]
 [45]
 [48]
 [32]
 [53]
 [54]
 [52]
 [48]
 [46]
 [54]
 [51]
 [51]
 [54]
 [56]
 [56]
 [45]
 [49]] 
------------------------ Dataset: t9o ------------------------
shape: (33, 1), dtype: uint16
Data:[[53]
 [54]
 [53]
 [54]
 [46]
 [51]
 [56]
 [48]
 [54]
 [56]
 [57]
 [45]
 [48]
 [32]
 [53]
 [54]
 [53]
 [54]
 [46]
 [51]
 [55]
 [49]
 [53]
 [56]
 [56]
 [57]
 [57]
 [57]
 [57]
 [57]
 [57]
 [45]
 [49]] 
------------------------ Dataset: t9p ------------------------
shape: (27, 1), dtype: uint16
Data:[[53]
 [54]
 [55]
 [50]
 [46]
 [48]
 [55]
 [51]
 [56]
 [48]
 [50]
 [45]
 [48]
 [32]
 [53]
 [54]
 [55]
 [50]
 [46]
 [48]
 [54]
 [57]
 [53]
 [57]
 [56]
 [45]
 [49]] 
------------------------ Dataset: t9q ------------------------
shape: (34, 1), dtype: uint16
Data:[[53]
 [54]
 [56]
 [55]
 [46]
 [56]
 [52]
 [57]
 [53]
 [55]
 [50]
 [57]
 [57]
 [57]
 [57]
 [57]
 [57]
 [53]
 [45]
 [48]
 [32]
 [53]
 [54]
 [56]
 [55]
 [46]
 [56]
 [52]
 [54]
 [49]
 [57]
 [57]
 [45]
 [49]] 
------------------------ Dataset: t9r ------------------------
shape: (34, 1), dtype: uint16
Data:[[53]
 [56]
 [49]
 [52]
 [46]
 [48]
 [56]
 [57]
 [54]
 [54]
 [52]
 [57]
 [57]
 [57]
 [57]
 [57]
 [57]
 [53]
 [45]
 [48]
 [32]
 [53]
 [56]
 [49]
 [52]
 [46]
 [48]
 [57]
 [52]
 [57]
 [52]
 [56]
 [45]
 [49]] 
------------------------ Dataset: t9s ------------------------
shape: (33, 1), dtype: uint16
Data:[[54]
 [54]
 [48]
 [51]
 [46]
 [49]
 [52]
 [54]
 [49]
 [49]
 [54]
 [57]
 [57]
 [57]
 [57]
 [57]
 [57]
 [45]
 [48]
 [32]
 [54]
 [54]
 [48]
 [51]
 [46]
 [49]
 [52]
 [50]
 [50]
 [57]
 [51]
 [45]
 [49]] 
------------------------ Dataset: t9t ------------------------
shape: (33, 1), dtype: uint16
Data:[[54]
 [54]
 [49]
 [57]
 [46]
 [49]
 [50]
 [50]
 [52]
 [55]
 [55]
 [57]
 [57]
 [57]
 [57]
 [57]
 [57]
 [45]
 [48]
 [32]
 [54]
 [54]
 [49]
 [57]
 [46]
 [49]
 [50]
 [54]
 [51]
 [57]
 [51]
 [45]
 [49]] 
------------------------ Dataset: t9u ------------------------
shape: (26, 1), dtype: uint16
Data:[[54]
 [54]
 [51]
 [53]
 [46]
 [48]
 [48]
 [55]
 [54]
 [52]
 [56]
 [45]
 [48]
 [32]
 [54]
 [54]
 [51]
 [52]
 [46]
 [57]
 [57]
 [54]
 [56]
 [56]
 [45]
 [49]] 
------------------------ Dataset: t9v ------------------------
shape: (27, 1), dtype: uint16
Data:[[54]
 [54]
 [53]
 [48]
 [46]
 [53]
 [56]
 [50]
 [56]
 [51]
 [54]
 [45]
 [48]
 [32]
 [54]
 [54]
 [53]
 [48]
 [46]
 [53]
 [56]
 [50]
 [56]
 [51]
 [54]
 [45]
 [49]] 
------------------------ Dataset: t9w ------------------------
shape: (26, 1), dtype: uint16
Data:[[54]
 [54]
 [54]
 [54]
 [46]
 [52]
 [51]
 [56]
 [50]
 [52]
 [54]
 [45]
 [48]
 [32]
 [54]
 [54]
 [54]
 [54]
 [46]
 [52]
 [51]
 [52]
 [54]
 [50]
 [45]
 [49]] 
------------------------ Dataset: t9x ------------------------
shape: (27, 1), dtype: uint16
Data:[[54]
 [54]
 [56]
 [50]
 [46]
 [51]
 [56]
 [52]
 [57]
 [53]
 [49]
 [45]
 [48]
 [32]
 [54]
 [54]
 [56]
 [50]
 [46]
 [51]
 [57]
 [50]
 [54]
 [57]
 [53]
 [45]
 [49]] 
------------------------ Dataset: t9y ------------------------
shape: (33, 1), dtype: uint16
Data:[[53]
 [57]
 [48]
 [48]
 [46]
 [50]
 [57]
 [48]
 [49]
 [53]
 [56]
 [57]
 [57]
 [57]
 [57]
 [57]
 [57]
 [45]
 [48]
 [32]
 [53]
 [57]
 [48]
 [48]
 [46]
 [50]
 [57]
 [51]
 [57]
 [54]
 [51]
 [45]
 [49]] 
------------------------ Dataset: t9z ------------------------
shape: (27, 1), dtype: uint16
Data:[[53]
 [57]
 [49]
 [54]
 [46]
 [49]
 [54]
 [49]
 [54]
 [49]
 [52]
 [45]
 [48]
 [32]
 [53]
 [57]
 [49]
 [54]
 [46]
 [49]
 [54]
 [53]
 [54]
 [52]
 [52]
 [45]
 [49]] 
------------------------ Dataset: tA ------------------------
