shape: (1, 6), dtype: uint32
Data:[[3707764736          2          1          1       1974          1]] 
------------------------ Dataset: NGb ------------------------
shape: (26, 1), dtype: uint16
Data:[[54]
 [55]
 [55]
 [50]
 [46]
 [56]
 [51]
 [52]
 [56]
 [51]
 [45]
 [48]
 [32]
 [54]
 [55]
 [55]
 [50]
 [46]
 [56]
 [52]
 [50]
 [50]
 [57]
 [57]
 [45]
 [49]] 
------------------------ Dataset: NGc ------------------------
shape: (27, 1), dtype: uint16
Data:[[54]
 [50]
 [56]
 [53]
 [46]
 [54]
 [50]
 [55]
 [56]
 [54]
 [54]
 [45]
 [48]
 [32]
 [54]
 [50]
 [56]
 [53]
 [46]
 [54]
 [51]
 [49]
 [48]
 [50]
 [56]
 [45]
 [49]] 
------------------------ Dataset: NGd ------------------------
shape: (27, 1), dtype: uint16
Data:[[54]
 [51]
 [48]
 [49]
 [46]
 [51]
 [56]
 [54]
 [49]
 [48]
 [57]
 [45]
 [48]
 [32]
 [54]
 [51]
 [48]
 [49]
 [46]
 [51]
 [55]
 [56]
 [48]
 [57]
 [53]
 [45]
 [49]] 
------------------------ Dataset: NGe ------------------------
shape: (34, 1), dtype: uint16
Data:[[54]
 [51]
 [49]
 [55]
 [46]
 [50]
 [53]
 [48]
 [55]
 [52]
 [55]
 [57]
 [57]
 [57]
 [57]
 [57]
 [57]
 [53]
 [45]
 [48]
 [32]
 [54]
 [51]
 [49]
 [55]
 [46]
 [50]
 [53]
 [51]
 [56]
 [53]
 [56]
 [45]
 [49]] 
------------------------ Dataset: NGf ------------------------
shape: (33, 1), dtype: uint16
Data:[[54]
 [51]
 [51]
 [51]
 [46]
 [48]
 [57]
 [48]
 [50]
 [51]
 [56]
 [45]
 [48]
 [32]
 [54]
 [51]
 [51]
 [51]
 [46]
 [48]
 [56]
 [56]
 [48]
 [56]
 [57]
 [57]
 [57]
 [57]
 [57]
 [57]
 [57]
 [45]
 [49]] 
------------------------ Dataset: NGg ------------------------
shape: (27, 1), dtype: uint16
Data:[[54]
 [52]
 [57]
 [56]
 [46]
 [50]
 [51]
 [54]
 [48]
 [51]
 [52]
 [45]
 [48]
 [32]
 [54]
 [52]
 [57]
 [56]
 [46]
 [50]
 [51]
 [56]
 [53]
 [57]
 [53]
 [45]
 [49]] 
------------------------ Dataset: NGh ------------------------
shape: (33, 1), dtype: uint16
Data:[[54]
 [53]
 [49]
 [52]
 [46]
 [48]
 [51]
 [56]
 [51]
 [49]
 [53]
 [45]
 [48]
 [32]
 [54]
 [53]
 [49]
 [52]
 [46]
 [48]
 [51]
 [52]
 [52]
 [54]
 [51]
 [57]
 [57]
 [57]
 [57]
 [57]
 [57]
 [45]
 [49]] 
------------------------ Dataset: NGi ------------------------
shape: (27, 1), dtype: uint16
Data:[[54]
 [53]
 [50]
 [57]
 [46]
 [56]
 [51]
 [56]
 [48]
 [55]
 [53]
 [45]
 [48]
 [32]
 [54]
 [53]
 [50]
 [57]
 [46]
 [56]
 [52]
 [50]
 [53]
 [48]
 [51]
 [45]
 [49]] 
------------------------ Dataset: NGj ------------------------
shape: (33, 1), dtype: uint16
Data:[[54]
 [48]
 [50]
 [53]
 [46]
 [52]
 [48]
 [49]
 [55]
 [53]
 [53]
 [57]
 [57]
 [57]
 [57]
 [57]
 [57]
 [45]
 [48]
 [32]
 [54]
 [48]
 [50]
 [53]
 [46]
 [51]
 [57]
 [55]
 [56]
 [50]
 [52]
 [45]
 [49]] 
------------------------ Dataset: NGk ------------------------
shape: (32, 1), dtype: uint16
Data:[[54]
 [48]
 [52]
 [49]
 [46]
 [49]
 [53]
 [51]
 [49]
 [50]
 [45]
 [48]
 [32]
 [54]
 [48]
 [52]
 [49]
 [46]
 [49]
 [52]
 [49]
 [55]
 [55]
 [50]
 [57]
 [57]
 [57]
 [57]
 [57]
 [57]
 [45]
 [49]] 
------------------------ Dataset: NGl ------------------------
shape: (34, 1), dtype: uint16
Data:[[54]
 [48]
 [53]
 [54]
 [46]
 [56]
 [54]
 [49]
 [55]
 [54]
 [57]
 [45]
 [48]
 [32]
 [54]
 [48]
 [53]
 [54]
 [46]
 [56]
 [54]
 [53]
 [55]
 [53]
 [51]
 [57]
 [57]
 [57]
 [57]
 [57]
 [57]
 [53]
 [45]
 [49]] 
------------------------ Dataset: NGm ------------------------
shape: (27, 1), dtype: uint16
Data:[[54]
 [48]
 [55]
 [50]
 [46]
 [55]
 [53]
 [56]
 [49]
 [50]
 [51]
 [45]
 [48]
 [32]
 [54]
 [48]
 [55]
 [50]
 [46]
 [55]
 [54]
 [54]
 [54]
 [49]
 [57]
 [45]
 [49]] 
------------------------ Dataset: NGn ------------------------
shape: (20, 1), dtype: uint16
Data:[[53]
 [54]
 [51]
 [51]
 [46]
 [54]
 [51]
 [51]
 [56]
 [53]
 [53]
 [57]
 [57]
 [57]
 [57]
 [57]
 [57]
 [53]
 [45]
 [49]] 
------------------------ Dataset: NGo ------------------------
shape: (33, 1), dtype: uint16
Data:[[53]
 [54]
 [52]
 [57]
 [46]
 [51]
 [48]
 [57]
 [53]
 [52]
 [57]
 [45]
 [48]
 [32]
 [53]
 [54]
 [52]
 [57]
 [46]
 [51]
 [50]
 [48]
 [51]
 [48]
 [52]
 [57]
 [57]
 [57]
 [57]
 [57]
 [57]
 [45]
 [49]] 
------------------------ Dataset: NGp ------------------------
shape: (27, 1), dtype: uint16
Data:[[53]
 [54]
 [54]
 [53]
 [46]
 [48]
 [52]
 [53]
 [54]
 [53]
 [52]
 [45]
 [48]
 [32]
 [53]
 [54]
 [54]
 [53]
 [46]
 [48]
 [52]
 [49]
 [57]
 [51]
 [55]
 [45]
 [49]] 
------------------------ Dataset: NGq ------------------------
shape: (34, 1), dtype: uint16
Data:[[53]
 [54]
 [56]
 [48]
 [46]
 [56]
 [48]
 [50]
 [48]
 [51]
 [54]
 [45]
 [48]
 [32]
 [53]
 [54]
 [56]
 [48]
 [46]
 [55]
 [57]
 [53]
 [50]
 [54]
 [54]
 [57]
 [57]
 [57]
 [57]
 [57]
 [57]
 [53]
 [45]
 [49]] 
------------------------ Dataset: NGr ------------------------
shape: (34, 1), dtype: uint16
Data:[[53]
 [56]
 [48]
 [55]
 [46]
 [49]
 [48]
 [52]
 [51]
 [49]
 [49]
 [57]
 [57]
 [57]
 [57]
 [57]
 [57]
 [53]
 [45]
 [48]
 [32]
 [53]
 [56]
 [48]
 [55]
 [46]
 [48]
 [57]
 [57]
 [51]
 [57]
 [55]
 [45]
 [49]] 
------------------------ Dataset: NGs ------------------------
shape: (27, 1), dtype: uint16
Data:[[54]
 [52]
 [49]
 [57]
 [46]
 [56]
 [55]
 [52]
 [48]
 [51]
 [56]
 [45]
 [48]
 [32]
 [54]
 [52]
 [49]
 [57]
 [46]
 [56]
 [56]
 [52]
 [54]
 [52]
 [55]
 [45]
 [49]] 
------------------------ Dataset: NGt ------------------------
shape: (27, 1), dtype: uint16
Data:[[54]
 [54]
 [49]
 [49]
 [46]
 [57]
 [56]
 [50]
 [56]
 [49]
 [49]
 [45]
 [48]
 [32]
 [54]
 [54]
 [49]
 [49]
 [46]
 [57]
 [55]
 [57]
 [50]
 [54]
 [53]
 [45]
 [49]] 
------------------------ Dataset: NGu ------------------------
shape: (27, 1), dtype: uint16
Data:[[54]
 [54]
 [50]
 [55]
 [46]
 [56]
 [57]
 [55]
 [48]
 [49]
 [53]
 [45]
 [48]
 [32]
 [54]
 [54]
 [50]
 [55]
 [46]
 [56]
 [57]
 [54]
 [56]
 [55]
 [56]
 [45]
 [49]] 
------------------------ Dataset: NGv ------------------------
shape: (27, 1), dtype: uint16
Data:[[54]
 [54]
 [52]
 [51]
 [46]
 [54]
 [52]
 [55]
 [49]
 [54]
 [52]
 [45]
 [48]
 [32]
 [54]
 [54]
 [52]
 [51]
 [46]
 [54]
 [52]
 [50]
 [50]
 [51]
 [57]
 [45]
 [49]] 
------------------------ Dataset: NGw ------------------------
shape: (27, 1), dtype: uint16
Data:[[54]
 [54]
 [53]
 [57]
 [46]
 [51]
 [56]
 [54]
 [50]
 [52]
 [51]
 [45]
 [48]
 [32]
 [54]
 [54]
 [53]
 [57]
 [46]
 [51]
 [56]
 [52]
 [56]
 [50]
 [53]
 [45]
 [49]] 
------------------------ Dataset: NGx ------------------------
shape: (27, 1), dtype: uint16
Data:[[54]
 [54]
 [55]
 [53]
 [46]
 [50]
 [54]
 [55]
 [48]
 [50]
 [55]
 [45]
 [48]
 [32]
 [54]
 [54]
 [55]
 [53]
 [46]
 [50]
 [54]
 [55]
 [48]
 [50]
 [57]
 [45]
 [49]] 
------------------------ Dataset: NGy ------------------------
shape: (33, 1), dtype: uint16
Data:[[54]
 [54]
 [57]
 [49]
 [46]
 [49]
 [54]
 [50]
 [48]
 [57]
 [48]
 [57]
 [57]
 [57]
 [57]
 [57]
 [57]
 [45]
 [48]
 [32]
 [54]
 [54]
 [57]
 [49]
 [46]
 [49]
 [54]
 [55]
 [52]
 [53]
 [50]
 [45]
 [49]] 
------------------------ Dataset: NGz ------------------------
shape: (33, 1), dtype: uint16
Data:[[53]
 [57]
 [48]
 [57]
 [46]
 [48]
 [52]
 [53]
 [54]
 [55]
 [52]
 [57]
 [57]
 [57]
 [57]
 [57]
 [57]
 [45]
 [48]
 [32]
 [53]
 [57]
 [48]
 [57]
 [46]
 [48]
 [52]
 [49]
 [55]
 [54]
 [56]
 [45]
 [49]] 
------------------------ Dataset: NH ------------------------
