shape: (1, 6), dtype: uint32
Data:[[3707764736          2          1          1       1057          1]] 
------------------------ Dataset: Erb ------------------------
shape: (27, 1), dtype: uint16
Data:[[54]
 [55]
 [54]
 [56]
 [46]
 [57]
 [54]
 [54]
 [49]
 [56]
 [54]
 [45]
 [48]
 [32]
 [54]
 [55]
 [54]
 [56]
 [46]
 [57]
 [54]
 [50]
 [50]
 [54]
 [52]
 [45]
 [49]] 
------------------------ Dataset: Erc ------------------------
shape: (27, 1), dtype: uint16
Data:[[54]
 [50]
 [56]
 [49]
 [46]
 [55]
 [54]
 [49]
 [56]
 [57]
 [49]
 [45]
 [48]
 [32]
 [54]
 [50]
 [56]
 [49]
 [46]
 [55]
 [54]
 [49]
 [56]
 [57]
 [49]
 [45]
 [49]] 
------------------------ Dataset: Erd ------------------------
shape: (33, 1), dtype: uint16
Data:[[54]
 [50]
 [57]
 [55]
 [46]
 [53]
 [50]
 [57]
 [56]
 [54]
 [52]
 [57]
 [57]
 [57]
 [57]
 [57]
 [57]
 [53]
 [45]
 [48]
 [32]
 [54]
 [50]
 [57]
 [55]
 [46]
 [53]
 [50]
 [53]
 [57]
 [57]
 [45]
 [49]] 
------------------------ Dataset: Ere ------------------------
shape: (34, 1), dtype: uint16
Data:[[54]
 [51]
 [49]
 [51]
 [46]
 [52]
 [48]
 [51]
 [49]
 [53]
 [48]
 [57]
 [57]
 [57]
 [57]
 [57]
 [57]
 [53]
 [45]
 [48]
 [32]
 [54]
 [51]
 [49]
 [51]
 [46]
 [52]
 [48]
 [54]
 [51]
 [49]
 [55]
 [45]
 [49]] 
------------------------ Dataset: Erf ------------------------
shape: (13, 1), dtype: uint16
Data:[[54]
 [51]
 [50]
 [57]
 [46]
 [50]
 [51]
 [57]
 [57]
 [51]
 [49]
 [45]
 [49]] 
------------------------ Dataset: Erg ------------------------
shape: (27, 1), dtype: uint16
Data:[[54]
 [51]
 [52]
 [53]
 [46]
 [48]
 [54]
 [54]
 [48]
 [53]
 [50]
 [45]
 [48]
 [32]
 [54]
 [51]
 [52]
 [53]
 [46]
 [48]
 [54]
 [57]
 [57]
 [48]
 [51]
 [45]
 [49]] 
------------------------ Dataset: Erh ------------------------
shape: (33, 1), dtype: uint16
Data:[[54]
 [53]
 [49]
 [48]
 [46]
 [49]
 [53]
 [56]
 [49]
 [48]
 [56]
 [45]
 [48]
 [32]
 [54]
 [53]
 [49]
 [48]
 [46]
 [49]
 [53]
 [51]
 [57]
 [57]
 [51]
 [57]
 [57]
 [57]
 [57]
 [57]
 [57]
 [45]
 [49]] 
------------------------ Dataset: Eri ------------------------
shape: (33, 1), dtype: uint16
Data:[[54]
 [53]
 [50]
 [53]
 [46]
 [57]
 [54]
 [54]
 [51]
 [57]
 [51]
 [45]
 [48]
 [32]
 [54]
 [53]
 [50]
 [53]
 [46]
 [57]
 [55]
 [48]
 [51]
 [57]
 [52]
 [57]
 [57]
 [57]
 [57]
 [57]
 [57]
 [45]
 [49]] 
------------------------ Dataset: Erj ------------------------
shape: (27, 1), dtype: uint16
Data:[[54]
 [48]
 [50]
 [49]
 [46]
 [53]
 [54]
 [50]
 [49]
 [51]
 [50]
 [45]
 [48]
 [32]
 [54]
 [48]
 [50]
 [49]
 [46]
 [53]
 [54]
 [53]
 [57]
 [53]
 [57]
 [45]
 [49]] 
------------------------ Dataset: Erk ------------------------
shape: (27, 1), dtype: uint16
Data:[[54]
 [48]
 [51]
 [55]
 [46]
 [51]
 [52]
 [55]
 [49]
 [51]
 [53]
 [45]
 [48]
 [32]
 [54]
 [48]
 [51]
 [55]
 [46]
 [51]
 [52]
 [51]
 [49]
 [49]
 [53]
 [45]
 [49]] 
------------------------ Dataset: Erl ------------------------
shape: (26, 1), dtype: uint16
Data:[[54]
 [48]
 [53]
 [50]
 [46]
 [57]
 [54]
 [53]
 [56]
 [49]
 [51]
 [45]
 [48]
 [32]
 [54]
 [48]
 [53]
 [50]
 [46]
 [57]
 [54]
 [50]
 [48]
 [51]
 [45]
 [49]] 
------------------------ Dataset: Erm ------------------------
shape: (27, 1), dtype: uint16
Data:[[54]
 [48]
 [54]
 [56]
 [46]
 [56]
 [56]
 [53]
 [56]
 [57]
 [51]
 [45]
 [48]
 [32]
 [54]
 [48]
 [54]
 [56]
 [46]
 [56]
 [56]
 [49]
 [56]
 [54]
 [52]
 [45]
 [49]] 
------------------------ Dataset: Ern ------------------------
shape: (27, 1), dtype: uint16
Data:[[54]
 [48]
 [56]
 [52]
 [46]
 [55]
 [57]
 [55]
 [55]
 [55]
 [50]
 [45]
 [48]
 [32]
 [54]
 [48]
 [56]
 [52]
 [46]
 [56]
 [48]
 [49]
 [55]
 [57]
 [55]
 [45]
 [49]] 
------------------------ Dataset: Ero ------------------------
shape: (27, 1), dtype: uint16
Data:[[53]
 [54]
 [52]
 [53]
 [46]
 [52]
 [55]
 [55]
 [53]
 [54]
 [54]
 [45]
 [48]
 [32]
 [53]
 [54]
 [52]
 [53]
 [46]
 [52]
 [56]
 [49]
 [54]
 [49]
 [50]
 [45]
 [49]] 
------------------------ Dataset: Erp ------------------------
shape: (33, 1), dtype: uint16
Data:[[53]
 [54]
 [54]
 [49]
 [46]
 [50]
 [51]
 [55]
 [54]
 [53]
 [50]
 [57]
 [57]
 [57]
 [57]
 [57]
 [57]
 [45]
 [48]
 [32]
 [53]
 [54]
 [54]
 [49]
 [46]
 [50]
 [51]
 [51]
 [54]
 [48]
 [57]
 [45]
 [49]] 
------------------------ Dataset: Erq ------------------------
shape: (33, 1), dtype: uint16
Data:[[53]
 [54]
 [55]
 [54]
 [46]
 [57]
 [51]
 [56]
 [49]
 [50]
 [56]
 [45]
 [48]
 [32]
 [53]
 [54]
 [55]
 [54]
 [46]
 [57]
 [51]
 [53]
 [52]
 [49]
 [50]
 [57]
 [57]
 [57]
 [57]
 [57]
 [57]
 [45]
 [49]] 
------------------------ Dataset: Err ------------------------
shape: (27, 1), dtype: uint16
Data:[[53]
 [54]
 [57]
 [50]
 [46]
 [55]
 [49]
 [52]
 [50]
 [52]
 [55]
 [45]
 [48]
 [32]
 [53]
 [54]
 [57]
 [50]
 [46]
 [55]
 [48]
 [57]
 [53]
 [53]
 [57]
 [45]
 [49]] 
------------------------ Dataset: Ers ------------------------
shape: (26, 1), dtype: uint16
Data:[[54]
 [52]
 [49]
 [54]
 [46]
 [48]
 [49]
 [55]
 [57]
 [57]
 [52]
 [45]
 [48]
 [32]
 [54]
 [52]
 [49]
 [54]
 [46]
 [48]
 [50]
 [50]
 [48]
 [55]
 [45]
 [49]] 
------------------------ Dataset: Ert ------------------------
shape: (32, 1), dtype: uint16
Data:[[54]
 [54]
 [48]
 [56]
 [46]
 [49]
 [49]
 [48]
 [48]
 [55]
 [45]
 [48]
 [32]
 [54]
 [54]
 [48]
 [56]
 [46]
 [49]
 [49]
 [52]
 [48]
 [54]
 [48]
 [57]
 [57]
 [57]
 [57]
 [57]
 [57]
 [45]
 [49]] 
------------------------ Dataset: Eru ------------------------
shape: (33, 1), dtype: uint16
Data:[[54]
 [54]
 [50]
 [52]
 [46]
 [48]
 [52]
 [51]
 [53]
 [54]
 [50]
 [57]
 [57]
 [57]
 [57]
 [57]
 [57]
 [45]
 [48]
 [32]
 [54]
 [54]
 [50]
 [52]
 [46]
 [48]
 [51]
 [52]
 [49]
 [52]
 [56]
 [45]
 [49]] 
------------------------ Dataset: Erv ------------------------
shape: (40, 1), dtype: uint16
Data:[[54]
 [54]
 [51]
 [57]
 [46]
 [56]
 [53]
 [48]
 [48]
 [54]
 [57]
 [57]
 [57]
 [57]
 [57]
 [57]
 [57]
 [53]
 [45]
 [48]
 [32]
 [54]
 [54]
 [51]
 [57]
 [46]
 [56]
 [53]
 [56]
 [50]
 [53]
 [50]
 [57]
 [57]
 [57]
 [57]
 [57]
 [57]
 [45]
 [49]] 
------------------------ Dataset: Erw ------------------------
shape: (39, 1), dtype: uint16
Data:[[54]
 [54]
 [53]
 [53]
 [46]
 [52]
 [55]
 [52]
 [49]
 [53]
 [48]
 [57]
 [57]
 [57]
 [57]
 [57]
 [57]
 [45]
 [48]
 [32]
 [54]
 [54]
 [53]
 [53]
 [46]
 [52]
 [55]
 [56]
 [48]
 [54]
 [49]
 [57]
 [57]
 [57]
 [57]
 [57]
 [57]
 [45]
 [49]] 
------------------------ Dataset: Erx ------------------------
shape: (27, 1), dtype: uint16
Data:[[54]
 [54]
 [55]
 [49]
 [46]
 [51]
 [55]
 [48]
 [50]
 [57]
 [51]
 [45]
 [48]
 [32]
 [54]
 [54]
 [55]
 [49]
 [46]
 [51]
 [54]
 [54]
 [48]
 [55]
 [53]
 [45]
 [49]] 
------------------------ Dataset: Ery ------------------------
shape: (33, 1), dtype: uint16
Data:[[54]
 [54]
 [56]
 [55]
 [46]
 [50]
 [55]
 [52]
 [48]
 [50]
 [56]
 [57]
 [57]
 [57]
 [57]
 [57]
 [57]
 [45]
 [48]
 [32]
 [54]
 [54]
 [56]
 [55]
 [46]
 [50]
 [55]
 [48]
 [48]
 [56]
 [52]
 [45]
 [49]] 
------------------------ Dataset: Erz ------------------------
shape: (33, 1), dtype: uint16
Data:[[53]
 [57]
 [48]
 [53]
 [46]
 [49]
 [57]
 [51]
 [53]
 [50]
 [57]
 [45]
 [48]
 [32]
 [53]
 [57]
 [48]
 [53]
 [46]
 [49]
 [56]
 [54]
 [49]
 [56]
 [57]
 [57]
 [57]
 [57]
 [57]
 [57]
 [57]
 [45]
 [49]] 
------------------------ Dataset: Es ------------------------
