shape: (1, 6), dtype: uint32
Data:[[3707764736          2          1          1       1152          1]] 
------------------------ Dataset: dtb ------------------------
shape: (27, 1), dtype: uint16
Data:[[54]
 [55]
 [54]
 [57]
 [46]
 [51]
 [56]
 [54]
 [49]
 [54]
 [50]
 [45]
 [48]
 [32]
 [54]
 [55]
 [54]
 [57]
 [46]
 [51]
 [57]
 [57]
 [51]
 [56]
 [54]
 [45]
 [49]] 
------------------------ Dataset: dtc ------------------------
shape: (27, 1), dtype: uint16
Data:[[54]
 [50]
 [56]
 [50]
 [46]
 [49]
 [54]
 [48]
 [54]
 [53]
 [53]
 [45]
 [48]
 [32]
 [54]
 [50]
 [56]
 [50]
 [46]
 [49]
 [54]
 [51]
 [53]
 [50]
 [53]
 [45]
 [49]] 
------------------------ Dataset: dtd ------------------------
shape: (26, 1), dtype: uint16
Data:[[54]
 [50]
 [57]
 [55]
 [46]
 [57]
 [50]
 [53]
 [57]
 [49]
 [45]
 [48]
 [32]
 [54]
 [50]
 [57]
 [55]
 [46]
 [57]
 [50]
 [49]
 [57]
 [49]
 [55]
 [45]
 [49]] 
------------------------ Dataset: dte ------------------------
shape: (34, 1), dtype: uint16
Data:[[54]
 [51]
 [49]
 [51]
 [46]
 [56]
 [49]
 [49]
 [54]
 [57]
 [55]
 [57]
 [57]
 [57]
 [57]
 [57]
 [57]
 [53]
 [45]
 [48]
 [32]
 [54]
 [51]
 [49]
 [51]
 [46]
 [56]
 [48]
 [49]
 [57]
 [50]
 [50]
 [45]
 [49]] 
------------------------ Dataset: dtf ------------------------
shape: (33, 1), dtype: uint16
Data:[[54]
 [51]
 [50]
 [57]
 [46]
 [54]
 [50]
 [57]
 [57]
 [50]
 [52]
 [57]
 [57]
 [57]
 [57]
 [57]
 [57]
 [45]
 [48]
 [32]
 [54]
 [51]
 [50]
 [57]
 [46]
 [54]
 [51]
 [52]
 [49]
 [50]
 [57]
 [45]
 [49]] 
------------------------ Dataset: dtg ------------------------
shape: (33, 1), dtype: uint16
Data:[[54]
 [51]
 [52]
 [53]
 [46]
 [52]
 [55]
 [49]
 [53]
 [52]
 [55]
 [45]
 [48]
 [32]
 [54]
 [51]
 [52]
 [53]
 [46]
 [52]
 [54]
 [54]
 [55]
 [52]
 [56]
 [57]
 [57]
 [57]
 [57]
 [57]
 [57]
 [45]
 [49]] 
------------------------ Dataset: dth ------------------------
shape: (33, 1), dtype: uint16
Data:[[54]
 [53]
 [49]
 [48]
 [46]
 [53]
 [53]
 [52]
 [48]
 [50]
 [57]
 [45]
 [48]
 [32]
 [54]
 [53]
 [49]
 [48]
 [46]
 [53]
 [52]
 [57]
 [57]
 [56]
 [54]
 [57]
 [57]
 [57]
 [57]
 [57]
 [57]
 [45]
 [49]] 
------------------------ Dataset: dti ------------------------
shape: (27, 1), dtype: uint16
Data:[[54]
 [53]
 [50]
 [54]
 [46]
 [51]
 [55]
 [48]
 [57]
 [49]
 [56]
 [45]
 [48]
 [32]
 [54]
 [53]
 [50]
 [54]
 [46]
 [51]
 [54]
 [54]
 [49]
 [48]
 [55]
 [45]
 [49]] 
------------------------ Dataset: dtj ------------------------
shape: (39, 1), dtype: uint16
Data:[[54]
 [48]
 [50]
 [49]
 [46]
 [57]
 [54]
 [53]
 [55]
 [50]
 [50]
 [57]
 [57]
 [57]
 [57]
 [57]
 [57]
 [45]
 [48]
 [32]
 [54]
 [48]
 [50]
 [49]
 [46]
 [57]
 [54]
 [57]
 [55]
 [52]
 [49]
 [57]
 [57]
 [57]
 [57]
 [57]
 [57]
 [45]
 [49]] 
------------------------ Dataset: dtk ------------------------
shape: (13, 1), dtype: uint16
Data:[[54]
 [48]
 [51]
 [55]
 [46]
 [55]
 [52]
 [57]
 [49]
 [50]
 [51]
 [45]
 [49]] 
------------------------ Dataset: dtl ------------------------
shape: (33, 1), dtype: uint16
Data:[[54]
 [48]
 [53]
 [51]
 [46]
 [51]
 [57]
 [57]
 [48]
 [56]
 [53]
 [45]
 [48]
 [32]
 [54]
 [48]
 [53]
 [51]
 [46]
 [51]
 [57]
 [57]
 [56]
 [52]
 [56]
 [57]
 [57]
 [57]
 [57]
 [57]
 [57]
 [45]
 [49]] 
------------------------ Dataset: dtm ------------------------
shape: (26, 1), dtype: uint16
Data:[[54]
 [48]
 [54]
 [57]
 [46]
 [50]
 [56]
 [57]
 [55]
 [57]
 [45]
 [48]
 [32]
 [54]
 [48]
 [54]
 [57]
 [46]
 [50]
 [57]
 [51]
 [57]
 [51]
 [54]
 [45]
 [49]] 
------------------------ Dataset: dtn ------------------------
shape: (33, 1), dtype: uint16
Data:[[54]
 [48]
 [56]
 [53]
 [46]
 [49]
 [57]
 [51]
 [55]
 [53]
 [55]
 [57]
 [57]
 [57]
 [57]
 [57]
 [57]
 [45]
 [48]
 [32]
 [54]
 [48]
 [56]
 [53]
 [46]
 [49]
 [57]
 [55]
 [56]
 [56]
 [51]
 [45]
 [49]] 
------------------------ Dataset: dto ------------------------
shape: (33, 1), dtype: uint16
Data:[[53]
 [54]
 [52]
 [53]
 [46]
 [56]
 [55]
 [51]
 [54]
 [51]
 [52]
 [45]
 [48]
 [32]
 [53]
 [54]
 [52]
 [53]
 [46]
 [56]
 [54]
 [57]
 [54]
 [55]
 [53]
 [57]
 [57]
 [57]
 [57]
 [57]
 [57]
 [45]
 [49]] 
------------------------ Dataset: dtp ------------------------
shape: (34, 1), dtype: uint16
Data:[[53]
 [54]
 [54]
 [49]
 [46]
 [54]
 [50]
 [53]
 [53]
 [55]
 [53]
 [45]
 [48]
 [32]
 [53]
 [54]
 [54]
 [49]
 [46]
 [54]
 [50]
 [57]
 [53]
 [50]
 [55]
 [57]
 [57]
 [57]
 [57]
 [57]
 [57]
 [53]
 [45]
 [49]] 
------------------------ Dataset: dtq ------------------------
shape: (32, 1), dtype: uint16
Data:[[53]
 [54]
 [55]
 [55]
 [46]
 [51]
 [50]
 [53]
 [53]
 [55]
 [45]
 [48]
 [32]
 [53]
 [54]
 [55]
 [55]
 [46]
 [51]
 [50]
 [53]
 [53]
 [55]
 [48]
 [57]
 [57]
 [57]
 [57]
 [57]
 [57]
 [45]
 [49]] 
------------------------ Dataset: dtr ------------------------
shape: (13, 1), dtype: uint16
Data:[[53]
 [54]
 [57]
 [51]
 [46]
 [49]
 [48]
 [49]
 [53]
 [53]
 [57]
 [45]
 [48]] 
------------------------ Dataset: dts ------------------------
shape: (27, 1), dtype: uint16
Data:[[54]
 [52]
 [49]
 [54]
 [46]
 [52]
 [49]
 [55]
 [57]
 [54]
 [54]
 [45]
 [48]
 [32]
 [54]
 [52]
 [49]
 [54]
 [46]
 [52]
 [49]
 [56]
 [48]
 [54]
 [55]
 [45]
 [49]] 
------------------------ Dataset: dtt ------------------------
shape: (34, 1), dtype: uint16
Data:[[54]
 [54]
 [48]
 [56]
 [46]
 [53]
 [48]
 [50]
 [48]
 [53]
 [52]
 [45]
 [48]
 [32]
 [54]
 [54]
 [48]
 [56]
 [46]
 [53]
 [48]
 [50]
 [48]
 [55]
 [55]
 [57]
 [57]
 [57]
 [57]
 [57]
 [57]
 [53]
 [45]
 [49]] 
------------------------ Dataset: dtu ------------------------
shape: (33, 1), dtype: uint16
Data:[[54]
 [54]
 [50]
 [52]
 [46]
 [52]
 [52]
 [53]
 [55]
 [56]
 [51]
 [45]
 [48]
 [32]
 [54]
 [54]
 [50]
 [52]
 [46]
 [52]
 [51]
 [53]
 [50]
 [53]
 [57]
 [57]
 [57]
 [57]
 [57]
 [57]
 [57]
 [45]
 [49]] 
------------------------ Dataset: dtv ------------------------
shape: (33, 1), dtype: uint16
Data:[[54]
 [54]
 [52]
 [48]
 [46]
 [50]
 [52]
 [54]
 [50]
 [56]
 [57]
 [45]
 [48]
 [32]
 [54]
 [54]
 [52]
 [48]
 [46]
 [50]
 [52]
 [50]
 [49]
 [49]
 [53]
 [57]
 [57]
 [57]
 [57]
 [57]
 [57]
 [45]
 [49]] 
------------------------ Dataset: dtw ------------------------
shape: (33, 1), dtype: uint16
Data:[[54]
 [54]
 [53]
 [53]
 [46]
 [56]
 [56]
 [54]
 [57]
 [49]
 [49]
 [45]
 [48]
 [32]
 [54]
 [54]
 [53]
 [53]
 [46]
 [56]
 [56]
 [50]
 [48]
 [51]
 [51]
 [57]
 [57]
 [57]
 [57]
 [57]
 [57]
 [45]
 [49]] 
------------------------ Dataset: dtx ------------------------
shape: (27, 1), dtype: uint16
Data:[[54]
 [54]
 [55]
 [49]
 [46]
 [55]
 [54]
 [54]
 [48]
 [57]
 [55]
 [45]
 [48]
 [32]
 [54]
 [54]
 [55]
 [49]
 [46]
 [55]
 [55]
 [48]
 [50]
 [56]
 [49]
 [45]
 [49]] 
------------------------ Dataset: dty ------------------------
shape: (33, 1), dtype: uint16
Data:[[54]
 [54]
 [56]
 [55]
 [46]
 [54]
 [56]
 [50]
 [48]
 [51]
 [56]
 [57]
 [57]
 [57]
 [57]
 [57]
 [57]
 [45]
 [48]
 [32]
 [54]
 [54]
 [56]
 [55]
 [46]
 [54]
 [56]
 [49]
 [57]
 [56]
 [54]
 [45]
 [49]] 
------------------------ Dataset: dtz ------------------------
shape: (33, 1), dtype: uint16
Data:[[53]
 [57]
 [48]
 [53]
 [46]
 [53]
 [55]
 [55]
 [55]
 [56]
 [49]
 [45]
 [48]
 [32]
 [53]
 [57]
 [48]
 [53]
 [46]
 [53]
 [56]
 [49]
 [56]
 [52]
 [48]
 [57]
 [57]
 [57]
 [57]
 [57]
 [57]
 [45]
 [49]] 
------------------------ Dataset: du ------------------------
