shape: (1, 6), dtype: uint32
Data:[[3707764736          2          1          1        436          1]] 
------------------------ Dataset: nhb ------------------------
shape: (39, 1), dtype: uint16
Data:[[54]
 [55]
 [54]
 [54]
 [46]
 [51]
 [53]
 [56]
 [50]
 [54]
 [56]
 [57]
 [57]
 [57]
 [57]
 [57]
 [57]
 [45]
 [48]
 [32]
 [54]
 [55]
 [54]
 [54]
 [46]
 [51]
 [53]
 [54]
 [55]
 [57]
 [56]
 [57]
 [57]
 [57]
 [57]
 [57]
 [57]
 [45]
 [49]] 
------------------------ Dataset: nhc ------------------------
shape: (40, 1), dtype: uint16
Data:[[54]
 [50]
 [55]
 [57]
 [46]
 [49]
 [54]
 [50]
 [53]
 [51]
 [52]
 [57]
 [57]
 [57]
 [57]
 [57]
 [57]
 [53]
 [45]
 [48]
 [32]
 [54]
 [50]
 [55]
 [57]
 [46]
 [49]
 [54]
 [51]
 [48]
 [48]
 [49]
 [57]
 [57]
 [57]
 [57]
 [57]
 [57]
 [45]
 [49]] 
------------------------ Dataset: nhd ------------------------
shape: (39, 1), dtype: uint16
Data:[[54]
 [50]
 [57]
 [52]
 [46]
 [57]
 [51]
 [52]
 [54]
 [50]
 [56]
 [57]
 [57]
 [57]
 [57]
 [57]
 [57]
 [45]
 [48]
 [32]
 [54]
 [50]
 [57]
 [52]
 [46]
 [57]
 [51]
 [48]
 [56]
 [56]
 [56]
 [57]
 [57]
 [57]
 [57]
 [57]
 [57]
 [45]
 [49]] 
------------------------ Dataset: nhe ------------------------
shape: (33, 1), dtype: uint16
Data:[[54]
 [51]
 [49]
 [48]
 [46]
 [55]
 [54]
 [50]
 [48]
 [55]
 [51]
 [57]
 [57]
 [57]
 [57]
 [57]
 [57]
 [45]
 [48]
 [32]
 [54]
 [51]
 [49]
 [48]
 [46]
 [55]
 [53]
 [55]
 [52]
 [53]
 [56]
 [45]
 [49]] 
------------------------ Dataset: nhf ------------------------
shape: (33, 1), dtype: uint16
Data:[[54]
 [51]
 [50]
 [54]
 [46]
 [54]
 [49]
 [48]
 [53]
 [52]
 [49]
 [57]
 [57]
 [57]
 [57]
 [57]
 [57]
 [45]
 [48]
 [32]
 [54]
 [51]
 [50]
 [54]
 [46]
 [54]
 [49]
 [55]
 [56]
 [57]
 [51]
 [45]
 [49]] 
------------------------ Dataset: nhg ------------------------
shape: (27, 1), dtype: uint16
Data:[[54]
 [51]
 [52]
 [50]
 [46]
 [52]
 [50]
 [56]
 [50]
 [50]
 [56]
 [45]
 [48]
 [32]
 [54]
 [51]
 [52]
 [50]
 [46]
 [52]
 [51]
 [48]
 [57]
 [49]
 [56]
 [45]
 [49]] 
------------------------ Dataset: nhh ------------------------
shape: (40, 1), dtype: uint16
Data:[[54]
 [53]
 [48]
 [55]
 [46]
 [53]
 [52]
 [50]
 [50]
 [50]
 [52]
 [57]
 [57]
 [57]
 [57]
 [57]
 [57]
 [45]
 [48]
 [32]
 [54]
 [53]
 [48]
 [55]
 [46]
 [53]
 [51]
 [52]
 [48]
 [49]
 [50]
 [57]
 [57]
 [57]
 [57]
 [57]
 [57]
 [53]
 [45]
 [49]] 
------------------------ Dataset: nhi ------------------------
shape: (27, 1), dtype: uint16
Data:[[54]
 [53]
 [50]
 [51]
 [46]
 [51]
 [53]
 [55]
 [57]
 [56]
 [49]
 [45]
 [48]
 [32]
 [54]
 [53]
 [50]
 [51]
 [46]
 [51]
 [54]
 [49]
 [57]
 [53]
 [55]
 [45]
 [49]] 
------------------------ Dataset: nhj ------------------------
shape: (40, 1), dtype: uint16
Data:[[54]
 [48]
 [49]
 [56]
 [46]
 [57]
 [51]
 [55]
 [55]
 [53]
 [48]
 [57]
 [57]
 [57]
 [57]
 [57]
 [57]
 [53]
 [45]
 [48]
 [32]
 [54]
 [48]
 [49]
 [56]
 [46]
 [57]
 [51]
 [51]
 [55]
 [49]
 [55]
 [57]
 [57]
 [57]
 [57]
 [57]
 [57]
 [45]
 [49]] 
------------------------ Dataset: nhk ------------------------
shape: (34, 1), dtype: uint16
Data:[[54]
 [48]
 [51]
 [52]
 [46]
 [55]
 [52]
 [54]
 [49]
 [54]
 [49]
 [45]
 [48]
 [32]
 [54]
 [48]
 [51]
 [52]
 [46]
 [55]
 [52]
 [49]
 [55]
 [57]
 [48]
 [57]
 [57]
 [57]
 [57]
 [57]
 [57]
 [53]
 [45]
 [49]] 
------------------------ Dataset: nhl ------------------------
shape: (27, 1), dtype: uint16
Data:[[54]
 [48]
 [53]
 [48]
 [46]
 [51]
 [53]
 [55]
 [56]
 [56]
 [51]
 [45]
 [48]
 [32]
 [54]
 [48]
 [53]
 [48]
 [46]
 [51]
 [54]
 [56]
 [48]
 [54]
 [49]
 [45]
 [49]] 
------------------------ Dataset: nhm ------------------------
shape: (39, 1), dtype: uint16
Data:[[54]
 [48]
 [54]
 [54]
 [46]
 [50]
 [52]
 [53]
 [55]
 [56]
 [50]
 [57]
 [57]
 [57]
 [57]
 [57]
 [57]
 [45]
 [48]
 [32]
 [54]
 [48]
 [54]
 [54]
 [46]
 [50]
 [52]
 [53]
 [56]
 [51]
 [51]
 [57]
 [57]
 [57]
 [57]
 [57]
 [57]
 [45]
 [49]] 
------------------------ Dataset: nhn ------------------------
shape: (34, 1), dtype: uint16
Data:[[54]
 [48]
 [56]
 [50]
 [46]
 [49]
 [56]
 [57]
 [56]
 [57]
 [57]
 [45]
 [48]
 [32]
 [54]
 [48]
 [56]
 [50]
 [46]
 [49]
 [56]
 [57]
 [56]
 [53]
 [57]
 [57]
 [57]
 [57]
 [57]
 [57]
 [57]
 [53]
 [45]
 [49]] 
------------------------ Dataset: nho ------------------------
shape: (33, 1), dtype: uint16
Data:[[53]
 [54]
 [52]
 [50]
 [46]
 [56]
 [56]
 [49]
 [53]
 [55]
 [49]
 [57]
 [57]
 [57]
 [57]
 [57]
 [57]
 [45]
 [48]
 [32]
 [53]
 [54]
 [52]
 [50]
 [46]
 [56]
 [56]
 [54]
 [49]
 [56]
 [52]
 [45]
 [49]] 
------------------------ Dataset: nhp ------------------------
shape: (33, 1), dtype: uint16
Data:[[53]
 [54]
 [53]
 [56]
 [46]
 [54]
 [50]
 [57]
 [53]
 [54]
 [52]
 [57]
 [57]
 [57]
 [57]
 [57]
 [57]
 [45]
 [48]
 [32]
 [53]
 [54]
 [53]
 [56]
 [46]
 [54]
 [50]
 [57]
 [53]
 [54]
 [54]
 [45]
 [49]] 
------------------------ Dataset: nhq ------------------------
shape: (33, 1), dtype: uint16
Data:[[53]
 [54]
 [55]
 [52]
 [46]
 [51]
 [51]
 [51]
 [54]
 [53]
 [54]
 [57]
 [57]
 [57]
 [57]
 [57]
 [57]
 [45]
 [48]
 [32]
 [53]
 [54]
 [55]
 [52]
 [46]
 [51]
 [51]
 [55]
 [54]
 [48]
 [50]
 [45]
 [49]] 
------------------------ Dataset: nhr ------------------------
shape: (27, 1), dtype: uint16
Data:[[53]
 [54]
 [57]
 [48]
 [46]
 [49]
 [49]
 [55]
 [54]
 [50]
 [53]
 [45]
 [48]
 [32]
 [53]
 [54]
 [57]
 [48]
 [46]
 [49]
 [49]
 [51]
 [55]
 [48]
 [50]
 [45]
 [49]] 
------------------------ Dataset: nhs ------------------------
shape: (27, 1), dtype: uint16
Data:[[54]
 [52]
 [49]
 [51]
 [46]
 [52]
 [48]
 [48]
 [55]
 [49]
 [56]
 [45]
 [48]
 [32]
 [54]
 [52]
 [49]
 [51]
 [46]
 [51]
 [57]
 [55]
 [54]
 [51]
 [55]
 [45]
 [49]] 
------------------------ Dataset: nht ------------------------
shape: (26, 1), dtype: uint16
Data:[[54]
 [54]
 [48]
 [53]
 [46]
 [52]
 [53]
 [52]
 [48]
 [49]
 [49]
 [45]
 [48]
 [32]
 [54]
 [54]
 [48]
 [53]
 [46]
 [52]
 [53]
 [56]
 [51]
 [57]
 [45]
 [49]] 
------------------------ Dataset: nhu ------------------------
shape: (26, 1), dtype: uint16
Data:[[54]
 [54]
 [50]
 [49]
 [46]
 [52]
 [51]
 [48]
 [48]
 [55]
 [57]
 [45]
 [48]
 [32]
 [54]
 [54]
 [50]
 [49]
 [46]
 [52]
 [50]
 [54]
 [49]
 [52]
 [45]
 [49]] 
------------------------ Dataset: nhv ------------------------
shape: (33, 1), dtype: uint16
Data:[[54]
 [54]
 [51]
 [55]
 [46]
 [50]
 [55]
 [48]
 [52]
 [55]
 [57]
 [57]
 [57]
 [57]
 [57]
 [57]
 [57]
 [45]
 [48]
 [32]
 [54]
 [54]
 [51]
 [55]
 [46]
 [50]
 [55]
 [52]
 [52]
 [48]
 [57]
 [45]
 [49]] 
------------------------ Dataset: nhw ------------------------
shape: (27, 1), dtype: uint16
Data:[[54]
 [54]
 [53]
 [50]
 [46]
 [56]
 [54]
 [57]
 [52]
 [52]
 [55]
 [45]
 [48]
 [32]
 [54]
 [54]
 [53]
 [50]
 [46]
 [56]
 [55]
 [48]
 [48]
 [50]
 [54]
 [45]
 [49]] 
------------------------ Dataset: nhx ------------------------
shape: (27, 1), dtype: uint16
Data:[[54]
 [54]
 [54]
 [56]
 [46]
 [55]
 [53]
 [50]
 [53]
 [56]
 [52]
 [45]
 [48]
 [32]
 [54]
 [54]
 [54]
 [56]
 [46]
 [55]
 [52]
 [50]
 [48]
 [56]
 [51]
 [45]
 [49]] 
------------------------ Dataset: nhy ------------------------
shape: (33, 1), dtype: uint16
Data:[[54]
 [54]
 [56]
 [52]
 [46]
 [54]
 [52]
 [55]
 [55]
 [48]
 [49]
 [57]
 [57]
 [57]
 [57]
 [57]
 [57]
 [45]
 [48]
 [32]
 [54]
 [54]
 [56]
 [52]
 [46]
 [54]
 [53]
 [52]
 [53]
 [50]
 [52]
 [45]
 [49]] 
------------------------ Dataset: nhz ------------------------
shape: (33, 1), dtype: uint16
Data:[[53]
 [57]
 [48]
 [50]
 [46]
 [53]
 [55]
 [51]
 [54]
 [54]
 [48]
 [57]
 [57]
 [57]
 [57]
 [57]
 [57]
 [45]
 [48]
 [32]
 [53]
 [57]
 [48]
 [50]
 [46]
 [53]
 [54]
 [57]
 [54]
 [52]
 [57]
 [45]
 [49]] 
------------------------ Dataset: ni ------------------------
