shape: (1, 6), dtype: uint32
Data:[[3707764736          2          1          1        189          1]] 
------------------------ Dataset: idb ------------------------
shape: (27, 1), dtype: uint16
Data:[[54]
 [55]
 [54]
 [53]
 [46]
 [50]
 [57]
 [52]
 [48]
 [57]
 [50]
 [45]
 [48]
 [32]
 [54]
 [55]
 [54]
 [53]
 [46]
 [50]
 [57]
 [48]
 [49]
 [52]
 [56]
 [45]
 [49]] 
------------------------ Dataset: idc ------------------------
shape: (27, 1), dtype: uint16
Data:[[54]
 [55]
 [56]
 [49]
 [46]
 [49]
 [53]
 [48]
 [49]
 [55]
 [50]
 [45]
 [48]
 [32]
 [54]
 [55]
 [56]
 [49]
 [46]
 [49]
 [53]
 [52]
 [50]
 [50]
 [55]
 [45]
 [49]] 
------------------------ Dataset: idd ------------------------
shape: (32, 1), dtype: uint16
Data:[[54]
 [50]
 [57]
 [51]
 [46]
 [57]
 [48]
 [50]
 [54]
 [54]
 [45]
 [48]
 [32]
 [54]
 [50]
 [57]
 [51]
 [46]
 [57]
 [48]
 [54]
 [49]
 [52]
 [53]
 [57]
 [57]
 [57]
 [57]
 [57]
 [57]
 [45]
 [49]] 
------------------------ Dataset: ide ------------------------
shape: (33, 1), dtype: uint16
Data:[[54]
 [51]
 [48]
 [57]
 [46]
 [55]
 [50]
 [49]
 [57]
 [51]
 [51]
 [57]
 [57]
 [57]
 [57]
 [57]
 [57]
 [45]
 [48]
 [32]
 [54]
 [51]
 [48]
 [57]
 [46]
 [55]
 [50]
 [53]
 [56]
 [56]
 [55]
 [45]
 [49]] 
------------------------ Dataset: idf ------------------------
shape: (39, 1), dtype: uint16
Data:[[54]
 [51]
 [50]
 [53]
 [46]
 [53]
 [53]
 [51]
 [56]
 [56]
 [49]
 [57]
 [57]
 [57]
 [57]
 [57]
 [57]
 [45]
 [48]
 [32]
 [54]
 [51]
 [50]
 [53]
 [46]
 [53]
 [53]
 [55]
 [57]
 [48]
 [54]
 [57]
 [57]
 [57]
 [57]
 [57]
 [57]
 [45]
 [49]] 
------------------------ Dataset: idg ------------------------
shape: (40, 1), dtype: uint16
Data:[[54]
 [51]
 [52]
 [49]
 [46]
 [52]
 [48]
 [49]
 [57]
 [52]
 [57]
 [57]
 [57]
 [57]
 [57]
 [57]
 [57]
 [53]
 [45]
 [48]
 [32]
 [54]
 [51]
 [52]
 [49]
 [46]
 [52]
 [48]
 [53]
 [57]
 [51]
 [48]
 [57]
 [57]
 [57]
 [57]
 [57]
 [57]
 [45]
 [49]] 
------------------------ Dataset: idh ------------------------
shape: (34, 1), dtype: uint16
Data:[[54]
 [53]
 [48]
 [54]
 [46]
 [53]
 [49]
 [51]
 [51]
 [52]
 [49]
 [45]
 [48]
 [32]
 [54]
 [53]
 [48]
 [54]
 [46]
 [53]
 [49]
 [51]
 [52]
 [50]
 [53]
 [57]
 [57]
 [57]
 [57]
 [57]
 [57]
 [53]
 [45]
 [49]] 
------------------------ Dataset: idi ------------------------
shape: (27, 1), dtype: uint16
Data:[[54]
 [53]
 [50]
 [50]
 [46]
 [51]
 [49]
 [56]
 [48]
 [49]
 [51]
 [45]
 [48]
 [32]
 [54]
 [53]
 [50]
 [50]
 [46]
 [51]
 [49]
 [52]
 [48]
 [51]
 [49]
 [45]
 [49]] 
------------------------ Dataset: idj ------------------------
shape: (27, 1), dtype: uint16
Data:[[54]
 [48]
 [49]
 [55]
 [46]
 [56]
 [57]
 [55]
 [55]
 [55]
 [52]
 [45]
 [48]
 [32]
 [54]
 [48]
 [49]
 [55]
 [46]
 [56]
 [57]
 [51]
 [55]
 [50]
 [55]
 [45]
 [49]] 
------------------------ Dataset: idk ------------------------
shape: (27, 1), dtype: uint16
Data:[[54]
 [48]
 [51]
 [51]
 [46]
 [55]
 [48]
 [53]
 [57]
 [53]
 [51]
 [45]
 [48]
 [32]
 [54]
 [48]
 [51]
 [51]
 [46]
 [55]
 [48]
 [57]
 [56]
 [52]
 [49]
 [45]
 [49]] 
------------------------ Dataset: idl ------------------------
shape: (33, 1), dtype: uint16
Data:[[54]
 [48]
 [52]
 [57]
 [46]
 [51]
 [50]
 [50]
 [54]
 [50]
 [50]
 [45]
 [48]
 [32]
 [54]
 [48]
 [52]
 [57]
 [46]
 [51]
 [49]
 [51]
 [55]
 [56]
 [57]
 [57]
 [57]
 [57]
 [57]
 [57]
 [57]
 [45]
 [49]] 
------------------------ Dataset: idm ------------------------
shape: (13, 1), dtype: uint16
Data:[[54]
 [48]
 [54]
 [53]
 [46]
 [49]
 [56]
 [57]
 [55]
 [56]
 [51]
 [45]
 [48]] 
------------------------ Dataset: idn ------------------------
shape: (27, 1), dtype: uint16
Data:[[54]
 [48]
 [56]
 [49]
 [46]
 [49]
 [48]
 [49]
 [55]
 [56]
 [55]
 [45]
 [48]
 [32]
 [54]
 [48]
 [56]
 [49]
 [46]
 [48]
 [57]
 [55]
 [56]
 [52]
 [54]
 [45]
 [49]] 
------------------------ Dataset: ido ------------------------
shape: (27, 1), dtype: uint16
Data:[[53]
 [54]
 [52]
 [49]
 [46]
 [56]
 [54]
 [49]
 [57]
 [55]
 [56]
 [45]
 [48]
 [32]
 [53]
 [54]
 [52]
 [49]
 [46]
 [56]
 [53]
 [53]
 [56]
 [49]
 [52]
 [45]
 [49]] 
------------------------ Dataset: idp ------------------------
shape: (33, 1), dtype: uint16
Data:[[53]
 [54]
 [53]
 [55]
 [46]
 [53]
 [57]
 [49]
 [55]
 [56]
 [54]
 [57]
 [57]
 [57]
 [57]
 [57]
 [57]
 [45]
 [48]
 [32]
 [53]
 [54]
 [53]
 [55]
 [46]
 [53]
 [57]
 [49]
 [54]
 [56]
 [57]
 [45]
 [49]] 
------------------------ Dataset: idq ------------------------
shape: (19, 1), dtype: uint16
Data:[[53]
 [54]
 [55]
 [51]
 [46]
 [51]
 [48]
 [53]
 [53]
 [48]
 [52]
 [57]
 [57]
 [57]
 [57]
 [57]
 [57]
 [45]
 [49]] 
------------------------ Dataset: idr ------------------------
shape: (34, 1), dtype: uint16
Data:[[53]
 [54]
 [56]
 [57]
 [46]
 [48]
 [54]
 [53]
 [53]
 [55]
 [49]
 [57]
 [57]
 [57]
 [57]
 [57]
 [57]
 [53]
 [45]
 [48]
 [32]
 [53]
 [54]
 [56]
 [57]
 [46]
 [48]
 [55]
 [51]
 [57]
 [50]
 [53]
 [45]
 [49]] 
------------------------ Dataset: ids ------------------------
shape: (19, 1), dtype: uint16
Data:[[53]
 [56]
 [49]
 [53]
 [46]
 [51]
 [51]
 [57]
 [51]
 [50]
 [53]
 [57]
 [57]
 [57]
 [57]
 [57]
 [57]
 [45]
 [48]] 
------------------------ Dataset: idt ------------------------
shape: (20, 1), dtype: uint16
Data:[[54]
 [54]
 [48]
 [52]
 [46]
 [52]
 [49]
 [56]
 [48]
 [55]
 [57]
 [57]
 [57]
 [57]
 [57]
 [57]
 [57]
 [53]
 [45]
 [49]] 
------------------------ Dataset: idu ------------------------
shape: (34, 1), dtype: uint16
Data:[[54]
 [54]
 [50]
 [48]
 [46]
 [51]
 [56]
 [50]
 [51]
 [52]
 [48]
 [57]
 [57]
 [57]
 [57]
 [57]
 [57]
 [53]
 [45]
 [48]
 [32]
 [54]
 [54]
 [50]
 [48]
 [46]
 [51]
 [55]
 [57]
 [48]
 [51]
 [50]
 [45]
 [49]] 
------------------------ Dataset: idv ------------------------
shape: (13, 1), dtype: uint16
Data:[[54]
 [54]
 [51]
 [54]
 [46]
 [50]
 [51]
 [56]
 [49]
 [54]
 [56]
 [45]
 [48]] 
------------------------ Dataset: idw ------------------------
shape: (27, 1), dtype: uint16
Data:[[54]
 [54]
 [53]
 [49]
 [46]
 [56]
 [51]
 [52]
 [48]
 [52]
 [54]
 [45]
 [48]
 [32]
 [54]
 [54]
 [53]
 [49]
 [46]
 [56]
 [51]
 [48]
 [48]
 [50]
 [54]
 [45]
 [49]] 
------------------------ Dataset: idx ------------------------
shape: (34, 1), dtype: uint16
Data:[[54]
 [54]
 [54]
 [55]
 [46]
 [54]
 [56]
 [50]
 [49]
 [51]
 [57]
 [45]
 [48]
 [32]
 [54]
 [54]
 [54]
 [55]
 [46]
 [54]
 [56]
 [54]
 [49]
 [51]
 [56]
 [57]
 [57]
 [57]
 [57]
 [57]
 [57]
 [53]
 [45]
 [49]] 
------------------------ Dataset: idy ------------------------
shape: (34, 1), dtype: uint16
Data:[[54]
 [54]
 [56]
 [51]
 [46]
 [54]
 [49]
 [48]
 [48]
 [51]
 [54]
 [57]
 [57]
 [57]
 [57]
 [57]
 [57]
 [53]
 [45]
 [48]
 [32]
 [54]
 [54]
 [56]
 [51]
 [46]
 [54]
 [48]
 [54]
 [53]
 [49]
 [49]
 [45]
 [49]] 
------------------------ Dataset: idz ------------------------
shape: (33, 1), dtype: uint16
Data:[[53]
 [57]
 [48]
 [49]
 [46]
 [53]
 [50]
 [53]
 [55]
 [49]
 [56]
 [57]
 [57]
 [57]
 [57]
 [57]
 [57]
 [45]
 [48]
 [32]
 [53]
 [57]
 [48]
 [49]
 [46]
 [53]
 [50]
 [49]
 [55]
 [49]
 [51]
 [45]
 [49]] 
------------------------ Dataset: ie ------------------------
