shape: (1, 6), dtype: uint32
Data:[[3707764736          2          1          1         65          1]] 
------------------------ Dataset: fbb ------------------------
shape: (33, 1), dtype: uint16
Data:[[54]
 [55]
 [54]
 [52]
 [46]
 [55]
 [55]
 [56]
 [50]
 [49]
 [49]
 [57]
 [57]
 [57]
 [57]
 [57]
 [57]
 [45]
 [48]
 [32]
 [54]
 [55]
 [54]
 [52]
 [46]
 [55]
 [56]
 [53]
 [48]
 [56]
 [51]
 [45]
 [49]] 
------------------------ Dataset: fbc ------------------------
shape: (33, 1), dtype: uint16
Data:[[54]
 [55]
 [56]
 [48]
 [46]
 [54]
 [51]
 [52]
 [50]
 [48]
 [49]
 [45]
 [48]
 [32]
 [54]
 [55]
 [56]
 [48]
 [46]
 [54]
 [51]
 [48]
 [50]
 [50]
 [56]
 [57]
 [57]
 [57]
 [57]
 [57]
 [57]
 [45]
 [49]] 
------------------------ Dataset: fbd ------------------------
shape: (27, 1), dtype: uint16
Data:[[54]
 [50]
 [57]
 [51]
 [46]
 [51]
 [55]
 [52]
 [48]
 [57]
 [52]
 [45]
 [48]
 [32]
 [54]
 [50]
 [57]
 [51]
 [46]
 [51]
 [56]
 [48]
 [50]
 [49]
 [52]
 [45]
 [49]] 
------------------------ Dataset: fbe ------------------------
shape: (27, 1), dtype: uint16
Data:[[54]
 [51]
 [48]
 [57]
 [46]
 [50]
 [48]
 [53]
 [57]
 [48]
 [55]
 [45]
 [48]
 [32]
 [54]
 [51]
 [48]
 [57]
 [46]
 [50]
 [48]
 [49]
 [57]
 [57]
 [52]
 [45]
 [49]] 
------------------------ Dataset: fbf ------------------------
shape: (26, 1), dtype: uint16
Data:[[54]
 [51]
 [50]
 [53]
 [46]
 [48]
 [50]
 [51]
 [50]
 [54]
 [50]
 [45]
 [48]
 [32]
 [54]
 [51]
 [50]
 [53]
 [46]
 [48]
 [49]
 [56]
 [53]
 [52]
 [45]
 [49]] 
------------------------ Dataset: fbg ------------------------
shape: (33, 1), dtype: uint16
Data:[[54]
 [51]
 [52]
 [48]
 [46]
 [56]
 [55]
 [55]
 [57]
 [55]
 [52]
 [57]
 [57]
 [57]
 [57]
 [57]
 [57]
 [45]
 [48]
 [32]
 [54]
 [51]
 [52]
 [48]
 [46]
 [56]
 [55]
 [53]
 [53]
 [50]
 [56]
 [45]
 [49]] 
------------------------ Dataset: fbh ------------------------
shape: (33, 1), dtype: uint16
Data:[[54]
 [53]
 [48]
 [53]
 [46]
 [57]
 [55]
 [56]
 [48]
 [54]
 [57]
 [45]
 [48]
 [32]
 [54]
 [53]
 [48]
 [53]
 [46]
 [57]
 [55]
 [52]
 [50]
 [57]
 [50]
 [57]
 [57]
 [57]
 [57]
 [57]
 [57]
 [45]
 [49]] 
------------------------ Dataset: fbi ------------------------
shape: (27, 1), dtype: uint16
Data:[[54]
 [53]
 [50]
 [49]
 [46]
 [56]
 [48]
 [50]
 [48]
 [53]
 [53]
 [45]
 [48]
 [32]
 [54]
 [53]
 [50]
 [49]
 [46]
 [55]
 [57]
 [56]
 [54]
 [54]
 [55]
 [45]
 [49]] 
------------------------ Dataset: fbj ------------------------
shape: (27, 1), dtype: uint16
Data:[[54]
 [48]
 [49]
 [55]
 [46]
 [51]
 [52]
 [57]
 [55]
 [50]
 [53]
 [45]
 [48]
 [32]
 [54]
 [48]
 [49]
 [55]
 [46]
 [51]
 [53]
 [51]
 [55]
 [56]
 [52]
 [45]
 [49]] 
------------------------ Dataset: fbk ------------------------
shape: (40, 1), dtype: uint16
Data:[[54]
 [48]
 [51]
 [51]
 [46]
 [49]
 [56]
 [57]
 [56]
 [51]
 [52]
 [57]
 [57]
 [57]
 [57]
 [57]
 [57]
 [45]
 [48]
 [32]
 [54]
 [48]
 [51]
 [51]
 [46]
 [50]
 [48]
 [48]
 [50]
 [57]
 [49]
 [57]
 [57]
 [57]
 [57]
 [57]
 [57]
 [53]
 [45]
 [49]] 
------------------------ Dataset: fbl ------------------------
shape: (34, 1), dtype: uint16
Data:[[54]
 [48]
 [52]
 [56]
 [46]
 [55]
 [57]
 [51]
 [55]
 [57]
 [57]
 [45]
 [48]
 [32]
 [54]
 [48]
 [52]
 [56]
 [46]
 [55]
 [56]
 [57]
 [56]
 [55]
 [52]
 [57]
 [57]
 [57]
 [57]
 [57]
 [57]
 [53]
 [45]
 [49]] 
------------------------ Dataset: fbm ------------------------
shape: (27, 1), dtype: uint16
Data:[[54]
 [48]
 [54]
 [52]
 [46]
 [54]
 [56]
 [48]
 [48]
 [49]
 [50]
 [45]
 [48]
 [32]
 [54]
 [48]
 [54]
 [52]
 [46]
 [54]
 [56]
 [48]
 [48]
 [53]
 [51]
 [45]
 [49]] 
------------------------ Dataset: fbn ------------------------
shape: (39, 1), dtype: uint16
Data:[[54]
 [48]
 [56]
 [48]
 [46]
 [53]
 [54]
 [49]
 [57]
 [48]
 [54]
 [57]
 [57]
 [57]
 [57]
 [57]
 [57]
 [45]
 [48]
 [32]
 [54]
 [48]
 [56]
 [48]
 [46]
 [53]
 [53]
 [56]
 [51]
 [55]
 [51]
 [57]
 [57]
 [57]
 [57]
 [57]
 [57]
 [45]
 [49]] 
------------------------ Dataset: fbo ------------------------
shape: (26, 1), dtype: uint16
Data:[[53]
 [54]
 [52]
 [49]
 [46]
 [51]
 [50]
 [52]
 [55]
 [52]
 [55]
 [45]
 [48]
 [32]
 [53]
 [54]
 [52]
 [49]
 [46]
 [51]
 [50]
 [54]
 [50]
 [51]
 [45]
 [49]] 
------------------------ Dataset: fbp ------------------------
shape: (33, 1), dtype: uint16
Data:[[53]
 [54]
 [53]
 [55]
 [46]
 [48]
 [55]
 [51]
 [56]
 [53]
 [49]
 [45]
 [48]
 [32]
 [53]
 [54]
 [53]
 [55]
 [46]
 [48]
 [55]
 [55]
 [54]
 [49]
 [55]
 [57]
 [57]
 [57]
 [57]
 [57]
 [57]
 [45]
 [49]] 
------------------------ Dataset: fbq ------------------------
shape: (40, 1), dtype: uint16
Data:[[53]
 [54]
 [55]
 [50]
 [46]
 [55]
 [57]
 [48]
 [55]
 [49]
 [53]
 [57]
 [57]
 [57]
 [57]
 [57]
 [57]
 [53]
 [45]
 [48]
 [32]
 [53]
 [54]
 [55]
 [50]
 [46]
 [55]
 [56]
 [50]
 [56]
 [51]
 [53]
 [57]
 [57]
 [57]
 [57]
 [57]
 [57]
 [45]
 [49]] 
------------------------ Dataset: fbr ------------------------
shape: (27, 1), dtype: uint16
Data:[[53]
 [54]
 [56]
 [56]
 [46]
 [53]
 [52]
 [57]
 [56]
 [53]
 [52]
 [45]
 [48]
 [32]
 [53]
 [54]
 [56]
 [56]
 [46]
 [53]
 [52]
 [57]
 [55]
 [49]
 [50]
 [45]
 [49]] 
------------------------ Dataset: fbs ------------------------
shape: (33, 1), dtype: uint16
Data:[[53]
 [56]
 [49]
 [52]
 [46]
 [56]
 [49]
 [53]
 [54]
 [53]
 [57]
 [57]
 [57]
 [57]
 [57]
 [57]
 [57]
 [45]
 [48]
 [32]
 [53]
 [56]
 [49]
 [52]
 [46]
 [56]
 [49]
 [52]
 [56]
 [50]
 [51]
 [45]
 [49]] 
------------------------ Dataset: fbt ------------------------
shape: (34, 1), dtype: uint16
Data:[[54]
 [54]
 [48]
 [51]
 [46]
 [56]
 [54]
 [50]
 [48]
 [56]
 [54]
 [57]
 [57]
 [57]
 [57]
 [57]
 [57]
 [53]
 [45]
 [48]
 [32]
 [54]
 [54]
 [48]
 [51]
 [46]
 [56]
 [55]
 [48]
 [48]
 [56]
 [56]
 [45]
 [49]] 
------------------------ Dataset: fbu ------------------------
shape: (33, 1), dtype: uint16
Data:[[54]
 [54]
 [49]
 [57]
 [46]
 [56]
 [53]
 [49]
 [51]
 [48]
 [57]
 [45]
 [48]
 [32]
 [54]
 [54]
 [49]
 [57]
 [46]
 [56]
 [53]
 [53]
 [57]
 [49]
 [55]
 [57]
 [57]
 [57]
 [57]
 [57]
 [57]
 [45]
 [49]] 
------------------------ Dataset: fbv ------------------------
shape: (27, 1), dtype: uint16
Data:[[54]
 [54]
 [51]
 [53]
 [46]
 [55]
 [49]
 [52]
 [55]
 [56]
 [53]
 [45]
 [48]
 [32]
 [54]
 [54]
 [51]
 [53]
 [46]
 [55]
 [49]
 [49]
 [49]
 [54]
 [53]
 [45]
 [49]] 
------------------------ Dataset: fbw ------------------------
shape: (27, 1), dtype: uint16
Data:[[54]
 [54]
 [53]
 [49]
 [46]
 [50]
 [57]
 [55]
 [57]
 [48]
 [54]
 [45]
 [48]
 [32]
 [54]
 [54]
 [53]
 [49]
 [46]
 [50]
 [57]
 [56]
 [49]
 [55]
 [55]
 [45]
 [49]] 
------------------------ Dataset: fbx ------------------------
shape: (34, 1), dtype: uint16
Data:[[54]
 [54]
 [54]
 [55]
 [46]
 [49]
 [53]
 [48]
 [48]
 [54]
 [51]
 [45]
 [48]
 [32]
 [54]
 [54]
 [54]
 [55]
 [46]
 [49]
 [52]
 [54]
 [49]
 [51]
 [48]
 [57]
 [57]
 [57]
 [57]
 [57]
 [57]
 [53]
 [45]
 [49]] 
------------------------ Dataset: fby ------------------------
shape: (27, 1), dtype: uint16
Data:[[54]
 [54]
 [56]
 [51]
 [46]
 [48]
 [57]
 [52]
 [49]
 [48]
 [57]
 [45]
 [48]
 [32]
 [54]
 [54]
 [56]
 [51]
 [46]
 [48]
 [57]
 [48]
 [49]
 [57]
 [50]
 [45]
 [49]] 
------------------------ Dataset: fbz ------------------------
shape: (33, 1), dtype: uint16
Data:[[53]
 [57]
 [48]
 [49]
 [46]
 [48]
 [48]
 [57]
 [54]
 [55]
 [55]
 [57]
 [57]
 [57]
 [57]
 [57]
 [57]
 [45]
 [48]
 [32]
 [53]
 [57]
 [48]
 [49]
 [46]
 [48]
 [48]
 [53]
 [55]
 [51]
 [56]
 [45]
 [49]] 
------------------------ Dataset: fc ------------------------
