shape: (1, 6), dtype: uint32
Data:[[3707764736          2          1          1       1127          1]] 
------------------------ Dataset: Osb ------------------------
shape: (13, 1), dtype: uint16
Data:[[54]
 [55]
 [54]
 [57]
 [46]
 [50]
 [55]
 [48]
 [49]
 [53]
 [50]
 [45]
 [48]] 
------------------------ Dataset: Osc ------------------------
shape: (33, 1), dtype: uint16
Data:[[54]
 [50]
 [56]
 [50]
 [46]
 [48]
 [54]
 [51]
 [52]
 [53]
 [49]
 [57]
 [57]
 [57]
 [57]
 [57]
 [57]
 [45]
 [48]
 [32]
 [54]
 [50]
 [56]
 [50]
 [46]
 [48]
 [53]
 [56]
 [50]
 [52]
 [49]
 [45]
 [49]] 
------------------------ Dataset: Osd ------------------------
shape: (33, 1), dtype: uint16
Data:[[54]
 [50]
 [57]
 [55]
 [46]
 [56]
 [50]
 [50]
 [49]
 [52]
 [50]
 [57]
 [57]
 [57]
 [57]
 [57]
 [57]
 [45]
 [48]
 [32]
 [54]
 [50]
 [57]
 [55]
 [46]
 [56]
 [50]
 [53]
 [56]
 [52]
 [57]
 [45]
 [49]] 
------------------------ Dataset: Ose ------------------------
shape: (33, 1), dtype: uint16
Data:[[54]
 [51]
 [49]
 [51]
 [46]
 [55]
 [48]
 [49]
 [57]
 [49]
 [54]
 [57]
 [57]
 [57]
 [57]
 [57]
 [57]
 [45]
 [48]
 [32]
 [54]
 [51]
 [49]
 [51]
 [46]
 [55]
 [48]
 [53]
 [57]
 [48]
 [53]
 [45]
 [49]] 
------------------------ Dataset: Osf ------------------------
shape: (27, 1), dtype: uint16
Data:[[54]
 [51]
 [50]
 [57]
 [46]
 [53]
 [51]
 [51]
 [57]
 [55]
 [57]
 [45]
 [48]
 [32]
 [54]
 [51]
 [50]
 [57]
 [46]
 [53]
 [50]
 [57]
 [57]
 [52]
 [50]
 [45]
 [49]] 
------------------------ Dataset: Osg ------------------------
shape: (27, 1), dtype: uint16
Data:[[54]
 [51]
 [52]
 [53]
 [46]
 [51]
 [54]
 [49]
 [56]
 [50]
 [53]
 [45]
 [48]
 [32]
 [54]
 [51]
 [52]
 [53]
 [46]
 [51]
 [53]
 [51]
 [56]
 [57]
 [52]
 [45]
 [49]] 
------------------------ Dataset: Osh ------------------------
shape: (33, 1), dtype: uint16
Data:[[54]
 [53]
 [49]
 [48]
 [46]
 [52]
 [53]
 [48]
 [52]
 [50]
 [49]
 [45]
 [48]
 [32]
 [54]
 [53]
 [49]
 [48]
 [46]
 [52]
 [53]
 [52]
 [49]
 [54]
 [50]
 [57]
 [57]
 [57]
 [57]
 [57]
 [57]
 [45]
 [49]] 
------------------------ Dataset: Osi ------------------------
shape: (27, 1), dtype: uint16
Data:[[54]
 [53]
 [50]
 [54]
 [46]
 [50]
 [53]
 [52]
 [48]
 [48]
 [54]
 [45]
 [48]
 [32]
 [54]
 [53]
 [50]
 [54]
 [46]
 [50]
 [54]
 [50]
 [49]
 [48]
 [50]
 [45]
 [49]] 
------------------------ Dataset: Osj ------------------------
shape: (13, 1), dtype: uint16
Data:[[54]
 [48]
 [50]
 [49]
 [46]
 [56]
 [52]
 [57]
 [54]
 [55]
 [56]
 [45]
 [48]] 
------------------------ Dataset: Osk ------------------------
shape: (33, 1), dtype: uint16
Data:[[54]
 [48]
 [51]
 [55]
 [46]
 [54]
 [52]
 [49]
 [56]
 [53]
 [53]
 [45]
 [48]
 [32]
 [54]
 [48]
 [51]
 [55]
 [46]
 [54]
 [52]
 [54]
 [50]
 [57]
 [57]
 [57]
 [57]
 [57]
 [57]
 [57]
 [57]
 [45]
 [49]] 
------------------------ Dataset: Osl ------------------------
shape: (27, 1), dtype: uint16
Data:[[54]
 [48]
 [53]
 [51]
 [46]
 [50]
 [57]
 [51]
 [54]
 [54]
 [49]
 [45]
 [48]
 [32]
 [54]
 [48]
 [53]
 [51]
 [46]
 [50]
 [57]
 [55]
 [57]
 [52]
 [54]
 [45]
 [49]] 
------------------------ Dataset: Osm ------------------------
shape: (26, 1), dtype: uint16
Data:[[54]
 [48]
 [54]
 [57]
 [46]
 [49]
 [56]
 [54]
 [48]
 [52]
 [45]
 [48]
 [32]
 [54]
 [48]
 [54]
 [57]
 [46]
 [49]
 [56]
 [57]
 [56]
 [51]
 [50]
 [45]
 [49]] 
------------------------ Dataset: Osn ------------------------
shape: (27, 1), dtype: uint16
Data:[[54]
 [48]
 [56]
 [53]
 [46]
 [48]
 [57]
 [55]
 [57]
 [48]
 [54]
 [45]
 [48]
 [32]
 [54]
 [48]
 [56]
 [53]
 [46]
 [48]
 [57]
 [51]
 [57]
 [50]
 [53]
 [45]
 [49]] 
------------------------ Dataset: Oso ------------------------
shape: (33, 1), dtype: uint16
Data:[[53]
 [54]
 [52]
 [53]
 [46]
 [55]
 [55]
 [50]
 [56]
 [48]
 [53]
 [45]
 [48]
 [32]
 [53]
 [54]
 [52]
 [53]
 [46]
 [55]
 [55]
 [52]
 [48]
 [51]
 [54]
 [57]
 [57]
 [57]
 [57]
 [57]
 [57]
 [45]
 [49]] 
------------------------ Dataset: Osp ------------------------
shape: (27, 1), dtype: uint16
Data:[[53]
 [54]
 [54]
 [49]
 [46]
 [53]
 [51]
 [49]
 [48]
 [49]
 [57]
 [45]
 [48]
 [32]
 [53]
 [54]
 [54]
 [49]
 [46]
 [53]
 [50]
 [54]
 [56]
 [54]
 [56]
 [45]
 [49]] 
------------------------ Dataset: Osq ------------------------
shape: (27, 1), dtype: uint16
Data:[[53]
 [54]
 [55]
 [55]
 [46]
 [50]
 [50]
 [50]
 [52]
 [48]
 [51]
 [45]
 [48]
 [32]
 [53]
 [54]
 [55]
 [55]
 [46]
 [50]
 [51]
 [49]
 [50]
 [50]
 [54]
 [45]
 [49]] 
------------------------ Dataset: Osr ------------------------
shape: (33, 1), dtype: uint16
Data:[[53]
 [54]
 [57]
 [51]
 [46]
 [48]
 [48]
 [53]
 [53]
 [56]
 [56]
 [45]
 [48]
 [32]
 [53]
 [54]
 [57]
 [51]
 [46]
 [48]
 [48]
 [49]
 [54]
 [54]
 [56]
 [57]
 [57]
 [57]
 [57]
 [57]
 [57]
 [45]
 [49]] 
------------------------ Dataset: Oss ------------------------
shape: (33, 1), dtype: uint16
Data:[[54]
 [52]
 [49]
 [54]
 [46]
 [51]
 [49]
 [52]
 [55]
 [52]
 [51]
 [57]
 [57]
 [57]
 [57]
 [57]
 [57]
 [45]
 [48]
 [32]
 [54]
 [52]
 [49]
 [54]
 [46]
 [51]
 [49]
 [57]
 [56]
 [56]
 [52]
 [45]
 [49]] 
------------------------ Dataset: Ost ------------------------
shape: (33, 1), dtype: uint16
Data:[[54]
 [54]
 [48]
 [56]
 [46]
 [51]
 [57]
 [57]
 [50]
 [48]
 [50]
 [45]
 [48]
 [32]
 [54]
 [54]
 [48]
 [56]
 [46]
 [52]
 [48]
 [50]
 [50]
 [51]
 [54]
 [57]
 [57]
 [57]
 [57]
 [57]
 [57]
 [45]
 [49]] 
------------------------ Dataset: Osu ------------------------
shape: (34, 1), dtype: uint16
Data:[[54]
 [54]
 [50]
 [52]
 [46]
 [51]
 [50]
 [54]
 [49]
 [57]
 [57]
 [45]
 [48]
 [32]
 [54]
 [54]
 [50]
 [52]
 [46]
 [51]
 [50]
 [50]
 [50]
 [52]
 [55]
 [57]
 [57]
 [57]
 [57]
 [57]
 [57]
 [53]
 [45]
 [49]] 
------------------------ Dataset: Osv ------------------------
shape: (27, 1), dtype: uint16
Data:[[54]
 [54]
 [52]
 [48]
 [46]
 [49]
 [52]
 [50]
 [50]
 [52]
 [55]
 [45]
 [48]
 [32]
 [54]
 [54]
 [52]
 [48]
 [46]
 [49]
 [52]
 [54]
 [49]
 [57]
 [57]
 [45]
 [49]] 
------------------------ Dataset: Osw ------------------------
shape: (27, 1), dtype: uint16
Data:[[54]
 [54]
 [53]
 [53]
 [46]
 [55]
 [56]
 [50]
 [54]
 [52]
 [49]
 [45]
 [48]
 [32]
 [54]
 [54]
 [53]
 [53]
 [46]
 [55]
 [56]
 [54]
 [55]
 [49]
 [57]
 [45]
 [49]] 
------------------------ Dataset: Osx ------------------------
shape: (27, 1), dtype: uint16
Data:[[54]
 [54]
 [55]
 [49]
 [46]
 [54]
 [55]
 [48]
 [48]
 [56]
 [56]
 [45]
 [48]
 [32]
 [54]
 [54]
 [55]
 [49]
 [46]
 [54]
 [55]
 [52]
 [51]
 [48]
 [57]
 [45]
 [49]] 
------------------------ Dataset: Osy ------------------------
shape: (40, 1), dtype: uint16
Data:[[54]
 [54]
 [56]
 [55]
 [46]
 [53]
 [55]
 [52]
 [49]
 [52]
 [49]
 [57]
 [57]
 [57]
 [57]
 [57]
 [57]
 [53]
 [45]
 [48]
 [32]
 [54]
 [54]
 [56]
 [55]
 [46]
 [53]
 [56]
 [54]
 [53]
 [50]
 [51]
 [57]
 [57]
 [57]
 [57]
 [57]
 [57]
 [45]
 [49]] 
------------------------ Dataset: Osz ------------------------
shape: (32, 1), dtype: uint16
Data:[[53]
 [57]
 [48]
 [53]
 [46]
 [52]
 [55]
 [55]
 [55]
 [49]
 [45]
 [48]
 [32]
 [53]
 [57]
 [48]
 [53]
 [46]
 [52]
 [55]
 [55]
 [55]
 [48]
 [55]
 [57]
 [57]
 [57]
 [57]
 [57]
 [57]
 [45]
 [49]] 
------------------------ Dataset: Ot ------------------------
