shape: (1, 6), dtype: uint32
Data:[[3707764736          2          1          1       1388          1]] 
------------------------ Dataset: 8wb ------------------------
shape: (13, 1), dtype: uint16
Data:[[54]
 [55]
 [55]
 [48]
 [46]
 [51]
 [56]
 [49]
 [52]
 [55]
 [52]
 [45]
 [48]] 
------------------------ Dataset: 8wc ------------------------
shape: (27, 1), dtype: uint16
Data:[[54]
 [50]
 [56]
 [51]
 [46]
 [49]
 [53]
 [48]
 [48]
 [49]
 [49]
 [45]
 [48]
 [32]
 [54]
 [50]
 [56]
 [51]
 [46]
 [49]
 [53]
 [48]
 [48]
 [51]
 [56]
 [45]
 [49]] 
------------------------ Dataset: 8wd ------------------------
shape: (33, 1), dtype: uint16
Data:[[54]
 [50]
 [57]
 [56]
 [46]
 [57]
 [51]
 [51]
 [56]
 [56]
 [57]
 [57]
 [57]
 [57]
 [57]
 [57]
 [57]
 [45]
 [48]
 [32]
 [54]
 [50]
 [57]
 [56]
 [46]
 [57]
 [50]
 [57]
 [57]
 [49]
 [53]
 [45]
 [49]] 
------------------------ Dataset: 8we ------------------------
shape: (27, 1), dtype: uint16
Data:[[54]
 [51]
 [49]
 [52]
 [46]
 [55]
 [56]
 [57]
 [56]
 [51]
 [51]
 [45]
 [48]
 [32]
 [54]
 [51]
 [49]
 [52]
 [46]
 [55]
 [57]
 [51]
 [56]
 [53]
 [55]
 [45]
 [49]] 
------------------------ Dataset: 8wf ------------------------
shape: (26, 1), dtype: uint16
Data:[[54]
 [51]
 [51]
 [48]
 [46]
 [54]
 [50]
 [49]
 [57]
 [49]
 [45]
 [48]
 [32]
 [54]
 [51]
 [51]
 [48]
 [46]
 [54]
 [51]
 [49]
 [49]
 [50]
 [56]
 [45]
 [49]] 
------------------------ Dataset: 8wg ------------------------
shape: (33, 1), dtype: uint16
Data:[[54]
 [51]
 [52]
 [54]
 [46]
 [52]
 [54]
 [50]
 [48]
 [50]
 [53]
 [57]
 [57]
 [57]
 [57]
 [57]
 [57]
 [45]
 [48]
 [32]
 [54]
 [51]
 [52]
 [54]
 [46]
 [52]
 [54]
 [53]
 [57]
 [55]
 [50]
 [45]
 [49]] 
------------------------ Dataset: 8wh ------------------------
shape: (33, 1), dtype: uint16
Data:[[54]
 [53]
 [49]
 [49]
 [46]
 [53]
 [52]
 [54]
 [49]
 [49]
 [57]
 [45]
 [48]
 [32]
 [54]
 [53]
 [49]
 [49]
 [46]
 [53]
 [53]
 [48]
 [48]
 [49]
 [53]
 [57]
 [57]
 [57]
 [57]
 [57]
 [57]
 [45]
 [49]] 
------------------------ Dataset: 8wi ------------------------
shape: (27, 1), dtype: uint16
Data:[[54]
 [53]
 [50]
 [55]
 [46]
 [51]
 [55]
 [56]
 [52]
 [57]
 [50]
 [45]
 [48]
 [32]
 [54]
 [53]
 [50]
 [55]
 [46]
 [51]
 [56]
 [50]
 [49]
 [55]
 [54]
 [45]
 [49]] 
------------------------ Dataset: 8wj ------------------------
shape: (27, 1), dtype: uint16
Data:[[54]
 [48]
 [50]
 [50]
 [46]
 [57]
 [53]
 [55]
 [56]
 [54]
 [49]
 [45]
 [48]
 [32]
 [54]
 [48]
 [50]
 [50]
 [46]
 [57]
 [53]
 [51]
 [57]
 [49]
 [53]
 [45]
 [49]] 
------------------------ Dataset: 8wk ------------------------
shape: (27, 1), dtype: uint16
Data:[[54]
 [48]
 [51]
 [56]
 [46]
 [55]
 [50]
 [50]
 [51]
 [48]
 [54]
 [45]
 [48]
 [32]
 [54]
 [48]
 [51]
 [56]
 [46]
 [55]
 [50]
 [50]
 [51]
 [48]
 [54]
 [45]
 [49]] 
------------------------ Dataset: 8wl ------------------------
shape: (27, 1), dtype: uint16
Data:[[54]
 [48]
 [53]
 [52]
 [46]
 [51]
 [54]
 [57]
 [55]
 [55]
 [57]
 [45]
 [48]
 [32]
 [54]
 [48]
 [53]
 [52]
 [46]
 [51]
 [55]
 [51]
 [55]
 [55]
 [50]
 [45]
 [49]] 
------------------------ Dataset: 8wm ------------------------
shape: (27, 1), dtype: uint16
Data:[[54]
 [48]
 [55]
 [48]
 [46]
 [51]
 [49]
 [51]
 [56]
 [54]
 [57]
 [45]
 [48]
 [32]
 [54]
 [48]
 [55]
 [48]
 [46]
 [51]
 [48]
 [57]
 [56]
 [54]
 [54]
 [45]
 [49]] 
------------------------ Dataset: 8wn ------------------------
shape: (39, 1), dtype: uint16
Data:[[53]
 [54]
 [51]
 [49]
 [46]
 [49]
 [56]
 [57]
 [55]
 [56]
 [51]
 [57]
 [57]
 [57]
 [57]
 [57]
 [57]
 [45]
 [48]
 [32]
 [53]
 [54]
 [51]
 [49]
 [46]
 [49]
 [57]
 [51]
 [53]
 [50]
 [48]
 [57]
 [57]
 [57]
 [57]
 [57]
 [57]
 [45]
 [49]] 
------------------------ Dataset: 8wo ------------------------
shape: (27, 1), dtype: uint16
Data:[[53]
 [54]
 [52]
 [54]
 [46]
 [56]
 [54]
 [53]
 [53]
 [53]
 [51]
 [45]
 [48]
 [32]
 [53]
 [54]
 [52]
 [54]
 [46]
 [56]
 [54]
 [49]
 [54]
 [54]
 [56]
 [45]
 [49]] 
------------------------ Dataset: 8wp ------------------------
shape: (39, 1), dtype: uint16
Data:[[53]
 [54]
 [54]
 [50]
 [46]
 [54]
 [48]
 [50]
 [51]
 [51]
 [54]
 [57]
 [57]
 [57]
 [57]
 [57]
 [57]
 [45]
 [48]
 [32]
 [53]
 [54]
 [54]
 [50]
 [46]
 [54]
 [48]
 [53]
 [53]
 [52]
 [52]
 [57]
 [57]
 [57]
 [57]
 [57]
 [57]
 [45]
 [49]] 
------------------------ Dataset: 8wq ------------------------
shape: (27, 1), dtype: uint16
Data:[[53]
 [54]
 [55]
 [56]
 [46]
 [51]
 [52]
 [53]
 [56]
 [51]
 [52]
 [45]
 [48]
 [32]
 [53]
 [54]
 [55]
 [56]
 [46]
 [51]
 [52]
 [51]
 [48]
 [56]
 [51]
 [45]
 [49]] 
------------------------ Dataset: 8wr ------------------------
shape: (40, 1), dtype: uint16
Data:[[53]
 [54]
 [57]
 [52]
 [46]
 [48]
 [56]
 [53]
 [53]
 [49]
 [56]
 [57]
 [57]
 [57]
 [57]
 [57]
 [57]
 [45]
 [48]
 [32]
 [53]
 [54]
 [57]
 [52]
 [46]
 [48]
 [56]
 [49]
 [53]
 [57]
 [57]
 [57]
 [57]
 [57]
 [57]
 [57]
 [57]
 [53]
 [45]
 [49]] 
------------------------ Dataset: 8ws ------------------------
shape: (40, 1), dtype: uint16
Data:[[54]
 [52]
 [49]
 [55]
 [46]
 [52]
 [48]
 [54]
 [51]
 [55]
 [49]
 [57]
 [57]
 [57]
 [57]
 [57]
 [57]
 [53]
 [45]
 [48]
 [32]
 [54]
 [52]
 [49]
 [55]
 [46]
 [52]
 [49]
 [48]
 [48]
 [53]
 [49]
 [57]
 [57]
 [57]
 [57]
 [57]
 [57]
 [45]
 [49]] 
------------------------ Dataset: 8wt ------------------------
shape: (26, 1), dtype: uint16
Data:[[54]
 [54]
 [48]
 [57]
 [46]
 [53]
 [48]
 [52]
 [53]
 [57]
 [49]
 [45]
 [48]
 [32]
 [54]
 [54]
 [48]
 [57]
 [46]
 [53]
 [48]
 [52]
 [53]
 [57]
 [45]
 [49]] 
------------------------ Dataset: 8wu ------------------------
shape: (34, 1), dtype: uint16
Data:[[54]
 [54]
 [50]
 [53]
 [46]
 [52]
 [52]
 [51]
 [54]
 [50]
 [51]
 [57]
 [57]
 [57]
 [57]
 [57]
 [57]
 [53]
 [45]
 [48]
 [32]
 [54]
 [54]
 [50]
 [53]
 [46]
 [52]
 [52]
 [54]
 [49]
 [51]
 [50]
 [45]
 [49]] 
------------------------ Dataset: 8wv ------------------------
shape: (27, 1), dtype: uint16
Data:[[54]
 [54]
 [52]
 [49]
 [46]
 [50]
 [50]
 [51]
 [51]
 [50]
 [50]
 [45]
 [48]
 [32]
 [54]
 [54]
 [52]
 [49]
 [46]
 [50]
 [50]
 [51]
 [51]
 [50]
 [50]
 [45]
 [49]] 
------------------------ Dataset: 8ww ------------------------
shape: (33, 1), dtype: uint16
Data:[[54]
 [54]
 [53]
 [54]
 [46]
 [56]
 [55]
 [56]
 [48]
 [56]
 [57]
 [57]
 [57]
 [57]
 [57]
 [57]
 [57]
 [45]
 [48]
 [32]
 [54]
 [54]
 [53]
 [54]
 [46]
 [56]
 [56]
 [50]
 [49]
 [50]
 [52]
 [45]
 [49]] 
------------------------ Dataset: 8wx ------------------------
shape: (34, 1), dtype: uint16
Data:[[54]
 [54]
 [55]
 [50]
 [46]
 [55]
 [56]
 [50]
 [49]
 [50]
 [56]
 [45]
 [48]
 [32]
 [54]
 [54]
 [55]
 [50]
 [46]
 [55]
 [55]
 [56]
 [49]
 [49]
 [53]
 [57]
 [57]
 [57]
 [57]
 [57]
 [57]
 [53]
 [45]
 [49]] 
------------------------ Dataset: 8wy ------------------------
shape: (32, 1), dtype: uint16
Data:[[54]
 [54]
 [56]
 [56]
 [46]
 [54]
 [56]
 [54]
 [49]
 [51]
 [45]
 [48]
 [32]
 [54]
 [54]
 [56]
 [56]
 [46]
 [54]
 [57]
 [48]
 [48]
 [55]
 [57]
 [57]
 [57]
 [57]
 [57]
 [57]
 [57]
 [45]
 [49]] 
------------------------ Dataset: 8wz ------------------------
shape: (26, 1), dtype: uint16
Data:[[53]
 [57]
 [48]
 [54]
 [46]
 [53]
 [56]
 [53]
 [55]
 [49]
 [50]
 [45]
 [48]
 [32]
 [53]
 [57]
 [48]
 [54]
 [46]
 [53]
 [56]
 [57]
 [55]
 [51]
 [45]
 [49]] 
------------------------ Dataset: 8x ------------------------
