shape: (1, 6), dtype: uint32
Data:[[3707764736          2          1          1       1384          1]] 
------------------------ Dataset: 4wb ------------------------
shape: (13, 1), dtype: uint16
Data:[[54]
 [55]
 [55]
 [48]
 [46]
 [51]
 [54]
 [50]
 [49]
 [52]
 [53]
 [45]
 [48]] 
------------------------ Dataset: 4wc ------------------------
shape: (34, 1), dtype: uint16
Data:[[54]
 [50]
 [56]
 [51]
 [46]
 [49]
 [51]
 [56]
 [49]
 [48]
 [55]
 [45]
 [48]
 [32]
 [54]
 [50]
 [56]
 [51]
 [46]
 [49]
 [51]
 [54]
 [56]
 [50]
 [49]
 [57]
 [57]
 [57]
 [57]
 [57]
 [57]
 [53]
 [45]
 [49]] 
------------------------ Dataset: 4wd ------------------------
shape: (27, 1), dtype: uint16
Data:[[54]
 [50]
 [57]
 [56]
 [46]
 [57]
 [49]
 [57]
 [48]
 [55]
 [55]
 [45]
 [48]
 [32]
 [54]
 [50]
 [57]
 [56]
 [46]
 [57]
 [49]
 [51]
 [57]
 [54]
 [53]
 [45]
 [49]] 
------------------------ Dataset: 4we ------------------------
shape: (33, 1), dtype: uint16
Data:[[54]
 [51]
 [49]
 [52]
 [46]
 [55]
 [55]
 [51]
 [57]
 [49]
 [51]
 [57]
 [57]
 [57]
 [57]
 [57]
 [57]
 [45]
 [48]
 [32]
 [54]
 [51]
 [49]
 [52]
 [46]
 [55]
 [55]
 [55]
 [57]
 [55]
 [55]
 [45]
 [49]] 
------------------------ Dataset: 4wf ------------------------
shape: (27, 1), dtype: uint16
Data:[[54]
 [51]
 [51]
 [48]
 [46]
 [54]
 [48]
 [53]
 [56]
 [54]
 [56]
 [45]
 [48]
 [32]
 [54]
 [51]
 [51]
 [48]
 [46]
 [54]
 [49]
 [48]
 [48]
 [53]
 [57]
 [45]
 [49]] 
------------------------ Dataset: 4wg ------------------------
shape: (33, 1), dtype: uint16
Data:[[54]
 [51]
 [52]
 [54]
 [46]
 [52]
 [52]
 [53]
 [57]
 [53]
 [49]
 [45]
 [48]
 [32]
 [54]
 [51]
 [52]
 [54]
 [46]
 [52]
 [52]
 [57]
 [56]
 [54]
 [51]
 [57]
 [57]
 [57]
 [57]
 [57]
 [57]
 [45]
 [49]] 
------------------------ Dataset: 4wh ------------------------
shape: (34, 1), dtype: uint16
Data:[[54]
 [53]
 [49]
 [49]
 [46]
 [53]
 [51]
 [48]
 [54]
 [56]
 [54]
 [57]
 [57]
 [57]
 [57]
 [57]
 [57]
 [53]
 [45]
 [48]
 [32]
 [54]
 [53]
 [49]
 [49]
 [46]
 [53]
 [51]
 [56]
 [53]
 [50]
 [50]
 [45]
 [49]] 
------------------------ Dataset: 4wi ------------------------
shape: (27, 1), dtype: uint16
Data:[[54]
 [53]
 [50]
 [55]
 [46]
 [51]
 [54]
 [51]
 [49]
 [52]
 [51]
 [45]
 [48]
 [32]
 [54]
 [53]
 [50]
 [55]
 [46]
 [51]
 [54]
 [54]
 [55]
 [52]
 [51]
 [45]
 [49]] 
------------------------ Dataset: 4wj ------------------------
shape: (27, 1), dtype: uint16
Data:[[54]
 [48]
 [50]
 [50]
 [46]
 [57]
 [52]
 [49]
 [56]
 [54]
 [55]
 [45]
 [48]
 [32]
 [54]
 [48]
 [50]
 [50]
 [46]
 [57]
 [51]
 [55]
 [56]
 [53]
 [53]
 [45]
 [49]] 
------------------------ Dataset: 4wk ------------------------
shape: (33, 1), dtype: uint16
Data:[[54]
 [48]
 [51]
 [56]
 [46]
 [55]
 [48]
 [54]
 [48]
 [56]
 [53]
 [57]
 [57]
 [57]
 [57]
 [57]
 [57]
 [45]
 [48]
 [32]
 [54]
 [48]
 [51]
 [56]
 [46]
 [55]
 [48]
 [53]
 [57]
 [53]
 [56]
 [45]
 [49]] 
------------------------ Dataset: 4wl ------------------------
shape: (40, 1), dtype: uint16
Data:[[54]
 [48]
 [53]
 [52]
 [46]
 [51]
 [53]
 [51]
 [55]
 [52]
 [55]
 [57]
 [57]
 [57]
 [57]
 [57]
 [57]
 [53]
 [45]
 [48]
 [32]
 [54]
 [48]
 [53]
 [52]
 [46]
 [51]
 [54]
 [51]
 [53]
 [48]
 [57]
 [57]
 [57]
 [57]
 [57]
 [57]
 [57]
 [45]
 [49]] 
------------------------ Dataset: 4wm ------------------------
shape: (33, 1), dtype: uint16
Data:[[54]
 [48]
 [55]
 [48]
 [46]
 [50]
 [57]
 [55]
 [57]
 [52]
 [57]
 [57]
 [57]
 [57]
 [57]
 [57]
 [57]
 [45]
 [48]
 [32]
 [54]
 [48]
 [55]
 [48]
 [46]
 [50]
 [57]
 [51]
 [56]
 [51]
 [52]
 [45]
 [49]] 
------------------------ Dataset: 4wn ------------------------
shape: (33, 1), dtype: uint16
Data:[[53]
 [54]
 [51]
 [49]
 [46]
 [49]
 [55]
 [52]
 [48]
 [54]
 [54]
 [45]
 [48]
 [32]
 [53]
 [54]
 [51]
 [49]
 [46]
 [49]
 [55]
 [55]
 [54]
 [52]
 [56]
 [57]
 [57]
 [57]
 [57]
 [57]
 [57]
 [45]
 [49]] 
------------------------ Dataset: 4wo ------------------------
shape: (27, 1), dtype: uint16
Data:[[53]
 [54]
 [52]
 [54]
 [46]
 [56]
 [52]
 [57]
 [53]
 [55]
 [55]
 [45]
 [48]
 [32]
 [53]
 [54]
 [52]
 [54]
 [46]
 [56]
 [52]
 [54]
 [51]
 [50]
 [54]
 [45]
 [49]] 
------------------------ Dataset: 4wp ------------------------
shape: (27, 1), dtype: uint16
Data:[[53]
 [54]
 [54]
 [50]
 [46]
 [53]
 [56]
 [53]
 [54]
 [52]
 [50]
 [45]
 [48]
 [32]
 [53]
 [54]
 [54]
 [50]
 [46]
 [53]
 [56]
 [57]
 [53]
 [51]
 [57]
 [45]
 [49]] 
------------------------ Dataset: 4wq ------------------------
shape: (34, 1), dtype: uint16
Data:[[53]
 [54]
 [55]
 [56]
 [46]
 [51]
 [50]
 [53]
 [52]
 [57]
 [55]
 [45]
 [48]
 [32]
 [53]
 [54]
 [55]
 [56]
 [46]
 [51]
 [50]
 [53]
 [52]
 [57]
 [53]
 [57]
 [57]
 [57]
 [57]
 [57]
 [57]
 [53]
 [45]
 [49]] 
------------------------ Dataset: 4wr ------------------------
shape: (39, 1), dtype: uint16
Data:[[53]
 [54]
 [57]
 [52]
 [46]
 [48]
 [54]
 [57]
 [54]
 [51]
 [53]
 [57]
 [57]
 [57]
 [57]
 [57]
 [57]
 [45]
 [48]
 [32]
 [53]
 [54]
 [57]
 [52]
 [46]
 [48]
 [54]
 [53]
 [53]
 [56]
 [57]
 [57]
 [57]
 [57]
 [57]
 [57]
 [57]
 [45]
 [49]] 
------------------------ Dataset: 4ws ------------------------
shape: (33, 1), dtype: uint16
Data:[[54]
 [52]
 [49]
 [55]
 [46]
 [51]
 [56]
 [57]
 [57]
 [51]
 [52]
 [57]
 [57]
 [57]
 [57]
 [57]
 [57]
 [45]
 [48]
 [32]
 [54]
 [52]
 [49]
 [55]
 [46]
 [51]
 [57]
 [52]
 [48]
 [54]
 [49]
 [45]
 [49]] 
------------------------ Dataset: 4wt ------------------------
shape: (27, 1), dtype: uint16
Data:[[54]
 [54]
 [48]
 [57]
 [46]
 [52]
 [57]
 [49]
 [51]
 [49]
 [52]
 [45]
 [48]
 [32]
 [54]
 [54]
 [48]
 [57]
 [46]
 [52]
 [56]
 [53]
 [50]
 [54]
 [52]
 [45]
 [49]] 
------------------------ Dataset: 4wu ------------------------
shape: (27, 1), dtype: uint16
Data:[[54]
 [54]
 [50]
 [53]
 [46]
 [52]
 [50]
 [54]
 [49]
 [56]
 [57]
 [45]
 [48]
 [32]
 [54]
 [54]
 [50]
 [53]
 [46]
 [52]
 [51]
 [48]
 [51]
 [53]
 [54]
 [45]
 [49]] 
------------------------ Dataset: 4wv ------------------------
shape: (27, 1), dtype: uint16
Data:[[54]
 [54]
 [52]
 [49]
 [46]
 [50]
 [48]
 [54]
 [50]
 [56]
 [52]
 [45]
 [48]
 [32]
 [54]
 [54]
 [52]
 [49]
 [46]
 [50]
 [48]
 [50]
 [48]
 [55]
 [57]
 [45]
 [49]] 
------------------------ Dataset: 4ww ------------------------
shape: (32, 1), dtype: uint16
Data:[[54]
 [54]
 [53]
 [54]
 [46]
 [56]
 [55]
 [48]
 [50]
 [56]
 [45]
 [48]
 [32]
 [54]
 [54]
 [53]
 [54]
 [46]
 [56]
 [54]
 [51]
 [56]
 [57]
 [57]
 [57]
 [57]
 [57]
 [57]
 [57]
 [57]
 [45]
 [49]] 
------------------------ Dataset: 4wx ------------------------
shape: (27, 1), dtype: uint16
Data:[[54]
 [54]
 [55]
 [50]
 [46]
 [55]
 [54]
 [54]
 [55]
 [50]
 [51]
 [45]
 [48]
 [32]
 [54]
 [54]
 [55]
 [50]
 [46]
 [55]
 [54]
 [50]
 [48]
 [55]
 [53]
 [45]
 [49]] 
------------------------ Dataset: 4wy ------------------------
shape: (27, 1), dtype: uint16
Data:[[54]
 [54]
 [56]
 [56]
 [46]
 [54]
 [55]
 [48]
 [48]
 [56]
 [50]
 [45]
 [48]
 [32]
 [54]
 [54]
 [56]
 [56]
 [46]
 [54]
 [55]
 [52]
 [51]
 [52]
 [56]
 [45]
 [49]] 
------------------------ Dataset: 4wz ------------------------
shape: (39, 1), dtype: uint16
Data:[[53]
 [57]
 [48]
 [54]
 [46]
 [53]
 [54]
 [57]
 [57]
 [50]
 [51]
 [57]
 [57]
 [57]
 [57]
 [57]
 [57]
 [45]
 [48]
 [32]
 [53]
 [57]
 [48]
 [54]
 [46]
 [53]
 [55]
 [51]
 [56]
 [49]
 [56]
 [57]
 [57]
 [57]
 [57]
 [57]
 [57]
 [45]
 [49]] 
------------------------ Dataset: 4x ------------------------
