shape: (1, 6), dtype: uint32
Data:[[3707764736          2          1          1       1976          1]] 
------------------------ Dataset: PGb ------------------------
shape: (39, 1), dtype: uint16
Data:[[54]
 [55]
 [55]
 [50]
 [46]
 [56]
 [52]
 [50]
 [51]
 [52]
 [55]
 [57]
 [57]
 [57]
 [57]
 [57]
 [57]
 [45]
 [48]
 [32]
 [54]
 [55]
 [55]
 [50]
 [46]
 [56]
 [52]
 [53]
 [53]
 [52]
 [50]
 [57]
 [57]
 [57]
 [57]
 [57]
 [57]
 [45]
 [49]] 
------------------------ Dataset: PGc ------------------------
shape: (27, 1), dtype: uint16
Data:[[54]
 [50]
 [56]
 [53]
 [46]
 [54]
 [51]
 [49]
 [52]
 [51]
 [51]
 [45]
 [48]
 [32]
 [54]
 [50]
 [56]
 [53]
 [46]
 [54]
 [51]
 [52]
 [53]
 [55]
 [52]
 [45]
 [49]] 
------------------------ Dataset: PGd ------------------------
shape: (33, 1), dtype: uint16
Data:[[54]
 [51]
 [48]
 [49]
 [46]
 [51]
 [57]
 [51]
 [57]
 [54]
 [55]
 [57]
 [57]
 [57]
 [57]
 [57]
 [57]
 [45]
 [48]
 [32]
 [54]
 [51]
 [48]
 [49]
 [46]
 [51]
 [56]
 [54]
 [49]
 [55]
 [57]
 [45]
 [49]] 
------------------------ Dataset: PGe ------------------------
shape: (27, 1), dtype: uint16
Data:[[54]
 [51]
 [49]
 [55]
 [46]
 [50]
 [53]
 [55]
 [56]
 [50]
 [54]
 [45]
 [48]
 [32]
 [54]
 [51]
 [49]
 [55]
 [46]
 [50]
 [54]
 [49]
 [56]
 [52]
 [52]
 [45]
 [49]] 
------------------------ Dataset: PGf ------------------------
shape: (39, 1), dtype: uint16
Data:[[54]
 [51]
 [51]
 [51]
 [46]
 [48]
 [57]
 [56]
 [51]
 [50]
 [53]
 [57]
 [57]
 [57]
 [57]
 [57]
 [57]
 [45]
 [48]
 [32]
 [54]
 [51]
 [51]
 [51]
 [46]
 [48]
 [57]
 [52]
 [53]
 [50]
 [57]
 [57]
 [57]
 [57]
 [57]
 [57]
 [57]
 [45]
 [49]] 
------------------------ Dataset: PGg ------------------------
shape: (27, 1), dtype: uint16
Data:[[54]
 [52]
 [57]
 [56]
 [46]
 [50]
 [52]
 [51]
 [49]
 [57]
 [55]
 [45]
 [48]
 [32]
 [54]
 [52]
 [57]
 [56]
 [46]
 [50]
 [52]
 [55]
 [48]
 [50]
 [56]
 [45]
 [49]] 
------------------------ Dataset: PGh ------------------------
shape: (33, 1), dtype: uint16
Data:[[54]
 [53]
 [49]
 [52]
 [46]
 [48]
 [52]
 [55]
 [53]
 [51]
 [54]
 [45]
 [48]
 [32]
 [54]
 [53]
 [49]
 [52]
 [46]
 [48]
 [52]
 [50]
 [48]
 [53]
 [56]
 [57]
 [57]
 [57]
 [57]
 [57]
 [57]
 [45]
 [49]] 
------------------------ Dataset: PGi ------------------------
shape: (27, 1), dtype: uint16
Data:[[54]
 [53]
 [50]
 [57]
 [46]
 [56]
 [52]
 [54]
 [48]
 [50]
 [53]
 [45]
 [48]
 [32]
 [54]
 [53]
 [50]
 [57]
 [46]
 [56]
 [53]
 [48]
 [49]
 [48]
 [54]
 [45]
 [49]] 
------------------------ Dataset: PGj ------------------------
shape: (33, 1), dtype: uint16
Data:[[54]
 [48]
 [50]
 [53]
 [46]
 [52]
 [48]
 [57]
 [55]
 [50]
 [57]
 [57]
 [57]
 [57]
 [57]
 [57]
 [57]
 [45]
 [48]
 [32]
 [54]
 [48]
 [50]
 [53]
 [46]
 [52]
 [48]
 [53]
 [55]
 [55]
 [49]
 [45]
 [49]] 
------------------------ Dataset: PGk ------------------------
shape: (39, 1), dtype: uint16
Data:[[54]
 [48]
 [52]
 [49]
 [46]
 [49]
 [53]
 [53]
 [57]
 [51]
 [48]
 [57]
 [57]
 [57]
 [57]
 [57]
 [57]
 [45]
 [48]
 [32]
 [54]
 [48]
 [52]
 [49]
 [46]
 [49]
 [53]
 [51]
 [52]
 [49]
 [48]
 [57]
 [57]
 [57]
 [57]
 [57]
 [57]
 [45]
 [49]] 
------------------------ Dataset: PGl ------------------------
shape: (26, 1), dtype: uint16
Data:[[54]
 [48]
 [53]
 [54]
 [46]
 [56]
 [54]
 [57]
 [55]
 [56]
 [50]
 [45]
 [48]
 [32]
 [54]
 [48]
 [53]
 [54]
 [46]
 [56]
 [55]
 [51]
 [55]
 [57]
 [45]
 [49]] 
------------------------ Dataset: PGm ------------------------
shape: (33, 1), dtype: uint16
Data:[[54]
 [48]
 [55]
 [50]
 [46]
 [55]
 [54]
 [54]
 [55]
 [50]
 [54]
 [57]
 [57]
 [57]
 [57]
 [57]
 [57]
 [45]
 [48]
 [32]
 [54]
 [48]
 [55]
 [50]
 [46]
 [55]
 [55]
 [48]
 [49]
 [50]
 [52]
 [45]
 [49]] 
------------------------ Dataset: PGn ------------------------
shape: (13, 1), dtype: uint16
Data:[[53]
 [54]
 [51]
 [51]
 [46]
 [54]
 [51]
 [55]
 [57]
 [48]
 [54]
 [45]
 [49]] 
------------------------ Dataset: PGo ------------------------
shape: (39, 1), dtype: uint16
Data:[[53]
 [54]
 [52]
 [57]
 [46]
 [51]
 [50]
 [53]
 [55]
 [48]
 [55]
 [57]
 [57]
 [57]
 [57]
 [57]
 [57]
 [45]
 [48]
 [32]
 [53]
 [54]
 [52]
 [57]
 [46]
 [51]
 [50]
 [48]
 [51]
 [48]
 [52]
 [57]
 [57]
 [57]
 [57]
 [57]
 [57]
 [45]
 [49]] 
------------------------ Dataset: PGp ------------------------
shape: (34, 1), dtype: uint16
Data:[[53]
 [54]
 [54]
 [53]
 [46]
 [48]
 [53]
 [51]
 [56]
 [50]
 [56]
 [45]
 [48]
 [32]
 [53]
 [54]
 [54]
 [53]
 [46]
 [48]
 [52]
 [57]
 [53]
 [51]
 [53]
 [57]
 [57]
 [57]
 [57]
 [57]
 [57]
 [53]
 [45]
 [49]] 
------------------------ Dataset: PGq ------------------------
shape: (27, 1), dtype: uint16
Data:[[53]
 [54]
 [56]
 [48]
 [46]
 [56]
 [49]
 [48]
 [56]
 [52]
 [53]
 [45]
 [48]
 [32]
 [53]
 [54]
 [56]
 [48]
 [46]
 [56]
 [48]
 [55]
 [54]
 [55]
 [49]
 [45]
 [49]] 
------------------------ Dataset: PGr ------------------------
shape: (27, 1), dtype: uint16
Data:[[53]
 [56]
 [48]
 [55]
 [46]
 [49]
 [49]
 [48]
 [57]
 [49]
 [50]
 [45]
 [48]
 [32]
 [53]
 [56]
 [48]
 [55]
 [46]
 [49]
 [48]
 [56]
 [52]
 [48]
 [52]
 [45]
 [49]] 
------------------------ Dataset: PGs ------------------------
shape: (27, 1), dtype: uint16
Data:[[54]
 [52]
 [49]
 [57]
 [46]
 [56]
 [56]
 [52]
 [54]
 [56]
 [52]
 [45]
 [48]
 [32]
 [54]
 [52]
 [49]
 [57]
 [46]
 [56]
 [56]
 [55]
 [54]
 [55]
 [50]
 [45]
 [49]] 
------------------------ Dataset: PGt ------------------------
shape: (33, 1), dtype: uint16
Data:[[54]
 [54]
 [49]
 [49]
 [46]
 [57]
 [57]
 [48]
 [48]
 [49]
 [49]
 [45]
 [48]
 [32]
 [54]
 [54]
 [49]
 [49]
 [46]
 [57]
 [56]
 [54]
 [48]
 [49]
 [49]
 [57]
 [57]
 [57]
 [57]
 [57]
 [57]
 [45]
 [49]] 
------------------------ Dataset: PGu ------------------------
shape: (34, 1), dtype: uint16
Data:[[54]
 [54]
 [50]
 [55]
 [46]
 [57]
 [48]
 [50]
 [49]
 [56]
 [52]
 [45]
 [48]
 [32]
 [54]
 [54]
 [50]
 [55]
 [46]
 [57]
 [48]
 [48]
 [50]
 [52]
 [51]
 [57]
 [57]
 [57]
 [57]
 [57]
 [57]
 [53]
 [45]
 [49]] 
------------------------ Dataset: PGv ------------------------
shape: (27, 1), dtype: uint16
Data:[[54]
 [54]
 [52]
 [51]
 [46]
 [54]
 [53]
 [52]
 [49]
 [49]
 [55]
 [45]
 [48]
 [32]
 [54]
 [54]
 [52]
 [51]
 [46]
 [54]
 [53]
 [48]
 [53]
 [54]
 [50]
 [45]
 [49]] 
------------------------ Dataset: PGw ------------------------
shape: (34, 1), dtype: uint16
Data:[[54]
 [54]
 [53]
 [57]
 [46]
 [51]
 [57]
 [52]
 [49]
 [51]
 [54]
 [45]
 [48]
 [32]
 [54]
 [54]
 [53]
 [57]
 [46]
 [51]
 [57]
 [48]
 [49]
 [54]
 [51]
 [57]
 [57]
 [57]
 [57]
 [57]
 [57]
 [53]
 [45]
 [49]] 
------------------------ Dataset: PGx ------------------------
shape: (33, 1), dtype: uint16
Data:[[54]
 [54]
 [55]
 [53]
 [46]
 [50]
 [55]
 [52]
 [51]
 [52]
 [53]
 [57]
 [57]
 [57]
 [57]
 [57]
 [57]
 [45]
 [48]
 [32]
 [54]
 [54]
 [55]
 [53]
 [46]
 [50]
 [55]
 [50]
 [56]
 [49]
 [51]
 [45]
 [49]] 
------------------------ Dataset: PGy ------------------------
shape: (26, 1), dtype: uint16
Data:[[54]
 [54]
 [57]
 [49]
 [46]
 [49]
 [55]
 [49]
 [55]
 [49]
 [45]
 [48]
 [32]
 [54]
 [54]
 [57]
 [49]
 [46]
 [49]
 [56]
 [48]
 [50]
 [55]
 [54]
 [45]
 [49]] 
------------------------ Dataset: PGz ------------------------
shape: (25, 1), dtype: uint16
Data:[[53]
 [57]
 [48]
 [57]
 [46]
 [48]
 [53]
 [51]
 [55]
 [53]
 [45]
 [48]
 [32]
 [53]
 [57]
 [48]
 [57]
 [46]
 [48]
 [52]
 [57]
 [55]
 [54]
 [45]
 [49]] 
------------------------ Dataset: PH ------------------------
