shape: (1, 6), dtype: uint32
Data:[[3707764736          2          1          1        739          1]] 
------------------------ Dataset: omb ------------------------
shape: (27, 1), dtype: uint16
Data:[[54]
 [55]
 [54]
 [55]
 [46]
 [54]
 [51]
 [52]
 [51]
 [49]
 [55]
 [45]
 [48]
 [32]
 [54]
 [55]
 [54]
 [55]
 [46]
 [54]
 [51]
 [48]
 [50]
 [53]
 [50]
 [45]
 [49]] 
------------------------ Dataset: omc ------------------------
shape: (39, 1), dtype: uint16
Data:[[54]
 [50]
 [56]
 [48]
 [46]
 [52]
 [49]
 [55]
 [57]
 [52]
 [55]
 [57]
 [57]
 [57]
 [57]
 [57]
 [57]
 [45]
 [48]
 [32]
 [54]
 [50]
 [56]
 [48]
 [46]
 [52]
 [49]
 [51]
 [56]
 [56]
 [50]
 [57]
 [57]
 [57]
 [57]
 [57]
 [57]
 [45]
 [49]] 
------------------------ Dataset: omd ------------------------
shape: (34, 1), dtype: uint16
Data:[[54]
 [50]
 [57]
 [54]
 [46]
 [49]
 [57]
 [51]
 [54]
 [53]
 [52]
 [45]
 [48]
 [32]
 [54]
 [50]
 [57]
 [54]
 [46]
 [49]
 [57]
 [51]
 [56]
 [54]
 [50]
 [57]
 [57]
 [57]
 [57]
 [57]
 [57]
 [53]
 [45]
 [49]] 
------------------------ Dataset: ome ------------------------
shape: (40, 1), dtype: uint16
Data:[[54]
 [51]
 [49]
 [50]
 [46]
 [48]
 [51]
 [48]
 [54]
 [49]
 [57]
 [57]
 [57]
 [57]
 [57]
 [57]
 [57]
 [53]
 [45]
 [48]
 [32]
 [54]
 [51]
 [49]
 [50]
 [46]
 [48]
 [52]
 [50]
 [53]
 [49]
 [50]
 [57]
 [57]
 [57]
 [57]
 [57]
 [57]
 [45]
 [49]] 
------------------------ Dataset: omf ------------------------
shape: (34, 1), dtype: uint16
Data:[[54]
 [51]
 [50]
 [55]
 [46]
 [57]
 [49]
 [48]
 [53]
 [51]
 [50]
 [45]
 [48]
 [32]
 [54]
 [51]
 [50]
 [55]
 [46]
 [57]
 [49]
 [51]
 [57]
 [56]
 [50]
 [57]
 [57]
 [57]
 [57]
 [57]
 [57]
 [53]
 [45]
 [49]] 
------------------------ Dataset: omg ------------------------
shape: (39, 1), dtype: uint16
Data:[[54]
 [51]
 [52]
 [51]
 [46]
 [55]
 [50]
 [53]
 [57]
 [52]
 [55]
 [57]
 [57]
 [57]
 [57]
 [57]
 [57]
 [45]
 [48]
 [32]
 [54]
 [51]
 [52]
 [51]
 [46]
 [55]
 [51]
 [49]
 [48]
 [56]
 [57]
 [57]
 [57]
 [57]
 [57]
 [57]
 [57]
 [45]
 [49]] 
------------------------ Dataset: omh ------------------------
shape: (27, 1), dtype: uint16
Data:[[54]
 [53]
 [48]
 [56]
 [46]
 [56]
 [49]
 [56]
 [48]
 [51]
 [55]
 [45]
 [48]
 [32]
 [54]
 [53]
 [48]
 [56]
 [46]
 [56]
 [50]
 [50]
 [49]
 [50]
 [53]
 [45]
 [49]] 
------------------------ Dataset: omi ------------------------
shape: (34, 1), dtype: uint16
Data:[[54]
 [53]
 [50]
 [52]
 [46]
 [54]
 [52]
 [50]
 [48]
 [56]
 [54]
 [45]
 [48]
 [32]
 [54]
 [53]
 [50]
 [52]
 [46]
 [54]
 [51]
 [56]
 [48]
 [52]
 [54]
 [57]
 [57]
 [57]
 [57]
 [57]
 [57]
 [53]
 [45]
 [49]] 
------------------------ Dataset: omj ------------------------
shape: (33, 1), dtype: uint16
Data:[[54]
 [48]
 [50]
 [48]
 [46]
 [50]
 [49]
 [51]
 [55]
 [52]
 [49]
 [45]
 [48]
 [32]
 [54]
 [48]
 [50]
 [48]
 [46]
 [50]
 [48]
 [57]
 [56]
 [56]
 [52]
 [57]
 [57]
 [57]
 [57]
 [57]
 [57]
 [45]
 [49]] 
------------------------ Dataset: omk ------------------------
shape: (32, 1), dtype: uint16
Data:[[54]
 [48]
 [51]
 [54]
 [46]
 [48]
 [51]
 [57]
 [48]
 [55]
 [45]
 [48]
 [32]
 [54]
 [48]
 [51]
 [54]
 [46]
 [48]
 [50]
 [53]
 [55]
 [55]
 [55]
 [57]
 [57]
 [57]
 [57]
 [57]
 [57]
 [45]
 [49]] 
------------------------ Dataset: oml ------------------------
shape: (27, 1), dtype: uint16
Data:[[54]
 [48]
 [53]
 [49]
 [46]
 [54]
 [50]
 [53]
 [55]
 [57]
 [52]
 [45]
 [48]
 [32]
 [54]
 [48]
 [53]
 [49]
 [46]
 [54]
 [50]
 [57]
 [56]
 [52]
 [54]
 [45]
 [49]] 
------------------------ Dataset: omm ------------------------
shape: (27, 1), dtype: uint16
Data:[[54]
 [48]
 [54]
 [55]
 [46]
 [53]
 [51]
 [48]
 [51]
 [55]
 [57]
 [45]
 [48]
 [32]
 [54]
 [48]
 [54]
 [55]
 [46]
 [53]
 [51]
 [51]
 [56]
 [48]
 [50]
 [45]
 [49]] 
------------------------ Dataset: omn ------------------------
shape: (39, 1), dtype: uint16
Data:[[54]
 [48]
 [56]
 [51]
 [46]
 [52]
 [56]
 [49]
 [55]
 [55]
 [55]
 [57]
 [57]
 [57]
 [57]
 [57]
 [57]
 [45]
 [48]
 [32]
 [54]
 [48]
 [56]
 [51]
 [46]
 [52]
 [56]
 [53]
 [55]
 [53]
 [56]
 [57]
 [57]
 [57]
 [57]
 [57]
 [57]
 [45]
 [49]] 
------------------------ Dataset: omo ------------------------
shape: (27, 1), dtype: uint16
Data:[[53]
 [54]
 [52]
 [52]
 [46]
 [49]
 [53]
 [57]
 [51]
 [57]
 [50]
 [45]
 [48]
 [32]
 [53]
 [54]
 [52]
 [52]
 [46]
 [49]
 [53]
 [57]
 [51]
 [57]
 [50]
 [45]
 [49]] 
------------------------ Dataset: omp ------------------------
shape: (27, 1), dtype: uint16
Data:[[53]
 [54]
 [53]
 [57]
 [46]
 [57]
 [49]
 [57]
 [49]
 [53]
 [53]
 [45]
 [48]
 [32]
 [53]
 [54]
 [53]
 [57]
 [46]
 [57]
 [49]
 [52]
 [56]
 [52]
 [54]
 [45]
 [49]] 
------------------------ Dataset: omq ------------------------
shape: (33, 1), dtype: uint16
Data:[[53]
 [54]
 [55]
 [53]
 [46]
 [54]
 [48]
 [57]
 [55]
 [54]
 [52]
 [57]
 [57]
 [57]
 [57]
 [57]
 [57]
 [45]
 [48]
 [32]
 [53]
 [54]
 [55]
 [53]
 [46]
 [54]
 [48]
 [53]
 [54]
 [51]
 [50]
 [45]
 [49]] 
------------------------ Dataset: omr ------------------------
shape: (33, 1), dtype: uint16
Data:[[53]
 [54]
 [57]
 [49]
 [46]
 [51]
 [57]
 [55]
 [52]
 [54]
 [50]
 [45]
 [48]
 [32]
 [53]
 [54]
 [57]
 [49]
 [46]
 [51]
 [57]
 [54]
 [56]
 [52]
 [52]
 [57]
 [57]
 [57]
 [57]
 [57]
 [57]
 [45]
 [49]] 
------------------------ Dataset: oms ------------------------
shape: (34, 1), dtype: uint16
Data:[[54]
 [52]
 [49]
 [52]
 [46]
 [54]
 [54]
 [48]
 [53]
 [51]
 [48]
 [57]
 [57]
 [57]
 [57]
 [57]
 [57]
 [53]
 [45]
 [48]
 [32]
 [54]
 [52]
 [49]
 [52]
 [46]
 [54]
 [54]
 [48]
 [54]
 [55]
 [50]
 [45]
 [49]] 
------------------------ Dataset: omt ------------------------
shape: (27, 1), dtype: uint16
Data:[[54]
 [54]
 [48]
 [54]
 [46]
 [55]
 [51]
 [56]
 [49]
 [52]
 [57]
 [45]
 [48]
 [32]
 [54]
 [54]
 [48]
 [54]
 [46]
 [55]
 [51]
 [52]
 [48]
 [54]
 [53]
 [45]
 [49]] 
------------------------ Dataset: omu ------------------------
shape: (34, 1), dtype: uint16
Data:[[54]
 [54]
 [50]
 [50]
 [46]
 [54]
 [57]
 [53]
 [51]
 [57]
 [51]
 [45]
 [48]
 [32]
 [54]
 [54]
 [50]
 [50]
 [46]
 [54]
 [57]
 [53]
 [53]
 [51]
 [51]
 [57]
 [57]
 [57]
 [57]
 [57]
 [57]
 [53]
 [45]
 [49]] 
------------------------ Dataset: omv ------------------------
shape: (33, 1), dtype: uint16
Data:[[54]
 [54]
 [51]
 [56]
 [46]
 [53]
 [51]
 [56]
 [50]
 [53]
 [57]
 [45]
 [48]
 [32]
 [54]
 [54]
 [51]
 [56]
 [46]
 [53]
 [52]
 [50]
 [49]
 [54]
 [53]
 [57]
 [57]
 [57]
 [57]
 [57]
 [57]
 [45]
 [49]] 
------------------------ Dataset: omw ------------------------
shape: (34, 1), dtype: uint16
Data:[[54]
 [54]
 [53]
 [52]
 [46]
 [49]
 [50]
 [54]
 [50]
 [57]
 [50]
 [45]
 [48]
 [32]
 [54]
 [54]
 [53]
 [52]
 [46]
 [49]
 [51]
 [48]
 [49]
 [57]
 [54]
 [57]
 [57]
 [57]
 [57]
 [57]
 [57]
 [53]
 [45]
 [49]] 
------------------------ Dataset: omx ------------------------
shape: (33, 1), dtype: uint16
Data:[[54]
 [54]
 [55]
 [48]
 [46]
 [48]
 [50]
 [50]
 [49]
 [56]
 [51]
 [45]
 [48]
 [32]
 [54]
 [54]
 [55]
 [48]
 [46]
 [48]
 [49]
 [56]
 [53]
 [50]
 [54]
 [57]
 [57]
 [57]
 [57]
 [57]
 [57]
 [45]
 [49]] 
------------------------ Dataset: omy ------------------------
shape: (27, 1), dtype: uint16
Data:[[54]
 [54]
 [56]
 [53]
 [46]
 [57]
 [52]
 [50]
 [48]
 [57]
 [51]
 [45]
 [48]
 [32]
 [54]
 [54]
 [56]
 [53]
 [46]
 [57]
 [52]
 [54]
 [51]
 [56]
 [49]
 [45]
 [49]] 
------------------------ Dataset: omz ------------------------
shape: (34, 1), dtype: uint16
Data:[[53]
 [57]
 [48]
 [51]
 [46]
 [56]
 [53]
 [55]
 [57]
 [57]
 [54]
 [45]
 [48]
 [32]
 [53]
 [57]
 [48]
 [51]
 [46]
 [56]
 [54]
 [49]
 [54]
 [56]
 [51]
 [57]
 [57]
 [57]
 [57]
 [57]
 [57]
 [53]
 [45]
 [49]] 
------------------------ Dataset: on ------------------------
