shape: (1, 6), dtype: uint32
Data:[[3707764736          2          1          1       1390          1]] 
------------------------ Dataset: 0wb ------------------------
shape: (19, 1), dtype: uint16
Data:[[54]
 [55]
 [55]
 [48]
 [46]
 [51]
 [56]
 [54]
 [53]
 [50]
 [53]
 [57]
 [57]
 [57]
 [57]
 [57]
 [57]
 [45]
 [49]] 
------------------------ Dataset: 0wc ------------------------
shape: (33, 1), dtype: uint16
Data:[[54]
 [50]
 [56]
 [51]
 [46]
 [49]
 [53]
 [55]
 [57]
 [50]
 [57]
 [57]
 [57]
 [57]
 [57]
 [57]
 [57]
 [45]
 [48]
 [32]
 [54]
 [50]
 [56]
 [51]
 [46]
 [49]
 [53]
 [55]
 [57]
 [53]
 [54]
 [45]
 [49]] 
------------------------ Dataset: 0wd ------------------------
shape: (33, 1), dtype: uint16
Data:[[54]
 [50]
 [57]
 [56]
 [46]
 [57]
 [52]
 [52]
 [49]
 [51]
 [48]
 [57]
 [57]
 [57]
 [57]
 [57]
 [57]
 [45]
 [48]
 [32]
 [54]
 [50]
 [57]
 [56]
 [46]
 [57]
 [51]
 [56]
 [48]
 [48]
 [56]
 [45]
 [49]] 
------------------------ Dataset: 0we ------------------------
shape: (39, 1), dtype: uint16
Data:[[54]
 [51]
 [49]
 [52]
 [46]
 [55]
 [57]
 [55]
 [56]
 [51]
 [57]
 [57]
 [57]
 [57]
 [57]
 [57]
 [57]
 [45]
 [48]
 [32]
 [54]
 [51]
 [49]
 [52]
 [46]
 [56]
 [48]
 [49]
 [56]
 [54]
 [57]
 [57]
 [57]
 [57]
 [57]
 [57]
 [57]
 [45]
 [49]] 
------------------------ Dataset: 0wf ------------------------
shape: (32, 1), dtype: uint16
Data:[[54]
 [51]
 [51]
 [48]
 [46]
 [54]
 [51]
 [49]
 [51]
 [52]
 [51]
 [57]
 [57]
 [57]
 [57]
 [57]
 [57]
 [45]
 [48]
 [32]
 [54]
 [51]
 [51]
 [48]
 [46]
 [54]
 [51]
 [52]
 [52]
 [51]
 [45]
 [49]] 
------------------------ Dataset: 0wg ------------------------
shape: (34, 1), dtype: uint16
Data:[[54]
 [51]
 [52]
 [54]
 [46]
 [52]
 [54]
 [57]
 [57]
 [48]
 [55]
 [45]
 [48]
 [32]
 [54]
 [51]
 [52]
 [54]
 [46]
 [52]
 [55]
 [53]
 [56]
 [51]
 [50]
 [57]
 [57]
 [57]
 [57]
 [57]
 [57]
 [53]
 [45]
 [49]] 
------------------------ Dataset: 0wh ------------------------
shape: (34, 1), dtype: uint16
Data:[[54]
 [53]
 [49]
 [49]
 [46]
 [53]
 [53]
 [52]
 [48]
 [54]
 [55]
 [57]
 [57]
 [57]
 [57]
 [57]
 [57]
 [53]
 [45]
 [48]
 [32]
 [54]
 [53]
 [49]
 [49]
 [46]
 [53]
 [53]
 [56]
 [48]
 [57]
 [57]
 [45]
 [49]] 
------------------------ Dataset: 0wi ------------------------
shape: (33, 1), dtype: uint16
Data:[[54]
 [53]
 [50]
 [55]
 [46]
 [51]
 [56]
 [54]
 [49]
 [48]
 [51]
 [57]
 [57]
 [57]
 [57]
 [57]
 [57]
 [45]
 [48]
 [32]
 [54]
 [53]
 [50]
 [55]
 [46]
 [51]
 [57]
 [48]
 [48]
 [50]
 [54]
 [45]
 [49]] 
------------------------ Dataset: 0wj ------------------------
shape: (33, 1), dtype: uint16
Data:[[54]
 [48]
 [50]
 [50]
 [46]
 [57]
 [54]
 [53]
 [55]
 [48]
 [51]
 [57]
 [57]
 [57]
 [57]
 [57]
 [57]
 [45]
 [48]
 [32]
 [54]
 [48]
 [50]
 [50]
 [46]
 [57]
 [54]
 [49]
 [56]
 [53]
 [49]
 [45]
 [49]] 
------------------------ Dataset: 0wk ------------------------
shape: (34, 1), dtype: uint16
Data:[[54]
 [48]
 [51]
 [56]
 [46]
 [55]
 [50]
 [57]
 [57]
 [55]
 [50]
 [45]
 [48]
 [32]
 [54]
 [48]
 [51]
 [56]
 [46]
 [55]
 [50]
 [57]
 [56]
 [52]
 [51]
 [57]
 [57]
 [57]
 [57]
 [57]
 [57]
 [53]
 [45]
 [49]] 
------------------------ Dataset: 0wl ------------------------
shape: (33, 1), dtype: uint16
Data:[[54]
 [48]
 [53]
 [52]
 [46]
 [51]
 [55]
 [55]
 [55]
 [56]
 [53]
 [45]
 [48]
 [32]
 [54]
 [48]
 [53]
 [52]
 [46]
 [51]
 [56]
 [49]
 [57]
 [48]
 [55]
 [57]
 [57]
 [57]
 [57]
 [57]
 [57]
 [45]
 [49]] 
------------------------ Dataset: 0wm ------------------------
shape: (33, 1), dtype: uint16
Data:[[54]
 [48]
 [55]
 [48]
 [46]
 [51]
 [50]
 [49]
 [57]
 [57]
 [51]
 [45]
 [48]
 [32]
 [54]
 [48]
 [55]
 [48]
 [46]
 [51]
 [49]
 [55]
 [57]
 [57]
 [57]
 [57]
 [57]
 [57]
 [57]
 [57]
 [57]
 [45]
 [49]] 
------------------------ Dataset: 0wn ------------------------
shape: (27, 1), dtype: uint16
Data:[[53]
 [54]
 [51]
 [49]
 [46]
 [49]
 [57]
 [57]
 [53]
 [52]
 [49]
 [45]
 [48]
 [32]
 [53]
 [54]
 [51]
 [49]
 [46]
 [50]
 [48]
 [50]
 [49]
 [49]
 [50]
 [45]
 [49]] 
------------------------ Dataset: 0wo ------------------------
shape: (32, 1), dtype: uint16
Data:[[53]
 [54]
 [52]
 [54]
 [46]
 [56]
 [55]
 [51]
 [53]
 [51]
 [45]
 [48]
 [32]
 [53]
 [54]
 [52]
 [54]
 [46]
 [56]
 [54]
 [57]
 [54]
 [52]
 [51]
 [57]
 [57]
 [57]
 [57]
 [57]
 [57]
 [45]
 [49]] 
------------------------ Dataset: 0wp ------------------------
shape: (41, 1), dtype: uint16
Data:[[53]
 [54]
 [54]
 [50]
 [46]
 [54]
 [48]
 [57]
 [53]
 [53]
 [56]
 [57]
 [57]
 [57]
 [57]
 [57]
 [57]
 [53]
 [45]
 [48]
 [32]
 [53]
 [54]
 [54]
 [50]
 [46]
 [54]
 [49]
 [51]
 [53]
 [50]
 [54]
 [57]
 [57]
 [57]
 [57]
 [57]
 [57]
 [53]
 [45]
 [49]] 
------------------------ Dataset: 0wq ------------------------
shape: (27, 1), dtype: uint16
Data:[[53]
 [54]
 [55]
 [56]
 [46]
 [51]
 [53]
 [51]
 [53]
 [57]
 [54]
 [45]
 [48]
 [32]
 [53]
 [54]
 [55]
 [56]
 [46]
 [51]
 [52]
 [57]
 [53]
 [56]
 [52]
 [45]
 [49]] 
------------------------ Dataset: 0wr ------------------------
shape: (27, 1), dtype: uint16
Data:[[53]
 [54]
 [57]
 [52]
 [46]
 [49]
 [48]
 [49]
 [57]
 [55]
 [54]
 [45]
 [48]
 [32]
 [53]
 [54]
 [57]
 [52]
 [46]
 [48]
 [57]
 [48]
 [56]
 [48]
 [56]
 [45]
 [49]] 
------------------------ Dataset: 0ws ------------------------
shape: (27, 1), dtype: uint16
Data:[[54]
 [52]
 [49]
 [55]
 [46]
 [52]
 [49]
 [52]
 [48]
 [54]
 [50]
 [45]
 [48]
 [32]
 [54]
 [52]
 [49]
 [55]
 [46]
 [52]
 [49]
 [56]
 [51]
 [54]
 [56]
 [45]
 [49]] 
------------------------ Dataset: 0wt ------------------------
shape: (33, 1), dtype: uint16
Data:[[54]
 [54]
 [48]
 [57]
 [46]
 [53]
 [48]
 [57]
 [52]
 [49]
 [57]
 [57]
 [57]
 [57]
 [57]
 [57]
 [57]
 [45]
 [48]
 [32]
 [54]
 [54]
 [48]
 [57]
 [46]
 [53]
 [49]
 [48]
 [50]
 [53]
 [55]
 [45]
 [49]] 
------------------------ Dataset: 0wu ------------------------
shape: (33, 1), dtype: uint16
Data:[[54]
 [54]
 [50]
 [53]
 [46]
 [52]
 [53]
 [52]
 [52]
 [53]
 [50]
 [57]
 [57]
 [57]
 [57]
 [57]
 [57]
 [45]
 [48]
 [32]
 [54]
 [54]
 [50]
 [53]
 [46]
 [52]
 [53]
 [52]
 [54]
 [50]
 [54]
 [45]
 [49]] 
------------------------ Dataset: 0wv ------------------------
shape: (27, 1), dtype: uint16
Data:[[54]
 [54]
 [52]
 [49]
 [46]
 [50]
 [51]
 [48]
 [48]
 [52]
 [55]
 [45]
 [48]
 [32]
 [54]
 [54]
 [52]
 [49]
 [46]
 [50]
 [51]
 [48]
 [48]
 [52]
 [55]
 [45]
 [49]] 
------------------------ Dataset: 0ww ------------------------
shape: (40, 1), dtype: uint16
Data:[[54]
 [54]
 [53]
 [54]
 [46]
 [56]
 [56]
 [54]
 [51]
 [57]
 [52]
 [57]
 [57]
 [57]
 [57]
 [57]
 [57]
 [53]
 [45]
 [48]
 [32]
 [54]
 [54]
 [53]
 [54]
 [46]
 [56]
 [57]
 [52]
 [56]
 [49]
 [54]
 [57]
 [57]
 [57]
 [57]
 [57]
 [57]
 [45]
 [49]] 
------------------------ Dataset: 0wx ------------------------
shape: (27, 1), dtype: uint16
Data:[[54]
 [54]
 [55]
 [50]
 [46]
 [55]
 [57]
 [48]
 [49]
 [55]
 [57]
 [45]
 [48]
 [32]
 [54]
 [54]
 [55]
 [50]
 [46]
 [55]
 [56]
 [54]
 [52]
 [56]
 [51]
 [45]
 [49]] 
------------------------ Dataset: 0wy ------------------------
shape: (25, 1), dtype: uint16
Data:[[54]
 [54]
 [56]
 [56]
 [46]
 [54]
 [57]
 [52]
 [49]
 [45]
 [48]
 [32]
 [54]
 [54]
 [56]
 [56]
 [46]
 [54]
 [57]
 [56]
 [50]
 [54]
 [52]
 [45]
 [49]] 
------------------------ Dataset: 0wz ------------------------
shape: (26, 1), dtype: uint16
Data:[[53]
 [57]
 [48]
 [54]
 [46]
 [53]
 [57]
 [51]
 [54]
 [57]
 [45]
 [48]
 [32]
 [53]
 [57]
 [48]
 [54]
 [46]
 [53]
 [57]
 [55]
 [56]
 [48]
 [52]
 [45]
 [49]] 
------------------------ Dataset: 0x ------------------------
