shape: (1, 6), dtype: uint32
Data:[[3707764736          2          1          1        275          1]] 
------------------------ Dataset: Ieb ------------------------
shape: (27, 1), dtype: uint16
Data:[[54]
 [55]
 [54]
 [53]
 [46]
 [54]
 [54]
 [54]
 [49]
 [53]
 [50]
 [45]
 [48]
 [32]
 [54]
 [55]
 [54]
 [53]
 [46]
 [54]
 [55]
 [48]
 [49]
 [57]
 [53]
 [45]
 [49]] 
------------------------ Dataset: Iec ------------------------
shape: (27, 1), dtype: uint16
Data:[[54]
 [55]
 [56]
 [49]
 [46]
 [53]
 [50]
 [50]
 [48]
 [54]
 [57]
 [45]
 [48]
 [32]
 [54]
 [55]
 [56]
 [49]
 [46]
 [53]
 [50]
 [54]
 [51]
 [52]
 [57]
 [45]
 [49]] 
------------------------ Dataset: Ied ------------------------
shape: (27, 1), dtype: uint16
Data:[[54]
 [50]
 [57]
 [52]
 [46]
 [50]
 [54]
 [51]
 [55]
 [55]
 [56]
 [45]
 [48]
 [32]
 [54]
 [50]
 [57]
 [52]
 [46]
 [50]
 [54]
 [57]
 [50]
 [48]
 [54]
 [45]
 [49]] 
------------------------ Dataset: Iee ------------------------
shape: (33, 1), dtype: uint16
Data:[[54]
 [51]
 [49]
 [48]
 [46]
 [48]
 [56]
 [48]
 [54]
 [49]
 [53]
 [57]
 [57]
 [57]
 [57]
 [57]
 [57]
 [45]
 [48]
 [32]
 [54]
 [51]
 [49]
 [48]
 [46]
 [48]
 [56]
 [50]
 [57]
 [52]
 [49]
 [45]
 [49]] 
------------------------ Dataset: Ief ------------------------
shape: (39, 1), dtype: uint16
Data:[[54]
 [51]
 [50]
 [53]
 [46]
 [57]
 [51]
 [52]
 [53]
 [53]
 [53]
 [57]
 [57]
 [57]
 [57]
 [57]
 [57]
 [45]
 [48]
 [32]
 [54]
 [51]
 [50]
 [53]
 [46]
 [57]
 [51]
 [56]
 [51]
 [55]
 [56]
 [57]
 [57]
 [57]
 [57]
 [57]
 [57]
 [45]
 [49]] 
------------------------ Dataset: Ieg ------------------------
shape: (33, 1), dtype: uint16
Data:[[54]
 [51]
 [52]
 [49]
 [46]
 [55]
 [54]
 [53]
 [57]
 [50]
 [51]
 [57]
 [57]
 [57]
 [57]
 [57]
 [57]
 [45]
 [48]
 [32]
 [54]
 [51]
 [52]
 [49]
 [46]
 [55]
 [54]
 [50]
 [49]
 [51]
 [50]
 [45]
 [49]] 
------------------------ Dataset: Ieh ------------------------
shape: (40, 1), dtype: uint16
Data:[[54]
 [53]
 [48]
 [54]
 [46]
 [56]
 [56]
 [50]
 [50]
 [55]
 [48]
 [57]
 [57]
 [57]
 [57]
 [57]
 [57]
 [53]
 [45]
 [48]
 [32]
 [54]
 [53]
 [48]
 [54]
 [46]
 [56]
 [55]
 [56]
 [57]
 [50]
 [53]
 [57]
 [57]
 [57]
 [57]
 [57]
 [57]
 [45]
 [49]] 
------------------------ Dataset: Iei ------------------------
shape: (27, 1), dtype: uint16
Data:[[54]
 [53]
 [50]
 [50]
 [46]
 [54]
 [56]
 [49]
 [57]
 [55]
 [57]
 [45]
 [48]
 [32]
 [54]
 [53]
 [50]
 [50]
 [46]
 [54]
 [56]
 [53]
 [57]
 [57]
 [50]
 [45]
 [49]] 
------------------------ Dataset: Iej ------------------------
shape: (34, 1), dtype: uint16
Data:[[54]
 [48]
 [49]
 [56]
 [46]
 [50]
 [54]
 [49]
 [55]
 [49]
 [54]
 [45]
 [48]
 [32]
 [54]
 [48]
 [49]
 [56]
 [46]
 [50]
 [53]
 [55]
 [55]
 [49]
 [54]
 [57]
 [57]
 [57]
 [57]
 [57]
 [57]
 [53]
 [45]
 [49]] 
------------------------ Dataset: Iek ------------------------
shape: (27, 1), dtype: uint16
Data:[[54]
 [48]
 [51]
 [52]
 [46]
 [48]
 [53]
 [55]
 [55]
 [53]
 [53]
 [45]
 [48]
 [32]
 [54]
 [48]
 [51]
 [52]
 [46]
 [48]
 [54]
 [53]
 [54]
 [57]
 [49]
 [45]
 [49]] 
------------------------ Dataset: Iel ------------------------
shape: (39, 1), dtype: uint16
Data:[[54]
 [48]
 [52]
 [57]
 [46]
 [54]
 [55]
 [51]
 [55]
 [52]
 [55]
 [57]
 [57]
 [57]
 [57]
 [57]
 [57]
 [45]
 [48]
 [32]
 [54]
 [48]
 [52]
 [57]
 [46]
 [54]
 [54]
 [57]
 [56]
 [52]
 [57]
 [57]
 [57]
 [57]
 [57]
 [57]
 [57]
 [45]
 [49]] 
------------------------ Dataset: Iem ------------------------
shape: (26, 1), dtype: uint16
Data:[[54]
 [48]
 [54]
 [53]
 [46]
 [53]
 [54]
 [57]
 [55]
 [56]
 [50]
 [45]
 [48]
 [32]
 [54]
 [48]
 [54]
 [53]
 [46]
 [53]
 [54]
 [54]
 [49]
 [57]
 [45]
 [49]] 
------------------------ Dataset: Ien ------------------------
shape: (34, 1), dtype: uint16
Data:[[54]
 [48]
 [56]
 [49]
 [46]
 [53]
 [49]
 [51]
 [56]
 [55]
 [57]
 [57]
 [57]
 [57]
 [57]
 [57]
 [57]
 [53]
 [45]
 [48]
 [32]
 [54]
 [48]
 [56]
 [49]
 [46]
 [53]
 [48]
 [57]
 [57]
 [50]
 [49]
 [45]
 [49]] 
------------------------ Dataset: Ieo ------------------------
shape: (27, 1), dtype: uint16
Data:[[53]
 [54]
 [52]
 [50]
 [46]
 [50]
 [49]
 [50]
 [53]
 [51]
 [51]
 [45]
 [48]
 [32]
 [53]
 [54]
 [52]
 [50]
 [46]
 [50]
 [49]
 [53]
 [51]
 [56]
 [56]
 [45]
 [49]] 
------------------------ Dataset: Iep ------------------------
shape: (27, 1), dtype: uint16
Data:[[53]
 [54]
 [53]
 [55]
 [46]
 [57]
 [52]
 [53]
 [56]
 [49]
 [52]
 [45]
 [48]
 [32]
 [53]
 [54]
 [53]
 [55]
 [46]
 [57]
 [52]
 [57]
 [54]
 [56]
 [51]
 [45]
 [49]] 
------------------------ Dataset: Ieq ------------------------
shape: (32, 1), dtype: uint16
Data:[[53]
 [54]
 [55]
 [51]
 [46]
 [54]
 [55]
 [51]
 [57]
 [51]
 [45]
 [48]
 [32]
 [53]
 [54]
 [55]
 [51]
 [46]
 [54]
 [55]
 [48]
 [51]
 [50]
 [50]
 [57]
 [57]
 [57]
 [57]
 [57]
 [57]
 [45]
 [49]] 
------------------------ Dataset: Ier ------------------------
shape: (27, 1), dtype: uint16
Data:[[53]
 [54]
 [56]
 [57]
 [46]
 [52]
 [51]
 [55]
 [56]
 [53]
 [55]
 [45]
 [48]
 [32]
 [53]
 [54]
 [56]
 [57]
 [46]
 [52]
 [52]
 [49]
 [54]
 [50]
 [56]
 [45]
 [49]] 
------------------------ Dataset: Ies ------------------------
shape: (27, 1), dtype: uint16
Data:[[54]
 [52]
 [49]
 [50]
 [46]
 [55]
 [49]
 [57]
 [55]
 [54]
 [56]
 [45]
 [48]
 [32]
 [54]
 [52]
 [49]
 [50]
 [46]
 [55]
 [51]
 [48]
 [55]
 [56]
 [51]
 [45]
 [49]] 
------------------------ Dataset: Iet ------------------------
shape: (13, 1), dtype: uint16
Data:[[54]
 [54]
 [48]
 [52]
 [46]
 [55]
 [55]
 [52]
 [54]
 [53]
 [57]
 [45]
 [49]] 
------------------------ Dataset: Ieu ------------------------
shape: (27, 1), dtype: uint16
Data:[[54]
 [54]
 [50]
 [48]
 [46]
 [55]
 [53]
 [52]
 [48]
 [54]
 [52]
 [45]
 [48]
 [32]
 [54]
 [54]
 [50]
 [48]
 [46]
 [55]
 [53]
 [56]
 [49]
 [48]
 [51]
 [45]
 [49]] 
------------------------ Dataset: Iev ------------------------
shape: (27, 1), dtype: uint16
Data:[[54]
 [54]
 [51]
 [54]
 [46]
 [54]
 [49]
 [48]
 [49]
 [52]
 [49]
 [45]
 [48]
 [32]
 [54]
 [54]
 [51]
 [54]
 [46]
 [54]
 [48]
 [54]
 [49]
 [52]
 [50]
 [45]
 [49]] 
------------------------ Dataset: Iew ------------------------
shape: (27, 1), dtype: uint16
Data:[[54]
 [54]
 [53]
 [50]
 [46]
 [49]
 [57]
 [48]
 [51]
 [53]
 [53]
 [45]
 [48]
 [32]
 [54]
 [54]
 [53]
 [50]
 [46]
 [49]
 [57]
 [52]
 [49]
 [54]
 [56]
 [45]
 [49]] 
------------------------ Dataset: Iex ------------------------
shape: (34, 1), dtype: uint16
Data:[[54]
 [54]
 [54]
 [56]
 [46]
 [48]
 [53]
 [52]
 [49]
 [48]
 [50]
 [57]
 [57]
 [57]
 [57]
 [57]
 [57]
 [53]
 [45]
 [48]
 [32]
 [54]
 [54]
 [54]
 [56]
 [46]
 [48]
 [53]
 [56]
 [48]
 [57]
 [52]
 [45]
 [49]] 
------------------------ Dataset: Iey ------------------------
shape: (34, 1), dtype: uint16
Data:[[54]
 [54]
 [56]
 [51]
 [46]
 [57]
 [54]
 [54]
 [48]
 [55]
 [55]
 [57]
 [57]
 [57]
 [57]
 [57]
 [57]
 [53]
 [45]
 [48]
 [32]
 [54]
 [54]
 [56]
 [51]
 [46]
 [57]
 [55]
 [48]
 [48]
 [53]
 [50]
 [45]
 [49]] 
------------------------ Dataset: Iez ------------------------
shape: (27, 1), dtype: uint16
Data:[[53]
 [57]
 [48]
 [49]
 [46]
 [56]
 [57]
 [55]
 [54]
 [52]
 [50]
 [45]
 [48]
 [32]
 [53]
 [57]
 [48]
 [49]
 [46]
 [57]
 [48]
 [49]
 [57]
 [56]
 [49]
 [45]
 [49]] 
------------------------ Dataset: If ------------------------
