shape: (1, 6), dtype: uint32
Data:[[3707764736          2          1          1        117          1]] 
------------------------ Dataset: 7bb ------------------------
shape: (33, 1), dtype: uint16
Data:[[54]
 [55]
 [54]
 [52]
 [46]
 [57]
 [57]
 [52]
 [49]
 [48]
 [50]
 [45]
 [48]
 [32]
 [54]
 [55]
 [54]
 [52]
 [46]
 [57]
 [57]
 [48]
 [49]
 [53]
 [54]
 [57]
 [57]
 [57]
 [57]
 [57]
 [57]
 [45]
 [49]] 
------------------------ Dataset: 7bc ------------------------
shape: (33, 1), dtype: uint16
Data:[[54]
 [55]
 [56]
 [48]
 [46]
 [56]
 [53]
 [52]
 [56]
 [50]
 [52]
 [57]
 [57]
 [57]
 [57]
 [57]
 [57]
 [45]
 [48]
 [32]
 [54]
 [55]
 [56]
 [48]
 [46]
 [56]
 [53]
 [53]
 [54]
 [53]
 [52]
 [45]
 [49]] 
------------------------ Dataset: 7bd ------------------------
shape: (33, 1), dtype: uint16
Data:[[54]
 [50]
 [57]
 [51]
 [46]
 [54]
 [48]
 [50]
 [48]
 [50]
 [55]
 [57]
 [57]
 [57]
 [57]
 [57]
 [57]
 [45]
 [48]
 [32]
 [54]
 [50]
 [57]
 [51]
 [46]
 [53]
 [57]
 [56]
 [48]
 [48]
 [51]
 [45]
 [49]] 
------------------------ Dataset: 7be ------------------------
shape: (33, 1), dtype: uint16
Data:[[54]
 [51]
 [48]
 [57]
 [46]
 [52]
 [50]
 [54]
 [53]
 [51]
 [49]
 [45]
 [48]
 [32]
 [54]
 [51]
 [48]
 [57]
 [46]
 [52]
 [51]
 [48]
 [48]
 [49]
 [53]
 [57]
 [57]
 [57]
 [57]
 [57]
 [57]
 [45]
 [49]] 
------------------------ Dataset: 7bf ------------------------
shape: (26, 1), dtype: uint16
Data:[[54]
 [51]
 [50]
 [53]
 [46]
 [50]
 [52]
 [53]
 [57]
 [49]
 [54]
 [45]
 [48]
 [32]
 [54]
 [51]
 [50]
 [53]
 [46]
 [50]
 [51]
 [56]
 [48]
 [57]
 [45]
 [49]] 
------------------------ Dataset: 7bg ------------------------
shape: (27, 1), dtype: uint16
Data:[[54]
 [51]
 [52]
 [49]
 [46]
 [48]
 [57]
 [52]
 [48]
 [51]
 [55]
 [45]
 [48]
 [32]
 [54]
 [51]
 [52]
 [49]
 [46]
 [48]
 [57]
 [56]
 [51]
 [53]
 [52]
 [45]
 [49]] 
------------------------ Dataset: 7bh ------------------------
shape: (33, 1), dtype: uint16
Data:[[54]
 [53]
 [48]
 [54]
 [46]
 [50]
 [48]
 [54]
 [51]
 [50]
 [57]
 [45]
 [48]
 [32]
 [54]
 [53]
 [48]
 [54]
 [46]
 [50]
 [49]
 [48]
 [53]
 [49]
 [48]
 [57]
 [57]
 [57]
 [57]
 [57]
 [57]
 [45]
 [49]] 
------------------------ Dataset: 7bi ------------------------
shape: (33, 1), dtype: uint16
Data:[[54]
 [53]
 [50]
 [50]
 [46]
 [48]
 [49]
 [54]
 [49]
 [49]
 [49]
 [57]
 [57]
 [57]
 [57]
 [57]
 [57]
 [45]
 [48]
 [32]
 [54]
 [53]
 [50]
 [50]
 [46]
 [48]
 [49]
 [57]
 [49]
 [50]
 [55]
 [45]
 [49]] 
------------------------ Dataset: 7bj ------------------------
shape: (27, 1), dtype: uint16
Data:[[54]
 [48]
 [49]
 [55]
 [46]
 [53]
 [56]
 [57]
 [56]
 [48]
 [51]
 [45]
 [48]
 [32]
 [54]
 [48]
 [49]
 [55]
 [46]
 [53]
 [57]
 [51]
 [56]
 [55]
 [53]
 [45]
 [49]] 
------------------------ Dataset: 7bk ------------------------
shape: (39, 1), dtype: uint16
Data:[[54]
 [48]
 [51]
 [51]
 [46]
 [52]
 [48]
 [53]
 [55]
 [52]
 [50]
 [57]
 [57]
 [57]
 [57]
 [57]
 [57]
 [45]
 [48]
 [32]
 [54]
 [48]
 [51]
 [51]
 [46]
 [52]
 [48]
 [57]
 [55]
 [54]
 [49]
 [57]
 [57]
 [57]
 [57]
 [57]
 [57]
 [45]
 [49]] 
------------------------ Dataset: 7bl ------------------------
shape: (27, 1), dtype: uint16
Data:[[54]
 [48]
 [52]
 [57]
 [46]
 [48]
 [48]
 [49]
 [55]
 [56]
 [57]
 [45]
 [48]
 [32]
 [54]
 [48]
 [52]
 [57]
 [46]
 [48]
 [48]
 [57]
 [56]
 [56]
 [52]
 [45]
 [49]] 
------------------------ Dataset: 7bm ------------------------
shape: (39, 1), dtype: uint16
Data:[[54]
 [48]
 [54]
 [52]
 [46]
 [57]
 [48]
 [49]
 [54]
 [49]
 [48]
 [57]
 [57]
 [57]
 [57]
 [57]
 [57]
 [45]
 [48]
 [32]
 [54]
 [48]
 [54]
 [52]
 [46]
 [56]
 [57]
 [51]
 [51]
 [49]
 [52]
 [57]
 [57]
 [57]
 [57]
 [57]
 [57]
 [45]
 [49]] 
------------------------ Dataset: 7bn ------------------------
shape: (26, 1), dtype: uint16
Data:[[54]
 [48]
 [56]
 [48]
 [46]
 [55]
 [56]
 [53]
 [55]
 [49]
 [45]
 [48]
 [32]
 [54]
 [48]
 [56]
 [48]
 [46]
 [55]
 [56]
 [53]
 [55]
 [51]
 [49]
 [45]
 [49]] 
------------------------ Dataset: 7bo ------------------------
shape: (27, 1), dtype: uint16
Data:[[53]
 [54]
 [52]
 [49]
 [46]
 [53]
 [53]
 [50]
 [52]
 [57]
 [52]
 [45]
 [48]
 [32]
 [53]
 [54]
 [52]
 [49]
 [46]
 [53]
 [53]
 [54]
 [52]
 [55]
 [57]
 [45]
 [49]] 
------------------------ Dataset: 7bp ------------------------
shape: (33, 1), dtype: uint16
Data:[[53]
 [54]
 [53]
 [55]
 [46]
 [50]
 [56]
 [57]
 [53]
 [52]
 [56]
 [45]
 [48]
 [32]
 [53]
 [54]
 [53]
 [55]
 [46]
 [50]
 [56]
 [57]
 [53]
 [53]
 [49]
 [57]
 [57]
 [57]
 [57]
 [57]
 [57]
 [45]
 [49]] 
------------------------ Dataset: 7bq ------------------------
shape: (34, 1), dtype: uint16
Data:[[53]
 [54]
 [55]
 [50]
 [46]
 [57]
 [57]
 [51]
 [53]
 [52]
 [54]
 [45]
 [48]
 [32]
 [53]
 [54]
 [55]
 [50]
 [46]
 [57]
 [57]
 [55]
 [53]
 [53]
 [48]
 [57]
 [57]
 [57]
 [57]
 [57]
 [57]
 [53]
 [45]
 [49]] 
------------------------ Dataset: 7br ------------------------
shape: (33, 1), dtype: uint16
Data:[[53]
 [54]
 [56]
 [56]
 [46]
 [55]
 [54]
 [49]
 [53]
 [48]
 [54]
 [57]
 [57]
 [57]
 [57]
 [57]
 [57]
 [45]
 [48]
 [32]
 [53]
 [54]
 [56]
 [56]
 [46]
 [55]
 [54]
 [53]
 [54]
 [56]
 [57]
 [45]
 [49]] 
------------------------ Dataset: 7bs ------------------------
shape: (39, 1), dtype: uint16
Data:[[53]
 [56]
 [49]
 [53]
 [46]
 [48]
 [50]
 [55]
 [56]
 [48]
 [56]
 [57]
 [57]
 [57]
 [57]
 [57]
 [57]
 [45]
 [48]
 [32]
 [53]
 [56]
 [49]
 [53]
 [46]
 [48]
 [50]
 [57]
 [56]
 [49]
 [56]
 [57]
 [57]
 [57]
 [57]
 [57]
 [57]
 [45]
 [49]] 
------------------------ Dataset: 7bt ------------------------
shape: (33, 1), dtype: uint16
Data:[[54]
 [54]
 [48]
 [52]
 [46]
 [48]
 [57]
 [56]
 [48]
 [57]
 [52]
 [57]
 [57]
 [57]
 [57]
 [57]
 [57]
 [45]
 [48]
 [32]
 [54]
 [54]
 [48]
 [52]
 [46]
 [48]
 [57]
 [52]
 [48]
 [57]
 [57]
 [45]
 [49]] 
------------------------ Dataset: 7bu ------------------------
shape: (39, 1), dtype: uint16
Data:[[54]
 [54]
 [50]
 [48]
 [46]
 [48]
 [56]
 [54]
 [53]
 [50]
 [48]
 [57]
 [57]
 [57]
 [57]
 [57]
 [57]
 [45]
 [48]
 [32]
 [54]
 [54]
 [50]
 [48]
 [46]
 [48]
 [55]
 [56]
 [49]
 [50]
 [53]
 [57]
 [57]
 [57]
 [57]
 [57]
 [57]
 [45]
 [49]] 
------------------------ Dataset: 7bv ------------------------
shape: (33, 1), dtype: uint16
Data:[[54]
 [54]
 [51]
 [53]
 [46]
 [57]
 [50]
 [50]
 [55]
 [48]
 [50]
 [45]
 [48]
 [32]
 [54]
 [54]
 [51]
 [53]
 [46]
 [57]
 [50]
 [54]
 [53]
 [54]
 [48]
 [57]
 [57]
 [57]
 [57]
 [57]
 [57]
 [45]
 [49]] 
------------------------ Dataset: 7bw ------------------------
shape: (27, 1), dtype: uint16
Data:[[54]
 [54]
 [53]
 [49]
 [46]
 [53]
 [49]
 [48]
 [48]
 [57]
 [53]
 [45]
 [48]
 [32]
 [54]
 [54]
 [53]
 [49]
 [46]
 [53]
 [49]
 [48]
 [48]
 [57]
 [51]
 [45]
 [49]] 
------------------------ Dataset: 7bx ------------------------
shape: (26, 1), dtype: uint16
Data:[[54]
 [54]
 [54]
 [55]
 [46]
 [51]
 [57]
 [48]
 [52]
 [54]
 [45]
 [48]
 [32]
 [54]
 [54]
 [54]
 [55]
 [46]
 [51]
 [56]
 [56]
 [50]
 [48]
 [52]
 [45]
 [49]] 
------------------------ Dataset: 7by ------------------------
shape: (34, 1), dtype: uint16
Data:[[54]
 [54]
 [56]
 [51]
 [46]
 [51]
 [49]
 [49]
 [53]
 [54]
 [48]
 [57]
 [57]
 [57]
 [57]
 [57]
 [57]
 [53]
 [45]
 [48]
 [32]
 [54]
 [54]
 [56]
 [51]
 [46]
 [51]
 [48]
 [54]
 [53]
 [52]
 [56]
 [45]
 [49]] 
------------------------ Dataset: 7bz ------------------------
shape: (31, 1), dtype: uint16
Data:[[53]
 [57]
 [48]
 [49]
 [46]
 [50]
 [49]
 [55]
 [54]
 [50]
 [55]
 [57]
 [57]
 [57]
 [57]
 [57]
 [57]
 [45]
 [48]
 [32]
 [53]
 [57]
 [48]
 [49]
 [46]
 [50]
 [50]
 [49]
 [55]
 [45]
 [49]] 
------------------------ Dataset: 7c ------------------------
