shape: (1, 6), dtype: uint32
Data:[[3707764736          2          1          1         20          1]] 
------------------------ Dataset: v0 ------------------------
shape: (41, 1), dtype: uint16
Data:[[54]
 [55]
 [54]
 [52]
 [46]
 [51]
 [52]
 [50]
 [54]
 [51]
 [48]
 [57]
 [57]
 [57]
 [57]
 [57]
 [57]
 [53]
 [45]
 [48]
 [32]
 [54]
 [55]
 [54]
 [52]
 [46]
 [51]
 [52]
 [54]
 [49]
 [54]
 [56]
 [57]
 [57]
 [57]
 [57]
 [57]
 [57]
 [53]
 [45]
 [49]] 
------------------------ Dataset: v0b ------------------------
shape: (39, 1), dtype: uint16
Data:[[54]
 [55]
 [56]
 [48]
 [46]
 [49]
 [55]
 [52]
 [48]
 [57]
 [52]
 [57]
 [57]
 [57]
 [57]
 [57]
 [57]
 [45]
 [48]
 [32]
 [54]
 [55]
 [56]
 [48]
 [46]
 [49]
 [55]
 [56]
 [52]
 [49]
 [49]
 [57]
 [57]
 [57]
 [57]
 [57]
 [57]
 [45]
 [49]] 
------------------------ Dataset: v0c ------------------------
shape: (26, 1), dtype: uint16
Data:[[54]
 [50]
 [57]
 [50]
 [46]
 [57]
 [51]
 [48]
 [48]
 [54]
 [51]
 [45]
 [48]
 [32]
 [54]
 [50]
 [57]
 [50]
 [46]
 [57]
 [50]
 [53]
 [57]
 [56]
 [45]
 [49]] 
------------------------ Dataset: v0d ------------------------
shape: (34, 1), dtype: uint16
Data:[[54]
 [51]
 [48]
 [56]
 [46]
 [55]
 [52]
 [53]
 [57]
 [49]
 [54]
 [45]
 [48]
 [32]
 [54]
 [51]
 [48]
 [56]
 [46]
 [55]
 [52]
 [57]
 [56]
 [56]
 [50]
 [57]
 [57]
 [57]
 [57]
 [57]
 [57]
 [53]
 [45]
 [49]] 
------------------------ Dataset: v0e ------------------------
shape: (13, 1), dtype: uint16
Data:[[54]
 [51]
 [50]
 [52]
 [46]
 [53]
 [55]
 [57]
 [48]
 [55]
 [57]
 [45]
 [48]] 
------------------------ Dataset: v0f ------------------------
shape: (40, 1), dtype: uint16
Data:[[54]
 [51]
 [52]
 [48]
 [46]
 [52]
 [51]
 [52]
 [49]
 [55]
 [57]
 [57]
 [57]
 [57]
 [57]
 [57]
 [57]
 [45]
 [48]
 [32]
 [54]
 [51]
 [52]
 [48]
 [46]
 [52]
 [51]
 [49]
 [55]
 [50]
 [52]
 [57]
 [57]
 [57]
 [57]
 [57]
 [57]
 [53]
 [45]
 [49]] 
------------------------ Dataset: v0g ------------------------
shape: (33, 1), dtype: uint16
Data:[[54]
 [53]
 [48]
 [53]
 [46]
 [53]
 [51]
 [52]
 [48]
 [52]
 [49]
 [45]
 [48]
 [32]
 [54]
 [53]
 [48]
 [53]
 [46]
 [53]
 [51]
 [56]
 [49]
 [49]
 [57]
 [57]
 [57]
 [57]
 [57]
 [57]
 [57]
 [45]
 [49]] 
------------------------ Dataset: v0h ------------------------
shape: (34, 1), dtype: uint16
Data:[[54]
 [53]
 [50]
 [49]
 [46]
 [51]
 [53]
 [56]
 [49]
 [51]
 [51]
 [45]
 [48]
 [32]
 [54]
 [53]
 [50]
 [49]
 [46]
 [51]
 [54]
 [50]
 [50]
 [53]
 [56]
 [57]
 [57]
 [57]
 [57]
 [57]
 [57]
 [53]
 [45]
 [49]] 
------------------------ Dataset: v0i ------------------------
shape: (26, 1), dtype: uint16
Data:[[54]
 [48]
 [49]
 [54]
 [46]
 [57]
 [49]
 [51]
 [55]
 [51]
 [52]
 [45]
 [48]
 [32]
 [54]
 [48]
 [49]
 [54]
 [46]
 [57]
 [49]
 [55]
 [55]
 [55]
 [45]
 [49]] 
------------------------ Dataset: v0j ------------------------
shape: (27, 1), dtype: uint16
Data:[[54]
 [48]
 [51]
 [50]
 [46]
 [55]
 [53]
 [53]
 [49]
 [55]
 [49]
 [45]
 [48]
 [32]
 [54]
 [48]
 [51]
 [50]
 [46]
 [55]
 [54]
 [51]
 [54]
 [54]
 [56]
 [45]
 [49]] 
------------------------ Dataset: v0k ------------------------
shape: (33, 1), dtype: uint16
Data:[[54]
 [48]
 [52]
 [56]
 [46]
 [51]
 [51]
 [51]
 [56]
 [53]
 [53]
 [57]
 [57]
 [57]
 [57]
 [57]
 [57]
 [45]
 [48]
 [32]
 [54]
 [48]
 [52]
 [56]
 [46]
 [51]
 [51]
 [55]
 [56]
 [48]
 [50]
 [45]
 [49]] 
------------------------ Dataset: v0l ------------------------
shape: (33, 1), dtype: uint16
Data:[[54]
 [48]
 [54]
 [52]
 [46]
 [50]
 [49]
 [51]
 [56]
 [51]
 [57]
 [57]
 [57]
 [57]
 [57]
 [57]
 [57]
 [45]
 [48]
 [32]
 [54]
 [48]
 [54]
 [52]
 [46]
 [50]
 [49]
 [55]
 [55]
 [55]
 [50]
 [45]
 [49]] 
------------------------ Dataset: v0m ------------------------
shape: (27, 1), dtype: uint16
Data:[[54]
 [48]
 [56]
 [48]
 [46]
 [48]
 [56]
 [53]
 [56]
 [48]
 [50]
 [45]
 [48]
 [32]
 [54]
 [48]
 [56]
 [48]
 [46]
 [48]
 [56]
 [57]
 [55]
 [57]
 [51]
 [45]
 [49]] 
------------------------ Dataset: v0n ------------------------
shape: (33, 1), dtype: uint16
Data:[[53]
 [54]
 [52]
 [48]
 [46]
 [57]
 [48]
 [48]
 [52]
 [50]
 [51]
 [45]
 [48]
 [32]
 [53]
 [54]
 [52]
 [48]
 [46]
 [56]
 [56]
 [57]
 [53]
 [49]
 [53]
 [57]
 [57]
 [57]
 [57]
 [57]
 [57]
 [45]
 [49]] 
------------------------ Dataset: v0o ------------------------
shape: (26, 1), dtype: uint16
Data:[[53]
 [54]
 [53]
 [54]
 [46]
 [54]
 [51]
 [49]
 [50]
 [51]
 [45]
 [48]
 [32]
 [53]
 [54]
 [53]
 [54]
 [46]
 [54]
 [51]
 [53]
 [56]
 [52]
 [55]
 [45]
 [49]] 
------------------------ Dataset: v0p ------------------------
shape: (40, 1), dtype: uint16
Data:[[53]
 [54]
 [55]
 [50]
 [46]
 [51]
 [51]
 [51]
 [53]
 [52]
 [52]
 [57]
 [57]
 [57]
 [57]
 [57]
 [57]
 [53]
 [45]
 [48]
 [32]
 [53]
 [54]
 [55]
 [50]
 [46]
 [51]
 [50]
 [57]
 [53]
 [53]
 [57]
 [57]
 [57]
 [57]
 [57]
 [57]
 [57]
 [45]
 [49]] 
------------------------ Dataset: v0q ------------------------
shape: (27, 1), dtype: uint16
Data:[[53]
 [54]
 [56]
 [56]
 [46]
 [49]
 [50]
 [49]
 [54]
 [50]
 [50]
 [45]
 [48]
 [32]
 [53]
 [54]
 [56]
 [56]
 [46]
 [49]
 [49]
 [55]
 [57]
 [54]
 [54]
 [45]
 [49]] 
------------------------ Dataset: v0r ------------------------
shape: (27, 1), dtype: uint16
Data:[[53]
 [56]
 [49]
 [52]
 [46]
 [51]
 [54]
 [53]
 [54]
 [48]
 [53]
 [45]
 [48]
 [32]
 [53]
 [56]
 [49]
 [52]
 [46]
 [51]
 [54]
 [49]
 [55]
 [53]
 [52]
 [45]
 [49]] 
------------------------ Dataset: v0s ------------------------
shape: (39, 1), dtype: uint16
Data:[[54]
 [54]
 [48]
 [51]
 [46]
 [52]
 [48]
 [54]
 [48]
 [51]
 [53]
 [57]
 [57]
 [57]
 [57]
 [57]
 [57]
 [45]
 [48]
 [32]
 [54]
 [54]
 [48]
 [51]
 [46]
 [52]
 [48]
 [50]
 [48]
 [48]
 [56]
 [57]
 [57]
 [57]
 [57]
 [57]
 [57]
 [45]
 [49]] 
------------------------ Dataset: v0t ------------------------
shape: (26, 1), dtype: uint16
Data:[[54]
 [54]
 [49]
 [57]
 [46]
 [51]
 [56]
 [49]
 [57]
 [57]
 [45]
 [48]
 [32]
 [54]
 [54]
 [49]
 [57]
 [46]
 [51]
 [56]
 [54]
 [49]
 [52]
 [56]
 [45]
 [49]] 
------------------------ Dataset: v0u ------------------------
shape: (27, 1), dtype: uint16
Data:[[54]
 [54]
 [51]
 [53]
 [46]
 [50]
 [55]
 [56]
 [50]
 [49]
 [49]
 [45]
 [48]
 [32]
 [54]
 [54]
 [51]
 [53]
 [46]
 [50]
 [55]
 [52]
 [55]
 [51]
 [55]
 [45]
 [49]] 
------------------------ Dataset: v0v ------------------------
shape: (34, 1), dtype: uint16
Data:[[54]
 [54]
 [53]
 [48]
 [46]
 [56]
 [52]
 [50]
 [48]
 [48]
 [52]
 [45]
 [48]
 [32]
 [54]
 [54]
 [53]
 [48]
 [46]
 [56]
 [52]
 [57]
 [52]
 [48]
 [48]
 [57]
 [57]
 [57]
 [57]
 [57]
 [57]
 [53]
 [45]
 [49]] 
------------------------ Dataset: v0w ------------------------
shape: (27, 1), dtype: uint16
Data:[[54]
 [54]
 [54]
 [54]
 [46]
 [55]
 [48]
 [54]
 [50]
 [50]
 [53]
 [45]
 [48]
 [32]
 [54]
 [54]
 [54]
 [54]
 [46]
 [55]
 [48]
 [53]
 [56]
 [54]
 [53]
 [45]
 [49]] 
------------------------ Dataset: v0x ------------------------
shape: (33, 1), dtype: uint16
Data:[[54]
 [54]
 [56]
 [50]
 [46]
 [54]
 [52]
 [50]
 [49]
 [49]
 [51]
 [57]
 [57]
 [57]
 [57]
 [57]
 [57]
 [45]
 [48]
 [32]
 [54]
 [54]
 [56]
 [50]
 [46]
 [54]
 [52]
 [54]
 [48]
 [56]
 [54]
 [45]
 [49]] 
------------------------ Dataset: v0y ------------------------
shape: (27, 1), dtype: uint16
Data:[[53]
 [57]
 [48]
 [48]
 [46]
 [53]
 [53]
 [55]
 [54]
 [50]
 [49]
 [45]
 [48]
 [32]
 [53]
 [57]
 [48]
 [48]
 [46]
 [53]
 [54]
 [49]
 [54]
 [54]
 [54]
 [45]
 [49]] 
------------------------ Dataset: v0z ------------------------
shape: (27, 1), dtype: uint16
Data:[[53]
 [57]
 [49]
 [54]
 [46]
 [52]
 [50]
 [49]
 [54]
 [57]
 [52]
 [45]
 [48]
 [32]
 [53]
 [57]
 [49]
 [54]
 [46]
 [52]
 [50]
 [53]
 [54]
 [57]
 [50]
 [45]
 [49]] 
------------------------ Dataset: v1 ------------------------
shape: (34, 1), dtype: uint16
Data:[[54]
 [55]
 [54]
 [50]
 [46]
 [48]
 [51]
 [52]
 [49]
 [56]
 [49]
 [45]
 [48]
 [32]
 [54]
 [55]
 [54]
 [50]
 [46]
 [48]
 [51]
 [48]
 [50]
 [55]
 [53]
 [57]
 [57]
 [57]
 [57]
 [57]
 [57]
 [53]
 [45]
 [49]] 
------------------------ Dataset: v1b ------------------------
shape: (27, 1), dtype: uint16
Data:[[54]
 [55]
 [55]
 [55]
 [46]
 [56]
 [54]
 [54]
 [50]
 [48]
 [55]
 [45]
 [48]
 [32]
 [54]
 [55]
 [55]
 [55]
 [46]
 [56]
 [55]
 [48]
 [54]
 [48]
 [49]
 [45]
 [49]] 
------------------------ Dataset: v1c ------------------------
shape: (32, 1), dtype: uint16
Data:[[54]
 [50]
 [57]
 [48]
 [46]
 [54]
 [53]
 [51]
 [56]
 [49]
 [45]
 [48]
 [32]
 [54]
 [50]
 [57]
 [48]
 [46]
 [54]
 [53]
 [51]
 [56]
 [49]
 [51]
 [57]
 [57]
 [57]
 [57]
 [57]
 [57]
 [45]
 [49]] 
------------------------ Dataset: v1d ------------------------
shape: (33, 1), dtype: uint16
Data:[[54]
 [51]
 [48]
 [54]
 [46]
 [52]
 [55]
 [57]
 [49]
 [50]
 [48]
 [57]
 [57]
 [57]
 [57]
 [57]
 [57]
 [45]
 [48]
 [32]
 [54]
 [51]
 [48]
 [54]
 [46]
 [52]
 [55]
 [56]
 [53]
 [55]
 [49]
 [45]
 [49]] 
------------------------ Dataset: v1e ------------------------
shape: (27, 1), dtype: uint16
Data:[[54]
 [51]
 [50]
 [50]
 [46]
 [50]
 [53]
 [51]
 [57]
 [55]
 [56]
 [45]
 [48]
 [32]
 [54]
 [51]
 [50]
 [50]
 [46]
 [50]
 [53]
 [56]
 [48]
 [56]
 [54]
 [45]
 [49]] 
------------------------ Dataset: v1f ------------------------
shape: (20, 1), dtype: uint16
Data:[[54]
 [51]
 [51]
 [56]
 [46]
 [49]
 [50]
 [48]
 [50]
 [53]
 [51]
 [57]
 [57]
 [57]
 [57]
 [57]
 [57]
 [53]
 [45]
 [48]] 
------------------------ Dataset: v1g ------------------------
shape: (33, 1), dtype: uint16
Data:[[54]
 [53]
 [48]
 [51]
 [46]
 [50]
 [51]
 [52]
 [49]
 [55]
 [54]
 [45]
 [48]
 [32]
 [54]
 [53]
 [48]
 [51]
 [46]
 [50]
 [50]
 [57]
 [57]
 [51]
 [52]
 [57]
 [57]
 [57]
 [57]
 [57]
 [57]
 [45]
 [49]] 
------------------------ Dataset: v1h ------------------------
shape: (27, 1), dtype: uint16
Data:[[54]
 [53]
 [49]
 [57]
 [46]
 [48]
 [52]
 [49]
 [57]
 [57]
 [54]
 [45]
 [48]
 [32]
 [54]
 [53]
 [49]
 [57]
 [46]
 [48]
 [52]
 [54]
 [49]
 [49]
 [50]
 [45]
 [49]] 
------------------------ Dataset: v1i ------------------------
shape: (33, 1), dtype: uint16
Data:[[54]
 [48]
 [49]
 [52]
 [46]
 [53]
 [56]
 [57]
 [55]
 [48]
 [57]
 [57]
 [57]
 [57]
 [57]
 [57]
 [57]
 [45]
 [48]
 [32]
 [54]
 [48]
 [49]
 [52]
 [46]
 [53]
 [57]
 [51]
 [56]
 [55]
 [49]
 [45]
 [49]] 
------------------------ Dataset: v1j ------------------------
shape: (27, 1), dtype: uint16
Data:[[54]
 [48]
 [51]
 [48]
 [46]
 [52]
 [53]
 [51]
 [55]
 [57]
 [55]
 [45]
 [48]
 [32]
 [54]
 [48]
 [51]
 [48]
 [46]
 [52]
 [52]
 [57]
 [57]
 [52]
 [54]
 [45]
 [49]] 
------------------------ Dataset: v1k ------------------------
shape: (39, 1), dtype: uint16
Data:[[54]
 [48]
 [52]
 [54]
 [46]
 [48]
 [55]
 [52]
 [54]
 [49]
 [49]
 [57]
 [57]
 [57]
 [57]
 [57]
 [57]
 [45]
 [48]
 [32]
 [54]
 [48]
 [52]
 [54]
 [46]
 [48]
 [55]
 [48]
 [55]
 [57]
 [54]
 [57]
 [57]
 [57]
 [57]
 [57]
 [57]
 [45]
 [49]] 
------------------------ Dataset: v1l ------------------------
shape: (39, 1), dtype: uint16
Data:[[54]
 [48]
 [54]
 [49]
 [46]
 [57]
 [50]
 [49]
 [56]
 [54]
 [55]
 [57]
 [57]
 [57]
 [57]
 [57]
 [57]
 [45]
 [48]
 [32]
 [54]
 [48]
 [54]
 [49]
 [46]
 [57]
 [49]
 [55]
 [57]
 [56]
 [50]
 [57]
 [57]
 [57]
 [57]
 [57]
 [57]
 [45]
 [49]] 
------------------------ Dataset: v1m ------------------------
shape: (27, 1), dtype: uint16
Data:[[54]
 [48]
 [55]
 [55]
 [46]
 [55]
 [57]
 [52]
 [54]
 [52]
 [50]
 [45]
 [48]
 [32]
 [54]
 [48]
 [55]
 [55]
 [46]
 [55]
 [57]
 [55]
 [56]
 [49]
 [50]
 [45]
 [49]] 
------------------------ Dataset: v1n ------------------------
shape: (32, 1), dtype: uint16
Data:[[53]
 [54]
 [51]
 [56]
 [46]
 [54]
 [49]
 [51]
 [54]
 [54]
 [45]
 [48]
 [32]
 [53]
 [54]
 [51]
 [56]
 [46]
 [54]
 [49]
 [55]
 [55]
 [49]
 [57]
 [57]
 [57]
 [57]
 [57]
 [57]
 [57]
 [45]
 [49]] 
------------------------ Dataset: v1o ------------------------
shape: (33, 1), dtype: uint16
Data:[[53]
 [54]
 [53]
 [52]
 [46]
 [51]
 [51]
 [56]
 [49]
 [48]
 [56]
 [45]
 [48]
 [32]
 [53]
 [54]
 [53]
 [52]
 [46]
 [51]
 [51]
 [51]
 [55]
 [48]
 [50]
 [57]
 [57]
 [57]
 [57]
 [57]
 [57]
 [45]
 [49]] 
------------------------ Dataset: v1p ------------------------
shape: (33, 1), dtype: uint16
Data:[[53]
 [54]
 [55]
 [48]
 [46]
 [48]
 [52]
 [51]
 [56]
 [48]
 [55]
 [57]
 [57]
 [57]
 [57]
 [57]
 [57]
 [45]
 [48]
 [32]
 [53]
 [54]
 [55]
 [48]
 [46]
 [48]
 [51]
 [56]
 [57]
 [52]
 [52]
 [45]
 [49]] 
------------------------ Dataset: v1q ------------------------
shape: (33, 1), dtype: uint16
Data:[[53]
 [54]
 [56]
 [53]
 [46]
 [56]
 [51]
 [51]
 [53]
 [51]
 [51]
 [57]
 [57]
 [57]
 [57]
 [57]
 [57]
 [45]
 [48]
 [32]
 [53]
 [54]
 [56]
 [53]
 [46]
 [56]
 [50]
 [57]
 [53]
 [49]
 [55]
 [45]
 [49]] 
------------------------ Dataset: v1r ------------------------
shape: (40, 1), dtype: uint16
Data:[[53]
 [56]
 [49]
 [50]
 [46]
 [48]
 [55]
 [51]
 [55]
 [55]
 [51]
 [57]
 [57]
 [57]
 [57]
 [57]
 [57]
 [53]
 [45]
 [48]
 [32]
 [53]
 [56]
 [49]
 [50]
 [46]
 [48]
 [55]
 [55]
 [55]
 [57]
 [52]
 [57]
 [57]
 [57]
 [57]
 [57]
 [57]
 [45]
 [49]] 
------------------------ Dataset: v1s ------------------------
shape: (33, 1), dtype: uint16
Data:[[54]
 [54]
 [48]
 [49]
 [46]
 [49]
 [51]
 [56]
 [49]
 [55]
 [55]
 [57]
 [57]
 [57]
 [57]
 [57]
 [57]
 [45]
 [48]
 [32]
 [54]
 [54]
 [48]
 [49]
 [46]
 [49]
 [51]
 [52]
 [48]
 [57]
 [51]
 [45]
 [49]] 
------------------------ Dataset: v1t ------------------------
shape: (34, 1), dtype: uint16
Data:[[54]
 [54]
 [49]
 [55]
 [46]
 [48]
 [54]
 [55]
 [55]
 [53]
 [53]
 [57]
 [57]
 [57]
 [57]
 [57]
 [57]
 [53]
 [45]
 [48]
 [32]
 [54]
 [54]
 [49]
 [55]
 [46]
 [48]
 [54]
 [50]
 [48]
 [54]
 [50]
 [45]
 [49]] 
------------------------ Dataset: v1u ------------------------
shape: (27, 1), dtype: uint16
Data:[[54]
 [54]
 [51]
 [50]
 [46]
 [57]
 [53]
 [52]
 [48]
 [57]
 [49]
 [45]
 [48]
 [32]
 [54]
 [54]
 [51]
 [50]
 [46]
 [57]
 [53]
 [48]
 [50]
 [55]
 [50]
 [45]
 [49]] 
------------------------ Dataset: v1v ------------------------
shape: (27, 1), dtype: uint16
Data:[[54]
 [54]
 [52]
 [56]
 [46]
 [53]
 [55]
 [52]
 [50]
 [55]
 [56]
 [45]
 [48]
 [32]
 [54]
 [54]
 [52]
 [56]
 [46]
 [53]
 [55]
 [48]
 [50]
 [56]
 [50]
 [45]
 [49]] 
------------------------ Dataset: v1w ------------------------
shape: (33, 1), dtype: uint16
Data:[[54]
 [54]
 [54]
 [52]
 [46]
 [51]
 [57]
 [56]
 [49]
 [48]
 [55]
 [57]
 [57]
 [57]
 [57]
 [57]
 [57]
 [45]
 [48]
 [32]
 [54]
 [54]
 [54]
 [52]
 [46]
 [51]
 [57]
 [52]
 [48]
 [52]
 [56]
 [45]
 [49]] 
------------------------ Dataset: v1x ------------------------
shape: (26, 1), dtype: uint16
Data:[[54]
 [54]
 [56]
 [48]
 [46]
 [51]
 [50]
 [54]
 [48]
 [56]
 [53]
 [45]
 [48]
 [32]
 [54]
 [54]
 [56]
 [48]
 [46]
 [51]
 [50]
 [50]
 [51]
 [52]
 [45]
 [49]] 
------------------------ Dataset: v1y ------------------------
shape: (40, 1), dtype: uint16
Data:[[53]
 [56]
 [57]
 [56]
 [46]
 [50]
 [55]
 [51]
 [55]
 [49]
 [55]
 [57]
 [57]
 [57]
 [57]
 [57]
 [57]
 [53]
 [45]
 [48]
 [32]
 [53]
 [56]
 [57]
 [56]
 [46]
 [50]
 [54]
 [57]
 [56]
 [56]
 [48]
 [57]
 [57]
 [57]
 [57]
 [57]
 [57]
 [45]
 [49]] 
------------------------ Dataset: v1z ------------------------
shape: (27, 1), dtype: uint16
Data:[[53]
 [57]
 [49]
 [52]
 [46]
 [49]
 [49]
 [51]
 [55]
 [51]
 [52]
 [45]
 [48]
 [32]
 [53]
 [57]
 [49]
 [52]
 [46]
 [49]
 [49]
 [55]
 [55]
 [51]
 [53]
 [45]
 [49]] 
------------------------ Dataset: v2 ------------------------
shape: (39, 1), dtype: uint16
Data:[[54]
 [55]
 [54]
 [50]
 [46]
 [50]
 [56]
 [50]
 [49]
 [52]
 [52]
 [57]
 [57]
 [57]
 [57]
 [57]
 [57]
 [45]
 [48]
 [32]
 [54]
 [55]
 [54]
 [50]
 [46]
 [50]
 [55]
 [56]
 [51]
 [52]
 [48]
 [57]
 [57]
 [57]
 [57]
 [57]
 [57]
 [45]
 [49]] 
------------------------ Dataset: v2b ------------------------
shape: (27, 1), dtype: uint16
Data:[[54]
 [55]
 [55]
 [56]
 [46]
 [49]
 [50]
 [50]
 [49]
 [55]
 [56]
 [45]
 [48]
 [32]
 [54]
 [55]
 [55]
 [56]
 [46]
 [49]
 [49]
 [56]
 [51]
 [50]
 [49]
 [45]
 [49]] 
------------------------ Dataset: v2c ------------------------
shape: (27, 1), dtype: uint16
Data:[[54]
 [50]
 [57]
 [48]
 [46]
 [57]
 [48]
 [54]
 [48]
 [52]
 [50]
 [45]
 [48]
 [32]
 [54]
 [50]
 [57]
 [48]
 [46]
 [57]
 [48]
 [49]
 [57]
 [49]
 [52]
 [45]
 [49]] 
------------------------ Dataset: v2d ------------------------
shape: (26, 1), dtype: uint16
Data:[[54]
 [51]
 [48]
 [54]
 [46]
 [55]
 [51]
 [55]
 [56]
 [56]
 [45]
 [48]
 [32]
 [54]
 [51]
 [48]
 [54]
 [46]
 [55]
 [52]
 [49]
 [57]
 [51]
 [53]
 [45]
 [49]] 
------------------------ Dataset: v2e ------------------------
shape: (33, 1), dtype: uint16
Data:[[54]
 [51]
 [50]
 [50]
 [46]
 [53]
 [49]
 [55]
 [55]
 [52]
 [50]
 [57]
 [57]
 [57]
 [57]
 [57]
 [57]
 [45]
 [48]
 [32]
 [54]
 [51]
 [50]
 [50]
 [46]
 [53]
 [50]
 [49]
 [48]
 [57]
 [49]
 [45]
 [49]] 
------------------------ Dataset: v2f ------------------------
shape: (34, 1), dtype: uint16
Data:[[54]
 [51]
 [51]
 [56]
 [46]
 [51]
 [54]
 [57]
 [57]
 [56]
 [49]
 [45]
 [48]
 [32]
 [54]
 [51]
 [51]
 [56]
 [46]
 [51]
 [55]
 [52]
 [48]
 [55]
 [54]
 [57]
 [57]
 [57]
 [57]
 [57]
 [57]
 [53]
 [45]
 [49]] 
------------------------ Dataset: v2g ------------------------
shape: (26, 1), dtype: uint16
Data:[[54]
 [53]
 [48]
 [51]
 [46]
 [52]
 [56]
 [54]
 [53]
 [50]
 [54]
 [45]
 [48]
 [32]
 [54]
 [53]
 [48]
 [51]
 [46]
 [52]
 [56]
 [50]
 [48]
 [49]
 [45]
 [49]] 
------------------------ Dataset: v2h ------------------------
shape: (33, 1), dtype: uint16
Data:[[54]
 [53]
 [49]
 [57]
 [46]
 [51]
 [49]
 [55]
 [57]
 [57]
 [54]
 [45]
 [48]
 [32]
 [54]
 [53]
 [49]
 [57]
 [46]
 [51]
 [49]
 [52]
 [51]
 [56]
 [54]
 [57]
 [57]
 [57]
 [57]
 [57]
 [57]
 [45]
 [49]] 
------------------------ Dataset: v2i ------------------------
shape: (27, 1), dtype: uint16
Data:[[54]
 [48]
 [49]
 [52]
 [46]
 [56]
 [52]
 [55]
 [49]
 [53]
 [56]
 [45]
 [48]
 [32]
 [54]
 [48]
 [49]
 [52]
 [46]
 [56]
 [51]
 [55]
 [54]
 [56]
 [54]
 [45]
 [49]] 
------------------------ Dataset: v2j ------------------------
shape: (27, 1), dtype: uint16
Data:[[54]
 [48]
 [51]
 [48]
 [46]
 [55]
 [48]
 [51]
 [50]
 [49]
 [49]
 [45]
 [48]
 [32]
 [54]
 [48]
 [51]
 [48]
 [46]
 [55]
 [48]
 [51]
 [48]
 [57]
 [56]
 [45]
 [49]] 
------------------------ Dataset: v2k ------------------------
shape: (13, 1), dtype: uint16
Data:[[54]
 [48]
 [52]
 [54]
 [46]
 [51]
 [50]
 [50]
 [51]
 [57]
 [52]
 [45]
 [49]] 
------------------------ Dataset: v2l ------------------------
shape: (33, 1), dtype: uint16
Data:[[54]
 [48]
 [54]
 [50]
 [46]
 [49]
 [55]
 [52]
 [48]
 [53]
 [49]
 [57]
 [57]
 [57]
 [57]
 [57]
 [57]
 [45]
 [48]
 [32]
 [54]
 [48]
 [54]
 [50]
 [46]
 [49]
 [55]
 [48]
 [52]
 [49]
 [51]
 [45]
 [49]] 
------------------------ Dataset: v2m ------------------------
shape: (33, 1), dtype: uint16
Data:[[54]
 [48]
 [55]
 [56]
 [46]
 [48]
 [52]
 [53]
 [56]
 [51]
 [53]
 [57]
 [57]
 [57]
 [57]
 [57]
 [57]
 [45]
 [48]
 [32]
 [54]
 [48]
 [55]
 [56]
 [46]
 [48]
 [53]
 [53]
 [51]
 [55]
 [55]
 [45]
 [49]] 
------------------------ Dataset: v2n ------------------------
shape: (33, 1), dtype: uint16
Data:[[53]
 [54]
 [51]
 [56]
 [46]
 [56]
 [54]
 [49]
 [53]
 [54]
 [55]
 [45]
 [48]
 [32]
 [53]
 [54]
 [51]
 [56]
 [46]
 [56]
 [54]
 [53]
 [54]
 [48]
 [50]
 [57]
 [57]
 [57]
 [57]
 [57]
 [57]
 [45]
 [49]] 
------------------------ Dataset: v2o ------------------------
shape: (27, 1), dtype: uint16
Data:[[53]
 [54]
 [53]
 [52]
 [46]
 [53]
 [56]
 [56]
 [52]
 [57]
 [56]
 [45]
 [48]
 [32]
 [53]
 [54]
 [53]
 [52]
 [46]
 [54]
 [48]
 [48]
 [49]
 [56]
 [49]
 [45]
 [49]] 
------------------------ Dataset: v2p ------------------------
shape: (40, 1), dtype: uint16
Data:[[53]
 [54]
 [55]
 [48]
 [46]
 [50]
 [57]
 [55]
 [53]
 [56]
 [49]
 [57]
 [57]
 [57]
 [57]
 [57]
 [57]
 [45]
 [48]
 [32]
 [53]
 [54]
 [55]
 [48]
 [46]
 [51]
 [48]
 [49]
 [53]
 [57]
 [48]
 [57]
 [57]
 [57]
 [57]
 [57]
 [57]
 [53]
 [45]
 [49]] 
------------------------ Dataset: v2q ------------------------
shape: (34, 1), dtype: uint16
Data:[[53]
 [54]
 [56]
 [54]
 [46]
 [48]
 [56]
 [51]
 [56]
 [53]
 [53]
 [45]
 [48]
 [32]
 [53]
 [54]
 [56]
 [54]
 [46]
 [48]
 [56]
 [50]
 [52]
 [57]
 [57]
 [57]
 [57]
 [57]
 [57]
 [57]
 [57]
 [53]
 [45]
 [49]] 
------------------------ Dataset: v2r ------------------------
shape: (34, 1), dtype: uint16
Data:[[53]
 [56]
 [49]
 [50]
 [46]
 [51]
 [50]
 [57]
 [54]
 [55]
 [56]
 [57]
 [57]
 [57]
 [57]
 [57]
 [57]
 [53]
 [45]
 [48]
 [32]
 [53]
 [56]
 [49]
 [50]
 [46]
 [51]
 [50]
 [53]
 [56]
 [57]
 [52]
 [45]
 [49]] 
------------------------ Dataset: v2s ------------------------
shape: (39, 1), dtype: uint16
Data:[[54]
 [54]
 [48]
 [49]
 [46]
 [51]
 [56]
 [54]
 [48]
 [57]
 [48]
 [57]
 [57]
 [57]
 [57]
 [57]
 [57]
 [45]
 [48]
 [32]
 [54]
 [54]
 [48]
 [49]
 [46]
 [51]
 [56]
 [50]
 [48]
 [50]
 [53]
 [57]
 [57]
 [57]
 [57]
 [57]
 [57]
 [45]
 [49]] 
------------------------ Dataset: v2t ------------------------
shape: (39, 1), dtype: uint16
Data:[[54]
 [54]
 [49]
 [55]
 [46]
 [51]
 [50]
 [50]
 [50]
 [50]
 [53]
 [57]
 [57]
 [57]
 [57]
 [57]
 [57]
 [45]
 [48]
 [32]
 [54]
 [54]
 [49]
 [55]
 [46]
 [51]
 [49]
 [56]
 [48]
 [54]
 [57]
 [57]
 [57]
 [57]
 [57]
 [57]
 [57]
 [45]
 [49]] 
------------------------ Dataset: v2u ------------------------
shape: (34, 1), dtype: uint16
Data:[[54]
 [54]
 [51]
 [51]
 [46]
 [50]
 [48]
 [50]
 [52]
 [55]
 [53]
 [57]
 [57]
 [57]
 [57]
 [57]
 [57]
 [53]
 [45]
 [48]
 [32]
 [54]
 [54]
 [51]
 [51]
 [46]
 [50]
 [48]
 [54]
 [50]
 [50]
 [56]
 [45]
 [49]] 
------------------------ Dataset: v2v ------------------------
shape: (33, 1), dtype: uint16
Data:[[54]
 [54]
 [52]
 [56]
 [46]
 [56]
 [50]
 [54]
 [50]
 [51]
 [52]
 [45]
 [48]
 [32]
 [54]
 [54]
 [52]
 [56]
 [46]
 [56]
 [50]
 [50]
 [50]
 [56]
 [52]
 [57]
 [57]
 [57]
 [57]
 [57]
 [57]
 [45]
 [49]] 
------------------------ Dataset: v2w ------------------------
shape: (19, 1), dtype: uint16
Data:[[54]
 [54]
 [54]
 [52]
 [46]
 [54]
 [54]
 [50]
 [56]
 [57]
 [57]
 [57]
 [57]
 [57]
 [57]
 [57]
 [57]
 [45]
 [48]] 
------------------------ Dataset: v2x ------------------------
shape: (27, 1), dtype: uint16
Data:[[54]
 [54]
 [56]
 [48]
 [46]
 [53]
 [56]
 [54]
 [48]
 [54]
 [52]
 [45]
 [48]
 [32]
 [54]
 [54]
 [56]
 [48]
 [46]
 [53]
 [57]
 [48]
 [51]
 [51]
 [50]
 [45]
 [49]] 
------------------------ Dataset: v2y ------------------------
shape: (39, 1), dtype: uint16
Data:[[53]
 [56]
 [57]
 [56]
 [46]
 [53]
 [50]
 [53]
 [54]
 [57]
 [52]
 [57]
 [57]
 [57]
 [57]
 [57]
 [57]
 [45]
 [48]
 [32]
 [53]
 [56]
 [57]
 [56]
 [46]
 [53]
 [50]
 [49]
 [54]
 [55]
 [53]
 [57]
 [57]
 [57]
 [57]
 [57]
 [57]
 [45]
 [49]] 
------------------------ Dataset: v2z ------------------------
shape: (27, 1), dtype: uint16
Data:[[53]
 [57]
 [49]
 [52]
 [46]
 [51]
 [54]
 [49]
 [55]
 [55]
 [49]
 [45]
 [48]
 [32]
 [53]
 [57]
 [49]
 [52]
 [46]
 [51]
 [55]
 [51]
 [49]
 [48]
 [54]
 [45]
 [49]] 
------------------------ Dataset: v3 ------------------------
shape: (33, 1), dtype: uint16
Data:[[54]
 [55]
 [54]
 [50]
 [46]
 [53]
 [52]
 [50]
 [51]
 [51]
 [55]
 [57]
 [57]
 [57]
 [57]
 [57]
 [57]
 [45]
 [48]
 [32]
 [54]
 [55]
 [54]
 [50]
 [46]
 [53]
 [51]
 [56]
 [49]
 [51]
 [53]
 [45]
 [49]] 
------------------------ Dataset: v3b ------------------------
shape: (27, 1), dtype: uint16
Data:[[54]
 [55]
 [55]
 [56]
 [46]
 [51]
 [57]
 [48]
 [50]
 [51]
 [50]
 [45]
 [48]
 [32]
 [54]
 [55]
 [55]
 [56]
 [46]
 [51]
 [56]
 [54]
 [49]
 [49]
 [55]
 [45]
 [49]] 
------------------------ Dataset: v3c ------------------------
shape: (33, 1), dtype: uint16
Data:[[54]
 [50]
 [57]
 [49]
 [46]
 [49]
 [53]
 [55]
 [56]
 [54]
 [49]
 [45]
 [48]
 [32]
 [54]
 [50]
 [57]
 [49]
 [46]
 [49]
 [54]
 [49]
 [56]
 [54]
 [50]
 [57]
 [57]
 [57]
 [57]
 [57]
 [57]
 [45]
 [49]] 
------------------------ Dataset: v3d ------------------------
shape: (33, 1), dtype: uint16
Data:[[54]
 [51]
 [48]
 [54]
 [46]
 [57]
 [56]
 [55]
 [50]
 [52]
 [54]
 [45]
 [48]
 [32]
 [54]
 [51]
 [48]
 [54]
 [46]
 [57]
 [57]
 [51]
 [57]
 [51]
 [49]
 [57]
 [57]
 [57]
 [57]
 [57]
 [57]
 [45]
 [49]] 
------------------------ Dataset: v3e ------------------------
shape: (33, 1), dtype: uint16
Data:[[54]
 [51]
 [50]
 [50]
 [46]
 [55]
 [54]
 [57]
 [57]
 [54]
 [54]
 [45]
 [48]
 [32]
 [54]
 [51]
 [50]
 [50]
 [46]
 [55]
 [55]
 [52]
 [48]
 [53]
 [48]
 [57]
 [57]
 [57]
 [57]
 [57]
 [57]
 [45]
 [49]] 
------------------------ Dataset: v3f ------------------------
shape: (12, 1), dtype: uint16
Data:[[54]
 [51]
 [51]
 [56]
 [46]
 [54]
 [51]
 [53]
 [49]
 [51]
 [45]
 [48]] 
------------------------ Dataset: v3g ------------------------
shape: (27, 1), dtype: uint16
Data:[[54]
 [53]
 [48]
 [51]
 [46]
 [55]
 [52]
 [57]
 [57]
 [56]
 [51]
 [45]
 [48]
 [32]
 [54]
 [53]
 [48]
 [51]
 [46]
 [55]
 [52]
 [53]
 [57]
 [56]
 [56]
 [45]
 [49]] 
------------------------ Dataset: v3h ------------------------
shape: (39, 1), dtype: uint16
Data:[[54]
 [53]
 [49]
 [57]
 [46]
 [53]
 [55]
 [52]
 [50]
 [49]
 [51]
 [57]
 [57]
 [57]
 [57]
 [57]
 [57]
 [45]
 [48]
 [32]
 [54]
 [53]
 [49]
 [57]
 [46]
 [53]
 [55]
 [48]
 [51]
 [51]
 [49]
 [57]
 [57]
 [57]
 [57]
 [57]
 [57]
 [45]
 [49]] 
------------------------ Dataset: v3i ------------------------
shape: (33, 1), dtype: uint16
Data:[[54]
 [48]
 [49]
 [53]
 [46]
 [49]
 [48]
 [54]
 [49]
 [48]
 [53]
 [57]
 [57]
 [57]
 [57]
 [57]
 [57]
 [45]
 [48]
 [32]
 [54]
 [48]
 [49]
 [53]
 [46]
 [49]
 [48]
 [51]
 [48]
 [53]
 [51]
 [45]
 [49]] 
------------------------ Dataset: v3j ------------------------
shape: (27, 1), dtype: uint16
Data:[[54]
 [48]
 [51]
 [48]
 [46]
 [57]
 [54]
 [49]
 [55]
 [55]
 [56]
 [45]
 [48]
 [32]
 [54]
 [48]
 [51]
 [48]
 [46]
 [57]
 [53]
 [55]
 [55]
 [54]
 [55]
 [45]
 [49]] 
------------------------ Dataset: v3k ------------------------
shape: (33, 1), dtype: uint16
Data:[[54]
 [48]
 [52]
 [54]
 [46]
 [53]
 [55]
 [52]
 [50]
 [48]
 [53]
 [45]
 [48]
 [32]
 [54]
 [48]
 [52]
 [54]
 [46]
 [53]
 [54]
 [57]
 [57]
 [54]
 [51]
 [57]
 [57]
 [57]
 [57]
 [57]
 [57]
 [45]
 [49]] 
------------------------ Dataset: v3l ------------------------
shape: (27, 1), dtype: uint16
Data:[[54]
 [48]
 [54]
 [50]
 [46]
 [52]
 [52]
 [54]
 [48]
 [57]
 [55]
 [45]
 [48]
 [32]
 [54]
 [48]
 [54]
 [50]
 [46]
 [52]
 [52]
 [54]
 [48]
 [57]
 [49]
 [45]
 [49]] 
------------------------ Dataset: v3m ------------------------
shape: (33, 1), dtype: uint16
Data:[[54]
 [48]
 [55]
 [56]
 [46]
 [50]
 [57]
 [51]
 [55]
 [55]
 [55]
 [45]
 [48]
 [32]
 [54]
 [48]
 [55]
 [56]
 [46]
 [50]
 [57]
 [55]
 [55]
 [51]
 [50]
 [57]
 [57]
 [57]
 [57]
 [57]
 [57]
 [45]
 [49]] 
------------------------ Dataset: v3n ------------------------
shape: (33, 1), dtype: uint16
Data:[[53]
 [54]
 [51]
 [57]
 [46]
 [49]
 [49]
 [57]
 [49]
 [49]
 [54]
 [57]
 [57]
 [57]
 [57]
 [57]
 [57]
 [45]
 [48]
 [32]
 [53]
 [54]
 [51]
 [57]
 [46]
 [49]
 [50]
 [50]
 [49]
 [55]
 [56]
 [45]
 [49]] 
------------------------ Dataset: v3o ------------------------
shape: (27, 1), dtype: uint16
Data:[[53]
 [54]
 [53]
 [52]
 [46]
 [56]
 [52]
 [53]
 [53]
 [56]
 [49]
 [45]
 [48]
 [32]
 [53]
 [54]
 [53]
 [52]
 [46]
 [56]
 [52]
 [49]
 [53]
 [51]
 [54]
 [45]
 [49]] 
------------------------ Dataset: v3p ------------------------
shape: (33, 1), dtype: uint16
Data:[[53]
 [54]
 [55]
 [48]
 [46]
 [53]
 [53]
 [48]
 [49]
 [49]
 [52]
 [45]
 [48]
 [32]
 [53]
 [54]
 [55]
 [48]
 [46]
 [53]
 [53]
 [51]
 [56]
 [54]
 [56]
 [57]
 [57]
 [57]
 [57]
 [57]
 [57]
 [45]
 [49]] 
------------------------ Dataset: v3q ------------------------
shape: (32, 1), dtype: uint16
Data:[[53]
 [54]
 [56]
 [54]
 [46]
 [51]
 [51]
 [51]
 [55]
 [49]
 [45]
 [48]
 [32]
 [53]
 [54]
 [56]
 [54]
 [46]
 [51]
 [50]
 [57]
 [53]
 [57]
 [55]
 [57]
 [57]
 [57]
 [57]
 [57]
 [57]
 [45]
 [49]] 
------------------------ Dataset: v3r ------------------------
shape: (26, 1), dtype: uint16
Data:[[53]
 [56]
 [49]
 [50]
 [46]
 [53]
 [57]
 [48]
 [50]
 [51]
 [50]
 [45]
 [48]
 [32]
 [53]
 [56]
 [49]
 [50]
 [46]
 [53]
 [56]
 [56]
 [56]
 [50]
 [45]
 [49]] 
------------------------ Dataset: v3s ------------------------
shape: (40, 1), dtype: uint16
Data:[[54]
 [54]
 [48]
 [49]
 [46]
 [54]
 [52]
 [49]
 [52]
 [56]
 [53]
 [57]
 [57]
 [57]
 [57]
 [57]
 [57]
 [53]
 [45]
 [48]
 [32]
 [54]
 [54]
 [48]
 [49]
 [46]
 [54]
 [52]
 [50]
 [52]
 [53]
 [52]
 [57]
 [57]
 [57]
 [57]
 [57]
 [57]
 [45]
 [49]] 
------------------------ Dataset: v3t ------------------------
shape: (33, 1), dtype: uint16
Data:[[54]
 [54]
 [49]
 [55]
 [46]
 [53]
 [55]
 [52]
 [49]
 [55]
 [56]
 [57]
 [57]
 [57]
 [57]
 [57]
 [57]
 [45]
 [48]
 [32]
 [54]
 [54]
 [49]
 [55]
 [46]
 [53]
 [55]
 [48]
 [48]
 [56]
 [54]
 [45]
 [49]] 
------------------------ Dataset: v3u ------------------------
shape: (34, 1), dtype: uint16
Data:[[54]
 [54]
 [51]
 [51]
 [46]
 [52]
 [53]
 [52]
 [48]
 [48]
 [49]
 [57]
 [57]
 [57]
 [57]
 [57]
 [57]
 [53]
 [45]
 [48]
 [32]
 [54]
 [54]
 [51]
 [51]
 [46]
 [52]
 [53]
 [57]
 [51]
 [50]
 [56]
 [45]
 [49]] 
------------------------ Dataset: v3v ------------------------
shape: (26, 1), dtype: uint16
Data:[[54]
 [54]
 [52]
 [57]
 [46]
 [48]
 [55]
 [57]
 [51]
 [50]
 [50]
 [45]
 [48]
 [32]
 [54]
 [54]
 [52]
 [57]
 [46]
 [48]
 [55]
 [56]
 [57]
 [50]
 [45]
 [49]] 
------------------------ Dataset: v3w ------------------------
shape: (39, 1), dtype: uint16
Data:[[54]
 [54]
 [54]
 [52]
 [46]
 [57]
 [48]
 [54]
 [48]
 [53]
 [54]
 [57]
 [57]
 [57]
 [57]
 [57]
 [57]
 [45]
 [48]
 [32]
 [54]
 [54]
 [54]
 [52]
 [46]
 [57]
 [49]
 [48]
 [50]
 [54]
 [57]
 [57]
 [57]
 [57]
 [57]
 [57]
 [57]
 [45]
 [49]] 
------------------------ Dataset: v3x ------------------------
shape: (40, 1), dtype: uint16
Data:[[54]
 [54]
 [56]
 [48]
 [46]
 [56]
 [52]
 [50]
 [49]
 [56]
 [54]
 [57]
 [57]
 [57]
 [57]
 [57]
 [57]
 [45]
 [48]
 [32]
 [54]
 [54]
 [56]
 [48]
 [46]
 [56]
 [51]
 [56]
 [53]
 [51]
 [51]
 [57]
 [57]
 [57]
 [57]
 [57]
 [57]
 [53]
 [45]
 [49]] 
------------------------ Dataset: v3y ------------------------
shape: (34, 1), dtype: uint16
Data:[[53]
 [56]
 [57]
 [56]
 [46]
 [55]
 [56]
 [51]
 [48]
 [51]
 [52]
 [57]
 [57]
 [57]
 [57]
 [57]
 [57]
 [53]
 [45]
 [48]
 [32]
 [53]
 [56]
 [57]
 [56]
 [46]
 [55]
 [55]
 [55]
 [57]
 [55]
 [50]
 [45]
 [49]] 
------------------------ Dataset: v3z ------------------------
shape: (40, 1), dtype: uint16
Data:[[53]
 [57]
 [49]
 [52]
 [46]
 [54]
 [50]
 [49]
 [54]
 [55]
 [52]
 [57]
 [57]
 [57]
 [57]
 [57]
 [57]
 [45]
 [48]
 [32]
 [53]
 [57]
 [49]
 [52]
 [46]
 [54]
 [50]
 [53]
 [57]
 [48]
 [51]
 [57]
 [57]
 [57]
 [57]
 [57]
 [57]
 [53]
 [45]
 [49]] 
------------------------ Dataset: v4 ------------------------
shape: (27, 1), dtype: uint16
Data:[[54]
 [55]
 [54]
 [50]
 [46]
 [56]
 [48]
 [50]
 [49]
 [56]
 [54]
 [45]
 [48]
 [32]
 [54]
 [55]
 [54]
 [50]
 [46]
 [56]
 [48]
 [54]
 [49]
 [53]
 [57]
 [45]
 [49]] 
------------------------ Dataset: v4b ------------------------
shape: (33, 1), dtype: uint16
Data:[[54]
 [55]
 [55]
 [56]
 [46]
 [54]
 [51]
 [56]
 [52]
 [49]
 [54]
 [45]
 [48]
 [32]
 [54]
 [55]
 [55]
 [56]
 [46]
 [54]
 [51]
 [52]
 [49]
 [54]
 [57]
 [57]
 [57]
 [57]
 [57]
 [57]
 [57]
 [45]
 [49]] 
------------------------ Dataset: v4c ------------------------
shape: (33, 1), dtype: uint16
Data:[[54]
 [50]
 [57]
 [49]
 [46]
 [52]
 [48]
 [53]
 [57]
 [57]
 [55]
 [45]
 [48]
 [32]
 [54]
 [50]
 [57]
 [49]
 [46]
 [52]
 [48]
 [57]
 [56]
 [55]
 [57]
 [57]
 [57]
 [57]
 [57]
 [57]
 [57]
 [45]
 [49]] 
------------------------ Dataset: v4d ------------------------
shape: (27, 1), dtype: uint16
Data:[[54]
 [51]
 [48]
 [55]
 [46]
 [50]
 [51]
 [57]
 [50]
 [53]
 [56]
 [45]
 [48]
 [32]
 [54]
 [51]
 [48]
 [55]
 [46]
 [50]
 [52]
 [50]
 [49]
 [57]
 [51]
 [45]
 [49]] 
------------------------ Dataset: v4e ------------------------
shape: (32, 1), dtype: uint16
Data:[[54]
 [51]
 [50]
 [51]
 [46]
 [48]
 [50]
 [50]
 [49]
 [50]
 [57]
 [57]
 [57]
 [57]
 [57]
 [57]
 [57]
 [45]
 [48]
 [32]
 [54]
 [51]
 [50]
 [51]
 [46]
 [48]
 [50]
 [53]
 [56]
 [57]
 [45]
 [49]] 
------------------------ Dataset: v4f ------------------------
shape: (34, 1), dtype: uint16
Data:[[54]
 [51]
 [51]
 [56]
 [46]
 [56]
 [57]
 [51]
 [57]
 [56]
 [54]
 [45]
 [48]
 [32]
 [54]
 [51]
 [51]
 [56]
 [46]
 [56]
 [56]
 [57]
 [57]
 [54]
 [55]
 [57]
 [57]
 [57]
 [57]
 [57]
 [57]
 [53]
 [45]
 [49]] 
------------------------ Dataset: v4g ------------------------
shape: (33, 1), dtype: uint16
Data:[[54]
 [53]
 [48]
 [52]
 [46]
 [48]
 [48]
 [50]
 [48]
 [54]
 [56]
 [45]
 [48]
 [32]
 [54]
 [53]
 [48]
 [51]
 [46]
 [57]
 [57]
 [56]
 [49]
 [52]
 [51]
 [57]
 [57]
 [57]
 [57]
 [57]
 [57]
 [45]
 [49]] 
------------------------ Dataset: v4h ------------------------
shape: (40, 1), dtype: uint16
Data:[[54]
 [53]
 [49]
 [57]
 [46]
 [56]
 [50]
 [54]
 [48]
 [50]
 [57]
 [57]
 [57]
 [57]
 [57]
 [57]
 [57]
 [45]
 [48]
 [32]
 [54]
 [53]
 [49]
 [57]
 [46]
 [56]
 [50]
 [57]
 [57]
 [52]
 [52]
 [57]
 [57]
 [57]
 [57]
 [57]
 [57]
 [53]
 [45]
 [49]] 
------------------------ Dataset: v4i ------------------------
shape: (33, 1), dtype: uint16
Data:[[54]
 [48]
 [49]
 [53]
 [46]
 [51]
 [55]
 [52]
 [53]
 [52]
 [53]
 [45]
 [48]
 [32]
 [54]
 [48]
 [49]
 [53]
 [46]
 [51]
 [55]
 [49]
 [51]
 [49]
 [49]
 [57]
 [57]
 [57]
 [57]
 [57]
 [57]
 [45]
 [49]] 
------------------------ Dataset: v4j ------------------------
shape: (27, 1), dtype: uint16
Data:[[54]
 [48]
 [51]
 [49]
 [46]
 [50]
 [49]
 [55]
 [56]
 [52]
 [49]
 [45]
 [48]
 [32]
 [54]
 [48]
 [51]
 [49]
 [46]
 [50]
 [49]
 [55]
 [56]
 [52]
 [49]
 [45]
 [49]] 
------------------------ Dataset: v4k ------------------------
shape: (33, 1), dtype: uint16
Data:[[54]
 [48]
 [52]
 [54]
 [46]
 [56]
 [50]
 [53]
 [56]
 [50]
 [50]
 [45]
 [48]
 [32]
 [54]
 [48]
 [52]
 [54]
 [46]
 [56]
 [50]
 [49]
 [56]
 [52]
 [49]
 [57]
 [57]
 [57]
 [57]
 [57]
 [57]
 [45]
 [49]] 
------------------------ Dataset: v4l ------------------------
shape: (27, 1), dtype: uint16
Data:[[54]
 [48]
 [54]
 [50]
 [46]
 [54]
 [57]
 [53]
 [54]
 [55]
 [53]
 [45]
 [48]
 [32]
 [54]
 [48]
 [54]
 [50]
 [46]
 [54]
 [57]
 [53]
 [56]
 [51]
 [52]
 [45]
 [49]] 
------------------------ Dataset: v4m ------------------------
shape: (34, 1), dtype: uint16
Data:[[54]
 [48]
 [55]
 [56]
 [46]
 [53]
 [53]
 [52]
 [51]
 [57]
 [55]
 [45]
 [48]
 [32]
 [54]
 [48]
 [55]
 [56]
 [46]
 [53]
 [52]
 [57]
 [56]
 [48]
 [49]
 [57]
 [57]
 [57]
 [57]
 [57]
 [57]
 [53]
 [45]
 [49]] 
------------------------ Dataset: v4n ------------------------
shape: (27, 1), dtype: uint16
Data:[[53]
 [54]
 [51]
 [57]
 [46]
 [51]
 [54]
 [49]
 [53]
 [56]
 [56]
 [45]
 [48]
 [32]
 [53]
 [54]
 [51]
 [57]
 [46]
 [51]
 [54]
 [53]
 [53]
 [52]
 [56]
 [45]
 [49]] 
------------------------ Dataset: v4o ------------------------
shape: (34, 1), dtype: uint16
Data:[[53]
 [54]
 [53]
 [53]
 [46]
 [48]
 [57]
 [55]
 [54]
 [52]
 [53]
 [45]
 [48]
 [32]
 [53]
 [54]
 [53]
 [53]
 [46]
 [48]
 [57]
 [51]
 [54]
 [56]
 [51]
 [57]
 [57]
 [57]
 [57]
 [57]
 [57]
 [53]
 [45]
 [49]] 
------------------------ Dataset: v4p ------------------------
shape: (27, 1), dtype: uint16
Data:[[53]
 [54]
 [55]
 [48]
 [46]
 [56]
 [48]
 [53]
 [53]
 [49]
 [53]
 [45]
 [48]
 [32]
 [53]
 [54]
 [55]
 [48]
 [46]
 [56]
 [49]
 [51]
 [54]
 [54]
 [50]
 [45]
 [49]] 
------------------------ Dataset: v4q ------------------------
shape: (33, 1), dtype: uint16
Data:[[53]
 [54]
 [56]
 [54]
 [46]
 [53]
 [57]
 [49]
 [51]
 [56]
 [48]
 [57]
 [57]
 [57]
 [57]
 [57]
 [57]
 [45]
 [48]
 [32]
 [53]
 [54]
 [56]
 [54]
 [46]
 [53]
 [57]
 [54]
 [53]
 [57]
 [53]
 [45]
 [49]] 
------------------------ Dataset: v4r ------------------------
shape: (33, 1), dtype: uint16
Data:[[53]
 [56]
 [49]
 [50]
 [46]
 [56]
 [51]
 [55]
 [55]
 [53]
 [51]
 [45]
 [48]
 [32]
 [53]
 [56]
 [49]
 [50]
 [46]
 [56]
 [52]
 [49]
 [55]
 [52]
 [48]
 [57]
 [57]
 [57]
 [57]
 [57]
 [57]
 [45]
 [49]] 
------------------------ Dataset: v4s ------------------------
shape: (27, 1), dtype: uint16
Data:[[54]
 [54]
 [48]
 [49]
 [46]
 [56]
 [56]
 [54]
 [48]
 [53]
 [55]
 [45]
 [48]
 [32]
 [54]
 [54]
 [48]
 [49]
 [46]
 [56]
 [57]
 [48]
 [48]
 [48]
 [49]
 [45]
 [49]] 
------------------------ Dataset: v4t ------------------------
shape: (33, 1), dtype: uint16
Data:[[54]
 [54]
 [49]
 [55]
 [46]
 [56]
 [51]
 [48]
 [48]
 [54]
 [52]
 [45]
 [48]
 [32]
 [54]
 [54]
 [49]
 [55]
 [46]
 [56]
 [50]
 [54]
 [51]
 [56]
 [52]
 [57]
 [57]
 [57]
 [57]
 [57]
 [57]
 [45]
 [49]] 
------------------------ Dataset: v4u ------------------------
shape: (32, 1), dtype: uint16
Data:[[54]
 [54]
 [51]
 [51]
 [46]
 [55]
 [49]
 [49]
 [50]
 [54]
 [45]
 [48]
 [32]
 [54]
 [54]
 [51]
 [51]
 [46]
 [55]
 [48]
 [54]
 [48]
 [53]
 [51]
 [57]
 [57]
 [57]
 [57]
 [57]
 [57]
 [45]
 [49]] 
------------------------ Dataset: v4v ------------------------
shape: (33, 1), dtype: uint16
Data:[[54]
 [54]
 [52]
 [57]
 [46]
 [51]
 [50]
 [54]
 [50]
 [53]
 [50]
 [45]
 [48]
 [32]
 [54]
 [54]
 [52]
 [57]
 [46]
 [51]
 [50]
 [50]
 [52]
 [51]
 [50]
 [57]
 [57]
 [57]
 [57]
 [57]
 [57]
 [45]
 [49]] 
------------------------ Dataset: v4w ------------------------
shape: (27, 1), dtype: uint16
Data:[[54]
 [54]
 [54]
 [53]
 [46]
 [49]
 [54]
 [54]
 [48]
 [57]
 [49]
 [45]
 [48]
 [32]
 [54]
 [54]
 [54]
 [53]
 [46]
 [49]
 [55]
 [48]
 [48]
 [52]
 [51]
 [45]
 [49]] 
------------------------ Dataset: v4x ------------------------
shape: (33, 1), dtype: uint16
Data:[[54]
 [54]
 [56]
 [49]
 [46]
 [49]
 [48]
 [53]
 [48]
 [49]
 [57]
 [45]
 [48]
 [32]
 [54]
 [54]
 [56]
 [49]
 [46]
 [49]
 [48]
 [53]
 [48]
 [48]
 [57]
 [57]
 [57]
 [57]
 [57]
 [57]
 [57]
 [45]
 [49]] 
------------------------ Dataset: v4y ------------------------
shape: (19, 1), dtype: uint16
Data:[[53]
 [56]
 [57]
 [57]
 [46]
 [48]
 [51]
 [51]
 [55]
 [50]
 [52]
 [57]
 [57]
 [57]
 [57]
 [57]
 [57]
 [45]
 [48]] 
------------------------ Dataset: v4z ------------------------
shape: (19, 1), dtype: uint16
Data:[[53]
 [57]
 [49]
 [52]
 [46]
 [56]
 [56]
 [54]
 [51]
 [56]
 [48]
 [57]
 [57]
 [57]
 [57]
 [57]
 [57]
 [45]
 [48]] 
------------------------ Dataset: v5 ------------------------
shape: (33, 1), dtype: uint16
Data:[[54]
 [55]
 [54]
 [51]
 [46]
 [48]
 [54]
 [54]
 [49]
 [51]
 [50]
 [57]
 [57]
 [57]
 [57]
 [57]
 [57]
 [45]
 [48]
 [32]
 [54]
 [55]
 [54]
 [51]
 [46]
 [48]
 [54]
 [50]
 [51]
 [57]
 [53]
 [45]
 [49]] 
------------------------ Dataset: v5b ------------------------
shape: (27, 1), dtype: uint16
Data:[[54]
 [55]
 [55]
 [56]
 [46]
 [56]
 [57]
 [48]
 [50]
 [52]
 [53]
 [45]
 [48]
 [32]
 [54]
 [55]
 [55]
 [56]
 [46]
 [56]
 [56]
 [57]
 [57]
 [48]
 [53]
 [45]
 [49]] 
------------------------ Dataset: v5c ------------------------
shape: (26, 1), dtype: uint16
Data:[[54]
 [50]
 [57]
 [49]
 [46]
 [54]
 [54]
 [53]
 [57]
 [52]
 [45]
 [48]
 [32]
 [54]
 [50]
 [57]
 [49]
 [46]
 [54]
 [54]
 [57]
 [57]
 [49]
 [51]
 [45]
 [49]] 
------------------------ Dataset: v5d ------------------------
shape: (33, 1), dtype: uint16
Data:[[54]
 [51]
 [48]
 [55]
 [46]
 [52]
 [56]
 [53]
 [56]
 [57]
 [48]
 [57]
 [57]
 [57]
 [57]
 [57]
 [57]
 [45]
 [48]
 [32]
 [54]
 [51]
 [48]
 [55]
 [46]
 [52]
 [57]
 [52]
 [57]
 [54]
 [51]
 [45]
 [49]] 
------------------------ Dataset: v5e ------------------------
shape: (34, 1), dtype: uint16
Data:[[54]
 [51]
 [50]
 [51]
 [46]
 [50]
 [56]
 [53]
 [56]
 [50]
 [53]
 [45]
 [48]
 [32]
 [54]
 [51]
 [50]
 [51]
 [46]
 [50]
 [56]
 [49]
 [56]
 [48]
 [57]
 [57]
 [57]
 [57]
 [57]
 [57]
 [57]
 [53]
 [45]
 [49]] 
------------------------ Dataset: v5f ------------------------
shape: (32, 1), dtype: uint16
Data:[[54]
 [51]
 [51]
 [57]
 [46]
 [49]
 [52]
 [57]
 [57]
 [50]
 [45]
 [48]
 [32]
 [54]
 [51]
 [51]
 [57]
 [46]
 [49]
 [52]
 [54]
 [48]
 [49]
 [57]
 [57]
 [57]
 [57]
 [57]
 [57]
 [57]
 [45]
 [49]] 
------------------------ Dataset: v5g ------------------------
shape: (27, 1), dtype: uint16
Data:[[54]
 [53]
 [48]
 [52]
 [46]
 [50]
 [54]
 [53]
 [57]
 [54]
 [49]
 [45]
 [48]
 [32]
 [54]
 [53]
 [48]
 [52]
 [46]
 [50]
 [54]
 [53]
 [57]
 [50]
 [53]
 [45]
 [49]] 
------------------------ Dataset: v5h ------------------------
shape: (26, 1), dtype: uint16
Data:[[54]
 [53]
 [50]
 [48]
 [46]
 [48]
 [55]
 [52]
 [48]
 [54]
 [45]
 [48]
 [32]
 [54]
 [53]
 [50]
 [48]
 [46]
 [48]
 [55]
 [56]
 [48]
 [57]
 [51]
 [45]
 [49]] 
------------------------ Dataset: v5i ------------------------
shape: (33, 1), dtype: uint16
Data:[[54]
 [48]
 [49]
 [53]
 [46]
 [54]
 [52]
 [53]
 [55]
 [57]
 [52]
 [57]
 [57]
 [57]
 [57]
 [57]
 [57]
 [45]
 [48]
 [32]
 [54]
 [48]
 [49]
 [53]
 [46]
 [54]
 [52]
 [49]
 [55]
 [52]
 [55]
 [45]
 [49]] 
------------------------ Dataset: v5j ------------------------
shape: (13, 1), dtype: uint16
Data:[[54]
 [48]
 [51]
 [49]
 [46]
 [52]
 [56]
 [49]
 [55]
 [52]
 [52]
 [45]
 [49]] 
------------------------ Dataset: v5k ------------------------
shape: (27, 1), dtype: uint16
Data:[[54]
 [48]
 [52]
 [55]
 [46]
 [48]
 [55]
 [52]
 [48]
 [56]
 [57]
 [45]
 [48]
 [32]
 [54]
 [48]
 [52]
 [55]
 [46]
 [48]
 [54]
 [57]
 [57]
 [53]
 [50]
 [45]
 [49]] 
------------------------ Dataset: v5l ------------------------
shape: (33, 1), dtype: uint16
Data:[[54]
 [48]
 [54]
 [50]
 [46]
 [57]
 [53]
 [48]
 [57]
 [53]
 [49]
 [45]
 [48]
 [32]
 [54]
 [48]
 [54]
 [50]
 [46]
 [57]
 [52]
 [53]
 [54]
 [52]
 [48]
 [57]
 [57]
 [57]
 [57]
 [57]
 [57]
 [45]
 [49]] 
------------------------ Dataset: v5m ------------------------
shape: (27, 1), dtype: uint16
Data:[[54]
 [48]
 [55]
 [56]
 [46]
 [56]
 [48]
 [49]
 [56]
 [50]
 [56]
 [45]
 [48]
 [32]
 [54]
 [48]
 [55]
 [56]
 [46]
 [55]
 [57]
 [55]
 [56]
 [57]
 [51]
 [45]
 [49]] 
------------------------ Dataset: v5n ------------------------
shape: (40, 1), dtype: uint16
Data:[[53]
 [54]
 [51]
 [57]
 [46]
 [54]
 [49]
 [51]
 [54]
 [53]
 [53]
 [57]
 [57]
 [57]
 [57]
 [57]
 [57]
 [53]
 [45]
 [48]
 [32]
 [53]
 [54]
 [51]
 [57]
 [46]
 [54]
 [49]
 [55]
 [56]
 [53]
 [49]
 [57]
 [57]
 [57]
 [57]
 [57]
 [57]
 [45]
 [49]] 
------------------------ Dataset: v5o ------------------------
shape: (27, 1), dtype: uint16
Data:[[53]
 [54]
 [53]
 [53]
 [46]
 [51]
 [52]
 [53]
 [53]
 [54]
 [51]
 [45]
 [48]
 [32]
 [53]
 [54]
 [53]
 [53]
 [46]
 [51]
 [52]
 [49]
 [54]
 [52]
 [52]
 [45]
 [49]] 
------------------------ Dataset: v5p ------------------------
shape: (27, 1), dtype: uint16
Data:[[53]
 [54]
 [55]
 [49]
 [46]
 [48]
 [53]
 [55]
 [53]
 [53]
 [52]
 [45]
 [48]
 [32]
 [53]
 [54]
 [55]
 [49]
 [46]
 [48]
 [54]
 [49]
 [54]
 [49]
 [57]
 [45]
 [49]] 
------------------------ Dataset: v5q ------------------------
shape: (27, 1), dtype: uint16
Data:[[53]
 [54]
 [56]
 [54]
 [46]
 [56]
 [52]
 [57]
 [53]
 [51]
 [51]
 [45]
 [48]
 [32]
 [53]
 [54]
 [56]
 [54]
 [46]
 [56]
 [53]
 [51]
 [54]
 [52]
 [55]
 [45]
 [49]] 
------------------------ Dataset: v5r ------------------------
shape: (39, 1), dtype: uint16
Data:[[53]
 [56]
 [49]
 [51]
 [46]
 [48]
 [57]
 [55]
 [53]
 [56]
 [49]
 [57]
 [57]
 [57]
 [57]
 [57]
 [57]
 [45]
 [48]
 [32]
 [53]
 [56]
 [49]
 [51]
 [46]
 [48]
 [57]
 [51]
 [55]
 [55]
 [49]
 [57]
 [57]
 [57]
 [57]
 [57]
 [57]
 [45]
 [49]] 
------------------------ Dataset: v5s ------------------------
shape: (26, 1), dtype: uint16
Data:[[54]
 [54]
 [48]
 [50]
 [46]
 [49]
 [51]
 [56]
 [48]
 [55]
 [45]
 [48]
 [32]
 [54]
 [54]
 [48]
 [50]
 [46]
 [49]
 [52]
 [50]
 [51]
 [50]
 [56]
 [45]
 [49]] 
------------------------ Dataset: v5t ------------------------
shape: (27, 1), dtype: uint16
Data:[[54]
 [54]
 [49]
 [56]
 [46]
 [48]
 [56]
 [50]
 [48]
 [49]
 [55]
 [45]
 [48]
 [32]
 [54]
 [54]
 [49]
 [56]
 [46]
 [48]
 [55]
 [56]
 [48]
 [49]
 [50]
 [45]
 [49]] 
------------------------ Dataset: v5u ------------------------
shape: (26, 1), dtype: uint16
Data:[[54]
 [54]
 [51]
 [51]
 [46]
 [57]
 [54]
 [50]
 [50]
 [49]
 [45]
 [48]
 [32]
 [54]
 [54]
 [51]
 [51]
 [46]
 [57]
 [53]
 [56]
 [53]
 [48]
 [54]
 [45]
 [49]] 
------------------------ Dataset: v5v ------------------------
shape: (27, 1), dtype: uint16
Data:[[54]
 [54]
 [52]
 [57]
 [46]
 [53]
 [55]
 [52]
 [49]
 [55]
 [53]
 [45]
 [48]
 [32]
 [54]
 [54]
 [52]
 [57]
 [46]
 [53]
 [55]
 [49]
 [54]
 [52]
 [55]
 [45]
 [49]] 
------------------------ Dataset: v5w ------------------------
shape: (40, 1), dtype: uint16
Data:[[54]
 [54]
 [54]
 [53]
 [46]
 [52]
 [50]
 [50]
 [49]
 [53]
 [55]
 [57]
 [57]
 [57]
 [57]
 [57]
 [57]
 [45]
 [48]
 [32]
 [54]
 [54]
 [54]
 [53]
 [46]
 [52]
 [50]
 [54]
 [48]
 [55]
 [55]
 [57]
 [57]
 [57]
 [57]
 [57]
 [57]
 [53]
 [45]
 [49]] 
------------------------ Dataset: v5x ------------------------
shape: (26, 1), dtype: uint16
Data:[[54]
 [54]
 [56]
 [49]
 [46]
 [51]
 [54]
 [54]
 [48]
 [55]
 [55]
 [45]
 [48]
 [32]
 [54]
 [54]
 [56]
 [49]
 [46]
 [51]
 [55]
 [48]
 [49]
 [49]
 [45]
 [49]] 
------------------------ Dataset: v5y ------------------------
shape: (13, 1), dtype: uint16
Data:[[53]
 [56]
 [57]
 [57]
 [46]
 [50]
 [56]
 [49]
 [57]
 [52]
 [53]
 [45]
 [48]] 
------------------------ Dataset: v5z ------------------------
shape: (33, 1), dtype: uint16
Data:[[53]
 [57]
 [49]
 [53]
 [46]
 [49]
 [52]
 [53]
 [56]
 [57]
 [53]
 [45]
 [48]
 [32]
 [53]
 [57]
 [49]
 [53]
 [46]
 [49]
 [52]
 [57]
 [54]
 [52]
 [57]
 [57]
 [57]
 [57]
 [57]
 [57]
 [57]
 [45]
 [49]] 
------------------------ Dataset: v6 ------------------------
shape: (27, 1), dtype: uint16
Data:[[54]
 [55]
 [54]
 [51]
 [46]
 [51]
 [50]
 [54]
 [53]
 [56]
 [55]
 [45]
 [48]
 [32]
 [54]
 [55]
 [54]
 [51]
 [46]
 [51]
 [50]
 [51]
 [52]
 [52]
 [50]
 [45]
 [49]] 
------------------------ Dataset: v6b ------------------------
shape: (26, 1), dtype: uint16
Data:[[54]
 [55]
 [55]
 [57]
 [46]
 [49]
 [52]
 [54]
 [50]
 [49]
 [45]
 [48]
 [32]
 [54]
 [55]
 [55]
 [57]
 [46]
 [49]
 [52]
 [54]
 [50]
 [49]
 [54]
 [45]
 [49]] 
------------------------ Dataset: v6c ------------------------
shape: (27, 1), dtype: uint16
Data:[[54]
 [50]
 [57]
 [49]
 [46]
 [57]
 [49]
 [51]
 [57]
 [50]
 [50]
 [45]
 [48]
 [32]
 [54]
 [50]
 [57]
 [49]
 [46]
 [57]
 [49]
 [56]
 [48]
 [48]
 [49]
 [45]
 [49]] 
------------------------ Dataset: v6d ------------------------
shape: (39, 1), dtype: uint16
Data:[[54]
 [51]
 [48]
 [55]
 [46]
 [55]
 [51]
 [56]
 [48]
 [48]
 [52]
 [57]
 [57]
 [57]
 [57]
 [57]
 [57]
 [45]
 [48]
 [32]
 [54]
 [51]
 [48]
 [55]
 [46]
 [55]
 [52]
 [50]
 [57]
 [49]
 [56]
 [57]
 [57]
 [57]
 [57]
 [57]
 [57]
 [45]
 [49]] 
------------------------ Dataset: v6e ------------------------
shape: (27, 1), dtype: uint16
Data:[[54]
 [51]
 [50]
 [51]
 [46]
 [53]
 [54]
 [50]
 [49]
 [54]
 [57]
 [45]
 [48]
 [32]
 [54]
 [51]
 [50]
 [51]
 [46]
 [53]
 [54]
 [53]
 [57]
 [54]
 [55]
 [45]
 [49]] 
------------------------ Dataset: v6f ------------------------
shape: (27, 1), dtype: uint16
Data:[[54]
 [51]
 [51]
 [57]
 [46]
 [52]
 [49]
 [56]
 [48]
 [57]
 [52]
 [45]
 [48]
 [32]
 [54]
 [51]
 [51]
 [57]
 [46]
 [52]
 [50]
 [50]
 [49]
 [50]
 [52]
 [45]
 [49]] 
------------------------ Dataset: v6g ------------------------
shape: (26, 1), dtype: uint16
Data:[[54]
 [53]
 [48]
 [52]
 [46]
 [53]
 [50]
 [54]
 [54]
 [51]
 [50]
 [45]
 [48]
 [32]
 [54]
 [53]
 [48]
 [52]
 [46]
 [53]
 [50]
 [50]
 [48]
 [51]
 [45]
 [49]] 
------------------------ Dataset: v6h ------------------------
shape: (33, 1), dtype: uint16
Data:[[54]
 [53]
 [50]
 [48]
 [46]
 [51]
 [51]
 [51]
 [57]
 [52]
 [57]
 [57]
 [57]
 [57]
 [57]
 [57]
 [57]
 [45]
 [48]
 [32]
 [54]
 [53]
 [50]
 [48]
 [46]
 [51]
 [50]
 [57]
 [57]
 [53]
 [54]
 [45]
 [49]] 
------------------------ Dataset: v6i ------------------------
shape: (33, 1), dtype: uint16
Data:[[54]
 [48]
 [49]
 [53]
 [46]
 [56]
 [57]
 [55]
 [55]
 [55]
 [54]
 [57]
 [57]
 [57]
 [57]
 [57]
 [57]
 [45]
 [48]
 [32]
 [54]
 [48]
 [49]
 [53]
 [46]
 [56]
 [57]
 [51]
 [55]
 [57]
 [55]
 [45]
 [49]] 
------------------------ Dataset: v6j ------------------------
shape: (27, 1), dtype: uint16
Data:[[54]
 [48]
 [51]
 [49]
 [46]
 [55]
 [51]
 [56]
 [56]
 [53]
 [49]
 [45]
 [48]
 [32]
 [54]
 [48]
 [51]
 [49]
 [46]
 [55]
 [51]
 [57]
 [55]
 [54]
 [57]
 [45]
 [49]] 
------------------------ Dataset: v6k ------------------------
shape: (31, 1), dtype: uint16
Data:[[54]
 [48]
 [52]
 [55]
 [46]
 [51]
 [50]
 [53]
 [56]
 [51]
 [54]
 [57]
 [57]
 [57]
 [57]
 [57]
 [57]
 [45]
 [48]
 [32]
 [54]
 [48]
 [52]
 [55]
 [46]
 [51]
 [50]
 [49]
 [56]
 [45]
 [49]] 
------------------------ Dataset: v6l ------------------------
shape: (33, 1), dtype: uint16
Data:[[54]
 [48]
 [54]
 [51]
 [46]
 [49]
 [57]
 [55]
 [57]
 [52]
 [56]
 [57]
 [57]
 [57]
 [57]
 [57]
 [57]
 [45]
 [48]
 [32]
 [54]
 [48]
 [54]
 [51]
 [46]
 [50]
 [48]
 [49]
 [55]
 [56]
 [50]
 [45]
 [49]] 
------------------------ Dataset: v6m ------------------------
shape: (33, 1), dtype: uint16
Data:[[54]
 [48]
 [55]
 [57]
 [46]
 [48]
 [54]
 [54]
 [53]
 [48]
 [51]
 [57]
 [57]
 [57]
 [57]
 [57]
 [57]
 [45]
 [48]
 [32]
 [54]
 [48]
 [55]
 [57]
 [46]
 [48]
 [54]
 [54]
 [53]
 [50]
 [54]
 [45]
 [49]] 
------------------------ Dataset: v6n ------------------------
shape: (26, 1), dtype: uint16
Data:[[53]
 [54]
 [51]
 [57]
 [46]
 [56]
 [54]
 [57]
 [55]
 [56]
 [45]
 [48]
 [32]
 [53]
 [54]
 [51]
 [57]
 [46]
 [56]
 [54]
 [53]
 [55]
 [48]
 [50]
 [45]
 [49]] 
------------------------ Dataset: v6o ------------------------
shape: (33, 1), dtype: uint16
Data:[[53]
 [54]
 [53]
 [53]
 [46]
 [54]
 [48]
 [54]
 [48]
 [51]
 [51]
 [45]
 [48]
 [32]
 [53]
 [54]
 [53]
 [53]
 [46]
 [54]
 [48]
 [49]
 [54]
 [48]
 [56]
 [57]
 [57]
 [57]
 [57]
 [57]
 [57]
 [45]
 [49]] 
------------------------ Dataset: v6p ------------------------
shape: (27, 1), dtype: uint16
Data:[[53]
 [54]
 [55]
 [49]
 [46]
 [51]
 [50]
 [49]
 [53]
 [54]
 [49]
 [45]
 [48]
 [32]
 [53]
 [54]
 [55]
 [49]
 [46]
 [51]
 [50]
 [49]
 [53]
 [50]
 [57]
 [45]
 [49]] 
------------------------ Dataset: v6q ------------------------
shape: (34, 1), dtype: uint16
Data:[[53]
 [54]
 [56]
 [55]
 [46]
 [48]
 [57]
 [55]
 [53]
 [55]
 [56]
 [45]
 [48]
 [32]
 [53]
 [54]
 [56]
 [55]
 [46]
 [49]
 [48]
 [49]
 [53]
 [54]
 [56]
 [57]
 [57]
 [57]
 [57]
 [57]
 [57]
 [53]
 [45]
 [49]] 
------------------------ Dataset: v6r ------------------------
shape: (33, 1), dtype: uint16
Data:[[53]
 [56]
 [49]
 [51]
 [46]
 [51]
 [52]
 [53]
 [55]
 [52]
 [51]
 [57]
 [57]
 [57]
 [57]
 [57]
 [57]
 [45]
 [48]
 [32]
 [53]
 [56]
 [49]
 [51]
 [46]
 [51]
 [52]
 [49]
 [55]
 [50]
 [49]
 [45]
 [49]] 
------------------------ Dataset: v6s ------------------------
shape: (33, 1), dtype: uint16
Data:[[54]
 [54]
 [48]
 [50]
 [46]
 [51]
 [56]
 [54]
 [48]
 [55]
 [55]
 [57]
 [57]
 [57]
 [57]
 [57]
 [57]
 [53]
 [45]
 [48]
 [32]
 [54]
 [54]
 [48]
 [50]
 [46]
 [51]
 [57]
 [48]
 [48]
 [51]
 [45]
 [49]] 
------------------------ Dataset: v6t ------------------------
shape: (33, 1), dtype: uint16
Data:[[54]
 [54]
 [49]
 [56]
 [46]
 [51]
 [53]
 [53]
 [50]
 [54]
 [55]
 [45]
 [48]
 [32]
 [54]
 [54]
 [49]
 [56]
 [46]
 [51]
 [54]
 [50]
 [53]
 [53]
 [51]
 [57]
 [57]
 [57]
 [57]
 [57]
 [57]
 [45]
 [49]] 
------------------------ Dataset: v6u ------------------------
shape: (27, 1), dtype: uint16
Data:[[54]
 [54]
 [51]
 [52]
 [46]
 [50]
 [49]
 [48]
 [48]
 [52]
 [53]
 [45]
 [48]
 [32]
 [54]
 [54]
 [51]
 [52]
 [46]
 [50]
 [49]
 [56]
 [49]
 [51]
 [50]
 [45]
 [49]] 
------------------------ Dataset: v6v ------------------------
shape: (27, 1), dtype: uint16
Data:[[54]
 [54]
 [52]
 [57]
 [46]
 [56]
 [50]
 [54]
 [49]
 [50]
 [54]
 [45]
 [48]
 [32]
 [54]
 [54]
 [52]
 [57]
 [46]
 [56]
 [51]
 [48]
 [48]
 [57]
 [49]
 [45]
 [49]] 
------------------------ Dataset: v6w ------------------------
shape: (39, 1), dtype: uint16
Data:[[54]
 [54]
 [54]
 [53]
 [46]
 [54]
 [55]
 [53]
 [53]
 [52]
 [50]
 [57]
 [57]
 [57]
 [57]
 [57]
 [57]
 [45]
 [48]
 [32]
 [54]
 [54]
 [54]
 [53]
 [46]
 [54]
 [55]
 [56]
 [51]
 [51]
 [51]
 [57]
 [57]
 [57]
 [57]
 [57]
 [57]
 [45]
 [49]] 
------------------------ Dataset: v6x ------------------------
shape: (27, 1), dtype: uint16
Data:[[54]
 [54]
 [56]
 [49]
 [46]
 [54]
 [50]
 [54]
 [56]
 [51]
 [49]
 [45]
 [48]
 [32]
 [54]
 [54]
 [56]
 [49]
 [46]
 [54]
 [50]
 [50]
 [51]
 [56]
 [53]
 [45]
 [49]] 
------------------------ Dataset: v6y ------------------------
shape: (33, 1), dtype: uint16
Data:[[53]
 [56]
 [57]
 [57]
 [46]
 [53]
 [51]
 [52]
 [49]
 [48]
 [48]
 [57]
 [57]
 [57]
 [57]
 [57]
 [57]
 [45]
 [48]
 [32]
 [53]
 [56]
 [57]
 [57]
 [46]
 [53]
 [51]
 [55]
 [55]
 [55]
 [54]
 [45]
 [49]] 
------------------------ Dataset: v6z ------------------------
shape: (27, 1), dtype: uint16
Data:[[53]
 [57]
 [49]
 [53]
 [46]
 [52]
 [48]
 [56]
 [48]
 [52]
 [57]
 [45]
 [48]
 [32]
 [53]
 [57]
 [49]
 [53]
 [46]
 [52]
 [49]
 [48]
 [51]
 [50]
 [56]
 [45]
 [49]] 
------------------------ Dataset: v7 ------------------------
shape: (27, 1), dtype: uint16
Data:[[54]
 [55]
 [54]
 [51]
 [46]
 [53]
 [56]
 [49]
 [51]
 [50]
 [52]
 [45]
 [48]
 [32]
 [54]
 [55]
 [54]
 [51]
 [46]
 [53]
 [55]
 [48]
 [51]
 [48]
 [52]
 [45]
 [49]] 
------------------------ Dataset: v7b ------------------------
shape: (39, 1), dtype: uint16
Data:[[54]
 [55]
 [55]
 [57]
 [46]
 [52]
 [48]
 [54]
 [50]
 [48]
 [55]
 [57]
 [57]
 [57]
 [57]
 [57]
 [57]
 [45]
 [48]
 [32]
 [54]
 [55]
 [55]
 [57]
 [46]
 [52]
 [49]
 [48]
 [50]
 [51]
 [52]
 [57]
 [57]
 [57]
 [57]
 [57]
 [57]
 [45]
 [49]] 
------------------------ Dataset: v7c ------------------------
shape: (34, 1), dtype: uint16
Data:[[54]
 [50]
 [57]
 [50]
 [46]
 [49]
 [54]
 [57]
 [53]
 [52]
 [54]
 [57]
 [57]
 [57]
 [57]
 [57]
 [57]
 [53]
 [45]
 [48]
 [32]
 [54]
 [50]
 [57]
 [50]
 [46]
 [49]
 [56]
 [51]
 [48]
 [53]
 [54]
 [45]
 [49]] 
------------------------ Dataset: v7d ------------------------
shape: (24, 1), dtype: uint16
Data:[[54]
 [51]
 [48]
 [55]
 [46]
 [57]
 [56]
 [57]
 [57]
 [56]
 [52]
 [45]
 [48]
 [32]
 [54]
 [51]
 [48]
 [55]
 [46]
 [57]
 [57]
 [52]
 [45]
 [49]] 
------------------------ Dataset: v7e ------------------------
shape: (27, 1), dtype: uint16
Data:[[54]
 [51]
 [50]
 [51]
 [46]
 [56]
 [49]
 [55]
 [57]
 [49]
 [54]
 [45]
 [48]
 [32]
 [54]
 [51]
 [50]
 [51]
 [46]
 [56]
 [49]
 [55]
 [57]
 [51]
 [57]
 [45]
 [49]] 
------------------------ Dataset: v7f ------------------------
shape: (39, 1), dtype: uint16
Data:[[54]
 [51]
 [51]
 [57]
 [46]
 [54]
 [54]
 [53]
 [57]
 [50]
 [52]
 [57]
 [57]
 [57]
 [57]
 [57]
 [57]
 [45]
 [48]
 [32]
 [54]
 [51]
 [51]
 [57]
 [46]
 [54]
 [54]
 [57]
 [56]
 [53]
 [50]
 [57]
 [57]
 [57]
 [57]
 [57]
 [57]
 [45]
 [49]] 
------------------------ Dataset: v7g ------------------------
shape: (39, 1), dtype: uint16
Data:[[54]
 [53]
 [48]
 [52]
 [46]
 [55]
 [55]
 [56]
 [49]
 [48]
 [52]
 [57]
 [57]
 [57]
 [57]
 [57]
 [57]
 [45]
 [48]
 [32]
 [54]
 [53]
 [48]
 [52]
 [46]
 [55]
 [55]
 [52]
 [50]
 [51]
 [48]
 [57]
 [57]
 [57]
 [57]
 [57]
 [57]
 [45]
 [49]] 
------------------------ Dataset: v7h ------------------------
shape: (32, 1), dtype: uint16
Data:[[54]
 [53]
 [50]
 [48]
 [46]
 [53]
 [57]
 [48]
 [48]
 [57]
 [57]
 [57]
 [57]
 [57]
 [57]
 [57]
 [57]
 [45]
 [48]
 [32]
 [54]
 [53]
 [50]
 [48]
 [46]
 [53]
 [56]
 [54]
 [48]
 [57]
 [45]
 [49]] 
------------------------ Dataset: v7i ------------------------
shape: (33, 1), dtype: uint16
Data:[[54]
 [48]
 [49]
 [54]
 [46]
 [49]
 [53]
 [51]
 [55]
 [57]
 [52]
 [57]
 [57]
 [57]
 [57]
 [57]
 [57]
 [45]
 [48]
 [32]
 [54]
 [48]
 [49]
 [54]
 [46]
 [49]
 [52]
 [57]
 [56]
 [53]
 [56]
 [45]
 [49]] 
------------------------ Dataset: v7j ------------------------
shape: (39, 1), dtype: uint16
Data:[[54]
 [48]
 [51]
 [49]
 [46]
 [57]
 [56]
 [53]
 [55]
 [52]
 [50]
 [57]
 [57]
 [57]
 [57]
 [57]
 [57]
 [45]
 [48]
 [32]
 [54]
 [48]
 [51]
 [49]
 [46]
 [57]
 [56]
 [49]
 [55]
 [54]
 [49]
 [57]
 [57]
 [57]
 [57]
 [57]
 [57]
 [45]
 [49]] 
------------------------ Dataset: v7k ------------------------
shape: (26, 1), dtype: uint16
Data:[[54]
 [48]
 [52]
 [55]
 [46]
 [53]
 [56]
 [49]
 [56]
 [49]
 [45]
 [48]
 [32]
 [54]
 [48]
 [52]
 [55]
 [46]
 [53]
 [56]
 [49]
 [56]
 [49]
 [49]
 [45]
 [49]] 
------------------------ Dataset: v7l ------------------------
shape: (39, 1), dtype: uint16
Data:[[54]
 [48]
 [54]
 [51]
 [46]
 [52]
 [53]
 [51]
 [55]
 [57]
 [49]
 [57]
 [57]
 [57]
 [57]
 [57]
 [57]
 [45]
 [48]
 [32]
 [54]
 [48]
 [54]
 [51]
 [46]
 [52]
 [54]
 [49]
 [56]
 [57]
 [49]
 [57]
 [57]
 [57]
 [57]
 [57]
 [57]
 [45]
 [49]] 
------------------------ Dataset: v7m ------------------------
shape: (27, 1), dtype: uint16
Data:[[54]
 [48]
 [55]
 [57]
 [46]
 [51]
 [50]
 [55]
 [51]
 [50]
 [50]
 [45]
 [48]
 [32]
 [54]
 [48]
 [55]
 [57]
 [46]
 [51]
 [51]
 [53]
 [57]
 [57]
 [49]
 [45]
 [49]] 
------------------------ Dataset: v7n ------------------------
shape: (40, 1), dtype: uint16
Data:[[53]
 [54]
 [52]
 [48]
 [46]
 [49]
 [51]
 [48]
 [53]
 [55]
 [50]
 [57]
 [57]
 [57]
 [57]
 [57]
 [57]
 [53]
 [45]
 [48]
 [32]
 [53]
 [54]
 [52]
 [48]
 [46]
 [49]
 [51]
 [51]
 [52]
 [50]
 [53]
 [57]
 [57]
 [57]
 [57]
 [57]
 [57]
 [45]
 [49]] 
------------------------ Dataset: v7o ------------------------
shape: (34, 1), dtype: uint16
Data:[[53]
 [54]
 [53]
 [53]
 [46]
 [56]
 [54]
 [49]
 [54]
 [53]
 [51]
 [45]
 [48]
 [32]
 [53]
 [54]
 [53]
 [53]
 [46]
 [56]
 [54]
 [49]
 [55]
 [51]
 [52]
 [57]
 [57]
 [57]
 [57]
 [57]
 [57]
 [53]
 [45]
 [49]] 
------------------------ Dataset: v7p ------------------------
shape: (39, 1), dtype: uint16
Data:[[53]
 [54]
 [55]
 [49]
 [46]
 [53]
 [56]
 [51]
 [52]
 [55]
 [52]
 [57]
 [57]
 [57]
 [57]
 [57]
 [57]
 [45]
 [48]
 [32]
 [53]
 [54]
 [55]
 [49]
 [46]
 [53]
 [55]
 [57]
 [48]
 [56]
 [57]
 [57]
 [57]
 [57]
 [57]
 [57]
 [57]
 [45]
 [49]] 
------------------------ Dataset: v7q ------------------------
shape: (27, 1), dtype: uint16
Data:[[53]
 [54]
 [56]
 [55]
 [46]
 [51]
 [53]
 [55]
 [54]
 [49]
 [55]
 [45]
 [48]
 [32]
 [53]
 [54]
 [56]
 [55]
 [46]
 [51]
 [53]
 [51]
 [53]
 [53]
 [53]
 [45]
 [49]] 
------------------------ Dataset: v7r ------------------------
shape: (33, 1), dtype: uint16
Data:[[53]
 [56]
 [49]
 [51]
 [46]
 [53]
 [57]
 [55]
 [53]
 [57]
 [50]
 [45]
 [48]
 [32]
 [53]
 [56]
 [49]
 [51]
 [46]
 [53]
 [57]
 [51]
 [55]
 [49]
 [53]
 [57]
 [57]
 [57]
 [57]
 [57]
 [57]
 [45]
 [49]] 
------------------------ Dataset: v7s ------------------------
shape: (27, 1), dtype: uint16
Data:[[54]
 [54]
 [48]
 [50]
 [46]
 [54]
 [52]
 [50]
 [54]
 [54]
 [49]
 [45]
 [48]
 [32]
 [54]
 [54]
 [48]
 [50]
 [46]
 [54]
 [52]
 [57]
 [48]
 [48]
 [55]
 [45]
 [49]] 
------------------------ Dataset: v7t ------------------------
shape: (27, 1), dtype: uint16
Data:[[54]
 [54]
 [49]
 [56]
 [46]
 [54]
 [48]
 [54]
 [48]
 [57]
 [57]
 [45]
 [48]
 [32]
 [54]
 [54]
 [49]
 [56]
 [46]
 [54]
 [49]
 [48]
 [48]
 [54]
 [56]
 [45]
 [49]] 
------------------------ Dataset: v7u ------------------------
shape: (33, 1), dtype: uint16
Data:[[54]
 [54]
 [51]
 [52]
 [46]
 [52]
 [54]
 [51]
 [55]
 [48]
 [55]
 [57]
 [57]
 [57]
 [57]
 [57]
 [57]
 [45]
 [48]
 [32]
 [54]
 [54]
 [51]
 [52]
 [46]
 [52]
 [54]
 [54]
 [52]
 [48]
 [52]
 [45]
 [49]] 
------------------------ Dataset: v7v ------------------------
shape: (26, 1), dtype: uint16
Data:[[54]
 [54]
 [53]
 [48]
 [46]
 [48]
 [55]
 [52]
 [49]
 [51]
 [45]
 [48]
 [32]
 [54]
 [54]
 [53]
 [48]
 [46]
 [48]
 [55]
 [56]
 [48]
 [55]
 [51]
 [45]
 [49]] 
------------------------ Dataset: v7w ------------------------
shape: (33, 1), dtype: uint16
Data:[[54]
 [54]
 [54]
 [53]
 [46]
 [57]
 [50]
 [50]
 [48]
 [49]
 [50]
 [57]
 [57]
 [57]
 [57]
 [57]
 [57]
 [45]
 [48]
 [32]
 [54]
 [54]
 [54]
 [53]
 [46]
 [57]
 [50]
 [54]
 [48]
 [52]
 [57]
 [45]
 [49]] 
------------------------ Dataset: v7x ------------------------
shape: (40, 1), dtype: uint16
Data:[[54]
 [54]
 [56]
 [49]
 [46]
 [56]
 [55]
 [52]
 [48]
 [57]
 [50]
 [57]
 [57]
 [57]
 [57]
 [57]
 [57]
 [45]
 [48]
 [32]
 [54]
 [54]
 [56]
 [49]
 [46]
 [56]
 [55]
 [48]
 [48]
 [52]
 [57]
 [57]
 [57]
 [57]
 [57]
 [57]
 [57]
 [53]
 [45]
 [49]] 
------------------------ Dataset: v7y ------------------------
shape: (33, 1), dtype: uint16
Data:[[53]
 [56]
 [57]
 [57]
 [46]
 [55]
 [57]
 [55]
 [56]
 [49]
 [56]
 [57]
 [57]
 [57]
 [57]
 [57]
 [57]
 [45]
 [48]
 [32]
 [53]
 [56]
 [57]
 [57]
 [46]
 [55]
 [57]
 [52]
 [48]
 [53]
 [57]
 [45]
 [49]] 
------------------------ Dataset: v7z ------------------------
shape: (33, 1), dtype: uint16
Data:[[53]
 [57]
 [49]
 [53]
 [46]
 [54]
 [54]
 [49]
 [54]
 [55]
 [55]
 [45]
 [48]
 [32]
 [53]
 [57]
 [49]
 [53]
 [46]
 [54]
 [54]
 [53]
 [55]
 [51]
 [54]
 [57]
 [57]
 [57]
 [57]
 [57]
 [57]
 [45]
 [49]] 
------------------------ Dataset: v8 ------------------------
shape: (34, 1), dtype: uint16
Data:[[54]
 [55]
 [54]
 [51]
 [46]
 [56]
 [51]
 [52]
 [48]
 [53]
 [55]
 [45]
 [48]
 [32]
 [54]
 [55]
 [54]
 [51]
 [46]
 [56]
 [51]
 [48]
 [48]
 [56]
 [57]
 [57]
 [57]
 [57]
 [57]
 [57]
 [57]
 [53]
 [45]
 [49]] 
------------------------ Dataset: v8b ------------------------
shape: (27, 1), dtype: uint16
Data:[[54]
 [55]
 [55]
 [57]
 [46]
 [54]
 [55]
 [54]
 [54]
 [51]
 [51]
 [45]
 [48]
 [32]
 [54]
 [55]
 [55]
 [57]
 [46]
 [54]
 [55]
 [48]
 [48]
 [57]
 [56]
 [45]
 [49]] 
------------------------ Dataset: v8c ------------------------
shape: (33, 1), dtype: uint16
Data:[[54]
 [50]
 [57]
 [50]
 [46]
 [52]
 [50]
 [51]
 [51]
 [52]
 [49]
 [45]
 [48]
 [32]
 [54]
 [50]
 [57]
 [50]
 [46]
 [52]
 [50]
 [54]
 [52]
 [52]
 [50]
 [57]
 [57]
 [57]
 [57]
 [57]
 [57]
 [45]
 [49]] 
------------------------ Dataset: v8d ------------------------
shape: (19, 1), dtype: uint16
Data:[[54]
 [51]
 [48]
 [56]
 [46]
 [50]
 [52]
 [52]
 [53]
 [56]
 [57]
 [57]
 [57]
 [57]
 [57]
 [57]
 [57]
 [45]
 [49]] 
------------------------ Dataset: v8e ------------------------
shape: (33, 1), dtype: uint16
Data:[[54]
 [51]
 [50]
 [52]
 [46]
 [48]
 [55]
 [50]
 [52]
 [57]
 [57]
 [57]
 [57]
 [57]
 [57]
 [57]
 [57]
 [45]
 [48]
 [32]
 [54]
 [51]
 [50]
 [52]
 [46]
 [48]
 [55]
 [49]
 [50]
 [54]
 [49]
 [45]
 [49]] 
------------------------ Dataset: v8f ------------------------
shape: (39, 1), dtype: uint16
Data:[[54]
 [51]
 [51]
 [57]
 [46]
 [57]
 [51]
 [51]
 [57]
 [55]
 [50]
 [57]
 [57]
 [57]
 [57]
 [57]
 [57]
 [45]
 [48]
 [32]
 [54]
 [51]
 [51]
 [57]
 [46]
 [57]
 [50]
 [57]
 [57]
 [55]
 [50]
 [57]
 [57]
 [57]
 [57]
 [57]
 [57]
 [45]
 [49]] 
------------------------ Dataset: v8g ------------------------
shape: (33, 1), dtype: uint16
Data:[[54]
 [53]
 [48]
 [53]
 [46]
 [48]
 [50]
 [54]
 [48]
 [50]
 [50]
 [57]
 [57]
 [57]
 [57]
 [57]
 [57]
 [45]
 [48]
 [32]
 [54]
 [53]
 [48]
 [53]
 [46]
 [48]
 [50]
 [50]
 [50]
 [48]
 [52]
 [45]
 [49]] 
------------------------ Dataset: v8h ------------------------
shape: (34, 1), dtype: uint16
Data:[[54]
 [53]
 [50]
 [48]
 [46]
 [56]
 [53]
 [48]
 [48]
 [50]
 [53]
 [45]
 [48]
 [32]
 [54]
 [53]
 [50]
 [48]
 [46]
 [56]
 [53]
 [50]
 [55]
 [54]
 [49]
 [57]
 [57]
 [57]
 [57]
 [57]
 [57]
 [53]
 [45]
 [49]] 
------------------------ Dataset: v8i ------------------------
shape: (27, 1), dtype: uint16
Data:[[54]
 [48]
 [49]
 [54]
 [46]
 [52]
 [48]
 [53]
 [55]
 [51]
 [57]
 [45]
 [48]
 [32]
 [54]
 [48]
 [49]
 [54]
 [46]
 [52]
 [48]
 [49]
 [56]
 [56]
 [50]
 [45]
 [49]] 
------------------------ Dataset: v8j ------------------------
shape: (40, 1), dtype: uint16
Data:[[54]
 [48]
 [51]
 [50]
 [46]
 [50]
 [51]
 [55]
 [55]
 [54]
 [48]
 [57]
 [57]
 [57]
 [57]
 [57]
 [57]
 [45]
 [48]
 [32]
 [54]
 [48]
 [51]
 [50]
 [46]
 [50]
 [51]
 [51]
 [55]
 [54]
 [48]
 [57]
 [57]
 [57]
 [57]
 [57]
 [57]
 [53]
 [45]
 [49]] 
------------------------ Dataset: v8k ------------------------
shape: (27, 1), dtype: uint16
Data:[[54]
 [48]
 [52]
 [55]
 [46]
 [56]
 [50]
 [54]
 [49]
 [54]
 [52]
 [45]
 [48]
 [32]
 [54]
 [48]
 [52]
 [55]
 [46]
 [56]
 [50]
 [49]
 [55]
 [55]
 [55]
 [45]
 [49]] 
------------------------ Dataset: v8l ------------------------
shape: (27, 1), dtype: uint16
Data:[[54]
 [48]
 [54]
 [51]
 [46]
 [55]
 [48]
 [53]
 [56]
 [48]
 [54]
 [45]
 [48]
 [32]
 [54]
 [48]
 [54]
 [51]
 [46]
 [55]
 [48]
 [57]
 [55]
 [53]
 [55]
 [45]
 [49]] 
------------------------ Dataset: v8m ------------------------
shape: (33, 1), dtype: uint16
Data:[[54]
 [48]
 [55]
 [57]
 [46]
 [53]
 [56]
 [53]
 [50]
 [57]
 [45]
 [48]
 [32]
 [54]
 [48]
 [55]
 [57]
 [46]
 [53]
 [56]
 [56]
 [54]
 [48]
 [48]
 [57]
 [57]
 [57]
 [57]
 [57]
 [57]
 [53]
 [45]
 [49]] 
------------------------ Dataset: v8n ------------------------
shape: (27, 1), dtype: uint16
Data:[[53]
 [54]
 [52]
 [48]
 [46]
 [51]
 [55]
 [55]
 [55]
 [54]
 [54]
 [45]
 [48]
 [32]
 [53]
 [54]
 [52]
 [48]
 [46]
 [51]
 [55]
 [51]
 [54]
 [51]
 [50]
 [45]
 [49]] 
------------------------ Dataset: v8o ------------------------
shape: (33, 1), dtype: uint16
Data:[[53]
 [54]
 [53]
 [54]
 [46]
 [49]
 [50]
 [49]
 [57]
 [53]
 [57]
 [57]
 [57]
 [57]
 [57]
 [57]
 [57]
 [53]
 [45]
 [48]
 [32]
 [53]
 [54]
 [53]
 [54]
 [46]
 [49]
 [50]
 [53]
 [55]
 [57]
 [45]
 [49]] 
------------------------ Dataset: v8p ------------------------
shape: (33, 1), dtype: uint16
Data:[[53]
 [54]
 [55]
 [49]
 [46]
 [56]
 [51]
 [52]
 [50]
 [53]
 [54]
 [57]
 [57]
 [57]
 [57]
 [57]
 [57]
 [53]
 [45]
 [48]
 [32]
 [53]
 [54]
 [55]
 [49]
 [46]
 [56]
 [50]
 [57]
 [53]
 [55]
 [45]
 [49]] 
------------------------ Dataset: v8q ------------------------
shape: (40, 1), dtype: uint16
Data:[[53]
 [54]
 [56]
 [55]
 [46]
 [54]
 [48]
 [53]
 [53]
 [56]
 [52]
 [57]
 [57]
 [57]
 [57]
 [57]
 [57]
 [45]
 [48]
 [32]
 [53]
 [54]
 [56]
 [55]
 [46]
 [54]
 [48]
 [49]
 [53]
 [56]
 [55]
 [57]
 [57]
 [57]
 [57]
 [57]
 [57]
 [53]
 [45]
 [49]] 
------------------------ Dataset: v8r ------------------------
shape: (34, 1), dtype: uint16
Data:[[53]
 [56]
 [49]
 [51]
 [46]
 [56]
 [53]
 [55]
 [52]
 [54]
 [53]
 [57]
 [57]
 [57]
 [57]
 [57]
 [57]
 [53]
 [45]
 [48]
 [32]
 [53]
 [56]
 [49]
 [51]
 [46]
 [56]
 [53]
 [51]
 [53]
 [50]
 [49]
 [45]
 [49]] 
------------------------ Dataset: v8s ------------------------
shape: (27, 1), dtype: uint16
Data:[[54]
 [54]
 [48]
 [50]
 [46]
 [57]
 [48]
 [49]
 [57]
 [54]
 [49]
 [45]
 [48]
 [32]
 [54]
 [54]
 [48]
 [50]
 [46]
 [57]
 [48]
 [49]
 [57]
 [55]
 [51]
 [45]
 [49]] 
------------------------ Dataset: v8t ------------------------
shape: (27, 1), dtype: uint16
Data:[[54]
 [54]
 [49]
 [56]
 [46]
 [56]
 [55]
 [52]
 [50]
 [51]
 [55]
 [45]
 [48]
 [32]
 [54]
 [54]
 [49]
 [56]
 [46]
 [56]
 [55]
 [56]
 [48]
 [56]
 [57]
 [45]
 [49]] 
------------------------ Dataset: v8u ------------------------
shape: (24, 1), dtype: uint16
Data:[[54]
 [54]
 [51]
 [52]
 [46]
 [55]
 [51]
 [56]
 [51]
 [51]
 [56]
 [45]
 [48]
 [32]
 [54]
 [54]
 [51]
 [52]
 [46]
 [55]
 [51]
 [53]
 [45]
 [49]] 
------------------------ Dataset: v8v ------------------------
shape: (33, 1), dtype: uint16
Data:[[54]
 [54]
 [53]
 [48]
 [46]
 [51]
 [51]
 [52]
 [48]
 [53]
 [49]
 [45]
 [48]
 [32]
 [54]
 [54]
 [53]
 [48]
 [46]
 [51]
 [51]
 [56]
 [49]
 [52]
 [48]
 [57]
 [57]
 [57]
 [57]
 [57]
 [57]
 [45]
 [49]] 
------------------------ Dataset: v8w ------------------------
shape: (34, 1), dtype: uint16
Data:[[54]
 [54]
 [54]
 [54]
 [46]
 [49]
 [57]
 [56]
 [53]
 [55]
 [55]
 [57]
 [57]
 [57]
 [57]
 [57]
 [57]
 [53]
 [45]
 [48]
 [32]
 [54]
 [54]
 [54]
 [54]
 [46]
 [49]
 [57]
 [53]
 [54]
 [56]
 [50]
 [45]
 [49]] 
------------------------ Dataset: v8x ------------------------
shape: (34, 1), dtype: uint16
Data:[[54]
 [54]
 [56]
 [50]
 [46]
 [49]
 [51]
 [52]
 [49]
 [50]
 [51]
 [45]
 [48]
 [32]
 [54]
 [54]
 [56]
 [50]
 [46]
 [49]
 [51]
 [48]
 [48]
 [57]
 [52]
 [57]
 [57]
 [57]
 [57]
 [57]
 [57]
 [53]
 [45]
 [49]] 
------------------------ Dataset: v8y ------------------------
shape: (26, 1), dtype: uint16
Data:[[53]
 [57]
 [48]
 [48]
 [46]
 [48]
 [53]
 [48]
 [53]
 [57]
 [45]
 [48]
 [32]
 [53]
 [57]
 [48]
 [48]
 [46]
 [48]
 [52]
 [53]
 [55]
 [55]
 [56]
 [45]
 [49]] 
------------------------ Dataset: v8z ------------------------
shape: (33, 1), dtype: uint16
Data:[[53]
 [57]
 [49]
 [53]
 [46]
 [57]
 [50]
 [49]
 [55]
 [51]
 [56]
 [57]
 [57]
 [57]
 [57]
 [57]
 [57]
 [45]
 [48]
 [32]
 [53]
 [57]
 [49]
 [53]
 [46]
 [57]
 [50]
 [55]
 [50]
 [56]
 [56]
 [45]
 [49]] 
------------------------ Dataset: v9 ------------------------
shape: (26, 1), dtype: uint16
Data:[[54]
 [55]
 [54]
 [52]
 [46]
 [49]
 [48]
 [51]
 [51]
 [56]
 [45]
 [48]
 [32]
 [54]
 [55]
 [54]
 [52]
 [46]
 [48]
 [57]
 [53]
 [52]
 [50]
 [54]
 [45]
 [49]] 
------------------------ Dataset: v9b ------------------------
shape: (33, 1), dtype: uint16
Data:[[54]
 [55]
 [55]
 [57]
 [46]
 [57]
 [50]
 [51]
 [52]
 [48]
 [51]
 [45]
 [48]
 [32]
 [54]
 [55]
 [55]
 [57]
 [46]
 [57]
 [49]
 [56]
 [49]
 [51]
 [48]
 [57]
 [57]
 [57]
 [57]
 [57]
 [57]
 [45]
 [49]] 
------------------------ Dataset: v9c ------------------------
shape: (40, 1), dtype: uint16
Data:[[54]
 [50]
 [57]
 [50]
 [46]
 [54]
 [55]
 [51]
 [56]
 [52]
 [57]
 [57]
 [57]
 [57]
 [57]
 [57]
 [57]
 [45]
 [48]
 [32]
 [54]
 [50]
 [57]
 [50]
 [46]
 [54]
 [56]
 [51]
 [57]
 [50]
 [55]
 [57]
 [57]
 [57]
 [57]
 [57]
 [57]
 [53]
 [45]
 [49]] 
------------------------ Dataset: v9d ------------------------
shape: (27, 1), dtype: uint16
Data:[[54]
 [51]
 [48]
 [56]
 [46]
 [52]
 [57]
 [55]
 [57]
 [52]
 [53]
 [45]
 [48]
 [32]
 [54]
 [51]
 [48]
 [56]
 [46]
 [52]
 [57]
 [51]
 [56]
 [55]
 [50]
 [45]
 [49]] 
------------------------ Dataset: v9e ------------------------
shape: (27, 1), dtype: uint16
Data:[[54]
 [51]
 [50]
 [52]
 [46]
 [51]
 [49]
 [56]
 [56]
 [55]
 [56]
 [45]
 [48]
 [32]
 [54]
 [51]
 [50]
 [52]
 [46]
 [51]
 [49]
 [56]
 [56]
 [56]
 [53]
 [45]
 [49]] 
------------------------ Dataset: v9f ------------------------
shape: (27, 1), dtype: uint16
Data:[[54]
 [51]
 [52]
 [48]
 [46]
 [49]
 [56]
 [49]
 [57]
 [54]
 [56]
 [45]
 [48]
 [32]
 [54]
 [51]
 [52]
 [48]
 [46]
 [49]
 [56]
 [49]
 [57]
 [54]
 [56]
 [45]
 [49]] 
------------------------ Dataset: v9g ------------------------
shape: (33, 1), dtype: uint16
Data:[[54]
 [53]
 [48]
 [53]
 [46]
 [50]
 [56]
 [54]
 [49]
 [53]
 [51]
 [57]
 [57]
 [57]
 [57]
 [57]
 [57]
 [45]
 [48]
 [32]
 [54]
 [53]
 [48]
 [53]
 [46]
 [50]
 [56]
 [50]
 [49]
 [53]
 [56]
 [45]
 [49]] 
------------------------ Dataset: v9h ------------------------
shape: (39, 1), dtype: uint16
Data:[[54]
 [53]
 [50]
 [49]
 [46]
 [48]
 [57]
 [48]
 [49]
 [48]
 [52]
 [57]
 [57]
 [57]
 [57]
 [57]
 [57]
 [45]
 [48]
 [32]
 [54]
 [53]
 [50]
 [49]
 [46]
 [48]
 [57]
 [55]
 [57]
 [56]
 [57]
 [57]
 [57]
 [57]
 [57]
 [57]
 [57]
 [45]
 [49]] 
------------------------ Dataset: v9i ------------------------
shape: (33, 1), dtype: uint16
Data:[[54]
 [48]
 [49]
 [54]
 [46]
 [54]
 [54]
 [49]
 [56]
 [53]
 [55]
 [45]
 [48]
 [32]
 [54]
 [48]
 [49]
 [54]
 [46]
 [54]
 [54]
 [53]
 [57]
 [50]
 [52]
 [57]
 [57]
 [57]
 [57]
 [57]
 [57]
 [45]
 [49]] 
------------------------ Dataset: v9j ------------------------
shape: (27, 1), dtype: uint16
Data:[[54]
 [48]
 [51]
 [50]
 [46]
 [53]
 [48]
 [57]
 [48]
 [48]
 [51]
 [45]
 [48]
 [32]
 [54]
 [48]
 [51]
 [50]
 [46]
 [53]
 [48]
 [57]
 [56]
 [48]
 [53]
 [45]
 [49]] 
------------------------ Dataset: v9k ------------------------
shape: (33, 1), dtype: uint16
Data:[[54]
 [48]
 [52]
 [56]
 [46]
 [48]
 [57]
 [54]
 [48]
 [57]
 [56]
 [45]
 [48]
 [32]
 [54]
 [48]
 [52]
 [56]
 [46]
 [48]
 [57]
 [54]
 [48]
 [49]
 [55]
 [57]
 [57]
 [57]
 [57]
 [57]
 [57]
 [45]
 [49]] 
------------------------ Dataset: v9l ------------------------
shape: (26, 1), dtype: uint16
Data:[[54]
 [48]
 [54]
 [51]
 [46]
 [57]
 [54]
 [49]
 [56]
 [50]
 [57]
 [45]
 [48]
 [32]
 [54]
 [48]
 [54]
 [51]
 [46]
 [57]
 [54]
 [49]
 [55]
 [49]
 [45]
 [49]] 
------------------------ Dataset: v9m ------------------------
shape: (27, 1), dtype: uint16
Data:[[54]
 [48]
 [55]
 [57]
 [46]
 [56]
 [51]
 [52]
 [48]
 [49]
 [49]
 [45]
 [48]
 [32]
 [54]
 [48]
 [55]
 [57]
 [46]
 [56]
 [52]
 [49]
 [55]
 [51]
 [53]
 [45]
 [49]] 
------------------------ Dataset: v9n ------------------------
shape: (27, 1), dtype: uint16
Data:[[53]
 [54]
 [52]
 [48]
 [46]
 [54]
 [51]
 [55]
 [53]
 [54]
 [53]
 [45]
 [48]
 [32]
 [53]
 [54]
 [52]
 [48]
 [46]
 [54]
 [52]
 [55]
 [54]
 [55]
 [49]
 [45]
 [49]] 
------------------------ Dataset: v9o ------------------------
shape: (34, 1), dtype: uint16
Data:[[53]
 [54]
 [53]
 [54]
 [46]
 [51]
 [56]
 [56]
 [55]
 [53]
 [56]
 [45]
 [48]
 [32]
 [53]
 [54]
 [53]
 [54]
 [46]
 [51]
 [56]
 [49]
 [57]
 [53]
 [51]
 [57]
 [57]
 [57]
 [57]
 [57]
 [57]
 [53]
 [45]
 [49]] 
------------------------ Dataset: v9p ------------------------
shape: (32, 1), dtype: uint16
Data:[[53]
 [54]
 [55]
 [50]
 [46]
 [48]
 [56]
 [50]
 [57]
 [54]
 [45]
 [48]
 [32]
 [53]
 [54]
 [55]
 [50]
 [46]
 [48]
 [55]
 [55]
 [55]
 [49]
 [49]
 [57]
 [57]
 [57]
 [57]
 [57]
 [57]
 [45]
 [49]] 
------------------------ Dataset: v9q ------------------------
shape: (27, 1), dtype: uint16
Data:[[53]
 [54]
 [56]
 [55]
 [46]
 [56]
 [53]
 [55]
 [54]
 [52]
 [52]
 [45]
 [48]
 [32]
 [53]
 [54]
 [56]
 [55]
 [46]
 [56]
 [53]
 [51]
 [54]
 [52]
 [52]
 [45]
 [49]] 
------------------------ Dataset: v9r ------------------------
shape: (27, 1), dtype: uint16
Data:[[53]
 [56]
 [49]
 [52]
 [46]
 [48]
 [57]
 [57]
 [51]
 [57]
 [52]
 [45]
 [48]
 [32]
 [53]
 [56]
 [49]
 [52]
 [46]
 [49]
 [48]
 [52]
 [52]
 [51]
 [50]
 [45]
 [49]] 
------------------------ Dataset: v9s ------------------------
shape: (27, 1), dtype: uint16
Data:[[54]
 [54]
 [48]
 [51]
 [46]
 [49]
 [53]
 [52]
 [48]
 [49]
 [53]
 [45]
 [48]
 [32]
 [54]
 [54]
 [48]
 [51]
 [46]
 [49]
 [53]
 [48]
 [48]
 [56]
 [49]
 [45]
 [49]] 
------------------------ Dataset: v9t ------------------------
shape: (27, 1), dtype: uint16
Data:[[54]
 [54]
 [49]
 [57]
 [46]
 [49]
 [51]
 [48]
 [48]
 [54]
 [55]
 [45]
 [48]
 [32]
 [54]
 [54]
 [49]
 [57]
 [46]
 [49]
 [51]
 [52]
 [48]
 [57]
 [49]
 [45]
 [49]] 
------------------------ Dataset: v9u ------------------------
shape: (39, 1), dtype: uint16
Data:[[54]
 [54]
 [51]
 [53]
 [46]
 [48]
 [49]
 [50]
 [57]
 [50]
 [53]
 [57]
 [57]
 [57]
 [57]
 [57]
 [57]
 [45]
 [48]
 [32]
 [54]
 [54]
 [51]
 [53]
 [46]
 [48]
 [48]
 [55]
 [55]
 [49]
 [56]
 [57]
 [57]
 [57]
 [57]
 [57]
 [57]
 [45]
 [49]] 
------------------------ Dataset: v9v ------------------------
shape: (27, 1), dtype: uint16
Data:[[54]
 [54]
 [53]
 [48]
 [46]
 [53]
 [57]
 [48]
 [48]
 [49]
 [53]
 [45]
 [48]
 [32]
 [54]
 [54]
 [53]
 [48]
 [46]
 [53]
 [57]
 [48]
 [48]
 [52]
 [55]
 [45]
 [49]] 
------------------------ Dataset: v9w ------------------------
shape: (39, 1), dtype: uint16
Data:[[54]
 [54]
 [54]
 [54]
 [46]
 [52]
 [52]
 [56]
 [52]
 [52]
 [53]
 [57]
 [57]
 [57]
 [57]
 [57]
 [57]
 [45]
 [48]
 [32]
 [54]
 [54]
 [54]
 [54]
 [46]
 [52]
 [52]
 [55]
 [53]
 [51]
 [49]
 [57]
 [57]
 [57]
 [57]
 [57]
 [57]
 [45]
 [49]] 
------------------------ Dataset: v9x ------------------------
shape: (33, 1), dtype: uint16
Data:[[54]
 [54]
 [56]
 [50]
 [46]
 [52]
 [48]
 [50]
 [48]
 [55]
 [53]
 [57]
 [57]
 [57]
 [57]
 [57]
 [57]
 [45]
 [48]
 [32]
 [54]
 [54]
 [56]
 [50]
 [46]
 [51]
 [57]
 [50]
 [54]
 [57]
 [53]
 [45]
 [49]] 
------------------------ Dataset: v9y ------------------------
shape: (33, 1), dtype: uint16
Data:[[53]
 [57]
 [48]
 [48]
 [46]
 [50]
 [57]
 [55]
 [57]
 [54]
 [56]
 [57]
 [57]
 [57]
 [57]
 [57]
 [57]
 [45]
 [48]
 [32]
 [53]
 [57]
 [48]
 [48]
 [46]
 [51]
 [48]
 [53]
 [56]
 [53]
 [53]
 [45]
 [49]] 
------------------------ Dataset: v9z ------------------------
shape: (33, 1), dtype: uint16
Data:[[53]
 [57]
 [49]
 [54]
 [46]
 [49]
 [54]
 [57]
 [54]
 [50]
 [49]
 [57]
 [57]
 [57]
 [57]
 [57]
 [57]
 [45]
 [48]
 [32]
 [53]
 [57]
 [49]
 [54]
 [46]
 [49]
 [55]
 [51]
 [54]
 [56]
 [51]
 [45]
 [49]] 
------------------------ Dataset: vA ------------------------
