shape: (1, 6), dtype: uint32
Data:[[3707764736          2          1          1       1359          1]] 
------------------------ Dataset: Dwb ------------------------
shape: (33, 1), dtype: uint16
Data:[[54]
 [55]
 [55]
 [48]
 [46]
 [50]
 [54]
 [50]
 [49]
 [55]
 [56]
 [57]
 [57]
 [57]
 [57]
 [57]
 [57]
 [45]
 [48]
 [32]
 [54]
 [55]
 [55]
 [48]
 [46]
 [50]
 [53]
 [52]
 [51]
 [48]
 [54]
 [45]
 [49]] 
------------------------ Dataset: Dwc ------------------------
shape: (39, 1), dtype: uint16
Data:[[54]
 [50]
 [56]
 [51]
 [46]
 [48]
 [51]
 [48]
 [48]
 [49]
 [49]
 [57]
 [57]
 [57]
 [57]
 [57]
 [57]
 [45]
 [48]
 [32]
 [54]
 [50]
 [56]
 [51]
 [46]
 [48]
 [50]
 [55]
 [54]
 [54]
 [51]
 [57]
 [57]
 [57]
 [57]
 [57]
 [57]
 [45]
 [49]] 
------------------------ Dataset: Dwd ------------------------
shape: (19, 1), dtype: uint16
Data:[[54]
 [50]
 [57]
 [56]
 [46]
 [55]
 [57]
 [49]
 [49]
 [51]
 [54]
 [57]
 [57]
 [57]
 [57]
 [57]
 [57]
 [45]
 [48]] 
------------------------ Dataset: Dwe ------------------------
shape: (20, 1), dtype: uint16
Data:[[54]
 [51]
 [49]
 [52]
 [46]
 [54]
 [55]
 [51]
 [56]
 [53]
 [56]
 [57]
 [57]
 [57]
 [57]
 [57]
 [57]
 [53]
 [45]
 [49]] 
------------------------ Dataset: Dwf ------------------------
shape: (27, 1), dtype: uint16
Data:[[54]
 [51]
 [51]
 [48]
 [46]
 [53]
 [48]
 [50]
 [49]
 [53]
 [54]
 [45]
 [48]
 [32]
 [54]
 [51]
 [51]
 [48]
 [46]
 [52]
 [57]
 [56]
 [55]
 [48]
 [52]
 [45]
 [49]] 
------------------------ Dataset: Dwg ------------------------
shape: (40, 1), dtype: uint16
Data:[[54]
 [51]
 [52]
 [54]
 [46]
 [51]
 [52]
 [51]
 [50]
 [57]
 [54]
 [57]
 [57]
 [57]
 [57]
 [57]
 [57]
 [45]
 [48]
 [32]
 [54]
 [51]
 [52]
 [54]
 [46]
 [51]
 [52]
 [56]
 [48]
 [56]
 [57]
 [57]
 [57]
 [57]
 [57]
 [57]
 [57]
 [53]
 [45]
 [49]] 
------------------------ Dataset: Dwh ------------------------
shape: (27, 1), dtype: uint16
Data:[[54]
 [53]
 [49]
 [49]
 [46]
 [52]
 [49]
 [56]
 [50]
 [51]
 [55]
 [45]
 [48]
 [32]
 [54]
 [53]
 [49]
 [49]
 [46]
 [52]
 [49]
 [51]
 [57]
 [55]
 [52]
 [45]
 [49]] 
------------------------ Dataset: Dwi ------------------------
shape: (39, 1), dtype: uint16
Data:[[54]
 [53]
 [50]
 [55]
 [46]
 [50]
 [53]
 [56]
 [48]
 [51]
 [56]
 [57]
 [57]
 [57]
 [57]
 [57]
 [57]
 [45]
 [48]
 [32]
 [54]
 [53]
 [50]
 [55]
 [46]
 [50]
 [53]
 [52]
 [49]
 [50]
 [54]
 [57]
 [57]
 [57]
 [57]
 [57]
 [57]
 [45]
 [49]] 
------------------------ Dataset: Dwj ------------------------
shape: (27, 1), dtype: uint16
Data:[[54]
 [48]
 [50]
 [50]
 [46]
 [56]
 [50]
 [55]
 [56]
 [48]
 [50]
 [45]
 [48]
 [32]
 [54]
 [48]
 [50]
 [50]
 [46]
 [56]
 [51]
 [51]
 [55]
 [51]
 [57]
 [45]
 [49]] 
------------------------ Dataset: Dwk ------------------------
shape: (27, 1), dtype: uint16
Data:[[54]
 [48]
 [51]
 [56]
 [46]
 [54]
 [48]
 [54]
 [49]
 [57]
 [51]
 [45]
 [48]
 [32]
 [54]
 [48]
 [51]
 [56]
 [46]
 [54]
 [48]
 [50]
 [51]
 [51]
 [54]
 [45]
 [49]] 
------------------------ Dataset: Dwl ------------------------
shape: (34, 1), dtype: uint16
Data:[[54]
 [48]
 [53]
 [52]
 [46]
 [50]
 [52]
 [57]
 [55]
 [48]
 [50]
 [57]
 [57]
 [57]
 [57]
 [57]
 [57]
 [53]
 [45]
 [48]
 [32]
 [54]
 [48]
 [53]
 [52]
 [46]
 [50]
 [53]
 [51]
 [55]
 [50]
 [57]
 [45]
 [49]] 
------------------------ Dataset: Dwm ------------------------
shape: (27, 1), dtype: uint16
Data:[[54]
 [48]
 [55]
 [48]
 [46]
 [49]
 [54]
 [57]
 [55]
 [52]
 [49]
 [45]
 [48]
 [32]
 [54]
 [48]
 [55]
 [48]
 [46]
 [49]
 [55]
 [51]
 [55]
 [48]
 [57]
 [45]
 [49]] 
------------------------ Dataset: Dwn ------------------------
shape: (34, 1), dtype: uint16
Data:[[53]
 [54]
 [51]
 [49]
 [46]
 [48]
 [54]
 [54]
 [49]
 [57]
 [52]
 [45]
 [48]
 [32]
 [53]
 [54]
 [51]
 [49]
 [46]
 [48]
 [55]
 [52]
 [48]
 [56]
 [50]
 [57]
 [57]
 [57]
 [57]
 [57]
 [57]
 [53]
 [45]
 [49]] 
------------------------ Dataset: Dwo ------------------------
shape: (26, 1), dtype: uint16
Data:[[53]
 [54]
 [52]
 [54]
 [46]
 [55]
 [53]
 [49]
 [57]
 [52]
 [45]
 [48]
 [32]
 [53]
 [54]
 [52]
 [54]
 [46]
 [55]
 [52]
 [56]
 [50]
 [50]
 [49]
 [45]
 [49]] 
------------------------ Dataset: Dwp ------------------------
shape: (27, 1), dtype: uint16
Data:[[53]
 [54]
 [54]
 [50]
 [46]
 [52]
 [56]
 [49]
 [54]
 [52]
 [50]
 [45]
 [48]
 [32]
 [53]
 [54]
 [54]
 [50]
 [46]
 [52]
 [56]
 [53]
 [54]
 [54]
 [54]
 [45]
 [49]] 
------------------------ Dataset: Dwq ------------------------
shape: (33, 1), dtype: uint16
Data:[[53]
 [54]
 [55]
 [56]
 [46]
 [50]
 [50]
 [49]
 [53]
 [52]
 [57]
 [57]
 [57]
 [57]
 [57]
 [57]
 [57]
 [45]
 [48]
 [32]
 [53]
 [54]
 [55]
 [56]
 [46]
 [50]
 [49]
 [56]
 [50]
 [48]
 [57]
 [45]
 [49]] 
------------------------ Dataset: Dwr ------------------------
shape: (27, 1), dtype: uint16
Data:[[53]
 [54]
 [57]
 [51]
 [46]
 [57]
 [54]
 [53]
 [55]
 [50]
 [55]
 [45]
 [48]
 [32]
 [53]
 [54]
 [57]
 [51]
 [46]
 [57]
 [54]
 [49]
 [53]
 [56]
 [55]
 [45]
 [49]] 
------------------------ Dataset: Dws ------------------------
shape: (27, 1), dtype: uint16
Data:[[54]
 [52]
 [49]
 [55]
 [46]
 [50]
 [56]
 [50]
 [49]
 [53]
 [56]
 [45]
 [48]
 [32]
 [54]
 [52]
 [49]
 [55]
 [46]
 [50]
 [56]
 [53]
 [57]
 [57]
 [57]
 [45]
 [49]] 
------------------------ Dataset: Dwt ------------------------
shape: (33, 1), dtype: uint16
Data:[[54]
 [54]
 [48]
 [57]
 [46]
 [51]
 [55]
 [52]
 [48]
 [56]
 [49]
 [57]
 [57]
 [57]
 [57]
 [57]
 [57]
 [45]
 [48]
 [32]
 [54]
 [54]
 [48]
 [57]
 [46]
 [51]
 [55]
 [56]
 [49]
 [50]
 [55]
 [45]
 [49]] 
------------------------ Dataset: Dwu ------------------------
shape: (27, 1), dtype: uint16
Data:[[54]
 [54]
 [50]
 [53]
 [46]
 [51]
 [50]
 [51]
 [49]
 [50]
 [50]
 [45]
 [48]
 [32]
 [54]
 [54]
 [50]
 [53]
 [46]
 [51]
 [50]
 [51]
 [50]
 [55]
 [50]
 [45]
 [49]] 
------------------------ Dataset: Dwv ------------------------
shape: (27, 1), dtype: uint16
Data:[[54]
 [54]
 [52]
 [49]
 [46]
 [49]
 [48]
 [50]
 [48]
 [50]
 [54]
 [45]
 [48]
 [32]
 [54]
 [54]
 [52]
 [49]
 [46]
 [48]
 [57]
 [56]
 [49]
 [51]
 [54]
 [45]
 [49]] 
------------------------ Dataset: Dww ------------------------
shape: (27, 1), dtype: uint16
Data:[[54]
 [54]
 [53]
 [54]
 [46]
 [55]
 [52]
 [50]
 [48]
 [51]
 [50]
 [45]
 [48]
 [32]
 [54]
 [54]
 [53]
 [54]
 [46]
 [55]
 [52]
 [53]
 [57]
 [57]
 [54]
 [45]
 [49]] 
------------------------ Dataset: Dwx ------------------------
shape: (33, 1), dtype: uint16
Data:[[54]
 [54]
 [55]
 [50]
 [46]
 [54]
 [54]
 [50]
 [49]
 [54]
 [54]
 [45]
 [48]
 [32]
 [54]
 [54]
 [55]
 [50]
 [46]
 [54]
 [53]
 [56]
 [49]
 [52]
 [49]
 [57]
 [57]
 [57]
 [57]
 [57]
 [57]
 [45]
 [49]] 
------------------------ Dataset: Dwy ------------------------
shape: (27, 1), dtype: uint16
Data:[[54]
 [54]
 [56]
 [56]
 [46]
 [53]
 [53]
 [56]
 [49]
 [51]
 [55]
 [45]
 [48]
 [32]
 [54]
 [54]
 [56]
 [56]
 [46]
 [53]
 [54]
 [51]
 [56]
 [48]
 [56]
 [45]
 [49]] 
------------------------ Dataset: Dwz ------------------------
shape: (32, 1), dtype: uint16
Data:[[53]
 [57]
 [48]
 [54]
 [46]
 [52]
 [53]
 [55]
 [54]
 [52]
 [45]
 [48]
 [32]
 [53]
 [57]
 [48]
 [54]
 [46]
 [52]
 [52]
 [53]
 [54]
 [50]
 [52]
 [57]
 [57]
 [57]
 [57]
 [57]
 [57]
 [45]
 [49]] 
------------------------ Dataset: Dx ------------------------
