shape: (1, 6), dtype: uint32
Data:[[3707764736          2          1          1       1590          1]] 
------------------------ Dataset: sAb ------------------------
shape: (32, 1), dtype: uint16
Data:[[54]
 [55]
 [55]
 [49]
 [46]
 [50]
 [50]
 [55]
 [50]
 [56]
 [45]
 [48]
 [32]
 [54]
 [55]
 [55]
 [49]
 [46]
 [50]
 [50]
 [50]
 [57]
 [55]
 [54]
 [57]
 [57]
 [57]
 [57]
 [57]
 [57]
 [45]
 [49]] 
------------------------ Dataset: sAc ------------------------
shape: (27, 1), dtype: uint16
Data:[[54]
 [50]
 [56]
 [51]
 [46]
 [57]
 [57]
 [55]
 [57]
 [48]
 [54]
 [45]
 [48]
 [32]
 [54]
 [50]
 [56]
 [52]
 [46]
 [48]
 [48]
 [49]
 [57]
 [54]
 [57]
 [45]
 [49]] 
------------------------ Dataset: sAd ------------------------
shape: (33, 1), dtype: uint16
Data:[[54]
 [50]
 [57]
 [57]
 [46]
 [55]
 [54]
 [53]
 [56]
 [49]
 [51]
 [45]
 [48]
 [32]
 [54]
 [50]
 [57]
 [57]
 [46]
 [55]
 [54]
 [57]
 [56]
 [51]
 [55]
 [57]
 [57]
 [57]
 [57]
 [57]
 [57]
 [45]
 [49]] 
------------------------ Dataset: sAe ------------------------
shape: (40, 1), dtype: uint16
Data:[[54]
 [51]
 [49]
 [53]
 [46]
 [54]
 [52]
 [53]
 [57]
 [50]
 [51]
 [57]
 [57]
 [57]
 [57]
 [57]
 [57]
 [53]
 [45]
 [48]
 [32]
 [54]
 [51]
 [49]
 [53]
 [46]
 [54]
 [52]
 [50]
 [52]
 [54]
 [50]
 [57]
 [57]
 [57]
 [57]
 [57]
 [57]
 [45]
 [49]] 
------------------------ Dataset: sAf ------------------------
shape: (40, 1), dtype: uint16
Data:[[54]
 [51]
 [51]
 [49]
 [46]
 [52]
 [55]
 [49]
 [50]
 [56]
 [51]
 [57]
 [57]
 [57]
 [57]
 [57]
 [57]
 [45]
 [48]
 [32]
 [54]
 [51]
 [51]
 [49]
 [46]
 [52]
 [54]
 [57]
 [56]
 [52]
 [57]
 [57]
 [57]
 [57]
 [57]
 [57]
 [57]
 [53]
 [45]
 [49]] 
------------------------ Dataset: sAg ------------------------
shape: (41, 1), dtype: uint16
Data:[[54]
 [52]
 [57]
 [54]
 [46]
 [54]
 [50]
 [54]
 [48]
 [50]
 [49]
 [57]
 [57]
 [57]
 [57]
 [57]
 [57]
 [53]
 [45]
 [48]
 [32]
 [54]
 [52]
 [57]
 [54]
 [46]
 [54]
 [50]
 [57]
 [57]
 [56]
 [49]
 [57]
 [57]
 [57]
 [57]
 [57]
 [57]
 [53]
 [45]
 [49]] 
------------------------ Dataset: sAh ------------------------
shape: (26, 1), dtype: uint16
Data:[[54]
 [53]
 [49]
 [50]
 [46]
 [51]
 [56]
 [54]
 [48]
 [51]
 [45]
 [48]
 [32]
 [54]
 [53]
 [49]
 [50]
 [46]
 [51]
 [56]
 [57]
 [57]
 [56]
 [51]
 [45]
 [49]] 
------------------------ Dataset: sAi ------------------------
shape: (34, 1), dtype: uint16
Data:[[54]
 [53]
 [50]
 [56]
 [46]
 [50]
 [49]
 [55]
 [57]
 [55]
 [51]
 [45]
 [48]
 [32]
 [54]
 [53]
 [50]
 [56]
 [46]
 [50]
 [50]
 [49]
 [57]
 [54]
 [54]
 [57]
 [57]
 [57]
 [57]
 [57]
 [57]
 [53]
 [45]
 [49]] 
------------------------ Dataset: sAj ------------------------
shape: (40, 1), dtype: uint16
Data:[[54]
 [48]
 [50]
 [51]
 [46]
 [56]
 [48]
 [54]
 [49]
 [51]
 [51]
 [57]
 [57]
 [57]
 [57]
 [57]
 [57]
 [53]
 [45]
 [48]
 [32]
 [54]
 [48]
 [50]
 [51]
 [46]
 [56]
 [48]
 [53]
 [53]
 [57]
 [48]
 [57]
 [57]
 [57]
 [57]
 [57]
 [57]
 [45]
 [49]] 
------------------------ Dataset: sAk ------------------------
shape: (33, 1), dtype: uint16
Data:[[54]
 [48]
 [51]
 [57]
 [46]
 [53]
 [53]
 [51]
 [55]
 [54]
 [50]
 [45]
 [48]
 [32]
 [54]
 [48]
 [51]
 [57]
 [46]
 [53]
 [53]
 [55]
 [56]
 [51]
 [54]
 [57]
 [57]
 [57]
 [57]
 [57]
 [57]
 [45]
 [49]] 
------------------------ Dataset: sAl ------------------------
shape: (34, 1), dtype: uint16
Data:[[54]
 [48]
 [53]
 [53]
 [46]
 [50]
 [50]
 [50]
 [48]
 [56]
 [55]
 [57]
 [57]
 [57]
 [57]
 [57]
 [57]
 [53]
 [45]
 [48]
 [32]
 [54]
 [48]
 [53]
 [53]
 [46]
 [50]
 [49]
 [55]
 [51]
 [54]
 [57]
 [45]
 [49]] 
------------------------ Dataset: sAm ------------------------
shape: (40, 1), dtype: uint16
Data:[[54]
 [48]
 [55]
 [49]
 [46]
 [49]
 [53]
 [51]
 [55]
 [54]
 [53]
 [57]
 [57]
 [57]
 [57]
 [57]
 [57]
 [45]
 [48]
 [32]
 [54]
 [48]
 [55]
 [49]
 [46]
 [49]
 [53]
 [55]
 [55]
 [56]
 [55]
 [57]
 [57]
 [57]
 [57]
 [57]
 [57]
 [53]
 [45]
 [49]] 
------------------------ Dataset: sAn ------------------------
shape: (27, 1), dtype: uint16
Data:[[53]
 [54]
 [51]
 [50]
 [46]
 [48]
 [50]
 [53]
 [55]
 [50]
 [57]
 [45]
 [48]
 [32]
 [53]
 [54]
 [51]
 [50]
 [46]
 [48]
 [50]
 [53]
 [53]
 [57]
 [50]
 [45]
 [49]] 
------------------------ Dataset: sAo ------------------------
shape: (27, 1), dtype: uint16
Data:[[53]
 [54]
 [52]
 [55]
 [46]
 [55]
 [49]
 [51]
 [56]
 [56]
 [49]
 [45]
 [48]
 [32]
 [53]
 [54]
 [52]
 [55]
 [46]
 [55]
 [50]
 [53]
 [57]
 [55]
 [57]
 [45]
 [49]] 
------------------------ Dataset: sAp ------------------------
shape: (33, 1), dtype: uint16
Data:[[53]
 [54]
 [54]
 [51]
 [46]
 [52]
 [52]
 [56]
 [53]
 [53]
 [45]
 [48]
 [32]
 [53]
 [54]
 [54]
 [51]
 [46]
 [52]
 [52]
 [50]
 [48]
 [51]
 [53]
 [57]
 [57]
 [57]
 [57]
 [57]
 [57]
 [53]
 [45]
 [49]] 
------------------------ Dataset: sAq ------------------------
shape: (27, 1), dtype: uint16
Data:[[53]
 [54]
 [55]
 [57]
 [46]
 [49]
 [56]
 [57]
 [54]
 [52]
 [49]
 [45]
 [48]
 [32]
 [53]
 [54]
 [55]
 [57]
 [46]
 [49]
 [57]
 [55]
 [54]
 [57]
 [53]
 [45]
 [49]] 
------------------------ Dataset: sAr ------------------------
shape: (27, 1), dtype: uint16
Data:[[53]
 [56]
 [48]
 [53]
 [46]
 [52]
 [57]
 [55]
 [56]
 [49]
 [50]
 [45]
 [48]
 [32]
 [53]
 [56]
 [48]
 [53]
 [46]
 [53]
 [48]
 [49]
 [56]
 [54]
 [52]
 [45]
 [49]] 
------------------------ Dataset: sAs ------------------------
shape: (33, 1), dtype: uint16
Data:[[54]
 [52]
 [49]
 [56]
 [46]
 [50]
 [53]
 [53]
 [52]
 [51]
 [50]
 [57]
 [57]
 [57]
 [57]
 [57]
 [57]
 [45]
 [48]
 [32]
 [54]
 [52]
 [49]
 [56]
 [46]
 [50]
 [53]
 [53]
 [51]
 [57]
 [54]
 [45]
 [49]] 
------------------------ Dataset: sAt ------------------------
shape: (33, 1), dtype: uint16
Data:[[54]
 [54]
 [49]
 [48]
 [46]
 [51]
 [52]
 [50]
 [49]
 [48]
 [51]
 [57]
 [57]
 [57]
 [57]
 [57]
 [57]
 [45]
 [48]
 [32]
 [54]
 [54]
 [49]
 [48]
 [46]
 [51]
 [51]
 [56]
 [49]
 [48]
 [55]
 [45]
 [49]] 
------------------------ Dataset: sAu ------------------------
shape: (27, 1), dtype: uint16
Data:[[54]
 [54]
 [50]
 [54]
 [46]
 [50]
 [55]
 [55]
 [57]
 [57]
 [49]
 [45]
 [48]
 [32]
 [54]
 [54]
 [50]
 [54]
 [46]
 [50]
 [55]
 [56]
 [48]
 [48]
 [49]
 [45]
 [49]] 
------------------------ Dataset: sAv ------------------------
shape: (33, 1), dtype: uint16
Data:[[54]
 [54]
 [52]
 [50]
 [46]
 [48]
 [53]
 [52]
 [48]
 [56]
 [53]
 [45]
 [48]
 [32]
 [54]
 [54]
 [52]
 [50]
 [46]
 [48]
 [53]
 [56]
 [49]
 [54]
 [49]
 [57]
 [57]
 [57]
 [57]
 [57]
 [57]
 [45]
 [49]] 
------------------------ Dataset: sAw ------------------------
shape: (33, 1), dtype: uint16
Data:[[54]
 [54]
 [53]
 [55]
 [46]
 [55]
 [52]
 [50]
 [49]
 [57]
 [51]
 [45]
 [48]
 [32]
 [54]
 [54]
 [53]
 [55]
 [46]
 [55]
 [52]
 [54]
 [49]
 [56]
 [53]
 [57]
 [57]
 [57]
 [57]
 [57]
 [57]
 [45]
 [49]] 
------------------------ Dataset: sAx ------------------------
shape: (27, 1), dtype: uint16
Data:[[54]
 [54]
 [55]
 [51]
 [46]
 [54]
 [51]
 [56]
 [48]
 [56]
 [54]
 [45]
 [48]
 [32]
 [54]
 [54]
 [55]
 [51]
 [46]
 [54]
 [52]
 [50]
 [48]
 [54]
 [55]
 [45]
 [49]] 
------------------------ Dataset: sAy ------------------------
shape: (27, 1), dtype: uint16
Data:[[54]
 [54]
 [56]
 [57]
 [46]
 [53]
 [53]
 [56]
 [57]
 [49]
 [49]
 [45]
 [48]
 [32]
 [54]
 [54]
 [56]
 [57]
 [46]
 [53]
 [53]
 [53]
 [53]
 [56]
 [55]
 [45]
 [49]] 
------------------------ Dataset: sAz ------------------------
shape: (33, 1), dtype: uint16
Data:[[53]
 [57]
 [48]
 [55]
 [46]
 [52]
 [52]
 [49]
 [55]
 [48]
 [49]
 [45]
 [48]
 [32]
 [53]
 [57]
 [48]
 [55]
 [46]
 [52]
 [52]
 [53]
 [55]
 [48]
 [50]
 [57]
 [57]
 [57]
 [57]
 [57]
 [57]
 [45]
 [49]] 
------------------------ Dataset: sB ------------------------
