shape: (1, 6), dtype: uint32
Data:[[3707764736          2          1          1        307          1]] 
------------------------ Dataset: ffb ------------------------
shape: (26, 1), dtype: uint16
Data:[[54]
 [55]
 [54]
 [53]
 [46]
 [56]
 [49]
 [48]
 [56]
 [57]
 [45]
 [48]
 [32]
 [54]
 [55]
 [54]
 [53]
 [46]
 [56]
 [48]
 [54]
 [50]
 [55]
 [56]
 [45]
 [49]] 
------------------------ Dataset: ffc ------------------------
shape: (27, 1), dtype: uint16
Data:[[54]
 [55]
 [56]
 [49]
 [46]
 [54]
 [53]
 [56]
 [49]
 [53]
 [50]
 [45]
 [48]
 [32]
 [54]
 [55]
 [56]
 [49]
 [46]
 [54]
 [53]
 [52]
 [49]
 [48]
 [53]
 [45]
 [49]] 
------------------------ Dataset: ffd ------------------------
shape: (39, 1), dtype: uint16
Data:[[54]
 [50]
 [57]
 [52]
 [46]
 [51]
 [57]
 [56]
 [56]
 [56]
 [54]
 [57]
 [57]
 [57]
 [57]
 [57]
 [57]
 [45]
 [48]
 [32]
 [54]
 [50]
 [57]
 [52]
 [46]
 [51]
 [57]
 [56]
 [56]
 [56]
 [54]
 [57]
 [57]
 [57]
 [57]
 [57]
 [57]
 [45]
 [49]] 
------------------------ Dataset: ffe ------------------------
shape: (26, 1), dtype: uint16
Data:[[54]
 [51]
 [49]
 [48]
 [46]
 [50]
 [49]
 [53]
 [49]
 [57]
 [53]
 [45]
 [48]
 [32]
 [54]
 [51]
 [49]
 [48]
 [46]
 [50]
 [48]
 [57]
 [57]
 [55]
 [45]
 [49]] 
------------------------ Dataset: fff ------------------------
shape: (27, 1), dtype: uint16
Data:[[54]
 [51]
 [50]
 [54]
 [46]
 [48]
 [54]
 [57]
 [56]
 [57]
 [57]
 [45]
 [48]
 [32]
 [54]
 [51]
 [50]
 [54]
 [46]
 [48]
 [54]
 [53]
 [57]
 [53]
 [55]
 [45]
 [49]] 
------------------------ Dataset: ffg ------------------------
shape: (25, 1), dtype: uint16
Data:[[54]
 [51]
 [52]
 [49]
 [46]
 [56]
 [57]
 [51]
 [57]
 [45]
 [48]
 [32]
 [54]
 [51]
 [52]
 [49]
 [46]
 [56]
 [57]
 [55]
 [57]
 [54]
 [50]
 [45]
 [49]] 
------------------------ Dataset: ffh ------------------------
shape: (26, 1), dtype: uint16
Data:[[54]
 [53]
 [48]
 [55]
 [46]
 [48]
 [48]
 [55]
 [54]
 [57]
 [54]
 [45]
 [48]
 [32]
 [54]
 [53]
 [48]
 [55]
 [46]
 [48]
 [48]
 [55]
 [56]
 [53]
 [45]
 [49]] 
------------------------ Dataset: ffi ------------------------
shape: (27, 1), dtype: uint16
Data:[[54]
 [53]
 [50]
 [50]
 [46]
 [56]
 [49]
 [56]
 [50]
 [57]
 [50]
 [45]
 [48]
 [32]
 [54]
 [53]
 [50]
 [50]
 [46]
 [56]
 [50]
 [50]
 [48]
 [50]
 [52]
 [45]
 [49]] 
------------------------ Dataset: ffj ------------------------
shape: (39, 1), dtype: uint16
Data:[[54]
 [48]
 [49]
 [56]
 [46]
 [51]
 [56]
 [57]
 [56]
 [53]
 [57]
 [57]
 [57]
 [57]
 [57]
 [57]
 [57]
 [45]
 [48]
 [32]
 [54]
 [48]
 [49]
 [56]
 [46]
 [51]
 [57]
 [51]
 [55]
 [54]
 [48]
 [57]
 [57]
 [57]
 [57]
 [57]
 [57]
 [45]
 [49]] 
------------------------ Dataset: ffk ------------------------
shape: (33, 1), dtype: uint16
Data:[[54]
 [48]
 [51]
 [52]
 [46]
 [49]
 [57]
 [55]
 [55]
 [54]
 [53]
 [57]
 [57]
 [57]
 [57]
 [57]
 [57]
 [45]
 [48]
 [32]
 [54]
 [48]
 [51]
 [52]
 [46]
 [49]
 [57]
 [51]
 [56]
 [49]
 [49]
 [45]
 [49]] 
------------------------ Dataset: ffl ------------------------
shape: (27, 1), dtype: uint16
Data:[[54]
 [48]
 [52]
 [57]
 [46]
 [56]
 [50]
 [57]
 [50]
 [48]
 [49]
 [45]
 [48]
 [32]
 [54]
 [48]
 [52]
 [57]
 [46]
 [56]
 [50]
 [57]
 [50]
 [48]
 [49]
 [45]
 [49]] 
------------------------ Dataset: ffm ------------------------
shape: (26, 1), dtype: uint16
Data:[[54]
 [48]
 [54]
 [53]
 [46]
 [55]
 [48]
 [53]
 [55]
 [55]
 [57]
 [45]
 [48]
 [32]
 [54]
 [48]
 [54]
 [53]
 [46]
 [55]
 [48]
 [49]
 [56]
 [55]
 [45]
 [49]] 
------------------------ Dataset: ffn ------------------------
shape: (41, 1), dtype: uint16
Data:[[54]
 [48]
 [56]
 [49]
 [46]
 [54]
 [52]
 [49]
 [57]
 [57]
 [56]
 [57]
 [57]
 [57]
 [57]
 [57]
 [57]
 [53]
 [45]
 [48]
 [32]
 [54]
 [48]
 [56]
 [49]
 [46]
 [54]
 [52]
 [53]
 [55]
 [55]
 [56]
 [57]
 [57]
 [57]
 [57]
 [57]
 [57]
 [53]
 [45]
 [49]] 
------------------------ Dataset: ffo ------------------------
shape: (27, 1), dtype: uint16
Data:[[53]
 [54]
 [52]
 [50]
 [46]
 [51]
 [52]
 [53]
 [54]
 [49]
 [54]
 [45]
 [48]
 [32]
 [53]
 [54]
 [52]
 [50]
 [46]
 [51]
 [53]
 [51]
 [54]
 [55]
 [51]
 [45]
 [49]] 
------------------------ Dataset: ffp ------------------------
shape: (33, 1), dtype: uint16
Data:[[53]
 [54]
 [53]
 [56]
 [46]
 [48]
 [57]
 [55]
 [54]
 [52]
 [53]
 [57]
 [57]
 [57]
 [57]
 [57]
 [57]
 [45]
 [48]
 [32]
 [53]
 [54]
 [53]
 [56]
 [46]
 [48]
 [57]
 [51]
 [53]
 [54]
 [53]
 [45]
 [49]] 
------------------------ Dataset: ffq ------------------------
shape: (40, 1), dtype: uint16
Data:[[53]
 [54]
 [55]
 [51]
 [46]
 [56]
 [48]
 [49]
 [53]
 [50]
 [51]
 [57]
 [57]
 [57]
 [57]
 [57]
 [57]
 [53]
 [45]
 [48]
 [32]
 [53]
 [54]
 [55]
 [51]
 [46]
 [56]
 [48]
 [53]
 [53]
 [52]
 [55]
 [57]
 [57]
 [57]
 [57]
 [57]
 [57]
 [45]
 [49]] 
------------------------ Dataset: ffr ------------------------
shape: (27, 1), dtype: uint16
Data:[[53]
 [54]
 [56]
 [57]
 [46]
 [53]
 [55]
 [55]
 [53]
 [55]
 [52]
 [45]
 [48]
 [32]
 [53]
 [54]
 [56]
 [57]
 [46]
 [53]
 [55]
 [51]
 [54]
 [56]
 [52]
 [45]
 [49]] 
------------------------ Dataset: ffs ------------------------
shape: (25, 1), dtype: uint16
Data:[[54]
 [52]
 [49]
 [50]
 [46]
 [56]
 [53]
 [53]
 [49]
 [54]
 [56]
 [45]
 [48]
 [32]
 [54]
 [52]
 [49]
 [50]
 [46]
 [56]
 [53]
 [49]
 [57]
 [45]
 [49]] 
------------------------ Dataset: fft ------------------------
shape: (33, 1), dtype: uint16
Data:[[54]
 [54]
 [48]
 [52]
 [46]
 [57]
 [49]
 [52]
 [51]
 [56]
 [49]
 [45]
 [48]
 [32]
 [54]
 [54]
 [48]
 [52]
 [46]
 [57]
 [49]
 [48]
 [57]
 [53]
 [52]
 [57]
 [57]
 [57]
 [57]
 [57]
 [57]
 [45]
 [49]] 
------------------------ Dataset: ffu ------------------------
shape: (34, 1), dtype: uint16
Data:[[54]
 [54]
 [50]
 [48]
 [46]
 [56]
 [57]
 [54]
 [54]
 [55]
 [56]
 [57]
 [57]
 [57]
 [57]
 [57]
 [57]
 [53]
 [45]
 [48]
 [32]
 [54]
 [54]
 [50]
 [48]
 [46]
 [56]
 [57]
 [54]
 [48]
 [57]
 [55]
 [45]
 [49]] 
------------------------ Dataset: ffv ------------------------
shape: (34, 1), dtype: uint16
Data:[[54]
 [54]
 [51]
 [54]
 [46]
 [55]
 [51]
 [56]
 [49]
 [53]
 [56]
 [57]
 [57]
 [57]
 [57]
 [57]
 [57]
 [53]
 [45]
 [48]
 [32]
 [54]
 [54]
 [51]
 [54]
 [46]
 [55]
 [52]
 [56]
 [56]
 [50]
 [53]
 [45]
 [49]] 
------------------------ Dataset: ffw ------------------------
shape: (19, 1), dtype: uint16
Data:[[54]
 [54]
 [53]
 [50]
 [46]
 [51]
 [50]
 [54]
 [56]
 [49]
 [49]
 [57]
 [57]
 [57]
 [57]
 [57]
 [57]
 [45]
 [49]] 
------------------------ Dataset: ffx ------------------------
shape: (33, 1), dtype: uint16
Data:[[54]
 [54]
 [54]
 [56]
 [46]
 [49]
 [57]
 [48]
 [50]
 [53]
 [54]
 [57]
 [57]
 [57]
 [57]
 [57]
 [57]
 [45]
 [48]
 [32]
 [54]
 [54]
 [54]
 [56]
 [46]
 [49]
 [56]
 [54]
 [53]
 [54]
 [53]
 [45]
 [49]] 
------------------------ Dataset: ffy ------------------------
shape: (13, 1), dtype: uint16
Data:[[54]
 [54]
 [56]
 [52]
 [46]
 [48]
 [57]
 [56]
 [51]
 [50]
 [55]
 [45]
 [49]] 
------------------------ Dataset: ffz ------------------------
shape: (27, 1), dtype: uint16
Data:[[53]
 [57]
 [48]
 [50]
 [46]
 [48]
 [51]
 [51]
 [54]
 [52]
 [51]
 [45]
 [48]
 [32]
 [53]
 [57]
 [48]
 [50]
 [46]
 [48]
 [50]
 [57]
 [54]
 [51]
 [51]
 [45]
 [49]] 
------------------------ Dataset: fg ------------------------
