shape: (1, 6), dtype: uint32
Data:[[3707764736          2          1          1       1148          1]] 
------------------------ Dataset: 0sb ------------------------
shape: (20, 1), dtype: uint16
Data:[[54]
 [55]
 [54]
 [57]
 [46]
 [51]
 [55]
 [54]
 [49]
 [48]
 [55]
 [57]
 [57]
 [57]
 [57]
 [57]
 [57]
 [53]
 [45]
 [49]] 
------------------------ Dataset: 0sc ------------------------
shape: (34, 1), dtype: uint16
Data:[[54]
 [50]
 [56]
 [50]
 [46]
 [49]
 [52]
 [49]
 [57]
 [52]
 [55]
 [57]
 [57]
 [57]
 [57]
 [57]
 [57]
 [53]
 [45]
 [48]
 [32]
 [54]
 [50]
 [56]
 [50]
 [46]
 [49]
 [52]
 [53]
 [56]
 [53]
 [51]
 [45]
 [49]] 
------------------------ Dataset: 0sd ------------------------
shape: (32, 1), dtype: uint16
Data:[[54]
 [50]
 [57]
 [55]
 [46]
 [57]
 [49]
 [49]
 [55]
 [55]
 [45]
 [48]
 [32]
 [54]
 [50]
 [57]
 [55]
 [46]
 [57]
 [48]
 [53]
 [57]
 [51]
 [51]
 [57]
 [57]
 [57]
 [57]
 [57]
 [57]
 [45]
 [49]] 
------------------------ Dataset: 0se ------------------------
shape: (26, 1), dtype: uint16
Data:[[54]
 [51]
 [49]
 [51]
 [46]
 [55]
 [56]
 [57]
 [57]
 [48]
 [53]
 [45]
 [48]
 [32]
 [54]
 [51]
 [49]
 [51]
 [46]
 [55]
 [56]
 [53]
 [57]
 [52]
 [45]
 [49]] 
------------------------ Dataset: 0sf ------------------------
shape: (33, 1), dtype: uint16
Data:[[54]
 [51]
 [50]
 [57]
 [46]
 [54]
 [49]
 [51]
 [57]
 [48]
 [57]
 [45]
 [48]
 [32]
 [54]
 [51]
 [50]
 [57]
 [46]
 [54]
 [49]
 [56]
 [55]
 [52]
 [48]
 [57]
 [57]
 [57]
 [57]
 [57]
 [57]
 [45]
 [49]] 
------------------------ Dataset: 0sg ------------------------
shape: (39, 1), dtype: uint16
Data:[[54]
 [51]
 [52]
 [53]
 [46]
 [52]
 [53]
 [53]
 [49]
 [49]
 [56]
 [57]
 [57]
 [57]
 [57]
 [57]
 [57]
 [45]
 [48]
 [32]
 [54]
 [51]
 [52]
 [53]
 [46]
 [52]
 [53]
 [53]
 [49]
 [52]
 [50]
 [57]
 [57]
 [57]
 [57]
 [57]
 [57]
 [45]
 [49]] 
------------------------ Dataset: 0sh ------------------------
shape: (33, 1), dtype: uint16
Data:[[54]
 [53]
 [49]
 [48]
 [46]
 [53]
 [51]
 [56]
 [48]
 [48]
 [51]
 [45]
 [48]
 [32]
 [54]
 [53]
 [49]
 [48]
 [46]
 [53]
 [51]
 [52]
 [48]
 [54]
 [48]
 [57]
 [57]
 [57]
 [57]
 [57]
 [57]
 [45]
 [49]] 
------------------------ Dataset: 0si ------------------------
shape: (33, 1), dtype: uint16
Data:[[54]
 [53]
 [50]
 [54]
 [46]
 [51]
 [53]
 [52]
 [52]
 [56]
 [48]
 [57]
 [57]
 [57]
 [57]
 [57]
 [57]
 [45]
 [48]
 [32]
 [54]
 [53]
 [50]
 [54]
 [46]
 [51]
 [53]
 [48]
 [50]
 [55]
 [55]
 [45]
 [49]] 
------------------------ Dataset: 0sj ------------------------
shape: (33, 1), dtype: uint16
Data:[[54]
 [48]
 [50]
 [49]
 [46]
 [57]
 [53]
 [53]
 [51]
 [57]
 [56]
 [45]
 [48]
 [32]
 [54]
 [48]
 [50]
 [49]
 [46]
 [57]
 [53]
 [53]
 [52]
 [53]
 [57]
 [57]
 [57]
 [57]
 [57]
 [57]
 [57]
 [45]
 [49]] 
------------------------ Dataset: 0sk ------------------------
shape: (13, 1), dtype: uint16
Data:[[54]
 [48]
 [51]
 [55]
 [46]
 [55]
 [51]
 [48]
 [48]
 [52]
 [49]
 [45]
 [48]] 
------------------------ Dataset: 0sl ------------------------
shape: (27, 1), dtype: uint16
Data:[[54]
 [48]
 [53]
 [51]
 [46]
 [51]
 [56]
 [51]
 [56]
 [53]
 [49]
 [45]
 [48]
 [32]
 [54]
 [48]
 [53]
 [51]
 [46]
 [51]
 [56]
 [51]
 [57]
 [57]
 [57]
 [45]
 [49]] 
------------------------ Dataset: 0sm ------------------------
shape: (27, 1), dtype: uint16
Data:[[54]
 [48]
 [54]
 [57]
 [46]
 [50]
 [55]
 [51]
 [55]
 [52]
 [49]
 [45]
 [48]
 [32]
 [54]
 [48]
 [54]
 [57]
 [46]
 [50]
 [55]
 [55]
 [56]
 [50]
 [54]
 [45]
 [49]] 
------------------------ Dataset: 0sn ------------------------
shape: (33, 1), dtype: uint16
Data:[[54]
 [48]
 [56]
 [53]
 [46]
 [49]
 [55]
 [55]
 [55]
 [53]
 [54]
 [45]
 [48]
 [32]
 [54]
 [48]
 [56]
 [53]
 [46]
 [49]
 [56]
 [49]
 [55]
 [50]
 [54]
 [57]
 [57]
 [57]
 [57]
 [57]
 [57]
 [45]
 [49]] 
------------------------ Dataset: 0so ------------------------
shape: (26, 1), dtype: uint16
Data:[[53]
 [54]
 [52]
 [53]
 [46]
 [56]
 [53]
 [55]
 [54]
 [50]
 [49]
 [45]
 [48]
 [32]
 [53]
 [54]
 [52]
 [53]
 [46]
 [56]
 [53]
 [51]
 [55]
 [52]
 [45]
 [49]] 
------------------------ Dataset: 0sp ------------------------
shape: (33, 1), dtype: uint16
Data:[[53]
 [54]
 [54]
 [49]
 [46]
 [54]
 [49]
 [48]
 [50]
 [54]
 [52]
 [57]
 [57]
 [57]
 [57]
 [57]
 [57]
 [45]
 [48]
 [32]
 [53]
 [54]
 [54]
 [49]
 [46]
 [54]
 [49]
 [51]
 [54]
 [51]
 [53]
 [45]
 [49]] 
------------------------ Dataset: 0sq ------------------------
shape: (34, 1), dtype: uint16
Data:[[53]
 [54]
 [55]
 [55]
 [46]
 [51]
 [48]
 [57]
 [53]
 [57]
 [53]
 [45]
 [48]
 [32]
 [53]
 [54]
 [55]
 [55]
 [46]
 [51]
 [48]
 [53]
 [53]
 [57]
 [51]
 [57]
 [57]
 [57]
 [57]
 [57]
 [57]
 [53]
 [45]
 [49]] 
------------------------ Dataset: 0sr ------------------------
shape: (12, 1), dtype: uint16
Data:[[53]
 [54]
 [57]
 [51]
 [46]
 [48]
 [56]
 [53]
 [55]
 [55]
 [45]
 [48]] 
------------------------ Dataset: 0ss ------------------------
shape: (39, 1), dtype: uint16
Data:[[54]
 [52]
 [49]
 [54]
 [46]
 [52]
 [48]
 [52]
 [56]
 [53]
 [51]
 [57]
 [57]
 [57]
 [57]
 [57]
 [57]
 [45]
 [48]
 [32]
 [54]
 [52]
 [49]
 [54]
 [46]
 [52]
 [48]
 [52]
 [56]
 [53]
 [51]
 [57]
 [57]
 [57]
 [57]
 [57]
 [57]
 [45]
 [49]] 
------------------------ Dataset: 0st ------------------------
shape: (34, 1), dtype: uint16
Data:[[54]
 [54]
 [48]
 [56]
 [46]
 [52]
 [57]
 [49]
 [56]
 [48]
 [56]
 [45]
 [48]
 [32]
 [54]
 [54]
 [48]
 [56]
 [46]
 [52]
 [56]
 [50]
 [49]
 [50]
 [52]
 [57]
 [57]
 [57]
 [57]
 [57]
 [57]
 [53]
 [45]
 [49]] 
------------------------ Dataset: 0su ------------------------
shape: (32, 1), dtype: uint16
Data:[[54]
 [54]
 [50]
 [52]
 [46]
 [52]
 [49]
 [53]
 [51]
 [55]
 [54]
 [57]
 [57]
 [57]
 [57]
 [57]
 [57]
 [45]
 [48]
 [32]
 [54]
 [54]
 [50]
 [52]
 [46]
 [52]
 [48]
 [53]
 [57]
 [54]
 [45]
 [49]] 
------------------------ Dataset: 0sv ------------------------
shape: (33, 1), dtype: uint16
Data:[[54]
 [54]
 [52]
 [48]
 [46]
 [50]
 [51]
 [48]
 [49]
 [52]
 [49]
 [57]
 [57]
 [57]
 [57]
 [57]
 [57]
 [45]
 [48]
 [32]
 [54]
 [54]
 [52]
 [48]
 [46]
 [50]
 [50]
 [54]
 [52]
 [54]
 [50]
 [45]
 [49]] 
------------------------ Dataset: 0sw ------------------------
shape: (40, 1), dtype: uint16
Data:[[54]
 [54]
 [53]
 [53]
 [46]
 [56]
 [55]
 [48]
 [57]
 [56]
 [49]
 [57]
 [57]
 [57]
 [57]
 [57]
 [57]
 [53]
 [45]
 [48]
 [32]
 [54]
 [54]
 [53]
 [53]
 [46]
 [56]
 [55]
 [48]
 [56]
 [55]
 [54]
 [57]
 [57]
 [57]
 [57]
 [57]
 [57]
 [45]
 [49]] 
------------------------ Dataset: 0sx ------------------------
shape: (34, 1), dtype: uint16
Data:[[54]
 [54]
 [55]
 [49]
 [46]
 [55]
 [53]
 [48]
 [49]
 [54]
 [52]
 [45]
 [48]
 [32]
 [54]
 [54]
 [55]
 [49]
 [46]
 [55]
 [53]
 [52]
 [49]
 [55]
 [53]
 [57]
 [57]
 [57]
 [57]
 [57]
 [57]
 [53]
 [45]
 [49]] 
------------------------ Dataset: 0sy ------------------------
shape: (39, 1), dtype: uint16
Data:[[54]
 [54]
 [56]
 [55]
 [46]
 [54]
 [54]
 [50]
 [50]
 [55]
 [51]
 [57]
 [57]
 [57]
 [57]
 [57]
 [57]
 [45]
 [48]
 [32]
 [54]
 [54]
 [56]
 [55]
 [46]
 [54]
 [53]
 [56]
 [49]
 [51]
 [48]
 [57]
 [57]
 [57]
 [57]
 [57]
 [57]
 [45]
 [49]] 
------------------------ Dataset: 0sz ------------------------
shape: (33, 1), dtype: uint16
Data:[[53]
 [57]
 [48]
 [53]
 [46]
 [53]
 [54]
 [49]
 [55]
 [51]
 [52]
 [57]
 [57]
 [57]
 [57]
 [57]
 [57]
 [45]
 [48]
 [32]
 [53]
 [57]
 [48]
 [53]
 [46]
 [53]
 [54]
 [54]
 [51]
 [49]
 [57]
 [45]
 [49]] 
------------------------ Dataset: 0t ------------------------
