shape: (1, 6), dtype: uint32
Data:[[3707764736          2          1          1        826          1]] 
------------------------ Dataset: Pnb ------------------------
shape: (27, 1), dtype: uint16
Data:[[54]
 [55]
 [54]
 [56]
 [46]
 [48]
 [48]
 [54]
 [54]
 [57]
 [52]
 [45]
 [48]
 [32]
 [54]
 [55]
 [54]
 [56]
 [46]
 [48]
 [49]
 [48]
 [56]
 [54]
 [50]
 [45]
 [49]] 
------------------------ Dataset: Pnc ------------------------
shape: (33, 1), dtype: uint16
Data:[[54]
 [50]
 [56]
 [48]
 [46]
 [55]
 [54]
 [57]
 [57]
 [50]
 [56]
 [45]
 [48]
 [32]
 [54]
 [50]
 [56]
 [48]
 [46]
 [55]
 [55]
 [51]
 [57]
 [49]
 [51]
 [57]
 [57]
 [57]
 [57]
 [57]
 [57]
 [45]
 [49]] 
------------------------ Dataset: Pnd ------------------------
shape: (27, 1), dtype: uint16
Data:[[54]
 [50]
 [57]
 [54]
 [46]
 [53]
 [53]
 [51]
 [56]
 [52]
 [51]
 [45]
 [48]
 [32]
 [54]
 [50]
 [57]
 [54]
 [46]
 [53]
 [52]
 [57]
 [56]
 [53]
 [57]
 [45]
 [49]] 
------------------------ Dataset: Pne ------------------------
shape: (33, 1), dtype: uint16
Data:[[54]
 [51]
 [49]
 [50]
 [46]
 [51]
 [57]
 [51]
 [56]
 [50]
 [52]
 [45]
 [48]
 [32]
 [54]
 [51]
 [49]
 [50]
 [46]
 [52]
 [48]
 [50]
 [48]
 [51]
 [55]
 [57]
 [57]
 [57]
 [57]
 [57]
 [57]
 [45]
 [49]] 
------------------------ Dataset: Pnf ------------------------
shape: (33, 1), dtype: uint16
Data:[[54]
 [51]
 [50]
 [56]
 [46]
 [50]
 [55]
 [51]
 [57]
 [50]
 [56]
 [45]
 [48]
 [32]
 [54]
 [51]
 [50]
 [56]
 [46]
 [50]
 [54]
 [57]
 [56]
 [51]
 [55]
 [57]
 [57]
 [57]
 [57]
 [57]
 [57]
 [45]
 [49]] 
------------------------ Dataset: Png ------------------------
shape: (13, 1), dtype: uint16
Data:[[54]
 [51]
 [52]
 [52]
 [46]
 [48]
 [57]
 [51]
 [57]
 [57]
 [55]
 [45]
 [49]] 
------------------------ Dataset: Pnh ------------------------
shape: (33, 1), dtype: uint16
Data:[[54]
 [53]
 [48]
 [57]
 [46]
 [49]
 [57]
 [49]
 [48]
 [54]
 [53]
 [57]
 [57]
 [57]
 [57]
 [57]
 [57]
 [45]
 [48]
 [32]
 [54]
 [53]
 [48]
 [57]
 [46]
 [49]
 [57]
 [52]
 [48]
 [51]
 [49]
 [45]
 [49]] 
------------------------ Dataset: Pni ------------------------
shape: (39, 1), dtype: uint16
Data:[[54]
 [53]
 [50]
 [52]
 [46]
 [57]
 [57]
 [56]
 [49]
 [55]
 [48]
 [57]
 [57]
 [57]
 [57]
 [57]
 [57]
 [45]
 [48]
 [32]
 [54]
 [53]
 [50]
 [53]
 [46]
 [48]
 [48]
 [50]
 [49]
 [56]
 [49]
 [57]
 [57]
 [57]
 [57]
 [57]
 [57]
 [45]
 [49]] 
------------------------ Dataset: Pnj ------------------------
shape: (33, 1), dtype: uint16
Data:[[54]
 [48]
 [50]
 [48]
 [46]
 [53]
 [57]
 [51]
 [55]
 [50]
 [45]
 [48]
 [32]
 [54]
 [48]
 [50]
 [48]
 [46]
 [53]
 [57]
 [55]
 [55]
 [55]
 [50]
 [57]
 [57]
 [57]
 [57]
 [57]
 [57]
 [53]
 [45]
 [49]] 
------------------------ Dataset: Pnk ------------------------
shape: (27, 1), dtype: uint16
Data:[[54]
 [48]
 [51]
 [54]
 [46]
 [51]
 [56]
 [57]
 [56]
 [52]
 [54]
 [45]
 [48]
 [32]
 [54]
 [48]
 [51]
 [54]
 [46]
 [51]
 [56]
 [53]
 [52]
 [48]
 [53]
 [45]
 [49]] 
------------------------ Dataset: Pnl ------------------------
shape: (40, 1), dtype: uint16
Data:[[54]
 [48]
 [53]
 [49]
 [46]
 [57]
 [56]
 [57]
 [55]
 [53]
 [49]
 [57]
 [57]
 [57]
 [57]
 [57]
 [57]
 [53]
 [45]
 [48]
 [32]
 [54]
 [48]
 [53]
 [49]
 [46]
 [57]
 [56]
 [53]
 [55]
 [51]
 [52]
 [57]
 [57]
 [57]
 [57]
 [57]
 [57]
 [45]
 [49]] 
------------------------ Dataset: Pnm ------------------------
shape: (33, 1), dtype: uint16
Data:[[54]
 [48]
 [54]
 [55]
 [46]
 [56]
 [57]
 [51]
 [57]
 [51]
 [49]
 [45]
 [48]
 [32]
 [54]
 [48]
 [54]
 [55]
 [46]
 [56]
 [56]
 [57]
 [56]
 [54]
 [55]
 [57]
 [57]
 [57]
 [57]
 [57]
 [57]
 [45]
 [49]] 
------------------------ Dataset: Pnn ------------------------
shape: (34, 1), dtype: uint16
Data:[[54]
 [48]
 [56]
 [51]
 [46]
 [56]
 [52]
 [53]
 [56]
 [49]
 [53]
 [45]
 [48]
 [32]
 [54]
 [48]
 [56]
 [51]
 [46]
 [56]
 [52]
 [49]
 [56]
 [55]
 [53]
 [57]
 [57]
 [57]
 [57]
 [57]
 [57]
 [53]
 [45]
 [49]] 
------------------------ Dataset: Pno ------------------------
shape: (34, 1), dtype: uint16
Data:[[53]
 [54]
 [52]
 [52]
 [46]
 [53]
 [50]
 [54]
 [51]
 [48]
 [55]
 [57]
 [57]
 [57]
 [57]
 [57]
 [57]
 [53]
 [45]
 [48]
 [32]
 [53]
 [54]
 [52]
 [52]
 [46]
 [53]
 [50]
 [56]
 [48]
 [53]
 [54]
 [45]
 [49]] 
------------------------ Dataset: Pnp ------------------------
shape: (32, 1), dtype: uint16
Data:[[53]
 [54]
 [54]
 [48]
 [46]
 [50]
 [54]
 [57]
 [54]
 [51]
 [45]
 [48]
 [32]
 [53]
 [54]
 [54]
 [48]
 [46]
 [50]
 [55]
 [51]
 [56]
 [55]
 [48]
 [57]
 [57]
 [57]
 [57]
 [57]
 [57]
 [45]
 [49]] 
------------------------ Dataset: Pnq ------------------------
shape: (27, 1), dtype: uint16
Data:[[53]
 [54]
 [55]
 [53]
 [46]
 [57]
 [54]
 [50]
 [48]
 [52]
 [55]
 [45]
 [48]
 [32]
 [53]
 [54]
 [55]
 [53]
 [46]
 [57]
 [54]
 [57]
 [53]
 [48]
 [49]
 [45]
 [49]] 
------------------------ Dataset: Pnr ------------------------
shape: (33, 1), dtype: uint16
Data:[[53]
 [54]
 [57]
 [49]
 [46]
 [55]
 [53]
 [53]
 [52]
 [52]
 [51]
 [57]
 [57]
 [57]
 [57]
 [57]
 [57]
 [45]
 [48]
 [32]
 [53]
 [54]
 [57]
 [49]
 [46]
 [55]
 [53]
 [53]
 [51]
 [50]
 [49]
 [45]
 [49]] 
------------------------ Dataset: Pns ------------------------
shape: (41, 1), dtype: uint16
Data:[[54]
 [52]
 [49]
 [53]
 [46]
 [48]
 [51]
 [54]
 [50]
 [57]
 [51]
 [57]
 [57]
 [57]
 [57]
 [57]
 [57]
 [53]
 [45]
 [48]
 [32]
 [54]
 [52]
 [49]
 [53]
 [46]
 [48]
 [51]
 [54]
 [50]
 [53]
 [56]
 [57]
 [57]
 [57]
 [57]
 [57]
 [57]
 [53]
 [45]
 [49]] 
------------------------ Dataset: Pnt ------------------------
shape: (27, 1), dtype: uint16
Data:[[54]
 [54]
 [48]
 [55]
 [46]
 [48]
 [57]
 [56]
 [48]
 [49]
 [57]
 [45]
 [48]
 [32]
 [54]
 [54]
 [48]
 [55]
 [46]
 [48]
 [57]
 [56]
 [48]
 [49]
 [54]
 [45]
 [49]] 
------------------------ Dataset: Pnu ------------------------
shape: (33, 1), dtype: uint16
Data:[[54]
 [54]
 [50]
 [51]
 [46]
 [48]
 [53]
 [52]
 [49]
 [48]
 [55]
 [57]
 [57]
 [57]
 [57]
 [57]
 [57]
 [45]
 [48]
 [32]
 [54]
 [54]
 [50]
 [51]
 [46]
 [48]
 [53]
 [56]
 [49]
 [55]
 [50]
 [45]
 [49]] 
------------------------ Dataset: Pnv ------------------------
shape: (33, 1), dtype: uint16
Data:[[54]
 [54]
 [51]
 [56]
 [46]
 [56]
 [57]
 [56]
 [49]
 [49]
 [50]
 [45]
 [48]
 [32]
 [54]
 [54]
 [51]
 [56]
 [46]
 [56]
 [57]
 [56]
 [50]
 [51]
 [54]
 [57]
 [57]
 [57]
 [57]
 [57]
 [57]
 [45]
 [49]] 
------------------------ Dataset: Pnw ------------------------
shape: (32, 1), dtype: uint16
Data:[[54]
 [54]
 [53]
 [52]
 [46]
 [52]
 [57]
 [56]
 [48]
 [54]
 [45]
 [48]
 [32]
 [54]
 [54]
 [53]
 [52]
 [46]
 [53]
 [48]
 [50]
 [48]
 [50]
 [48]
 [57]
 [57]
 [57]
 [57]
 [57]
 [57]
 [45]
 [49]] 
------------------------ Dataset: Pnx ------------------------
shape: (34, 1), dtype: uint16
Data:[[54]
 [54]
 [55]
 [48]
 [46]
 [52]
 [48]
 [50]
 [51]
 [49]
 [52]
 [45]
 [48]
 [32]
 [54]
 [54]
 [55]
 [48]
 [46]
 [52]
 [48]
 [54]
 [51]
 [54]
 [51]
 [57]
 [57]
 [57]
 [57]
 [57]
 [57]
 [53]
 [45]
 [49]] 
------------------------ Dataset: Pny ------------------------
shape: (33, 1), dtype: uint16
Data:[[54]
 [54]
 [56]
 [54]
 [46]
 [51]
 [49]
 [52]
 [54]
 [57]
 [50]
 [45]
 [48]
 [32]
 [54]
 [54]
 [56]
 [54]
 [46]
 [51]
 [49]
 [48]
 [53]
 [48]
 [54]
 [57]
 [57]
 [57]
 [57]
 [57]
 [57]
 [45]
 [49]] 
------------------------ Dataset: Pnz ------------------------
shape: (27, 1), dtype: uint16
Data:[[53]
 [57]
 [48]
 [52]
 [46]
 [50]
 [50]
 [57]
 [54]
 [56]
 [49]
 [45]
 [48]
 [32]
 [53]
 [57]
 [48]
 [52]
 [46]
 [50]
 [50]
 [53]
 [55]
 [54]
 [55]
 [45]
 [49]] 
------------------------ Dataset: Po ------------------------
