shape: (1, 6), dtype: uint32
Data:[[3707764736          2          1          1        690          1]] 
------------------------ Dataset: Alb ------------------------
shape: (27, 1), dtype: uint16
Data:[[54]
 [55]
 [54]
 [55]
 [46]
 [52]
 [50]
 [52]
 [49]
 [54]
 [49]
 [45]
 [48]
 [32]
 [54]
 [55]
 [54]
 [55]
 [46]
 [52]
 [50]
 [52]
 [49]
 [53]
 [54]
 [45]
 [49]] 
------------------------ Dataset: Alc ------------------------
shape: (32, 1), dtype: uint16
Data:[[54]
 [50]
 [56]
 [48]
 [46]
 [50]
 [49]
 [51]
 [57]
 [45]
 [48]
 [32]
 [54]
 [50]
 [56]
 [48]
 [46]
 [50]
 [48]
 [57]
 [57]
 [51]
 [51]
 [57]
 [57]
 [57]
 [57]
 [57]
 [57]
 [53]
 [45]
 [49]] 
------------------------ Dataset: Ald ------------------------
shape: (13, 1), dtype: uint16
Data:[[54]
 [50]
 [57]
 [53]
 [46]
 [57]
 [56]
 [57]
 [57]
 [53]
 [52]
 [45]
 [48]] 
------------------------ Dataset: Ale ------------------------
shape: (33, 1), dtype: uint16
Data:[[54]
 [51]
 [49]
 [49]
 [46]
 [56]
 [50]
 [57]
 [56]
 [56]
 [53]
 [57]
 [57]
 [57]
 [57]
 [57]
 [57]
 [53]
 [45]
 [48]
 [32]
 [54]
 [51]
 [49]
 [49]
 [46]
 [56]
 [51]
 [51]
 [56]
 [57]
 [45]
 [49]] 
------------------------ Dataset: Alf ------------------------
shape: (33, 1), dtype: uint16
Data:[[54]
 [51]
 [50]
 [55]
 [46]
 [55]
 [48]
 [49]
 [56]
 [56]
 [57]
 [57]
 [57]
 [57]
 [57]
 [57]
 [57]
 [45]
 [48]
 [32]
 [54]
 [51]
 [50]
 [55]
 [46]
 [55]
 [48]
 [53]
 [57]
 [53]
 [51]
 [45]
 [49]] 
------------------------ Dataset: Alg ------------------------
shape: (34, 1), dtype: uint16
Data:[[54]
 [51]
 [52]
 [51]
 [46]
 [53]
 [50]
 [54]
 [49]
 [49]
 [57]
 [57]
 [57]
 [57]
 [57]
 [57]
 [57]
 [53]
 [45]
 [48]
 [32]
 [54]
 [51]
 [52]
 [51]
 [46]
 [53]
 [51]
 [48]
 [48]
 [50]
 [52]
 [45]
 [49]] 
------------------------ Dataset: Alh ------------------------
shape: (27, 1), dtype: uint16
Data:[[54]
 [53]
 [48]
 [56]
 [46]
 [54]
 [48]
 [50]
 [48]
 [51]
 [51]
 [45]
 [48]
 [32]
 [54]
 [53]
 [48]
 [56]
 [46]
 [54]
 [48]
 [53]
 [57]
 [55]
 [56]
 [45]
 [49]] 
------------------------ Dataset: Ali ------------------------
shape: (33, 1), dtype: uint16
Data:[[54]
 [53]
 [50]
 [52]
 [46]
 [52]
 [50]
 [54]
 [48]
 [51]
 [52]
 [45]
 [48]
 [32]
 [54]
 [53]
 [50]
 [52]
 [46]
 [52]
 [51]
 [48]
 [48]
 [48]
 [52]
 [57]
 [57]
 [57]
 [57]
 [57]
 [57]
 [45]
 [49]] 
------------------------ Dataset: Alj ------------------------
shape: (33, 1), dtype: uint16
Data:[[54]
 [48]
 [50]
 [48]
 [46]
 [48]
 [48]
 [49]
 [55]
 [50]
 [50]
 [57]
 [57]
 [57]
 [57]
 [57]
 [57]
 [45]
 [48]
 [32]
 [54]
 [48]
 [49]
 [57]
 [46]
 [57]
 [57]
 [51]
 [55]
 [53]
 [57]
 [45]
 [49]] 
------------------------ Dataset: Alk ------------------------
shape: (40, 1), dtype: uint16
Data:[[54]
 [48]
 [51]
 [53]
 [46]
 [56]
 [49]
 [55]
 [55]
 [52]
 [55]
 [57]
 [57]
 [57]
 [57]
 [57]
 [57]
 [53]
 [45]
 [48]
 [32]
 [54]
 [48]
 [51]
 [53]
 [46]
 [56]
 [50]
 [49]
 [55]
 [54]
 [51]
 [57]
 [57]
 [57]
 [57]
 [57]
 [57]
 [45]
 [49]] 
------------------------ Dataset: All ------------------------
shape: (33, 1), dtype: uint16
Data:[[54]
 [48]
 [53]
 [49]
 [46]
 [52]
 [50]
 [54]
 [54]
 [55]
 [51]
 [45]
 [48]
 [32]
 [54]
 [48]
 [53]
 [49]
 [46]
 [52]
 [51]
 [48]
 [50]
 [52]
 [54]
 [57]
 [57]
 [57]
 [57]
 [57]
 [57]
 [45]
 [49]] 
------------------------ Dataset: Alm ------------------------
shape: (26, 1), dtype: uint16
Data:[[54]
 [48]
 [54]
 [55]
 [46]
 [51]
 [51]
 [48]
 [53]
 [54]
 [57]
 [45]
 [48]
 [32]
 [54]
 [48]
 [54]
 [55]
 [46]
 [51]
 [51]
 [53]
 [55]
 [54]
 [45]
 [49]] 
------------------------ Dataset: Aln ------------------------
shape: (39, 1), dtype: uint16
Data:[[54]
 [48]
 [56]
 [51]
 [46]
 [50]
 [55]
 [51]
 [56]
 [55]
 [48]
 [57]
 [57]
 [57]
 [57]
 [57]
 [57]
 [45]
 [48]
 [32]
 [54]
 [48]
 [56]
 [51]
 [46]
 [50]
 [55]
 [55]
 [55]
 [57]
 [53]
 [57]
 [57]
 [57]
 [57]
 [57]
 [57]
 [45]
 [49]] 
------------------------ Dataset: Alo ------------------------
shape: (33, 1), dtype: uint16
Data:[[53]
 [54]
 [52]
 [51]
 [46]
 [57]
 [53]
 [49]
 [55]
 [51]
 [54]
 [45]
 [48]
 [32]
 [53]
 [54]
 [52]
 [51]
 [46]
 [57]
 [53]
 [50]
 [48]
 [49]
 [48]
 [57]
 [57]
 [57]
 [57]
 [57]
 [57]
 [45]
 [49]] 
------------------------ Dataset: Alp ------------------------
shape: (27, 1), dtype: uint16
Data:[[53]
 [54]
 [53]
 [57]
 [46]
 [54]
 [57]
 [55]
 [55]
 [52]
 [54]
 [45]
 [48]
 [32]
 [53]
 [54]
 [53]
 [57]
 [46]
 [55]
 [48]
 [50]
 [52]
 [48]
 [49]
 [45]
 [49]] 
------------------------ Dataset: Alq ------------------------
shape: (27, 1), dtype: uint16
Data:[[53]
 [54]
 [55]
 [53]
 [46]
 [52]
 [48]
 [53]
 [55]
 [50]
 [49]
 [45]
 [48]
 [32]
 [53]
 [54]
 [55]
 [53]
 [46]
 [52]
 [48]
 [49]
 [54]
 [55]
 [52]
 [45]
 [49]] 
------------------------ Dataset: Alr ------------------------
shape: (27, 1), dtype: uint16
Data:[[53]
 [54]
 [57]
 [49]
 [46]
 [49]
 [57]
 [55]
 [53]
 [55]
 [55]
 [45]
 [48]
 [32]
 [53]
 [54]
 [57]
 [49]
 [46]
 [49]
 [57]
 [48]
 [54]
 [49]
 [56]
 [45]
 [49]] 
------------------------ Dataset: Als ------------------------
shape: (27, 1), dtype: uint16
Data:[[54]
 [52]
 [49]
 [52]
 [46]
 [52]
 [53]
 [48]
 [56]
 [53]
 [49]
 [45]
 [48]
 [32]
 [54]
 [52]
 [49]
 [52]
 [46]
 [52]
 [53]
 [52]
 [52]
 [53]
 [49]
 [45]
 [49]] 
------------------------ Dataset: Alt ------------------------
shape: (27, 1), dtype: uint16
Data:[[54]
 [54]
 [48]
 [54]
 [46]
 [53]
 [51]
 [52]
 [51]
 [55]
 [49]
 [45]
 [48]
 [32]
 [54]
 [54]
 [48]
 [54]
 [46]
 [53]
 [51]
 [48]
 [49]
 [52]
 [53]
 [45]
 [49]] 
------------------------ Dataset: Alu ------------------------
shape: (27, 1), dtype: uint16
Data:[[54]
 [54]
 [50]
 [50]
 [46]
 [52]
 [56]
 [56]
 [57]
 [50]
 [50]
 [45]
 [48]
 [32]
 [54]
 [54]
 [50]
 [50]
 [46]
 [52]
 [57]
 [50]
 [51]
 [53]
 [51]
 [45]
 [49]] 
------------------------ Dataset: Alv ------------------------
shape: (27, 1), dtype: uint16
Data:[[54]
 [54]
 [51]
 [56]
 [46]
 [51]
 [52]
 [50]
 [55]
 [54]
 [52]
 [45]
 [48]
 [32]
 [54]
 [54]
 [51]
 [56]
 [46]
 [51]
 [52]
 [50]
 [55]
 [54]
 [52]
 [45]
 [49]] 
------------------------ Dataset: Alw ------------------------
shape: (27, 1), dtype: uint16
Data:[[54]
 [54]
 [53]
 [51]
 [46]
 [57]
 [50]
 [54]
 [49]
 [50]
 [56]
 [45]
 [48]
 [32]
 [54]
 [54]
 [53]
 [51]
 [46]
 [57]
 [51]
 [48]
 [50]
 [49]
 [49]
 [45]
 [49]] 
------------------------ Dataset: Alx ------------------------
shape: (33, 1), dtype: uint16
Data:[[54]
 [54]
 [54]
 [57]
 [46]
 [56]
 [49]
 [52]
 [48]
 [53]
 [56]
 [45]
 [48]
 [32]
 [54]
 [54]
 [54]
 [57]
 [46]
 [56]
 [49]
 [48]
 [51]
 [50]
 [54]
 [57]
 [57]
 [57]
 [57]
 [57]
 [57]
 [45]
 [49]] 
------------------------ Dataset: Aly ------------------------
shape: (13, 1), dtype: uint16
Data:[[54]
 [54]
 [56]
 [53]
 [46]
 [55]
 [52]
 [50]
 [48]
 [50]
 [54]
 [45]
 [48]] 
------------------------ Dataset: Alz ------------------------
shape: (13, 1), dtype: uint16
Data:[[53]
 [57]
 [48]
 [51]
 [46]
 [54]
 [53]
 [56]
 [48]
 [55]
 [49]
 [45]
 [48]] 
------------------------ Dataset: Am ------------------------
