shape: (1, 6), dtype: uint32
Data:[[3707764736          2          1          1       1316          1]] 
------------------------ Dataset: Vvb ------------------------
shape: (33, 1), dtype: uint16
Data:[[54]
 [55]
 [55]
 [48]
 [46]
 [48]
 [55]
 [50]
 [56]
 [48]
 [48]
 [57]
 [57]
 [57]
 [57]
 [57]
 [57]
 [45]
 [48]
 [32]
 [54]
 [55]
 [55]
 [48]
 [46]
 [48]
 [55]
 [53]
 [49]
 [55]
 [53]
 [45]
 [49]] 
------------------------ Dataset: Vvc ------------------------
shape: (40, 1), dtype: uint16
Data:[[54]
 [50]
 [56]
 [50]
 [46]
 [56]
 [53]
 [52]
 [51]
 [51]
 [53]
 [57]
 [57]
 [57]
 [57]
 [57]
 [57]
 [45]
 [48]
 [32]
 [54]
 [50]
 [56]
 [50]
 [46]
 [56]
 [53]
 [49]
 [55]
 [52]
 [56]
 [57]
 [57]
 [57]
 [57]
 [57]
 [57]
 [53]
 [45]
 [49]] 
------------------------ Dataset: Vvd ------------------------
shape: (33, 1), dtype: uint16
Data:[[54]
 [50]
 [57]
 [56]
 [46]
 [54]
 [49]
 [49]
 [49]
 [50]
 [54]
 [45]
 [48]
 [32]
 [54]
 [50]
 [57]
 [56]
 [46]
 [54]
 [49]
 [49]
 [50]
 [56]
 [53]
 [57]
 [57]
 [57]
 [57]
 [57]
 [57]
 [45]
 [49]] 
------------------------ Dataset: Vve ------------------------
shape: (32, 1), dtype: uint16
Data:[[54]
 [51]
 [49]
 [52]
 [46]
 [52]
 [57]
 [56]
 [55]
 [49]
 [51]
 [57]
 [57]
 [57]
 [57]
 [57]
 [57]
 [45]
 [48]
 [32]
 [54]
 [51]
 [49]
 [52]
 [46]
 [52]
 [56]
 [57]
 [56]
 [53]
 [45]
 [49]] 
------------------------ Dataset: Vvf ------------------------
shape: (27, 1), dtype: uint16
Data:[[54]
 [51]
 [51]
 [48]
 [46]
 [51]
 [50]
 [54]
 [48]
 [57]
 [57]
 [45]
 [48]
 [32]
 [54]
 [51]
 [51]
 [48]
 [46]
 [51]
 [50]
 [54]
 [48]
 [53]
 [51]
 [45]
 [49]] 
------------------------ Dataset: Vvg ------------------------
shape: (34, 1), dtype: uint16
Data:[[54]
 [51]
 [52]
 [54]
 [46]
 [49]
 [53]
 [51]
 [57]
 [55]
 [55]
 [45]
 [48]
 [32]
 [54]
 [51]
 [52]
 [54]
 [46]
 [49]
 [53]
 [55]
 [57]
 [56]
 [51]
 [57]
 [57]
 [57]
 [57]
 [57]
 [57]
 [53]
 [45]
 [49]] 
------------------------ Dataset: Vvh ------------------------
shape: (27, 1), dtype: uint16
Data:[[54]
 [53]
 [49]
 [49]
 [46]
 [50]
 [51]
 [48]
 [48]
 [52]
 [49]
 [45]
 [48]
 [32]
 [54]
 [53]
 [49]
 [49]
 [46]
 [50]
 [50]
 [54]
 [48]
 [57]
 [52]
 [45]
 [49]] 
------------------------ Dataset: Vvi ------------------------
shape: (33, 1), dtype: uint16
Data:[[54]
 [53]
 [50]
 [55]
 [46]
 [48]
 [56]
 [48]
 [50]
 [56]
 [53]
 [57]
 [57]
 [57]
 [57]
 [57]
 [57]
 [45]
 [48]
 [32]
 [54]
 [53]
 [50]
 [55]
 [46]
 [48]
 [55]
 [52]
 [48]
 [49]
 [52]
 [45]
 [49]] 
------------------------ Dataset: Vvj ------------------------
shape: (33, 1), dtype: uint16
Data:[[54]
 [48]
 [50]
 [50]
 [46]
 [54]
 [52]
 [57]
 [55]
 [52]
 [56]
 [45]
 [48]
 [32]
 [54]
 [48]
 [50]
 [50]
 [46]
 [54]
 [53]
 [51]
 [55]
 [56]
 [57]
 [57]
 [57]
 [57]
 [57]
 [57]
 [57]
 [45]
 [49]] 
------------------------ Dataset: Vvk ------------------------
shape: (33, 1), dtype: uint16
Data:[[54]
 [48]
 [51]
 [56]
 [46]
 [52]
 [50]
 [55]
 [54]
 [51]
 [53]
 [57]
 [57]
 [57]
 [57]
 [57]
 [57]
 [45]
 [48]
 [32]
 [54]
 [48]
 [51]
 [56]
 [46]
 [52]
 [50]
 [55]
 [52]
 [51]
 [57]
 [45]
 [49]] 
------------------------ Dataset: Vvl ------------------------
shape: (34, 1), dtype: uint16
Data:[[54]
 [48]
 [53]
 [52]
 [46]
 [48]
 [54]
 [57]
 [55]
 [49]
 [53]
 [45]
 [48]
 [32]
 [54]
 [48]
 [53]
 [52]
 [46]
 [48]
 [55]
 [51]
 [55]
 [55]
 [51]
 [57]
 [57]
 [57]
 [57]
 [57]
 [57]
 [53]
 [45]
 [49]] 
------------------------ Dataset: Vvm ------------------------
shape: (27, 1), dtype: uint16
Data:[[54]
 [48]
 [54]
 [57]
 [46]
 [57]
 [56]
 [49]
 [56]
 [50]
 [56]
 [45]
 [48]
 [32]
 [54]
 [48]
 [54]
 [57]
 [46]
 [57]
 [55]
 [55]
 [56]
 [55]
 [54]
 [45]
 [49]] 
------------------------ Dataset: Vvn ------------------------
shape: (14, 1), dtype: uint16
Data:[[103]
 [ 97]
 [122]
 [101]
 [ 95]
 [110]
 [111]
 [114]
 [109]
 [ 97]
 [108]
 [ 48]
 [ 95]
 [121]] 
------------------------ Dataset: Vvo ------------------------
shape: (27, 1), dtype: uint16
Data:[[53]
 [54]
 [52]
 [54]
 [46]
 [53]
 [55]
 [50]
 [57]
 [48]
 [55]
 [45]
 [48]
 [32]
 [53]
 [54]
 [52]
 [54]
 [46]
 [53]
 [54]
 [56]
 [54]
 [57]
 [53]
 [45]
 [49]] 
------------------------ Dataset: Vvp ------------------------
shape: (26, 1), dtype: uint16
Data:[[53]
 [54]
 [54]
 [50]
 [46]
 [51]
 [48]
 [50]
 [51]
 [57]
 [53]
 [45]
 [48]
 [32]
 [53]
 [54]
 [54]
 [50]
 [46]
 [51]
 [48]
 [53]
 [54]
 [50]
 [45]
 [49]] 
------------------------ Dataset: Vvq ------------------------
shape: (33, 1), dtype: uint16
Data:[[53]
 [54]
 [55]
 [56]
 [46]
 [48]
 [50]
 [49]
 [53]
 [55]
 [51]
 [57]
 [57]
 [57]
 [57]
 [57]
 [57]
 [45]
 [48]
 [32]
 [53]
 [54]
 [55]
 [56]
 [46]
 [48]
 [50]
 [53]
 [54]
 [55]
 [55]
 [45]
 [49]] 
------------------------ Dataset: Vvr ------------------------
shape: (27, 1), dtype: uint16
Data:[[53]
 [54]
 [57]
 [51]
 [46]
 [55]
 [56]
 [57]
 [53]
 [56]
 [51]
 [45]
 [48]
 [32]
 [53]
 [54]
 [57]
 [51]
 [46]
 [55]
 [56]
 [53]
 [53]
 [53]
 [56]
 [45]
 [49]] 
------------------------ Dataset: Vvs ------------------------
shape: (33, 1), dtype: uint16
Data:[[54]
 [52]
 [49]
 [55]
 [46]
 [49]
 [48]
 [54]
 [48]
 [49]
 [49]
 [57]
 [57]
 [57]
 [57]
 [57]
 [57]
 [45]
 [48]
 [32]
 [54]
 [52]
 [49]
 [55]
 [46]
 [49]
 [49]
 [48]
 [48]
 [49]
 [54]
 [45]
 [49]] 
------------------------ Dataset: Vvt ------------------------
shape: (33, 1), dtype: uint16
Data:[[54]
 [54]
 [48]
 [57]
 [46]
 [49]
 [56]
 [57]
 [57]
 [53]
 [56]
 [57]
 [57]
 [57]
 [57]
 [57]
 [57]
 [45]
 [48]
 [32]
 [54]
 [54]
 [48]
 [57]
 [46]
 [49]
 [57]
 [52]
 [48]
 [48]
 [54]
 [45]
 [49]] 
------------------------ Dataset: Vvu ------------------------
shape: (33, 1), dtype: uint16
Data:[[54]
 [54]
 [50]
 [53]
 [46]
 [49]
 [49]
 [57]
 [51]
 [54]
 [54]
 [45]
 [48]
 [32]
 [54]
 [54]
 [50]
 [53]
 [46]
 [49]
 [51]
 [50]
 [48]
 [54]
 [56]
 [57]
 [57]
 [57]
 [57]
 [57]
 [57]
 [45]
 [49]] 
------------------------ Dataset: Vvv ------------------------
shape: (27, 1), dtype: uint16
Data:[[54]
 [54]
 [52]
 [48]
 [46]
 [57]
 [50]
 [54]
 [51]
 [51]
 [52]
 [45]
 [48]
 [32]
 [54]
 [54]
 [52]
 [48]
 [46]
 [57]
 [50]
 [51]
 [52]
 [56]
 [52]
 [45]
 [49]] 
------------------------ Dataset: Vvw ------------------------
shape: (27, 1), dtype: uint16
Data:[[54]
 [54]
 [53]
 [54]
 [46]
 [53]
 [54]
 [50]
 [49]
 [51]
 [53]
 [45]
 [48]
 [32]
 [54]
 [54]
 [53]
 [54]
 [46]
 [53]
 [53]
 [56]
 [51]
 [53]
 [55]
 [45]
 [49]] 
------------------------ Dataset: Vvx ------------------------
shape: (33, 1), dtype: uint16
Data:[[54]
 [54]
 [55]
 [50]
 [46]
 [52]
 [54]
 [56]
 [49]
 [51]
 [55]
 [45]
 [48]
 [32]
 [54]
 [54]
 [55]
 [50]
 [46]
 [52]
 [54]
 [51]
 [50]
 [57]
 [51]
 [57]
 [57]
 [57]
 [57]
 [57]
 [57]
 [45]
 [49]] 
------------------------ Dataset: Vvy ------------------------
shape: (26, 1), dtype: uint16
Data:[[54]
 [54]
 [56]
 [56]
 [46]
 [51]
 [55]
 [48]
 [48]
 [52]
 [53]
 [45]
 [48]
 [32]
 [54]
 [54]
 [56]
 [56]
 [46]
 [51]
 [55]
 [52]
 [50]
 [53]
 [45]
 [49]] 
------------------------ Dataset: Vvz ------------------------
shape: (27, 1), dtype: uint16
Data:[[53]
 [57]
 [48]
 [54]
 [46]
 [50]
 [55]
 [50]
 [48]
 [51]
 [50]
 [45]
 [48]
 [32]
 [53]
 [57]
 [48]
 [54]
 [46]
 [50]
 [55]
 [52]
 [48]
 [55]
 [55]
 [45]
 [49]] 
------------------------ Dataset: Vw ------------------------
