shape: (1, 6), dtype: uint32
Data:[[3707764736          2          1          1       1660          1]] 
------------------------ Dataset: CBb ------------------------
shape: (27, 1), dtype: uint16
Data:[[54]
 [55]
 [55]
 [49]
 [46]
 [53]
 [49]
 [52]
 [57]
 [54]
 [54]
 [45]
 [48]
 [32]
 [54]
 [55]
 [55]
 [49]
 [46]
 [53]
 [49]
 [48]
 [49]
 [50]
 [53]
 [45]
 [49]] 
------------------------ Dataset: CBc ------------------------
shape: (33, 1), dtype: uint16
Data:[[54]
 [50]
 [56]
 [52]
 [46]
 [50]
 [57]
 [57]
 [54]
 [50]
 [45]
 [48]
 [32]
 [54]
 [50]
 [56]
 [52]
 [46]
 [50]
 [57]
 [56]
 [55]
 [49]
 [48]
 [57]
 [57]
 [57]
 [57]
 [57]
 [57]
 [53]
 [45]
 [49]] 
------------------------ Dataset: CBd ------------------------
shape: (19, 1), dtype: uint16
Data:[[54]
 [51]
 [48]
 [48]
 [46]
 [48]
 [53]
 [55]
 [57]
 [51]
 [48]
 [57]
 [57]
 [57]
 [57]
 [57]
 [57]
 [45]
 [48]] 
------------------------ Dataset: CBe ------------------------
shape: (26, 1), dtype: uint16
Data:[[54]
 [51]
 [49]
 [53]
 [46]
 [57]
 [51]
 [56]
 [48]
 [49]
 [45]
 [48]
 [32]
 [54]
 [51]
 [49]
 [53]
 [46]
 [57]
 [52]
 [49]
 [57]
 [57]
 [57]
 [45]
 [49]] 
------------------------ Dataset: CBf ------------------------
shape: (33, 1), dtype: uint16
Data:[[54]
 [51]
 [51]
 [49]
 [46]
 [55]
 [54]
 [55]
 [55]
 [51]
 [57]
 [45]
 [48]
 [32]
 [54]
 [51]
 [51]
 [49]
 [46]
 [55]
 [54]
 [55]
 [55]
 [51]
 [52]
 [57]
 [57]
 [57]
 [57]
 [57]
 [57]
 [45]
 [49]] 
------------------------ Dataset: CBg ------------------------
shape: (34, 1), dtype: uint16
Data:[[54]
 [52]
 [57]
 [54]
 [46]
 [57]
 [50]
 [54]
 [51]
 [54]
 [51]
 [45]
 [48]
 [32]
 [54]
 [52]
 [57]
 [54]
 [46]
 [57]
 [50]
 [50]
 [48]
 [49]
 [53]
 [57]
 [57]
 [57]
 [57]
 [57]
 [57]
 [53]
 [45]
 [49]] 
------------------------ Dataset: CBh ------------------------
shape: (13, 1), dtype: uint16
Data:[[54]
 [53]
 [49]
 [50]
 [46]
 [54]
 [57]
 [56]
 [54]
 [48]
 [54]
 [45]
 [49]] 
------------------------ Dataset: CBi ------------------------
shape: (27, 1), dtype: uint16
Data:[[54]
 [53]
 [50]
 [56]
 [46]
 [53]
 [50]
 [50]
 [49]
 [48]
 [53]
 [45]
 [48]
 [32]
 [54]
 [53]
 [50]
 [56]
 [46]
 [53]
 [49]
 [56]
 [49]
 [53]
 [53]
 [45]
 [49]] 
------------------------ Dataset: CBj ------------------------
shape: (39, 1), dtype: uint16
Data:[[54]
 [48]
 [50]
 [52]
 [46]
 [48]
 [57]
 [51]
 [56]
 [50]
 [53]
 [57]
 [57]
 [57]
 [57]
 [57]
 [57]
 [45]
 [48]
 [32]
 [54]
 [48]
 [50]
 [52]
 [46]
 [48]
 [56]
 [57]
 [57]
 [55]
 [48]
 [57]
 [57]
 [57]
 [57]
 [57]
 [57]
 [45]
 [49]] 
------------------------ Dataset: CBk ------------------------
shape: (33, 1), dtype: uint16
Data:[[54]
 [48]
 [51]
 [57]
 [46]
 [56]
 [52]
 [53]
 [55]
 [55]
 [51]
 [45]
 [48]
 [32]
 [54]
 [48]
 [51]
 [57]
 [46]
 [56]
 [53]
 [53]
 [54]
 [55]
 [53]
 [57]
 [57]
 [57]
 [57]
 [57]
 [57]
 [45]
 [49]] 
------------------------ Dataset: CBl ------------------------
shape: (27, 1), dtype: uint16
Data:[[54]
 [48]
 [53]
 [53]
 [46]
 [53]
 [49]
 [53]
 [50]
 [51]
 [50]
 [45]
 [48]
 [32]
 [54]
 [48]
 [53]
 [53]
 [46]
 [53]
 [49]
 [53]
 [50]
 [50]
 [52]
 [45]
 [49]] 
------------------------ Dataset: CBm ------------------------
shape: (27, 1), dtype: uint16
Data:[[54]
 [48]
 [55]
 [49]
 [46]
 [52]
 [52]
 [57]
 [55]
 [53]
 [49]
 [45]
 [48]
 [32]
 [54]
 [48]
 [55]
 [49]
 [46]
 [52]
 [52]
 [57]
 [55]
 [53]
 [53]
 [45]
 [49]] 
------------------------ Dataset: CBn ------------------------
shape: (27, 1), dtype: uint16
Data:[[53]
 [54]
 [51]
 [50]
 [46]
 [51]
 [49]
 [55]
 [53]
 [49]
 [56]
 [45]
 [48]
 [32]
 [53]
 [54]
 [51]
 [50]
 [46]
 [51]
 [50]
 [49]
 [54]
 [49]
 [50]
 [45]
 [49]] 
------------------------ Dataset: CBo ------------------------
shape: (33, 1), dtype: uint16
Data:[[53]
 [54]
 [52]
 [56]
 [46]
 [48]
 [48]
 [53]
 [55]
 [49]
 [55]
 [57]
 [57]
 [57]
 [57]
 [57]
 [57]
 [45]
 [48]
 [32]
 [53]
 [54]
 [52]
 [56]
 [46]
 [48]
 [48]
 [57]
 [53]
 [53]
 [51]
 [45]
 [49]] 
------------------------ Dataset: CBp ------------------------
shape: (33, 1), dtype: uint16
Data:[[53]
 [54]
 [54]
 [51]
 [46]
 [55]
 [51]
 [55]
 [54]
 [50]
 [48]
 [57]
 [57]
 [57]
 [57]
 [57]
 [57]
 [45]
 [48]
 [32]
 [53]
 [54]
 [54]
 [51]
 [46]
 [55]
 [52]
 [49]
 [53]
 [51]
 [55]
 [45]
 [49]] 
------------------------ Dataset: CBq ------------------------
shape: (33, 1), dtype: uint16
Data:[[53]
 [54]
 [55]
 [57]
 [46]
 [52]
 [56]
 [49]
 [56]
 [50]
 [56]
 [57]
 [57]
 [57]
 [57]
 [57]
 [57]
 [45]
 [48]
 [32]
 [53]
 [54]
 [55]
 [57]
 [46]
 [52]
 [56]
 [53]
 [53]
 [55]
 [54]
 [45]
 [49]] 
------------------------ Dataset: CBr ------------------------
shape: (34, 1), dtype: uint16
Data:[[53]
 [56]
 [48]
 [53]
 [46]
 [55]
 [57]
 [48]
 [50]
 [51]
 [51]
 [45]
 [48]
 [32]
 [53]
 [56]
 [48]
 [53]
 [46]
 [55]
 [57]
 [48]
 [52]
 [50]
 [50]
 [57]
 [57]
 [57]
 [57]
 [57]
 [57]
 [53]
 [45]
 [49]] 
------------------------ Dataset: CBs ------------------------
shape: (27, 1), dtype: uint16
Data:[[54]
 [52]
 [49]
 [56]
 [46]
 [53]
 [53]
 [53]
 [49]
 [49]
 [57]
 [45]
 [48]
 [32]
 [54]
 [52]
 [49]
 [56]
 [46]
 [53]
 [53]
 [52]
 [50]
 [51]
 [56]
 [45]
 [49]] 
------------------------ Dataset: CBt ------------------------
shape: (39, 1), dtype: uint16
Data:[[54]
 [54]
 [49]
 [48]
 [46]
 [54]
 [51]
 [52]
 [48]
 [54]
 [52]
 [57]
 [57]
 [57]
 [57]
 [57]
 [57]
 [45]
 [48]
 [32]
 [54]
 [54]
 [49]
 [48]
 [46]
 [54]
 [51]
 [48]
 [48]
 [54]
 [57]
 [57]
 [57]
 [57]
 [57]
 [57]
 [57]
 [45]
 [49]] 
------------------------ Dataset: CBu ------------------------
shape: (33, 1), dtype: uint16
Data:[[54]
 [54]
 [50]
 [54]
 [46]
 [53]
 [55]
 [48]
 [50]
 [57]
 [49]
 [57]
 [57]
 [57]
 [57]
 [57]
 [57]
 [45]
 [48]
 [32]
 [54]
 [54]
 [50]
 [54]
 [46]
 [53]
 [54]
 [57]
 [57]
 [55]
 [57]
 [45]
 [49]] 
------------------------ Dataset: CBv ------------------------
shape: (27, 1), dtype: uint16
Data:[[54]
 [54]
 [52]
 [50]
 [46]
 [51]
 [52]
 [54]
 [50]
 [54]
 [54]
 [45]
 [48]
 [32]
 [54]
 [54]
 [52]
 [50]
 [46]
 [51]
 [53]
 [48]
 [50]
 [49]
 [51]
 [45]
 [49]] 
------------------------ Dataset: CBw ------------------------
shape: (34, 1), dtype: uint16
Data:[[54]
 [54]
 [53]
 [56]
 [46]
 [48]
 [53]
 [52]
 [48]
 [48]
 [48]
 [57]
 [57]
 [57]
 [57]
 [57]
 [57]
 [53]
 [45]
 [48]
 [32]
 [54]
 [54]
 [53]
 [56]
 [46]
 [48]
 [53]
 [52]
 [48]
 [49]
 [56]
 [45]
 [49]] 
------------------------ Dataset: CBx ------------------------
shape: (33, 1), dtype: uint16
Data:[[54]
 [54]
 [55]
 [51]
 [46]
 [57]
 [50]
 [54]
 [49]
 [55]
 [51]
 [57]
 [57]
 [57]
 [57]
 [57]
 [57]
 [45]
 [48]
 [32]
 [54]
 [54]
 [55]
 [51]
 [46]
 [57]
 [51]
 [48]
 [49]
 [52]
 [51]
 [45]
 [49]] 
------------------------ Dataset: CBy ------------------------
shape: (27, 1), dtype: uint16
Data:[[54]
 [54]
 [56]
 [57]
 [46]
 [56]
 [52]
 [54]
 [48]
 [56]
 [50]
 [45]
 [48]
 [32]
 [54]
 [54]
 [56]
 [57]
 [46]
 [56]
 [52]
 [54]
 [48]
 [56]
 [50]
 [45]
 [49]] 
------------------------ Dataset: CBz ------------------------
shape: (33, 1), dtype: uint16
Data:[[53]
 [57]
 [48]
 [55]
 [46]
 [55]
 [52]
 [53]
 [54]
 [56]
 [48]
 [57]
 [57]
 [57]
 [57]
 [57]
 [57]
 [45]
 [48]
 [32]
 [53]
 [57]
 [48]
 [55]
 [46]
 [55]
 [52]
 [50]
 [54]
 [51]
 [51]
 [45]
 [49]] 
------------------------ Dataset: CCb ------------------------
shape: (33, 1), dtype: uint16
Data:[[54]
 [55]
 [55]
 [49]
 [46]
 [55]
 [55]
 [53]
 [51]
 [49]
 [48]
 [57]
 [57]
 [57]
 [57]
 [57]
 [57]
 [45]
 [48]
 [32]
 [54]
 [55]
 [55]
 [49]
 [46]
 [55]
 [55]
 [48]
 [57]
 [51]
 [54]
 [45]
 [49]] 
------------------------ Dataset: CCc ------------------------
shape: (26, 1), dtype: uint16
Data:[[54]
 [50]
 [56]
 [52]
 [46]
 [53]
 [52]
 [55]
 [48]
 [54]
 [45]
 [48]
 [32]
 [54]
 [50]
 [56]
 [52]
 [46]
 [53]
 [52]
 [55]
 [49]
 [48]
 [51]
 [45]
 [49]] 
------------------------ Dataset: CCd ------------------------
shape: (33, 1), dtype: uint16
Data:[[54]
 [51]
 [48]
 [48]
 [46]
 [51]
 [51]
 [48]
 [51]
 [56]
 [52]
 [57]
 [57]
 [57]
 [57]
 [57]
 [57]
 [45]
 [48]
 [32]
 [54]
 [51]
 [48]
 [48]
 [46]
 [51]
 [51]
 [52]
 [52]
 [50]
 [53]
 [45]
 [49]] 
------------------------ Dataset: CCe ------------------------
shape: (26, 1), dtype: uint16
Data:[[54]
 [51]
 [49]
 [54]
 [46]
 [49]
 [56]
 [53]
 [57]
 [53]
 [52]
 [45]
 [48]
 [32]
 [54]
 [51]
 [49]
 [54]
 [46]
 [49]
 [57]
 [53]
 [55]
 [49]
 [45]
 [49]] 
------------------------ Dataset: CCf ------------------------
shape: (33, 1), dtype: uint16
Data:[[54]
 [51]
 [51]
 [50]
 [46]
 [48]
 [50]
 [53]
 [48]
 [55]
 [49]
 [45]
 [48]
 [32]
 [54]
 [51]
 [51]
 [50]
 [46]
 [48]
 [50]
 [48]
 [56]
 [54]
 [54]
 [57]
 [57]
 [57]
 [57]
 [57]
 [57]
 [45]
 [49]] 
------------------------ Dataset: CCg ------------------------
shape: (27, 1), dtype: uint16
Data:[[54]
 [52]
 [57]
 [55]
 [46]
 [49]
 [55]
 [52]
 [51]
 [57]
 [56]
 [45]
 [48]
 [32]
 [54]
 [52]
 [57]
 [55]
 [46]
 [49]
 [55]
 [51]
 [49]
 [53]
 [54]
 [45]
 [49]] 
------------------------ Dataset: CCh ------------------------
shape: (27, 1), dtype: uint16
Data:[[54]
 [53]
 [49]
 [50]
 [46]
 [57]
 [53]
 [48]
 [50]
 [57]
 [53]
 [45]
 [48]
 [32]
 [54]
 [53]
 [49]
 [50]
 [46]
 [57]
 [53]
 [52]
 [48]
 [52]
 [54]
 [45]
 [49]] 
------------------------ Dataset: CCi ------------------------
shape: (39, 1), dtype: uint16
Data:[[54]
 [53]
 [50]
 [56]
 [46]
 [55]
 [55]
 [52]
 [48]
 [53]
 [56]
 [57]
 [57]
 [57]
 [57]
 [57]
 [57]
 [45]
 [48]
 [32]
 [54]
 [53]
 [50]
 [56]
 [46]
 [55]
 [55]
 [55]
 [57]
 [57]
 [49]
 [57]
 [57]
 [57]
 [57]
 [57]
 [57]
 [45]
 [49]] 
------------------------ Dataset: CCj ------------------------
shape: (40, 1), dtype: uint16
Data:[[54]
 [48]
 [50]
 [52]
 [46]
 [51]
 [53]
 [51]
 [56]
 [54]
 [53]
 [57]
 [57]
 [57]
 [57]
 [57]
 [57]
 [53]
 [45]
 [48]
 [32]
 [54]
 [48]
 [50]
 [52]
 [46]
 [51]
 [52]
 [57]
 [55]
 [49]
 [52]
 [57]
 [57]
 [57]
 [57]
 [57]
 [57]
 [45]
 [49]] 
------------------------ Dataset: CCk ------------------------
shape: (33, 1), dtype: uint16
Data:[[54]
 [48]
 [52]
 [48]
 [46]
 [48]
 [57]
 [51]
 [57]
 [50]
 [57]
 [45]
 [48]
 [32]
 [54]
 [48]
 [52]
 [48]
 [46]
 [49]
 [48]
 [54]
 [56]
 [54]
 [51]
 [57]
 [57]
 [57]
 [57]
 [57]
 [57]
 [45]
 [49]] 
------------------------ Dataset: CCl ------------------------
shape: (33, 1), dtype: uint16
Data:[[54]
 [48]
 [53]
 [53]
 [46]
 [55]
 [55]
 [50]
 [54]
 [48]
 [55]
 [57]
 [57]
 [57]
 [57]
 [57]
 [57]
 [45]
 [48]
 [32]
 [54]
 [48]
 [53]
 [53]
 [46]
 [55]
 [54]
 [49]
 [55]
 [55]
 [53]
 [45]
 [49]] 
------------------------ Dataset: CCm ------------------------
shape: (33, 1), dtype: uint16
Data:[[54]
 [48]
 [55]
 [49]
 [46]
 [55]
 [48]
 [52]
 [51]
 [55]
 [51]
 [45]
 [48]
 [32]
 [54]
 [48]
 [55]
 [49]
 [46]
 [55]
 [48]
 [55]
 [53]
 [50]
 [56]
 [57]
 [57]
 [57]
 [57]
 [57]
 [57]
 [45]
 [49]] 
------------------------ Dataset: CCn ------------------------
shape: (27, 1), dtype: uint16
Data:[[53]
 [54]
 [51]
 [50]
 [46]
 [53]
 [55]
 [55]
 [57]
 [49]
 [55]
 [45]
 [48]
 [32]
 [53]
 [54]
 [51]
 [50]
 [46]
 [53]
 [56]
 [50]
 [48]
 [54]
 [49]
 [45]
 [49]] 
------------------------ Dataset: CCo ------------------------
shape: (33, 1), dtype: uint16
Data:[[53]
 [54]
 [52]
 [56]
 [46]
 [50]
 [53]
 [52]
 [52]
 [57]
 [52]
 [57]
 [57]
 [57]
 [57]
 [57]
 [57]
 [45]
 [48]
 [32]
 [53]
 [54]
 [52]
 [56]
 [46]
 [50]
 [53]
 [57]
 [52]
 [56]
 [53]
 [45]
 [49]] 
------------------------ Dataset: CCp ------------------------
shape: (39, 1), dtype: uint16
Data:[[53]
 [54]
 [54]
 [51]
 [46]
 [57]
 [56]
 [57]
 [53]
 [48]
 [54]
 [57]
 [57]
 [57]
 [57]
 [57]
 [57]
 [45]
 [48]
 [32]
 [53]
 [54]
 [54]
 [51]
 [46]
 [57]
 [57]
 [51]
 [53]
 [53]
 [50]
 [57]
 [57]
 [57]
 [57]
 [57]
 [57]
 [45]
 [49]] 
------------------------ Dataset: CCq ------------------------
shape: (34, 1), dtype: uint16
Data:[[53]
 [54]
 [55]
 [57]
 [46]
 [55]
 [51]
 [55]
 [57]
 [54]
 [55]
 [57]
 [57]
 [57]
 [57]
 [57]
 [57]
 [53]
 [45]
 [48]
 [32]
 [53]
 [54]
 [55]
 [57]
 [46]
 [55]
 [51]
 [55]
 [56]
 [49]
 [57]
 [45]
 [49]] 
------------------------ Dataset: CCr ------------------------
shape: (27, 1), dtype: uint16
Data:[[53]
 [56]
 [48]
 [54]
 [46]
 [48]
 [51]
 [56]
 [57]
 [51]
 [54]
 [45]
 [48]
 [32]
 [53]
 [56]
 [48]
 [54]
 [46]
 [48]
 [52]
 [49]
 [56]
 [55]
 [50]
 [45]
 [49]] 
------------------------ Dataset: CCs ------------------------
shape: (27, 1), dtype: uint16
Data:[[54]
 [52]
 [49]
 [56]
 [46]
 [56]
 [48]
 [55]
 [48]
 [51]
 [55]
 [45]
 [48]
 [32]
 [54]
 [52]
 [49]
 [56]
 [46]
 [56]
 [48]
 [54]
 [54]
 [57]
 [54]
 [45]
 [49]] 
------------------------ Dataset: CCt ------------------------
shape: (33, 1), dtype: uint16
Data:[[54]
 [54]
 [49]
 [48]
 [46]
 [57]
 [49]
 [48]
 [48]
 [57]
 [52]
 [45]
 [48]
 [32]
 [54]
 [54]
 [49]
 [48]
 [46]
 [57]
 [48]
 [54]
 [49]
 [48]
 [55]
 [57]
 [57]
 [57]
 [57]
 [57]
 [57]
 [45]
 [49]] 
------------------------ Dataset: CCu ------------------------
shape: (27, 1), dtype: uint16
Data:[[54]
 [54]
 [50]
 [54]
 [46]
 [56]
 [50]
 [50]
 [48]
 [54]
 [51]
 [45]
 [48]
 [32]
 [54]
 [54]
 [50]
 [54]
 [46]
 [56]
 [49]
 [56]
 [49]
 [49]
 [53]
 [45]
 [49]] 
------------------------ Dataset: CCv ------------------------
shape: (34, 1), dtype: uint16
Data:[[54]
 [54]
 [52]
 [50]
 [46]
 [53]
 [57]
 [52]
 [51]
 [51]
 [54]
 [45]
 [48]
 [32]
 [54]
 [54]
 [52]
 [50]
 [46]
 [53]
 [57]
 [56]
 [50]
 [56]
 [53]
 [57]
 [57]
 [57]
 [57]
 [57]
 [57]
 [53]
 [45]
 [49]] 
------------------------ Dataset: CCw ------------------------
shape: (26, 1), dtype: uint16
Data:[[54]
 [54]
 [53]
 [56]
 [46]
 [51]
 [48]
 [55]
 [48]
 [55]
 [45]
 [48]
 [32]
 [54]
 [54]
 [53]
 [56]
 [46]
 [51]
 [48]
 [51]
 [57]
 [54]
 [55]
 [45]
 [49]] 
------------------------ Dataset: CCx ------------------------
shape: (13, 1), dtype: uint16
Data:[[54]
 [54]
 [55]
 [52]
 [46]
 [49]
 [56]
 [50]
 [57]
 [48]
 [53]
 [45]
 [48]] 
------------------------ Dataset: CCy ------------------------
shape: (34, 1), dtype: uint16
Data:[[54]
 [54]
 [57]
 [48]
 [46]
 [49]
 [48]
 [54]
 [49]
 [49]
 [49]
 [57]
 [57]
 [57]
 [57]
 [57]
 [57]
 [53]
 [45]
 [48]
 [32]
 [54]
 [54]
 [57]
 [48]
 [46]
 [49]
 [48]
 [50]
 [48]
 [54]
 [52]
 [45]
 [49]] 
------------------------ Dataset: CCz ------------------------
shape: (32, 1), dtype: uint16
Data:[[53]
 [57]
 [48]
 [55]
 [46]
 [57]
 [57]
 [55]
 [56]
 [49]
 [48]
 [57]
 [57]
 [57]
 [57]
 [57]
 [57]
 [45]
 [48]
 [32]
 [53]
 [57]
 [48]
 [55]
 [46]
 [57]
 [57]
 [51]
 [56]
 [50]
 [45]
 [49]] 
------------------------ Dataset: CD ------------------------
