shape: (1, 6), dtype: uint32
Data:[[3707764736          2          1          1        542          1]] 
------------------------ Dataset: 9ib ------------------------
shape: (27, 1), dtype: uint16
Data:[[54]
 [55]
 [54]
 [54]
 [46]
 [56]
 [48]
 [50]
 [48]
 [52]
 [54]
 [45]
 [48]
 [32]
 [54]
 [55]
 [54]
 [54]
 [46]
 [55]
 [57]
 [56]
 [49]
 [53]
 [49]
 [45]
 [49]] 
------------------------ Dataset: 9ic ------------------------
shape: (33, 1), dtype: uint16
Data:[[54]
 [50]
 [55]
 [57]
 [46]
 [54]
 [48]
 [51]
 [48]
 [49]
 [48]
 [57]
 [57]
 [57]
 [57]
 [57]
 [57]
 [45]
 [48]
 [32]
 [54]
 [50]
 [55]
 [57]
 [46]
 [53]
 [57]
 [55]
 [57]
 [51]
 [50]
 [45]
 [49]] 
------------------------ Dataset: 9id ------------------------
shape: (27, 1), dtype: uint16
Data:[[54]
 [50]
 [57]
 [53]
 [46]
 [51]
 [54]
 [57]
 [56]
 [55]
 [51]
 [45]
 [48]
 [32]
 [54]
 [50]
 [57]
 [53]
 [46]
 [51]
 [55]
 [53]
 [55]
 [52]
 [55]
 [45]
 [49]] 
------------------------ Dataset: 9ie ------------------------
shape: (33, 1), dtype: uint16
Data:[[54]
 [51]
 [49]
 [49]
 [46]
 [49]
 [57]
 [55]
 [56]
 [53]
 [52]
 [57]
 [57]
 [57]
 [57]
 [57]
 [57]
 [45]
 [48]
 [32]
 [54]
 [51]
 [49]
 [49]
 [46]
 [49]
 [57]
 [55]
 [56]
 [57]
 [49]
 [45]
 [49]] 
------------------------ Dataset: 9if ------------------------
shape: (27, 1), dtype: uint16
Data:[[54]
 [51]
 [50]
 [55]
 [46]
 [48]
 [56]
 [54]
 [53]
 [56]
 [53]
 [45]
 [48]
 [32]
 [54]
 [51]
 [50]
 [55]
 [46]
 [48]
 [57]
 [52]
 [48]
 [48]
 [50]
 [45]
 [49]] 
------------------------ Dataset: 9ig ------------------------
shape: (27, 1), dtype: uint16
Data:[[54]
 [51]
 [52]
 [50]
 [46]
 [56]
 [55]
 [55]
 [57]
 [49]
 [57]
 [45]
 [48]
 [32]
 [54]
 [51]
 [52]
 [50]
 [46]
 [56]
 [56]
 [49]
 [57]
 [52]
 [49]
 [45]
 [49]] 
------------------------ Dataset: 9ih ------------------------
shape: (33, 1), dtype: uint16
Data:[[54]
 [53]
 [48]
 [55]
 [46]
 [57]
 [55]
 [55]
 [57]
 [56]
 [51]
 [45]
 [48]
 [32]
 [54]
 [53]
 [48]
 [55]
 [46]
 [57]
 [55]
 [52]
 [48]
 [55]
 [55]
 [57]
 [57]
 [57]
 [57]
 [57]
 [57]
 [45]
 [49]] 
------------------------ Dataset: 9ii ------------------------
shape: (27, 1), dtype: uint16
Data:[[54]
 [53]
 [50]
 [51]
 [46]
 [56]
 [49]
 [48]
 [49]
 [52]
 [51]
 [45]
 [48]
 [32]
 [54]
 [53]
 [50]
 [51]
 [46]
 [56]
 [49]
 [52]
 [52]
 [53]
 [53]
 [45]
 [49]] 
------------------------ Dataset: 9ij ------------------------
shape: (34, 1), dtype: uint16
Data:[[54]
 [48]
 [49]
 [57]
 [46]
 [51]
 [56]
 [49]
 [55]
 [56]
 [57]
 [57]
 [57]
 [57]
 [57]
 [57]
 [57]
 [53]
 [45]
 [48]
 [32]
 [54]
 [48]
 [49]
 [57]
 [46]
 [51]
 [56]
 [53]
 [55]
 [57]
 [49]
 [45]
 [49]] 
------------------------ Dataset: 9ik ------------------------
shape: (40, 1), dtype: uint16
Data:[[54]
 [48]
 [51]
 [53]
 [46]
 [49]
 [57]
 [55]
 [55]
 [55]
 [49]
 [57]
 [57]
 [57]
 [57]
 [57]
 [57]
 [53]
 [45]
 [48]
 [32]
 [54]
 [48]
 [51]
 [53]
 [46]
 [49]
 [57]
 [51]
 [55]
 [56]
 [54]
 [57]
 [57]
 [57]
 [57]
 [57]
 [57]
 [45]
 [49]] 
------------------------ Dataset: 9il ------------------------
shape: (32, 1), dtype: uint16
Data:[[54]
 [48]
 [53]
 [48]
 [46]
 [56]
 [49]
 [48]
 [57]
 [57]
 [48]
 [57]
 [57]
 [57]
 [57]
 [57]
 [57]
 [45]
 [48]
 [32]
 [54]
 [48]
 [53]
 [48]
 [46]
 [56]
 [49]
 [55]
 [55]
 [54]
 [45]
 [49]] 
------------------------ Dataset: 9im ------------------------
shape: (34, 1), dtype: uint16
Data:[[54]
 [48]
 [54]
 [54]
 [46]
 [55]
 [48]
 [53]
 [56]
 [55]
 [49]
 [45]
 [48]
 [32]
 [54]
 [48]
 [54]
 [54]
 [46]
 [55]
 [49]
 [51]
 [56]
 [50]
 [51]
 [57]
 [57]
 [57]
 [57]
 [57]
 [57]
 [53]
 [45]
 [49]] 
------------------------ Dataset: 9in ------------------------
shape: (27, 1), dtype: uint16
Data:[[54]
 [48]
 [56]
 [50]
 [46]
 [54]
 [52]
 [49]
 [56]
 [54]
 [53]
 [45]
 [48]
 [32]
 [54]
 [48]
 [56]
 [50]
 [46]
 [54]
 [51]
 [50]
 [54]
 [55]
 [51]
 [45]
 [49]] 
------------------------ Dataset: 9io ------------------------
shape: (27, 1), dtype: uint16
Data:[[53]
 [54]
 [52]
 [51]
 [46]
 [51]
 [51]
 [52]
 [51]
 [48]
 [55]
 [45]
 [48]
 [32]
 [53]
 [54]
 [52]
 [51]
 [46]
 [51]
 [51]
 [49]
 [48]
 [57]
 [56]
 [45]
 [49]] 
------------------------ Dataset: 9ip ------------------------
shape: (33, 1), dtype: uint16
Data:[[53]
 [54]
 [53]
 [57]
 [46]
 [48]
 [55]
 [51]
 [56]
 [53]
 [53]
 [45]
 [48]
 [32]
 [53]
 [54]
 [53]
 [57]
 [46]
 [48]
 [55]
 [49]
 [57]
 [51]
 [53]
 [57]
 [57]
 [57]
 [57]
 [57]
 [57]
 [45]
 [49]] 
------------------------ Dataset: 9iq ------------------------
shape: (27, 1), dtype: uint16
Data:[[53]
 [54]
 [55]
 [52]
 [46]
 [55]
 [55]
 [56]
 [50]
 [55]
 [56]
 [45]
 [48]
 [32]
 [53]
 [54]
 [55]
 [52]
 [46]
 [55]
 [56]
 [49]
 [54]
 [51]
 [52]
 [45]
 [49]] 
------------------------ Dataset: 9ir ------------------------
shape: (33, 1), dtype: uint16
Data:[[53]
 [54]
 [57]
 [48]
 [46]
 [53]
 [54]
 [49]
 [53]
 [56]
 [57]
 [57]
 [57]
 [57]
 [57]
 [57]
 [57]
 [45]
 [48]
 [32]
 [53]
 [54]
 [57]
 [48]
 [46]
 [53]
 [53]
 [55]
 [54]
 [48]
 [56]
 [45]
 [49]] 
------------------------ Dataset: 9is ------------------------
shape: (13, 1), dtype: uint16
Data:[[54]
 [52]
 [49]
 [51]
 [46]
 [56]
 [50]
 [57]
 [56]
 [57]
 [51]
 [45]
 [48]] 
------------------------ Dataset: 9it ------------------------
shape: (27, 1), dtype: uint16
Data:[[54]
 [54]
 [48]
 [53]
 [46]
 [57]
 [48]
 [54]
 [48]
 [52]
 [56]
 [45]
 [48]
 [32]
 [54]
 [54]
 [48]
 [53]
 [46]
 [57]
 [49]
 [48]
 [49]
 [50]
 [57]
 [45]
 [49]] 
------------------------ Dataset: 9iu ------------------------
shape: (27, 1), dtype: uint16
Data:[[54]
 [54]
 [50]
 [49]
 [46]
 [56]
 [55]
 [52]
 [56]
 [54]
 [54]
 [45]
 [48]
 [32]
 [54]
 [54]
 [50]
 [49]
 [46]
 [56]
 [55]
 [57]
 [48]
 [53]
 [57]
 [45]
 [49]] 
------------------------ Dataset: 9iv ------------------------
shape: (27, 1), dtype: uint16
Data:[[54]
 [54]
 [51]
 [55]
 [46]
 [55]
 [50]
 [50]
 [49]
 [50]
 [49]
 [45]
 [48]
 [32]
 [54]
 [54]
 [51]
 [55]
 [46]
 [55]
 [50]
 [54]
 [49]
 [52]
 [49]
 [45]
 [49]] 
------------------------ Dataset: 9iw ------------------------
shape: (33, 1), dtype: uint16
Data:[[54]
 [54]
 [53]
 [51]
 [46]
 [51]
 [49]
 [50]
 [50]
 [48]
 [52]
 [45]
 [48]
 [32]
 [54]
 [54]
 [53]
 [51]
 [46]
 [51]
 [49]
 [53]
 [49]
 [51]
 [56]
 [57]
 [57]
 [57]
 [57]
 [57]
 [57]
 [45]
 [49]] 
------------------------ Dataset: 9ix ------------------------
shape: (13, 1), dtype: uint16
Data:[[54]
 [54]
 [54]
 [57]
 [46]
 [49]
 [57]
 [48]
 [51]
 [49]
 [50]
 [45]
 [48]] 
------------------------ Dataset: 9iy ------------------------
shape: (27, 1), dtype: uint16
Data:[[54]
 [54]
 [56]
 [53]
 [46]
 [49]
 [49]
 [48]
 [52]
 [49]
 [49]
 [45]
 [48]
 [32]
 [54]
 [54]
 [56]
 [53]
 [46]
 [49]
 [49]
 [52]
 [49]
 [53]
 [49]
 [45]
 [49]] 
------------------------ Dataset: 9iz ------------------------
shape: (27, 1), dtype: uint16
Data:[[53]
 [57]
 [48]
 [51]
 [46]
 [48]
 [50]
 [53]
 [54]
 [52]
 [51]
 [45]
 [48]
 [32]
 [53]
 [57]
 [48]
 [51]
 [46]
 [48]
 [51]
 [48]
 [48]
 [57]
 [55]
 [45]
 [49]] 
------------------------ Dataset: 9j ------------------------
