shape: (1, 6), dtype: uint32
Data:[[3707764736          2          1          1       1937          1]] 
------------------------ Dataset: cGb ------------------------
shape: (33, 1), dtype: uint16
Data:[[54]
 [55]
 [55]
 [50]
 [46]
 [54]
 [55]
 [56]
 [52]
 [51]
 [56]
 [57]
 [57]
 [57]
 [57]
 [57]
 [57]
 [45]
 [48]
 [32]
 [54]
 [55]
 [55]
 [50]
 [46]
 [54]
 [55]
 [53]
 [52]
 [48]
 [53]
 [45]
 [49]] 
------------------------ Dataset: cGc ------------------------
shape: (27, 1), dtype: uint16
Data:[[54]
 [50]
 [56]
 [53]
 [46]
 [52]
 [55]
 [51]
 [56]
 [55]
 [50]
 [45]
 [48]
 [32]
 [54]
 [50]
 [56]
 [53]
 [46]
 [52]
 [54]
 [57]
 [57]
 [53]
 [53]
 [45]
 [49]] 
------------------------ Dataset: cGd ------------------------
shape: (27, 1), dtype: uint16
Data:[[54]
 [51]
 [48]
 [49]
 [46]
 [50]
 [51]
 [51]
 [56]
 [53]
 [54]
 [45]
 [48]
 [32]
 [54]
 [51]
 [48]
 [49]
 [46]
 [50]
 [50]
 [57]
 [56]
 [55]
 [52]
 [45]
 [49]] 
------------------------ Dataset: cGe ------------------------
shape: (27, 1), dtype: uint16
Data:[[54]
 [51]
 [49]
 [55]
 [46]
 [49]
 [48]
 [53]
 [56]
 [54]
 [57]
 [45]
 [48]
 [32]
 [54]
 [51]
 [49]
 [55]
 [46]
 [49]
 [48]
 [49]
 [57]
 [49]
 [49]
 [45]
 [49]] 
------------------------ Dataset: cGf ------------------------
shape: (27, 1), dtype: uint16
Data:[[54]
 [51]
 [51]
 [50]
 [46]
 [57]
 [51]
 [56]
 [48]
 [51]
 [52]
 [45]
 [48]
 [32]
 [54]
 [51]
 [51]
 [50]
 [46]
 [57]
 [52]
 [49]
 [57]
 [52]
 [51]
 [45]
 [49]] 
------------------------ Dataset: cGg ------------------------
shape: (27, 1), dtype: uint16
Data:[[54]
 [52]
 [57]
 [56]
 [46]
 [48]
 [55]
 [56]
 [48]
 [48]
 [57]
 [45]
 [48]
 [32]
 [54]
 [52]
 [57]
 [56]
 [46]
 [48]
 [56]
 [50]
 [50]
 [56]
 [49]
 [45]
 [49]] 
------------------------ Dataset: cGh ------------------------
shape: (32, 1), dtype: uint16
Data:[[54]
 [53]
 [49]
 [51]
 [46]
 [56]
 [56]
 [54]
 [48]
 [50]
 [45]
 [48]
 [32]
 [54]
 [53]
 [49]
 [51]
 [46]
 [56]
 [57]
 [48]
 [49]
 [54]
 [56]
 [57]
 [57]
 [57]
 [57]
 [57]
 [57]
 [45]
 [49]] 
------------------------ Dataset: cGi ------------------------
shape: (34, 1), dtype: uint16
Data:[[54]
 [53]
 [50]
 [57]
 [46]
 [54]
 [57]
 [52]
 [49]
 [57]
 [53]
 [57]
 [57]
 [57]
 [57]
 [57]
 [57]
 [53]
 [45]
 [48]
 [32]
 [54]
 [53]
 [50]
 [57]
 [46]
 [54]
 [57]
 [48]
 [49]
 [50]
 [57]
 [45]
 [49]] 
------------------------ Dataset: cGj ------------------------
shape: (33, 1), dtype: uint16
Data:[[54]
 [48]
 [50]
 [53]
 [46]
 [50]
 [52]
 [57]
 [55]
 [49]
 [53]
 [45]
 [48]
 [32]
 [54]
 [48]
 [50]
 [53]
 [46]
 [50]
 [53]
 [51]
 [57]
 [51]
 [51]
 [57]
 [57]
 [57]
 [57]
 [57]
 [57]
 [45]
 [49]] 
------------------------ Dataset: cGk ------------------------
shape: (27, 1), dtype: uint16
Data:[[54]
 [48]
 [52]
 [48]
 [46]
 [57]
 [56]
 [57]
 [55]
 [55]
 [49]
 [45]
 [48]
 [32]
 [54]
 [48]
 [52]
 [48]
 [46]
 [57]
 [57]
 [55]
 [57]
 [52]
 [52]
 [45]
 [49]] 
------------------------ Dataset: cGl ------------------------
shape: (34, 1), dtype: uint16
Data:[[54]
 [48]
 [53]
 [54]
 [46]
 [55]
 [49]
 [55]
 [55]
 [55]
 [57]
 [45]
 [48]
 [32]
 [54]
 [48]
 [53]
 [54]
 [46]
 [55]
 [49]
 [51]
 [55]
 [51]
 [55]
 [57]
 [57]
 [57]
 [57]
 [57]
 [57]
 [53]
 [45]
 [49]] 
------------------------ Dataset: cGm ------------------------
shape: (27, 1), dtype: uint16
Data:[[54]
 [48]
 [55]
 [50]
 [46]
 [54]
 [49]
 [51]
 [55]
 [56]
 [51]
 [45]
 [48]
 [32]
 [54]
 [48]
 [55]
 [50]
 [46]
 [54]
 [48]
 [57]
 [55]
 [51]
 [53]
 [45]
 [49]] 
------------------------ Dataset: cGn ------------------------
shape: (39, 1), dtype: uint16
Data:[[53]
 [54]
 [51]
 [51]
 [46]
 [52]
 [56]
 [49]
 [55]
 [49]
 [56]
 [57]
 [57]
 [57]
 [57]
 [57]
 [57]
 [45]
 [48]
 [32]
 [53]
 [54]
 [51]
 [51]
 [46]
 [52]
 [56]
 [53]
 [54]
 [53]
 [57]
 [57]
 [57]
 [57]
 [57]
 [57]
 [57]
 [45]
 [49]] 
------------------------ Dataset: cGo ------------------------
shape: (34, 1), dtype: uint16
Data:[[53]
 [54]
 [52]
 [57]
 [46]
 [49]
 [54]
 [53]
 [56]
 [48]
 [49]
 [45]
 [48]
 [32]
 [53]
 [54]
 [52]
 [57]
 [46]
 [49]
 [54]
 [49]
 [54]
 [52]
 [50]
 [57]
 [57]
 [57]
 [57]
 [57]
 [57]
 [53]
 [45]
 [49]] 
------------------------ Dataset: cGp ------------------------
shape: (27, 1), dtype: uint16
Data:[[53]
 [54]
 [54]
 [52]
 [46]
 [56]
 [57]
 [51]
 [54]
 [51]
 [55]
 [45]
 [48]
 [32]
 [53]
 [54]
 [54]
 [52]
 [46]
 [56]
 [57]
 [55]
 [54]
 [50]
 [54]
 [45]
 [49]] 
------------------------ Dataset: cGq ------------------------
shape: (27, 1), dtype: uint16
Data:[[53]
 [54]
 [56]
 [48]
 [46]
 [54]
 [52]
 [57]
 [54]
 [50]
 [52]
 [45]
 [48]
 [32]
 [53]
 [54]
 [56]
 [48]
 [46]
 [54]
 [52]
 [49]
 [56]
 [48]
 [57]
 [45]
 [49]] 
------------------------ Dataset: cGr ------------------------
shape: (34, 1), dtype: uint16
Data:[[53]
 [56]
 [48]
 [54]
 [46]
 [57]
 [52]
 [52]
 [49]
 [52]
 [57]
 [45]
 [48]
 [32]
 [53]
 [56]
 [48]
 [54]
 [46]
 [57]
 [52]
 [53]
 [57]
 [48]
 [57]
 [57]
 [57]
 [57]
 [57]
 [57]
 [57]
 [53]
 [45]
 [49]] 
------------------------ Dataset: cGs ------------------------
shape: (34, 1), dtype: uint16
Data:[[54]
 [52]
 [49]
 [57]
 [46]
 [55]
 [50]
 [57]
 [57]
 [50]
 [57]
 [57]
 [57]
 [57]
 [57]
 [57]
 [57]
 [53]
 [45]
 [48]
 [32]
 [54]
 [52]
 [49]
 [57]
 [46]
 [55]
 [50]
 [54]
 [48]
 [52]
 [55]
 [45]
 [49]] 
------------------------ Dataset: cGt ------------------------
shape: (27, 1), dtype: uint16
Data:[[54]
 [54]
 [49]
 [49]
 [46]
 [56]
 [48]
 [57]
 [57]
 [55]
 [49]
 [45]
 [48]
 [32]
 [54]
 [54]
 [49]
 [49]
 [46]
 [56]
 [50]
 [49]
 [53]
 [54]
 [49]
 [45]
 [49]] 
------------------------ Dataset: cGu ------------------------
shape: (33, 1), dtype: uint16
Data:[[54]
 [54]
 [50]
 [55]
 [46]
 [55]
 [52]
 [50]
 [53]
 [51]
 [57]
 [57]
 [57]
 [57]
 [57]
 [57]
 [57]
 [45]
 [48]
 [32]
 [54]
 [54]
 [50]
 [55]
 [46]
 [55]
 [52]
 [48]
 [49]
 [55]
 [55]
 [45]
 [49]] 
------------------------ Dataset: cGv ------------------------
shape: (26, 1), dtype: uint16
Data:[[54]
 [54]
 [52]
 [51]
 [46]
 [52]
 [57]
 [48]
 [50]
 [52]
 [50]
 [45]
 [48]
 [32]
 [54]
 [54]
 [52]
 [51]
 [46]
 [52]
 [57]
 [52]
 [49]
 [49]
 [45]
 [49]] 
------------------------ Dataset: cGw ------------------------
shape: (13, 1), dtype: uint16
Data:[[54]
 [54]
 [53]
 [57]
 [46]
 [50]
 [51]
 [52]
 [49]
 [52]
 [55]
 [45]
 [48]] 
------------------------ Dataset: cGx ------------------------
shape: (27, 1), dtype: uint16
Data:[[54]
 [54]
 [55]
 [53]
 [46]
 [48]
 [57]
 [56]
 [48]
 [55]
 [51]
 [45]
 [48]
 [32]
 [54]
 [54]
 [55]
 [53]
 [46]
 [48]
 [57]
 [52]
 [49]
 [52]
 [52]
 [45]
 [49]] 
------------------------ Dataset: cGy ------------------------
shape: (33, 1), dtype: uint16
Data:[[54]
 [54]
 [57]
 [49]
 [46]
 [48]
 [50]
 [52]
 [56]
 [52]
 [52]
 [45]
 [48]
 [32]
 [54]
 [54]
 [57]
 [49]
 [46]
 [48]
 [49]
 [52]
 [50]
 [50]
 [48]
 [57]
 [57]
 [57]
 [57]
 [57]
 [57]
 [45]
 [49]] 
------------------------ Dataset: cGz ------------------------
shape: (20, 1), dtype: uint16
Data:[[53]
 [57]
 [48]
 [56]
 [46]
 [56]
 [57]
 [51]
 [55]
 [52]
 [55]
 [57]
 [57]
 [57]
 [57]
 [57]
 [57]
 [53]
 [45]
 [48]] 
------------------------ Dataset: cH ------------------------
