shape: (1, 6), dtype: uint32
Data:[[3707764736          2          1          1       1654          1]] 
------------------------ Dataset: wBb ------------------------
shape: (33, 1), dtype: uint16
Data:[[54]
 [55]
 [55]
 [49]
 [46]
 [52]
 [57]
 [48]
 [50]
 [48]
 [52]
 [45]
 [48]
 [32]
 [54]
 [55]
 [55]
 [49]
 [46]
 [52]
 [56]
 [57]
 [57]
 [56]
 [55]
 [57]
 [57]
 [57]
 [57]
 [57]
 [57]
 [45]
 [49]] 
------------------------ Dataset: wBc ------------------------
shape: (25, 1), dtype: uint16
Data:[[54]
 [50]
 [56]
 [52]
 [46]
 [50]
 [55]
 [52]
 [49]
 [57]
 [45]
 [48]
 [32]
 [54]
 [50]
 [56]
 [52]
 [46]
 [50]
 [55]
 [49]
 [52]
 [51]
 [45]
 [49]] 
------------------------ Dataset: wBd ------------------------
shape: (13, 1), dtype: uint16
Data:[[54]
 [51]
 [48]
 [48]
 [46]
 [48]
 [51]
 [51]
 [57]
 [50]
 [53]
 [45]
 [48]] 
------------------------ Dataset: wBe ------------------------
shape: (33, 1), dtype: uint16
Data:[[54]
 [51]
 [49]
 [53]
 [46]
 [57]
 [49]
 [55]
 [52]
 [54]
 [56]
 [45]
 [48]
 [32]
 [54]
 [51]
 [49]
 [53]
 [46]
 [57]
 [50]
 [48]
 [50]
 [54]
 [51]
 [57]
 [57]
 [57]
 [57]
 [57]
 [57]
 [45]
 [49]] 
------------------------ Dataset: wBf ------------------------
shape: (27, 1), dtype: uint16
Data:[[54]
 [51]
 [51]
 [49]
 [46]
 [55]
 [52]
 [49]
 [56]
 [57]
 [49]
 [45]
 [48]
 [32]
 [54]
 [51]
 [51]
 [49]
 [46]
 [55]
 [51]
 [55]
 [57]
 [48]
 [50]
 [45]
 [49]] 
------------------------ Dataset: wBg ------------------------
shape: (33, 1), dtype: uint16
Data:[[54]
 [52]
 [57]
 [54]
 [46]
 [57]
 [48]
 [50]
 [49]
 [56]
 [53]
 [57]
 [57]
 [57]
 [57]
 [57]
 [57]
 [45]
 [48]
 [32]
 [54]
 [52]
 [57]
 [54]
 [46]
 [56]
 [57]
 [56]
 [49]
 [57]
 [51]
 [45]
 [49]] 
------------------------ Dataset: wBh ------------------------
shape: (20, 1), dtype: uint16
Data:[[54]
 [53]
 [49]
 [50]
 [46]
 [54]
 [55]
 [52]
 [50]
 [55]
 [55]
 [57]
 [57]
 [57]
 [57]
 [57]
 [57]
 [53]
 [45]
 [48]] 
------------------------ Dataset: wBi ------------------------
shape: (33, 1), dtype: uint16
Data:[[54]
 [53]
 [50]
 [56]
 [46]
 [52]
 [57]
 [57]
 [48]
 [49]
 [51]
 [45]
 [48]
 [32]
 [54]
 [53]
 [50]
 [56]
 [46]
 [52]
 [57]
 [54]
 [50]
 [54]
 [48]
 [57]
 [57]
 [57]
 [57]
 [57]
 [57]
 [45]
 [49]] 
------------------------ Dataset: wBj ------------------------
shape: (27, 1), dtype: uint16
Data:[[54]
 [48]
 [50]
 [52]
 [46]
 [48]
 [55]
 [48]
 [54]
 [50]
 [52]
 [45]
 [48]
 [32]
 [54]
 [48]
 [50]
 [52]
 [46]
 [48]
 [54]
 [53]
 [56]
 [51]
 [49]
 [45]
 [49]] 
------------------------ Dataset: wBk ------------------------
shape: (40, 1), dtype: uint16
Data:[[54]
 [48]
 [51]
 [57]
 [46]
 [56]
 [50]
 [49]
 [56]
 [56]
 [57]
 [57]
 [57]
 [57]
 [57]
 [57]
 [57]
 [45]
 [48]
 [32]
 [54]
 [48]
 [51]
 [57]
 [46]
 [56]
 [50]
 [53]
 [55]
 [57]
 [54]
 [57]
 [57]
 [57]
 [57]
 [57]
 [57]
 [53]
 [45]
 [49]] 
------------------------ Dataset: wBl ------------------------
shape: (33, 1), dtype: uint16
Data:[[54]
 [48]
 [53]
 [53]
 [46]
 [52]
 [57]
 [49]
 [55]
 [53]
 [50]
 [45]
 [48]
 [32]
 [54]
 [48]
 [53]
 [53]
 [46]
 [52]
 [57]
 [49]
 [56]
 [52]
 [51]
 [57]
 [57]
 [57]
 [57]
 [57]
 [57]
 [45]
 [49]] 
------------------------ Dataset: wBm ------------------------
shape: (33, 1), dtype: uint16
Data:[[54]
 [48]
 [55]
 [49]
 [46]
 [52]
 [50]
 [53]
 [55]
 [49]
 [49]
 [57]
 [57]
 [57]
 [57]
 [57]
 [57]
 [45]
 [48]
 [32]
 [54]
 [48]
 [55]
 [49]
 [46]
 [52]
 [50]
 [53]
 [55]
 [48]
 [57]
 [45]
 [49]] 
------------------------ Dataset: wBn ------------------------
shape: (33, 1), dtype: uint16
Data:[[53]
 [54]
 [51]
 [50]
 [46]
 [50]
 [57]
 [53]
 [49]
 [51]
 [52]
 [57]
 [57]
 [57]
 [57]
 [57]
 [57]
 [45]
 [48]
 [32]
 [53]
 [54]
 [51]
 [50]
 [46]
 [50]
 [57]
 [55]
 [57]
 [51]
 [53]
 [45]
 [49]] 
------------------------ Dataset: wBo ------------------------
shape: (33, 1), dtype: uint16
Data:[[53]
 [54]
 [52]
 [55]
 [46]
 [57]
 [56]
 [49]
 [52]
 [54]
 [50]
 [45]
 [48]
 [32]
 [53]
 [54]
 [52]
 [55]
 [46]
 [57]
 [56]
 [53]
 [55]
 [48]
 [55]
 [57]
 [57]
 [57]
 [57]
 [57]
 [57]
 [45]
 [49]] 
------------------------ Dataset: wBp ------------------------
shape: (27, 1), dtype: uint16
Data:[[53]
 [54]
 [54]
 [51]
 [46]
 [55]
 [49]
 [51]
 [53]
 [50]
 [57]
 [45]
 [48]
 [32]
 [53]
 [54]
 [54]
 [51]
 [46]
 [55]
 [49]
 [55]
 [54]
 [51]
 [56]
 [45]
 [49]] 
------------------------ Dataset: wBq ------------------------
shape: (33, 1), dtype: uint16
Data:[[53]
 [54]
 [55]
 [57]
 [46]
 [52]
 [53]
 [55]
 [53]
 [48]
 [52]
 [57]
 [57]
 [57]
 [57]
 [57]
 [57]
 [45]
 [48]
 [32]
 [53]
 [54]
 [55]
 [57]
 [46]
 [52]
 [54]
 [49]
 [53]
 [52]
 [53]
 [45]
 [49]] 
------------------------ Dataset: wBr ------------------------
shape: (33, 1), dtype: uint16
Data:[[53]
 [56]
 [48]
 [53]
 [46]
 [55]
 [54]
 [51]
 [51]
 [48]
 [49]
 [57]
 [57]
 [57]
 [57]
 [57]
 [57]
 [45]
 [48]
 [32]
 [53]
 [56]
 [48]
 [53]
 [46]
 [55]
 [54]
 [54]
 [51]
 [49]
 [56]
 [45]
 [49]] 
------------------------ Dataset: wBs ------------------------
shape: (33, 1), dtype: uint16
Data:[[54]
 [52]
 [49]
 [56]
 [46]
 [53]
 [49]
 [55]
 [57]
 [54]
 [50]
 [45]
 [48]
 [32]
 [54]
 [52]
 [49]
 [56]
 [46]
 [53]
 [49]
 [51]
 [57]
 [55]
 [48]
 [57]
 [57]
 [57]
 [57]
 [57]
 [57]
 [45]
 [49]] 
------------------------ Dataset: wBt ------------------------
shape: (33, 1), dtype: uint16
Data:[[54]
 [54]
 [49]
 [48]
 [46]
 [54]
 [48]
 [57]
 [57]
 [52]
 [57]
 [45]
 [48]
 [32]
 [54]
 [54]
 [49]
 [48]
 [46]
 [54]
 [48]
 [54]
 [48]
 [52]
 [49]
 [57]
 [57]
 [57]
 [57]
 [57]
 [57]
 [45]
 [49]] 
------------------------ Dataset: wBu ------------------------
shape: (33, 1), dtype: uint16
Data:[[54]
 [54]
 [50]
 [54]
 [46]
 [53]
 [52]
 [54]
 [48]
 [50]
 [54]
 [57]
 [57]
 [57]
 [57]
 [57]
 [57]
 [45]
 [48]
 [32]
 [54]
 [54]
 [50]
 [54]
 [46]
 [53]
 [52]
 [50]
 [48]
 [48]
 [55]
 [45]
 [49]] 
------------------------ Dataset: wBv ------------------------
shape: (19, 1), dtype: uint16
Data:[[54]
 [54]
 [52]
 [50]
 [46]
 [51]
 [50]
 [50]
 [49]
 [57]
 [56]
 [57]
 [57]
 [57]
 [57]
 [57]
 [57]
 [45]
 [48]] 
------------------------ Dataset: wBw ------------------------
shape: (27, 1), dtype: uint16
Data:[[54]
 [54]
 [53]
 [56]
 [46]
 [48]
 [51]
 [48]
 [53]
 [49]
 [54]
 [45]
 [48]
 [32]
 [54]
 [54]
 [53]
 [56]
 [46]
 [48]
 [50]
 [54]
 [53]
 [55]
 [56]
 [45]
 [49]] 
------------------------ Dataset: wBx ------------------------
shape: (33, 1), dtype: uint16
Data:[[54]
 [54]
 [55]
 [51]
 [46]
 [57]
 [48]
 [50]
 [50]
 [56]
 [55]
 [57]
 [57]
 [57]
 [57]
 [57]
 [57]
 [45]
 [48]
 [32]
 [54]
 [54]
 [55]
 [51]
 [46]
 [57]
 [48]
 [54]
 [56]
 [49]
 [57]
 [45]
 [49]] 
------------------------ Dataset: wBy ------------------------
shape: (32, 1), dtype: uint16
Data:[[54]
 [54]
 [56]
 [57]
 [46]
 [56]
 [50]
 [50]
 [48]
 [56]
 [56]
 [57]
 [57]
 [57]
 [57]
 [57]
 [57]
 [45]
 [48]
 [32]
 [54]
 [54]
 [56]
 [57]
 [46]
 [56]
 [49]
 [56]
 [49]
 [50]
 [45]
 [49]] 
------------------------ Dataset: wBz ------------------------
shape: (33, 1), dtype: uint16
Data:[[53]
 [57]
 [48]
 [55]
 [46]
 [55]
 [50]
 [49]
 [55]
 [56]
 [51]
 [57]
 [57]
 [57]
 [57]
 [57]
 [57]
 [45]
 [48]
 [32]
 [53]
 [57]
 [48]
 [55]
 [46]
 [55]
 [49]
 [55]
 [55]
 [53]
 [54]
 [45]
 [49]] 
------------------------ Dataset: wC ------------------------
