shape: (1, 6), dtype: uint32
Data:[[3707764736          2          1          1       1313          1]] 
------------------------ Dataset: Svb ------------------------
shape: (27, 1), dtype: uint16
Data:[[54]
 [55]
 [55]
 [48]
 [46]
 [48]
 [54]
 [55]
 [53]
 [49]
 [56]
 [45]
 [48]
 [32]
 [54]
 [55]
 [55]
 [48]
 [46]
 [48]
 [54]
 [53]
 [52]
 [51]
 [52]
 [45]
 [49]] 
------------------------ Dataset: Svc ------------------------
shape: (33, 1), dtype: uint16
Data:[[54]
 [50]
 [56]
 [50]
 [46]
 [56]
 [51]
 [56]
 [52]
 [55]
 [51]
 [57]
 [57]
 [57]
 [57]
 [57]
 [57]
 [45]
 [48]
 [32]
 [54]
 [50]
 [56]
 [50]
 [46]
 [56]
 [52]
 [56]
 [48]
 [57]
 [57]
 [45]
 [49]] 
------------------------ Dataset: Svd ------------------------
shape: (33, 1), dtype: uint16
Data:[[54]
 [50]
 [57]
 [56]
 [46]
 [54]
 [48]
 [49]
 [57]
 [54]
 [51]
 [45]
 [48]
 [32]
 [54]
 [50]
 [57]
 [56]
 [46]
 [53]
 [57]
 [51]
 [57]
 [49]
 [54]
 [57]
 [57]
 [57]
 [57]
 [57]
 [57]
 [45]
 [49]] 
------------------------ Dataset: Sve ------------------------
shape: (27, 1), dtype: uint16
Data:[[54]
 [51]
 [49]
 [52]
 [46]
 [52]
 [56]
 [49]
 [56]
 [56]
 [50]
 [45]
 [48]
 [32]
 [54]
 [51]
 [49]
 [52]
 [46]
 [52]
 [56]
 [50]
 [49]
 [48]
 [53]
 [45]
 [49]] 
------------------------ Dataset: Svf ------------------------
shape: (33, 1), dtype: uint16
Data:[[54]
 [51]
 [51]
 [48]
 [46]
 [51]
 [49]
 [57]
 [54]
 [48]
 [51]
 [57]
 [57]
 [57]
 [57]
 [57]
 [57]
 [45]
 [48]
 [32]
 [54]
 [51]
 [51]
 [48]
 [46]
 [51]
 [48]
 [56]
 [55]
 [57]
 [50]
 [45]
 [49]] 
------------------------ Dataset: Svg ------------------------
shape: (33, 1), dtype: uint16
Data:[[54]
 [51]
 [52]
 [54]
 [46]
 [49]
 [52]
 [53]
 [56]
 [55]
 [55]
 [57]
 [57]
 [57]
 [57]
 [57]
 [57]
 [45]
 [48]
 [32]
 [54]
 [51]
 [52]
 [54]
 [46]
 [49]
 [52]
 [50]
 [48]
 [54]
 [50]
 [45]
 [49]] 
------------------------ Dataset: Svh ------------------------
shape: (34, 1), dtype: uint16
Data:[[54]
 [53]
 [49]
 [49]
 [46]
 [50]
 [49]
 [52]
 [48]
 [57]
 [57]
 [45]
 [48]
 [32]
 [54]
 [53]
 [49]
 [49]
 [46]
 [50]
 [49]
 [56]
 [48]
 [49]
 [52]
 [57]
 [57]
 [57]
 [57]
 [57]
 [57]
 [53]
 [45]
 [49]] 
------------------------ Dataset: Svi ------------------------
shape: (33, 1), dtype: uint16
Data:[[54]
 [53]
 [50]
 [55]
 [46]
 [48]
 [54]
 [50]
 [56]
 [52]
 [49]
 [57]
 [57]
 [57]
 [57]
 [57]
 [57]
 [45]
 [48]
 [32]
 [54]
 [53]
 [50]
 [55]
 [46]
 [48]
 [54]
 [53]
 [57]
 [57]
 [50]
 [45]
 [49]] 
------------------------ Dataset: Svj ------------------------
shape: (40, 1), dtype: uint16
Data:[[54]
 [48]
 [50]
 [50]
 [46]
 [54]
 [52]
 [50]
 [49]
 [49]
 [49]
 [57]
 [57]
 [57]
 [57]
 [57]
 [57]
 [53]
 [45]
 [48]
 [32]
 [54]
 [48]
 [50]
 [50]
 [46]
 [54]
 [51]
 [56]
 [50]
 [55]
 [52]
 [57]
 [57]
 [57]
 [57]
 [57]
 [57]
 [45]
 [49]] 
------------------------ Dataset: Svk ------------------------
shape: (33, 1), dtype: uint16
Data:[[54]
 [48]
 [51]
 [56]
 [46]
 [52]
 [48]
 [57]
 [55]
 [51]
 [52]
 [57]
 [57]
 [57]
 [57]
 [57]
 [57]
 [45]
 [48]
 [32]
 [54]
 [48]
 [51]
 [56]
 [46]
 [52]
 [49]
 [51]
 [56]
 [50]
 [51]
 [45]
 [49]] 
------------------------ Dataset: Svl ------------------------
shape: (33, 1), dtype: uint16
Data:[[54]
 [48]
 [53]
 [52]
 [46]
 [48]
 [54]
 [49]
 [55]
 [51]
 [52]
 [45]
 [48]
 [32]
 [54]
 [48]
 [53]
 [52]
 [46]
 [48]
 [53]
 [55]
 [55]
 [53]
 [53]
 [57]
 [57]
 [57]
 [57]
 [57]
 [57]
 [45]
 [49]] 
------------------------ Dataset: Svm ------------------------
shape: (27, 1), dtype: uint16
Data:[[54]
 [48]
 [54]
 [57]
 [46]
 [57]
 [54]
 [53]
 [56]
 [56]
 [53]
 [45]
 [48]
 [32]
 [54]
 [48]
 [54]
 [57]
 [46]
 [57]
 [55]
 [48]
 [51]
 [57]
 [52]
 [45]
 [49]] 
------------------------ Dataset: Svn ------------------------
shape: (16, 1), dtype: uint16
Data:[[101]
 [121]
 [101]
 [ 95]
 [ 99]
 [101]
 [110]
 [116]
 [101]
 [114]
 [ 48]
 [ 95]
 [ 51]
 [100]
 [ 95]
 [121]] 
------------------------ Dataset: Svo ------------------------
shape: (40, 1), dtype: uint16
Data:[[53]
 [54]
 [52]
 [54]
 [46]
 [53]
 [54]
 [48]
 [52]
 [48]
 [50]
 [57]
 [57]
 [57]
 [57]
 [57]
 [57]
 [53]
 [45]
 [48]
 [32]
 [53]
 [54]
 [52]
 [54]
 [46]
 [53]
 [54]
 [50]
 [57]
 [52]
 [54]
 [57]
 [57]
 [57]
 [57]
 [57]
 [57]
 [45]
 [49]] 
------------------------ Dataset: Svp ------------------------
shape: (40, 1), dtype: uint16
Data:[[53]
 [54]
 [54]
 [50]
 [46]
 [50]
 [57]
 [52]
 [48]
 [52]
 [49]
 [57]
 [57]
 [57]
 [57]
 [57]
 [57]
 [53]
 [45]
 [48]
 [32]
 [53]
 [54]
 [54]
 [50]
 [46]
 [50]
 [57]
 [49]
 [53]
 [54]
 [54]
 [57]
 [57]
 [57]
 [57]
 [57]
 [57]
 [45]
 [49]] 
------------------------ Dataset: Svq ------------------------
shape: (27, 1), dtype: uint16
Data:[[53]
 [54]
 [55]
 [56]
 [46]
 [48]
 [49]
 [51]
 [53]
 [52]
 [50]
 [45]
 [48]
 [32]
 [53]
 [54]
 [55]
 [56]
 [46]
 [48]
 [48]
 [57]
 [54]
 [48]
 [49]
 [45]
 [49]] 
------------------------ Dataset: Svr ------------------------
shape: (40, 1), dtype: uint16
Data:[[53]
 [54]
 [57]
 [51]
 [46]
 [55]
 [55]
 [51]
 [53]
 [51]
 [49]
 [57]
 [57]
 [57]
 [57]
 [57]
 [57]
 [45]
 [48]
 [32]
 [53]
 [54]
 [57]
 [51]
 [46]
 [55]
 [55]
 [55]
 [57]
 [56]
 [54]
 [57]
 [57]
 [57]
 [57]
 [57]
 [57]
 [53]
 [45]
 [49]] 
------------------------ Dataset: Svs ------------------------
shape: (33, 1), dtype: uint16
Data:[[54]
 [52]
 [49]
 [55]
 [46]
 [48]
 [57]
 [57]
 [50]
 [53]
 [50]
 [45]
 [48]
 [32]
 [54]
 [52]
 [49]
 [55]
 [46]
 [48]
 [57]
 [57]
 [50]
 [48]
 [54]
 [57]
 [57]
 [57]
 [57]
 [57]
 [57]
 [45]
 [49]] 
------------------------ Dataset: Svt ------------------------
shape: (39, 1), dtype: uint16
Data:[[54]
 [54]
 [48]
 [57]
 [46]
 [49]
 [56]
 [50]
 [49]
 [54]
 [52]
 [57]
 [57]
 [57]
 [57]
 [57]
 [57]
 [45]
 [48]
 [32]
 [54]
 [54]
 [48]
 [57]
 [46]
 [49]
 [55]
 [56]
 [52]
 [51]
 [53]
 [57]
 [57]
 [57]
 [57]
 [57]
 [57]
 [45]
 [49]] 
------------------------ Dataset: Svu ------------------------
shape: (34, 1), dtype: uint16
Data:[[54]
 [54]
 [50]
 [53]
 [46]
 [49]
 [49]
 [48]
 [48]
 [55]
 [49]
 [57]
 [57]
 [57]
 [57]
 [57]
 [57]
 [53]
 [45]
 [48]
 [32]
 [54]
 [54]
 [50]
 [53]
 [46]
 [49]
 [48]
 [56]
 [57]
 [51]
 [52]
 [45]
 [49]] 
------------------------ Dataset: Svv ------------------------
shape: (26, 1), dtype: uint16
Data:[[54]
 [54]
 [52]
 [48]
 [46]
 [57]
 [49]
 [48]
 [51]
 [48]
 [55]
 [45]
 [48]
 [32]
 [54]
 [54]
 [52]
 [48]
 [46]
 [57]
 [49]
 [52]
 [49]
 [51]
 [45]
 [49]] 
------------------------ Dataset: Svw ------------------------
shape: (33, 1), dtype: uint16
Data:[[54]
 [54]
 [53]
 [54]
 [46]
 [53]
 [52]
 [57]
 [53]
 [51]
 [50]
 [57]
 [57]
 [57]
 [57]
 [57]
 [57]
 [45]
 [48]
 [32]
 [54]
 [54]
 [53]
 [54]
 [46]
 [53]
 [53]
 [48]
 [50]
 [52]
 [54]
 [45]
 [49]] 
------------------------ Dataset: Svx ------------------------
shape: (34, 1), dtype: uint16
Data:[[54]
 [54]
 [55]
 [50]
 [46]
 [52]
 [53]
 [48]
 [48]
 [50]
 [53]
 [57]
 [57]
 [57]
 [57]
 [57]
 [57]
 [53]
 [45]
 [48]
 [32]
 [54]
 [54]
 [55]
 [50]
 [46]
 [52]
 [53]
 [52]
 [48]
 [49]
 [54]
 [45]
 [49]] 
------------------------ Dataset: Svy ------------------------
shape: (27, 1), dtype: uint16
Data:[[54]
 [54]
 [56]
 [56]
 [46]
 [51]
 [54]
 [50]
 [48]
 [55]
 [55]
 [45]
 [48]
 [32]
 [54]
 [54]
 [56]
 [56]
 [46]
 [51]
 [53]
 [56]
 [49]
 [51]
 [57]
 [45]
 [49]] 
------------------------ Dataset: Svz ------------------------
shape: (33, 1), dtype: uint16
Data:[[53]
 [57]
 [48]
 [54]
 [46]
 [50]
 [54]
 [55]
 [49]
 [49]
 [54]
 [45]
 [48]
 [32]
 [53]
 [57]
 [48]
 [54]
 [46]
 [50]
 [54]
 [50]
 [48]
 [51]
 [51]
 [57]
 [57]
 [57]
 [57]
 [57]
 [57]
 [45]
 [49]] 
------------------------ Dataset: Sw ------------------------
