shape: (1, 6), dtype: uint32
Data:[[3707764736          2          1          1       1951          1]] 
------------------------ Dataset: qGb ------------------------
shape: (33, 1), dtype: uint16
Data:[[54]
 [55]
 [55]
 [50]
 [46]
 [55]
 [52]
 [52]
 [57]
 [49]
 [52]
 [57]
 [57]
 [57]
 [57]
 [57]
 [57]
 [45]
 [48]
 [32]
 [54]
 [55]
 [55]
 [50]
 [46]
 [55]
 [52]
 [52]
 [56]
 [51]
 [54]
 [45]
 [49]] 
------------------------ Dataset: qGc ------------------------
shape: (41, 1), dtype: uint16
Data:[[54]
 [50]
 [56]
 [53]
 [46]
 [53]
 [51]
 [50]
 [56]
 [56]
 [49]
 [57]
 [57]
 [57]
 [57]
 [57]
 [57]
 [53]
 [45]
 [48]
 [32]
 [54]
 [50]
 [56]
 [53]
 [46]
 [53]
 [51]
 [50]
 [56]
 [56]
 [49]
 [57]
 [57]
 [57]
 [57]
 [57]
 [57]
 [53]
 [45]
 [49]] 
------------------------ Dataset: qGd ------------------------
shape: (27, 1), dtype: uint16
Data:[[54]
 [51]
 [48]
 [49]
 [46]
 [50]
 [57]
 [48]
 [49]
 [56]
 [53]
 [45]
 [48]
 [32]
 [54]
 [51]
 [48]
 [49]
 [46]
 [50]
 [56]
 [55]
 [57]
 [56]
 [50]
 [45]
 [49]] 
------------------------ Dataset: qGe ------------------------
shape: (34, 1), dtype: uint16
Data:[[54]
 [51]
 [49]
 [55]
 [46]
 [49]
 [54]
 [49]
 [57]
 [48]
 [48]
 [57]
 [57]
 [57]
 [57]
 [57]
 [57]
 [53]
 [45]
 [48]
 [32]
 [54]
 [51]
 [49]
 [55]
 [46]
 [49]
 [53]
 [57]
 [49]
 [56]
 [57]
 [45]
 [49]] 
------------------------ Dataset: qGf ------------------------
shape: (33, 1), dtype: uint16
Data:[[54]
 [51]
 [51]
 [50]
 [46]
 [57]
 [57]
 [52]
 [48]
 [50]
 [50]
 [45]
 [48]
 [32]
 [54]
 [51]
 [51]
 [50]
 [46]
 [57]
 [57]
 [56]
 [48]
 [48]
 [57]
 [57]
 [57]
 [57]
 [57]
 [57]
 [57]
 [45]
 [49]] 
------------------------ Dataset: qGg ------------------------
shape: (39, 1), dtype: uint16
Data:[[54]
 [52]
 [57]
 [56]
 [46]
 [49]
 [51]
 [52]
 [48]
 [49]
 [54]
 [57]
 [57]
 [57]
 [57]
 [57]
 [57]
 [45]
 [48]
 [32]
 [54]
 [52]
 [57]
 [56]
 [46]
 [49]
 [51]
 [56]
 [48]
 [54]
 [50]
 [57]
 [57]
 [57]
 [57]
 [57]
 [57]
 [45]
 [49]] 
------------------------ Dataset: qGh ------------------------
shape: (26, 1), dtype: uint16
Data:[[54]
 [53]
 [49]
 [51]
 [46]
 [57]
 [52]
 [50]
 [54]
 [54]
 [57]
 [45]
 [48]
 [32]
 [54]
 [53]
 [49]
 [51]
 [46]
 [57]
 [52]
 [54]
 [50]
 [57]
 [45]
 [49]] 
------------------------ Dataset: qGi ------------------------
shape: (33, 1), dtype: uint16
Data:[[54]
 [53]
 [50]
 [57]
 [46]
 [55]
 [53]
 [48]
 [49]
 [50]
 [57]
 [57]
 [57]
 [57]
 [57]
 [57]
 [57]
 [45]
 [48]
 [32]
 [54]
 [53]
 [50]
 [57]
 [46]
 [55]
 [52]
 [54]
 [54]
 [48]
 [51]
 [45]
 [49]] 
------------------------ Dataset: qGj ------------------------
shape: (39, 1), dtype: uint16
Data:[[54]
 [48]
 [50]
 [53]
 [46]
 [51]
 [48]
 [53]
 [55]
 [50]
 [55]
 [57]
 [57]
 [57]
 [57]
 [57]
 [57]
 [45]
 [48]
 [32]
 [54]
 [48]
 [50]
 [53]
 [46]
 [51]
 [48]
 [57]
 [55]
 [50]
 [55]
 [57]
 [57]
 [57]
 [57]
 [57]
 [57]
 [45]
 [49]] 
------------------------ Dataset: qGk ------------------------
shape: (33, 1), dtype: uint16
Data:[[54]
 [48]
 [52]
 [49]
 [46]
 [48]
 [52]
 [53]
 [57]
 [53]
 [54]
 [57]
 [57]
 [57]
 [57]
 [57]
 [57]
 [45]
 [48]
 [32]
 [54]
 [48]
 [52]
 [49]
 [46]
 [48]
 [53]
 [51]
 [57]
 [54]
 [49]
 [45]
 [49]] 
------------------------ Dataset: qGl ------------------------
shape: (33, 1), dtype: uint16
Data:[[54]
 [48]
 [53]
 [54]
 [46]
 [55]
 [56]
 [48]
 [55]
 [51]
 [52]
 [57]
 [57]
 [57]
 [57]
 [57]
 [57]
 [45]
 [48]
 [32]
 [54]
 [48]
 [53]
 [54]
 [46]
 [55]
 [55]
 [54]
 [48]
 [49]
 [49]
 [45]
 [49]] 
------------------------ Dataset: qGm ------------------------
shape: (27, 1), dtype: uint16
Data:[[54]
 [48]
 [55]
 [50]
 [46]
 [54]
 [55]
 [49]
 [55]
 [48]
 [53]
 [45]
 [48]
 [32]
 [54]
 [48]
 [55]
 [50]
 [46]
 [54]
 [55]
 [49]
 [54]
 [55]
 [54]
 [45]
 [49]] 
------------------------ Dataset: qGn ------------------------
shape: (33, 1), dtype: uint16
Data:[[53]
 [54]
 [51]
 [51]
 [46]
 [53]
 [51]
 [55]
 [54]
 [54]
 [48]
 [57]
 [57]
 [57]
 [57]
 [57]
 [57]
 [45]
 [48]
 [32]
 [53]
 [54]
 [51]
 [51]
 [46]
 [53]
 [52]
 [49]
 [54]
 [49]
 [49]
 [45]
 [49]] 
------------------------ Dataset: qGo ------------------------
shape: (27, 1), dtype: uint16
Data:[[53]
 [54]
 [52]
 [57]
 [46]
 [50]
 [50]
 [49]
 [54]
 [48]
 [51]
 [45]
 [48]
 [32]
 [53]
 [54]
 [52]
 [57]
 [46]
 [50]
 [49]
 [55]
 [55]
 [48]
 [50]
 [45]
 [49]] 
------------------------ Dataset: qGp ------------------------
shape: (34, 1), dtype: uint16
Data:[[53]
 [54]
 [54]
 [52]
 [46]
 [57]
 [53]
 [48]
 [49]
 [55]
 [56]
 [57]
 [57]
 [57]
 [57]
 [57]
 [57]
 [53]
 [45]
 [48]
 [32]
 [53]
 [54]
 [54]
 [52]
 [46]
 [57]
 [53]
 [51]
 [55]
 [48]
 [53]
 [45]
 [49]] 
------------------------ Dataset: qGq ------------------------
shape: (26, 1), dtype: uint16
Data:[[53]
 [54]
 [56]
 [48]
 [46]
 [55]
 [48]
 [49]
 [54]
 [48]
 [52]
 [45]
 [48]
 [32]
 [53]
 [54]
 [56]
 [48]
 [46]
 [55]
 [48]
 [54]
 [50]
 [54]
 [45]
 [49]] 
------------------------ Dataset: qGr ------------------------
shape: (27, 1), dtype: uint16
Data:[[53]
 [56]
 [48]
 [55]
 [46]
 [48]
 [48]
 [53]
 [56]
 [53]
 [54]
 [45]
 [48]
 [32]
 [53]
 [56]
 [48]
 [55]
 [46]
 [48]
 [48]
 [57]
 [54]
 [51]
 [52]
 [45]
 [49]] 
------------------------ Dataset: qGs ------------------------
shape: (32, 1), dtype: uint16
Data:[[54]
 [52]
 [49]
 [57]
 [46]
 [55]
 [56]
 [53]
 [57]
 [55]
 [56]
 [57]
 [57]
 [57]
 [57]
 [57]
 [57]
 [45]
 [48]
 [32]
 [54]
 [52]
 [49]
 [57]
 [46]
 [55]
 [56]
 [50]
 [48]
 [52]
 [45]
 [49]] 
------------------------ Dataset: qGt ------------------------
shape: (27, 1), dtype: uint16
Data:[[54]
 [54]
 [49]
 [49]
 [46]
 [56]
 [56]
 [54]
 [52]
 [57]
 [54]
 [45]
 [48]
 [32]
 [54]
 [54]
 [49]
 [49]
 [46]
 [56]
 [57]
 [48]
 [51]
 [57]
 [56]
 [45]
 [49]] 
------------------------ Dataset: qGu ------------------------
shape: (40, 1), dtype: uint16
Data:[[54]
 [54]
 [50]
 [55]
 [46]
 [55]
 [57]
 [56]
 [49]
 [54]
 [55]
 [57]
 [57]
 [57]
 [57]
 [57]
 [57]
 [45]
 [48]
 [32]
 [54]
 [54]
 [50]
 [55]
 [46]
 [55]
 [57]
 [52]
 [48]
 [57]
 [50]
 [57]
 [57]
 [57]
 [57]
 [57]
 [57]
 [53]
 [45]
 [49]] 
------------------------ Dataset: qGv ------------------------
shape: (27, 1), dtype: uint16
Data:[[54]
 [54]
 [52]
 [51]
 [46]
 [53]
 [53]
 [48]
 [57]
 [48]
 [52]
 [45]
 [48]
 [32]
 [54]
 [54]
 [52]
 [51]
 [46]
 [53]
 [53]
 [49]
 [50]
 [52]
 [50]
 [45]
 [49]] 
------------------------ Dataset: qGw ------------------------
shape: (19, 1), dtype: uint16
Data:[[54]
 [54]
 [53]
 [57]
 [46]
 [50]
 [57]
 [49]
 [56]
 [52]
 [51]
 [57]
 [57]
 [57]
 [57]
 [57]
 [57]
 [45]
 [48]] 
------------------------ Dataset: qGx ------------------------
shape: (27, 1), dtype: uint16
Data:[[54]
 [54]
 [55]
 [53]
 [46]
 [49]
 [53]
 [52]
 [48]
 [52]
 [55]
 [45]
 [48]
 [32]
 [54]
 [54]
 [55]
 [53]
 [46]
 [49]
 [53]
 [48]
 [48]
 [48]
 [51]
 [45]
 [49]] 
------------------------ Dataset: qGy ------------------------
shape: (27, 1), dtype: uint16
Data:[[54]
 [54]
 [57]
 [49]
 [46]
 [48]
 [55]
 [52]
 [48]
 [53]
 [53]
 [45]
 [48]
 [32]
 [54]
 [54]
 [57]
 [49]
 [46]
 [48]
 [55]
 [48]
 [49]
 [56]
 [51]
 [45]
 [49]] 
------------------------ Dataset: qGz ------------------------
shape: (19, 1), dtype: uint16
Data:[[53]
 [57]
 [48]
 [56]
 [46]
 [57]
 [52]
 [57]
 [56]
 [51]
 [57]
 [57]
 [57]
 [57]
 [57]
 [57]
 [57]
 [45]
 [48]] 
------------------------ Dataset: qH ------------------------
