shape: (1, 6), dtype: uint32
Data:[[3707764736          2          1          1        283          1]] 
------------------------ Dataset: Reb ------------------------
shape: (33, 1), dtype: uint16
Data:[[54]
 [55]
 [54]
 [53]
 [46]
 [55]
 [48]
 [54]
 [51]
 [54]
 [50]
 [57]
 [57]
 [57]
 [57]
 [57]
 [57]
 [45]
 [48]
 [32]
 [54]
 [55]
 [54]
 [53]
 [46]
 [55]
 [48]
 [50]
 [50]
 [52]
 [51]
 [45]
 [49]] 
------------------------ Dataset: Rec ------------------------
shape: (27, 1), dtype: uint16
Data:[[54]
 [55]
 [56]
 [49]
 [46]
 [53]
 [54]
 [50]
 [48]
 [53]
 [57]
 [45]
 [48]
 [32]
 [54]
 [55]
 [56]
 [49]
 [46]
 [53]
 [53]
 [56]
 [50]
 [52]
 [52]
 [45]
 [49]] 
------------------------ Dataset: Red ------------------------
shape: (34, 1), dtype: uint16
Data:[[54]
 [50]
 [57]
 [52]
 [46]
 [51]
 [48]
 [49]
 [57]
 [50]
 [50]
 [45]
 [48]
 [32]
 [54]
 [50]
 [57]
 [52]
 [46]
 [50]
 [57]
 [55]
 [56]
 [56]
 [56]
 [57]
 [57]
 [57]
 [57]
 [57]
 [57]
 [53]
 [45]
 [49]] 
------------------------ Dataset: Ree ------------------------
shape: (33, 1), dtype: uint16
Data:[[54]
 [51]
 [49]
 [48]
 [46]
 [49]
 [50]
 [48]
 [54]
 [52]
 [50]
 [57]
 [57]
 [57]
 [57]
 [57]
 [57]
 [45]
 [48]
 [32]
 [54]
 [51]
 [49]
 [48]
 [46]
 [49]
 [50]
 [48]
 [54]
 [54]
 [52]
 [45]
 [49]] 
------------------------ Dataset: Ref ------------------------
shape: (27, 1), dtype: uint16
Data:[[54]
 [51]
 [50]
 [53]
 [46]
 [57]
 [55]
 [53]
 [54]
 [50]
 [55]
 [45]
 [48]
 [32]
 [54]
 [51]
 [50]
 [53]
 [46]
 [57]
 [55]
 [50]
 [56]
 [57]
 [53]
 [45]
 [49]] 
------------------------ Dataset: Reg ------------------------
shape: (33, 1), dtype: uint16
Data:[[54]
 [51]
 [52]
 [49]
 [46]
 [55]
 [57]
 [56]
 [49]
 [54]
 [57]
 [45]
 [48]
 [32]
 [54]
 [51]
 [52]
 [49]
 [46]
 [56]
 [48]
 [53]
 [55]
 [49]
 [49]
 [57]
 [57]
 [57]
 [57]
 [57]
 [57]
 [45]
 [49]] 
------------------------ Dataset: Reh ------------------------
shape: (39, 1), dtype: uint16
Data:[[54]
 [53]
 [48]
 [54]
 [46]
 [57]
 [48]
 [54]
 [53]
 [52]
 [48]
 [57]
 [57]
 [57]
 [57]
 [57]
 [57]
 [45]
 [48]
 [32]
 [54]
 [53]
 [48]
 [54]
 [46]
 [57]
 [49]
 [48]
 [50]
 [51]
 [57]
 [57]
 [57]
 [57]
 [57]
 [57]
 [57]
 [45]
 [49]] 
------------------------ Dataset: Rei ------------------------
shape: (34, 1), dtype: uint16
Data:[[54]
 [53]
 [50]
 [50]
 [46]
 [55]
 [51]
 [49]
 [50]
 [50]
 [52]
 [57]
 [57]
 [57]
 [57]
 [57]
 [57]
 [53]
 [45]
 [48]
 [32]
 [54]
 [53]
 [50]
 [50]
 [46]
 [55]
 [50]
 [52]
 [50]
 [52]
 [49]
 [45]
 [49]] 
------------------------ Dataset: Rej ------------------------
shape: (27, 1), dtype: uint16
Data:[[54]
 [48]
 [49]
 [56]
 [46]
 [50]
 [57]
 [51]
 [55]
 [50]
 [57]
 [45]
 [48]
 [32]
 [54]
 [48]
 [49]
 [56]
 [46]
 [50]
 [57]
 [55]
 [56]
 [55]
 [52]
 [45]
 [49]] 
------------------------ Dataset: Rek ------------------------
shape: (34, 1), dtype: uint16
Data:[[54]
 [48]
 [51]
 [52]
 [46]
 [49]
 [48]
 [53]
 [54]
 [56]
 [52]
 [57]
 [57]
 [57]
 [57]
 [57]
 [57]
 [53]
 [45]
 [48]
 [32]
 [54]
 [48]
 [51]
 [52]
 [46]
 [48]
 [57]
 [57]
 [55]
 [50]
 [49]
 [45]
 [49]] 
------------------------ Dataset: Rel ------------------------
shape: (33, 1), dtype: uint16
Data:[[54]
 [48]
 [52]
 [57]
 [46]
 [55]
 [48]
 [53]
 [57]
 [55]
 [56]
 [57]
 [57]
 [57]
 [57]
 [57]
 [57]
 [45]
 [48]
 [32]
 [54]
 [48]
 [52]
 [57]
 [46]
 [55]
 [48]
 [57]
 [55]
 [54]
 [53]
 [45]
 [49]] 
------------------------ Dataset: Rem ------------------------
shape: (33, 1), dtype: uint16
Data:[[54]
 [48]
 [54]
 [53]
 [46]
 [54]
 [48]
 [49]
 [56]
 [51]
 [56]
 [45]
 [48]
 [32]
 [54]
 [48]
 [54]
 [53]
 [46]
 [54]
 [48]
 [53]
 [55]
 [52]
 [56]
 [57]
 [57]
 [57]
 [57]
 [57]
 [57]
 [45]
 [49]] 
------------------------ Dataset: Ren ------------------------
shape: (33, 1), dtype: uint16
Data:[[54]
 [48]
 [56]
 [49]
 [46]
 [53]
 [53]
 [48]
 [54]
 [57]
 [55]
 [45]
 [48]
 [32]
 [54]
 [48]
 [56]
 [49]
 [46]
 [53]
 [53]
 [48]
 [56]
 [52]
 [56]
 [57]
 [57]
 [57]
 [57]
 [57]
 [57]
 [45]
 [49]] 
------------------------ Dataset: Reo ------------------------
shape: (26, 1), dtype: uint16
Data:[[53]
 [54]
 [52]
 [50]
 [46]
 [50]
 [52]
 [57]
 [53]
 [56]
 [56]
 [45]
 [48]
 [32]
 [53]
 [54]
 [52]
 [50]
 [46]
 [50]
 [52]
 [54]
 [48]
 [49]
 [45]
 [49]] 
------------------------ Dataset: Rep ------------------------
shape: (33, 1), dtype: uint16
Data:[[53]
 [54]
 [53]
 [56]
 [46]
 [48]
 [48]
 [57]
 [49]
 [54]
 [57]
 [45]
 [48]
 [32]
 [53]
 [54]
 [53]
 [56]
 [46]
 [48]
 [48]
 [57]
 [52]
 [57]
 [49]
 [57]
 [57]
 [57]
 [57]
 [57]
 [57]
 [45]
 [49]] 
------------------------ Dataset: Req ------------------------
shape: (32, 1), dtype: uint16
Data:[[53]
 [54]
 [55]
 [51]
 [46]
 [55]
 [48]
 [53]
 [55]
 [55]
 [45]
 [48]
 [32]
 [53]
 [54]
 [55]
 [51]
 [46]
 [55]
 [48]
 [57]
 [55]
 [56]
 [50]
 [57]
 [57]
 [57]
 [57]
 [57]
 [57]
 [45]
 [49]] 
------------------------ Dataset: Rer ------------------------
shape: (27, 1), dtype: uint16
Data:[[53]
 [54]
 [56]
 [57]
 [46]
 [52]
 [56]
 [52]
 [49]
 [55]
 [56]
 [45]
 [48]
 [32]
 [53]
 [54]
 [56]
 [57]
 [46]
 [52]
 [55]
 [51]
 [54]
 [49]
 [55]
 [45]
 [49]] 
------------------------ Dataset: Res ------------------------
shape: (34, 1), dtype: uint16
Data:[[54]
 [52]
 [49]
 [50]
 [46]
 [55]
 [54]
 [51]
 [57]
 [52]
 [54]
 [57]
 [57]
 [57]
 [57]
 [57]
 [57]
 [53]
 [45]
 [48]
 [32]
 [54]
 [52]
 [49]
 [50]
 [46]
 [55]
 [54]
 [51]
 [56]
 [49]
 [57]
 [45]
 [49]] 
------------------------ Dataset: Ret ------------------------
shape: (13, 1), dtype: uint16
Data:[[54]
 [54]
 [48]
 [52]
 [46]
 [56]
 [49]
 [55]
 [56]
 [51]
 [53]
 [45]
 [49]] 
------------------------ Dataset: Reu ------------------------
shape: (33, 1), dtype: uint16
Data:[[54]
 [54]
 [50]
 [48]
 [46]
 [55]
 [57]
 [53]
 [51]
 [52]
 [51]
 [45]
 [48]
 [32]
 [54]
 [54]
 [50]
 [48]
 [46]
 [55]
 [57]
 [53]
 [49]
 [50]
 [51]
 [57]
 [57]
 [57]
 [57]
 [57]
 [57]
 [45]
 [49]] 
------------------------ Dataset: Rev ------------------------
shape: (34, 1), dtype: uint16
Data:[[54]
 [54]
 [51]
 [54]
 [46]
 [54]
 [52]
 [50]
 [48]
 [53]
 [51]
 [45]
 [48]
 [32]
 [54]
 [54]
 [51]
 [54]
 [46]
 [54]
 [52]
 [54]
 [48]
 [56]
 [55]
 [57]
 [57]
 [57]
 [57]
 [57]
 [57]
 [53]
 [45]
 [49]] 
------------------------ Dataset: Rew ------------------------
shape: (33, 1), dtype: uint16
Data:[[54]
 [54]
 [53]
 [50]
 [46]
 [50]
 [51]
 [50]
 [49]
 [52]
 [53]
 [57]
 [57]
 [57]
 [57]
 [57]
 [57]
 [45]
 [48]
 [32]
 [54]
 [54]
 [53]
 [50]
 [46]
 [50]
 [51]
 [48]
 [51]
 [52]
 [56]
 [45]
 [49]] 
------------------------ Dataset: Rex ------------------------
shape: (34, 1), dtype: uint16
Data:[[54]
 [54]
 [54]
 [56]
 [46]
 [48]
 [57]
 [52]
 [49]
 [56]
 [48]
 [57]
 [57]
 [57]
 [57]
 [57]
 [57]
 [53]
 [45]
 [48]
 [32]
 [54]
 [54]
 [54]
 [56]
 [46]
 [48]
 [57]
 [48]
 [49]
 [53]
 [56]
 [45]
 [49]] 
------------------------ Dataset: Rey ------------------------
shape: (26, 1), dtype: uint16
Data:[[54]
 [54]
 [56]
 [52]
 [46]
 [48]
 [48]
 [54]
 [49]
 [57]
 [45]
 [48]
 [32]
 [54]
 [54]
 [56]
 [52]
 [46]
 [48]
 [48]
 [50]
 [49]
 [50]
 [55]
 [45]
 [49]] 
------------------------ Dataset: Rez ------------------------
shape: (40, 1), dtype: uint16
Data:[[53]
 [57]
 [48]
 [49]
 [46]
 [57]
 [51]
 [55]
 [54]
 [54]
 [57]
 [57]
 [57]
 [57]
 [57]
 [57]
 [57]
 [45]
 [48]
 [32]
 [53]
 [57]
 [48]
 [49]
 [46]
 [57]
 [51]
 [51]
 [54]
 [55]
 [50]
 [57]
 [57]
 [57]
 [57]
 [57]
 [57]
 [53]
 [45]
 [49]] 
------------------------ Dataset: Rf ------------------------
