shape: (1, 6), dtype: uint32
Data:[[3707764736          2          1          1        686          1]] 
------------------------ Dataset: wlb ------------------------
shape: (34, 1), dtype: uint16
Data:[[54]
 [55]
 [54]
 [55]
 [46]
 [52]
 [48]
 [54]
 [49]
 [50]
 [52]
 [45]
 [48]
 [32]
 [54]
 [55]
 [54]
 [55]
 [46]
 [52]
 [48]
 [50]
 [49]
 [53]
 [54]
 [57]
 [57]
 [57]
 [57]
 [57]
 [57]
 [53]
 [45]
 [49]] 
------------------------ Dataset: wlc ------------------------
shape: (33, 1), dtype: uint16
Data:[[54]
 [50]
 [56]
 [48]
 [46]
 [49]
 [57]
 [55]
 [56]
 [51]
 [53]
 [45]
 [48]
 [32]
 [54]
 [50]
 [56]
 [48]
 [46]
 [49]
 [57]
 [52]
 [49]
 [54]
 [56]
 [57]
 [57]
 [57]
 [57]
 [57]
 [57]
 [45]
 [49]] 
------------------------ Dataset: wld ------------------------
shape: (13, 1), dtype: uint16
Data:[[54]
 [50]
 [57]
 [53]
 [46]
 [57]
 [55]
 [52]
 [48]
 [57]
 [57]
 [45]
 [48]] 
------------------------ Dataset: wle ------------------------
shape: (33, 1), dtype: uint16
Data:[[54]
 [51]
 [49]
 [49]
 [46]
 [56]
 [49]
 [51]
 [56]
 [56]
 [57]
 [45]
 [48]
 [32]
 [54]
 [51]
 [49]
 [49]
 [46]
 [56]
 [49]
 [55]
 [57]
 [48]
 [56]
 [57]
 [57]
 [57]
 [57]
 [57]
 [57]
 [45]
 [49]] 
------------------------ Dataset: wlf ------------------------
shape: (33, 1), dtype: uint16
Data:[[54]
 [51]
 [50]
 [55]
 [46]
 [54]
 [56]
 [53]
 [57]
 [48]
 [52]
 [45]
 [48]
 [32]
 [54]
 [51]
 [50]
 [55]
 [46]
 [54]
 [57]
 [48]
 [49]
 [52]
 [54]
 [57]
 [57]
 [57]
 [57]
 [57]
 [57]
 [45]
 [49]] 
------------------------ Dataset: wlg ------------------------
shape: (32, 1), dtype: uint16
Data:[[54]
 [51]
 [52]
 [51]
 [46]
 [53]
 [48]
 [57]
 [57]
 [53]
 [54]
 [57]
 [57]
 [57]
 [57]
 [57]
 [57]
 [45]
 [48]
 [32]
 [54]
 [51]
 [52]
 [51]
 [46]
 [53]
 [49]
 [52]
 [48]
 [56]
 [45]
 [49]] 
------------------------ Dataset: wlh ------------------------
shape: (27, 1), dtype: uint16
Data:[[54]
 [53]
 [48]
 [56]
 [46]
 [53]
 [56]
 [54]
 [48]
 [53]
 [56]
 [45]
 [48]
 [32]
 [54]
 [53]
 [48]
 [56]
 [46]
 [53]
 [57]
 [48]
 [49]
 [52]
 [50]
 [45]
 [49]] 
------------------------ Dataset: wli ------------------------
shape: (27, 1), dtype: uint16
Data:[[54]
 [53]
 [50]
 [52]
 [46]
 [52]
 [49]
 [48]
 [49]
 [48]
 [52]
 [45]
 [48]
 [32]
 [54]
 [53]
 [50]
 [52]
 [46]
 [52]
 [49]
 [52]
 [48]
 [55]
 [56]
 [45]
 [49]] 
------------------------ Dataset: wlj ------------------------
shape: (27, 1), dtype: uint16
Data:[[54]
 [48]
 [49]
 [57]
 [46]
 [57]
 [55]
 [55]
 [56]
 [51]
 [53]
 [45]
 [48]
 [32]
 [54]
 [48]
 [49]
 [57]
 [46]
 [57]
 [56]
 [53]
 [56]
 [57]
 [53]
 [45]
 [49]] 
------------------------ Dataset: wlk ------------------------
shape: (33, 1), dtype: uint16
Data:[[54]
 [48]
 [51]
 [53]
 [46]
 [56]
 [48]
 [49]
 [55]
 [48]
 [48]
 [57]
 [57]
 [57]
 [57]
 [57]
 [57]
 [45]
 [48]
 [32]
 [54]
 [48]
 [51]
 [53]
 [46]
 [56]
 [48]
 [54]
 [54]
 [49]
 [54]
 [45]
 [49]] 
------------------------ Dataset: wll ------------------------
shape: (33, 1), dtype: uint16
Data:[[54]
 [48]
 [53]
 [49]
 [46]
 [52]
 [48]
 [57]
 [55]
 [52]
 [55]
 [45]
 [48]
 [32]
 [54]
 [48]
 [53]
 [49]
 [46]
 [52]
 [49]
 [51]
 [55]
 [51]
 [55]
 [57]
 [57]
 [57]
 [57]
 [57]
 [57]
 [45]
 [49]] 
------------------------ Dataset: wlm ------------------------
shape: (33, 1), dtype: uint16
Data:[[54]
 [48]
 [54]
 [55]
 [46]
 [51]
 [49]
 [51]
 [55]
 [53]
 [55]
 [57]
 [57]
 [57]
 [57]
 [57]
 [57]
 [45]
 [48]
 [32]
 [54]
 [48]
 [54]
 [55]
 [46]
 [51]
 [49]
 [55]
 [56]
 [48]
 [53]
 [45]
 [49]] 
------------------------ Dataset: wln ------------------------
shape: (33, 1), dtype: uint16
Data:[[54]
 [48]
 [56]
 [51]
 [46]
 [50]
 [53]
 [55]
 [55]
 [54]
 [49]
 [57]
 [57]
 [57]
 [57]
 [57]
 [57]
 [45]
 [48]
 [32]
 [54]
 [48]
 [56]
 [51]
 [46]
 [50]
 [54]
 [49]
 [56]
 [54]
 [54]
 [45]
 [49]] 
------------------------ Dataset: wlo ------------------------
shape: (27, 1), dtype: uint16
Data:[[53]
 [54]
 [52]
 [51]
 [46]
 [57]
 [50]
 [57]
 [53]
 [55]
 [53]
 [45]
 [48]
 [32]
 [53]
 [54]
 [52]
 [51]
 [46]
 [57]
 [51]
 [51]
 [53]
 [55]
 [56]
 [45]
 [49]] 
------------------------ Dataset: wlp ------------------------
shape: (27, 1), dtype: uint16
Data:[[53]
 [54]
 [53]
 [57]
 [46]
 [54]
 [56]
 [49]
 [57]
 [54]
 [56]
 [45]
 [48]
 [32]
 [53]
 [54]
 [53]
 [57]
 [46]
 [54]
 [56]
 [53]
 [55]
 [54]
 [54]
 [45]
 [49]] 
------------------------ Dataset: wlq ------------------------
shape: (33, 1), dtype: uint16
Data:[[53]
 [54]
 [55]
 [53]
 [46]
 [51]
 [56]
 [57]
 [54]
 [51]
 [52]
 [45]
 [48]
 [32]
 [53]
 [54]
 [55]
 [53]
 [46]
 [51]
 [56]
 [53]
 [54]
 [50]
 [56]
 [57]
 [57]
 [57]
 [57]
 [57]
 [57]
 [45]
 [49]] 
------------------------ Dataset: wlr ------------------------
shape: (33, 1), dtype: uint16
Data:[[53]
 [54]
 [57]
 [49]
 [46]
 [49]
 [55]
 [51]
 [52]
 [57]
 [55]
 [45]
 [48]
 [32]
 [53]
 [54]
 [57]
 [49]
 [46]
 [49]
 [54]
 [57]
 [53]
 [57]
 [49]
 [57]
 [57]
 [57]
 [57]
 [57]
 [57]
 [45]
 [49]] 
------------------------ Dataset: wls ------------------------
shape: (33, 1), dtype: uint16
Data:[[54]
 [52]
 [49]
 [52]
 [46]
 [52]
 [51]
 [51]
 [57]
 [57]
 [52]
 [57]
 [57]
 [57]
 [57]
 [57]
 [57]
 [45]
 [48]
 [32]
 [54]
 [52]
 [49]
 [52]
 [46]
 [52]
 [51]
 [55]
 [57]
 [54]
 [57]
 [45]
 [49]] 
------------------------ Dataset: wlt ------------------------
shape: (27, 1), dtype: uint16
Data:[[54]
 [54]
 [48]
 [54]
 [46]
 [53]
 [49]
 [56]
 [49]
 [54]
 [52]
 [45]
 [48]
 [32]
 [54]
 [54]
 [48]
 [54]
 [46]
 [53]
 [49]
 [52]
 [50]
 [50]
 [50]
 [45]
 [49]] 
------------------------ Dataset: wlu ------------------------
shape: (33, 1), dtype: uint16
Data:[[54]
 [54]
 [50]
 [50]
 [46]
 [52]
 [55]
 [48]
 [52]
 [53]
 [50]
 [45]
 [48]
 [32]
 [54]
 [54]
 [50]
 [50]
 [46]
 [52]
 [55]
 [52]
 [48]
 [57]
 [51]
 [57]
 [57]
 [57]
 [57]
 [57]
 [57]
 [45]
 [49]] 
------------------------ Dataset: wlv ------------------------
shape: (34, 1), dtype: uint16
Data:[[54]
 [54]
 [51]
 [56]
 [46]
 [51]
 [49]
 [56]
 [50]
 [53]
 [49]
 [45]
 [48]
 [32]
 [54]
 [54]
 [51]
 [56]
 [46]
 [51]
 [50]
 [50]
 [50]
 [51]
 [49]
 [57]
 [57]
 [57]
 [57]
 [57]
 [57]
 [53]
 [45]
 [49]] 
------------------------ Dataset: wlw ------------------------
shape: (27, 1), dtype: uint16
Data:[[54]
 [54]
 [53]
 [51]
 [46]
 [57]
 [49]
 [48]
 [49]
 [49]
 [56]
 [45]
 [48]
 [32]
 [54]
 [54]
 [53]
 [51]
 [46]
 [57]
 [49]
 [55]
 [48]
 [51]
 [52]
 [45]
 [49]] 
------------------------ Dataset: wlx ------------------------
shape: (26, 1), dtype: uint16
Data:[[54]
 [54]
 [54]
 [57]
 [46]
 [55]
 [57]
 [56]
 [53]
 [52]
 [45]
 [48]
 [32]
 [54]
 [54]
 [54]
 [57]
 [46]
 [55]
 [57]
 [52]
 [48]
 [52]
 [51]
 [45]
 [49]] 
------------------------ Dataset: wly ------------------------
shape: (13, 1), dtype: uint16
Data:[[54]
 [54]
 [56]
 [53]
 [46]
 [55]
 [50]
 [54]
 [48]
 [57]
 [52]
 [45]
 [48]] 
------------------------ Dataset: wlz ------------------------
shape: (20, 1), dtype: uint16
Data:[[53]
 [57]
 [48]
 [51]
 [46]
 [54]
 [52]
 [52]
 [54]
 [50]
 [48]
 [57]
 [57]
 [57]
 [57]
 [57]
 [57]
 [53]
 [45]
 [48]] 
------------------------ Dataset: wm ------------------------
