shape: (1, 6), dtype: uint32
Data:[[3707764736          2          1          1       1491          1]] 
------------------------ Dataset: Pyb ------------------------
shape: (27, 1), dtype: uint16
Data:[[54]
 [55]
 [55]
 [48]
 [46]
 [56]
 [49]
 [52]
 [50]
 [50]
 [55]
 [45]
 [48]
 [32]
 [54]
 [55]
 [55]
 [48]
 [46]
 [56]
 [50]
 [50]
 [51]
 [52]
 [54]
 [45]
 [49]] 
------------------------ Dataset: Pyc ------------------------
shape: (33, 1), dtype: uint16
Data:[[54]
 [50]
 [56]
 [51]
 [46]
 [53]
 [56]
 [53]
 [56]
 [52]
 [57]
 [45]
 [48]
 [32]
 [54]
 [50]
 [56]
 [51]
 [46]
 [53]
 [56]
 [49]
 [56]
 [51]
 [50]
 [57]
 [57]
 [57]
 [57]
 [57]
 [57]
 [45]
 [49]] 
------------------------ Dataset: Pyd ------------------------
shape: (40, 1), dtype: uint16
Data:[[54]
 [50]
 [57]
 [57]
 [46]
 [51]
 [54]
 [49]
 [56]
 [49]
 [50]
 [57]
 [57]
 [57]
 [57]
 [57]
 [57]
 [53]
 [45]
 [48]
 [32]
 [54]
 [50]
 [57]
 [57]
 [46]
 [51]
 [53]
 [56]
 [49]
 [52]
 [55]
 [57]
 [57]
 [57]
 [57]
 [57]
 [57]
 [45]
 [49]] 
------------------------ Dataset: Pye ------------------------
shape: (27, 1), dtype: uint16
Data:[[54]
 [51]
 [49]
 [53]
 [46]
 [50]
 [50]
 [54]
 [54]
 [52]
 [50]
 [45]
 [48]
 [32]
 [54]
 [51]
 [49]
 [53]
 [46]
 [50]
 [51]
 [48]
 [49]
 [55]
 [53]
 [45]
 [49]] 
------------------------ Dataset: Pyf ------------------------
shape: (26, 1), dtype: uint16
Data:[[54]
 [51]
 [51]
 [49]
 [46]
 [48]
 [53]
 [48]
 [49]
 [54]
 [45]
 [48]
 [32]
 [54]
 [51]
 [51]
 [49]
 [46]
 [48]
 [53]
 [51]
 [57]
 [54]
 [55]
 [45]
 [49]] 
------------------------ Dataset: Pyg ------------------------
shape: (39, 1), dtype: uint16
Data:[[54]
 [51]
 [52]
 [54]
 [46]
 [56]
 [57]
 [56]
 [54]
 [48]
 [52]
 [57]
 [57]
 [57]
 [57]
 [57]
 [57]
 [45]
 [48]
 [32]
 [54]
 [51]
 [52]
 [54]
 [46]
 [56]
 [57]
 [52]
 [49]
 [54]
 [56]
 [57]
 [57]
 [57]
 [57]
 [57]
 [57]
 [45]
 [49]] 
------------------------ Dataset: Pyh ------------------------
shape: (32, 1), dtype: uint16
Data:[[54]
 [53]
 [49]
 [49]
 [46]
 [57]
 [55]
 [52]
 [49]
 [50]
 [45]
 [48]
 [32]
 [54]
 [53]
 [49]
 [49]
 [46]
 [57]
 [55]
 [56]
 [48]
 [53]
 [51]
 [57]
 [57]
 [57]
 [57]
 [57]
 [57]
 [45]
 [49]] 
------------------------ Dataset: Pyi ------------------------
shape: (27, 1), dtype: uint16
Data:[[54]
 [53]
 [50]
 [55]
 [46]
 [56]
 [49]
 [52]
 [49]
 [49]
 [54]
 [45]
 [48]
 [32]
 [54]
 [53]
 [50]
 [55]
 [46]
 [56]
 [49]
 [48]
 [52]
 [50]
 [56]
 [45]
 [49]] 
------------------------ Dataset: Pyj ------------------------
shape: (26, 1), dtype: uint16
Data:[[54]
 [48]
 [50]
 [51]
 [46]
 [51]
 [57]
 [51]
 [56]
 [52]
 [45]
 [48]
 [32]
 [54]
 [48]
 [50]
 [51]
 [46]
 [51]
 [57]
 [55]
 [54]
 [54]
 [49]
 [45]
 [49]] 
------------------------ Dataset: Pyk ------------------------
shape: (33, 1), dtype: uint16
Data:[[54]
 [48]
 [51]
 [57]
 [46]
 [49]
 [52]
 [57]
 [56]
 [49]
 [54]
 [45]
 [48]
 [32]
 [54]
 [48]
 [51]
 [57]
 [46]
 [49]
 [52]
 [57]
 [57]
 [53]
 [53]
 [57]
 [57]
 [57]
 [57]
 [57]
 [57]
 [45]
 [49]] 
------------------------ Dataset: Pyl ------------------------
shape: (27, 1), dtype: uint16
Data:[[54]
 [48]
 [53]
 [52]
 [46]
 [56]
 [48]
 [53]
 [55]
 [53]
 [52]
 [45]
 [48]
 [32]
 [54]
 [48]
 [53]
 [52]
 [46]
 [56]
 [48]
 [49]
 [56]
 [51]
 [55]
 [45]
 [49]] 
------------------------ Dataset: Pym ------------------------
shape: (32, 1), dtype: uint16
Data:[[54]
 [48]
 [55]
 [48]
 [46]
 [55]
 [52]
 [49]
 [55]
 [51]
 [51]
 [57]
 [57]
 [57]
 [57]
 [57]
 [57]
 [45]
 [48]
 [32]
 [54]
 [48]
 [55]
 [48]
 [46]
 [55]
 [52]
 [53]
 [56]
 [52]
 [45]
 [49]] 
------------------------ Dataset: Pyn ------------------------
shape: (33, 1), dtype: uint16
Data:[[53]
 [54]
 [51]
 [49]
 [46]
 [54]
 [49]
 [55]
 [53]
 [54]
 [56]
 [45]
 [48]
 [32]
 [53]
 [54]
 [51]
 [49]
 [46]
 [54]
 [50]
 [50]
 [50]
 [48]
 [48]
 [57]
 [57]
 [57]
 [57]
 [57]
 [57]
 [45]
 [49]] 
------------------------ Dataset: Pyo ------------------------
shape: (33, 1), dtype: uint16
Data:[[53]
 [54]
 [52]
 [55]
 [46]
 [50]
 [57]
 [51]
 [53]
 [57]
 [55]
 [57]
 [57]
 [57]
 [57]
 [57]
 [57]
 [45]
 [48]
 [32]
 [53]
 [54]
 [52]
 [55]
 [46]
 [50]
 [57]
 [48]
 [51]
 [56]
 [49]
 [45]
 [49]] 
------------------------ Dataset: Pyp ------------------------
shape: (33, 1), dtype: uint16
Data:[[53]
 [54]
 [54]
 [51]
 [46]
 [48]
 [50]
 [57]
 [54]
 [51]
 [56]
 [57]
 [57]
 [57]
 [57]
 [57]
 [57]
 [45]
 [48]
 [32]
 [53]
 [54]
 [54]
 [51]
 [46]
 [48]
 [51]
 [51]
 [54]
 [56]
 [51]
 [45]
 [49]] 
------------------------ Dataset: Pyq ------------------------
shape: (33, 1), dtype: uint16
Data:[[53]
 [54]
 [55]
 [56]
 [46]
 [55]
 [55]
 [52]
 [52]
 [51]
 [55]
 [45]
 [48]
 [32]
 [53]
 [54]
 [55]
 [56]
 [46]
 [55]
 [55]
 [56]
 [52]
 [56]
 [56]
 [57]
 [57]
 [57]
 [57]
 [57]
 [57]
 [45]
 [49]] 
------------------------ Dataset: Pyr ------------------------
shape: (25, 1), dtype: uint16
Data:[[53]
 [54]
 [57]
 [52]
 [46]
 [53]
 [50]
 [49]
 [54]
 [56]
 [45]
 [48]
 [32]
 [53]
 [54]
 [57]
 [52]
 [46]
 [53]
 [50]
 [53]
 [54]
 [49]
 [45]
 [49]] 
------------------------ Dataset: Pys ------------------------
shape: (34, 1), dtype: uint16
Data:[[54]
 [52]
 [49]
 [55]
 [46]
 [56]
 [52]
 [49]
 [57]
 [50]
 [54]
 [57]
 [57]
 [57]
 [57]
 [57]
 [57]
 [53]
 [45]
 [48]
 [32]
 [54]
 [52]
 [49]
 [55]
 [46]
 [56]
 [51]
 [55]
 [57]
 [57]
 [50]
 [45]
 [49]] 
------------------------ Dataset: Pyt ------------------------
shape: (12, 1), dtype: uint16
Data:[[54]
 [54]
 [48]
 [57]
 [46]
 [57]
 [51]
 [48]
 [49]
 [50]
 [45]
 [48]] 
------------------------ Dataset: Pyu ------------------------
shape: (39, 1), dtype: uint16
Data:[[54]
 [54]
 [50]
 [53]
 [46]
 [56]
 [55]
 [48]
 [48]
 [53]
 [49]
 [57]
 [57]
 [57]
 [57]
 [57]
 [57]
 [45]
 [48]
 [32]
 [54]
 [54]
 [50]
 [53]
 [46]
 [56]
 [56]
 [48]
 [50]
 [50]
 [56]
 [57]
 [57]
 [57]
 [57]
 [57]
 [57]
 [45]
 [49]] 
------------------------ Dataset: Pyv ------------------------
shape: (13, 1), dtype: uint16
Data:[[54]
 [54]
 [52]
 [49]
 [46]
 [54]
 [52]
 [54]
 [51]
 [57]
 [51]
 [45]
 [49]] 
------------------------ Dataset: Pyw ------------------------
shape: (27, 1), dtype: uint16
Data:[[54]
 [54]
 [53]
 [55]
 [46]
 [51]
 [51]
 [48]
 [48]
 [48]
 [55]
 [45]
 [48]
 [32]
 [54]
 [54]
 [53]
 [55]
 [46]
 [51]
 [50]
 [54]
 [49]
 [50]
 [49]
 [45]
 [49]] 
------------------------ Dataset: Pyx ------------------------
shape: (34, 1), dtype: uint16
Data:[[54]
 [54]
 [55]
 [51]
 [46]
 [50]
 [50]
 [54]
 [49]
 [49]
 [52]
 [57]
 [57]
 [57]
 [57]
 [57]
 [57]
 [53]
 [45]
 [48]
 [32]
 [54]
 [54]
 [55]
 [51]
 [46]
 [50]
 [50]
 [50]
 [49]
 [54]
 [57]
 [45]
 [49]] 
------------------------ Dataset: Pyy ------------------------
shape: (33, 1), dtype: uint16
Data:[[54]
 [54]
 [56]
 [57]
 [46]
 [49]
 [51]
 [52]
 [48]
 [54]
 [49]
 [45]
 [48]
 [32]
 [54]
 [54]
 [56]
 [57]
 [46]
 [49]
 [50]
 [55]
 [53]
 [52]
 [49]
 [57]
 [57]
 [57]
 [57]
 [57]
 [57]
 [45]
 [49]] 
------------------------ Dataset: Pyz ------------------------
shape: (40, 1), dtype: uint16
Data:[[53]
 [57]
 [48]
 [55]
 [46]
 [48]
 [50]
 [49]
 [54]
 [56]
 [51]
 [57]
 [57]
 [57]
 [57]
 [57]
 [57]
 [45]
 [48]
 [32]
 [53]
 [57]
 [48]
 [55]
 [46]
 [48]
 [50]
 [53]
 [55]
 [53]
 [57]
 [57]
 [57]
 [57]
 [57]
 [57]
 [57]
 [53]
 [45]
 [49]] 
------------------------ Dataset: Pz ------------------------
