shape: (1, 6), dtype: uint32
Data:[[3707764736          2          1          1        420          1]] 
------------------------ Dataset: 8gb ------------------------
shape: (27, 1), dtype: uint16
Data:[[54]
 [55]
 [54]
 [54]
 [46]
 [50]
 [57]
 [53]
 [50]
 [54]
 [54]
 [45]
 [48]
 [32]
 [54]
 [55]
 [54]
 [54]
 [46]
 [50]
 [57]
 [49]
 [50]
 [57]
 [49]
 [45]
 [49]] 
------------------------ Dataset: 8gc ------------------------
shape: (27, 1), dtype: uint16
Data:[[54]
 [50]
 [55]
 [57]
 [46]
 [48]
 [57]
 [52]
 [52]
 [53]
 [52]
 [45]
 [48]
 [32]
 [54]
 [50]
 [55]
 [57]
 [46]
 [48]
 [57]
 [56]
 [53]
 [49]
 [51]
 [45]
 [49]] 
------------------------ Dataset: 8gd ------------------------
shape: (41, 1), dtype: uint16
Data:[[54]
 [50]
 [57]
 [52]
 [46]
 [56]
 [54]
 [54]
 [49]
 [57]
 [49]
 [57]
 [57]
 [57]
 [57]
 [57]
 [57]
 [53]
 [45]
 [48]
 [32]
 [54]
 [50]
 [57]
 [52]
 [46]
 [56]
 [54]
 [54]
 [49]
 [57]
 [49]
 [57]
 [57]
 [57]
 [57]
 [57]
 [57]
 [53]
 [45]
 [49]] 
------------------------ Dataset: 8ge ------------------------
shape: (33, 1), dtype: uint16
Data:[[54]
 [51]
 [49]
 [48]
 [46]
 [54]
 [56]
 [50]
 [48]
 [53]
 [52]
 [45]
 [48]
 [32]
 [54]
 [51]
 [49]
 [48]
 [46]
 [54]
 [56]
 [53]
 [56]
 [56]
 [53]
 [57]
 [57]
 [57]
 [57]
 [57]
 [57]
 [45]
 [49]] 
------------------------ Dataset: 8gf ------------------------
shape: (27, 1), dtype: uint16
Data:[[54]
 [51]
 [50]
 [54]
 [46]
 [53]
 [52]
 [57]
 [57]
 [55]
 [56]
 [45]
 [48]
 [32]
 [54]
 [51]
 [50]
 [54]
 [46]
 [53]
 [52]
 [51]
 [55]
 [51]
 [57]
 [45]
 [49]] 
------------------------ Dataset: 8gg ------------------------
shape: (27, 1), dtype: uint16
Data:[[54]
 [51]
 [52]
 [50]
 [46]
 [51]
 [54]
 [49]
 [56]
 [53]
 [55]
 [45]
 [48]
 [32]
 [54]
 [51]
 [52]
 [50]
 [46]
 [51]
 [54]
 [53]
 [57]
 [57]
 [57]
 [45]
 [49]] 
------------------------ Dataset: 8gh ------------------------
shape: (33, 1), dtype: uint16
Data:[[54]
 [53]
 [48]
 [55]
 [46]
 [52]
 [54]
 [57]
 [57]
 [51]
 [50]
 [45]
 [48]
 [32]
 [54]
 [53]
 [48]
 [55]
 [46]
 [52]
 [55]
 [52]
 [49]
 [49]
 [50]
 [57]
 [57]
 [57]
 [57]
 [57]
 [57]
 [45]
 [49]] 
------------------------ Dataset: 8gi ------------------------
shape: (39, 1), dtype: uint16
Data:[[54]
 [53]
 [50]
 [51]
 [46]
 [50]
 [57]
 [52]
 [48]
 [57]
 [55]
 [57]
 [57]
 [57]
 [57]
 [57]
 [57]
 [45]
 [48]
 [32]
 [54]
 [53]
 [50]
 [51]
 [46]
 [50]
 [57]
 [56]
 [48]
 [53]
 [55]
 [57]
 [57]
 [57]
 [57]
 [57]
 [57]
 [45]
 [49]] 
------------------------ Dataset: 8gj ------------------------
shape: (39, 1), dtype: uint16
Data:[[54]
 [48]
 [49]
 [56]
 [46]
 [56]
 [55]
 [51]
 [55]
 [54]
 [49]
 [57]
 [57]
 [57]
 [57]
 [57]
 [57]
 [45]
 [48]
 [32]
 [54]
 [48]
 [49]
 [56]
 [46]
 [56]
 [54]
 [57]
 [55]
 [52]
 [50]
 [57]
 [57]
 [57]
 [57]
 [57]
 [57]
 [45]
 [49]] 
------------------------ Dataset: 8gk ------------------------
shape: (27, 1), dtype: uint16
Data:[[54]
 [48]
 [51]
 [52]
 [46]
 [54]
 [56]
 [50]
 [50]
 [48]
 [49]
 [45]
 [48]
 [32]
 [54]
 [48]
 [51]
 [52]
 [46]
 [54]
 [55]
 [55]
 [55]
 [53]
 [50]
 [45]
 [49]] 
------------------------ Dataset: 8gl ------------------------
shape: (27, 1), dtype: uint16
Data:[[54]
 [48]
 [53]
 [48]
 [46]
 [50]
 [57]
 [51]
 [56]
 [55]
 [55]
 [45]
 [48]
 [32]
 [54]
 [48]
 [53]
 [48]
 [46]
 [51]
 [48]
 [51]
 [56]
 [54]
 [50]
 [45]
 [49]] 
------------------------ Dataset: 8gm ------------------------
shape: (27, 1), dtype: uint16
Data:[[54]
 [48]
 [54]
 [54]
 [46]
 [49]
 [56]
 [49]
 [55]
 [54]
 [57]
 [45]
 [48]
 [32]
 [54]
 [48]
 [54]
 [54]
 [46]
 [49]
 [55]
 [55]
 [55]
 [55]
 [52]
 [45]
 [49]] 
------------------------ Dataset: 8gn ------------------------
shape: (41, 1), dtype: uint16
Data:[[54]
 [48]
 [56]
 [50]
 [46]
 [49]
 [49]
 [57]
 [50]
 [52]
 [51]
 [57]
 [57]
 [57]
 [57]
 [57]
 [57]
 [53]
 [45]
 [48]
 [32]
 [54]
 [48]
 [56]
 [50]
 [46]
 [49]
 [49]
 [53]
 [49]
 [51]
 [56]
 [57]
 [57]
 [57]
 [57]
 [57]
 [57]
 [53]
 [45]
 [49]] 
------------------------ Dataset: 8go ------------------------
shape: (27, 1), dtype: uint16
Data:[[53]
 [54]
 [52]
 [50]
 [46]
 [56]
 [49]
 [55]
 [54]
 [48]
 [52]
 [45]
 [48]
 [32]
 [53]
 [54]
 [52]
 [50]
 [46]
 [56]
 [50]
 [50]
 [57]
 [53]
 [51]
 [45]
 [49]] 
------------------------ Dataset: 8gp ------------------------
shape: (32, 1), dtype: uint16
Data:[[53]
 [54]
 [53]
 [56]
 [46]
 [53]
 [54]
 [53]
 [57]
 [55]
 [45]
 [48]
 [32]
 [53]
 [54]
 [53]
 [56]
 [46]
 [53]
 [54]
 [49]
 [57]
 [57]
 [55]
 [57]
 [57]
 [57]
 [57]
 [57]
 [57]
 [45]
 [49]] 
------------------------ Dataset: 8gq ------------------------
shape: (34, 1), dtype: uint16
Data:[[53]
 [54]
 [55]
 [52]
 [46]
 [50]
 [55]
 [48]
 [56]
 [54]
 [52]
 [57]
 [57]
 [57]
 [57]
 [57]
 [57]
 [53]
 [45]
 [48]
 [32]
 [53]
 [54]
 [55]
 [52]
 [46]
 [50]
 [55]
 [52]
 [49]
 [52]
 [57]
 [45]
 [49]] 
------------------------ Dataset: 8gr ------------------------
shape: (33, 1), dtype: uint16
Data:[[53]
 [54]
 [57]
 [48]
 [46]
 [48]
 [53]
 [52]
 [48]
 [54]
 [52]
 [45]
 [48]
 [32]
 [53]
 [54]
 [57]
 [48]
 [46]
 [48]
 [53]
 [48]
 [50]
 [48]
 [49]
 [57]
 [57]
 [57]
 [57]
 [57]
 [57]
 [45]
 [49]] 
------------------------ Dataset: 8gs ------------------------
shape: (27, 1), dtype: uint16
Data:[[54]
 [52]
 [49]
 [51]
 [46]
 [51]
 [51]
 [48]
 [50]
 [51]
 [52]
 [45]
 [48]
 [32]
 [54]
 [52]
 [49]
 [51]
 [46]
 [51]
 [50]
 [55]
 [48]
 [55]
 [50]
 [45]
 [49]] 
------------------------ Dataset: 8gt ------------------------
shape: (27, 1), dtype: uint16
Data:[[54]
 [54]
 [48]
 [53]
 [46]
 [51]
 [57]
 [48]
 [57]
 [56]
 [50]
 [45]
 [48]
 [32]
 [54]
 [54]
 [48]
 [53]
 [46]
 [51]
 [57]
 [52]
 [57]
 [53]
 [56]
 [45]
 [49]] 
------------------------ Dataset: 8gu ------------------------
shape: (33, 1), dtype: uint16
Data:[[54]
 [54]
 [50]
 [49]
 [46]
 [51]
 [54]
 [54]
 [48]
 [54]
 [54]
 [45]
 [48]
 [32]
 [54]
 [54]
 [50]
 [49]
 [46]
 [51]
 [54]
 [50]
 [50]
 [57]
 [56]
 [57]
 [57]
 [57]
 [57]
 [57]
 [57]
 [45]
 [49]] 
------------------------ Dataset: 8gv ------------------------
shape: (27, 1), dtype: uint16
Data:[[54]
 [54]
 [51]
 [55]
 [46]
 [50]
 [48]
 [54]
 [48]
 [48]
 [56]
 [45]
 [48]
 [32]
 [54]
 [54]
 [51]
 [55]
 [46]
 [50]
 [48]
 [57]
 [57]
 [55]
 [56]
 [45]
 [49]] 
------------------------ Dataset: 8gw ------------------------
shape: (39, 1), dtype: uint16
Data:[[54]
 [54]
 [53]
 [50]
 [46]
 [56]
 [48]
 [51]
 [56]
 [57]
 [53]
 [57]
 [57]
 [57]
 [57]
 [57]
 [57]
 [45]
 [48]
 [32]
 [54]
 [54]
 [53]
 [50]
 [46]
 [56]
 [48]
 [55]
 [50]
 [53]
 [56]
 [57]
 [57]
 [57]
 [57]
 [57]
 [57]
 [45]
 [49]] 
------------------------ Dataset: 8gx ------------------------
shape: (33, 1), dtype: uint16
Data:[[54]
 [54]
 [54]
 [56]
 [46]
 [54]
 [55]
 [52]
 [48]
 [54]
 [52]
 [45]
 [48]
 [32]
 [54]
 [54]
 [54]
 [56]
 [46]
 [54]
 [55]
 [48]
 [49]
 [52]
 [50]
 [57]
 [57]
 [57]
 [57]
 [57]
 [57]
 [45]
 [49]] 
------------------------ Dataset: 8gy ------------------------
shape: (34, 1), dtype: uint16
Data:[[54]
 [54]
 [56]
 [52]
 [46]
 [53]
 [57]
 [48]
 [53]
 [50]
 [54]
 [45]
 [48]
 [32]
 [54]
 [54]
 [56]
 [52]
 [46]
 [53]
 [56]
 [50]
 [48]
 [56]
 [56]
 [57]
 [57]
 [57]
 [57]
 [57]
 [57]
 [53]
 [45]
 [49]] 
------------------------ Dataset: 8gz ------------------------
shape: (27, 1), dtype: uint16
Data:[[53]
 [57]
 [48]
 [50]
 [46]
 [53]
 [48]
 [57]
 [55]
 [51]
 [56]
 [45]
 [48]
 [32]
 [53]
 [57]
 [48]
 [50]
 [46]
 [53]
 [48]
 [53]
 [54]
 [56]
 [52]
 [45]
 [49]] 
------------------------ Dataset: 8hb ------------------------
shape: (39, 1), dtype: uint16
Data:[[54]
 [55]
 [54]
 [54]
 [46]
 [53]
 [52]
 [57]
 [55]
 [52]
 [52]
 [57]
 [57]
 [57]
 [57]
 [57]
 [57]
 [45]
 [48]
 [32]
 [54]
 [55]
 [54]
 [54]
 [46]
 [53]
 [53]
 [52]
 [55]
 [48]
 [54]
 [57]
 [57]
 [57]
 [57]
 [57]
 [57]
 [45]
 [49]] 
------------------------ Dataset: 8hc ------------------------
shape: (33, 1), dtype: uint16
Data:[[54]
 [50]
 [55]
 [57]
 [46]
 [51]
 [52]
 [49]
 [57]
 [57]
 [56]
 [57]
 [57]
 [57]
 [57]
 [57]
 [57]
 [45]
 [48]
 [32]
 [54]
 [50]
 [55]
 [57]
 [46]
 [51]
 [52]
 [53]
 [57]
 [48]
 [52]
 [45]
 [49]] 
------------------------ Dataset: 8hd ------------------------
shape: (33, 1), dtype: uint16
Data:[[54]
 [50]
 [57]
 [53]
 [46]
 [49]
 [50]
 [49]
 [52]
 [52]
 [54]
 [57]
 [57]
 [57]
 [57]
 [57]
 [57]
 [53]
 [45]
 [48]
 [32]
 [54]
 [50]
 [57]
 [53]
 [46]
 [49]
 [49]
 [55]
 [48]
 [53]
 [45]
 [49]] 
------------------------ Dataset: 8he ------------------------
shape: (33, 1), dtype: uint16
Data:[[54]
 [51]
 [49]
 [48]
 [46]
 [57]
 [52]
 [56]
 [48]
 [50]
 [53]
 [45]
 [48]
 [32]
 [54]
 [51]
 [49]
 [48]
 [46]
 [57]
 [52]
 [55]
 [57]
 [57]
 [49]
 [57]
 [57]
 [57]
 [57]
 [57]
 [57]
 [45]
 [49]] 
------------------------ Dataset: 8hf ------------------------
shape: (33, 1), dtype: uint16
Data:[[54]
 [51]
 [50]
 [54]
 [46]
 [56]
 [49]
 [52]
 [54]
 [51]
 [51]
 [57]
 [57]
 [57]
 [57]
 [57]
 [57]
 [45]
 [48]
 [32]
 [54]
 [51]
 [50]
 [54]
 [46]
 [56]
 [49]
 [56]
 [49]
 [56]
 [53]
 [45]
 [49]] 
------------------------ Dataset: 8hg ------------------------
shape: (39, 1), dtype: uint16
Data:[[54]
 [51]
 [52]
 [50]
 [46]
 [54]
 [49]
 [51]
 [57]
 [57]
 [56]
 [57]
 [57]
 [57]
 [57]
 [57]
 [57]
 [45]
 [48]
 [32]
 [54]
 [51]
 [52]
 [50]
 [46]
 [54]
 [49]
 [55]
 [57]
 [53]
 [51]
 [57]
 [57]
 [57]
 [57]
 [57]
 [57]
 [45]
 [49]] 
------------------------ Dataset: 8hh ------------------------
shape: (33, 1), dtype: uint16
Data:[[54]
 [53]
 [48]
 [55]
 [46]
 [55]
 [50]
 [53]
 [55]
 [55]
 [45]
 [48]
 [32]
 [54]
 [53]
 [48]
 [55]
 [46]
 [55]
 [50]
 [56]
 [57]
 [50]
 [55]
 [57]
 [57]
 [57]
 [57]
 [57]
 [57]
 [53]
 [45]
 [49]] 
------------------------ Dataset: 8hi ------------------------
shape: (33, 1), dtype: uint16
Data:[[54]
 [53]
 [50]
 [51]
 [46]
 [53]
 [53]
 [52]
 [48]
 [51]
 [50]
 [57]
 [57]
 [57]
 [57]
 [57]
 [57]
 [45]
 [48]
 [32]
 [54]
 [53]
 [50]
 [51]
 [46]
 [53]
 [52]
 [57]
 [57]
 [56]
 [54]
 [45]
 [49]] 
------------------------ Dataset: 8hj ------------------------
shape: (33, 1), dtype: uint16
Data:[[54]
 [48]
 [49]
 [57]
 [46]
 [49]
 [50]
 [53]
 [55]
 [52]
 [52]
 [57]
 [57]
 [57]
 [57]
 [57]
 [57]
 [45]
 [48]
 [32]
 [54]
 [48]
 [49]
 [57]
 [46]
 [49]
 [50]
 [57]
 [55]
 [57]
 [51]
 [45]
 [49]] 
------------------------ Dataset: 8hk ------------------------
shape: (27, 1), dtype: uint16
Data:[[54]
 [48]
 [51]
 [52]
 [46]
 [57]
 [51]
 [48]
 [57]
 [56]
 [50]
 [45]
 [48]
 [32]
 [54]
 [48]
 [51]
 [52]
 [46]
 [57]
 [51]
 [48]
 [57]
 [54]
 [53]
 [45]
 [49]] 
------------------------ Dataset: 8hl ------------------------
shape: (34, 1), dtype: uint16
Data:[[54]
 [48]
 [53]
 [48]
 [46]
 [53]
 [53]
 [51]
 [57]
 [55]
 [51]
 [57]
 [57]
 [57]
 [57]
 [57]
 [57]
 [53]
 [45]
 [48]
 [32]
 [54]
 [48]
 [53]
 [48]
 [46]
 [53]
 [53]
 [48]
 [50]
 [48]
 [49]
 [45]
 [49]] 
------------------------ Dataset: 8hm ------------------------
shape: (33, 1), dtype: uint16
Data:[[54]
 [48]
 [54]
 [54]
 [46]
 [52]
 [52]
 [57]
 [55]
 [51]
 [57]
 [45]
 [48]
 [32]
 [54]
 [48]
 [54]
 [54]
 [46]
 [52]
 [52]
 [53]
 [55]
 [54]
 [54]
 [57]
 [57]
 [57]
 [57]
 [57]
 [57]
 [45]
 [49]] 
------------------------ Dataset: 8hn ------------------------
shape: (34, 1), dtype: uint16
Data:[[54]
 [48]
 [56]
 [50]
 [46]
 [51]
 [55]
 [55]
 [56]
 [52]
 [56]
 [57]
 [57]
 [57]
 [57]
 [57]
 [57]
 [53]
 [45]
 [48]
 [32]
 [54]
 [48]
 [56]
 [50]
 [46]
 [51]
 [55]
 [51]
 [56]
 [55]
 [50]
 [45]
 [49]] 
------------------------ Dataset: 8ho ------------------------
shape: (27, 1), dtype: uint16
Data:[[53]
 [54]
 [52]
 [51]
 [46]
 [48]
 [54]
 [53]
 [53]
 [51]
 [53]
 [45]
 [48]
 [32]
 [53]
 [54]
 [52]
 [51]
 [46]
 [48]
 [54]
 [57]
 [53]
 [51]
 [57]
 [45]
 [49]] 
------------------------ Dataset: 8hp ------------------------
shape: (33, 1), dtype: uint16
Data:[[53]
 [54]
 [53]
 [56]
 [46]
 [56]
 [49]
 [55]
 [55]
 [55]
 [49]
 [45]
 [48]
 [32]
 [53]
 [54]
 [53]
 [56]
 [46]
 [56]
 [50]
 [49]
 [53]
 [56]
 [54]
 [57]
 [57]
 [57]
 [57]
 [57]
 [57]
 [45]
 [49]] 
------------------------ Dataset: 8hq ------------------------
shape: (33, 1), dtype: uint16
Data:[[53]
 [54]
 [55]
 [52]
 [46]
 [53]
 [50]
 [53]
 [54]
 [57]
 [49]
 [57]
 [57]
 [57]
 [57]
 [57]
 [57]
 [45]
 [48]
 [32]
 [53]
 [54]
 [55]
 [52]
 [46]
 [53]
 [50]
 [53]
 [54]
 [57]
 [52]
 [45]
 [49]] 
------------------------ Dataset: 8hr ------------------------
shape: (34, 1), dtype: uint16
Data:[[53]
 [54]
 [57]
 [48]
 [46]
 [51]
 [48]
 [51]
 [49]
 [51]
 [53]
 [57]
 [57]
 [57]
 [57]
 [57]
 [57]
 [53]
 [45]
 [48]
 [32]
 [53]
 [54]
 [57]
 [48]
 [46]
 [51]
 [48]
 [53]
 [55]
 [56]
 [54]
 [45]
 [49]] 
------------------------ Dataset: 8hs ------------------------
shape: (33, 1), dtype: uint16
Data:[[54]
 [52]
 [49]
 [51]
 [46]
 [53]
 [56]
 [48]
 [57]
 [52]
 [51]
 [57]
 [57]
 [57]
 [57]
 [57]
 [57]
 [45]
 [48]
 [32]
 [54]
 [52]
 [49]
 [51]
 [46]
 [53]
 [56]
 [49]
 [48]
 [52]
 [50]
 [45]
 [49]] 
------------------------ Dataset: 8ht ------------------------
shape: (33, 1), dtype: uint16
Data:[[54]
 [54]
 [48]
 [53]
 [46]
 [54]
 [51]
 [56]
 [48]
 [48]
 [56]
 [57]
 [57]
 [57]
 [57]
 [57]
 [57]
 [45]
 [48]
 [32]
 [54]
 [54]
 [48]
 [53]
 [46]
 [54]
 [52]
 [50]
 [48]
 [48]
 [56]
 [45]
 [49]] 
------------------------ Dataset: 8hu ------------------------
shape: (39, 1), dtype: uint16
Data:[[54]
 [54]
 [50]
 [49]
 [46]
 [54]
 [50]
 [56]
 [55]
 [52]
 [53]
 [57]
 [57]
 [57]
 [57]
 [57]
 [57]
 [45]
 [48]
 [32]
 [54]
 [54]
 [50]
 [49]
 [46]
 [54]
 [50]
 [56]
 [49]
 [57]
 [55]
 [57]
 [57]
 [57]
 [57]
 [57]
 [57]
 [45]
 [49]] 
------------------------ Dataset: 8hv ------------------------
shape: (27, 1), dtype: uint16
Data:[[54]
 [54]
 [51]
 [55]
 [46]
 [52]
 [53]
 [52]
 [55]
 [52]
 [55]
 [45]
 [48]
 [32]
 [54]
 [54]
 [51]
 [55]
 [46]
 [52]
 [53]
 [56]
 [52]
 [51]
 [54]
 [45]
 [49]] 
------------------------ Dataset: 8hw ------------------------
shape: (13, 1), dtype: uint16
Data:[[54]
 [54]
 [53]
 [51]
 [46]
 [48]
 [53]
 [56]
 [49]
 [49]
 [56]
 [45]
 [49]] 
------------------------ Dataset: 8hx ------------------------
shape: (33, 1), dtype: uint16
Data:[[54]
 [54]
 [54]
 [56]
 [46]
 [57]
 [52]
 [50]
 [48]
 [55]
 [56]
 [45]
 [48]
 [32]
 [54]
 [54]
 [54]
 [56]
 [46]
 [57]
 [51]
 [56]
 [48]
 [53]
 [54]
 [57]
 [57]
 [57]
 [57]
 [57]
 [57]
 [45]
 [49]] 
------------------------ Dataset: 8hy ------------------------
shape: (27, 1), dtype: uint16
Data:[[54]
 [54]
 [56]
 [52]
 [46]
 [56]
 [51]
 [56]
 [48]
 [50]
 [55]
 [45]
 [48]
 [32]
 [54]
 [54]
 [56]
 [52]
 [46]
 [56]
 [51]
 [52]
 [48]
 [50]
 [57]
 [45]
 [49]] 
------------------------ Dataset: 8hz ------------------------
shape: (32, 1), dtype: uint16
Data:[[53]
 [57]
 [48]
 [50]
 [46]
 [55]
 [55]
 [55]
 [52]
 [51]
 [45]
 [48]
 [32]
 [53]
 [57]
 [48]
 [50]
 [46]
 [55]
 [54]
 [55]
 [48]
 [50]
 [55]
 [57]
 [57]
 [57]
 [57]
 [57]
 [57]
 [45]
 [49]] 
------------------------ Dataset: 8i ------------------------
