shape: (1, 6), dtype: uint32
Data:[[3707764736          2          1          1         76          1]] 
------------------------ Dataset: qbb ------------------------
shape: (32, 1), dtype: uint16
Data:[[54]
 [55]
 [54]
 [52]
 [46]
 [56]
 [50]
 [54]
 [51]
 [50]
 [50]
 [57]
 [57]
 [57]
 [57]
 [57]
 [57]
 [45]
 [48]
 [32]
 [54]
 [55]
 [54]
 [52]
 [46]
 [56]
 [50]
 [50]
 [49]
 [53]
 [45]
 [49]] 
------------------------ Dataset: qbc ------------------------
shape: (33, 1), dtype: uint16
Data:[[54]
 [55]
 [56]
 [48]
 [46]
 [54]
 [55]
 [52]
 [54]
 [50]
 [51]
 [57]
 [57]
 [57]
 [57]
 [57]
 [57]
 [45]
 [48]
 [32]
 [54]
 [55]
 [56]
 [48]
 [46]
 [54]
 [55]
 [57]
 [50]
 [55]
 [49]
 [45]
 [49]] 
------------------------ Dataset: qbd ------------------------
shape: (27, 1), dtype: uint16
Data:[[54]
 [50]
 [57]
 [51]
 [46]
 [52]
 [51]
 [50]
 [51]
 [56]
 [50]
 [45]
 [48]
 [32]
 [54]
 [50]
 [57]
 [51]
 [46]
 [52]
 [51]
 [48]
 [50]
 [53]
 [50]
 [45]
 [49]] 
------------------------ Dataset: qbe ------------------------
shape: (27, 1), dtype: uint16
Data:[[54]
 [51]
 [48]
 [57]
 [46]
 [50]
 [52]
 [53]
 [57]
 [51]
 [50]
 [45]
 [48]
 [32]
 [54]
 [51]
 [48]
 [57]
 [46]
 [50]
 [52]
 [57]
 [56]
 [54]
 [51]
 [45]
 [49]] 
------------------------ Dataset: qbf ------------------------
shape: (34, 1), dtype: uint16
Data:[[54]
 [51]
 [50]
 [53]
 [46]
 [48]
 [54]
 [49]
 [57]
 [48]
 [53]
 [45]
 [48]
 [32]
 [54]
 [51]
 [50]
 [53]
 [46]
 [48]
 [54]
 [53]
 [56]
 [56]
 [48]
 [57]
 [57]
 [57]
 [57]
 [57]
 [57]
 [53]
 [45]
 [49]] 
------------------------ Dataset: qbg ------------------------
shape: (33, 1), dtype: uint16
Data:[[54]
 [51]
 [52]
 [48]
 [46]
 [57]
 [49]
 [57]
 [49]
 [55]
 [50]
 [57]
 [57]
 [57]
 [57]
 [57]
 [57]
 [45]
 [48]
 [32]
 [54]
 [51]
 [52]
 [48]
 [46]
 [57]
 [50]
 [51]
 [48]
 [49]
 [52]
 [45]
 [49]] 
------------------------ Dataset: qbh ------------------------
shape: (39, 1), dtype: uint16
Data:[[54]
 [53]
 [48]
 [54]
 [46]
 [48]
 [49]
 [57]
 [52]
 [52]
 [53]
 [57]
 [57]
 [57]
 [57]
 [57]
 [57]
 [45]
 [48]
 [32]
 [54]
 [53]
 [48]
 [54]
 [46]
 [48]
 [50]
 [53]
 [48]
 [54]
 [53]
 [57]
 [57]
 [57]
 [57]
 [57]
 [57]
 [45]
 [49]] 
------------------------ Dataset: qbi ------------------------
shape: (39, 1), dtype: uint16
Data:[[54]
 [53]
 [50]
 [49]
 [46]
 [56]
 [52]
 [50]
 [48]
 [54]
 [48]
 [57]
 [57]
 [57]
 [57]
 [57]
 [57]
 [45]
 [48]
 [32]
 [54]
 [53]
 [50]
 [49]
 [46]
 [56]
 [52]
 [54]
 [48]
 [48]
 [49]
 [57]
 [57]
 [57]
 [57]
 [57]
 [57]
 [45]
 [49]] 
------------------------ Dataset: qbj ------------------------
shape: (33, 1), dtype: uint16
Data:[[54]
 [48]
 [49]
 [55]
 [46]
 [51]
 [57]
 [55]
 [56]
 [53]
 [57]
 [45]
 [48]
 [32]
 [54]
 [48]
 [49]
 [55]
 [46]
 [51]
 [57]
 [51]
 [56]
 [55]
 [48]
 [57]
 [57]
 [57]
 [57]
 [57]
 [57]
 [45]
 [49]] 
------------------------ Dataset: qbk ------------------------
shape: (33, 1), dtype: uint16
Data:[[54]
 [48]
 [51]
 [51]
 [46]
 [50]
 [51]
 [55]
 [56]
 [51]
 [53]
 [57]
 [57]
 [57]
 [57]
 [57]
 [57]
 [45]
 [48]
 [32]
 [54]
 [48]
 [51]
 [51]
 [46]
 [50]
 [51]
 [52]
 [56]
 [52]
 [50]
 [45]
 [49]] 
------------------------ Dataset: qbl ------------------------
shape: (33, 1), dtype: uint16
Data:[[54]
 [48]
 [52]
 [56]
 [46]
 [56]
 [51]
 [51]
 [56]
 [54]
 [56]
 [45]
 [48]
 [32]
 [54]
 [48]
 [52]
 [56]
 [46]
 [56]
 [51]
 [56]
 [48]
 [52]
 [49]
 [57]
 [57]
 [57]
 [57]
 [57]
 [57]
 [45]
 [49]] 
------------------------ Dataset: qbm ------------------------
shape: (40, 1), dtype: uint16
Data:[[54]
 [48]
 [54]
 [52]
 [46]
 [55]
 [50]
 [49]
 [56]
 [52]
 [55]
 [57]
 [57]
 [57]
 [57]
 [57]
 [57]
 [45]
 [48]
 [32]
 [54]
 [48]
 [54]
 [52]
 [46]
 [55]
 [49]
 [55]
 [55]
 [56]
 [51]
 [57]
 [57]
 [57]
 [57]
 [57]
 [57]
 [53]
 [45]
 [49]] 
------------------------ Dataset: qbn ------------------------
shape: (33, 1), dtype: uint16
Data:[[54]
 [48]
 [56]
 [48]
 [46]
 [54]
 [50]
 [50]
 [48]
 [50]
 [48]
 [57]
 [57]
 [57]
 [57]
 [57]
 [57]
 [45]
 [48]
 [32]
 [54]
 [48]
 [56]
 [48]
 [46]
 [54]
 [50]
 [49]
 [57]
 [49]
 [50]
 [45]
 [49]] 
------------------------ Dataset: qbo ------------------------
shape: (27, 1), dtype: uint16
Data:[[53]
 [54]
 [52]
 [49]
 [46]
 [51]
 [54]
 [57]
 [53]
 [54]
 [55]
 [45]
 [48]
 [32]
 [53]
 [54]
 [52]
 [49]
 [46]
 [51]
 [54]
 [57]
 [53]
 [55]
 [50]
 [45]
 [49]] 
------------------------ Dataset: qbp ------------------------
shape: (34, 1), dtype: uint16
Data:[[53]
 [54]
 [53]
 [55]
 [46]
 [49]
 [50]
 [49]
 [53]
 [48]
 [53]
 [57]
 [57]
 [57]
 [57]
 [57]
 [57]
 [53]
 [45]
 [48]
 [32]
 [53]
 [54]
 [53]
 [55]
 [46]
 [49]
 [49]
 [55]
 [53]
 [56]
 [50]
 [45]
 [49]] 
------------------------ Dataset: qbq ------------------------
shape: (33, 1), dtype: uint16
Data:[[53]
 [54]
 [55]
 [50]
 [46]
 [56]
 [50]
 [53]
 [54]
 [51]
 [55]
 [57]
 [57]
 [57]
 [57]
 [57]
 [57]
 [45]
 [48]
 [32]
 [53]
 [54]
 [55]
 [50]
 [46]
 [56]
 [50]
 [57]
 [54]
 [49]
 [54]
 [45]
 [49]] 
------------------------ Dataset: qbr ------------------------
shape: (27, 1), dtype: uint16
Data:[[53]
 [54]
 [56]
 [56]
 [46]
 [54]
 [48]
 [50]
 [52]
 [52]
 [51]
 [45]
 [48]
 [32]
 [53]
 [54]
 [56]
 [56]
 [46]
 [53]
 [57]
 [49]
 [48]
 [55]
 [57]
 [45]
 [49]] 
------------------------ Dataset: qbs ------------------------
shape: (33, 1), dtype: uint16
Data:[[53]
 [56]
 [49]
 [52]
 [46]
 [56]
 [53]
 [56]
 [54]
 [55]
 [57]
 [57]
 [57]
 [57]
 [57]
 [57]
 [57]
 [45]
 [48]
 [32]
 [53]
 [56]
 [49]
 [52]
 [46]
 [56]
 [54]
 [50]
 [55]
 [51]
 [53]
 [45]
 [49]] 
------------------------ Dataset: qbt ------------------------
shape: (27, 1), dtype: uint16
Data:[[54]
 [54]
 [48]
 [51]
 [46]
 [57]
 [49]
 [52]
 [52]
 [55]
 [56]
 [45]
 [48]
 [32]
 [54]
 [54]
 [48]
 [51]
 [46]
 [57]
 [49]
 [48]
 [56]
 [55]
 [51]
 [45]
 [49]] 
------------------------ Dataset: qbu ------------------------
shape: (34, 1), dtype: uint16
Data:[[54]
 [54]
 [49]
 [57]
 [46]
 [57]
 [49]
 [52]
 [53]
 [52]
 [51]
 [45]
 [48]
 [32]
 [54]
 [54]
 [49]
 [57]
 [46]
 [57]
 [49]
 [48]
 [51]
 [54]
 [54]
 [57]
 [57]
 [57]
 [57]
 [57]
 [57]
 [53]
 [45]
 [49]] 
------------------------ Dataset: qbv ------------------------
shape: (27, 1), dtype: uint16
Data:[[54]
 [54]
 [51]
 [53]
 [46]
 [55]
 [53]
 [52]
 [50]
 [56]
 [52]
 [45]
 [48]
 [32]
 [54]
 [54]
 [51]
 [53]
 [46]
 [55]
 [53]
 [56]
 [50]
 [55]
 [57]
 [45]
 [49]] 
------------------------ Dataset: qbw ------------------------
shape: (27, 1), dtype: uint16
Data:[[54]
 [54]
 [53]
 [49]
 [46]
 [51]
 [52]
 [53]
 [52]
 [55]
 [57]
 [45]
 [48]
 [32]
 [54]
 [54]
 [53]
 [49]
 [46]
 [51]
 [51]
 [56]
 [49]
 [55]
 [50]
 [45]
 [49]] 
------------------------ Dataset: qbx ------------------------
shape: (39, 1), dtype: uint16
Data:[[54]
 [54]
 [54]
 [55]
 [46]
 [49]
 [57]
 [48]
 [52]
 [48]
 [49]
 [57]
 [57]
 [57]
 [57]
 [57]
 [57]
 [45]
 [48]
 [32]
 [54]
 [54]
 [54]
 [55]
 [46]
 [49]
 [57]
 [55]
 [49]
 [56]
 [53]
 [57]
 [57]
 [57]
 [57]
 [57]
 [57]
 [45]
 [49]] 
------------------------ Dataset: qby ------------------------
shape: (33, 1), dtype: uint16
Data:[[54]
 [54]
 [56]
 [51]
 [46]
 [49]
 [51]
 [52]
 [49]
 [50]
 [56]
 [45]
 [48]
 [32]
 [54]
 [54]
 [56]
 [51]
 [46]
 [49]
 [51]
 [56]
 [48]
 [52]
 [56]
 [57]
 [57]
 [57]
 [57]
 [57]
 [57]
 [45]
 [49]] 
------------------------ Dataset: qbz ------------------------
shape: (27, 1), dtype: uint16
Data:[[53]
 [57]
 [48]
 [49]
 [46]
 [48]
 [52]
 [57]
 [55]
 [48]
 [52]
 [45]
 [48]
 [32]
 [53]
 [57]
 [48]
 [49]
 [46]
 [48]
 [53]
 [51]
 [55]
 [53]
 [53]
 [45]
 [49]] 
------------------------ Dataset: qc ------------------------
