shape: (1, 6), dtype: uint32
Data:[[3707764736          2          1          1       1424          1]] 
------------------------ Dataset: Ixb ------------------------
shape: (33, 1), dtype: uint16
Data:[[54]
 [55]
 [55]
 [48]
 [46]
 [53]
 [51]
 [48]
 [49]
 [50]
 [50]
 [45]
 [48]
 [32]
 [54]
 [55]
 [55]
 [48]
 [46]
 [53]
 [50]
 [54]
 [49]
 [55]
 [53]
 [57]
 [57]
 [57]
 [57]
 [57]
 [57]
 [45]
 [49]] 
------------------------ Dataset: Ixc ------------------------
shape: (27, 1), dtype: uint16
Data:[[54]
 [50]
 [56]
 [51]
 [46]
 [51]
 [48]
 [49]
 [54]
 [57]
 [50]
 [45]
 [48]
 [32]
 [54]
 [50]
 [56]
 [51]
 [46]
 [51]
 [48]
 [54]
 [52]
 [48]
 [55]
 [45]
 [49]] 
------------------------ Dataset: Ixd ------------------------
shape: (40, 1), dtype: uint16
Data:[[54]
 [50]
 [57]
 [57]
 [46]
 [48]
 [56]
 [54]
 [53]
 [53]
 [56]
 [57]
 [57]
 [57]
 [57]
 [57]
 [57]
 [45]
 [48]
 [32]
 [54]
 [50]
 [57]
 [57]
 [46]
 [48]
 [55]
 [56]
 [48]
 [54]
 [54]
 [57]
 [57]
 [57]
 [57]
 [57]
 [57]
 [53]
 [45]
 [49]] 
------------------------ Dataset: Ixe ------------------------
shape: (27, 1), dtype: uint16
Data:[[54]
 [51]
 [49]
 [52]
 [46]
 [57]
 [53]
 [56]
 [52]
 [56]
 [55]
 [45]
 [48]
 [32]
 [54]
 [51]
 [49]
 [52]
 [46]
 [57]
 [53]
 [57]
 [53]
 [53]
 [52]
 [45]
 [49]] 
------------------------ Dataset: Ixf ------------------------
shape: (34, 1), dtype: uint16
Data:[[54]
 [51]
 [51]
 [48]
 [46]
 [55]
 [55]
 [52]
 [57]
 [51]
 [52]
 [45]
 [48]
 [32]
 [54]
 [51]
 [51]
 [48]
 [46]
 [55]
 [55]
 [52]
 [53]
 [52]
 [50]
 [57]
 [57]
 [57]
 [57]
 [57]
 [57]
 [53]
 [45]
 [49]] 
------------------------ Dataset: Ixg ------------------------
shape: (33, 1), dtype: uint16
Data:[[54]
 [51]
 [52]
 [54]
 [46]
 [54]
 [49]
 [51]
 [57]
 [50]
 [51]
 [45]
 [48]
 [32]
 [54]
 [51]
 [52]
 [54]
 [46]
 [54]
 [49]
 [48]
 [48]
 [52]
 [57]
 [57]
 [57]
 [57]
 [57]
 [57]
 [57]
 [45]
 [49]] 
------------------------ Dataset: Ixh ------------------------
shape: (26, 1), dtype: uint16
Data:[[54]
 [53]
 [49]
 [49]
 [46]
 [54]
 [57]
 [56]
 [49]
 [54]
 [45]
 [48]
 [32]
 [54]
 [53]
 [49]
 [49]
 [46]
 [54]
 [57]
 [52]
 [50]
 [53]
 [55]
 [45]
 [49]] 
------------------------ Dataset: Ixi ------------------------
shape: (33, 1), dtype: uint16
Data:[[54]
 [53]
 [50]
 [55]
 [46]
 [53]
 [51]
 [48]
 [54]
 [56]
 [51]
 [57]
 [57]
 [57]
 [57]
 [57]
 [57]
 [45]
 [48]
 [32]
 [54]
 [53]
 [50]
 [55]
 [46]
 [53]
 [50]
 [54]
 [51]
 [49]
 [49]
 [45]
 [49]] 
------------------------ Dataset: Ixj ------------------------
shape: (33, 1), dtype: uint16
Data:[[54]
 [48]
 [50]
 [51]
 [46]
 [49]
 [48]
 [49]
 [55]
 [53]
 [51]
 [57]
 [57]
 [57]
 [57]
 [57]
 [57]
 [45]
 [48]
 [32]
 [54]
 [48]
 [50]
 [51]
 [46]
 [49]
 [48]
 [53]
 [56]
 [55]
 [52]
 [45]
 [49]] 
------------------------ Dataset: Ixk ------------------------
shape: (27, 1), dtype: uint16
Data:[[54]
 [48]
 [51]
 [56]
 [46]
 [56]
 [54]
 [57]
 [55]
 [54]
 [54]
 [45]
 [48]
 [32]
 [54]
 [48]
 [51]
 [56]
 [46]
 [56]
 [55]
 [51]
 [56]
 [49]
 [56]
 [45]
 [49]] 
------------------------ Dataset: Ixl ------------------------
shape: (39, 1), dtype: uint16
Data:[[54]
 [48]
 [53]
 [52]
 [46]
 [53]
 [50]
 [49]
 [56]
 [51]
 [57]
 [57]
 [57]
 [57]
 [57]
 [57]
 [57]
 [45]
 [48]
 [32]
 [54]
 [48]
 [53]
 [52]
 [46]
 [53]
 [49]
 [55]
 [55]
 [53]
 [53]
 [57]
 [57]
 [57]
 [57]
 [57]
 [57]
 [45]
 [49]] 
------------------------ Dataset: Ixm ------------------------
shape: (34, 1), dtype: uint16
Data:[[54]
 [48]
 [55]
 [48]
 [46]
 [52]
 [54]
 [53]
 [55]
 [54]
 [48]
 [57]
 [57]
 [57]
 [57]
 [57]
 [57]
 [53]
 [45]
 [48]
 [32]
 [54]
 [48]
 [55]
 [48]
 [46]
 [52]
 [54]
 [53]
 [55]
 [56]
 [52]
 [45]
 [49]] 
------------------------ Dataset: Ixn ------------------------
shape: (26, 1), dtype: uint16
Data:[[53]
 [54]
 [51]
 [49]
 [46]
 [51]
 [52]
 [50]
 [53]
 [52]
 [56]
 [45]
 [48]
 [32]
 [53]
 [54]
 [51]
 [49]
 [46]
 [51]
 [51]
 [55]
 [53]
 [51]
 [45]
 [49]] 
------------------------ Dataset: Ixo ------------------------
shape: (33, 1), dtype: uint16
Data:[[53]
 [54]
 [52]
 [55]
 [46]
 [48]
 [49]
 [49]
 [56]
 [48]
 [55]
 [57]
 [57]
 [57]
 [57]
 [57]
 [57]
 [45]
 [48]
 [32]
 [53]
 [54]
 [52]
 [55]
 [46]
 [48]
 [49]
 [55]
 [54]
 [50]
 [52]
 [45]
 [49]] 
------------------------ Dataset: Ixp ------------------------
shape: (33, 1), dtype: uint16
Data:[[53]
 [54]
 [54]
 [50]
 [46]
 [55]
 [53]
 [51]
 [53]
 [52]
 [53]
 [45]
 [48]
 [32]
 [53]
 [54]
 [54]
 [50]
 [46]
 [55]
 [52]
 [57]
 [52]
 [57]
 [53]
 [57]
 [57]
 [57]
 [57]
 [57]
 [57]
 [45]
 [49]] 
------------------------ Dataset: Ixq ------------------------
shape: (34, 1), dtype: uint16
Data:[[53]
 [54]
 [55]
 [56]
 [46]
 [52]
 [56]
 [57]
 [53]
 [54]
 [51]
 [57]
 [57]
 [57]
 [57]
 [57]
 [57]
 [53]
 [45]
 [48]
 [32]
 [53]
 [54]
 [55]
 [56]
 [46]
 [52]
 [57]
 [51]
 [56]
 [53]
 [51]
 [45]
 [49]] 
------------------------ Dataset: Ixr ------------------------
shape: (32, 1), dtype: uint16
Data:[[53]
 [54]
 [57]
 [52]
 [46]
 [50]
 [52]
 [49]
 [53]
 [56]
 [56]
 [57]
 [57]
 [57]
 [57]
 [57]
 [57]
 [45]
 [48]
 [32]
 [53]
 [54]
 [57]
 [52]
 [46]
 [50]
 [52]
 [53]
 [54]
 [50]
 [45]
 [49]] 
------------------------ Dataset: Ixs ------------------------
shape: (27, 1), dtype: uint16
Data:[[54]
 [52]
 [49]
 [55]
 [46]
 [53]
 [53]
 [55]
 [57]
 [50]
 [52]
 [45]
 [48]
 [32]
 [54]
 [52]
 [49]
 [55]
 [46]
 [53]
 [53]
 [52]
 [48]
 [56]
 [50]
 [45]
 [49]] 
------------------------ Dataset: Ixt ------------------------
shape: (27, 1), dtype: uint16
Data:[[54]
 [54]
 [48]
 [57]
 [46]
 [54]
 [53]
 [48]
 [53]
 [48]
 [53]
 [45]
 [48]
 [32]
 [54]
 [54]
 [48]
 [57]
 [46]
 [54]
 [52]
 [55]
 [48]
 [50]
 [52]
 [45]
 [49]] 
------------------------ Dataset: Ixu ------------------------
shape: (33, 1), dtype: uint16
Data:[[54]
 [54]
 [50]
 [53]
 [46]
 [53]
 [57]
 [56]
 [48]
 [49]
 [53]
 [45]
 [48]
 [32]
 [54]
 [54]
 [50]
 [53]
 [46]
 [53]
 [57]
 [48]
 [48]
 [50]
 [49]
 [57]
 [57]
 [57]
 [57]
 [57]
 [57]
 [45]
 [49]] 
------------------------ Dataset: Ixv ------------------------
shape: (26, 1), dtype: uint16
Data:[[54]
 [54]
 [52]
 [49]
 [46]
 [51]
 [55]
 [48]
 [50]
 [53]
 [56]
 [45]
 [48]
 [32]
 [54]
 [54]
 [52]
 [49]
 [46]
 [51]
 [55]
 [52]
 [55]
 [49]
 [45]
 [49]] 
------------------------ Dataset: Ixw ------------------------
shape: (27, 1), dtype: uint16
Data:[[54]
 [54]
 [53]
 [55]
 [46]
 [48]
 [51]
 [56]
 [49]
 [49]
 [55]
 [45]
 [48]
 [32]
 [54]
 [54]
 [53]
 [55]
 [46]
 [48]
 [51]
 [52]
 [48]
 [55]
 [56]
 [45]
 [49]] 
------------------------ Dataset: Ixx ------------------------
shape: (32, 1), dtype: uint16
Data:[[54]
 [54]
 [55]
 [50]
 [46]
 [57]
 [51]
 [52]
 [50]
 [54]
 [56]
 [57]
 [57]
 [57]
 [57]
 [57]
 [57]
 [45]
 [48]
 [32]
 [54]
 [54]
 [55]
 [50]
 [46]
 [57]
 [51]
 [48]
 [57]
 [53]
 [45]
 [49]] 
------------------------ Dataset: Ixy ------------------------
shape: (27, 1), dtype: uint16
Data:[[54]
 [54]
 [56]
 [56]
 [46]
 [56]
 [51]
 [56]
 [53]
 [54]
 [56]
 [45]
 [48]
 [32]
 [54]
 [54]
 [56]
 [56]
 [46]
 [56]
 [51]
 [52]
 [51]
 [57]
 [51]
 [45]
 [49]] 
------------------------ Dataset: Ixz ------------------------
shape: (33, 1), dtype: uint16
Data:[[53]
 [57]
 [48]
 [54]
 [46]
 [55]
 [52]
 [53]
 [55]
 [48]
 [49]
 [57]
 [57]
 [57]
 [57]
 [57]
 [57]
 [45]
 [48]
 [32]
 [53]
 [57]
 [48]
 [54]
 [46]
 [55]
 [52]
 [50]
 [49]
 [50]
 [53]
 [45]
 [49]] 
------------------------ Dataset: Iy ------------------------
