shape: (1, 6), dtype: uint32
Data:[[3707764736          2          1          1        440          1]] 
------------------------ Dataset: rhb ------------------------
shape: (33, 1), dtype: uint16
Data:[[54]
 [55]
 [54]
 [54]
 [46]
 [51]
 [55]
 [52]
 [50]
 [51]
 [49]
 [45]
 [48]
 [32]
 [54]
 [55]
 [54]
 [54]
 [46]
 [51]
 [55]
 [48]
 [49]
 [49]
 [56]
 [57]
 [57]
 [57]
 [57]
 [57]
 [57]
 [45]
 [49]] 
------------------------ Dataset: rhc ------------------------
shape: (27, 1), dtype: uint16
Data:[[54]
 [50]
 [55]
 [57]
 [46]
 [49]
 [55]
 [51]
 [57]
 [48]
 [53]
 [45]
 [48]
 [32]
 [54]
 [50]
 [55]
 [57]
 [46]
 [49]
 [55]
 [55]
 [56]
 [56]
 [55]
 [45]
 [49]] 
------------------------ Dataset: rhd ------------------------
shape: (27, 1), dtype: uint16
Data:[[54]
 [50]
 [57]
 [52]
 [46]
 [57]
 [52]
 [57]
 [57]
 [55]
 [49]
 [45]
 [48]
 [32]
 [54]
 [50]
 [57]
 [52]
 [46]
 [57]
 [52]
 [53]
 [57]
 [50]
 [50]
 [45]
 [49]] 
------------------------ Dataset: rhe ------------------------
shape: (26, 1), dtype: uint16
Data:[[54]
 [51]
 [49]
 [48]
 [46]
 [55]
 [55]
 [55]
 [57]
 [48]
 [50]
 [45]
 [48]
 [32]
 [54]
 [51]
 [49]
 [48]
 [46]
 [55]
 [54]
 [57]
 [56]
 [56]
 [45]
 [49]] 
------------------------ Dataset: rhf ------------------------
shape: (33, 1), dtype: uint16
Data:[[54]
 [51]
 [50]
 [54]
 [46]
 [54]
 [51]
 [51]
 [57]
 [53]
 [52]
 [57]
 [57]
 [57]
 [57]
 [57]
 [57]
 [45]
 [48]
 [32]
 [54]
 [51]
 [50]
 [54]
 [46]
 [54]
 [50]
 [53]
 [57]
 [57]
 [51]
 [45]
 [49]] 
------------------------ Dataset: rhg ------------------------
shape: (33, 1), dtype: uint16
Data:[[54]
 [51]
 [52]
 [50]
 [46]
 [52]
 [53]
 [48]
 [50]
 [52]
 [50]
 [45]
 [48]
 [32]
 [54]
 [51]
 [52]
 [50]
 [46]
 [52]
 [53]
 [48]
 [55]
 [57]
 [56]
 [57]
 [57]
 [57]
 [57]
 [57]
 [57]
 [45]
 [49]] 
------------------------ Dataset: rhh ------------------------
shape: (27, 1), dtype: uint16
Data:[[54]
 [53]
 [48]
 [55]
 [46]
 [53]
 [52]
 [57]
 [57]
 [57]
 [51]
 [45]
 [48]
 [32]
 [54]
 [53]
 [48]
 [55]
 [46]
 [53]
 [53]
 [56]
 [48]
 [49]
 [49]
 [45]
 [49]] 
------------------------ Dataset: rhi ------------------------
shape: (34, 1), dtype: uint16
Data:[[54]
 [53]
 [50]
 [51]
 [46]
 [51]
 [55]
 [53]
 [51]
 [50]
 [48]
 [57]
 [57]
 [57]
 [57]
 [57]
 [57]
 [53]
 [45]
 [48]
 [32]
 [54]
 [53]
 [50]
 [51]
 [46]
 [51]
 [55]
 [56]
 [53]
 [49]
 [52]
 [45]
 [49]] 
------------------------ Dataset: rhj ------------------------
shape: (27, 1), dtype: uint16
Data:[[54]
 [48]
 [49]
 [56]
 [46]
 [57]
 [54]
 [48]
 [50]
 [49]
 [50]
 [45]
 [48]
 [32]
 [54]
 [48]
 [49]
 [56]
 [46]
 [57]
 [52]
 [57]
 [56]
 [57]
 [56]
 [45]
 [49]] 
------------------------ Dataset: rhk ------------------------
shape: (33, 1), dtype: uint16
Data:[[54]
 [48]
 [51]
 [52]
 [46]
 [55]
 [54]
 [49]
 [55]
 [56]
 [51]
 [57]
 [57]
 [57]
 [57]
 [57]
 [57]
 [45]
 [48]
 [32]
 [54]
 [48]
 [51]
 [52]
 [46]
 [55]
 [53]
 [56]
 [48]
 [56]
 [52]
 [45]
 [49]] 
------------------------ Dataset: rhl ------------------------
shape: (27, 1), dtype: uint16
Data:[[54]
 [48]
 [53]
 [48]
 [46]
 [51]
 [55]
 [51]
 [55]
 [57]
 [52]
 [45]
 [48]
 [32]
 [54]
 [48]
 [53]
 [48]
 [46]
 [51]
 [56]
 [49]
 [54]
 [55]
 [56]
 [45]
 [49]] 
------------------------ Dataset: rhm ------------------------
shape: (34, 1), dtype: uint16
Data:[[54]
 [48]
 [54]
 [54]
 [46]
 [50]
 [55]
 [50]
 [50]
 [53]
 [51]
 [57]
 [57]
 [57]
 [57]
 [57]
 [57]
 [53]
 [45]
 [48]
 [32]
 [54]
 [48]
 [54]
 [54]
 [46]
 [50]
 [55]
 [48]
 [48]
 [49]
 [55]
 [45]
 [49]] 
------------------------ Dataset: rhn ------------------------
shape: (33, 1), dtype: uint16
Data:[[54]
 [48]
 [56]
 [50]
 [46]
 [50]
 [48]
 [53]
 [56]
 [54]
 [50]
 [45]
 [48]
 [32]
 [54]
 [48]
 [56]
 [50]
 [46]
 [50]
 [48]
 [53]
 [56]
 [51]
 [48]
 [57]
 [57]
 [57]
 [57]
 [57]
 [57]
 [45]
 [49]] 
------------------------ Dataset: rho ------------------------
shape: (39, 1), dtype: uint16
Data:[[53]
 [54]
 [52]
 [50]
 [46]
 [56]
 [57]
 [55]
 [54]
 [52]
 [53]
 [57]
 [57]
 [57]
 [57]
 [57]
 [57]
 [45]
 [48]
 [32]
 [53]
 [54]
 [52]
 [50]
 [46]
 [57]
 [48]
 [49]
 [54]
 [52]
 [50]
 [57]
 [57]
 [57]
 [57]
 [57]
 [57]
 [45]
 [49]] 
------------------------ Dataset: rhp ------------------------
shape: (27, 1), dtype: uint16
Data:[[53]
 [54]
 [53]
 [56]
 [46]
 [54]
 [52]
 [53]
 [52]
 [56]
 [56]
 [45]
 [48]
 [32]
 [53]
 [54]
 [53]
 [56]
 [46]
 [54]
 [52]
 [53]
 [53]
 [49]
 [52]
 [45]
 [49]] 
------------------------ Dataset: rhq ------------------------
shape: (27, 1), dtype: uint16
Data:[[53]
 [54]
 [55]
 [52]
 [46]
 [51]
 [53]
 [48]
 [56]
 [49]
 [56]
 [45]
 [48]
 [32]
 [53]
 [54]
 [55]
 [52]
 [46]
 [51]
 [53]
 [53]
 [52]
 [55]
 [49]
 [45]
 [49]] 
------------------------ Dataset: rhr ------------------------
shape: (34, 1), dtype: uint16
Data:[[53]
 [54]
 [57]
 [48]
 [46]
 [49]
 [51]
 [51]
 [54]
 [53]
 [57]
 [57]
 [57]
 [57]
 [57]
 [57]
 [57]
 [53]
 [45]
 [48]
 [32]
 [53]
 [54]
 [57]
 [48]
 [46]
 [49]
 [50]
 [57]
 [54]
 [56]
 [50]
 [45]
 [49]] 
------------------------ Dataset: rhs ------------------------
shape: (27, 1), dtype: uint16
Data:[[54]
 [52]
 [49]
 [51]
 [46]
 [52]
 [49]
 [49]
 [48]
 [50]
 [54]
 [45]
 [48]
 [32]
 [54]
 [52]
 [49]
 [51]
 [46]
 [52]
 [48]
 [55]
 [56]
 [57]
 [55]
 [45]
 [49]] 
------------------------ Dataset: rht ------------------------
shape: (33, 1), dtype: uint16
Data:[[54]
 [54]
 [48]
 [53]
 [46]
 [52]
 [55]
 [48]
 [49]
 [56]
 [55]
 [57]
 [57]
 [57]
 [57]
 [57]
 [57]
 [45]
 [48]
 [32]
 [54]
 [54]
 [48]
 [53]
 [46]
 [52]
 [55]
 [52]
 [49]
 [54]
 [57]
 [45]
 [49]] 
------------------------ Dataset: rhu ------------------------
shape: (33, 1), dtype: uint16
Data:[[54]
 [54]
 [50]
 [49]
 [46]
 [52]
 [52]
 [54]
 [48]
 [54]
 [50]
 [57]
 [57]
 [57]
 [57]
 [57]
 [57]
 [45]
 [48]
 [32]
 [54]
 [54]
 [50]
 [49]
 [46]
 [52]
 [52]
 [50]
 [52]
 [56]
 [56]
 [45]
 [49]] 
------------------------ Dataset: rhv ------------------------
shape: (27, 1), dtype: uint16
Data:[[54]
 [54]
 [51]
 [55]
 [46]
 [50]
 [56]
 [54]
 [49]
 [48]
 [54]
 [45]
 [48]
 [32]
 [54]
 [54]
 [51]
 [55]
 [46]
 [50]
 [57]
 [48]
 [50]
 [49]
 [56]
 [45]
 [49]] 
------------------------ Dataset: rhw ------------------------
shape: (33, 1), dtype: uint16
Data:[[54]
 [54]
 [53]
 [50]
 [46]
 [56]
 [56]
 [50]
 [48]
 [55]
 [52]
 [45]
 [48]
 [32]
 [54]
 [54]
 [53]
 [50]
 [46]
 [56]
 [56]
 [54]
 [48]
 [52]
 [55]
 [57]
 [57]
 [57]
 [57]
 [57]
 [57]
 [45]
 [49]] 
------------------------ Dataset: rhx ------------------------
shape: (32, 1), dtype: uint16
Data:[[54]
 [54]
 [54]
 [56]
 [46]
 [55]
 [54]
 [50]
 [54]
 [53]
 [45]
 [48]
 [32]
 [54]
 [54]
 [54]
 [56]
 [46]
 [55]
 [53]
 [56]
 [52]
 [50]
 [50]
 [57]
 [57]
 [57]
 [57]
 [57]
 [57]
 [45]
 [49]] 
------------------------ Dataset: rhy ------------------------
shape: (41, 1), dtype: uint16
Data:[[54]
 [54]
 [56]
 [52]
 [46]
 [54]
 [54]
 [54]
 [49]
 [55]
 [55]
 [57]
 [57]
 [57]
 [57]
 [57]
 [57]
 [53]
 [45]
 [48]
 [32]
 [54]
 [54]
 [56]
 [52]
 [46]
 [54]
 [54]
 [50]
 [49]
 [51]
 [49]
 [57]
 [57]
 [57]
 [57]
 [57]
 [57]
 [53]
 [45]
 [49]] 
------------------------ Dataset: rhz ------------------------
shape: (26, 1), dtype: uint16
Data:[[53]
 [57]
 [48]
 [50]
 [46]
 [53]
 [56]
 [57]
 [54]
 [57]
 [45]
 [48]
 [32]
 [53]
 [57]
 [48]
 [50]
 [46]
 [53]
 [56]
 [54]
 [49]
 [55]
 [57]
 [45]
 [49]] 
------------------------ Dataset: ri ------------------------
