shape: (1, 6), dtype: uint32
Data:[[3707764736          2          1          1        958          1]] 
------------------------ Dataset: 1pb ------------------------
shape: (13, 1), dtype: uint16
Data:[[54]
 [55]
 [54]
 [56]
 [46]
 [53]
 [53]
 [48]
 [49]
 [52]
 [50]
 [45]
 [49]] 
------------------------ Dataset: 1pc ------------------------
shape: (27, 1), dtype: uint16
Data:[[54]
 [50]
 [56]
 [49]
 [46]
 [51]
 [52]
 [57]
 [56]
 [52]
 [53]
 [45]
 [48]
 [32]
 [54]
 [50]
 [56]
 [49]
 [46]
 [51]
 [52]
 [57]
 [57]
 [54]
 [52]
 [45]
 [49]] 
------------------------ Dataset: 1pd ------------------------
shape: (40, 1), dtype: uint16
Data:[[54]
 [50]
 [57]
 [55]
 [46]
 [49]
 [49]
 [49]
 [57]
 [52]
 [57]
 [57]
 [57]
 [57]
 [57]
 [57]
 [57]
 [53]
 [45]
 [48]
 [32]
 [54]
 [50]
 [57]
 [55]
 [46]
 [49]
 [49]
 [49]
 [57]
 [51]
 [56]
 [57]
 [57]
 [57]
 [57]
 [57]
 [57]
 [45]
 [49]] 
------------------------ Dataset: 1pe ------------------------
shape: (33, 1), dtype: uint16
Data:[[54]
 [51]
 [49]
 [50]
 [46]
 [57]
 [57]
 [48]
 [54]
 [53]
 [54]
 [57]
 [57]
 [57]
 [57]
 [57]
 [57]
 [45]
 [48]
 [32]
 [54]
 [51]
 [49]
 [50]
 [46]
 [57]
 [57]
 [52]
 [54]
 [52]
 [50]
 [45]
 [49]] 
------------------------ Dataset: 1pf ------------------------
shape: (27, 1), dtype: uint16
Data:[[54]
 [51]
 [50]
 [56]
 [46]
 [56]
 [50]
 [49]
 [56]
 [52]
 [52]
 [45]
 [48]
 [32]
 [54]
 [51]
 [50]
 [56]
 [46]
 [56]
 [49]
 [55]
 [57]
 [56]
 [57]
 [45]
 [49]] 
------------------------ Dataset: 1pg ------------------------
shape: (13, 1), dtype: uint16
Data:[[54]
 [51]
 [52]
 [52]
 [46]
 [54]
 [51]
 [55]
 [57]
 [53]
 [54]
 [45]
 [48]] 
------------------------ Dataset: 1ph ------------------------
shape: (32, 1), dtype: uint16
Data:[[54]
 [53]
 [48]
 [57]
 [46]
 [55]
 [51]
 [57]
 [52]
 [51]
 [45]
 [48]
 [32]
 [54]
 [53]
 [48]
 [57]
 [46]
 [55]
 [52]
 [51]
 [52]
 [54]
 [54]
 [57]
 [57]
 [57]
 [57]
 [57]
 [57]
 [45]
 [49]] 
------------------------ Dataset: 1pi ------------------------
shape: (27, 1), dtype: uint16
Data:[[54]
 [53]
 [50]
 [53]
 [46]
 [53]
 [52]
 [53]
 [57]
 [57]
 [49]
 [45]
 [48]
 [32]
 [54]
 [53]
 [50]
 [53]
 [46]
 [53]
 [52]
 [50]
 [48]
 [57]
 [51]
 [45]
 [49]] 
------------------------ Dataset: 1pj ------------------------
shape: (33, 1), dtype: uint16
Data:[[54]
 [48]
 [50]
 [49]
 [46]
 [49]
 [52]
 [57]
 [55]
 [49]
 [57]
 [45]
 [48]
 [32]
 [54]
 [48]
 [50]
 [49]
 [46]
 [49]
 [52]
 [53]
 [55]
 [51]
 [50]
 [57]
 [57]
 [57]
 [57]
 [57]
 [57]
 [45]
 [49]] 
------------------------ Dataset: 1pk ------------------------
shape: (19, 1), dtype: uint16
Data:[[54]
 [48]
 [51]
 [54]
 [46]
 [57]
 [51]
 [48]
 [48]
 [51]
 [52]
 [57]
 [57]
 [57]
 [57]
 [57]
 [57]
 [45]
 [49]] 
------------------------ Dataset: 1pl ------------------------
shape: (26, 1), dtype: uint16
Data:[[54]
 [48]
 [53]
 [50]
 [46]
 [53]
 [53]
 [51]
 [54]
 [57]
 [45]
 [48]
 [32]
 [54]
 [48]
 [53]
 [50]
 [46]
 [53]
 [52]
 [57]
 [55]
 [54]
 [54]
 [45]
 [49]] 
------------------------ Dataset: 1pm ------------------------
shape: (39, 1), dtype: uint16
Data:[[54]
 [48]
 [54]
 [56]
 [46]
 [52]
 [53]
 [55]
 [55]
 [57]
 [57]
 [57]
 [57]
 [57]
 [57]
 [57]
 [57]
 [45]
 [48]
 [32]
 [54]
 [48]
 [54]
 [56]
 [46]
 [52]
 [54]
 [49]
 [56]
 [50]
 [49]
 [57]
 [57]
 [57]
 [57]
 [57]
 [57]
 [45]
 [49]] 
------------------------ Dataset: 1pn ------------------------
shape: (13, 1), dtype: uint16
Data:[[54]
 [48]
 [56]
 [52]
 [46]
 [51]
 [56]
 [53]
 [57]
 [49]
 [56]
 [45]
 [48]] 
------------------------ Dataset: 1po ------------------------
shape: (25, 1), dtype: uint16
Data:[[53]
 [54]
 [52]
 [53]
 [46]
 [48]
 [54]
 [53]
 [53]
 [45]
 [48]
 [32]
 [53]
 [54]
 [52]
 [53]
 [46]
 [48]
 [55]
 [51]
 [55]
 [52]
 [56]
 [45]
 [49]] 
------------------------ Dataset: 1pp ------------------------
shape: (26, 1), dtype: uint16
Data:[[53]
 [54]
 [54]
 [48]
 [46]
 [56]
 [49]
 [55]
 [54]
 [48]
 [49]
 [45]
 [48]
 [32]
 [53]
 [54]
 [54]
 [48]
 [46]
 [56]
 [49]
 [51]
 [54]
 [53]
 [45]
 [49]] 
------------------------ Dataset: 1pq ------------------------
shape: (27, 1), dtype: uint16
Data:[[53]
 [54]
 [55]
 [54]
 [46]
 [53]
 [49]
 [51]
 [53]
 [54]
 [57]
 [45]
 [48]
 [32]
 [53]
 [54]
 [55]
 [54]
 [46]
 [53]
 [49]
 [55]
 [53]
 [52]
 [54]
 [45]
 [49]] 
------------------------ Dataset: 1pr ------------------------
shape: (27, 1), dtype: uint16
Data:[[53]
 [54]
 [57]
 [50]
 [46]
 [51]
 [48]
 [48]
 [54]
 [49]
 [52]
 [45]
 [48]
 [32]
 [53]
 [54]
 [57]
 [50]
 [46]
 [51]
 [48]
 [52]
 [57]
 [55]
 [49]
 [45]
 [49]] 
------------------------ Dataset: 1ps ------------------------
shape: (27, 1), dtype: uint16
Data:[[54]
 [52]
 [49]
 [53]
 [46]
 [53]
 [57]
 [56]
 [49]
 [50]
 [57]
 [45]
 [48]
 [32]
 [54]
 [52]
 [49]
 [53]
 [46]
 [53]
 [57]
 [52]
 [49]
 [57]
 [54]
 [45]
 [49]] 
------------------------ Dataset: 1pt ------------------------
shape: (27, 1), dtype: uint16
Data:[[54]
 [54]
 [48]
 [55]
 [46]
 [54]
 [56]
 [50]
 [48]
 [53]
 [52]
 [45]
 [48]
 [32]
 [54]
 [54]
 [48]
 [55]
 [46]
 [54]
 [55]
 [56]
 [49]
 [49]
 [51]
 [45]
 [49]] 
------------------------ Dataset: 1pu ------------------------
shape: (33, 1), dtype: uint16
Data:[[54]
 [54]
 [50]
 [51]
 [46]
 [54]
 [49]
 [48]
 [49]
 [55]
 [56]
 [57]
 [57]
 [57]
 [57]
 [57]
 [57]
 [45]
 [48]
 [32]
 [54]
 [54]
 [50]
 [51]
 [46]
 [54]
 [48]
 [54]
 [50]
 [57]
 [54]
 [45]
 [49]] 
------------------------ Dataset: 1pv ------------------------
shape: (27, 1), dtype: uint16
Data:[[54]
 [54]
 [51]
 [57]
 [46]
 [52]
 [52]
 [57]
 [50]
 [57]
 [57]
 [45]
 [48]
 [32]
 [54]
 [54]
 [51]
 [57]
 [46]
 [52]
 [52]
 [57]
 [51]
 [54]
 [52]
 [45]
 [49]] 
------------------------ Dataset: 1pw ------------------------
shape: (33, 1), dtype: uint16
Data:[[54]
 [54]
 [53]
 [53]
 [46]
 [48]
 [53]
 [52]
 [49]
 [48]
 [55]
 [45]
 [48]
 [32]
 [54]
 [54]
 [53]
 [53]
 [46]
 [48]
 [53]
 [56]
 [49]
 [55]
 [55]
 [57]
 [57]
 [57]
 [57]
 [57]
 [57]
 [45]
 [49]] 
------------------------ Dataset: 1px ------------------------
shape: (32, 1), dtype: uint16
Data:[[54]
 [54]
 [55]
 [48]
 [46]
 [57]
 [54]
 [52]
 [52]
 [54]
 [50]
 [57]
 [57]
 [57]
 [57]
 [57]
 [57]
 [45]
 [48]
 [32]
 [54]
 [54]
 [55]
 [48]
 [46]
 [57]
 [53]
 [52]
 [49]
 [55]
 [45]
 [49]] 
------------------------ Dataset: 1py ------------------------
shape: (13, 1), dtype: uint16
Data:[[54]
 [54]
 [56]
 [54]
 [46]
 [56]
 [53]
 [54]
 [54]
 [53]
 [56]
 [45]
 [48]] 
------------------------ Dataset: 1pz ------------------------
shape: (27, 1), dtype: uint16
Data:[[53]
 [57]
 [48]
 [52]
 [46]
 [55]
 [54]
 [57]
 [54]
 [57]
 [50]
 [45]
 [48]
 [32]
 [53]
 [57]
 [48]
 [52]
 [46]
 [55]
 [55]
 [52]
 [48]
 [52]
 [57]
 [45]
 [49]] 
------------------------ Dataset: 1q ------------------------
