shape: (1, 6), dtype: uint32
Data:[[3707764736          2          1          1        733          1]] 
------------------------ Dataset: imb ------------------------
shape: (39, 1), dtype: uint16
Data:[[54]
 [55]
 [54]
 [55]
 [46]
 [54]
 [49]
 [48]
 [54]
 [50]
 [52]
 [57]
 [57]
 [57]
 [57]
 [57]
 [57]
 [45]
 [48]
 [32]
 [54]
 [55]
 [54]
 [55]
 [46]
 [54]
 [48]
 [55]
 [56]
 [48]
 [51]
 [57]
 [57]
 [57]
 [57]
 [57]
 [57]
 [45]
 [49]] 
------------------------ Dataset: imc ------------------------
shape: (33, 1), dtype: uint16
Data:[[54]
 [50]
 [56]
 [48]
 [46]
 [51]
 [56]
 [57]
 [56]
 [56]
 [51]
 [57]
 [57]
 [57]
 [57]
 [57]
 [57]
 [45]
 [48]
 [32]
 [54]
 [50]
 [56]
 [48]
 [46]
 [51]
 [56]
 [57]
 [56]
 [56]
 [53]
 [45]
 [49]] 
------------------------ Dataset: imd ------------------------
shape: (34, 1), dtype: uint16
Data:[[54]
 [50]
 [57]
 [54]
 [46]
 [49]
 [54]
 [56]
 [50]
 [48]
 [56]
 [57]
 [57]
 [57]
 [57]
 [57]
 [57]
 [53]
 [45]
 [48]
 [32]
 [54]
 [50]
 [57]
 [54]
 [46]
 [49]
 [55]
 [48]
 [48]
 [53]
 [57]
 [45]
 [49]] 
------------------------ Dataset: ime ------------------------
shape: (34, 1), dtype: uint16
Data:[[54]
 [51]
 [49]
 [50]
 [46]
 [48]
 [48]
 [55]
 [55]
 [57]
 [57]
 [45]
 [48]
 [32]
 [54]
 [51]
 [49]
 [50]
 [46]
 [48]
 [49]
 [49]
 [49]
 [51]
 [54]
 [57]
 [57]
 [57]
 [57]
 [57]
 [57]
 [53]
 [45]
 [49]] 
------------------------ Dataset: imf ------------------------
shape: (33, 1), dtype: uint16
Data:[[54]
 [51]
 [50]
 [55]
 [46]
 [56]
 [56]
 [53]
 [57]
 [51]
 [55]
 [57]
 [57]
 [57]
 [57]
 [57]
 [57]
 [45]
 [48]
 [32]
 [54]
 [51]
 [50]
 [55]
 [46]
 [56]
 [56]
 [57]
 [57]
 [51]
 [52]
 [45]
 [49]] 
------------------------ Dataset: img ------------------------
shape: (40, 1), dtype: uint16
Data:[[54]
 [51]
 [52]
 [51]
 [46]
 [55]
 [48]
 [49]
 [56]
 [52]
 [57]
 [57]
 [57]
 [57]
 [57]
 [57]
 [57]
 [53]
 [45]
 [48]
 [32]
 [54]
 [51]
 [52]
 [51]
 [46]
 [55]
 [49]
 [50]
 [51]
 [48]
 [50]
 [57]
 [57]
 [57]
 [57]
 [57]
 [57]
 [45]
 [49]] 
------------------------ Dataset: imh ------------------------
shape: (39, 1), dtype: uint16
Data:[[54]
 [53]
 [48]
 [56]
 [46]
 [55]
 [57]
 [52]
 [49]
 [49]
 [51]
 [57]
 [57]
 [57]
 [57]
 [57]
 [57]
 [45]
 [48]
 [32]
 [54]
 [53]
 [48]
 [56]
 [46]
 [55]
 [57]
 [56]
 [49]
 [52]
 [56]
 [57]
 [57]
 [57]
 [57]
 [57]
 [57]
 [45]
 [49]] 
------------------------ Dataset: imi ------------------------
shape: (33, 1), dtype: uint16
Data:[[54]
 [53]
 [50]
 [52]
 [46]
 [54]
 [49]
 [56]
 [48]
 [49]
 [52]
 [45]
 [48]
 [32]
 [54]
 [53]
 [50]
 [52]
 [46]
 [54]
 [49]
 [52]
 [48]
 [50]
 [56]
 [57]
 [57]
 [57]
 [57]
 [57]
 [57]
 [45]
 [49]] 
------------------------ Dataset: imj ------------------------
shape: (39, 1), dtype: uint16
Data:[[54]
 [48]
 [50]
 [48]
 [46]
 [49]
 [57]
 [49]
 [52]
 [51]
 [51]
 [57]
 [57]
 [57]
 [57]
 [57]
 [57]
 [45]
 [48]
 [32]
 [54]
 [48]
 [50]
 [48]
 [46]
 [49]
 [56]
 [56]
 [53]
 [53]
 [51]
 [57]
 [57]
 [57]
 [57]
 [57]
 [57]
 [45]
 [49]] 
------------------------ Dataset: imk ------------------------
shape: (27, 1), dtype: uint16
Data:[[54]
 [48]
 [51]
 [54]
 [46]
 [48]
 [48]
 [56]
 [51]
 [48]
 [57]
 [45]
 [48]
 [32]
 [54]
 [48]
 [51]
 [54]
 [46]
 [48]
 [48]
 [52]
 [56]
 [55]
 [53]
 [45]
 [49]] 
------------------------ Dataset: iml ------------------------
shape: (27, 1), dtype: uint16
Data:[[54]
 [48]
 [53]
 [49]
 [46]
 [54]
 [48]
 [49]
 [55]
 [57]
 [51]
 [45]
 [48]
 [32]
 [54]
 [48]
 [53]
 [49]
 [46]
 [54]
 [48]
 [53]
 [56]
 [49]
 [55]
 [45]
 [49]] 
------------------------ Dataset: imm ------------------------
shape: (39, 1), dtype: uint16
Data:[[54]
 [48]
 [54]
 [55]
 [46]
 [53]
 [48]
 [53]
 [55]
 [54]
 [56]
 [57]
 [57]
 [57]
 [57]
 [57]
 [57]
 [45]
 [48]
 [32]
 [54]
 [48]
 [54]
 [55]
 [46]
 [53]
 [48]
 [57]
 [55]
 [52]
 [49]
 [57]
 [57]
 [57]
 [57]
 [57]
 [57]
 [45]
 [49]] 
------------------------ Dataset: imn ------------------------
shape: (33, 1), dtype: uint16
Data:[[54]
 [48]
 [56]
 [51]
 [46]
 [52]
 [53]
 [55]
 [55]
 [55]
 [55]
 [45]
 [48]
 [32]
 [54]
 [48]
 [56]
 [51]
 [46]
 [52]
 [54]
 [49]
 [55]
 [54]
 [50]
 [57]
 [57]
 [57]
 [57]
 [57]
 [57]
 [45]
 [49]] 
------------------------ Dataset: imo ------------------------
shape: (27, 1), dtype: uint16
Data:[[53]
 [54]
 [52]
 [52]
 [46]
 [49]
 [50]
 [57]
 [53]
 [56]
 [54]
 [45]
 [48]
 [32]
 [53]
 [54]
 [52]
 [52]
 [46]
 [49]
 [50]
 [53]
 [54]
 [51]
 [55]
 [45]
 [49]] 
------------------------ Dataset: imp ------------------------
shape: (33, 1), dtype: uint16
Data:[[53]
 [54]
 [53]
 [57]
 [46]
 [56]
 [55]
 [52]
 [55]
 [56]
 [50]
 [45]
 [48]
 [32]
 [53]
 [54]
 [53]
 [57]
 [46]
 [56]
 [55]
 [57]
 [48]
 [55]
 [53]
 [57]
 [57]
 [57]
 [57]
 [57]
 [57]
 [45]
 [49]] 
------------------------ Dataset: imq ------------------------
shape: (33, 1), dtype: uint16
Data:[[53]
 [54]
 [55]
 [53]
 [46]
 [53]
 [56]
 [53]
 [53]
 [53]
 [54]
 [45]
 [48]
 [32]
 [53]
 [54]
 [55]
 [53]
 [46]
 [53]
 [56]
 [50]
 [54]
 [56]
 [49]
 [57]
 [57]
 [57]
 [57]
 [57]
 [57]
 [45]
 [49]] 
------------------------ Dataset: imr ------------------------
shape: (34, 1), dtype: uint16
Data:[[53]
 [54]
 [57]
 [49]
 [46]
 [51]
 [54]
 [53]
 [53]
 [50]
 [50]
 [57]
 [57]
 [57]
 [57]
 [57]
 [57]
 [53]
 [45]
 [48]
 [32]
 [53]
 [54]
 [57]
 [49]
 [46]
 [51]
 [54]
 [53]
 [53]
 [53]
 [52]
 [45]
 [49]] 
------------------------ Dataset: ims ------------------------
shape: (39, 1), dtype: uint16
Data:[[54]
 [52]
 [49]
 [52]
 [46]
 [54]
 [51]
 [48]
 [48]
 [49]
 [48]
 [57]
 [57]
 [57]
 [57]
 [57]
 [57]
 [45]
 [48]
 [32]
 [54]
 [52]
 [49]
 [52]
 [46]
 [54]
 [51]
 [51]
 [57]
 [51]
 [53]
 [57]
 [57]
 [57]
 [57]
 [57]
 [57]
 [45]
 [49]] 
------------------------ Dataset: imt ------------------------
shape: (27, 1), dtype: uint16
Data:[[54]
 [54]
 [48]
 [54]
 [46]
 [55]
 [49]
 [52]
 [53]
 [54]
 [50]
 [45]
 [48]
 [32]
 [54]
 [54]
 [48]
 [54]
 [46]
 [55]
 [49]
 [52]
 [49]
 [54]
 [52]
 [45]
 [49]] 
------------------------ Dataset: imu ------------------------
shape: (27, 1), dtype: uint16
Data:[[54]
 [54]
 [50]
 [50]
 [46]
 [54]
 [54]
 [55]
 [51]
 [54]
 [49]
 [45]
 [48]
 [32]
 [54]
 [54]
 [50]
 [50]
 [46]
 [54]
 [55]
 [48]
 [49]
 [49]
 [56]
 [45]
 [49]] 
------------------------ Dataset: imv ------------------------
shape: (33, 1), dtype: uint16
Data:[[54]
 [54]
 [51]
 [56]
 [46]
 [53]
 [50]
 [48]
 [51]
 [48]
 [53]
 [57]
 [57]
 [57]
 [57]
 [57]
 [57]
 [45]
 [48]
 [32]
 [54]
 [54]
 [51]
 [56]
 [46]
 [53]
 [50]
 [51]
 [52]
 [50]
 [57]
 [45]
 [49]] 
------------------------ Dataset: imw ------------------------
shape: (33, 1), dtype: uint16
Data:[[54]
 [54]
 [53]
 [52]
 [46]
 [49]
 [48]
 [50]
 [50]
 [57]
 [53]
 [45]
 [48]
 [32]
 [54]
 [54]
 [53]
 [52]
 [46]
 [49]
 [48]
 [54]
 [52]
 [56]
 [52]
 [57]
 [57]
 [57]
 [57]
 [57]
 [57]
 [45]
 [49]] 
------------------------ Dataset: imx ------------------------
shape: (39, 1), dtype: uint16
Data:[[54]
 [54]
 [55]
 [48]
 [46]
 [48]
 [48]
 [51]
 [54]
 [53]
 [49]
 [57]
 [57]
 [57]
 [57]
 [57]
 [57]
 [45]
 [48]
 [32]
 [54]
 [54]
 [55]
 [48]
 [46]
 [48]
 [48]
 [51]
 [54]
 [53]
 [49]
 [57]
 [57]
 [57]
 [57]
 [57]
 [57]
 [45]
 [49]] 
------------------------ Dataset: imy ------------------------
shape: (27, 1), dtype: uint16
Data:[[54]
 [54]
 [56]
 [53]
 [46]
 [57]
 [49]
 [56]
 [48]
 [57]
 [56]
 [45]
 [48]
 [32]
 [54]
 [54]
 [56]
 [53]
 [46]
 [57]
 [50]
 [50]
 [50]
 [48]
 [50]
 [45]
 [49]] 
------------------------ Dataset: imz ------------------------
shape: (33, 1), dtype: uint16
Data:[[53]
 [57]
 [48]
 [51]
 [46]
 [56]
 [51]
 [53]
 [54]
 [52]
 [55]
 [57]
 [57]
 [57]
 [57]
 [57]
 [57]
 [45]
 [48]
 [32]
 [53]
 [57]
 [48]
 [51]
 [46]
 [56]
 [51]
 [56]
 [48]
 [55]
 [49]
 [45]
 [49]] 
------------------------ Dataset: in ------------------------
