shape: (1, 6), dtype: uint32
Data:[[3707764736          2          1          1       1279          1]] 
------------------------ Dataset: jvb ------------------------
shape: (13, 1), dtype: uint16
Data:[[54]
 [55]
 [54]
 [57]
 [46]
 [57]
 [49]
 [56]
 [51]
 [51]
 [57]
 [45]
 [48]] 
------------------------ Dataset: jvc ------------------------
shape: (33, 1), dtype: uint16
Data:[[54]
 [50]
 [56]
 [50]
 [46]
 [54]
 [56]
 [57]
 [56]
 [50]
 [57]
 [45]
 [48]
 [32]
 [54]
 [50]
 [56]
 [50]
 [46]
 [54]
 [56]
 [57]
 [56]
 [54]
 [52]
 [57]
 [57]
 [57]
 [57]
 [57]
 [57]
 [45]
 [49]] 
------------------------ Dataset: jvd ------------------------
shape: (25, 1), dtype: uint16
Data:[[54]
 [50]
 [57]
 [56]
 [46]
 [52]
 [52]
 [57]
 [56]
 [54]
 [45]
 [48]
 [32]
 [54]
 [50]
 [57]
 [56]
 [46]
 [52]
 [53]
 [51]
 [57]
 [51]
 [45]
 [49]] 
------------------------ Dataset: jve ------------------------
shape: (13, 1), dtype: uint16
Data:[[54]
 [51]
 [49]
 [52]
 [46]
 [51]
 [51]
 [55]
 [57]
 [51]
 [49]
 [45]
 [48]] 
------------------------ Dataset: jvf ------------------------
shape: (27, 1), dtype: uint16
Data:[[54]
 [51]
 [51]
 [48]
 [46]
 [49]
 [54]
 [52]
 [52]
 [49]
 [50]
 [45]
 [48]
 [32]
 [54]
 [51]
 [51]
 [48]
 [46]
 [49]
 [54]
 [54]
 [50]
 [51]
 [51]
 [45]
 [49]] 
------------------------ Dataset: jvg ------------------------
shape: (27, 1), dtype: uint16
Data:[[54]
 [51]
 [52]
 [54]
 [46]
 [48]
 [48]
 [51]
 [54]
 [55]
 [56]
 [45]
 [48]
 [32]
 [54]
 [51]
 [52]
 [54]
 [46]
 [48]
 [48]
 [54]
 [53]
 [49]
 [55]
 [45]
 [49]] 
------------------------ Dataset: jvh ------------------------
shape: (33, 1), dtype: uint16
Data:[[54]
 [53]
 [49]
 [49]
 [46]
 [48]
 [55]
 [56]
 [48]
 [51]
 [57]
 [57]
 [57]
 [57]
 [57]
 [57]
 [57]
 [45]
 [48]
 [32]
 [54]
 [53]
 [49]
 [49]
 [46]
 [48]
 [55]
 [51]
 [57]
 [56]
 [56]
 [45]
 [49]] 
------------------------ Dataset: jvi ------------------------
shape: (40, 1), dtype: uint16
Data:[[54]
 [53]
 [50]
 [54]
 [46]
 [57]
 [50]
 [54]
 [49]
 [51]
 [54]
 [57]
 [57]
 [57]
 [57]
 [57]
 [57]
 [53]
 [45]
 [48]
 [32]
 [54]
 [53]
 [50]
 [54]
 [46]
 [57]
 [50]
 [50]
 [51]
 [55]
 [50]
 [57]
 [57]
 [57]
 [57]
 [57]
 [57]
 [45]
 [49]] 
------------------------ Dataset: jvj ------------------------
shape: (40, 1), dtype: uint16
Data:[[54]
 [48]
 [50]
 [50]
 [46]
 [52]
 [57]
 [55]
 [55]
 [50]
 [52]
 [57]
 [57]
 [57]
 [57]
 [57]
 [57]
 [45]
 [48]
 [32]
 [54]
 [48]
 [50]
 [50]
 [46]
 [52]
 [57]
 [51]
 [54]
 [57]
 [53]
 [57]
 [57]
 [57]
 [57]
 [57]
 [57]
 [53]
 [45]
 [49]] 
------------------------ Dataset: jvk ------------------------
shape: (39, 1), dtype: uint16
Data:[[54]
 [48]
 [51]
 [56]
 [46]
 [50]
 [54]
 [57]
 [55]
 [53]
 [52]
 [57]
 [57]
 [57]
 [57]
 [57]
 [57]
 [45]
 [48]
 [32]
 [54]
 [48]
 [51]
 [56]
 [46]
 [50]
 [54]
 [57]
 [55]
 [53]
 [52]
 [57]
 [57]
 [57]
 [57]
 [57]
 [57]
 [45]
 [49]] 
------------------------ Dataset: jvl ------------------------
shape: (40, 1), dtype: uint16
Data:[[54]
 [48]
 [53]
 [51]
 [46]
 [57]
 [49]
 [57]
 [48]
 [52]
 [54]
 [57]
 [57]
 [57]
 [57]
 [57]
 [57]
 [45]
 [48]
 [32]
 [54]
 [48]
 [53]
 [51]
 [46]
 [57]
 [50]
 [51]
 [50]
 [51]
 [50]
 [57]
 [57]
 [57]
 [57]
 [57]
 [57]
 [53]
 [45]
 [49]] 
------------------------ Dataset: jvm ------------------------
shape: (33, 1), dtype: uint16
Data:[[54]
 [48]
 [54]
 [57]
 [46]
 [56]
 [50]
 [49]
 [55]
 [55]
 [57]
 [45]
 [48]
 [32]
 [54]
 [48]
 [54]
 [57]
 [46]
 [56]
 [49]
 [55]
 [55]
 [55]
 [57]
 [57]
 [57]
 [57]
 [57]
 [57]
 [57]
 [45]
 [49]] 
------------------------ Dataset: jvn ------------------------
shape: (33, 1), dtype: uint16
Data:[[54]
 [48]
 [56]
 [53]
 [46]
 [55]
 [51]
 [50]
 [50]
 [54]
 [49]
 [45]
 [48]
 [32]
 [54]
 [48]
 [56]
 [53]
 [46]
 [55]
 [51]
 [48]
 [54]
 [55]
 [51]
 [57]
 [57]
 [57]
 [57]
 [57]
 [57]
 [45]
 [49]] 
------------------------ Dataset: jvo ------------------------
shape: (33, 1), dtype: uint16
Data:[[53]
 [54]
 [52]
 [54]
 [46]
 [52]
 [49]
 [51]
 [53]
 [53]
 [50]
 [45]
 [48]
 [32]
 [53]
 [54]
 [52]
 [54]
 [46]
 [52]
 [48]
 [57]
 [53]
 [55]
 [51]
 [57]
 [57]
 [57]
 [57]
 [57]
 [57]
 [45]
 [49]] 
------------------------ Dataset: jvp ------------------------
shape: (26, 1), dtype: uint16
Data:[[53]
 [54]
 [54]
 [50]
 [46]
 [49]
 [52]
 [57]
 [54]
 [52]
 [45]
 [48]
 [32]
 [53]
 [54]
 [54]
 [50]
 [46]
 [49]
 [53]
 [51]
 [53]
 [57]
 [51]
 [45]
 [49]] 
------------------------ Dataset: jvq ------------------------
shape: (34, 1), dtype: uint16
Data:[[53]
 [54]
 [55]
 [55]
 [46]
 [56]
 [54]
 [53]
 [54]
 [52]
 [56]
 [45]
 [48]
 [32]
 [53]
 [54]
 [55]
 [55]
 [46]
 [56]
 [55]
 [51]
 [54]
 [51]
 [48]
 [57]
 [57]
 [57]
 [57]
 [57]
 [57]
 [53]
 [45]
 [49]] 
------------------------ Dataset: jvr ------------------------
shape: (33, 1), dtype: uint16
Data:[[53]
 [54]
 [57]
 [51]
 [46]
 [54]
 [51]
 [57]
 [48]
 [54]
 [57]
 [57]
 [57]
 [57]
 [57]
 [57]
 [57]
 [45]
 [48]
 [32]
 [53]
 [54]
 [57]
 [51]
 [46]
 [54]
 [51]
 [55]
 [53]
 [55]
 [50]
 [45]
 [49]] 
------------------------ Dataset: jvs ------------------------
shape: (33, 1), dtype: uint16
Data:[[54]
 [52]
 [49]
 [54]
 [46]
 [57]
 [53]
 [52]
 [48]
 [51]
 [51]
 [57]
 [57]
 [57]
 [57]
 [57]
 [57]
 [45]
 [48]
 [32]
 [54]
 [52]
 [49]
 [54]
 [46]
 [57]
 [52]
 [57]
 [57]
 [54]
 [51]
 [45]
 [49]] 
------------------------ Dataset: jvt ------------------------
shape: (27, 1), dtype: uint16
Data:[[54]
 [54]
 [48]
 [57]
 [46]
 [48]
 [51]
 [56]
 [49]
 [48]
 [49]
 [45]
 [48]
 [32]
 [54]
 [54]
 [48]
 [57]
 [46]
 [48]
 [52]
 [50]
 [49]
 [48]
 [57]
 [45]
 [49]] 
------------------------ Dataset: jvu ------------------------
shape: (27, 1), dtype: uint16
Data:[[54]
 [54]
 [50]
 [52]
 [46]
 [57]
 [55]
 [49]
 [56]
 [57]
 [54]
 [45]
 [48]
 [32]
 [54]
 [54]
 [50]
 [52]
 [46]
 [57]
 [55]
 [50]
 [48]
 [50]
 [50]
 [45]
 [49]] 
------------------------ Dataset: jvv ------------------------
shape: (26, 1), dtype: uint16
Data:[[54]
 [54]
 [52]
 [48]
 [46]
 [55]
 [55]
 [48]
 [50]
 [53]
 [45]
 [48]
 [32]
 [54]
 [54]
 [52]
 [48]
 [46]
 [55]
 [55]
 [48]
 [50]
 [51]
 [50]
 [45]
 [49]] 
------------------------ Dataset: jvw ------------------------
shape: (33, 1), dtype: uint16
Data:[[54]
 [54]
 [53]
 [54]
 [46]
 [52]
 [49]
 [48]
 [48]
 [51]
 [50]
 [45]
 [48]
 [32]
 [54]
 [54]
 [53]
 [54]
 [46]
 [52]
 [48]
 [54]
 [49]
 [49]
 [48]
 [57]
 [57]
 [57]
 [57]
 [57]
 [57]
 [45]
 [49]] 
------------------------ Dataset: jvx ------------------------
shape: (34, 1), dtype: uint16
Data:[[54]
 [54]
 [55]
 [50]
 [46]
 [51]
 [49]
 [56]
 [53]
 [56]
 [56]
 [57]
 [57]
 [57]
 [57]
 [57]
 [57]
 [53]
 [45]
 [48]
 [32]
 [54]
 [54]
 [55]
 [50]
 [46]
 [51]
 [49]
 [52]
 [57]
 [50]
 [57]
 [45]
 [49]] 
------------------------ Dataset: jvy ------------------------
shape: (27, 1), dtype: uint16
Data:[[54]
 [54]
 [56]
 [56]
 [46]
 [50]
 [49]
 [48]
 [48]
 [53]
 [49]
 [45]
 [48]
 [32]
 [54]
 [54]
 [56]
 [56]
 [46]
 [50]
 [49]
 [52]
 [49]
 [48]
 [55]
 [45]
 [49]] 
------------------------ Dataset: jvz ------------------------
shape: (33, 1), dtype: uint16
Data:[[53]
 [57]
 [48]
 [54]
 [46]
 [49]
 [49]
 [56]
 [55]
 [48]
 [50]
 [45]
 [48]
 [32]
 [53]
 [57]
 [48]
 [54]
 [46]
 [49]
 [50]
 [50]
 [50]
 [51]
 [48]
 [57]
 [57]
 [57]
 [57]
 [57]
 [57]
 [45]
 [49]] 
------------------------ Dataset: jw ------------------------
