shape: (1, 6), dtype: uint32
Data:[[3707764736          2          1          1        845          1]] 
------------------------ Dataset: 0nb ------------------------
shape: (32, 1), dtype: uint16
Data:[[54]
 [55]
 [54]
 [56]
 [46]
 [48]
 [57]
 [48]
 [53]
 [54]
 [45]
 [48]
 [32]
 [54]
 [55]
 [54]
 [56]
 [46]
 [48]
 [57]
 [51]
 [49]
 [54]
 [55]
 [57]
 [57]
 [57]
 [57]
 [57]
 [57]
 [45]
 [49]] 
------------------------ Dataset: 0nc ------------------------
shape: (33, 1), dtype: uint16
Data:[[54]
 [50]
 [56]
 [48]
 [46]
 [56]
 [54]
 [51]
 [57]
 [51]
 [49]
 [45]
 [48]
 [32]
 [54]
 [50]
 [56]
 [48]
 [46]
 [56]
 [54]
 [57]
 [49]
 [56]
 [51]
 [57]
 [57]
 [57]
 [57]
 [57]
 [57]
 [45]
 [49]] 
------------------------ Dataset: 0nd ------------------------
shape: (27, 1), dtype: uint16
Data:[[54]
 [50]
 [57]
 [54]
 [46]
 [54]
 [53]
 [48]
 [50]
 [52]
 [50]
 [45]
 [48]
 [32]
 [54]
 [50]
 [57]
 [54]
 [46]
 [54]
 [52]
 [52]
 [52]
 [50]
 [49]
 [45]
 [49]] 
------------------------ Dataset: 0ne ------------------------
shape: (26, 1), dtype: uint16
Data:[[54]
 [51]
 [49]
 [50]
 [46]
 [52]
 [55]
 [52]
 [49]
 [53]
 [45]
 [48]
 [32]
 [54]
 [51]
 [49]
 [50]
 [46]
 [52]
 [55]
 [57]
 [52]
 [52]
 [50]
 [45]
 [49]] 
------------------------ Dataset: 0nf ------------------------
shape: (25, 1), dtype: uint16
Data:[[54]
 [51]
 [50]
 [56]
 [46]
 [51]
 [53]
 [51]
 [56]
 [52]
 [53]
 [45]
 [48]
 [32]
 [54]
 [51]
 [50]
 [56]
 [46]
 [51]
 [53]
 [48]
 [54]
 [45]
 [49]] 
------------------------ Dataset: 0ng ------------------------
shape: (13, 1), dtype: uint16
Data:[[54]
 [51]
 [52]
 [52]
 [46]
 [49]
 [55]
 [51]
 [57]
 [53]
 [57]
 [45]
 [49]] 
------------------------ Dataset: 0nh ------------------------
shape: (34, 1), dtype: uint16
Data:[[54]
 [53]
 [48]
 [57]
 [46]
 [50]
 [55]
 [53]
 [54]
 [56]
 [49]
 [57]
 [57]
 [57]
 [57]
 [57]
 [57]
 [53]
 [45]
 [48]
 [32]
 [54]
 [53]
 [48]
 [57]
 [46]
 [50]
 [55]
 [53]
 [54]
 [56]
 [56]
 [45]
 [49]] 
------------------------ Dataset: 0ni ------------------------
shape: (25, 1), dtype: uint16
Data:[[54]
 [53]
 [50]
 [53]
 [46]
 [48]
 [55]
 [55]
 [57]
 [54]
 [45]
 [48]
 [32]
 [54]
 [53]
 [50]
 [53]
 [46]
 [48]
 [56]
 [52]
 [50]
 [49]
 [45]
 [49]] 
------------------------ Dataset: 0nj ------------------------
shape: (26, 1), dtype: uint16
Data:[[54]
 [48]
 [50]
 [48]
 [46]
 [54]
 [56]
 [48]
 [48]
 [50]
 [45]
 [48]
 [32]
 [54]
 [48]
 [50]
 [48]
 [46]
 [54]
 [56]
 [50]
 [54]
 [54]
 [52]
 [45]
 [49]] 
------------------------ Dataset: 0nk ------------------------
shape: (27, 1), dtype: uint16
Data:[[54]
 [48]
 [51]
 [54]
 [46]
 [52]
 [54]
 [53]
 [56]
 [50]
 [51]
 [45]
 [48]
 [32]
 [54]
 [48]
 [51]
 [54]
 [46]
 [52]
 [54]
 [57]
 [56]
 [53]
 [54]
 [45]
 [49]] 
------------------------ Dataset: 0nl ------------------------
shape: (27, 1), dtype: uint16
Data:[[54]
 [48]
 [53]
 [50]
 [46]
 [48]
 [55]
 [53]
 [48]
 [49]
 [55]
 [45]
 [48]
 [32]
 [54]
 [48]
 [53]
 [50]
 [46]
 [48]
 [55]
 [53]
 [50]
 [52]
 [50]
 [45]
 [49]] 
------------------------ Dataset: 0nm ------------------------
shape: (26, 1), dtype: uint16
Data:[[54]
 [48]
 [54]
 [55]
 [46]
 [57]
 [56]
 [48]
 [55]
 [57]
 [45]
 [48]
 [32]
 [54]
 [48]
 [54]
 [55]
 [46]
 [57]
 [54]
 [57]
 [54]
 [55]
 [51]
 [45]
 [49]] 
------------------------ Dataset: 0nn ------------------------
shape: (32, 1), dtype: uint16
Data:[[54]
 [48]
 [56]
 [51]
 [46]
 [57]
 [50]
 [55]
 [52]
 [51]
 [54]
 [57]
 [57]
 [57]
 [57]
 [57]
 [57]
 [45]
 [48]
 [32]
 [54]
 [48]
 [56]
 [51]
 [46]
 [57]
 [50]
 [55]
 [50]
 [57]
 [45]
 [49]] 
------------------------ Dataset: 0no ------------------------
shape: (27, 1), dtype: uint16
Data:[[53]
 [54]
 [52]
 [52]
 [46]
 [53]
 [57]
 [55]
 [53]
 [53]
 [49]
 [45]
 [48]
 [32]
 [53]
 [54]
 [52]
 [52]
 [46]
 [54]
 [48]
 [53]
 [53]
 [52]
 [54]
 [45]
 [49]] 
------------------------ Dataset: 0np ------------------------
shape: (39, 1), dtype: uint16
Data:[[53]
 [54]
 [54]
 [48]
 [46]
 [51]
 [52]
 [57]
 [54]
 [55]
 [49]
 [57]
 [57]
 [57]
 [57]
 [57]
 [57]
 [45]
 [48]
 [32]
 [53]
 [54]
 [54]
 [48]
 [46]
 [51]
 [53]
 [51]
 [53]
 [57]
 [51]
 [57]
 [57]
 [57]
 [57]
 [57]
 [57]
 [45]
 [49]] 
------------------------ Dataset: 0nq ------------------------
shape: (33, 1), dtype: uint16
Data:[[53]
 [54]
 [55]
 [54]
 [46]
 [48]
 [52]
 [54]
 [49]
 [50]
 [48]
 [57]
 [57]
 [57]
 [57]
 [57]
 [57]
 [45]
 [48]
 [32]
 [53]
 [54]
 [55]
 [54]
 [46]
 [48]
 [52]
 [57]
 [55]
 [53]
 [50]
 [45]
 [49]] 
------------------------ Dataset: 0nr ------------------------
shape: (32, 1), dtype: uint16
Data:[[53]
 [54]
 [57]
 [49]
 [46]
 [56]
 [51]
 [51]
 [54]
 [52]
 [56]
 [57]
 [57]
 [57]
 [57]
 [57]
 [57]
 [45]
 [48]
 [32]
 [53]
 [54]
 [57]
 [49]
 [46]
 [56]
 [51]
 [51]
 [54]
 [52]
 [45]
 [49]] 
------------------------ Dataset: 0ns ------------------------
shape: (27, 1), dtype: uint16
Data:[[54]
 [52]
 [49]
 [53]
 [46]
 [49]
 [49]
 [51]
 [57]
 [49]
 [52]
 [45]
 [48]
 [32]
 [54]
 [52]
 [49]
 [53]
 [46]
 [49]
 [48]
 [57]
 [57]
 [49]
 [56]
 [45]
 [49]] 
------------------------ Dataset: 0nt ------------------------
shape: (34, 1), dtype: uint16
Data:[[54]
 [54]
 [48]
 [55]
 [46]
 [49]
 [56]
 [50]
 [48]
 [50]
 [50]
 [45]
 [48]
 [32]
 [54]
 [54]
 [48]
 [55]
 [46]
 [49]
 [55]
 [56]
 [49]
 [54]
 [55]
 [57]
 [57]
 [57]
 [57]
 [57]
 [57]
 [53]
 [45]
 [49]] 
------------------------ Dataset: 0nu ------------------------
shape: (33, 1), dtype: uint16
Data:[[54]
 [54]
 [50]
 [51]
 [46]
 [49]
 [52]
 [50]
 [54]
 [50]
 [57]
 [45]
 [48]
 [32]
 [54]
 [54]
 [50]
 [51]
 [46]
 [49]
 [52]
 [54]
 [52]
 [54]
 [53]
 [57]
 [57]
 [57]
 [57]
 [57]
 [57]
 [45]
 [49]] 
------------------------ Dataset: 0nv ------------------------
shape: (34, 1), dtype: uint16
Data:[[54]
 [54]
 [51]
 [56]
 [46]
 [57]
 [56]
 [50]
 [49]
 [49]
 [51]
 [57]
 [57]
 [57]
 [57]
 [57]
 [57]
 [53]
 [45]
 [48]
 [32]
 [54]
 [54]
 [51]
 [56]
 [46]
 [57]
 [55]
 [56]
 [51]
 [49]
 [57]
 [45]
 [49]] 
------------------------ Dataset: 0nw ------------------------
shape: (33, 1), dtype: uint16
Data:[[54]
 [54]
 [53]
 [52]
 [46]
 [53]
 [56]
 [51]
 [56]
 [57]
 [50]
 [45]
 [48]
 [32]
 [54]
 [54]
 [53]
 [52]
 [46]
 [53]
 [56]
 [56]
 [54]
 [52]
 [53]
 [57]
 [57]
 [57]
 [57]
 [57]
 [57]
 [45]
 [49]] 
------------------------ Dataset: 0nx ------------------------
shape: (25, 1), dtype: uint16
Data:[[54]
 [54]
 [55]
 [48]
 [46]
 [52]
 [56]
 [50]
 [51]
 [45]
 [48]
 [32]
 [54]
 [54]
 [55]
 [48]
 [46]
 [52]
 [56]
 [54]
 [49]
 [57]
 [56]
 [45]
 [49]] 
------------------------ Dataset: 0ny ------------------------
shape: (34, 1), dtype: uint16
Data:[[54]
 [54]
 [56]
 [54]
 [46]
 [51]
 [57]
 [52]
 [49]
 [53]
 [48]
 [57]
 [57]
 [57]
 [57]
 [57]
 [57]
 [53]
 [45]
 [48]
 [32]
 [54]
 [54]
 [56]
 [54]
 [46]
 [51]
 [57]
 [48]
 [50]
 [57]
 [49]
 [45]
 [49]] 
------------------------ Dataset: 0nz ------------------------
shape: (33, 1), dtype: uint16
Data:[[53]
 [57]
 [48]
 [52]
 [46]
 [51]
 [48]
 [57]
 [55]
 [51]
 [48]
 [57]
 [57]
 [57]
 [57]
 [57]
 [57]
 [45]
 [48]
 [32]
 [53]
 [57]
 [48]
 [52]
 [46]
 [51]
 [48]
 [53]
 [55]
 [57]
 [57]
 [45]
 [49]] 
------------------------ Dataset: 0o ------------------------
