shape: (1, 6), dtype: uint32
Data:[[3707764736          2          1          1       1623          1]] 
------------------------ Dataset: 1Ab ------------------------
shape: (27, 1), dtype: uint16
Data:[[54]
 [55]
 [55]
 [49]
 [46]
 [51]
 [54]
 [54]
 [57]
 [48]
 [51]
 [45]
 [48]
 [32]
 [54]
 [55]
 [55]
 [49]
 [46]
 [51]
 [53]
 [57]
 [54]
 [49]
 [49]
 [45]
 [49]] 
------------------------ Dataset: 1Ac ------------------------
shape: (33, 1), dtype: uint16
Data:[[54]
 [50]
 [56]
 [52]
 [46]
 [49]
 [51]
 [54]
 [48]
 [51]
 [54]
 [57]
 [57]
 [57]
 [57]
 [57]
 [57]
 [45]
 [48]
 [32]
 [54]
 [50]
 [56]
 [52]
 [46]
 [49]
 [52]
 [49]
 [57]
 [57]
 [50]
 [45]
 [49]] 
------------------------ Dataset: 1Ad ------------------------
shape: (19, 1), dtype: uint16
Data:[[54]
 [50]
 [57]
 [57]
 [46]
 [57]
 [48]
 [50]
 [48]
 [51]
 [50]
 [57]
 [57]
 [57]
 [57]
 [57]
 [57]
 [45]
 [48]] 
------------------------ Dataset: 1Ae ------------------------
shape: (27, 1), dtype: uint16
Data:[[54]
 [51]
 [49]
 [53]
 [46]
 [55]
 [56]
 [50]
 [48]
 [51]
 [49]
 [45]
 [48]
 [32]
 [54]
 [51]
 [49]
 [53]
 [46]
 [55]
 [55]
 [55]
 [57]
 [54]
 [49]
 [45]
 [49]] 
------------------------ Dataset: 1Af ------------------------
shape: (33, 1), dtype: uint16
Data:[[54]
 [51]
 [51]
 [49]
 [46]
 [54]
 [49]
 [51]
 [57]
 [52]
 [55]
 [45]
 [48]
 [32]
 [54]
 [51]
 [51]
 [49]
 [46]
 [54]
 [48]
 [57]
 [56]
 [55]
 [55]
 [57]
 [57]
 [57]
 [57]
 [57]
 [57]
 [45]
 [49]] 
------------------------ Dataset: 1Ag ------------------------
shape: (33, 1), dtype: uint16
Data:[[54]
 [52]
 [57]
 [54]
 [46]
 [55]
 [55]
 [48]
 [48]
 [48]
 [52]
 [57]
 [57]
 [57]
 [57]
 [57]
 [57]
 [45]
 [48]
 [32]
 [54]
 [52]
 [57]
 [54]
 [46]
 [55]
 [54]
 [56]
 [57]
 [48]
 [52]
 [45]
 [49]] 
------------------------ Dataset: 1Ah ------------------------
shape: (13, 1), dtype: uint16
Data:[[54]
 [53]
 [49]
 [50]
 [46]
 [53]
 [50]
 [50]
 [48]
 [52]
 [51]
 [45]
 [48]] 
------------------------ Dataset: 1Ai ------------------------
shape: (39, 1), dtype: uint16
Data:[[54]
 [53]
 [50]
 [56]
 [46]
 [51]
 [54]
 [50]
 [50]
 [56]
 [55]
 [57]
 [57]
 [57]
 [57]
 [57]
 [57]
 [45]
 [48]
 [32]
 [54]
 [53]
 [50]
 [56]
 [46]
 [51]
 [53]
 [56]
 [52]
 [52]
 [53]
 [57]
 [57]
 [57]
 [57]
 [57]
 [57]
 [45]
 [49]] 
------------------------ Dataset: 1Aj ------------------------
shape: (33, 1), dtype: uint16
Data:[[54]
 [48]
 [50]
 [51]
 [46]
 [57]
 [52]
 [49]
 [55]
 [57]
 [56]
 [45]
 [48]
 [32]
 [54]
 [48]
 [50]
 [51]
 [46]
 [57]
 [51]
 [55]
 [56]
 [54]
 [53]
 [57]
 [57]
 [57]
 [57]
 [57]
 [57]
 [45]
 [49]] 
------------------------ Dataset: 1Ak ------------------------
shape: (32, 1), dtype: uint16
Data:[[54]
 [48]
 [51]
 [57]
 [46]
 [54]
 [57]
 [51]
 [55]
 [56]
 [49]
 [57]
 [57]
 [57]
 [57]
 [57]
 [57]
 [45]
 [48]
 [32]
 [54]
 [48]
 [51]
 [57]
 [46]
 [54]
 [57]
 [55]
 [57]
 [52]
 [45]
 [49]] 
------------------------ Dataset: 1Al ------------------------
shape: (33, 1), dtype: uint16
Data:[[54]
 [48]
 [53]
 [53]
 [46]
 [51]
 [53]
 [52]
 [48]
 [55]
 [54]
 [45]
 [48]
 [32]
 [54]
 [48]
 [53]
 [53]
 [46]
 [51]
 [53]
 [55]
 [56]
 [49]
 [52]
 [57]
 [57]
 [57]
 [57]
 [57]
 [57]
 [45]
 [49]] 
------------------------ Dataset: 1Am ------------------------
shape: (27, 1), dtype: uint16
Data:[[54]
 [48]
 [55]
 [49]
 [46]
 [51]
 [48]
 [52]
 [48]
 [55]
 [55]
 [45]
 [48]
 [32]
 [54]
 [48]
 [55]
 [49]
 [46]
 [51]
 [48]
 [48]
 [55]
 [56]
 [56]
 [45]
 [49]] 
------------------------ Dataset: 1An ------------------------
shape: (39, 1), dtype: uint16
Data:[[53]
 [54]
 [51]
 [50]
 [46]
 [49]
 [54]
 [54]
 [52]
 [50]
 [49]
 [57]
 [57]
 [57]
 [57]
 [57]
 [57]
 [45]
 [48]
 [32]
 [53]
 [54]
 [51]
 [50]
 [46]
 [49]
 [54]
 [49]
 [54]
 [49]
 [50]
 [57]
 [57]
 [57]
 [57]
 [57]
 [57]
 [45]
 [49]] 
------------------------ Dataset: 1Ao ------------------------
shape: (27, 1), dtype: uint16
Data:[[53]
 [54]
 [52]
 [55]
 [46]
 [56]
 [52]
 [57]
 [53]
 [53]
 [53]
 [45]
 [48]
 [32]
 [53]
 [54]
 [52]
 [55]
 [46]
 [56]
 [53]
 [51]
 [55]
 [53]
 [55]
 [45]
 [49]] 
------------------------ Dataset: 1Ap ------------------------
shape: (27, 1), dtype: uint16
Data:[[53]
 [54]
 [54]
 [51]
 [46]
 [53]
 [57]
 [49]
 [55]
 [53]
 [56]
 [45]
 [48]
 [32]
 [53]
 [54]
 [54]
 [51]
 [46]
 [53]
 [56]
 [57]
 [56]
 [55]
 [57]
 [45]
 [49]] 
------------------------ Dataset: 1Aq ------------------------
shape: (33, 1), dtype: uint16
Data:[[53]
 [54]
 [55]
 [57]
 [46]
 [51]
 [50]
 [57]
 [54]
 [49]
 [49]
 [45]
 [48]
 [32]
 [53]
 [54]
 [55]
 [57]
 [46]
 [51]
 [51]
 [51]
 [54]
 [49]
 [57]
 [57]
 [57]
 [57]
 [57]
 [57]
 [57]
 [45]
 [49]] 
------------------------ Dataset: 1Ar ------------------------
shape: (33, 1), dtype: uint16
Data:[[53]
 [56]
 [48]
 [53]
 [46]
 [54]
 [51]
 [51]
 [54]
 [54]
 [52]
 [57]
 [57]
 [57]
 [57]
 [57]
 [57]
 [45]
 [48]
 [32]
 [53]
 [56]
 [48]
 [53]
 [46]
 [54]
 [51]
 [56]
 [50]
 [52]
 [50]
 [45]
 [49]] 
------------------------ Dataset: 1As ------------------------
shape: (26, 1), dtype: uint16
Data:[[54]
 [52]
 [49]
 [56]
 [46]
 [51]
 [57]
 [48]
 [52]
 [48]
 [53]
 [45]
 [48]
 [32]
 [54]
 [52]
 [49]
 [56]
 [46]
 [51]
 [56]
 [56]
 [54]
 [49]
 [45]
 [49]] 
------------------------ Dataset: 1At ------------------------
shape: (27, 1), dtype: uint16
Data:[[54]
 [54]
 [49]
 [48]
 [46]
 [52]
 [56]
 [51]
 [48]
 [49]
 [51]
 [45]
 [48]
 [32]
 [54]
 [54]
 [49]
 [48]
 [46]
 [52]
 [56]
 [48]
 [56]
 [51]
 [52]
 [45]
 [49]] 
------------------------ Dataset: 1Au ------------------------
shape: (27, 1), dtype: uint16
Data:[[54]
 [54]
 [50]
 [54]
 [46]
 [52]
 [50]
 [49]
 [48]
 [53]
 [51]
 [45]
 [48]
 [32]
 [54]
 [54]
 [50]
 [54]
 [46]
 [52]
 [49]
 [55]
 [55]
 [54]
 [49]
 [45]
 [49]] 
------------------------ Dataset: 1Av ------------------------
shape: (27, 1), dtype: uint16
Data:[[54]
 [54]
 [52]
 [50]
 [46]
 [49]
 [57]
 [48]
 [50]
 [49]
 [56]
 [45]
 [48]
 [32]
 [54]
 [54]
 [52]
 [50]
 [46]
 [49]
 [57]
 [56]
 [48]
 [55]
 [49]
 [45]
 [49]] 
------------------------ Dataset: 1Aw ------------------------
shape: (27, 1), dtype: uint16
Data:[[54]
 [54]
 [53]
 [55]
 [46]
 [56]
 [57]
 [52]
 [48]
 [56]
 [56]
 [45]
 [48]
 [32]
 [54]
 [54]
 [53]
 [55]
 [46]
 [56]
 [57]
 [48]
 [49]
 [56]
 [54]
 [45]
 [49]] 
------------------------ Dataset: 1Ax ------------------------
shape: (33, 1), dtype: uint16
Data:[[54]
 [54]
 [55]
 [51]
 [46]
 [55]
 [55]
 [52]
 [49]
 [50]
 [50]
 [45]
 [48]
 [32]
 [54]
 [54]
 [55]
 [51]
 [46]
 [55]
 [55]
 [56]
 [49]
 [48]
 [57]
 [57]
 [57]
 [57]
 [57]
 [57]
 [57]
 [45]
 [49]] 
------------------------ Dataset: 1Ay ------------------------
shape: (27, 1), dtype: uint16
Data:[[54]
 [54]
 [56]
 [57]
 [46]
 [54]
 [57]
 [52]
 [49]
 [49]
 [57]
 [45]
 [48]
 [32]
 [54]
 [54]
 [56]
 [57]
 [46]
 [54]
 [57]
 [48]
 [49]
 [49]
 [51]
 [45]
 [49]] 
------------------------ Dataset: 1Az ------------------------
shape: (33, 1), dtype: uint16
Data:[[53]
 [57]
 [48]
 [55]
 [46]
 [53]
 [57]
 [51]
 [54]
 [57]
 [51]
 [57]
 [57]
 [57]
 [57]
 [57]
 [57]
 [45]
 [48]
 [32]
 [53]
 [57]
 [48]
 [55]
 [46]
 [53]
 [56]
 [57]
 [55]
 [55]
 [57]
 [45]
 [49]] 
------------------------ Dataset: 1B ------------------------
