shape: (1, 6), dtype: uint32
Data:[[3707764736          2          1          1       1257          1]] 
------------------------ Dataset: Xub ------------------------
shape: (33, 1), dtype: uint16
Data:[[54]
 [55]
 [54]
 [57]
 [46]
 [56]
 [51]
 [49]
 [57]
 [50]
 [51]
 [45]
 [48]
 [32]
 [54]
 [55]
 [54]
 [57]
 [46]
 [56]
 [51]
 [52]
 [53]
 [50]
 [52]
 [57]
 [57]
 [57]
 [57]
 [57]
 [57]
 [45]
 [49]] 
------------------------ Dataset: Xuc ------------------------
shape: (27, 1), dtype: uint16
Data:[[54]
 [50]
 [56]
 [50]
 [46]
 [54]
 [48]
 [49]
 [55]
 [56]
 [56]
 [45]
 [48]
 [32]
 [54]
 [50]
 [56]
 [50]
 [46]
 [53]
 [57]
 [55]
 [57]
 [48]
 [56]
 [45]
 [49]] 
------------------------ Dataset: Xud ------------------------
shape: (27, 1), dtype: uint16
Data:[[54]
 [50]
 [57]
 [56]
 [46]
 [51]
 [54]
 [49]
 [57]
 [48]
 [54]
 [45]
 [48]
 [32]
 [54]
 [50]
 [57]
 [56]
 [46]
 [51]
 [54]
 [54]
 [51]
 [49]
 [50]
 [45]
 [49]] 
------------------------ Dataset: Xue ------------------------
shape: (19, 1), dtype: uint16
Data:[[54]
 [51]
 [49]
 [52]
 [46]
 [50]
 [53]
 [48]
 [49]
 [55]
 [55]
 [57]
 [57]
 [57]
 [57]
 [57]
 [57]
 [45]
 [48]] 
------------------------ Dataset: Xuf ------------------------
shape: (33, 1), dtype: uint16
Data:[[54]
 [51]
 [51]
 [48]
 [46]
 [48]
 [55]
 [51]
 [57]
 [55]
 [49]
 [45]
 [48]
 [32]
 [54]
 [51]
 [51]
 [48]
 [46]
 [48]
 [55]
 [55]
 [57]
 [53]
 [48]
 [57]
 [57]
 [57]
 [57]
 [57]
 [57]
 [45]
 [49]] 
------------------------ Dataset: Xug ------------------------
shape: (33, 1), dtype: uint16
Data:[[54]
 [51]
 [52]
 [53]
 [46]
 [57]
 [49]
 [52]
 [56]
 [56]
 [57]
 [45]
 [48]
 [32]
 [54]
 [51]
 [52]
 [53]
 [46]
 [57]
 [49]
 [56]
 [49]
 [52]
 [51]
 [57]
 [57]
 [57]
 [57]
 [57]
 [57]
 [45]
 [49]] 
------------------------ Dataset: Xuh ------------------------
shape: (39, 1), dtype: uint16
Data:[[54]
 [53]
 [49]
 [48]
 [46]
 [57]
 [57]
 [48]
 [49]
 [57]
 [49]
 [57]
 [57]
 [57]
 [57]
 [57]
 [57]
 [45]
 [48]
 [32]
 [54]
 [53]
 [49]
 [48]
 [46]
 [57]
 [56]
 [54]
 [57]
 [50]
 [52]
 [57]
 [57]
 [57]
 [57]
 [57]
 [57]
 [45]
 [49]] 
------------------------ Dataset: Xui ------------------------
shape: (33, 1), dtype: uint16
Data:[[54]
 [53]
 [50]
 [54]
 [46]
 [56]
 [51]
 [55]
 [57]
 [55]
 [57]
 [45]
 [48]
 [32]
 [54]
 [53]
 [50]
 [54]
 [46]
 [56]
 [51]
 [52]
 [48]
 [49]
 [49]
 [57]
 [57]
 [57]
 [57]
 [57]
 [57]
 [45]
 [49]] 
------------------------ Dataset: Xuj ------------------------
shape: (33, 1), dtype: uint16
Data:[[54]
 [48]
 [50]
 [50]
 [46]
 [52]
 [49]
 [52]
 [56]
 [51]
 [49]
 [45]
 [48]
 [32]
 [54]
 [48]
 [50]
 [50]
 [46]
 [52]
 [48]
 [53]
 [56]
 [48]
 [57]
 [57]
 [57]
 [57]
 [57]
 [57]
 [57]
 [45]
 [49]] 
------------------------ Dataset: Xuk ------------------------
shape: (39, 1), dtype: uint16
Data:[[54]
 [48]
 [51]
 [56]
 [46]
 [49]
 [56]
 [50]
 [49]
 [52]
 [48]
 [57]
 [57]
 [57]
 [57]
 [57]
 [57]
 [45]
 [48]
 [32]
 [54]
 [48]
 [51]
 [56]
 [46]
 [49]
 [55]
 [55]
 [56]
 [53]
 [50]
 [57]
 [57]
 [57]
 [57]
 [57]
 [57]
 [45]
 [49]] 
------------------------ Dataset: Xul ------------------------
shape: (27, 1), dtype: uint16
Data:[[54]
 [48]
 [53]
 [51]
 [46]
 [56]
 [50]
 [57]
 [55]
 [52]
 [50]
 [45]
 [48]
 [32]
 [54]
 [48]
 [53]
 [51]
 [46]
 [56]
 [51]
 [57]
 [55]
 [57]
 [50]
 [45]
 [49]] 
------------------------ Dataset: Xum ------------------------
shape: (40, 1), dtype: uint16
Data:[[54]
 [48]
 [54]
 [57]
 [46]
 [55]
 [51]
 [51]
 [56]
 [49]
 [54]
 [57]
 [57]
 [57]
 [57]
 [57]
 [57]
 [45]
 [48]
 [32]
 [54]
 [48]
 [54]
 [57]
 [46]
 [55]
 [50]
 [57]
 [55]
 [52]
 [57]
 [57]
 [57]
 [57]
 [57]
 [57]
 [57]
 [53]
 [45]
 [49]] 
------------------------ Dataset: Xun ------------------------
shape: (26, 1), dtype: uint16
Data:[[54]
 [48]
 [56]
 [53]
 [46]
 [54]
 [51]
 [55]
 [56]
 [55]
 [45]
 [48]
 [32]
 [54]
 [48]
 [56]
 [53]
 [46]
 [54]
 [51]
 [52]
 [53]
 [53]
 [54]
 [45]
 [49]] 
------------------------ Dataset: Xuo ------------------------
shape: (33, 1), dtype: uint16
Data:[[53]
 [54]
 [52]
 [54]
 [46]
 [51]
 [51]
 [50]
 [49]
 [50]
 [53]
 [57]
 [57]
 [57]
 [57]
 [57]
 [57]
 [45]
 [48]
 [32]
 [53]
 [54]
 [52]
 [54]
 [46]
 [51]
 [50]
 [49]
 [55]
 [48]
 [51]
 [45]
 [49]] 
------------------------ Dataset: Xup ------------------------
shape: (27, 1), dtype: uint16
Data:[[53]
 [54]
 [54]
 [50]
 [46]
 [48]
 [54]
 [49]
 [54]
 [51]
 [52]
 [45]
 [48]
 [32]
 [53]
 [54]
 [54]
 [50]
 [46]
 [48]
 [54]
 [53]
 [53]
 [54]
 [51]
 [45]
 [49]] 
------------------------ Dataset: Xuq ------------------------
shape: (33, 1), dtype: uint16
Data:[[53]
 [54]
 [55]
 [55]
 [46]
 [55]
 [55]
 [55]
 [54]
 [48]
 [57]
 [45]
 [48]
 [32]
 [53]
 [54]
 [55]
 [55]
 [46]
 [55]
 [56]
 [49]
 [53]
 [54]
 [52]
 [57]
 [57]
 [57]
 [57]
 [57]
 [57]
 [45]
 [49]] 
------------------------ Dataset: Xur ------------------------
shape: (33, 1), dtype: uint16
Data:[[53]
 [54]
 [57]
 [51]
 [46]
 [53]
 [52]
 [53]
 [53]
 [56]
 [53]
 [57]
 [57]
 [57]
 [57]
 [57]
 [57]
 [45]
 [48]
 [32]
 [53]
 [54]
 [57]
 [51]
 [46]
 [53]
 [52]
 [49]
 [54]
 [51]
 [51]
 [45]
 [49]] 
------------------------ Dataset: Xus ------------------------
shape: (25, 1), dtype: uint16
Data:[[54]
 [52]
 [49]
 [54]
 [46]
 [56]
 [54]
 [49]
 [57]
 [45]
 [48]
 [32]
 [54]
 [52]
 [49]
 [54]
 [46]
 [56]
 [54]
 [49]
 [57]
 [52]
 [57]
 [45]
 [49]] 
------------------------ Dataset: Xut ------------------------
shape: (34, 1), dtype: uint16
Data:[[54]
 [54]
 [48]
 [56]
 [46]
 [57]
 [52]
 [54]
 [49]
 [49]
 [54]
 [57]
 [57]
 [57]
 [57]
 [57]
 [57]
 [53]
 [45]
 [48]
 [32]
 [54]
 [54]
 [48]
 [56]
 [46]
 [57]
 [53]
 [48]
 [55]
 [54]
 [57]
 [45]
 [49]] 
------------------------ Dataset: Xuu ------------------------
shape: (33, 1), dtype: uint16
Data:[[54]
 [54]
 [50]
 [52]
 [46]
 [56]
 [55]
 [52]
 [49]
 [51]
 [50]
 [57]
 [57]
 [57]
 [57]
 [57]
 [57]
 [45]
 [48]
 [32]
 [54]
 [54]
 [50]
 [52]
 [46]
 [56]
 [56]
 [50]
 [49]
 [48]
 [56]
 [45]
 [49]] 
------------------------ Dataset: Xuv ------------------------
shape: (26, 1), dtype: uint16
Data:[[54]
 [54]
 [52]
 [48]
 [46]
 [54]
 [56]
 [50]
 [50]
 [57]
 [45]
 [48]
 [32]
 [54]
 [54]
 [52]
 [48]
 [46]
 [54]
 [55]
 [56]
 [49]
 [54]
 [49]
 [45]
 [49]] 
------------------------ Dataset: Xuw ------------------------
shape: (32, 1), dtype: uint16
Data:[[54]
 [54]
 [53]
 [54]
 [46]
 [51]
 [50]
 [50]
 [49]
 [51]
 [57]
 [57]
 [57]
 [57]
 [57]
 [57]
 [57]
 [45]
 [48]
 [32]
 [54]
 [54]
 [53]
 [54]
 [46]
 [51]
 [49]
 [56]
 [57]
 [57]
 [45]
 [49]] 
------------------------ Dataset: Xux ------------------------
shape: (39, 1), dtype: uint16
Data:[[54]
 [54]
 [55]
 [50]
 [46]
 [50]
 [50]
 [54]
 [50]
 [50]
 [57]
 [57]
 [57]
 [57]
 [57]
 [57]
 [57]
 [45]
 [48]
 [32]
 [54]
 [54]
 [55]
 [50]
 [46]
 [50]
 [50]
 [50]
 [50]
 [49]
 [48]
 [57]
 [57]
 [57]
 [57]
 [57]
 [57]
 [45]
 [49]] 
------------------------ Dataset: Xuy ------------------------
shape: (33, 1), dtype: uint16
Data:[[54]
 [54]
 [56]
 [56]
 [46]
 [49]
 [49]
 [53]
 [53]
 [52]
 [45]
 [48]
 [32]
 [54]
 [54]
 [56]
 [56]
 [46]
 [49]
 [49]
 [48]
 [48]
 [55]
 [57]
 [57]
 [57]
 [57]
 [57]
 [57]
 [57]
 [53]
 [45]
 [49]] 
------------------------ Dataset: Xuz ------------------------
shape: (26, 1), dtype: uint16
Data:[[53]
 [57]
 [48]
 [54]
 [46]
 [48]
 [50]
 [57]
 [54]
 [50]
 [53]
 [45]
 [48]
 [32]
 [53]
 [57]
 [48]
 [54]
 [46]
 [48]
 [51]
 [51]
 [55]
 [51]
 [45]
 [49]] 
------------------------ Dataset: Xv ------------------------
