shape: (1, 6), dtype: uint32
Data:[[3707764736          2          1          1        572          1]] 
------------------------ Dataset: Djb ------------------------
shape: (33, 1), dtype: uint16
Data:[[54]
 [55]
 [54]
 [54]
 [46]
 [57]
 [50]
 [52]
 [54]
 [54]
 [57]
 [57]
 [57]
 [57]
 [57]
 [57]
 [57]
 [45]
 [48]
 [32]
 [54]
 [55]
 [54]
 [54]
 [46]
 [57]
 [50]
 [54]
 [51]
 [51]
 [50]
 [45]
 [49]] 
------------------------ Dataset: Djc ------------------------
shape: (26, 1), dtype: uint16
Data:[[54]
 [50]
 [55]
 [57]
 [46]
 [55]
 [50]
 [50]
 [48]
 [54]
 [45]
 [48]
 [32]
 [54]
 [50]
 [55]
 [57]
 [46]
 [55]
 [50]
 [54]
 [48]
 [48]
 [56]
 [45]
 [49]] 
------------------------ Dataset: Djd ------------------------
shape: (27, 1), dtype: uint16
Data:[[54]
 [50]
 [57]
 [53]
 [46]
 [52]
 [57]
 [55]
 [57]
 [55]
 [55]
 [45]
 [48]
 [32]
 [54]
 [50]
 [57]
 [53]
 [46]
 [52]
 [57]
 [51]
 [57]
 [52]
 [50]
 [45]
 [49]] 
------------------------ Dataset: Dje ------------------------
shape: (33, 1), dtype: uint16
Data:[[54]
 [51]
 [49]
 [49]
 [46]
 [51]
 [52]
 [49]
 [54]
 [57]
 [50]
 [45]
 [48]
 [32]
 [54]
 [51]
 [49]
 [49]
 [46]
 [51]
 [52]
 [48]
 [51]
 [49]
 [49]
 [57]
 [57]
 [57]
 [57]
 [57]
 [57]
 [45]
 [49]] 
------------------------ Dataset: Djf ------------------------
shape: (40, 1), dtype: uint16
Data:[[54]
 [51]
 [50]
 [55]
 [46]
 [50]
 [49]
 [55]
 [57]
 [51]
 [57]
 [57]
 [57]
 [57]
 [57]
 [57]
 [57]
 [53]
 [45]
 [48]
 [32]
 [54]
 [51]
 [50]
 [55]
 [46]
 [50]
 [49]
 [51]
 [57]
 [52]
 [54]
 [57]
 [57]
 [57]
 [57]
 [57]
 [57]
 [45]
 [49]] 
------------------------ Dataset: Djg ------------------------
shape: (40, 1), dtype: uint16
Data:[[54]
 [51]
 [52]
 [51]
 [46]
 [48]
 [49]
 [51]
 [57]
 [54]
 [53]
 [57]
 [57]
 [57]
 [57]
 [57]
 [57]
 [53]
 [45]
 [48]
 [32]
 [54]
 [51]
 [52]
 [51]
 [46]
 [48]
 [49]
 [51]
 [57]
 [55]
 [56]
 [57]
 [57]
 [57]
 [57]
 [57]
 [57]
 [45]
 [49]] 
------------------------ Dataset: Djh ------------------------
shape: (33, 1), dtype: uint16
Data:[[54]
 [53]
 [48]
 [56]
 [46]
 [49]
 [48]
 [49]
 [57]
 [50]
 [50]
 [45]
 [48]
 [32]
 [54]
 [53]
 [48]
 [56]
 [46]
 [49]
 [48]
 [53]
 [57]
 [54]
 [56]
 [57]
 [57]
 [57]
 [57]
 [57]
 [57]
 [45]
 [49]] 
------------------------ Dataset: Dji ------------------------
shape: (25, 1), dtype: uint16
Data:[[54]
 [53]
 [50]
 [51]
 [46]
 [57]
 [52]
 [55]
 [52]
 [45]
 [48]
 [32]
 [54]
 [53]
 [50]
 [51]
 [46]
 [57]
 [51]
 [56]
 [48]
 [48]
 [52]
 [45]
 [49]] 
------------------------ Dataset: Djj ------------------------
shape: (27, 1), dtype: uint16
Data:[[54]
 [48]
 [49]
 [57]
 [46]
 [53]
 [48]
 [57]
 [56]
 [54]
 [52]
 [45]
 [48]
 [32]
 [54]
 [48]
 [49]
 [57]
 [46]
 [53]
 [48]
 [57]
 [56]
 [54]
 [50]
 [45]
 [49]] 
------------------------ Dataset: Djk ------------------------
shape: (34, 1), dtype: uint16
Data:[[54]
 [48]
 [51]
 [53]
 [46]
 [51]
 [49]
 [55]
 [56]
 [51]
 [51]
 [45]
 [48]
 [32]
 [54]
 [48]
 [51]
 [53]
 [46]
 [51]
 [50]
 [49]
 [56]
 [50]
 [48]
 [57]
 [57]
 [57]
 [57]
 [57]
 [57]
 [53]
 [45]
 [49]] 
------------------------ Dataset: Djl ------------------------
shape: (27, 1), dtype: uint16
Data:[[54]
 [48]
 [53]
 [48]
 [46]
 [57]
 [52]
 [49]
 [55]
 [50]
 [57]
 [45]
 [48]
 [32]
 [54]
 [48]
 [53]
 [48]
 [46]
 [57]
 [51]
 [55]
 [56]
 [49]
 [51]
 [45]
 [49]] 
------------------------ Dataset: Djm ------------------------
shape: (34, 1), dtype: uint16
Data:[[54]
 [48]
 [54]
 [54]
 [46]
 [56]
 [51]
 [55]
 [55]
 [49]
 [57]
 [45]
 [48]
 [32]
 [54]
 [48]
 [54]
 [54]
 [46]
 [56]
 [51]
 [51]
 [55]
 [50]
 [52]
 [57]
 [57]
 [57]
 [57]
 [57]
 [57]
 [53]
 [45]
 [49]] 
------------------------ Dataset: Djn ------------------------
shape: (27, 1), dtype: uint16
Data:[[54]
 [48]
 [56]
 [50]
 [46]
 [55]
 [53]
 [55]
 [56]
 [57]
 [51]
 [45]
 [48]
 [32]
 [54]
 [48]
 [56]
 [50]
 [46]
 [55]
 [54]
 [51]
 [50]
 [51]
 [49]
 [45]
 [49]] 
------------------------ Dataset: Djo ------------------------
shape: (40, 1), dtype: uint16
Data:[[53]
 [54]
 [52]
 [51]
 [46]
 [52]
 [53]
 [51]
 [53]
 [57]
 [53]
 [57]
 [57]
 [57]
 [57]
 [57]
 [57]
 [45]
 [48]
 [32]
 [53]
 [54]
 [52]
 [51]
 [46]
 [52]
 [53]
 [55]
 [53]
 [53]
 [48]
 [57]
 [57]
 [57]
 [57]
 [57]
 [57]
 [53]
 [45]
 [49]] 
------------------------ Dataset: Djp ------------------------
shape: (31, 1), dtype: uint16
Data:[[53]
 [54]
 [53]
 [57]
 [46]
 [49]
 [57]
 [55]
 [56]
 [55]
 [56]
 [57]
 [57]
 [57]
 [57]
 [57]
 [57]
 [45]
 [48]
 [32]
 [53]
 [54]
 [53]
 [57]
 [46]
 [50]
 [48]
 [49]
 [55]
 [45]
 [49]] 
------------------------ Dataset: Djq ------------------------
shape: (27, 1), dtype: uint16
Data:[[53]
 [54]
 [55]
 [52]
 [46]
 [57]
 [49]
 [51]
 [55]
 [48]
 [52]
 [45]
 [48]
 [32]
 [53]
 [54]
 [55]
 [52]
 [46]
 [57]
 [49]
 [56]
 [55]
 [49]
 [56]
 [45]
 [49]] 
------------------------ Dataset: Djr ------------------------
shape: (33, 1), dtype: uint16
Data:[[53]
 [54]
 [57]
 [48]
 [46]
 [54]
 [56]
 [49]
 [54]
 [49]
 [57]
 [57]
 [57]
 [57]
 [57]
 [57]
 [57]
 [45]
 [48]
 [32]
 [53]
 [54]
 [57]
 [48]
 [46]
 [54]
 [56]
 [53]
 [53]
 [57]
 [50]
 [45]
 [49]] 
------------------------ Dataset: Djs ------------------------
shape: (33, 1), dtype: uint16
Data:[[54]
 [52]
 [49]
 [51]
 [46]
 [57]
 [53]
 [55]
 [57]
 [55]
 [52]
 [57]
 [57]
 [57]
 [57]
 [57]
 [57]
 [45]
 [48]
 [32]
 [54]
 [52]
 [49]
 [51]
 [46]
 [57]
 [53]
 [52]
 [49]
 [51]
 [50]
 [45]
 [49]] 
------------------------ Dataset: Djt ------------------------
shape: (34, 1), dtype: uint16
Data:[[54]
 [54]
 [48]
 [54]
 [46]
 [48]
 [51]
 [52]
 [48]
 [49]
 [50]
 [45]
 [48]
 [32]
 [54]
 [54]
 [48]
 [54]
 [46]
 [48]
 [51]
 [48]
 [49]
 [53]
 [52]
 [57]
 [57]
 [57]
 [57]
 [57]
 [57]
 [53]
 [45]
 [49]] 
------------------------ Dataset: Dju ------------------------
shape: (40, 1), dtype: uint16
Data:[[54]
 [54]
 [50]
 [50]
 [46]
 [48]
 [48]
 [50]
 [49]
 [51]
 [56]
 [57]
 [57]
 [57]
 [57]
 [57]
 [57]
 [45]
 [48]
 [32]
 [54]
 [54]
 [50]
 [49]
 [46]
 [57]
 [57]
 [56]
 [49]
 [51]
 [51]
 [57]
 [57]
 [57]
 [57]
 [57]
 [57]
 [53]
 [45]
 [49]] 
------------------------ Dataset: Djv ------------------------
shape: (26, 1), dtype: uint16
Data:[[54]
 [54]
 [51]
 [55]
 [46]
 [56]
 [53]
 [48]
 [50]
 [51]
 [53]
 [45]
 [48]
 [32]
 [54]
 [54]
 [51]
 [55]
 [46]
 [56]
 [52]
 [54]
 [50]
 [52]
 [45]
 [49]] 
------------------------ Dataset: Djw ------------------------
shape: (33, 1), dtype: uint16
Data:[[54]
 [54]
 [53]
 [51]
 [46]
 [52]
 [52]
 [50]
 [55]
 [57]
 [55]
 [45]
 [48]
 [32]
 [54]
 [54]
 [53]
 [51]
 [46]
 [52]
 [51]
 [56]
 [57]
 [53]
 [51]
 [57]
 [57]
 [57]
 [57]
 [57]
 [57]
 [45]
 [49]] 
------------------------ Dataset: Djx ------------------------
shape: (32, 1), dtype: uint16
Data:[[54]
 [54]
 [54]
 [57]
 [46]
 [51]
 [50]
 [50]
 [48]
 [50]
 [45]
 [48]
 [32]
 [54]
 [54]
 [54]
 [57]
 [46]
 [51]
 [49]
 [56]
 [49]
 [53]
 [53]
 [57]
 [57]
 [57]
 [57]
 [57]
 [57]
 [45]
 [49]] 
------------------------ Dataset: Djy ------------------------
shape: (39, 1), dtype: uint16
Data:[[54]
 [54]
 [56]
 [53]
 [46]
 [50]
 [52]
 [50]
 [48]
 [51]
 [55]
 [57]
 [57]
 [57]
 [57]
 [57]
 [57]
 [45]
 [48]
 [32]
 [54]
 [54]
 [56]
 [53]
 [46]
 [50]
 [51]
 [56]
 [48]
 [54]
 [49]
 [57]
 [57]
 [57]
 [57]
 [57]
 [57]
 [45]
 [49]] 
------------------------ Dataset: Djz ------------------------
shape: (33, 1), dtype: uint16
Data:[[53]
 [57]
 [48]
 [51]
 [46]
 [49]
 [54]
 [49]
 [55]
 [48]
 [57]
 [57]
 [57]
 [57]
 [57]
 [57]
 [57]
 [45]
 [48]
 [32]
 [53]
 [57]
 [48]
 [51]
 [46]
 [49]
 [54]
 [49]
 [55]
 [52]
 [54]
 [45]
 [49]] 
------------------------ Dataset: Dk ------------------------
