shape: (1, 6), dtype: uint32
Data:[[3707764736          2          1          1        109          1]] 
------------------------ Dataset: Ybb ------------------------
shape: (39, 1), dtype: uint16
Data:[[54]
 [55]
 [54]
 [52]
 [46]
 [57]
 [54]
 [50]
 [49]
 [53]
 [52]
 [57]
 [57]
 [57]
 [57]
 [57]
 [57]
 [45]
 [48]
 [32]
 [54]
 [55]
 [54]
 [52]
 [46]
 [57]
 [53]
 [56]
 [50]
 [50]
 [57]
 [57]
 [57]
 [57]
 [57]
 [57]
 [57]
 [45]
 [49]] 
------------------------ Dataset: Ybc ------------------------
shape: (33, 1), dtype: uint16
Data:[[54]
 [55]
 [56]
 [48]
 [46]
 [56]
 [49]
 [56]
 [54]
 [55]
 [49]
 [57]
 [57]
 [57]
 [57]
 [57]
 [57]
 [45]
 [48]
 [32]
 [54]
 [55]
 [56]
 [48]
 [46]
 [56]
 [50]
 [53]
 [57]
 [52]
 [49]
 [45]
 [49]] 
------------------------ Dataset: Ybd ------------------------
shape: (34, 1), dtype: uint16
Data:[[54]
 [50]
 [57]
 [51]
 [46]
 [53]
 [54]
 [57]
 [56]
 [57]
 [54]
 [45]
 [48]
 [32]
 [54]
 [50]
 [57]
 [51]
 [46]
 [53]
 [54]
 [53]
 [56]
 [57]
 [54]
 [57]
 [57]
 [57]
 [57]
 [57]
 [57]
 [53]
 [45]
 [49]] 
------------------------ Dataset: Ybe ------------------------
shape: (26, 1), dtype: uint16
Data:[[54]
 [51]
 [48]
 [57]
 [46]
 [51]
 [56]
 [56]
 [48]
 [57]
 [55]
 [45]
 [48]
 [32]
 [54]
 [51]
 [48]
 [57]
 [46]
 [51]
 [57]
 [53]
 [54]
 [55]
 [45]
 [49]] 
------------------------ Dataset: Ybf ------------------------
shape: (34, 1), dtype: uint16
Data:[[54]
 [51]
 [50]
 [53]
 [46]
 [50]
 [48]
 [53]
 [57]
 [49]
 [53]
 [45]
 [48]
 [32]
 [54]
 [51]
 [50]
 [53]
 [46]
 [50]
 [48]
 [57]
 [56]
 [56]
 [50]
 [57]
 [57]
 [57]
 [57]
 [57]
 [57]
 [53]
 [45]
 [49]] 
------------------------ Dataset: Ybg ------------------------
shape: (27, 1), dtype: uint16
Data:[[54]
 [51]
 [52]
 [49]
 [46]
 [48]
 [54]
 [48]
 [49]
 [49]
 [54]
 [45]
 [48]
 [32]
 [54]
 [51]
 [52]
 [49]
 [46]
 [48]
 [55]
 [52]
 [52]
 [48]
 [55]
 [45]
 [49]] 
------------------------ Dataset: Ybh ------------------------
shape: (33, 1), dtype: uint16
Data:[[54]
 [53]
 [48]
 [54]
 [46]
 [49]
 [55]
 [56]
 [53]
 [48]
 [48]
 [57]
 [57]
 [57]
 [57]
 [57]
 [57]
 [45]
 [48]
 [32]
 [54]
 [53]
 [48]
 [54]
 [46]
 [49]
 [56]
 [54]
 [50]
 [55]
 [57]
 [45]
 [49]] 
------------------------ Dataset: Ybi ------------------------
shape: (27, 1), dtype: uint16
Data:[[54]
 [53]
 [50]
 [49]
 [46]
 [57]
 [55]
 [56]
 [48]
 [52]
 [53]
 [45]
 [48]
 [32]
 [54]
 [53]
 [50]
 [49]
 [46]
 [57]
 [56]
 [49]
 [57]
 [57]
 [53]
 [45]
 [49]] 
------------------------ Dataset: Ybj ------------------------
shape: (33, 1), dtype: uint16
Data:[[54]
 [48]
 [49]
 [55]
 [46]
 [53]
 [53]
 [56]
 [48]
 [50]
 [57]
 [57]
 [57]
 [57]
 [57]
 [57]
 [57]
 [45]
 [48]
 [32]
 [54]
 [48]
 [49]
 [55]
 [46]
 [53]
 [54]
 [50]
 [48]
 [56]
 [49]
 [45]
 [49]] 
------------------------ Dataset: Ybk ------------------------
shape: (39, 1), dtype: uint16
Data:[[54]
 [48]
 [51]
 [51]
 [46]
 [51]
 [55]
 [51]
 [55]
 [56]
 [56]
 [57]
 [57]
 [57]
 [57]
 [57]
 [57]
 [45]
 [48]
 [32]
 [54]
 [48]
 [51]
 [51]
 [46]
 [51]
 [55]
 [55]
 [56]
 [54]
 [49]
 [57]
 [57]
 [57]
 [57]
 [57]
 [57]
 [45]
 [49]] 
------------------------ Dataset: Ybl ------------------------
shape: (34, 1), dtype: uint16
Data:[[54]
 [48]
 [52]
 [56]
 [46]
 [57]
 [55]
 [55]
 [57]
 [53]
 [57]
 [45]
 [48]
 [32]
 [54]
 [48]
 [52]
 [56]
 [46]
 [57]
 [55]
 [48]
 [49]
 [50]
 [51]
 [57]
 [57]
 [57]
 [57]
 [57]
 [57]
 [53]
 [45]
 [49]] 
------------------------ Dataset: Ybm ------------------------
shape: (27, 1), dtype: uint16
Data:[[54]
 [48]
 [54]
 [52]
 [46]
 [56]
 [53]
 [55]
 [56]
 [53]
 [55]
 [45]
 [48]
 [32]
 [54]
 [48]
 [54]
 [52]
 [46]
 [56]
 [53]
 [55]
 [55]
 [55]
 [49]
 [45]
 [49]] 
------------------------ Dataset: Ybn ------------------------
shape: (39, 1), dtype: uint16
Data:[[54]
 [48]
 [56]
 [48]
 [46]
 [55]
 [53]
 [51]
 [55]
 [52]
 [53]
 [57]
 [57]
 [57]
 [57]
 [57]
 [57]
 [45]
 [48]
 [32]
 [54]
 [48]
 [56]
 [48]
 [46]
 [55]
 [53]
 [51]
 [55]
 [52]
 [53]
 [57]
 [57]
 [57]
 [57]
 [57]
 [57]
 [45]
 [49]] 
------------------------ Dataset: Ybo ------------------------
shape: (27, 1), dtype: uint16
Data:[[53]
 [54]
 [52]
 [49]
 [46]
 [53]
 [49]
 [48]
 [56]
 [57]
 [55]
 [45]
 [48]
 [32]
 [53]
 [54]
 [52]
 [49]
 [46]
 [53]
 [48]
 [54]
 [56]
 [51]
 [57]
 [45]
 [49]] 
------------------------ Dataset: Ybp ------------------------
shape: (33, 1), dtype: uint16
Data:[[53]
 [54]
 [53]
 [55]
 [46]
 [50]
 [53]
 [55]
 [53]
 [57]
 [49]
 [45]
 [48]
 [32]
 [53]
 [54]
 [53]
 [55]
 [46]
 [50]
 [53]
 [55]
 [53]
 [53]
 [55]
 [57]
 [57]
 [57]
 [57]
 [57]
 [57]
 [45]
 [49]] 
------------------------ Dataset: Ybq ------------------------
shape: (33, 1), dtype: uint16
Data:[[53]
 [54]
 [55]
 [50]
 [46]
 [57]
 [54]
 [49]
 [53]
 [50]
 [53]
 [45]
 [48]
 [32]
 [53]
 [54]
 [55]
 [50]
 [46]
 [57]
 [54]
 [53]
 [55]
 [49]
 [49]
 [57]
 [57]
 [57]
 [57]
 [57]
 [57]
 [45]
 [49]] 
------------------------ Dataset: Ybr ------------------------
shape: (27, 1), dtype: uint16
Data:[[53]
 [54]
 [56]
 [56]
 [46]
 [55]
 [50]
 [57]
 [53]
 [56]
 [55]
 [45]
 [48]
 [32]
 [53]
 [54]
 [56]
 [56]
 [46]
 [55]
 [51]
 [51]
 [55]
 [51]
 [55]
 [45]
 [49]] 
------------------------ Dataset: Ybs ------------------------
shape: (33, 1), dtype: uint16
Data:[[53]
 [56]
 [49]
 [52]
 [46]
 [57]
 [57]
 [51]
 [55]
 [55]
 [56]
 [45]
 [48]
 [32]
 [53]
 [56]
 [49]
 [52]
 [46]
 [57]
 [57]
 [55]
 [55]
 [55]
 [53]
 [57]
 [57]
 [57]
 [57]
 [57]
 [57]
 [45]
 [49]] 
------------------------ Dataset: Ybt ------------------------
shape: (27, 1), dtype: uint16
Data:[[54]
 [54]
 [48]
 [52]
 [46]
 [48]
 [54]
 [54]
 [48]
 [48]
 [54]
 [45]
 [48]
 [32]
 [54]
 [54]
 [48]
 [52]
 [46]
 [48]
 [54]
 [50]
 [49]
 [51]
 [53]
 [45]
 [49]] 
------------------------ Dataset: Ybu ------------------------
shape: (26, 1), dtype: uint16
Data:[[54]
 [54]
 [50]
 [48]
 [46]
 [48]
 [53]
 [52]
 [49]
 [48]
 [52]
 [45]
 [48]
 [32]
 [54]
 [54]
 [50]
 [48]
 [46]
 [48]
 [52]
 [54]
 [49]
 [53]
 [45]
 [49]] 
------------------------ Dataset: Ybv ------------------------
shape: (34, 1), dtype: uint16
Data:[[54]
 [54]
 [51]
 [53]
 [46]
 [56]
 [57]
 [55]
 [51]
 [49]
 [57]
 [45]
 [48]
 [32]
 [54]
 [54]
 [51]
 [53]
 [46]
 [56]
 [57]
 [55]
 [57]
 [57]
 [55]
 [57]
 [57]
 [57]
 [57]
 [57]
 [57]
 [53]
 [45]
 [49]] 
------------------------ Dataset: Ybw ------------------------
shape: (34, 1), dtype: uint16
Data:[[54]
 [54]
 [53]
 [49]
 [46]
 [52]
 [56]
 [49]
 [55]
 [51]
 [55]
 [45]
 [48]
 [32]
 [54]
 [54]
 [53]
 [49]
 [46]
 [52]
 [55]
 [52]
 [48]
 [57]
 [49]
 [57]
 [57]
 [57]
 [57]
 [57]
 [57]
 [53]
 [45]
 [49]] 
------------------------ Dataset: Ybx ------------------------
shape: (27, 1), dtype: uint16
Data:[[54]
 [54]
 [54]
 [55]
 [46]
 [51]
 [50]
 [54]
 [49]
 [52]
 [56]
 [45]
 [48]
 [32]
 [54]
 [54]
 [54]
 [55]
 [46]
 [51]
 [51]
 [48]
 [49]
 [57]
 [53]
 [45]
 [49]] 
------------------------ Dataset: Yby ------------------------
shape: (27, 1), dtype: uint16
Data:[[54]
 [54]
 [56]
 [51]
 [46]
 [50]
 [55]
 [48]
 [48]
 [56]
 [57]
 [45]
 [48]
 [32]
 [54]
 [54]
 [56]
 [51]
 [46]
 [50]
 [55]
 [52]
 [53]
 [54]
 [50]
 [45]
 [49]] 
------------------------ Dataset: Ybz ------------------------
shape: (27, 1), dtype: uint16
Data:[[53]
 [57]
 [48]
 [49]
 [46]
 [49]
 [56]
 [53]
 [54]
 [57]
 [52]
 [45]
 [48]
 [32]
 [53]
 [57]
 [48]
 [49]
 [46]
 [49]
 [57]
 [48]
 [48]
 [55]
 [49]
 [45]
 [49]] 
------------------------ Dataset: Yc ------------------------
