shape: (1, 6), dtype: uint32
Data:[[3707764736          2          1          1       1470          1]] 
------------------------ Dataset: tyb ------------------------
shape: (33, 1), dtype: uint16
Data:[[54]
 [55]
 [55]
 [48]
 [46]
 [55]
 [50]
 [50]
 [49]
 [51]
 [55]
 [45]
 [48]
 [32]
 [54]
 [55]
 [55]
 [48]
 [46]
 [55]
 [49]
 [52]
 [54]
 [48]
 [55]
 [57]
 [57]
 [57]
 [57]
 [57]
 [57]
 [45]
 [49]] 
------------------------ Dataset: tyc ------------------------
shape: (27, 1), dtype: uint16
Data:[[54]
 [50]
 [56]
 [51]
 [46]
 [52]
 [57]
 [56]
 [52]
 [57]
 [55]
 [45]
 [48]
 [32]
 [54]
 [50]
 [56]
 [51]
 [46]
 [52]
 [57]
 [52]
 [52]
 [55]
 [49]
 [45]
 [49]] 
------------------------ Dataset: tyd ------------------------
shape: (34, 1), dtype: uint16
Data:[[54]
 [50]
 [57]
 [57]
 [46]
 [50]
 [55]
 [53]
 [51]
 [50]
 [57]
 [57]
 [57]
 [57]
 [57]
 [57]
 [57]
 [53]
 [45]
 [48]
 [32]
 [54]
 [50]
 [57]
 [57]
 [46]
 [50]
 [55]
 [53]
 [51]
 [50]
 [51]
 [45]
 [49]] 
------------------------ Dataset: tye ------------------------
shape: (27, 1), dtype: uint16
Data:[[54]
 [51]
 [49]
 [53]
 [46]
 [49]
 [51]
 [57]
 [53]
 [54]
 [52]
 [45]
 [48]
 [32]
 [54]
 [51]
 [49]
 [53]
 [46]
 [49]
 [52]
 [50]
 [48]
 [49]
 [56]
 [45]
 [49]] 
------------------------ Dataset: tyf ------------------------
shape: (34, 1), dtype: uint16
Data:[[54]
 [51]
 [51]
 [48]
 [46]
 [57]
 [54]
 [50]
 [48]
 [50]
 [56]
 [45]
 [48]
 [32]
 [54]
 [51]
 [51]
 [48]
 [46]
 [57]
 [54]
 [53]
 [57]
 [49]
 [54]
 [57]
 [57]
 [57]
 [57]
 [57]
 [57]
 [53]
 [45]
 [49]] 
------------------------ Dataset: tyg ------------------------
shape: (27, 1), dtype: uint16
Data:[[54]
 [51]
 [52]
 [54]
 [46]
 [56]
 [48]
 [49]
 [57]
 [57]
 [51]
 [45]
 [48]
 [32]
 [54]
 [51]
 [52]
 [54]
 [46]
 [56]
 [48]
 [54]
 [48]
 [50]
 [51]
 [45]
 [49]] 
------------------------ Dataset: tyh ------------------------
shape: (33, 1), dtype: uint16
Data:[[54]
 [53]
 [49]
 [49]
 [46]
 [56]
 [56]
 [54]
 [48]
 [56]
 [52]
 [45]
 [48]
 [32]
 [54]
 [53]
 [49]
 [49]
 [46]
 [56]
 [57]
 [48]
 [48]
 [51]
 [52]
 [57]
 [57]
 [57]
 [57]
 [57]
 [57]
 [45]
 [49]] 
------------------------ Dataset: tyi ------------------------
shape: (27, 1), dtype: uint16
Data:[[54]
 [53]
 [50]
 [55]
 [46]
 [55]
 [50]
 [53]
 [57]
 [56]
 [52]
 [45]
 [48]
 [32]
 [54]
 [53]
 [50]
 [55]
 [46]
 [55]
 [50]
 [49]
 [57]
 [51]
 [57]
 [45]
 [49]] 
------------------------ Dataset: tyj ------------------------
shape: (32, 1), dtype: uint16
Data:[[54]
 [48]
 [50]
 [51]
 [46]
 [51]
 [48]
 [51]
 [55]
 [51]
 [45]
 [48]
 [32]
 [54]
 [48]
 [50]
 [51]
 [46]
 [51]
 [49]
 [48]
 [51]
 [50]
 [54]
 [57]
 [57]
 [57]
 [57]
 [57]
 [57]
 [45]
 [49]] 
------------------------ Dataset: tyk ------------------------
shape: (34, 1), dtype: uint16
Data:[[54]
 [48]
 [51]
 [57]
 [46]
 [48]
 [54]
 [49]
 [56]
 [50]
 [53]
 [45]
 [48]
 [32]
 [54]
 [48]
 [51]
 [57]
 [46]
 [48]
 [53]
 [55]
 [55]
 [56]
 [48]
 [57]
 [57]
 [57]
 [57]
 [57]
 [57]
 [53]
 [45]
 [49]] 
------------------------ Dataset: tyl ------------------------
shape: (40, 1), dtype: uint16
Data:[[54]
 [48]
 [53]
 [52]
 [46]
 [55]
 [49]
 [56]
 [56]
 [49]
 [55]
 [57]
 [57]
 [57]
 [57]
 [57]
 [57]
 [45]
 [48]
 [32]
 [54]
 [48]
 [53]
 [52]
 [46]
 [55]
 [49]
 [52]
 [48]
 [55]
 [51]
 [57]
 [57]
 [57]
 [57]
 [57]
 [57]
 [53]
 [45]
 [49]] 
------------------------ Dataset: tym ------------------------
shape: (33, 1), dtype: uint16
Data:[[54]
 [48]
 [55]
 [48]
 [46]
 [54]
 [53]
 [51]
 [55]
 [54]
 [55]
 [57]
 [57]
 [57]
 [57]
 [57]
 [57]
 [45]
 [48]
 [32]
 [54]
 [48]
 [55]
 [48]
 [46]
 [54]
 [53]
 [55]
 [55]
 [53]
 [52]
 [45]
 [49]] 
------------------------ Dataset: tyn ------------------------
shape: (33, 1), dtype: uint16
Data:[[53]
 [54]
 [51]
 [49]
 [46]
 [53]
 [51]
 [51]
 [55]
 [52]
 [56]
 [45]
 [48]
 [32]
 [53]
 [54]
 [51]
 [49]
 [46]
 [53]
 [50]
 [53]
 [56]
 [53]
 [53]
 [57]
 [57]
 [57]
 [57]
 [57]
 [57]
 [45]
 [49]] 
------------------------ Dataset: tyo ------------------------
shape: (34, 1), dtype: uint16
Data:[[53]
 [54]
 [52]
 [55]
 [46]
 [50]
 [48]
 [53]
 [53]
 [55]
 [56]
 [57]
 [57]
 [57]
 [57]
 [57]
 [57]
 [53]
 [45]
 [48]
 [32]
 [53]
 [54]
 [52]
 [55]
 [46]
 [50]
 [48]
 [49]
 [53]
 [53]
 [54]
 [45]
 [49]] 
------------------------ Dataset: typ ------------------------
shape: (40, 1), dtype: uint16
Data:[[53]
 [54]
 [54]
 [50]
 [46]
 [57]
 [52]
 [50]
 [49]
 [57]
 [49]
 [57]
 [57]
 [57]
 [57]
 [57]
 [57]
 [53]
 [45]
 [48]
 [32]
 [53]
 [54]
 [54]
 [50]
 [46]
 [57]
 [52]
 [53]
 [54]
 [48]
 [53]
 [57]
 [57]
 [57]
 [57]
 [57]
 [57]
 [45]
 [49]] 
------------------------ Dataset: tyq ------------------------
shape: (26, 1), dtype: uint16
Data:[[53]
 [54]
 [55]
 [56]
 [46]
 [54]
 [56]
 [49]
 [54]
 [49]
 [57]
 [45]
 [48]
 [32]
 [53]
 [54]
 [55]
 [56]
 [46]
 [54]
 [55]
 [55]
 [53]
 [51]
 [45]
 [49]] 
------------------------ Dataset: tyr ------------------------
shape: (40, 1), dtype: uint16
Data:[[53]
 [54]
 [57]
 [52]
 [46]
 [52]
 [51]
 [54]
 [53]
 [50]
 [50]
 [57]
 [57]
 [57]
 [57]
 [57]
 [57]
 [45]
 [48]
 [32]
 [53]
 [54]
 [57]
 [52]
 [46]
 [52]
 [51]
 [49]
 [51]
 [52]
 [48]
 [57]
 [57]
 [57]
 [57]
 [57]
 [57]
 [53]
 [45]
 [49]] 
------------------------ Dataset: tys ------------------------
shape: (27, 1), dtype: uint16
Data:[[54]
 [52]
 [49]
 [55]
 [46]
 [55]
 [53]
 [53]
 [49]
 [48]
 [50]
 [45]
 [48]
 [32]
 [54]
 [52]
 [49]
 [55]
 [46]
 [55]
 [53]
 [48]
 [48]
 [54]
 [57]
 [45]
 [49]] 
------------------------ Dataset: tyt ------------------------
shape: (34, 1), dtype: uint16
Data:[[54]
 [54]
 [48]
 [57]
 [46]
 [56]
 [51]
 [54]
 [48]
 [54]
 [52]
 [45]
 [48]
 [32]
 [54]
 [54]
 [48]
 [57]
 [46]
 [56]
 [51]
 [56]
 [49]
 [55]
 [51]
 [57]
 [57]
 [57]
 [57]
 [57]
 [57]
 [53]
 [45]
 [49]] 
------------------------ Dataset: tyu ------------------------
shape: (32, 1), dtype: uint16
Data:[[54]
 [54]
 [50]
 [53]
 [46]
 [55]
 [55]
 [56]
 [50]
 [54]
 [50]
 [57]
 [57]
 [57]
 [57]
 [57]
 [57]
 [45]
 [48]
 [32]
 [54]
 [54]
 [50]
 [53]
 [46]
 [55]
 [56]
 [50]
 [48]
 [53]
 [45]
 [49]] 
------------------------ Dataset: tyv ------------------------
shape: (33, 1), dtype: uint16
Data:[[54]
 [54]
 [52]
 [49]
 [46]
 [53]
 [54]
 [52]
 [57]
 [48]
 [54]
 [45]
 [48]
 [32]
 [54]
 [54]
 [52]
 [49]
 [46]
 [53]
 [54]
 [52]
 [56]
 [52]
 [48]
 [57]
 [57]
 [57]
 [57]
 [57]
 [57]
 [45]
 [49]] 
------------------------ Dataset: tyw ------------------------
shape: (26, 1), dtype: uint16
Data:[[54]
 [54]
 [53]
 [55]
 [46]
 [50]
 [52]
 [51]
 [48]
 [54]
 [57]
 [45]
 [48]
 [32]
 [54]
 [54]
 [53]
 [55]
 [46]
 [50]
 [51]
 [56]
 [49]
 [51]
 [45]
 [49]] 
------------------------ Dataset: tyx ------------------------
shape: (33, 1), dtype: uint16
Data:[[54]
 [54]
 [55]
 [51]
 [46]
 [49]
 [51]
 [48]
 [50]
 [48]
 [54]
 [57]
 [57]
 [57]
 [57]
 [57]
 [57]
 [45]
 [48]
 [32]
 [54]
 [54]
 [55]
 [51]
 [46]
 [49]
 [51]
 [55]
 [48]
 [54]
 [56]
 [45]
 [49]] 
------------------------ Dataset: tyy ------------------------
shape: (34, 1), dtype: uint16
Data:[[54]
 [54]
 [56]
 [57]
 [46]
 [48]
 [52]
 [50]
 [49]
 [50]
 [56]
 [57]
 [57]
 [57]
 [57]
 [57]
 [57]
 [53]
 [45]
 [48]
 [32]
 [54]
 [54]
 [56]
 [57]
 [46]
 [48]
 [51]
 [56]
 [49]
 [50]
 [50]
 [45]
 [49]] 
------------------------ Dataset: tyz ------------------------
shape: (13, 1), dtype: uint16
Data:[[53]
 [57]
 [48]
 [54]
 [46]
 [57]
 [51]
 [51]
 [56]
 [50]
 [55]
 [45]
 [48]] 
------------------------ Dataset: tz ------------------------
