shape: (1, 6), dtype: uint32
Data:[[3707764736          2          1          1        557          1]] 
------------------------ Dataset: njb ------------------------
shape: (33, 1), dtype: uint16
Data:[[54]
 [55]
 [54]
 [54]
 [46]
 [56]
 [54]
 [48]
 [48]
 [53]
 [50]
 [57]
 [57]
 [57]
 [57]
 [57]
 [57]
 [45]
 [48]
 [32]
 [54]
 [55]
 [54]
 [54]
 [46]
 [56]
 [54]
 [51]
 [55]
 [51]
 [52]
 [45]
 [49]] 
------------------------ Dataset: njc ------------------------
shape: (39, 1), dtype: uint16
Data:[[54]
 [50]
 [55]
 [57]
 [46]
 [54]
 [53]
 [55]
 [57]
 [50]
 [54]
 [57]
 [57]
 [57]
 [57]
 [57]
 [57]
 [45]
 [48]
 [32]
 [54]
 [50]
 [55]
 [57]
 [46]
 [54]
 [54]
 [55]
 [55]
 [57]
 [52]
 [57]
 [57]
 [57]
 [57]
 [57]
 [57]
 [45]
 [49]] 
------------------------ Dataset: njd ------------------------
shape: (27, 1), dtype: uint16
Data:[[54]
 [50]
 [57]
 [53]
 [46]
 [52]
 [51]
 [51]
 [56]
 [52]
 [53]
 [45]
 [48]
 [32]
 [54]
 [50]
 [57]
 [53]
 [46]
 [52]
 [50]
 [57]
 [56]
 [51]
 [55]
 [45]
 [49]] 
------------------------ Dataset: nje ------------------------
shape: (33, 1), dtype: uint16
Data:[[54]
 [51]
 [49]
 [49]
 [46]
 [50]
 [53]
 [56]
 [49]
 [50]
 [49]
 [45]
 [48]
 [32]
 [54]
 [51]
 [49]
 [49]
 [46]
 [50]
 [54]
 [49]
 [57]
 [51]
 [57]
 [57]
 [57]
 [57]
 [57]
 [57]
 [57]
 [45]
 [49]] 
------------------------ Dataset: njf ------------------------
shape: (34, 1), dtype: uint16
Data:[[54]
 [51]
 [50]
 [55]
 [46]
 [49]
 [54]
 [51]
 [53]
 [53]
 [50]
 [45]
 [48]
 [32]
 [54]
 [51]
 [50]
 [55]
 [46]
 [49]
 [53]
 [48]
 [53]
 [55]
 [57]
 [57]
 [57]
 [57]
 [57]
 [57]
 [57]
 [53]
 [45]
 [49]] 
------------------------ Dataset: njg ------------------------
shape: (27, 1), dtype: uint16
Data:[[54]
 [51]
 [52]
 [50]
 [46]
 [57]
 [53]
 [53]
 [48]
 [48]
 [53]
 [45]
 [48]
 [32]
 [54]
 [51]
 [52]
 [50]
 [46]
 [57]
 [52]
 [56]
 [51]
 [50]
 [49]
 [45]
 [49]] 
------------------------ Dataset: njh ------------------------
shape: (27, 1), dtype: uint16
Data:[[54]
 [53]
 [48]
 [56]
 [46]
 [48]
 [52]
 [50]
 [51]
 [48]
 [53]
 [45]
 [48]
 [32]
 [54]
 [53]
 [48]
 [56]
 [46]
 [48]
 [51]
 [51]
 [57]
 [57]
 [53]
 [45]
 [49]] 
------------------------ Dataset: nji ------------------------
shape: (33, 1), dtype: uint16
Data:[[54]
 [53]
 [50]
 [51]
 [46]
 [56]
 [55]
 [51]
 [57]
 [56]
 [50]
 [45]
 [48]
 [32]
 [54]
 [53]
 [50]
 [51]
 [46]
 [56]
 [54]
 [57]
 [57]
 [51]
 [56]
 [57]
 [57]
 [57]
 [57]
 [57]
 [57]
 [45]
 [49]] 
------------------------ Dataset: njj ------------------------
shape: (34, 1), dtype: uint16
Data:[[54]
 [48]
 [49]
 [57]
 [46]
 [52]
 [52]
 [53]
 [54]
 [54]
 [57]
 [45]
 [48]
 [32]
 [54]
 [48]
 [49]
 [57]
 [46]
 [52]
 [52]
 [49]
 [55]
 [53]
 [51]
 [57]
 [57]
 [57]
 [57]
 [57]
 [57]
 [53]
 [45]
 [49]] 
------------------------ Dataset: njk ------------------------
shape: (32, 1), dtype: uint16
Data:[[54]
 [48]
 [51]
 [53]
 [46]
 [50]
 [53]
 [51]
 [54]
 [52]
 [45]
 [48]
 [32]
 [54]
 [48]
 [51]
 [53]
 [46]
 [50]
 [53]
 [55]
 [54]
 [55]
 [53]
 [57]
 [57]
 [57]
 [57]
 [57]
 [57]
 [45]
 [49]] 
------------------------ Dataset: njl ------------------------
shape: (33, 1), dtype: uint16
Data:[[54]
 [48]
 [53]
 [48]
 [46]
 [56]
 [55]
 [51]
 [54]
 [57]
 [55]
 [57]
 [57]
 [57]
 [57]
 [57]
 [57]
 [45]
 [48]
 [32]
 [54]
 [48]
 [53]
 [48]
 [46]
 [56]
 [55]
 [51]
 [54]
 [57]
 [51]
 [45]
 [49]] 
------------------------ Dataset: njm ------------------------
shape: (26, 1), dtype: uint16
Data:[[54]
 [48]
 [54]
 [54]
 [46]
 [55]
 [54]
 [57]
 [54]
 [55]
 [45]
 [48]
 [32]
 [54]
 [48]
 [54]
 [54]
 [46]
 [55]
 [54]
 [57]
 [54]
 [55]
 [49]
 [45]
 [49]] 
------------------------ Dataset: njn ------------------------
shape: (27, 1), dtype: uint16
Data:[[54]
 [48]
 [56]
 [50]
 [46]
 [54]
 [57]
 [51]
 [56]
 [57]
 [57]
 [45]
 [48]
 [32]
 [54]
 [48]
 [56]
 [50]
 [46]
 [54]
 [57]
 [55]
 [56]
 [54]
 [55]
 [45]
 [49]] 
------------------------ Dataset: njo ------------------------
shape: (33, 1), dtype: uint16
Data:[[53]
 [54]
 [52]
 [51]
 [46]
 [51]
 [56]
 [57]
 [54]
 [54]
 [51]
 [57]
 [57]
 [57]
 [57]
 [57]
 [57]
 [45]
 [48]
 [32]
 [53]
 [54]
 [52]
 [51]
 [46]
 [51]
 [57]
 [51]
 [54]
 [53]
 [50]
 [45]
 [49]] 
------------------------ Dataset: njp ------------------------
shape: (34, 1), dtype: uint16
Data:[[53]
 [54]
 [53]
 [57]
 [46]
 [49]
 [51]
 [55]
 [53]
 [52]
 [49]
 [57]
 [57]
 [57]
 [57]
 [57]
 [57]
 [53]
 [45]
 [48]
 [32]
 [53]
 [54]
 [53]
 [57]
 [46]
 [49]
 [50]
 [57]
 [53]
 [57]
 [51]
 [45]
 [49]] 
------------------------ Dataset: njq ------------------------
shape: (32, 1), dtype: uint16
Data:[[53]
 [54]
 [55]
 [52]
 [46]
 [56]
 [54]
 [48]
 [54]
 [52]
 [48]
 [57]
 [57]
 [57]
 [57]
 [57]
 [57]
 [45]
 [48]
 [32]
 [53]
 [54]
 [55]
 [52]
 [46]
 [56]
 [53]
 [54]
 [51]
 [57]
 [45]
 [49]] 
------------------------ Dataset: njr ------------------------
shape: (33, 1), dtype: uint16
Data:[[53]
 [54]
 [57]
 [48]
 [46]
 [54]
 [49]
 [55]
 [54]
 [50]
 [53]
 [57]
 [57]
 [57]
 [57]
 [57]
 [57]
 [45]
 [48]
 [32]
 [53]
 [54]
 [57]
 [48]
 [46]
 [54]
 [50]
 [49]
 [55]
 [55]
 [57]
 [45]
 [49]] 
------------------------ Dataset: njs ------------------------
shape: (13, 1), dtype: uint16
Data:[[54]
 [52]
 [49]
 [51]
 [46]
 [56]
 [57]
 [48]
 [48]
 [52]
 [53]
 [45]
 [49]] 
------------------------ Dataset: njt ------------------------
shape: (27, 1), dtype: uint16
Data:[[54]
 [54]
 [48]
 [53]
 [46]
 [57]
 [55]
 [49]
 [56]
 [50]
 [53]
 [45]
 [48]
 [32]
 [54]
 [54]
 [48]
 [53]
 [46]
 [57]
 [55]
 [49]
 [53]
 [49]
 [54]
 [45]
 [49]] 
------------------------ Dataset: nju ------------------------
shape: (26, 1), dtype: uint16
Data:[[54]
 [54]
 [50]
 [49]
 [46]
 [57]
 [52]
 [49]
 [52]
 [50]
 [52]
 [45]
 [48]
 [32]
 [54]
 [54]
 [50]
 [49]
 [46]
 [57]
 [52]
 [49]
 [51]
 [57]
 [45]
 [49]] 
------------------------ Dataset: njv ------------------------
shape: (33, 1), dtype: uint16
Data:[[54]
 [54]
 [51]
 [55]
 [46]
 [55]
 [56]
 [54]
 [56]
 [49]
 [56]
 [45]
 [48]
 [32]
 [54]
 [54]
 [51]
 [55]
 [46]
 [55]
 [56]
 [51]
 [49]
 [54]
 [56]
 [57]
 [57]
 [57]
 [57]
 [57]
 [57]
 [45]
 [49]] 
------------------------ Dataset: njw ------------------------
shape: (27, 1), dtype: uint16
Data:[[54]
 [54]
 [53]
 [51]
 [46]
 [51]
 [55]
 [52]
 [48]
 [55]
 [54]
 [45]
 [48]
 [32]
 [54]
 [54]
 [53]
 [51]
 [46]
 [51]
 [55]
 [52]
 [48]
 [56]
 [57]
 [45]
 [49]] 
------------------------ Dataset: njx ------------------------
shape: (34, 1), dtype: uint16
Data:[[54]
 [54]
 [54]
 [57]
 [46]
 [50]
 [53]
 [52]
 [48]
 [50]
 [50]
 [57]
 [57]
 [57]
 [57]
 [57]
 [57]
 [53]
 [45]
 [48]
 [32]
 [54]
 [54]
 [54]
 [57]
 [46]
 [50]
 [53]
 [48]
 [49]
 [48]
 [55]
 [45]
 [49]] 
------------------------ Dataset: njy ------------------------
shape: (27, 1), dtype: uint16
Data:[[54]
 [54]
 [56]
 [53]
 [46]
 [49]
 [55]
 [52]
 [49]
 [54]
 [56]
 [45]
 [48]
 [32]
 [54]
 [54]
 [56]
 [53]
 [46]
 [49]
 [55]
 [52]
 [49]
 [54]
 [56]
 [45]
 [49]] 
------------------------ Dataset: njz ------------------------
shape: (26, 1), dtype: uint16
Data:[[53]
 [57]
 [48]
 [51]
 [46]
 [48]
 [56]
 [57]
 [53]
 [57]
 [45]
 [48]
 [32]
 [53]
 [57]
 [48]
 [51]
 [46]
 [48]
 [56]
 [53]
 [54]
 [56]
 [57]
 [45]
 [49]] 
------------------------ Dataset: nk ------------------------
