shape: (1, 6), dtype: uint32
Data:[[3707764736          2          1          1        149          1]] 
------------------------ Dataset: Dcb ------------------------
shape: (27, 1), dtype: uint16
Data:[[54]
 [55]
 [54]
 [53]
 [46]
 [49]
 [51]
 [48]
 [49]
 [51]
 [49]
 [45]
 [48]
 [32]
 [54]
 [55]
 [54]
 [53]
 [46]
 [49]
 [50]
 [50]
 [51]
 [51]
 [56]
 [45]
 [49]] 
------------------------ Dataset: Dcc ------------------------
shape: (27, 1), dtype: uint16
Data:[[54]
 [55]
 [56]
 [48]
 [46]
 [57]
 [56]
 [54]
 [50]
 [53]
 [53]
 [45]
 [48]
 [32]
 [54]
 [55]
 [56]
 [48]
 [46]
 [57]
 [56]
 [50]
 [50]
 [53]
 [53]
 [45]
 [49]] 
------------------------ Dataset: Dcd ------------------------
shape: (34, 1), dtype: uint16
Data:[[54]
 [50]
 [57]
 [51]
 [46]
 [55]
 [51]
 [48]
 [56]
 [55]
 [54]
 [45]
 [48]
 [32]
 [54]
 [50]
 [57]
 [51]
 [46]
 [55]
 [51]
 [52]
 [48]
 [57]
 [51]
 [57]
 [57]
 [57]
 [57]
 [57]
 [57]
 [53]
 [45]
 [49]] 
------------------------ Dataset: Dce ------------------------
shape: (27, 1), dtype: uint16
Data:[[54]
 [51]
 [48]
 [57]
 [46]
 [53]
 [54]
 [50]
 [48]
 [50]
 [52]
 [45]
 [48]
 [32]
 [54]
 [51]
 [48]
 [57]
 [46]
 [53]
 [53]
 [55]
 [56]
 [56]
 [55]
 [45]
 [49]] 
------------------------ Dataset: Dcf ------------------------
shape: (27, 1), dtype: uint16
Data:[[54]
 [51]
 [50]
 [53]
 [46]
 [51]
 [57]
 [55]
 [53]
 [53]
 [57]
 [45]
 [48]
 [32]
 [54]
 [51]
 [50]
 [53]
 [46]
 [52]
 [48]
 [49]
 [51]
 [50]
 [50]
 [45]
 [49]] 
------------------------ Dataset: Dcg ------------------------
shape: (40, 1), dtype: uint16
Data:[[54]
 [51]
 [52]
 [49]
 [46]
 [50]
 [51]
 [51]
 [57]
 [57]
 [57]
 [57]
 [57]
 [57]
 [57]
 [57]
 [57]
 [53]
 [45]
 [48]
 [32]
 [54]
 [51]
 [52]
 [49]
 [46]
 [50]
 [50]
 [57]
 [57]
 [54]
 [57]
 [57]
 [57]
 [57]
 [57]
 [57]
 [57]
 [45]
 [49]] 
------------------------ Dataset: Dch ------------------------
shape: (32, 1), dtype: uint16
Data:[[54]
 [53]
 [48]
 [54]
 [46]
 [51]
 [52]
 [50]
 [48]
 [51]
 [51]
 [57]
 [57]
 [57]
 [57]
 [57]
 [57]
 [45]
 [48]
 [32]
 [54]
 [53]
 [48]
 [54]
 [46]
 [51]
 [51]
 [56]
 [50]
 [49]
 [45]
 [49]] 
------------------------ Dataset: Dci ------------------------
shape: (33, 1), dtype: uint16
Data:[[54]
 [53]
 [50]
 [50]
 [46]
 [49]
 [52]
 [57]
 [57]
 [55]
 [52]
 [57]
 [57]
 [57]
 [57]
 [57]
 [57]
 [45]
 [48]
 [32]
 [54]
 [53]
 [50]
 [50]
 [46]
 [49]
 [53]
 [52]
 [48]
 [57]
 [53]
 [45]
 [49]] 
------------------------ Dataset: Dcj ------------------------
shape: (40, 1), dtype: uint16
Data:[[54]
 [48]
 [49]
 [55]
 [46]
 [55]
 [51]
 [48]
 [52]
 [57]
 [48]
 [57]
 [57]
 [57]
 [57]
 [57]
 [57]
 [45]
 [48]
 [32]
 [54]
 [48]
 [49]
 [55]
 [46]
 [55]
 [51]
 [52]
 [50]
 [53]
 [55]
 [57]
 [57]
 [57]
 [57]
 [57]
 [57]
 [53]
 [45]
 [49]] 
------------------------ Dataset: Dck ------------------------
shape: (32, 1), dtype: uint16
Data:[[54]
 [48]
 [51]
 [51]
 [46]
 [53]
 [52]
 [49]
 [54]
 [56]
 [52]
 [57]
 [57]
 [57]
 [57]
 [57]
 [57]
 [45]
 [48]
 [32]
 [54]
 [48]
 [51]
 [51]
 [46]
 [53]
 [52]
 [49]
 [56]
 [52]
 [45]
 [49]] 
------------------------ Dataset: Dcl ------------------------
shape: (34, 1), dtype: uint16
Data:[[54]
 [48]
 [52]
 [57]
 [46]
 [49]
 [52]
 [49]
 [55]
 [53]
 [57]
 [57]
 [57]
 [57]
 [57]
 [57]
 [57]
 [53]
 [45]
 [48]
 [32]
 [54]
 [48]
 [52]
 [57]
 [46]
 [49]
 [52]
 [53]
 [55]
 [53]
 [57]
 [45]
 [49]] 
------------------------ Dataset: Dcm ------------------------
shape: (27, 1), dtype: uint16
Data:[[54]
 [48]
 [54]
 [53]
 [46]
 [48]
 [51]
 [48]
 [52]
 [51]
 [51]
 [45]
 [48]
 [32]
 [54]
 [48]
 [54]
 [53]
 [46]
 [48]
 [50]
 [55]
 [53]
 [53]
 [50]
 [45]
 [49]] 
------------------------ Dataset: Dcn ------------------------
shape: (32, 1), dtype: uint16
Data:[[54]
 [48]
 [56]
 [48]
 [46]
 [57]
 [51]
 [51]
 [56]
 [51]
 [45]
 [48]
 [32]
 [54]
 [48]
 [56]
 [48]
 [46]
 [57]
 [51]
 [55]
 [55]
 [52]
 [52]
 [57]
 [57]
 [57]
 [57]
 [57]
 [57]
 [45]
 [49]] 
------------------------ Dataset: Dco ------------------------
shape: (32, 1), dtype: uint16
Data:[[53]
 [54]
 [52]
 [49]
 [46]
 [54]
 [56]
 [53]
 [54]
 [54]
 [45]
 [48]
 [32]
 [53]
 [54]
 [52]
 [49]
 [46]
 [54]
 [56]
 [49]
 [54]
 [48]
 [48]
 [57]
 [57]
 [57]
 [57]
 [57]
 [57]
 [45]
 [49]] 
------------------------ Dataset: Dcp ------------------------
shape: (27, 1), dtype: uint16
Data:[[53]
 [54]
 [53]
 [55]
 [46]
 [52]
 [50]
 [49]
 [53]
 [55]
 [52]
 [45]
 [48]
 [32]
 [53]
 [54]
 [53]
 [55]
 [46]
 [52]
 [50]
 [53]
 [57]
 [54]
 [51]
 [45]
 [49]] 
------------------------ Dataset: Dcq ------------------------
shape: (41, 1), dtype: uint16
Data:[[53]
 [54]
 [55]
 [51]
 [46]
 [49]
 [53]
 [50]
 [48]
 [55]
 [48]
 [57]
 [57]
 [57]
 [57]
 [57]
 [57]
 [53]
 [45]
 [48]
 [32]
 [53]
 [54]
 [55]
 [51]
 [46]
 [49]
 [52]
 [54]
 [48]
 [50]
 [56]
 [57]
 [57]
 [57]
 [57]
 [57]
 [57]
 [53]
 [45]
 [49]] 
------------------------ Dataset: Dcr ------------------------
shape: (33, 1), dtype: uint16
Data:[[53]
 [54]
 [56]
 [56]
 [46]
 [56]
 [57]
 [55]
 [54]
 [54]
 [57]
 [57]
 [57]
 [57]
 [57]
 [57]
 [57]
 [45]
 [48]
 [32]
 [53]
 [54]
 [56]
 [56]
 [46]
 [57]
 [48]
 [49]
 [53]
 [56]
 [51]
 [45]
 [49]] 
------------------------ Dataset: Dcs ------------------------
shape: (39, 1), dtype: uint16
Data:[[53]
 [56]
 [49]
 [53]
 [46]
 [49]
 [54]
 [51]
 [48]
 [49]
 [50]
 [57]
 [57]
 [57]
 [57]
 [57]
 [57]
 [45]
 [48]
 [32]
 [53]
 [56]
 [49]
 [53]
 [46]
 [49]
 [53]
 [57]
 [50]
 [50]
 [52]
 [57]
 [57]
 [57]
 [57]
 [57]
 [57]
 [45]
 [49]] 
------------------------ Dataset: Dct ------------------------
shape: (40, 1), dtype: uint16
Data:[[54]
 [54]
 [48]
 [52]
 [46]
 [50]
 [53]
 [48]
 [51]
 [53]
 [55]
 [57]
 [57]
 [57]
 [57]
 [57]
 [57]
 [45]
 [48]
 [32]
 [54]
 [54]
 [48]
 [52]
 [46]
 [50]
 [53]
 [53]
 [54]
 [57]
 [51]
 [57]
 [57]
 [57]
 [57]
 [57]
 [57]
 [53]
 [45]
 [49]] 
------------------------ Dataset: Dcu ------------------------
shape: (32, 1), dtype: uint16
Data:[[54]
 [54]
 [50]
 [48]
 [46]
 [50]
 [50]
 [48]
 [51]
 [53]
 [57]
 [57]
 [57]
 [57]
 [57]
 [57]
 [57]
 [45]
 [48]
 [32]
 [54]
 [54]
 [50]
 [48]
 [46]
 [50]
 [49]
 [52]
 [55]
 [57]
 [45]
 [49]] 
------------------------ Dataset: Dcv ------------------------
shape: (34, 1), dtype: uint16
Data:[[54]
 [54]
 [51]
 [54]
 [46]
 [48]
 [55]
 [57]
 [51]
 [51]
 [54]
 [45]
 [48]
 [32]
 [54]
 [54]
 [51]
 [54]
 [46]
 [48]
 [55]
 [48]
 [48]
 [50]
 [48]
 [57]
 [57]
 [57]
 [57]
 [57]
 [57]
 [53]
 [45]
 [49]] 
------------------------ Dataset: Dcw ------------------------
shape: (26, 1), dtype: uint16
Data:[[54]
 [54]
 [53]
 [49]
 [46]
 [54]
 [54]
 [57]
 [51]
 [55]
 [49]
 [45]
 [48]
 [32]
 [54]
 [54]
 [53]
 [49]
 [46]
 [54]
 [54]
 [51]
 [54]
 [51]
 [45]
 [49]] 
------------------------ Dataset: Dcx ------------------------
shape: (27, 1), dtype: uint16
Data:[[54]
 [54]
 [54]
 [55]
 [46]
 [53]
 [50]
 [50]
 [49]
 [50]
 [57]
 [45]
 [48]
 [32]
 [54]
 [54]
 [54]
 [55]
 [46]
 [53]
 [49]
 [56]
 [50]
 [56]
 [49]
 [45]
 [49]] 
------------------------ Dataset: Dcy ------------------------
shape: (27, 1), dtype: uint16
Data:[[54]
 [54]
 [56]
 [51]
 [46]
 [52]
 [53]
 [48]
 [54]
 [48]
 [53]
 [45]
 [48]
 [32]
 [54]
 [54]
 [56]
 [51]
 [46]
 [52]
 [53]
 [48]
 [55]
 [54]
 [49]
 [45]
 [49]] 
------------------------ Dataset: Dcz ------------------------
shape: (27, 1), dtype: uint16
Data:[[53]
 [57]
 [48]
 [49]
 [46]
 [51]
 [53]
 [55]
 [55]
 [50]
 [56]
 [45]
 [48]
 [32]
 [53]
 [57]
 [48]
 [49]
 [46]
 [51]
 [54]
 [49]
 [55]
 [49]
 [55]
 [45]
 [49]] 
------------------------ Dataset: Dd ------------------------
