shape: (1, 6), dtype: uint32
Data:[[3707764736          2          1          1        175          1]] 
------------------------ Dataset: 5cb ------------------------
shape: (33, 1), dtype: uint16
Data:[[54]
 [55]
 [54]
 [53]
 [46]
 [50]
 [52]
 [52]
 [48]
 [52]
 [49]
 [57]
 [57]
 [57]
 [57]
 [57]
 [57]
 [45]
 [48]
 [32]
 [54]
 [55]
 [54]
 [53]
 [46]
 [50]
 [51]
 [52]
 [50]
 [55]
 [51]
 [45]
 [49]] 
------------------------ Dataset: 5cc ------------------------
shape: (33, 1), dtype: uint16
Data:[[54]
 [55]
 [56]
 [49]
 [46]
 [48]
 [57]
 [52]
 [51]
 [52]
 [57]
 [57]
 [57]
 [57]
 [57]
 [57]
 [57]
 [45]
 [48]
 [32]
 [54]
 [55]
 [56]
 [49]
 [46]
 [48]
 [57]
 [56]
 [50]
 [54]
 [56]
 [45]
 [49]] 
------------------------ Dataset: 5cd ------------------------
shape: (27, 1), dtype: uint16
Data:[[54]
 [50]
 [57]
 [51]
 [46]
 [56]
 [52]
 [49]
 [57]
 [56]
 [52]
 [45]
 [48]
 [32]
 [54]
 [50]
 [57]
 [51]
 [46]
 [56]
 [51]
 [56]
 [49]
 [50]
 [55]
 [45]
 [49]] 
------------------------ Dataset: 5ce ------------------------
shape: (34, 1), dtype: uint16
Data:[[54]
 [51]
 [48]
 [57]
 [46]
 [54]
 [54]
 [54]
 [54]
 [48]
 [55]
 [45]
 [48]
 [32]
 [54]
 [51]
 [48]
 [57]
 [46]
 [54]
 [55]
 [49]
 [51]
 [49]
 [57]
 [57]
 [57]
 [57]
 [57]
 [57]
 [57]
 [53]
 [45]
 [49]] 
------------------------ Dataset: 5cf ------------------------
shape: (34, 1), dtype: uint16
Data:[[54]
 [51]
 [50]
 [53]
 [46]
 [52]
 [57]
 [56]
 [55]
 [57]
 [52]
 [57]
 [57]
 [57]
 [57]
 [57]
 [57]
 [53]
 [45]
 [48]
 [32]
 [54]
 [51]
 [50]
 [53]
 [46]
 [53]
 [48]
 [49]
 [57]
 [51]
 [52]
 [45]
 [49]] 
------------------------ Dataset: 5cg ------------------------
shape: (39, 1), dtype: uint16
Data:[[54]
 [51]
 [52]
 [49]
 [46]
 [51]
 [51]
 [55]
 [56]
 [57]
 [54]
 [57]
 [57]
 [57]
 [57]
 [57]
 [57]
 [45]
 [48]
 [32]
 [54]
 [51]
 [52]
 [49]
 [46]
 [51]
 [52]
 [49]
 [57]
 [51]
 [57]
 [57]
 [57]
 [57]
 [57]
 [57]
 [57]
 [45]
 [49]] 
------------------------ Dataset: 5ch ------------------------
shape: (33, 1), dtype: uint16
Data:[[54]
 [53]
 [48]
 [54]
 [46]
 [52]
 [52]
 [53]
 [57]
 [52]
 [57]
 [57]
 [57]
 [57]
 [57]
 [57]
 [57]
 [45]
 [48]
 [32]
 [54]
 [53]
 [48]
 [54]
 [46]
 [52]
 [52]
 [57]
 [57]
 [49]
 [57]
 [45]
 [49]] 
------------------------ Dataset: 5ci ------------------------
shape: (27, 1), dtype: uint16
Data:[[54]
 [53]
 [50]
 [50]
 [46]
 [50]
 [54]
 [54]
 [48]
 [54]
 [51]
 [45]
 [48]
 [32]
 [54]
 [53]
 [50]
 [50]
 [46]
 [50]
 [53]
 [57]
 [53]
 [55]
 [57]
 [45]
 [49]] 
------------------------ Dataset: 5cj ------------------------
shape: (27, 1), dtype: uint16
Data:[[54]
 [48]
 [49]
 [55]
 [46]
 [56]
 [52]
 [49]
 [55]
 [55]
 [51]
 [45]
 [48]
 [32]
 [54]
 [48]
 [49]
 [55]
 [46]
 [56]
 [51]
 [55]
 [55]
 [57]
 [57]
 [45]
 [49]] 
------------------------ Dataset: 5ck ------------------------
shape: (25, 1), dtype: uint16
Data:[[54]
 [48]
 [51]
 [51]
 [46]
 [54]
 [53]
 [51]
 [54]
 [52]
 [57]
 [45]
 [48]
 [32]
 [54]
 [48]
 [51]
 [51]
 [46]
 [54]
 [53]
 [53]
 [49]
 [45]
 [49]] 
------------------------ Dataset: 5cl ------------------------
shape: (33, 1), dtype: uint16
Data:[[54]
 [48]
 [52]
 [57]
 [46]
 [50]
 [54]
 [49]
 [55]
 [48]
 [52]
 [45]
 [48]
 [32]
 [54]
 [48]
 [52]
 [57]
 [46]
 [50]
 [53]
 [54]
 [50]
 [55]
 [56]
 [57]
 [57]
 [57]
 [57]
 [57]
 [57]
 [45]
 [49]] 
------------------------ Dataset: 5cm ------------------------
shape: (13, 1), dtype: uint16
Data:[[54]
 [48]
 [54]
 [53]
 [46]
 [49]
 [51]
 [51]
 [55]
 [50]
 [51]
 [45]
 [48]] 
------------------------ Dataset: 5cn ------------------------
shape: (33, 1), dtype: uint16
Data:[[54]
 [48]
 [56]
 [49]
 [46]
 [48]
 [52]
 [53]
 [55]
 [54]
 [48]
 [57]
 [57]
 [57]
 [57]
 [57]
 [57]
 [45]
 [48]
 [32]
 [54]
 [48]
 [56]
 [49]
 [46]
 [48]
 [52]
 [49]
 [56]
 [54]
 [55]
 [45]
 [49]] 
------------------------ Dataset: 5co ------------------------
shape: (27, 1), dtype: uint16
Data:[[53]
 [54]
 [52]
 [49]
 [46]
 [55]
 [56]
 [57]
 [52]
 [57]
 [55]
 [45]
 [48]
 [32]
 [53]
 [54]
 [52]
 [49]
 [46]
 [55]
 [57]
 [51]
 [53]
 [56]
 [55]
 [45]
 [49]] 
------------------------ Dataset: 5cp ------------------------
shape: (33, 1), dtype: uint16
Data:[[53]
 [54]
 [53]
 [55]
 [46]
 [53]
 [51]
 [51]
 [53]
 [57]
 [50]
 [45]
 [48]
 [32]
 [53]
 [54]
 [53]
 [55]
 [46]
 [53]
 [50]
 [57]
 [54]
 [48]
 [48]
 [57]
 [57]
 [57]
 [57]
 [57]
 [57]
 [45]
 [49]] 
------------------------ Dataset: 5cq ------------------------
shape: (20, 1), dtype: uint16
Data:[[53]
 [54]
 [55]
 [51]
 [46]
 [50]
 [52]
 [57]
 [52]
 [56]
 [55]
 [57]
 [57]
 [57]
 [57]
 [57]
 [57]
 [53]
 [45]
 [49]] 
------------------------ Dataset: 5cr ------------------------
shape: (34, 1), dtype: uint16
Data:[[53]
 [54]
 [56]
 [57]
 [46]
 [48]
 [49]
 [53]
 [50]
 [56]
 [52]
 [45]
 [48]
 [32]
 [53]
 [54]
 [56]
 [57]
 [46]
 [48]
 [49]
 [55]
 [55]
 [54]
 [57]
 [57]
 [57]
 [57]
 [57]
 [57]
 [57]
 [53]
 [45]
 [49]] 
------------------------ Dataset: 5cs ------------------------
shape: (27, 1), dtype: uint16
Data:[[53]
 [56]
 [49]
 [53]
 [46]
 [50]
 [56]
 [49]
 [55]
 [55]
 [52]
 [45]
 [48]
 [32]
 [53]
 [56]
 [49]
 [53]
 [46]
 [50]
 [55]
 [51]
 [54]
 [51]
 [56]
 [45]
 [49]] 
------------------------ Dataset: 5ct ------------------------
shape: (27, 1), dtype: uint16
Data:[[54]
 [54]
 [48]
 [52]
 [46]
 [51]
 [54]
 [55]
 [55]
 [51]
 [50]
 [45]
 [48]
 [32]
 [54]
 [54]
 [48]
 [52]
 [46]
 [51]
 [55]
 [50]
 [54]
 [49]
 [52]
 [45]
 [49]] 
------------------------ Dataset: 5cu ------------------------
shape: (27, 1), dtype: uint16
Data:[[54]
 [54]
 [50]
 [48]
 [46]
 [51]
 [50]
 [56]
 [48]
 [50]
 [55]
 [45]
 [48]
 [32]
 [54]
 [54]
 [50]
 [48]
 [46]
 [51]
 [50]
 [50]
 [51]
 [50]
 [53]
 [45]
 [49]] 
------------------------ Dataset: 5cv ------------------------
shape: (19, 1), dtype: uint16
Data:[[54]
 [54]
 [51]
 [54]
 [46]
 [49]
 [56]
 [52]
 [48]
 [49]
 [53]
 [57]
 [57]
 [57]
 [57]
 [57]
 [57]
 [45]
 [48]] 
------------------------ Dataset: 5cw ------------------------
shape: (27, 1), dtype: uint16
Data:[[54]
 [54]
 [53]
 [49]
 [46]
 [55]
 [55]
 [56]
 [48]
 [53]
 [53]
 [45]
 [48]
 [32]
 [54]
 [54]
 [53]
 [49]
 [46]
 [55]
 [55]
 [52]
 [48]
 [56]
 [57]
 [45]
 [49]] 
------------------------ Dataset: 5cx ------------------------
shape: (27, 1), dtype: uint16
Data:[[54]
 [54]
 [54]
 [55]
 [46]
 [54]
 [50]
 [54]
 [50]
 [52]
 [52]
 [45]
 [48]
 [32]
 [54]
 [54]
 [54]
 [55]
 [46]
 [54]
 [51]
 [48]
 [49]
 [56]
 [50]
 [45]
 [49]] 
------------------------ Dataset: 5cy ------------------------
shape: (27, 1), dtype: uint16
Data:[[54]
 [54]
 [56]
 [51]
 [46]
 [53]
 [53]
 [52]
 [48]
 [56]
 [56]
 [45]
 [48]
 [32]
 [54]
 [54]
 [56]
 [51]
 [46]
 [53]
 [53]
 [48]
 [49]
 [48]
 [54]
 [45]
 [49]] 
------------------------ Dataset: 5cz ------------------------
shape: (33, 1), dtype: uint16
Data:[[53]
 [57]
 [48]
 [49]
 [46]
 [52]
 [54]
 [57]
 [55]
 [55]
 [56]
 [45]
 [48]
 [32]
 [53]
 [57]
 [48]
 [49]
 [46]
 [52]
 [54]
 [53]
 [56]
 [53]
 [57]
 [57]
 [57]
 [57]
 [57]
 [57]
 [57]
 [45]
 [49]] 
------------------------ Dataset: 5d ------------------------
