shape: (1, 6), dtype: uint32
Data:[[3707764736          2          1          1       1299          1]] 
------------------------ Dataset: Evb ------------------------
shape: (27, 1), dtype: uint16
Data:[[54]
 [55]
 [54]
 [57]
 [46]
 [57]
 [57]
 [56]
 [51]
 [49]
 [56]
 [45]
 [48]
 [32]
 [54]
 [55]
 [55]
 [48]
 [46]
 [48]
 [49]
 [48]
 [50]
 [51]
 [53]
 [45]
 [49]] 
------------------------ Dataset: Evc ------------------------
shape: (33, 1), dtype: uint16
Data:[[54]
 [50]
 [56]
 [50]
 [46]
 [55]
 [56]
 [50]
 [48]
 [56]
 [53]
 [57]
 [57]
 [57]
 [57]
 [57]
 [57]
 [45]
 [48]
 [32]
 [54]
 [50]
 [56]
 [50]
 [46]
 [55]
 [56]
 [53]
 [57]
 [49]
 [54]
 [45]
 [49]] 
------------------------ Dataset: Evd ------------------------
shape: (33, 1), dtype: uint16
Data:[[54]
 [50]
 [57]
 [56]
 [46]
 [53]
 [51]
 [56]
 [49]
 [49]
 [51]
 [45]
 [48]
 [32]
 [54]
 [50]
 [57]
 [56]
 [46]
 [53]
 [52]
 [50]
 [48]
 [48]
 [55]
 [57]
 [57]
 [57]
 [57]
 [57]
 [57]
 [45]
 [49]] 
------------------------ Dataset: Eve ------------------------
shape: (27, 1), dtype: uint16
Data:[[54]
 [51]
 [49]
 [52]
 [46]
 [52]
 [50]
 [54]
 [48]
 [54]
 [57]
 [45]
 [48]
 [32]
 [54]
 [51]
 [49]
 [52]
 [46]
 [52]
 [50]
 [50]
 [51]
 [55]
 [52]
 [45]
 [49]] 
------------------------ Dataset: Evf ------------------------
shape: (33, 1), dtype: uint16
Data:[[54]
 [51]
 [51]
 [48]
 [46]
 [50]
 [53]
 [53]
 [57]
 [56]
 [51]
 [57]
 [57]
 [57]
 [57]
 [57]
 [57]
 [45]
 [48]
 [32]
 [54]
 [51]
 [51]
 [48]
 [46]
 [50]
 [53]
 [48]
 [54]
 [48]
 [52]
 [45]
 [49]] 
------------------------ Dataset: Evg ------------------------
shape: (33, 1), dtype: uint16
Data:[[54]
 [51]
 [52]
 [54]
 [46]
 [48]
 [56]
 [57]
 [56]
 [52]
 [49]
 [57]
 [57]
 [57]
 [57]
 [57]
 [57]
 [45]
 [48]
 [32]
 [54]
 [51]
 [52]
 [54]
 [46]
 [48]
 [56]
 [54]
 [48]
 [49]
 [51]
 [45]
 [49]] 
------------------------ Dataset: Evh ------------------------
shape: (27, 1), dtype: uint16
Data:[[54]
 [53]
 [49]
 [49]
 [46]
 [49]
 [53]
 [56]
 [48]
 [50]
 [51]
 [45]
 [48]
 [32]
 [54]
 [53]
 [49]
 [49]
 [46]
 [49]
 [54]
 [50]
 [54]
 [52]
 [51]
 [45]
 [49]] 
------------------------ Dataset: Evi ------------------------
shape: (32, 1), dtype: uint16
Data:[[54]
 [53]
 [50]
 [55]
 [46]
 [48]
 [48]
 [53]
 [57]
 [56]
 [51]
 [57]
 [57]
 [57]
 [57]
 [57]
 [57]
 [45]
 [48]
 [32]
 [54]
 [53]
 [50]
 [55]
 [46]
 [48]
 [48]
 [57]
 [57]
 [57]
 [45]
 [49]] 
------------------------ Dataset: Evj ------------------------
shape: (27, 1), dtype: uint16
Data:[[54]
 [48]
 [50]
 [50]
 [46]
 [53]
 [56]
 [51]
 [53]
 [54]
 [53]
 [45]
 [48]
 [32]
 [54]
 [48]
 [50]
 [50]
 [46]
 [53]
 [57]
 [48]
 [56]
 [50]
 [49]
 [45]
 [49]] 
------------------------ Dataset: Evk ------------------------
shape: (34, 1), dtype: uint16
Data:[[54]
 [48]
 [51]
 [56]
 [46]
 [51]
 [53]
 [51]
 [56]
 [48]
 [54]
 [57]
 [57]
 [57]
 [57]
 [57]
 [57]
 [53]
 [45]
 [48]
 [32]
 [54]
 [48]
 [51]
 [56]
 [46]
 [51]
 [53]
 [55]
 [56]
 [54]
 [56]
 [45]
 [49]] 
------------------------ Dataset: Evl ------------------------
shape: (26, 1), dtype: uint16
Data:[[54]
 [48]
 [53]
 [52]
 [46]
 [48]
 [48]
 [54]
 [48]
 [48]
 [50]
 [45]
 [48]
 [32]
 [54]
 [48]
 [53]
 [52]
 [46]
 [48]
 [48]
 [50]
 [53]
 [50]
 [45]
 [49]] 
------------------------ Dataset: Evm ------------------------
shape: (26, 1), dtype: uint16
Data:[[54]
 [48]
 [54]
 [57]
 [46]
 [57]
 [49]
 [51]
 [55]
 [51]
 [53]
 [45]
 [48]
 [32]
 [54]
 [48]
 [54]
 [57]
 [46]
 [57]
 [49]
 [54]
 [54]
 [50]
 [45]
 [49]] 
------------------------ Dataset: Evn ------------------------
shape: (1, 1), dtype: float64
Data:[[17991.]] 
------------------------ Dataset: Evo ------------------------
shape: (32, 1), dtype: uint16
Data:[[53]
 [54]
 [52]
 [54]
 [46]
 [53]
 [48]
 [53]
 [51]
 [54]
 [45]
 [48]
 [32]
 [53]
 [54]
 [52]
 [54]
 [46]
 [52]
 [57]
 [51]
 [54]
 [52]
 [51]
 [57]
 [57]
 [57]
 [57]
 [57]
 [57]
 [45]
 [49]] 
------------------------ Dataset: Evp ------------------------
shape: (33, 1), dtype: uint16
Data:[[53]
 [54]
 [54]
 [50]
 [46]
 [50]
 [51]
 [55]
 [54]
 [51]
 [49]
 [45]
 [48]
 [32]
 [53]
 [54]
 [54]
 [50]
 [46]
 [50]
 [51]
 [51]
 [56]
 [49]
 [51]
 [57]
 [57]
 [57]
 [57]
 [57]
 [57]
 [45]
 [49]] 
------------------------ Dataset: Evq ------------------------
shape: (27, 1), dtype: uint16
Data:[[53]
 [54]
 [55]
 [55]
 [46]
 [57]
 [53]
 [55]
 [54]
 [56]
 [51]
 [45]
 [48]
 [32]
 [53]
 [54]
 [55]
 [55]
 [46]
 [57]
 [53]
 [51]
 [56]
 [50]
 [49]
 [45]
 [49]] 
------------------------ Dataset: Evr ------------------------
shape: (34, 1), dtype: uint16
Data:[[53]
 [54]
 [57]
 [51]
 [46]
 [55]
 [50]
 [49]
 [54]
 [55]
 [54]
 [57]
 [57]
 [57]
 [57]
 [57]
 [57]
 [53]
 [45]
 [48]
 [32]
 [53]
 [54]
 [57]
 [51]
 [46]
 [55]
 [49]
 [51]
 [54]
 [51]
 [52]
 [45]
 [49]] 
------------------------ Dataset: Evs ------------------------
shape: (33, 1), dtype: uint16
Data:[[54]
 [52]
 [49]
 [55]
 [46]
 [48]
 [52]
 [50]
 [48]
 [56]
 [55]
 [57]
 [57]
 [57]
 [57]
 [57]
 [57]
 [45]
 [48]
 [32]
 [54]
 [52]
 [49]
 [55]
 [46]
 [48]
 [52]
 [56]
 [52]
 [55]
 [49]
 [45]
 [49]] 
------------------------ Dataset: Evt ------------------------
shape: (33, 1), dtype: uint16
Data:[[54]
 [54]
 [48]
 [57]
 [46]
 [49]
 [50]
 [54]
 [49]
 [54]
 [51]
 [45]
 [48]
 [32]
 [54]
 [54]
 [48]
 [57]
 [46]
 [49]
 [50]
 [51]
 [52]
 [49]
 [55]
 [57]
 [57]
 [57]
 [57]
 [57]
 [57]
 [45]
 [49]] 
------------------------ Dataset: Evu ------------------------
shape: (34, 1), dtype: uint16
Data:[[54]
 [54]
 [50]
 [53]
 [46]
 [48]
 [53]
 [52]
 [49]
 [48]
 [50]
 [57]
 [57]
 [57]
 [57]
 [57]
 [57]
 [53]
 [45]
 [48]
 [32]
 [54]
 [54]
 [50]
 [53]
 [46]
 [48]
 [53]
 [48]
 [48]
 [53]
 [53]
 [45]
 [49]] 
------------------------ Dataset: Evv ------------------------
shape: (33, 1), dtype: uint16
Data:[[54]
 [54]
 [52]
 [48]
 [46]
 [56]
 [53]
 [52]
 [48]
 [54]
 [57]
 [57]
 [57]
 [57]
 [57]
 [57]
 [57]
 [45]
 [48]
 [32]
 [54]
 [54]
 [52]
 [48]
 [46]
 [56]
 [53]
 [56]
 [49]
 [51]
 [54]
 [45]
 [49]] 
------------------------ Dataset: Evw ------------------------
shape: (34, 1), dtype: uint16
Data:[[54]
 [54]
 [53]
 [54]
 [46]
 [52]
 [57]
 [48]
 [50]
 [57]
 [56]
 [45]
 [48]
 [32]
 [54]
 [54]
 [53]
 [54]
 [46]
 [52]
 [57]
 [52]
 [49]
 [49]
 [52]
 [57]
 [57]
 [57]
 [57]
 [57]
 [57]
 [53]
 [45]
 [49]] 
------------------------ Dataset: Evx ------------------------
shape: (40, 1), dtype: uint16
Data:[[54]
 [54]
 [55]
 [50]
 [46]
 [51]
 [57]
 [52]
 [49]
 [52]
 [55]
 [57]
 [57]
 [57]
 [57]
 [57]
 [57]
 [45]
 [48]
 [32]
 [54]
 [54]
 [55]
 [50]
 [46]
 [51]
 [57]
 [56]
 [48]
 [55]
 [53]
 [57]
 [57]
 [57]
 [57]
 [57]
 [57]
 [53]
 [45]
 [49]] 
------------------------ Dataset: Evy ------------------------
shape: (33, 1), dtype: uint16
Data:[[54]
 [54]
 [56]
 [56]
 [46]
 [50]
 [57]
 [56]
 [50]
 [53]
 [54]
 [45]
 [48]
 [32]
 [54]
 [54]
 [56]
 [56]
 [46]
 [50]
 [57]
 [52]
 [48]
 [57]
 [52]
 [57]
 [57]
 [57]
 [57]
 [57]
 [57]
 [45]
 [49]] 
------------------------ Dataset: Evz ------------------------
shape: (27, 1), dtype: uint16
Data:[[53]
 [57]
 [48]
 [54]
 [46]
 [50]
 [48]
 [53]
 [55]
 [49]
 [53]
 [45]
 [48]
 [32]
 [53]
 [57]
 [48]
 [54]
 [46]
 [50]
 [48]
 [49]
 [56]
 [48]
 [56]
 [45]
 [49]] 
------------------------ Dataset: Ew ------------------------
