shape: (1, 6), dtype: uint32
Data:[[3707764736          2          1          1       1265          1]] 
------------------------ Dataset: 6ub ------------------------
shape: (13, 1), dtype: uint16
Data:[[54]
 [55]
 [54]
 [57]
 [46]
 [56]
 [54]
 [52]
 [52]
 [52]
 [52]
 [45]
 [48]] 
------------------------ Dataset: 6uc ------------------------
shape: (27, 1), dtype: uint16
Data:[[54]
 [50]
 [56]
 [50]
 [46]
 [54]
 [51]
 [51]
 [57]
 [48]
 [53]
 [45]
 [48]
 [32]
 [54]
 [50]
 [56]
 [50]
 [46]
 [54]
 [50]
 [57]
 [57]
 [49]
 [52]
 [45]
 [49]] 
------------------------ Dataset: 6ud ------------------------
shape: (39, 1), dtype: uint16
Data:[[54]
 [50]
 [57]
 [56]
 [46]
 [51]
 [57]
 [52]
 [48]
 [56]
 [53]
 [57]
 [57]
 [57]
 [57]
 [57]
 [57]
 [45]
 [48]
 [32]
 [54]
 [50]
 [57]
 [56]
 [46]
 [51]
 [57]
 [55]
 [57]
 [55]
 [48]
 [57]
 [57]
 [57]
 [57]
 [57]
 [57]
 [45]
 [49]] 
------------------------ Dataset: 6ue ------------------------
shape: (13, 1), dtype: uint16
Data:[[54]
 [51]
 [49]
 [52]
 [46]
 [50]
 [56]
 [50]
 [50]
 [53]
 [49]
 [45]
 [48]] 
------------------------ Dataset: 6uf ------------------------
shape: (27, 1), dtype: uint16
Data:[[54]
 [51]
 [51]
 [48]
 [46]
 [49]
 [48]
 [53]
 [57]
 [56]
 [52]
 [45]
 [48]
 [32]
 [54]
 [51]
 [51]
 [48]
 [46]
 [49]
 [49]
 [48]
 [51]
 [55]
 [50]
 [45]
 [49]] 
------------------------ Dataset: 6ug ------------------------
shape: (27, 1), dtype: uint16
Data:[[54]
 [51]
 [52]
 [53]
 [46]
 [57]
 [52]
 [54]
 [57]
 [55]
 [51]
 [45]
 [48]
 [32]
 [54]
 [51]
 [52]
 [53]
 [46]
 [57]
 [53]
 [48]
 [50]
 [48]
 [57]
 [45]
 [49]] 
------------------------ Dataset: 6uh ------------------------
shape: (39, 1), dtype: uint16
Data:[[54]
 [53]
 [49]
 [49]
 [46]
 [48]
 [50]
 [50]
 [48]
 [48]
 [53]
 [57]
 [57]
 [57]
 [57]
 [57]
 [57]
 [45]
 [48]
 [32]
 [54]
 [53]
 [49]
 [49]
 [46]
 [48]
 [49]
 [56]
 [49]
 [54]
 [57]
 [57]
 [57]
 [57]
 [57]
 [57]
 [57]
 [45]
 [49]] 
------------------------ Dataset: 6ui ------------------------
shape: (33, 1), dtype: uint16
Data:[[54]
 [53]
 [50]
 [54]
 [46]
 [56]
 [54]
 [57]
 [57]
 [52]
 [54]
 [57]
 [57]
 [57]
 [57]
 [57]
 [57]
 [45]
 [48]
 [32]
 [54]
 [53]
 [50]
 [54]
 [46]
 [56]
 [54]
 [54]
 [48]
 [53]
 [51]
 [45]
 [49]] 
------------------------ Dataset: 6uj ------------------------
shape: (27, 1), dtype: uint16
Data:[[54]
 [48]
 [50]
 [50]
 [46]
 [52]
 [52]
 [49]
 [57]
 [51]
 [53]
 [45]
 [48]
 [32]
 [54]
 [48]
 [50]
 [50]
 [46]
 [52]
 [51]
 [55]
 [55]
 [52]
 [54]
 [45]
 [49]] 
------------------------ Dataset: 6uk ------------------------
shape: (33, 1), dtype: uint16
Data:[[54]
 [48]
 [51]
 [56]
 [46]
 [50]
 [49]
 [52]
 [50]
 [51]
 [52]
 [57]
 [57]
 [57]
 [57]
 [57]
 [57]
 [53]
 [45]
 [48]
 [32]
 [54]
 [48]
 [51]
 [56]
 [46]
 [50]
 [49]
 [52]
 [50]
 [51]
 [45]
 [49]] 
------------------------ Dataset: 6ul ------------------------
shape: (32, 1), dtype: uint16
Data:[[54]
 [48]
 [53]
 [51]
 [46]
 [56]
 [54]
 [49]
 [55]
 [55]
 [52]
 [57]
 [57]
 [57]
 [57]
 [57]
 [57]
 [45]
 [48]
 [32]
 [54]
 [48]
 [53]
 [51]
 [46]
 [56]
 [54]
 [54]
 [53]
 [57]
 [45]
 [49]] 
------------------------ Dataset: 6um ------------------------
shape: (34, 1), dtype: uint16
Data:[[54]
 [48]
 [54]
 [57]
 [46]
 [55]
 [54]
 [53]
 [56]
 [54]
 [55]
 [57]
 [57]
 [57]
 [57]
 [57]
 [57]
 [53]
 [45]
 [48]
 [32]
 [54]
 [48]
 [54]
 [57]
 [46]
 [55]
 [54]
 [49]
 [56]
 [57]
 [56]
 [45]
 [49]] 
------------------------ Dataset: 6un ------------------------
shape: (33, 1), dtype: uint16
Data:[[54]
 [48]
 [56]
 [53]
 [46]
 [54]
 [54]
 [57]
 [55]
 [50]
 [56]
 [57]
 [57]
 [57]
 [57]
 [57]
 [57]
 [45]
 [48]
 [32]
 [54]
 [48]
 [56]
 [53]
 [46]
 [54]
 [54]
 [53]
 [55]
 [55]
 [52]
 [45]
 [49]] 
------------------------ Dataset: 6uo ------------------------
shape: (39, 1), dtype: uint16
Data:[[53]
 [54]
 [52]
 [54]
 [46]
 [51]
 [53]
 [55]
 [55]
 [48]
 [57]
 [57]
 [57]
 [57]
 [57]
 [57]
 [57]
 [45]
 [48]
 [32]
 [53]
 [54]
 [52]
 [54]
 [46]
 [51]
 [53]
 [51]
 [55]
 [51]
 [51]
 [57]
 [57]
 [57]
 [57]
 [57]
 [57]
 [45]
 [49]] 
------------------------ Dataset: 6up ------------------------
shape: (33, 1), dtype: uint16
Data:[[53]
 [54]
 [54]
 [50]
 [46]
 [48]
 [57]
 [51]
 [53]
 [54]
 [55]
 [57]
 [57]
 [57]
 [57]
 [57]
 [57]
 [45]
 [48]
 [32]
 [53]
 [54]
 [54]
 [50]
 [46]
 [48]
 [57]
 [55]
 [53]
 [53]
 [52]
 [45]
 [49]] 
------------------------ Dataset: 6uq ------------------------
shape: (27, 1), dtype: uint16
Data:[[53]
 [54]
 [55]
 [55]
 [46]
 [56]
 [48]
 [57]
 [54]
 [52]
 [54]
 [45]
 [48]
 [32]
 [53]
 [54]
 [55]
 [55]
 [46]
 [56]
 [49]
 [55]
 [54]
 [48]
 [52]
 [45]
 [49]] 
------------------------ Dataset: 6ur ------------------------
shape: (33, 1), dtype: uint16
Data:[[53]
 [54]
 [57]
 [51]
 [46]
 [53]
 [55]
 [55]
 [53]
 [56]
 [45]
 [48]
 [32]
 [53]
 [54]
 [57]
 [51]
 [46]
 [53]
 [55]
 [51]
 [53]
 [56]
 [53]
 [57]
 [57]
 [57]
 [57]
 [57]
 [57]
 [53]
 [45]
 [49]] 
------------------------ Dataset: 6us ------------------------
shape: (33, 1), dtype: uint16
Data:[[54]
 [52]
 [49]
 [54]
 [46]
 [56]
 [57]
 [56]
 [50]
 [50]
 [52]
 [45]
 [48]
 [32]
 [54]
 [52]
 [49]
 [54]
 [46]
 [56]
 [57]
 [51]
 [57]
 [51]
 [50]
 [57]
 [57]
 [57]
 [57]
 [57]
 [57]
 [45]
 [49]] 
------------------------ Dataset: 6ut ------------------------
shape: (33, 1), dtype: uint16
Data:[[54]
 [54]
 [48]
 [56]
 [46]
 [57]
 [57]
 [49]
 [48]
 [53]
 [49]
 [57]
 [57]
 [57]
 [57]
 [57]
 [57]
 [45]
 [48]
 [32]
 [54]
 [54]
 [48]
 [56]
 [46]
 [57]
 [56]
 [55]
 [54]
 [49]
 [49]
 [45]
 [49]] 
------------------------ Dataset: 6uu ------------------------
shape: (33, 1), dtype: uint16
Data:[[54]
 [54]
 [50]
 [52]
 [46]
 [57]
 [49]
 [48]
 [48]
 [57]
 [52]
 [45]
 [48]
 [32]
 [54]
 [54]
 [50]
 [52]
 [46]
 [57]
 [49]
 [52]
 [49]
 [55]
 [56]
 [57]
 [57]
 [57]
 [57]
 [57]
 [57]
 [45]
 [49]] 
------------------------ Dataset: 6uv ------------------------
shape: (26, 1), dtype: uint16
Data:[[54]
 [54]
 [52]
 [48]
 [46]
 [55]
 [49]
 [52]
 [49]
 [49]
 [45]
 [48]
 [32]
 [54]
 [54]
 [52]
 [48]
 [46]
 [55]
 [49]
 [48]
 [50]
 [50]
 [51]
 [45]
 [49]] 
------------------------ Dataset: 6uw ------------------------
shape: (27, 1), dtype: uint16
Data:[[54]
 [54]
 [53]
 [54]
 [46]
 [51]
 [53]
 [52]
 [49]
 [53]
 [50]
 [45]
 [48]
 [32]
 [54]
 [54]
 [53]
 [54]
 [46]
 [51]
 [53]
 [48]
 [48]
 [52]
 [50]
 [45]
 [49]] 
------------------------ Dataset: 6ux ------------------------
shape: (33, 1), dtype: uint16
Data:[[54]
 [54]
 [55]
 [50]
 [46]
 [50]
 [53]
 [56]
 [49]
 [49]
 [53]
 [45]
 [48]
 [32]
 [54]
 [54]
 [55]
 [50]
 [46]
 [50]
 [53]
 [52]
 [48]
 [57]
 [52]
 [57]
 [57]
 [57]
 [57]
 [57]
 [57]
 [45]
 [49]] 
------------------------ Dataset: 6uy ------------------------
shape: (39, 1), dtype: uint16
Data:[[54]
 [54]
 [56]
 [56]
 [46]
 [49]
 [54]
 [51]
 [49]
 [57]
 [55]
 [57]
 [57]
 [57]
 [57]
 [57]
 [57]
 [45]
 [48]
 [32]
 [54]
 [54]
 [56]
 [56]
 [46]
 [49]
 [53]
 [56]
 [49]
 [52]
 [52]
 [57]
 [57]
 [57]
 [57]
 [57]
 [57]
 [45]
 [49]] 
------------------------ Dataset: 6uz ------------------------
shape: (33, 1), dtype: uint16
Data:[[53]
 [57]
 [48]
 [54]
 [46]
 [48]
 [54]
 [49]
 [54]
 [53]
 [49]
 [45]
 [48]
 [32]
 [53]
 [57]
 [48]
 [54]
 [46]
 [48]
 [54]
 [53]
 [55]
 [57]
 [49]
 [57]
 [57]
 [57]
 [57]
 [57]
 [57]
 [45]
 [49]] 
------------------------ Dataset: 6v ------------------------
