shape: (1, 6), dtype: uint32
Data:[[3707764736          2          1          1       1685          1]] 
------------------------ Dataset: 3Bb ------------------------
shape: (33, 1), dtype: uint16
Data:[[54]
 [55]
 [55]
 [49]
 [46]
 [54]
 [49]
 [57]
 [55]
 [55]
 [50]
 [57]
 [57]
 [57]
 [57]
 [57]
 [57]
 [45]
 [48]
 [32]
 [54]
 [55]
 [55]
 [49]
 [46]
 [54]
 [49]
 [53]
 [57]
 [53]
 [49]
 [45]
 [49]] 
------------------------ Dataset: 3Bc ------------------------
shape: (39, 1), dtype: uint16
Data:[[54]
 [50]
 [56]
 [52]
 [46]
 [52]
 [48]
 [50]
 [50]
 [49]
 [55]
 [57]
 [57]
 [57]
 [57]
 [57]
 [57]
 [45]
 [48]
 [32]
 [54]
 [50]
 [56]
 [52]
 [46]
 [52]
 [48]
 [49]
 [52]
 [50]
 [50]
 [57]
 [57]
 [57]
 [57]
 [57]
 [57]
 [45]
 [49]] 
------------------------ Dataset: 3Bd ------------------------
shape: (27, 1), dtype: uint16
Data:[[54]
 [51]
 [48]
 [48]
 [46]
 [49]
 [55]
 [52]
 [57]
 [51]
 [53]
 [45]
 [48]
 [32]
 [54]
 [51]
 [48]
 [48]
 [46]
 [49]
 [55]
 [55]
 [52]
 [54]
 [54]
 [45]
 [49]] 
------------------------ Dataset: 3Be ------------------------
shape: (34, 1), dtype: uint16
Data:[[54]
 [51]
 [49]
 [54]
 [46]
 [48]
 [52]
 [49]
 [57]
 [57]
 [57]
 [57]
 [57]
 [57]
 [57]
 [57]
 [57]
 [53]
 [45]
 [48]
 [32]
 [54]
 [51]
 [49]
 [54]
 [46]
 [48]
 [52]
 [54]
 [48]
 [49]
 [50]
 [45]
 [49]] 
------------------------ Dataset: 3Bf ------------------------
shape: (27, 1), dtype: uint16
Data:[[54]
 [51]
 [51]
 [49]
 [46]
 [56]
 [55]
 [52]
 [49]
 [48]
 [51]
 [45]
 [48]
 [32]
 [54]
 [51]
 [51]
 [49]
 [46]
 [56]
 [55]
 [48]
 [48]
 [50]
 [55]
 [45]
 [49]] 
------------------------ Dataset: 3Bg ------------------------
shape: (20, 1), dtype: uint16
Data:[[54]
 [52]
 [57]
 [55]
 [46]
 [48]
 [50]
 [54]
 [50]
 [54]
 [52]
 [57]
 [57]
 [57]
 [57]
 [57]
 [57]
 [53]
 [45]
 [49]] 
------------------------ Dataset: 3Bh ------------------------
shape: (27, 1), dtype: uint16
Data:[[54]
 [53]
 [49]
 [50]
 [46]
 [56]
 [49]
 [50]
 [57]
 [54]
 [55]
 [45]
 [48]
 [32]
 [54]
 [53]
 [49]
 [50]
 [46]
 [56]
 [49]
 [50]
 [54]
 [52]
 [53]
 [45]
 [49]] 
------------------------ Dataset: 3Bi ------------------------
shape: (34, 1), dtype: uint16
Data:[[54]
 [53]
 [50]
 [56]
 [46]
 [54]
 [51]
 [48]
 [48]
 [53]
 [49]
 [57]
 [57]
 [57]
 [57]
 [57]
 [57]
 [53]
 [45]
 [48]
 [32]
 [54]
 [53]
 [50]
 [56]
 [46]
 [54]
 [50]
 [53]
 [57]
 [52]
 [51]
 [45]
 [49]] 
------------------------ Dataset: 3Bj ------------------------
shape: (33, 1), dtype: uint16
Data:[[54]
 [48]
 [50]
 [52]
 [46]
 [50]
 [48]
 [53]
 [56]
 [49]
 [49]
 [57]
 [57]
 [57]
 [57]
 [57]
 [57]
 [45]
 [48]
 [32]
 [54]
 [48]
 [50]
 [52]
 [46]
 [50]
 [48]
 [53]
 [56]
 [50]
 [55]
 [45]
 [49]] 
------------------------ Dataset: 3Bk ------------------------
shape: (32, 1), dtype: uint16
Data:[[54]
 [48]
 [51]
 [57]
 [46]
 [57]
 [52]
 [57]
 [57]
 [49]
 [52]
 [57]
 [57]
 [57]
 [57]
 [57]
 [57]
 [45]
 [48]
 [32]
 [54]
 [48]
 [51]
 [57]
 [46]
 [57]
 [53]
 [51]
 [56]
 [49]
 [45]
 [49]] 
------------------------ Dataset: 3Bl ------------------------
shape: (26, 1), dtype: uint16
Data:[[54]
 [48]
 [53]
 [53]
 [46]
 [54]
 [50]
 [49]
 [57]
 [57]
 [49]
 [45]
 [48]
 [32]
 [54]
 [48]
 [53]
 [53]
 [46]
 [54]
 [49]
 [57]
 [48]
 [52]
 [45]
 [49]] 
------------------------ Dataset: 3Bm ------------------------
shape: (33, 1), dtype: uint16
Data:[[54]
 [48]
 [55]
 [49]
 [46]
 [53]
 [53]
 [55]
 [56]
 [50]
 [56]
 [57]
 [57]
 [57]
 [57]
 [57]
 [57]
 [45]
 [48]
 [32]
 [54]
 [48]
 [55]
 [49]
 [46]
 [53]
 [54]
 [49]
 [56]
 [49]
 [49]
 [45]
 [49]] 
------------------------ Dataset: 3Bn ------------------------
shape: (33, 1), dtype: uint16
Data:[[53]
 [54]
 [51]
 [50]
 [46]
 [52]
 [50]
 [49]
 [53]
 [54]
 [51]
 [57]
 [57]
 [57]
 [57]
 [57]
 [57]
 [45]
 [48]
 [32]
 [53]
 [54]
 [51]
 [50]
 [46]
 [52]
 [50]
 [53]
 [53]
 [51]
 [52]
 [45]
 [49]] 
------------------------ Dataset: 3Bo ------------------------
shape: (33, 1), dtype: uint16
Data:[[53]
 [54]
 [52]
 [56]
 [46]
 [49]
 [48]
 [57]
 [54]
 [49]
 [52]
 [57]
 [57]
 [57]
 [57]
 [57]
 [57]
 [45]
 [48]
 [32]
 [53]
 [54]
 [52]
 [56]
 [46]
 [49]
 [49]
 [57]
 [54]
 [51]
 [57]
 [45]
 [49]] 
------------------------ Dataset: 3Bp ------------------------
shape: (33, 1), dtype: uint16
Data:[[53]
 [54]
 [54]
 [51]
 [46]
 [56]
 [52]
 [49]
 [55]
 [55]
 [48]
 [57]
 [57]
 [57]
 [57]
 [57]
 [57]
 [45]
 [48]
 [32]
 [53]
 [54]
 [54]
 [51]
 [46]
 [56]
 [52]
 [57]
 [53]
 [52]
 [57]
 [45]
 [49]] 
------------------------ Dataset: 3Bq ------------------------
shape: (39, 1), dtype: uint16
Data:[[53]
 [54]
 [55]
 [57]
 [46]
 [53]
 [56]
 [53]
 [54]
 [50]
 [51]
 [57]
 [57]
 [57]
 [57]
 [57]
 [57]
 [45]
 [48]
 [32]
 [53]
 [54]
 [55]
 [57]
 [46]
 [53]
 [57]
 [48]
 [54]
 [48]
 [49]
 [57]
 [57]
 [57]
 [57]
 [57]
 [57]
 [45]
 [49]] 
------------------------ Dataset: 3Br ------------------------
shape: (34, 1), dtype: uint16
Data:[[53]
 [56]
 [48]
 [53]
 [46]
 [56]
 [56]
 [57]
 [57]
 [48]
 [52]
 [45]
 [48]
 [32]
 [53]
 [56]
 [48]
 [53]
 [46]
 [56]
 [57]
 [55]
 [54]
 [56]
 [48]
 [57]
 [57]
 [57]
 [57]
 [57]
 [57]
 [53]
 [45]
 [49]] 
------------------------ Dataset: 3Bs ------------------------
shape: (40, 1), dtype: uint16
Data:[[54]
 [52]
 [49]
 [56]
 [46]
 [54]
 [53]
 [52]
 [48]
 [51]
 [49]
 [57]
 [57]
 [57]
 [57]
 [57]
 [57]
 [53]
 [45]
 [48]
 [32]
 [54]
 [52]
 [49]
 [56]
 [46]
 [54]
 [52]
 [57]
 [57]
 [54]
 [54]
 [57]
 [57]
 [57]
 [57]
 [57]
 [57]
 [45]
 [49]] 
------------------------ Dataset: 3Bt ------------------------
shape: (34, 1), dtype: uint16
Data:[[54]
 [54]
 [49]
 [48]
 [46]
 [55]
 [53]
 [52]
 [48]
 [51]
 [48]
 [57]
 [57]
 [57]
 [57]
 [57]
 [57]
 [53]
 [45]
 [48]
 [32]
 [54]
 [54]
 [49]
 [48]
 [46]
 [55]
 [53]
 [48]
 [48]
 [51]
 [52]
 [45]
 [49]] 
------------------------ Dataset: 3Bu ------------------------
shape: (27, 1), dtype: uint16
Data:[[54]
 [54]
 [50]
 [54]
 [46]
 [54]
 [55]
 [52]
 [48]
 [52]
 [56]
 [45]
 [48]
 [32]
 [54]
 [54]
 [50]
 [54]
 [46]
 [54]
 [55]
 [48]
 [48]
 [48]
 [56]
 [45]
 [49]] 
------------------------ Dataset: 3Bv ------------------------
shape: (33, 1), dtype: uint16
Data:[[54]
 [54]
 [52]
 [50]
 [46]
 [52]
 [53]
 [48]
 [50]
 [49]
 [56]
 [57]
 [57]
 [57]
 [57]
 [57]
 [57]
 [45]
 [48]
 [32]
 [54]
 [54]
 [52]
 [50]
 [46]
 [52]
 [53]
 [52]
 [50]
 [57]
 [54]
 [45]
 [49]] 
------------------------ Dataset: 3Bw ------------------------
shape: (34, 1), dtype: uint16
Data:[[54]
 [54]
 [53]
 [56]
 [46]
 [49]
 [54]
 [55]
 [50]
 [55]
 [55]
 [45]
 [48]
 [32]
 [54]
 [54]
 [53]
 [56]
 [46]
 [49]
 [54]
 [55]
 [49]
 [55]
 [49]
 [57]
 [57]
 [57]
 [57]
 [57]
 [57]
 [53]
 [45]
 [49]] 
------------------------ Dataset: 3Bx ------------------------
shape: (33, 1), dtype: uint16
Data:[[54]
 [54]
 [55]
 [52]
 [46]
 [48]
 [51]
 [52]
 [54]
 [57]
 [57]
 [57]
 [57]
 [57]
 [57]
 [57]
 [57]
 [45]
 [48]
 [32]
 [54]
 [54]
 [55]
 [52]
 [46]
 [48]
 [51]
 [56]
 [49]
 [49]
 [55]
 [45]
 [49]] 
------------------------ Dataset: 3By ------------------------
shape: (27, 1), dtype: uint16
Data:[[54]
 [54]
 [56]
 [57]
 [46]
 [57]
 [54]
 [50]
 [48]
 [57]
 [51]
 [45]
 [48]
 [32]
 [54]
 [54]
 [56]
 [57]
 [46]
 [57]
 [53]
 [56]
 [50]
 [57]
 [57]
 [45]
 [49]] 
------------------------ Dataset: 3Bz ------------------------
shape: (26, 1), dtype: uint16
Data:[[53]
 [57]
 [48]
 [55]
 [46]
 [56]
 [52]
 [57]
 [55]
 [51]
 [45]
 [48]
 [32]
 [53]
 [57]
 [48]
 [55]
 [46]
 [56]
 [52]
 [57]
 [55]
 [50]
 [57]
 [45]
 [49]] 
------------------------ Dataset: 3C ------------------------
