shape: (1, 6), dtype: uint32
Data:[[3707764736          2          1          1        932          1]] 
------------------------ Dataset: Apb ------------------------
shape: (19, 1), dtype: uint16
Data:[[54]
 [55]
 [54]
 [56]
 [46]
 [52]
 [52]
 [54]
 [51]
 [48]
 [57]
 [57]
 [57]
 [57]
 [57]
 [57]
 [57]
 [45]
 [49]] 
------------------------ Dataset: Apc ------------------------
shape: (39, 1), dtype: uint16
Data:[[54]
 [50]
 [56]
 [49]
 [46]
 [50]
 [51]
 [52]
 [54]
 [55]
 [51]
 [57]
 [57]
 [57]
 [57]
 [57]
 [57]
 [45]
 [48]
 [32]
 [54]
 [50]
 [56]
 [49]
 [46]
 [50]
 [49]
 [55]
 [56]
 [48]
 [52]
 [57]
 [57]
 [57]
 [57]
 [57]
 [57]
 [45]
 [49]] 
------------------------ Dataset: Apd ------------------------
shape: (27, 1), dtype: uint16
Data:[[54]
 [50]
 [57]
 [55]
 [46]
 [48]
 [48]
 [54]
 [49]
 [56]
 [57]
 [45]
 [48]
 [32]
 [54]
 [50]
 [57]
 [55]
 [46]
 [48]
 [48]
 [50]
 [48]
 [55]
 [49]
 [45]
 [49]] 
------------------------ Dataset: Ape ------------------------
shape: (27, 1), dtype: uint16
Data:[[54]
 [51]
 [49]
 [50]
 [46]
 [56]
 [54]
 [57]
 [56]
 [50]
 [53]
 [45]
 [48]
 [32]
 [54]
 [51]
 [49]
 [50]
 [46]
 [56]
 [55]
 [51]
 [56]
 [55]
 [55]
 [45]
 [49]] 
------------------------ Dataset: Apf ------------------------
shape: (40, 1), dtype: uint16
Data:[[54]
 [51]
 [50]
 [56]
 [46]
 [55]
 [49]
 [55]
 [57]
 [54]
 [53]
 [57]
 [57]
 [57]
 [57]
 [57]
 [57]
 [45]
 [48]
 [32]
 [54]
 [51]
 [50]
 [56]
 [46]
 [55]
 [49]
 [52]
 [48]
 [50]
 [50]
 [57]
 [57]
 [57]
 [57]
 [57]
 [57]
 [53]
 [45]
 [49]] 
------------------------ Dataset: Apg ------------------------
shape: (13, 1), dtype: uint16
Data:[[54]
 [51]
 [52]
 [52]
 [46]
 [53]
 [51]
 [53]
 [51]
 [57]
 [53]
 [45]
 [48]] 
------------------------ Dataset: Aph ------------------------
shape: (27, 1), dtype: uint16
Data:[[54]
 [53]
 [48]
 [57]
 [46]
 [54]
 [51]
 [52]
 [48]
 [49]
 [51]
 [45]
 [48]
 [32]
 [54]
 [53]
 [48]
 [57]
 [46]
 [54]
 [51]
 [55]
 [57]
 [57]
 [49]
 [45]
 [49]] 
------------------------ Dataset: Api ------------------------
shape: (33, 1), dtype: uint16
Data:[[54]
 [53]
 [50]
 [53]
 [46]
 [52]
 [52]
 [50]
 [48]
 [55]
 [50]
 [57]
 [57]
 [57]
 [57]
 [57]
 [57]
 [45]
 [48]
 [32]
 [54]
 [53]
 [50]
 [53]
 [46]
 [52]
 [51]
 [56]
 [48]
 [51]
 [54]
 [45]
 [49]] 
------------------------ Dataset: Apj ------------------------
shape: (34, 1), dtype: uint16
Data:[[54]
 [48]
 [50]
 [49]
 [46]
 [48]
 [52]
 [53]
 [56]
 [49]
 [52]
 [57]
 [57]
 [57]
 [57]
 [57]
 [57]
 [53]
 [45]
 [48]
 [32]
 [54]
 [48]
 [50]
 [49]
 [46]
 [48]
 [52]
 [49]
 [56]
 [49]
 [54]
 [45]
 [49]] 
------------------------ Dataset: Apk ------------------------
shape: (26, 1), dtype: uint16
Data:[[54]
 [48]
 [51]
 [54]
 [46]
 [56]
 [50]
 [53]
 [55]
 [56]
 [52]
 [45]
 [48]
 [32]
 [54]
 [48]
 [51]
 [54]
 [46]
 [56]
 [50]
 [53]
 [55]
 [56]
 [45]
 [49]] 
------------------------ Dataset: Apl ------------------------
shape: (40, 1), dtype: uint16
Data:[[54]
 [48]
 [53]
 [50]
 [46]
 [52]
 [52]
 [57]
 [55]
 [55]
 [53]
 [57]
 [57]
 [57]
 [57]
 [57]
 [57]
 [53]
 [45]
 [48]
 [32]
 [54]
 [48]
 [53]
 [50]
 [46]
 [52]
 [52]
 [54]
 [51]
 [56]
 [55]
 [57]
 [57]
 [57]
 [57]
 [57]
 [57]
 [45]
 [49]] 
------------------------ Dataset: Apm ------------------------
shape: (27, 1), dtype: uint16
Data:[[54]
 [48]
 [54]
 [56]
 [46]
 [51]
 [53]
 [49]
 [54]
 [57]
 [57]
 [45]
 [48]
 [32]
 [54]
 [48]
 [54]
 [56]
 [46]
 [51]
 [53]
 [56]
 [55]
 [52]
 [51]
 [45]
 [49]] 
------------------------ Dataset: Apn ------------------------
shape: (40, 1), dtype: uint16
Data:[[54]
 [48]
 [56]
 [52]
 [46]
 [50]
 [56]
 [50]
 [48]
 [51]
 [55]
 [57]
 [57]
 [57]
 [57]
 [57]
 [57]
 [45]
 [48]
 [32]
 [54]
 [48]
 [56]
 [52]
 [46]
 [50]
 [56]
 [53]
 [57]
 [52]
 [49]
 [57]
 [57]
 [57]
 [57]
 [57]
 [57]
 [53]
 [45]
 [49]] 
------------------------ Dataset: Apo ------------------------
shape: (33, 1), dtype: uint16
Data:[[53]
 [54]
 [52]
 [52]
 [46]
 [57]
 [54]
 [49]
 [54]
 [55]
 [51]
 [45]
 [48]
 [32]
 [53]
 [54]
 [52]
 [52]
 [46]
 [57]
 [54]
 [53]
 [54]
 [49]
 [55]
 [57]
 [57]
 [57]
 [57]
 [57]
 [57]
 [45]
 [49]] 
------------------------ Dataset: App ------------------------
shape: (33, 1), dtype: uint16
Data:[[53]
 [54]
 [54]
 [48]
 [46]
 [55]
 [49]
 [51]
 [54]
 [57]
 [49]
 [57]
 [57]
 [57]
 [57]
 [57]
 [57]
 [45]
 [48]
 [32]
 [53]
 [54]
 [54]
 [48]
 [46]
 [55]
 [48]
 [57]
 [56]
 [50]
 [56]
 [45]
 [49]] 
------------------------ Dataset: Apq ------------------------
shape: (26, 1), dtype: uint16
Data:[[53]
 [54]
 [55]
 [54]
 [46]
 [52]
 [48]
 [53]
 [55]
 [48]
 [57]
 [45]
 [48]
 [32]
 [53]
 [54]
 [55]
 [54]
 [46]
 [52]
 [49]
 [51]
 [53]
 [54]
 [45]
 [49]] 
------------------------ Dataset: Apr ------------------------
shape: (27, 1), dtype: uint16
Data:[[53]
 [54]
 [57]
 [50]
 [46]
 [49]
 [57]
 [49]
 [53]
 [56]
 [57]
 [45]
 [48]
 [32]
 [53]
 [54]
 [57]
 [50]
 [46]
 [50]
 [48]
 [48]
 [55]
 [55]
 [54]
 [45]
 [49]] 
------------------------ Dataset: Aps ------------------------
shape: (33, 1), dtype: uint16
Data:[[54]
 [52]
 [49]
 [53]
 [46]
 [53]
 [48]
 [48]
 [51]
 [57]
 [55]
 [45]
 [48]
 [32]
 [54]
 [52]
 [49]
 [53]
 [46]
 [53]
 [48]
 [48]
 [49]
 [53]
 [51]
 [57]
 [57]
 [57]
 [57]
 [57]
 [57]
 [45]
 [49]] 
------------------------ Dataset: Apt ------------------------
shape: (33, 1), dtype: uint16
Data:[[54]
 [54]
 [48]
 [55]
 [46]
 [53]
 [53]
 [57]
 [51]
 [53]
 [49]
 [57]
 [57]
 [57]
 [57]
 [57]
 [57]
 [45]
 [48]
 [32]
 [54]
 [54]
 [48]
 [55]
 [46]
 [53]
 [53]
 [52]
 [49]
 [50]
 [49]
 [45]
 [49]] 
------------------------ Dataset: Apu ------------------------
shape: (33, 1), dtype: uint16
Data:[[54]
 [54]
 [50]
 [51]
 [46]
 [53]
 [48]
 [54]
 [50]
 [53]
 [52]
 [45]
 [48]
 [32]
 [54]
 [54]
 [50]
 [51]
 [46]
 [53]
 [48]
 [52]
 [49]
 [57]
 [54]
 [57]
 [57]
 [57]
 [57]
 [57]
 [57]
 [45]
 [49]] 
------------------------ Dataset: Apv ------------------------
shape: (34, 1), dtype: uint16
Data:[[54]
 [54]
 [51]
 [57]
 [46]
 [51]
 [51]
 [52]
 [56]
 [52]
 [55]
 [57]
 [57]
 [57]
 [57]
 [57]
 [57]
 [53]
 [45]
 [48]
 [32]
 [54]
 [54]
 [51]
 [57]
 [46]
 [51]
 [51]
 [56]
 [50]
 [54]
 [52]
 [45]
 [49]] 
------------------------ Dataset: Apw ------------------------
shape: (33, 1), dtype: uint16
Data:[[54]
 [54]
 [53]
 [52]
 [46]
 [57]
 [53]
 [48]
 [48]
 [53]
 [51]
 [45]
 [48]
 [32]
 [54]
 [54]
 [53]
 [52]
 [46]
 [57]
 [53]
 [52]
 [48]
 [56]
 [52]
 [57]
 [57]
 [57]
 [57]
 [57]
 [57]
 [45]
 [49]] 
------------------------ Dataset: Apx ------------------------
shape: (33, 1), dtype: uint16
Data:[[54]
 [54]
 [55]
 [48]
 [46]
 [56]
 [53]
 [52]
 [49]
 [50]
 [48]
 [57]
 [57]
 [57]
 [57]
 [57]
 [57]
 [45]
 [48]
 [32]
 [54]
 [54]
 [55]
 [48]
 [46]
 [56]
 [53]
 [48]
 [50]
 [51]
 [53]
 [45]
 [49]] 
------------------------ Dataset: Apy ------------------------
shape: (34, 1), dtype: uint16
Data:[[54]
 [54]
 [56]
 [54]
 [46]
 [55]
 [53]
 [48]
 [48]
 [50]
 [52]
 [45]
 [48]
 [32]
 [54]
 [54]
 [56]
 [54]
 [46]
 [55]
 [53]
 [52]
 [48]
 [55]
 [51]
 [57]
 [57]
 [57]
 [57]
 [57]
 [57]
 [53]
 [45]
 [49]] 
------------------------ Dataset: Apz ------------------------
shape: (27, 1), dtype: uint16
Data:[[53]
 [57]
 [48]
 [52]
 [46]
 [54]
 [54]
 [53]
 [55]
 [53]
 [49]
 [45]
 [48]
 [32]
 [53]
 [57]
 [48]
 [52]
 [46]
 [54]
 [55]
 [49]
 [48]
 [52]
 [49]
 [45]
 [49]] 
------------------------ Dataset: Aq ------------------------
