shape: (1, 6), dtype: uint32
Data:[[3707764736          2          1          1        832          1]] 
------------------------ Dataset: Vnb ------------------------
shape: (27, 1), dtype: uint16
Data:[[54]
 [55]
 [54]
 [56]
 [46]
 [48]
 [51]
 [54]
 [51]
 [56]
 [57]
 [45]
 [48]
 [32]
 [54]
 [55]
 [54]
 [56]
 [46]
 [48]
 [52]
 [52]
 [53]
 [53]
 [57]
 [45]
 [49]] 
------------------------ Dataset: Vnc ------------------------
shape: (27, 1), dtype: uint16
Data:[[54]
 [50]
 [56]
 [48]
 [46]
 [55]
 [57]
 [54]
 [51]
 [54]
 [50]
 [45]
 [48]
 [32]
 [54]
 [50]
 [56]
 [48]
 [46]
 [55]
 [57]
 [56]
 [54]
 [50]
 [56]
 [45]
 [49]] 
------------------------ Dataset: Vnd ------------------------
shape: (33, 1), dtype: uint16
Data:[[54]
 [50]
 [57]
 [54]
 [46]
 [53]
 [56]
 [48]
 [49]
 [52]
 [56]
 [57]
 [57]
 [57]
 [57]
 [57]
 [57]
 [45]
 [48]
 [32]
 [54]
 [50]
 [57]
 [54]
 [46]
 [53]
 [55]
 [52]
 [52]
 [57]
 [50]
 [45]
 [49]] 
------------------------ Dataset: Vne ------------------------
shape: (27, 1), dtype: uint16
Data:[[54]
 [51]
 [49]
 [50]
 [46]
 [52]
 [49]
 [55]
 [57]
 [54]
 [57]
 [45]
 [48]
 [32]
 [54]
 [51]
 [49]
 [50]
 [46]
 [52]
 [50]
 [49]
 [56]
 [55]
 [56]
 [45]
 [49]] 
------------------------ Dataset: Vnf ------------------------
shape: (31, 1), dtype: uint16
Data:[[54]
 [51]
 [50]
 [56]
 [46]
 [50]
 [57]
 [55]
 [56]
 [53]
 [56]
 [57]
 [57]
 [57]
 [57]
 [57]
 [57]
 [45]
 [48]
 [32]
 [54]
 [51]
 [50]
 [56]
 [46]
 [50]
 [57]
 [51]
 [57]
 [45]
 [49]] 
------------------------ Dataset: Vng ------------------------
shape: (13, 1), dtype: uint16
Data:[[54]
 [51]
 [52]
 [52]
 [46]
 [49]
 [49]
 [56]
 [48]
 [51]
 [49]
 [45]
 [49]] 
------------------------ Dataset: Vnh ------------------------
shape: (41, 1), dtype: uint16
Data:[[54]
 [53]
 [48]
 [57]
 [46]
 [50]
 [49]
 [52]
 [53]
 [50]
 [55]
 [57]
 [57]
 [57]
 [57]
 [57]
 [57]
 [53]
 [45]
 [48]
 [32]
 [54]
 [53]
 [48]
 [57]
 [46]
 [50]
 [49]
 [55]
 [57]
 [57]
 [56]
 [57]
 [57]
 [57]
 [57]
 [57]
 [57]
 [53]
 [45]
 [49]] 
------------------------ Dataset: Vni ------------------------
shape: (27, 1), dtype: uint16
Data:[[54]
 [53]
 [50]
 [53]
 [46]
 [48]
 [50]
 [50]
 [49]
 [51]
 [49]
 [45]
 [48]
 [32]
 [54]
 [53]
 [50]
 [53]
 [46]
 [48]
 [50]
 [54]
 [49]
 [57]
 [56]
 [45]
 [49]] 
------------------------ Dataset: Vnj ------------------------
shape: (27, 1), dtype: uint16
Data:[[54]
 [48]
 [50]
 [48]
 [46]
 [54]
 [49]
 [56]
 [48]
 [56]
 [52]
 [45]
 [48]
 [32]
 [54]
 [48]
 [50]
 [48]
 [46]
 [54]
 [50]
 [49]
 [55]
 [50]
 [55]
 [45]
 [49]] 
------------------------ Dataset: Vnk ------------------------
shape: (33, 1), dtype: uint16
Data:[[54]
 [48]
 [51]
 [54]
 [46]
 [52]
 [49]
 [48]
 [57]
 [50]
 [52]
 [57]
 [57]
 [57]
 [57]
 [57]
 [57]
 [45]
 [48]
 [32]
 [54]
 [48]
 [51]
 [54]
 [46]
 [52]
 [49]
 [52]
 [57]
 [53]
 [49]
 [45]
 [49]] 
------------------------ Dataset: Vnl ------------------------
shape: (27, 1), dtype: uint16
Data:[[54]
 [48]
 [53]
 [50]
 [46]
 [48]
 [49]
 [51]
 [55]
 [54]
 [56]
 [45]
 [48]
 [32]
 [54]
 [48]
 [53]
 [50]
 [46]
 [48]
 [49]
 [49]
 [48]
 [52]
 [57]
 [45]
 [49]] 
------------------------ Dataset: Vnm ------------------------
shape: (33, 1), dtype: uint16
Data:[[54]
 [48]
 [54]
 [55]
 [46]
 [57]
 [49]
 [55]
 [56]
 [49]
 [51]
 [45]
 [48]
 [32]
 [54]
 [48]
 [54]
 [55]
 [46]
 [57]
 [49]
 [51]
 [56]
 [55]
 [52]
 [57]
 [57]
 [57]
 [57]
 [57]
 [57]
 [45]
 [49]] 
------------------------ Dataset: Vnn ------------------------
shape: (34, 1), dtype: uint16
Data:[[54]
 [48]
 [56]
 [51]
 [46]
 [56]
 [54]
 [57]
 [55]
 [56]
 [51]
 [57]
 [57]
 [57]
 [57]
 [57]
 [57]
 [53]
 [45]
 [48]
 [32]
 [54]
 [48]
 [56]
 [51]
 [46]
 [56]
 [54]
 [53]
 [55]
 [56]
 [52]
 [45]
 [49]] 
------------------------ Dataset: Vno ------------------------
shape: (33, 1), dtype: uint16
Data:[[53]
 [54]
 [52]
 [52]
 [46]
 [53]
 [52]
 [54]
 [48]
 [55]
 [52]
 [57]
 [57]
 [57]
 [57]
 [57]
 [57]
 [45]
 [48]
 [32]
 [53]
 [54]
 [52]
 [52]
 [46]
 [53]
 [52]
 [54]
 [48]
 [54]
 [56]
 [45]
 [49]] 
------------------------ Dataset: Vnp ------------------------
shape: (26, 1), dtype: uint16
Data:[[53]
 [54]
 [54]
 [48]
 [46]
 [50]
 [57]
 [51]
 [53]
 [51]
 [45]
 [48]
 [32]
 [53]
 [54]
 [54]
 [48]
 [46]
 [50]
 [57]
 [56]
 [55]
 [52]
 [49]
 [45]
 [49]] 
------------------------ Dataset: Vnq ------------------------
shape: (27, 1), dtype: uint16
Data:[[53]
 [54]
 [55]
 [53]
 [46]
 [57]
 [57]
 [51]
 [53]
 [53]
 [56]
 [45]
 [48]
 [32]
 [53]
 [54]
 [55]
 [53]
 [46]
 [57]
 [56]
 [53]
 [54]
 [50]
 [49]
 [45]
 [49]] 
------------------------ Dataset: Vnr ------------------------
shape: (25, 1), dtype: uint16
Data:[[53]
 [54]
 [57]
 [49]
 [46]
 [55]
 [55]
 [55]
 [54]
 [51]
 [45]
 [48]
 [32]
 [53]
 [54]
 [57]
 [49]
 [46]
 [55]
 [55]
 [51]
 [54]
 [55]
 [45]
 [49]] 
------------------------ Dataset: Vns ------------------------
shape: (40, 1), dtype: uint16
Data:[[54]
 [52]
 [49]
 [53]
 [46]
 [48]
 [53]
 [56]
 [48]
 [52]
 [54]
 [57]
 [57]
 [57]
 [57]
 [57]
 [57]
 [53]
 [45]
 [48]
 [32]
 [54]
 [52]
 [49]
 [53]
 [46]
 [48]
 [53]
 [52]
 [48]
 [49]
 [51]
 [57]
 [57]
 [57]
 [57]
 [57]
 [57]
 [45]
 [49]] 
------------------------ Dataset: Vnt ------------------------
shape: (26, 1), dtype: uint16
Data:[[54]
 [54]
 [48]
 [55]
 [46]
 [49]
 [50]
 [50]
 [48]
 [54]
 [45]
 [48]
 [32]
 [54]
 [54]
 [48]
 [55]
 [46]
 [49]
 [50]
 [50]
 [48]
 [53]
 [56]
 [45]
 [49]] 
------------------------ Dataset: Vnu ------------------------
shape: (34, 1), dtype: uint16
Data:[[54]
 [54]
 [50]
 [51]
 [46]
 [48]
 [56]
 [51]
 [49]
 [50]
 [57]
 [45]
 [48]
 [32]
 [54]
 [54]
 [50]
 [51]
 [46]
 [48]
 [56]
 [56]
 [49]
 [51]
 [48]
 [57]
 [57]
 [57]
 [57]
 [57]
 [57]
 [53]
 [45]
 [49]] 
------------------------ Dataset: Vnv ------------------------
shape: (33, 1), dtype: uint16
Data:[[54]
 [54]
 [51]
 [56]
 [46]
 [57]
 [50]
 [52]
 [51]
 [51]
 [51]
 [57]
 [57]
 [57]
 [57]
 [57]
 [57]
 [45]
 [48]
 [32]
 [54]
 [54]
 [51]
 [56]
 [46]
 [57]
 [50]
 [52]
 [50]
 [55]
 [52]
 [45]
 [49]] 
------------------------ Dataset: Vnw ------------------------
shape: (40, 1), dtype: uint16
Data:[[54]
 [54]
 [53]
 [52]
 [46]
 [53]
 [50]
 [50]
 [48]
 [57]
 [55]
 [57]
 [57]
 [57]
 [57]
 [57]
 [57]
 [53]
 [45]
 [48]
 [32]
 [54]
 [54]
 [53]
 [52]
 [46]
 [53]
 [50]
 [54]
 [49]
 [56]
 [56]
 [57]
 [57]
 [57]
 [57]
 [57]
 [57]
 [45]
 [49]] 
------------------------ Dataset: Vnx ------------------------
shape: (27, 1), dtype: uint16
Data:[[54]
 [54]
 [55]
 [48]
 [46]
 [52]
 [50]
 [54]
 [48]
 [55]
 [54]
 [45]
 [48]
 [32]
 [54]
 [54]
 [55]
 [48]
 [46]
 [52]
 [51]
 [48]
 [50]
 [56]
 [56]
 [45]
 [49]] 
------------------------ Dataset: Vny ------------------------
shape: (27, 1), dtype: uint16
Data:[[54]
 [54]
 [56]
 [54]
 [46]
 [51]
 [51]
 [56]
 [49]
 [55]
 [53]
 [45]
 [48]
 [32]
 [54]
 [54]
 [56]
 [54]
 [46]
 [51]
 [51]
 [52]
 [49]
 [49]
 [50]
 [45]
 [49]] 
------------------------ Dataset: Vnz ------------------------
shape: (33, 1), dtype: uint16
Data:[[53]
 [57]
 [48]
 [52]
 [46]
 [50]
 [53]
 [53]
 [51]
 [50]
 [50]
 [57]
 [57]
 [57]
 [57]
 [57]
 [57]
 [45]
 [48]
 [32]
 [53]
 [57]
 [48]
 [52]
 [46]
 [50]
 [53]
 [48]
 [54]
 [49]
 [53]
 [45]
 [49]] 
------------------------ Dataset: Vo ------------------------
