shape: (1, 6), dtype: uint32
Data:[[3707764736          2          1          1        215          1]] 
------------------------ Dataset: Jdb ------------------------
shape: (26, 1), dtype: uint16
Data:[[54]
 [55]
 [54]
 [53]
 [46]
 [52]
 [49]
 [54]
 [53]
 [54]
 [45]
 [48]
 [32]
 [54]
 [55]
 [54]
 [53]
 [46]
 [52]
 [50]
 [50]
 [51]
 [50]
 [52]
 [45]
 [49]] 
------------------------ Dataset: Jdc ------------------------
shape: (40, 1), dtype: uint16
Data:[[54]
 [55]
 [56]
 [49]
 [46]
 [50]
 [54]
 [50]
 [50]
 [49]
 [54]
 [57]
 [57]
 [57]
 [57]
 [57]
 [57]
 [53]
 [45]
 [48]
 [32]
 [54]
 [55]
 [56]
 [49]
 [46]
 [50]
 [53]
 [56]
 [50]
 [49]
 [53]
 [57]
 [57]
 [57]
 [57]
 [57]
 [57]
 [45]
 [49]] 
------------------------ Dataset: Jdd ------------------------
shape: (33, 1), dtype: uint16
Data:[[54]
 [50]
 [57]
 [52]
 [46]
 [48]
 [49]
 [56]
 [57]
 [57]
 [45]
 [48]
 [32]
 [54]
 [50]
 [57]
 [52]
 [46]
 [48]
 [49]
 [53]
 [51]
 [51]
 [53]
 [57]
 [57]
 [57]
 [57]
 [57]
 [57]
 [53]
 [45]
 [49]] 
------------------------ Dataset: Jde ------------------------
shape: (33, 1), dtype: uint16
Data:[[54]
 [51]
 [48]
 [57]
 [46]
 [56]
 [51]
 [55]
 [57]
 [48]
 [52]
 [57]
 [57]
 [57]
 [57]
 [57]
 [57]
 [45]
 [48]
 [32]
 [54]
 [51]
 [48]
 [57]
 [46]
 [56]
 [51]
 [55]
 [54]
 [56]
 [57]
 [45]
 [49]] 
------------------------ Dataset: Jdf ------------------------
shape: (26, 1), dtype: uint16
Data:[[54]
 [51]
 [50]
 [53]
 [46]
 [54]
 [55]
 [48]
 [55]
 [51]
 [45]
 [48]
 [32]
 [54]
 [51]
 [50]
 [53]
 [46]
 [54]
 [54]
 [49]
 [56]
 [55]
 [55]
 [45]
 [49]] 
------------------------ Dataset: Jdg ------------------------
shape: (34, 1), dtype: uint16
Data:[[54]
 [51]
 [52]
 [49]
 [46]
 [53]
 [49]
 [55]
 [56]
 [50]
 [55]
 [45]
 [48]
 [32]
 [54]
 [51]
 [52]
 [49]
 [46]
 [53]
 [48]
 [57]
 [56]
 [52]
 [49]
 [57]
 [57]
 [57]
 [57]
 [57]
 [57]
 [53]
 [45]
 [49]] 
------------------------ Dataset: Jdh ------------------------
shape: (33, 1), dtype: uint16
Data:[[54]
 [53]
 [48]
 [54]
 [46]
 [54]
 [49]
 [52]
 [48]
 [48]
 [57]
 [57]
 [57]
 [57]
 [57]
 [57]
 [57]
 [45]
 [48]
 [32]
 [54]
 [53]
 [48]
 [54]
 [46]
 [54]
 [50]
 [55]
 [48]
 [56]
 [50]
 [45]
 [49]] 
------------------------ Dataset: Jdi ------------------------
shape: (33, 1), dtype: uint16
Data:[[54]
 [53]
 [50]
 [50]
 [46]
 [52]
 [51]
 [56]
 [48]
 [54]
 [55]
 [45]
 [48]
 [32]
 [54]
 [53]
 [50]
 [50]
 [46]
 [52]
 [51]
 [52]
 [48]
 [54]
 [57]
 [57]
 [57]
 [57]
 [57]
 [57]
 [57]
 [45]
 [49]] 
------------------------ Dataset: Jdj ------------------------
shape: (39, 1), dtype: uint16
Data:[[54]
 [48]
 [49]
 [56]
 [46]
 [48]
 [48]
 [57]
 [55]
 [48]
 [54]
 [57]
 [57]
 [57]
 [57]
 [57]
 [57]
 [45]
 [48]
 [32]
 [54]
 [48]
 [49]
 [56]
 [46]
 [48]
 [48]
 [53]
 [56]
 [49]
 [49]
 [57]
 [57]
 [57]
 [57]
 [57]
 [57]
 [45]
 [49]] 
------------------------ Dataset: Jdk ------------------------
shape: (27, 1), dtype: uint16
Data:[[54]
 [48]
 [51]
 [51]
 [46]
 [56]
 [49]
 [55]
 [55]
 [54]
 [56]
 [45]
 [48]
 [32]
 [54]
 [48]
 [51]
 [51]
 [46]
 [56]
 [49]
 [51]
 [56]
 [57]
 [50]
 [45]
 [49]] 
------------------------ Dataset: Jdl ------------------------
shape: (34, 1), dtype: uint16
Data:[[54]
 [48]
 [52]
 [57]
 [46]
 [52]
 [50]
 [57]
 [55]
 [55]
 [49]
 [57]
 [57]
 [57]
 [57]
 [57]
 [57]
 [53]
 [45]
 [48]
 [32]
 [54]
 [48]
 [52]
 [57]
 [46]
 [52]
 [50]
 [49]
 [55]
 [54]
 [55]
 [45]
 [49]] 
------------------------ Dataset: Jdm ------------------------
shape: (33, 1), dtype: uint16
Data:[[54]
 [48]
 [54]
 [53]
 [46]
 [51]
 [49]
 [54]
 [50]
 [51]
 [50]
 [45]
 [48]
 [32]
 [54]
 [48]
 [54]
 [53]
 [46]
 [51]
 [49]
 [54]
 [49]
 [57]
 [49]
 [57]
 [57]
 [57]
 [57]
 [57]
 [57]
 [45]
 [49]] 
------------------------ Dataset: Jdn ------------------------
shape: (33, 1), dtype: uint16
Data:[[54]
 [48]
 [56]
 [49]
 [46]
 [50]
 [52]
 [55]
 [51]
 [55]
 [45]
 [48]
 [32]
 [54]
 [48]
 [56]
 [49]
 [46]
 [50]
 [52]
 [55]
 [52]
 [57]
 [49]
 [57]
 [57]
 [57]
 [57]
 [57]
 [57]
 [53]
 [45]
 [49]] 
------------------------ Dataset: Jdo ------------------------
shape: (27, 1), dtype: uint16
Data:[[53]
 [54]
 [52]
 [49]
 [46]
 [57]
 [54]
 [57]
 [53]
 [57]
 [54]
 [45]
 [48]
 [32]
 [53]
 [54]
 [52]
 [49]
 [46]
 [57]
 [54]
 [53]
 [54]
 [50]
 [56]
 [45]
 [49]] 
------------------------ Dataset: Jdp ------------------------
shape: (27, 1), dtype: uint16
Data:[[53]
 [54]
 [53]
 [55]
 [46]
 [55]
 [48]
 [50]
 [49]
 [48]
 [55]
 [45]
 [48]
 [32]
 [53]
 [54]
 [53]
 [55]
 [46]
 [55]
 [48]
 [50]
 [49]
 [48]
 [55]
 [45]
 [49]] 
------------------------ Dataset: Jdq ------------------------
shape: (27, 1), dtype: uint16
Data:[[53]
 [54]
 [55]
 [51]
 [46]
 [52]
 [50]
 [49]
 [53]
 [54]
 [57]
 [45]
 [48]
 [32]
 [53]
 [54]
 [55]
 [51]
 [46]
 [52]
 [50]
 [53]
 [55]
 [55]
 [54]
 [45]
 [49]] 
------------------------ Dataset: Jdr ------------------------
shape: (32, 1), dtype: uint16
Data:[[53]
 [54]
 [56]
 [57]
 [46]
 [49]
 [56]
 [49]
 [53]
 [56]
 [52]
 [57]
 [57]
 [57]
 [57]
 [57]
 [57]
 [45]
 [48]
 [32]
 [53]
 [54]
 [56]
 [57]
 [46]
 [49]
 [55]
 [55]
 [53]
 [55]
 [45]
 [49]] 
------------------------ Dataset: Jds ------------------------
shape: (13, 1), dtype: uint16
Data:[[53]
 [56]
 [49]
 [53]
 [46]
 [52]
 [52]
 [53]
 [56]
 [53]
 [50]
 [45]
 [48]] 
------------------------ Dataset: Jdt ------------------------
shape: (19, 1), dtype: uint16
Data:[[54]
 [54]
 [48]
 [52]
 [46]
 [53]
 [51]
 [49]
 [51]
 [48]
 [57]
 [57]
 [57]
 [57]
 [57]
 [57]
 [57]
 [45]
 [48]] 
------------------------ Dataset: Jdu ------------------------
shape: (33, 1), dtype: uint16
Data:[[54]
 [54]
 [50]
 [48]
 [46]
 [52]
 [56]
 [54]
 [48]
 [49]
 [57]
 [45]
 [48]
 [32]
 [54]
 [54]
 [50]
 [48]
 [46]
 [52]
 [56]
 [57]
 [57]
 [57]
 [50]
 [57]
 [57]
 [57]
 [57]
 [57]
 [57]
 [45]
 [49]] 
------------------------ Dataset: Jdv ------------------------
shape: (26, 1), dtype: uint16
Data:[[54]
 [54]
 [51]
 [54]
 [46]
 [51]
 [52]
 [50]
 [48]
 [54]
 [51]
 [45]
 [48]
 [32]
 [54]
 [54]
 [51]
 [54]
 [46]
 [51]
 [53]
 [52]
 [48]
 [54]
 [45]
 [49]] 
------------------------ Dataset: Jdw ------------------------
shape: (27, 1), dtype: uint16
Data:[[54]
 [54]
 [53]
 [49]
 [46]
 [57]
 [51]
 [56]
 [50]
 [57]
 [55]
 [45]
 [48]
 [32]
 [54]
 [54]
 [53]
 [49]
 [46]
 [57]
 [52]
 [50]
 [49]
 [55]
 [57]
 [45]
 [49]] 
------------------------ Dataset: Jdx ------------------------
shape: (27, 1), dtype: uint16
Data:[[54]
 [54]
 [54]
 [55]
 [46]
 [55]
 [57]
 [52]
 [52]
 [56]
 [51]
 [45]
 [48]
 [32]
 [54]
 [54]
 [54]
 [55]
 [46]
 [55]
 [57]
 [49]
 [51]
 [57]
 [50]
 [45]
 [49]] 
------------------------ Dataset: Jdy ------------------------
shape: (33, 1), dtype: uint16
Data:[[54]
 [54]
 [56]
 [51]
 [46]
 [55]
 [49]
 [52]
 [48]
 [51]
 [50]
 [57]
 [57]
 [57]
 [57]
 [57]
 [57]
 [45]
 [48]
 [32]
 [54]
 [54]
 [56]
 [51]
 [46]
 [55]
 [49]
 [57]
 [51]
 [52]
 [52]
 [45]
 [49]] 
------------------------ Dataset: Jdz ------------------------
shape: (13, 1), dtype: uint16
Data:[[53]
 [57]
 [48]
 [49]
 [46]
 [54]
 [51]
 [53]
 [49]
 [52]
 [54]
 [45]
 [48]] 
------------------------ Dataset: Je ------------------------
