shape: (1, 6), dtype: uint32
Data:[[3707764736          2          1          1       1821          1]] 
------------------------ Dataset: hEb ------------------------
shape: (33, 1), dtype: uint16
Data:[[54]
 [55]
 [55]
 [50]
 [46]
 [49]
 [56]
 [54]
 [49]
 [54]
 [55]
 [45]
 [48]
 [32]
 [54]
 [55]
 [55]
 [50]
 [46]
 [49]
 [57]
 [48]
 [50]
 [52]
 [51]
 [57]
 [57]
 [57]
 [57]
 [57]
 [57]
 [45]
 [49]] 
------------------------ Dataset: hEc ------------------------
shape: (33, 1), dtype: uint16
Data:[[54]
 [50]
 [56]
 [52]
 [46]
 [57]
 [54]
 [55]
 [54]
 [49]
 [54]
 [57]
 [57]
 [57]
 [57]
 [57]
 [57]
 [45]
 [48]
 [32]
 [54]
 [50]
 [56]
 [52]
 [46]
 [57]
 [55]
 [48]
 [49]
 [52]
 [51]
 [45]
 [49]] 
------------------------ Dataset: hEd ------------------------
shape: (33, 1), dtype: uint16
Data:[[54]
 [51]
 [48]
 [48]
 [46]
 [55]
 [52]
 [49]
 [57]
 [52]
 [51]
 [45]
 [48]
 [32]
 [54]
 [51]
 [48]
 [48]
 [46]
 [55]
 [51]
 [56]
 [48]
 [50]
 [51]
 [57]
 [57]
 [57]
 [57]
 [57]
 [57]
 [45]
 [49]] 
------------------------ Dataset: hEe ------------------------
shape: (33, 1), dtype: uint16
Data:[[54]
 [51]
 [49]
 [54]
 [46]
 [54]
 [48]
 [54]
 [48]
 [50]
 [52]
 [45]
 [48]
 [32]
 [54]
 [51]
 [49]
 [54]
 [46]
 [54]
 [48]
 [50]
 [48]
 [53]
 [49]
 [57]
 [57]
 [57]
 [57]
 [57]
 [57]
 [45]
 [49]] 
------------------------ Dataset: hEf ------------------------
shape: (39, 1), dtype: uint16
Data:[[54]
 [51]
 [51]
 [50]
 [46]
 [52]
 [52]
 [54]
 [48]
 [49]
 [49]
 [57]
 [57]
 [57]
 [57]
 [57]
 [57]
 [45]
 [48]
 [32]
 [54]
 [51]
 [51]
 [50]
 [46]
 [52]
 [53]
 [51]
 [50]
 [55]
 [56]
 [57]
 [57]
 [57]
 [57]
 [57]
 [57]
 [45]
 [49]] 
------------------------ Dataset: hEg ------------------------
shape: (33, 1), dtype: uint16
Data:[[54]
 [52]
 [57]
 [55]
 [46]
 [53]
 [56]
 [53]
 [57]
 [57]
 [54]
 [57]
 [57]
 [57]
 [57]
 [57]
 [57]
 [45]
 [48]
 [32]
 [54]
 [52]
 [57]
 [55]
 [46]
 [53]
 [57]
 [48]
 [48]
 [50]
 [51]
 [45]
 [49]] 
------------------------ Dataset: hEh ------------------------
shape: (19, 1), dtype: uint16
Data:[[54]
 [53]
 [49]
 [51]
 [46]
 [51]
 [57]
 [56]
 [49]
 [49]
 [53]
 [57]
 [57]
 [57]
 [57]
 [57]
 [57]
 [45]
 [49]] 
------------------------ Dataset: hEi ------------------------
shape: (26, 1), dtype: uint16
Data:[[54]
 [53]
 [50]
 [57]
 [46]
 [50]
 [48]
 [57]
 [57]
 [52]
 [45]
 [48]
 [32]
 [54]
 [53]
 [50]
 [57]
 [46]
 [50]
 [48]
 [54]
 [48]
 [49]
 [56]
 [45]
 [49]] 
------------------------ Dataset: hEj ------------------------
shape: (27, 1), dtype: uint16
Data:[[54]
 [48]
 [50]
 [52]
 [46]
 [55]
 [54]
 [54]
 [55]
 [48]
 [52]
 [45]
 [48]
 [32]
 [54]
 [48]
 [50]
 [52]
 [46]
 [55]
 [54]
 [57]
 [55]
 [56]
 [54]
 [45]
 [49]] 
------------------------ Dataset: hEk ------------------------
shape: (27, 1), dtype: uint16
Data:[[54]
 [48]
 [52]
 [48]
 [46]
 [53]
 [49]
 [51]
 [55]
 [57]
 [50]
 [45]
 [48]
 [32]
 [54]
 [48]
 [52]
 [48]
 [46]
 [53]
 [48]
 [57]
 [56]
 [52]
 [51]
 [45]
 [49]] 
------------------------ Dataset: hEl ------------------------
shape: (39, 1), dtype: uint16
Data:[[54]
 [48]
 [53]
 [54]
 [46]
 [50]
 [48]
 [49]
 [55]
 [54]
 [56]
 [57]
 [57]
 [57]
 [57]
 [57]
 [57]
 [45]
 [48]
 [32]
 [54]
 [48]
 [53]
 [54]
 [46]
 [49]
 [57]
 [55]
 [55]
 [54]
 [56]
 [57]
 [57]
 [57]
 [57]
 [57]
 [57]
 [45]
 [49]] 
------------------------ Dataset: hEm ------------------------
shape: (27, 1), dtype: uint16
Data:[[54]
 [48]
 [55]
 [50]
 [46]
 [49]
 [50]
 [49]
 [55]
 [53]
 [52]
 [45]
 [48]
 [32]
 [54]
 [48]
 [55]
 [50]
 [46]
 [49]
 [49]
 [55]
 [55]
 [53]
 [54]
 [45]
 [49]] 
------------------------ Dataset: hEn ------------------------
shape: (33, 1), dtype: uint16
Data:[[53]
 [54]
 [51]
 [51]
 [46]
 [48]
 [48]
 [53]
 [53]
 [48]
 [57]
 [45]
 [48]
 [32]
 [53]
 [54]
 [51]
 [51]
 [46]
 [48]
 [48]
 [49]
 [55]
 [48]
 [51]
 [57]
 [57]
 [57]
 [57]
 [57]
 [57]
 [45]
 [49]] 
------------------------ Dataset: hEo ------------------------
shape: (41, 1), dtype: uint16
Data:[[53]
 [54]
 [52]
 [56]
 [46]
 [54]
 [55]
 [51]
 [54]
 [48]
 [48]
 [57]
 [57]
 [57]
 [57]
 [57]
 [57]
 [53]
 [45]
 [48]
 [32]
 [53]
 [54]
 [52]
 [56]
 [46]
 [54]
 [55]
 [55]
 [56]
 [56]
 [53]
 [57]
 [57]
 [57]
 [57]
 [57]
 [57]
 [53]
 [45]
 [49]] 
------------------------ Dataset: hEp ------------------------
shape: (34, 1), dtype: uint16
Data:[[53]
 [54]
 [54]
 [52]
 [46]
 [52]
 [48]
 [57]
 [53]
 [52]
 [52]
 [57]
 [57]
 [57]
 [57]
 [57]
 [57]
 [53]
 [45]
 [48]
 [32]
 [53]
 [54]
 [54]
 [52]
 [46]
 [52]
 [49]
 [51]
 [53]
 [55]
 [56]
 [45]
 [49]] 
------------------------ Dataset: hEq ------------------------
shape: (39, 1), dtype: uint16
Data:[[53]
 [54]
 [56]
 [48]
 [46]
 [49]
 [52]
 [57]
 [55]
 [52]
 [51]
 [57]
 [57]
 [57]
 [57]
 [57]
 [57]
 [45]
 [48]
 [32]
 [53]
 [54]
 [56]
 [48]
 [46]
 [49]
 [53]
 [55]
 [55]
 [56]
 [49]
 [57]
 [57]
 [57]
 [57]
 [57]
 [57]
 [45]
 [49]] 
------------------------ Dataset: hEr ------------------------
shape: (27, 1), dtype: uint16
Data:[[53]
 [56]
 [48]
 [54]
 [46]
 [52]
 [53]
 [55]
 [54]
 [57]
 [50]
 [45]
 [48]
 [32]
 [53]
 [56]
 [48]
 [54]
 [46]
 [52]
 [53]
 [51]
 [56]
 [51]
 [57]
 [45]
 [49]] 
------------------------ Dataset: hEs ------------------------
shape: (27, 1), dtype: uint16
Data:[[54]
 [52]
 [49]
 [57]
 [46]
 [50]
 [52]
 [54]
 [54]
 [57]
 [56]
 [45]
 [48]
 [32]
 [54]
 [52]
 [49]
 [57]
 [46]
 [50]
 [52]
 [53]
 [57]
 [49]
 [56]
 [45]
 [49]] 
------------------------ Dataset: hEt ------------------------
shape: (33, 1), dtype: uint16
Data:[[54]
 [54]
 [49]
 [49]
 [46]
 [51]
 [51]
 [52]
 [48]
 [55]
 [53]
 [45]
 [48]
 [32]
 [54]
 [54]
 [49]
 [49]
 [46]
 [51]
 [51]
 [52]
 [49]
 [48]
 [50]
 [57]
 [57]
 [57]
 [57]
 [57]
 [57]
 [45]
 [49]] 
------------------------ Dataset: hEu ------------------------
shape: (27, 1), dtype: uint16
Data:[[54]
 [54]
 [50]
 [55]
 [46]
 [50]
 [53]
 [48]
 [50]
 [49]
 [52]
 [45]
 [48]
 [32]
 [54]
 [54]
 [50]
 [55]
 [46]
 [50]
 [51]
 [56]
 [49]
 [57]
 [56]
 [45]
 [49]] 
------------------------ Dataset: hEv ------------------------
shape: (26, 1), dtype: uint16
Data:[[54]
 [54]
 [52]
 [51]
 [46]
 [48]
 [49]
 [52]
 [50]
 [53]
 [49]
 [45]
 [48]
 [32]
 [54]
 [54]
 [52]
 [51]
 [46]
 [48]
 [49]
 [48]
 [50]
 [55]
 [45]
 [49]] 
------------------------ Dataset: hEw ------------------------
shape: (33, 1), dtype: uint16
Data:[[54]
 [54]
 [53]
 [56]
 [46]
 [55]
 [52]
 [50]
 [50]
 [49]
 [52]
 [45]
 [48]
 [32]
 [54]
 [54]
 [53]
 [56]
 [46]
 [55]
 [51]
 [57]
 [52]
 [53]
 [50]
 [57]
 [57]
 [57]
 [57]
 [57]
 [57]
 [45]
 [49]] 
------------------------ Dataset: hEx ------------------------
shape: (33, 1), dtype: uint16
Data:[[54]
 [54]
 [55]
 [52]
 [46]
 [54]
 [48]
 [54]
 [49]
 [50]
 [49]
 [57]
 [57]
 [57]
 [57]
 [57]
 [57]
 [45]
 [48]
 [32]
 [54]
 [54]
 [55]
 [52]
 [46]
 [54]
 [49]
 [48]
 [49]
 [55]
 [51]
 [45]
 [49]] 
------------------------ Dataset: hEy ------------------------
shape: (26, 1), dtype: uint16
Data:[[54]
 [54]
 [57]
 [48]
 [46]
 [53]
 [49]
 [56]
 [48]
 [53]
 [57]
 [45]
 [48]
 [32]
 [54]
 [54]
 [57]
 [48]
 [46]
 [53]
 [50]
 [51]
 [51]
 [55]
 [45]
 [49]] 
------------------------ Dataset: hEz ------------------------
shape: (26, 1), dtype: uint16
Data:[[53]
 [57]
 [48]
 [56]
 [46]
 [52]
 [50]
 [51]
 [57]
 [50]
 [55]
 [45]
 [48]
 [32]
 [53]
 [57]
 [48]
 [56]
 [46]
 [52]
 [50]
 [49]
 [55]
 [49]
 [45]
 [49]] 
------------------------ Dataset: hF ------------------------
