shape: (1, 6), dtype: uint32
Data:[[3707764736          2          1          1       1909          1]] 
------------------------ Dataset: JFb ------------------------
shape: (39, 1), dtype: uint16
Data:[[54]
 [55]
 [55]
 [50]
 [46]
 [53]
 [53]
 [52]
 [49]
 [54]
 [49]
 [57]
 [57]
 [57]
 [57]
 [57]
 [57]
 [45]
 [48]
 [32]
 [54]
 [55]
 [55]
 [50]
 [46]
 [53]
 [53]
 [56]
 [49]
 [53]
 [51]
 [57]
 [57]
 [57]
 [57]
 [57]
 [57]
 [45]
 [49]] 
------------------------ Dataset: JFc ------------------------
shape: (34, 1), dtype: uint16
Data:[[54]
 [50]
 [56]
 [53]
 [46]
 [51]
 [54]
 [50]
 [52]
 [53]
 [57]
 [45]
 [48]
 [32]
 [54]
 [50]
 [56]
 [53]
 [46]
 [51]
 [53]
 [54]
 [52]
 [50]
 [48]
 [57]
 [57]
 [57]
 [57]
 [57]
 [57]
 [53]
 [45]
 [49]] 
------------------------ Dataset: JFd ------------------------
shape: (27, 1), dtype: uint16
Data:[[54]
 [51]
 [48]
 [49]
 [46]
 [49]
 [49]
 [51]
 [56]
 [51]
 [55]
 [45]
 [48]
 [32]
 [54]
 [51]
 [48]
 [49]
 [46]
 [49]
 [49]
 [55]
 [57]
 [57]
 [54]
 [45]
 [49]] 
------------------------ Dataset: JFe ------------------------
shape: (33, 1), dtype: uint16
Data:[[54]
 [51]
 [49]
 [54]
 [46]
 [57]
 [56]
 [54]
 [48]
 [48]
 [53]
 [45]
 [48]
 [32]
 [54]
 [51]
 [49]
 [54]
 [46]
 [57]
 [57]
 [49]
 [49]
 [52]
 [50]
 [57]
 [57]
 [57]
 [57]
 [57]
 [57]
 [45]
 [49]] 
------------------------ Dataset: JFf ------------------------
shape: (27, 1), dtype: uint16
Data:[[54]
 [51]
 [51]
 [50]
 [46]
 [56]
 [48]
 [57]
 [56]
 [55]
 [55]
 [45]
 [48]
 [32]
 [54]
 [51]
 [51]
 [50]
 [46]
 [56]
 [49]
 [51]
 [57]
 [54]
 [49]
 [45]
 [49]] 
------------------------ Dataset: JFg ------------------------
shape: (34, 1), dtype: uint16
Data:[[54]
 [52]
 [57]
 [55]
 [46]
 [57]
 [53]
 [56]
 [49]
 [48]
 [54]
 [57]
 [57]
 [57]
 [57]
 [57]
 [57]
 [53]
 [45]
 [48]
 [32]
 [54]
 [52]
 [57]
 [55]
 [46]
 [57]
 [54]
 [49]
 [57]
 [57]
 [53]
 [45]
 [49]] 
------------------------ Dataset: JFh ------------------------
shape: (27, 1), dtype: uint16
Data:[[54]
 [53]
 [49]
 [51]
 [46]
 [55]
 [55]
 [52]
 [50]
 [48]
 [54]
 [45]
 [48]
 [32]
 [54]
 [53]
 [49]
 [51]
 [46]
 [55]
 [55]
 [48]
 [51]
 [55]
 [52]
 [45]
 [49]] 
------------------------ Dataset: JFi ------------------------
shape: (33, 1), dtype: uint16
Data:[[54]
 [53]
 [50]
 [57]
 [46]
 [53]
 [55]
 [52]
 [50]
 [52]
 [48]
 [57]
 [57]
 [57]
 [57]
 [57]
 [57]
 [45]
 [48]
 [32]
 [54]
 [53]
 [50]
 [57]
 [46]
 [53]
 [55]
 [56]
 [50]
 [53]
 [55]
 [45]
 [49]] 
------------------------ Dataset: JFj ------------------------
shape: (27, 1), dtype: uint16
Data:[[54]
 [48]
 [50]
 [53]
 [46]
 [49]
 [51]
 [54]
 [48]
 [54]
 [51]
 [45]
 [48]
 [32]
 [54]
 [48]
 [50]
 [53]
 [46]
 [49]
 [51]
 [53]
 [57]
 [48]
 [49]
 [45]
 [49]] 
------------------------ Dataset: JFk ------------------------
shape: (33, 1), dtype: uint16
Data:[[54]
 [48]
 [52]
 [48]
 [46]
 [56]
 [55]
 [53]
 [50]
 [54]
 [51]
 [57]
 [57]
 [57]
 [57]
 [57]
 [57]
 [45]
 [48]
 [32]
 [54]
 [48]
 [52]
 [48]
 [46]
 [56]
 [56]
 [49]
 [56]
 [51]
 [57]
 [45]
 [49]] 
------------------------ Dataset: JFl ------------------------
shape: (33, 1), dtype: uint16
Data:[[54]
 [48]
 [53]
 [54]
 [46]
 [53]
 [57]
 [55]
 [56]
 [51]
 [56]
 [45]
 [48]
 [32]
 [54]
 [48]
 [53]
 [54]
 [46]
 [54]
 [48]
 [49]
 [56]
 [56]
 [50]
 [57]
 [57]
 [57]
 [57]
 [57]
 [57]
 [45]
 [49]] 
------------------------ Dataset: JFm ------------------------
shape: (33, 1), dtype: uint16
Data:[[54]
 [48]
 [55]
 [50]
 [46]
 [52]
 [57]
 [51]
 [56]
 [52]
 [53]
 [57]
 [57]
 [57]
 [57]
 [57]
 [57]
 [45]
 [48]
 [32]
 [54]
 [48]
 [55]
 [50]
 [46]
 [52]
 [57]
 [55]
 [55]
 [56]
 [54]
 [45]
 [49]] 
------------------------ Dataset: JFn ------------------------
shape: (33, 1), dtype: uint16
Data:[[53]
 [54]
 [51]
 [51]
 [46]
 [51]
 [54]
 [53]
 [54]
 [50]
 [49]
 [45]
 [48]
 [32]
 [53]
 [54]
 [51]
 [51]
 [46]
 [51]
 [54]
 [49]
 [55]
 [50]
 [56]
 [57]
 [57]
 [57]
 [57]
 [57]
 [57]
 [45]
 [49]] 
------------------------ Dataset: JFo ------------------------
shape: (27, 1), dtype: uint16
Data:[[53]
 [54]
 [52]
 [57]
 [46]
 [48]
 [52]
 [53]
 [53]
 [52]
 [50]
 [45]
 [48]
 [32]
 [53]
 [54]
 [52]
 [57]
 [46]
 [48]
 [52]
 [49]
 [54]
 [51]
 [54]
 [45]
 [49]] 
------------------------ Dataset: JFp ------------------------
shape: (33, 1), dtype: uint16
Data:[[53]
 [54]
 [54]
 [52]
 [46]
 [55]
 [55]
 [55]
 [52]
 [57]
 [52]
 [57]
 [57]
 [57]
 [57]
 [57]
 [57]
 [45]
 [48]
 [32]
 [53]
 [54]
 [54]
 [52]
 [46]
 [55]
 [55]
 [55]
 [53]
 [55]
 [55]
 [45]
 [49]] 
------------------------ Dataset: JFq ------------------------
shape: (39, 1), dtype: uint16
Data:[[53]
 [54]
 [56]
 [48]
 [46]
 [53]
 [50]
 [57]
 [53]
 [54]
 [48]
 [57]
 [57]
 [57]
 [57]
 [57]
 [57]
 [45]
 [48]
 [32]
 [53]
 [54]
 [56]
 [48]
 [46]
 [53]
 [50]
 [53]
 [55]
 [52]
 [53]
 [57]
 [57]
 [57]
 [57]
 [57]
 [57]
 [45]
 [49]] 
------------------------ Dataset: JFr ------------------------
shape: (34, 1), dtype: uint16
Data:[[53]
 [56]
 [48]
 [54]
 [46]
 [56]
 [49]
 [55]
 [55]
 [48]
 [57]
 [45]
 [48]
 [32]
 [53]
 [56]
 [48]
 [54]
 [46]
 [56]
 [49]
 [55]
 [55]
 [51]
 [49]
 [57]
 [57]
 [57]
 [57]
 [57]
 [57]
 [53]
 [45]
 [49]] 
------------------------ Dataset: JFs ------------------------
shape: (39, 1), dtype: uint16
Data:[[54]
 [52]
 [49]
 [57]
 [46]
 [54]
 [50]
 [48]
 [54]
 [57]
 [51]
 [57]
 [57]
 [57]
 [57]
 [57]
 [57]
 [45]
 [48]
 [32]
 [54]
 [52]
 [49]
 [57]
 [46]
 [54]
 [48]
 [55]
 [52]
 [51]
 [53]
 [57]
 [57]
 [57]
 [57]
 [57]
 [57]
 [45]
 [49]] 
------------------------ Dataset: JFt ------------------------
shape: (27, 1), dtype: uint16
Data:[[54]
 [54]
 [49]
 [49]
 [46]
 [54]
 [57]
 [56]
 [49]
 [51]
 [56]
 [45]
 [48]
 [32]
 [54]
 [54]
 [49]
 [49]
 [46]
 [54]
 [57]
 [52]
 [49]
 [51]
 [54]
 [45]
 [49]] 
------------------------ Dataset: JFu ------------------------
shape: (27, 1), dtype: uint16
Data:[[54]
 [54]
 [50]
 [55]
 [46]
 [54]
 [49]
 [56]
 [48]
 [52]
 [49]
 [45]
 [48]
 [32]
 [54]
 [54]
 [50]
 [55]
 [46]
 [54]
 [49]
 [52]
 [53]
 [52]
 [57]
 [45]
 [49]] 
------------------------ Dataset: JFv ------------------------
shape: (27, 1), dtype: uint16
Data:[[54]
 [54]
 [52]
 [51]
 [46]
 [51]
 [55]
 [56]
 [49]
 [53]
 [49]
 [45]
 [48]
 [32]
 [54]
 [54]
 [52]
 [51]
 [46]
 [51]
 [55]
 [52]
 [54]
 [48]
 [55]
 [45]
 [49]] 
------------------------ Dataset: JFw ------------------------
shape: (40, 1), dtype: uint16
Data:[[54]
 [54]
 [53]
 [57]
 [46]
 [49]
 [50]
 [50]
 [49]
 [52]
 [49]
 [57]
 [57]
 [57]
 [57]
 [57]
 [57]
 [45]
 [48]
 [32]
 [54]
 [54]
 [53]
 [57]
 [46]
 [49]
 [49]
 [56]
 [49]
 [50]
 [48]
 [57]
 [57]
 [57]
 [57]
 [57]
 [57]
 [53]
 [45]
 [49]] 
------------------------ Dataset: JFx ------------------------
shape: (27, 1), dtype: uint16
Data:[[54]
 [54]
 [55]
 [52]
 [46]
 [57]
 [56]
 [49]
 [55]
 [54]
 [57]
 [45]
 [48]
 [32]
 [54]
 [54]
 [55]
 [52]
 [46]
 [57]
 [56]
 [50]
 [50]
 [53]
 [56]
 [45]
 [49]] 
------------------------ Dataset: JFy ------------------------
shape: (27, 1), dtype: uint16
Data:[[54]
 [54]
 [57]
 [48]
 [46]
 [56]
 [57]
 [56]
 [49]
 [55]
 [54]
 [45]
 [48]
 [32]
 [54]
 [54]
 [57]
 [48]
 [46]
 [57]
 [48]
 [50]
 [48]
 [52]
 [56]
 [45]
 [49]] 
------------------------ Dataset: JFz ------------------------
shape: (33, 1), dtype: uint16
Data:[[53]
 [57]
 [48]
 [56]
 [46]
 [55]
 [55]
 [55]
 [55]
 [55]
 [51]
 [57]
 [57]
 [57]
 [57]
 [57]
 [57]
 [45]
 [48]
 [32]
 [53]
 [57]
 [48]
 [56]
 [46]
 [55]
 [55]
 [55]
 [54]
 [52]
 [57]
 [45]
 [49]] 
------------------------ Dataset: JG ------------------------
