shape: (1, 6), dtype: uint32
Data:[[3707764736          2          1          1       1532          1]] 
------------------------ Dataset: vzb ------------------------
shape: (34, 1), dtype: uint16
Data:[[54]
 [55]
 [55]
 [48]
 [46]
 [57]
 [56]
 [50]
 [53]
 [49]
 [53]
 [45]
 [48]
 [32]
 [54]
 [55]
 [55]
 [48]
 [46]
 [57]
 [56]
 [54]
 [50]
 [56]
 [48]
 [57]
 [57]
 [57]
 [57]
 [57]
 [57]
 [53]
 [45]
 [49]] 
------------------------ Dataset: vzc ------------------------
shape: (27, 1), dtype: uint16
Data:[[54]
 [50]
 [56]
 [51]
 [46]
 [55]
 [53]
 [56]
 [48]
 [49]
 [55]
 [45]
 [48]
 [32]
 [54]
 [50]
 [56]
 [51]
 [46]
 [55]
 [53]
 [51]
 [56]
 [54]
 [51]
 [45]
 [49]] 
------------------------ Dataset: vzd ------------------------
shape: (26, 1), dtype: uint16
Data:[[54]
 [50]
 [57]
 [57]
 [46]
 [53]
 [50]
 [57]
 [57]
 [53]
 [45]
 [48]
 [32]
 [54]
 [50]
 [57]
 [57]
 [46]
 [53]
 [50]
 [57]
 [57]
 [53]
 [55]
 [45]
 [49]] 
------------------------ Dataset: vze ------------------------
shape: (33, 1), dtype: uint16
Data:[[54]
 [51]
 [49]
 [53]
 [46]
 [52]
 [49]
 [48]
 [54]
 [52]
 [52]
 [45]
 [48]
 [32]
 [54]
 [51]
 [49]
 [53]
 [46]
 [52]
 [48]
 [50]
 [56]
 [49]
 [54]
 [57]
 [57]
 [57]
 [57]
 [57]
 [57]
 [45]
 [49]] 
------------------------ Dataset: vzf ------------------------
shape: (34, 1), dtype: uint16
Data:[[54]
 [51]
 [51]
 [49]
 [46]
 [50]
 [49]
 [56]
 [48]
 [48]
 [54]
 [57]
 [57]
 [57]
 [57]
 [57]
 [57]
 [53]
 [45]
 [48]
 [32]
 [54]
 [51]
 [51]
 [49]
 [46]
 [50]
 [50]
 [49]
 [57]
 [48]
 [55]
 [45]
 [49]] 
------------------------ Dataset: vzg ------------------------
shape: (15, 1), dtype: uint16
Data:[[103]
 [ 97]
 [122]
 [101]
 [ 95]
 [112]
 [111]
 [105]
 [110]
 [116]
 [ 95]
 [ 51]
 [100]
 [ 95]
 [121]] 
------------------------ Dataset: vzh ------------------------
shape: (40, 1), dtype: uint16
Data:[[54]
 [53]
 [49]
 [50]
 [46]
 [49]
 [53]
 [49]
 [49]
 [53]
 [54]
 [57]
 [57]
 [57]
 [57]
 [57]
 [57]
 [45]
 [48]
 [32]
 [54]
 [53]
 [49]
 [50]
 [46]
 [49]
 [53]
 [49]
 [51]
 [53]
 [56]
 [57]
 [57]
 [57]
 [57]
 [57]
 [57]
 [53]
 [45]
 [49]] 
------------------------ Dataset: vzi ------------------------
shape: (27, 1), dtype: uint16
Data:[[54]
 [53]
 [50]
 [55]
 [46]
 [57]
 [56]
 [49]
 [57]
 [55]
 [56]
 [45]
 [48]
 [32]
 [54]
 [53]
 [50]
 [55]
 [46]
 [57]
 [55]
 [56]
 [50]
 [52]
 [57]
 [45]
 [49]] 
------------------------ Dataset: vzj ------------------------
shape: (39, 1), dtype: uint16
Data:[[54]
 [48]
 [50]
 [51]
 [46]
 [53]
 [54]
 [49]
 [55]
 [50]
 [57]
 [57]
 [57]
 [57]
 [57]
 [57]
 [57]
 [45]
 [48]
 [32]
 [54]
 [48]
 [50]
 [51]
 [46]
 [53]
 [54]
 [53]
 [55]
 [57]
 [49]
 [57]
 [57]
 [57]
 [57]
 [57]
 [57]
 [45]
 [49]] 
------------------------ Dataset: vzk ------------------------
shape: (27, 1), dtype: uint16
Data:[[54]
 [48]
 [51]
 [57]
 [46]
 [51]
 [50]
 [49]
 [56]
 [50]
 [55]
 [45]
 [48]
 [32]
 [54]
 [48]
 [51]
 [57]
 [46]
 [51]
 [49]
 [55]
 [56]
 [51]
 [50]
 [45]
 [49]] 
------------------------ Dataset: vzl ------------------------
shape: (34, 1), dtype: uint16
Data:[[54]
 [48]
 [53]
 [52]
 [46]
 [57]
 [56]
 [49]
 [49]
 [54]
 [49]
 [45]
 [48]
 [32]
 [54]
 [48]
 [53]
 [52]
 [46]
 [57]
 [55]
 [48]
 [52]
 [49]
 [54]
 [57]
 [57]
 [57]
 [57]
 [57]
 [57]
 [53]
 [45]
 [49]] 
------------------------ Dataset: vzm ------------------------
shape: (39, 1), dtype: uint16
Data:[[54]
 [48]
 [55]
 [48]
 [46]
 [57]
 [50]
 [53]
 [50]
 [54]
 [56]
 [57]
 [57]
 [57]
 [57]
 [57]
 [57]
 [45]
 [48]
 [32]
 [54]
 [48]
 [55]
 [48]
 [46]
 [57]
 [49]
 [57]
 [50]
 [51]
 [52]
 [57]
 [57]
 [57]
 [57]
 [57]
 [57]
 [45]
 [49]] 
------------------------ Dataset: vzn ------------------------
shape: (33, 1), dtype: uint16
Data:[[53]
 [54]
 [51]
 [49]
 [46]
 [55]
 [56]
 [53]
 [52]
 [56]
 [49]
 [57]
 [57]
 [57]
 [57]
 [57]
 [57]
 [45]
 [48]
 [32]
 [53]
 [54]
 [51]
 [49]
 [46]
 [55]
 [56]
 [57]
 [53]
 [50]
 [52]
 [45]
 [49]] 
------------------------ Dataset: vzo ------------------------
shape: (26, 1), dtype: uint16
Data:[[53]
 [54]
 [52]
 [55]
 [46]
 [52]
 [55]
 [57]
 [48]
 [53]
 [45]
 [48]
 [32]
 [53]
 [54]
 [52]
 [55]
 [46]
 [52]
 [55]
 [56]
 [54]
 [56]
 [52]
 [45]
 [49]] 
------------------------ Dataset: vzp ------------------------
shape: (27, 1), dtype: uint16
Data:[[53]
 [54]
 [54]
 [51]
 [46]
 [50]
 [48]
 [52]
 [54]
 [57]
 [51]
 [45]
 [48]
 [32]
 [53]
 [54]
 [54]
 [51]
 [46]
 [50]
 [48]
 [52]
 [55]
 [52]
 [50]
 [45]
 [49]] 
------------------------ Dataset: vzq ------------------------
shape: (39, 1), dtype: uint16
Data:[[53]
 [54]
 [55]
 [56]
 [46]
 [57]
 [53]
 [48]
 [51]
 [54]
 [48]
 [57]
 [57]
 [57]
 [57]
 [57]
 [57]
 [45]
 [48]
 [32]
 [53]
 [54]
 [55]
 [56]
 [46]
 [57]
 [53]
 [52]
 [49]
 [52]
 [48]
 [57]
 [57]
 [57]
 [57]
 [57]
 [57]
 [45]
 [49]] 
------------------------ Dataset: vzr ------------------------
shape: (33, 1), dtype: uint16
Data:[[53]
 [54]
 [57]
 [52]
 [46]
 [55]
 [48]
 [57]
 [53]
 [52]
 [50]
 [45]
 [48]
 [32]
 [53]
 [54]
 [57]
 [52]
 [46]
 [54]
 [57]
 [55]
 [53]
 [56]
 [48]
 [57]
 [57]
 [57]
 [57]
 [57]
 [57]
 [45]
 [49]] 
------------------------ Dataset: vzs ------------------------
shape: (26, 1), dtype: uint16
Data:[[54]
 [52]
 [49]
 [56]
 [46]
 [48]
 [49]
 [48]
 [48]
 [52]
 [55]
 [45]
 [48]
 [32]
 [54]
 [52]
 [49]
 [56]
 [46]
 [48]
 [48]
 [56]
 [52]
 [54]
 [45]
 [49]] 
------------------------ Dataset: vzt ------------------------
shape: (33, 1), dtype: uint16
Data:[[54]
 [54]
 [49]
 [48]
 [46]
 [49]
 [49]
 [48]
 [49]
 [57]
 [52]
 [57]
 [57]
 [57]
 [57]
 [57]
 [57]
 [45]
 [48]
 [32]
 [54]
 [54]
 [49]
 [48]
 [46]
 [49]
 [48]
 [52]
 [50]
 [48]
 [54]
 [45]
 [49]] 
------------------------ Dataset: vzu ------------------------
shape: (13, 1), dtype: uint16
Data:[[54]
 [54]
 [50]
 [54]
 [46]
 [48]
 [51]
 [57]
 [53]
 [55]
 [55]
 [45]
 [48]] 
------------------------ Dataset: vzv ------------------------
shape: (27, 1), dtype: uint16
Data:[[54]
 [54]
 [52]
 [49]
 [46]
 [56]
 [50]
 [50]
 [50]
 [54]
 [55]
 [45]
 [48]
 [32]
 [54]
 [54]
 [52]
 [49]
 [46]
 [56]
 [49]
 [56]
 [51]
 [48]
 [50]
 [45]
 [49]] 
------------------------ Dataset: vzw ------------------------
shape: (34, 1), dtype: uint16
Data:[[54]
 [54]
 [53]
 [55]
 [46]
 [52]
 [57]
 [57]
 [49]
 [57]
 [55]
 [45]
 [48]
 [32]
 [54]
 [54]
 [53]
 [55]
 [46]
 [52]
 [57]
 [52]
 [49]
 [48]
 [54]
 [57]
 [57]
 [57]
 [57]
 [57]
 [57]
 [53]
 [45]
 [49]] 
------------------------ Dataset: vzx ------------------------
shape: (33, 1), dtype: uint16
Data:[[54]
 [54]
 [55]
 [51]
 [46]
 [51]
 [57]
 [52]
 [49]
 [55]
 [57]
 [57]
 [57]
 [57]
 [57]
 [57]
 [57]
 [45]
 [48]
 [32]
 [54]
 [54]
 [55]
 [51]
 [46]
 [51]
 [57]
 [56]
 [49]
 [55]
 [49]
 [45]
 [49]] 
------------------------ Dataset: vzy ------------------------
shape: (34, 1), dtype: uint16
Data:[[54]
 [54]
 [56]
 [57]
 [46]
 [51]
 [49]
 [52]
 [50]
 [50]
 [53]
 [45]
 [48]
 [32]
 [54]
 [54]
 [56]
 [57]
 [46]
 [51]
 [49]
 [56]
 [57]
 [50]
 [49]
 [57]
 [57]
 [57]
 [57]
 [57]
 [57]
 [53]
 [45]
 [49]] 
------------------------ Dataset: vzz ------------------------
shape: (27, 1), dtype: uint16
Data:[[53]
 [57]
 [48]
 [55]
 [46]
 [49]
 [57]
 [55]
 [55]
 [51]
 [54]
 [45]
 [48]
 [32]
 [53]
 [57]
 [48]
 [55]
 [46]
 [49]
 [57]
 [51]
 [55]
 [52]
 [57]
 [45]
 [49]] 
------------------------ Dataset: w ------------------------
