shape: (1, 6), dtype: uint32
Data:[[3707764736          2          1          1         71          1]] 
------------------------ Dataset: lbb ------------------------
shape: (39, 1), dtype: uint16
Data:[[54]
 [55]
 [54]
 [52]
 [46]
 [56]
 [48]
 [50]
 [49]
 [57]
 [52]
 [57]
 [57]
 [57]
 [57]
 [57]
 [57]
 [45]
 [48]
 [32]
 [54]
 [55]
 [54]
 [52]
 [46]
 [56]
 [48]
 [54]
 [50]
 [50]
 [49]
 [57]
 [57]
 [57]
 [57]
 [57]
 [57]
 [45]
 [49]] 
------------------------ Dataset: lbc ------------------------
shape: (33, 1), dtype: uint16
Data:[[54]
 [55]
 [56]
 [48]
 [46]
 [54]
 [53]
 [56]
 [49]
 [56]
 [55]
 [57]
 [57]
 [57]
 [57]
 [57]
 [57]
 [45]
 [48]
 [32]
 [54]
 [55]
 [56]
 [48]
 [46]
 [54]
 [53]
 [52]
 [49]
 [56]
 [55]
 [45]
 [49]] 
------------------------ Dataset: lbd ------------------------
shape: (32, 1), dtype: uint16
Data:[[54]
 [50]
 [57]
 [51]
 [46]
 [52]
 [48]
 [51]
 [51]
 [49]
 [45]
 [48]
 [32]
 [54]
 [50]
 [57]
 [51]
 [46]
 [52]
 [49]
 [57]
 [54]
 [56]
 [56]
 [57]
 [57]
 [57]
 [57]
 [57]
 [57]
 [45]
 [49]] 
------------------------ Dataset: lbe ------------------------
shape: (40, 1), dtype: uint16
Data:[[54]
 [51]
 [48]
 [57]
 [46]
 [50]
 [50]
 [57]
 [57]
 [51]
 [57]
 [57]
 [57]
 [57]
 [57]
 [57]
 [57]
 [45]
 [48]
 [32]
 [54]
 [51]
 [48]
 [57]
 [46]
 [50]
 [50]
 [53]
 [56]
 [54]
 [55]
 [57]
 [57]
 [57]
 [57]
 [57]
 [57]
 [53]
 [45]
 [49]] 
------------------------ Dataset: lbf ------------------------
shape: (32, 1), dtype: uint16
Data:[[54]
 [51]
 [50]
 [53]
 [46]
 [48]
 [52]
 [53]
 [57]
 [56]
 [45]
 [48]
 [32]
 [54]
 [51]
 [50]
 [53]
 [46]
 [48]
 [52]
 [50]
 [48]
 [51]
 [57]
 [57]
 [57]
 [57]
 [57]
 [57]
 [57]
 [45]
 [49]] 
------------------------ Dataset: lbg ------------------------
shape: (27, 1), dtype: uint16
Data:[[54]
 [51]
 [52]
 [48]
 [46]
 [57]
 [48]
 [50]
 [48]
 [50]
 [49]
 [45]
 [48]
 [32]
 [54]
 [51]
 [52]
 [48]
 [46]
 [56]
 [57]
 [55]
 [57]
 [53]
 [51]
 [45]
 [49]] 
------------------------ Dataset: lbh ------------------------
shape: (24, 1), dtype: uint16
Data:[[54]
 [53]
 [48]
 [54]
 [46]
 [48]
 [48]
 [50]
 [52]
 [57]
 [56]
 [45]
 [48]
 [32]
 [54]
 [53]
 [48]
 [53]
 [46]
 [57]
 [57]
 [56]
 [45]
 [49]] 
------------------------ Dataset: lbi ------------------------
shape: (34, 1), dtype: uint16
Data:[[54]
 [53]
 [50]
 [49]
 [46]
 [56]
 [50]
 [54]
 [48]
 [52]
 [51]
 [57]
 [57]
 [57]
 [57]
 [57]
 [57]
 [53]
 [45]
 [48]
 [32]
 [54]
 [53]
 [50]
 [49]
 [46]
 [56]
 [50]
 [50]
 [49]
 [52]
 [57]
 [45]
 [49]] 
------------------------ Dataset: lbj ------------------------
shape: (27, 1), dtype: uint16
Data:[[54]
 [48]
 [49]
 [55]
 [46]
 [51]
 [55]
 [53]
 [54]
 [48]
 [54]
 [45]
 [48]
 [32]
 [54]
 [48]
 [49]
 [55]
 [46]
 [51]
 [55]
 [56]
 [51]
 [51]
 [49]
 [45]
 [49]] 
------------------------ Dataset: lbk ------------------------
shape: (34, 1), dtype: uint16
Data:[[54]
 [48]
 [51]
 [51]
 [46]
 [50]
 [49]
 [51]
 [56]
 [49]
 [53]
 [57]
 [57]
 [57]
 [57]
 [57]
 [57]
 [53]
 [45]
 [48]
 [32]
 [54]
 [48]
 [51]
 [51]
 [46]
 [50]
 [49]
 [55]
 [55]
 [55]
 [53]
 [45]
 [49]] 
------------------------ Dataset: lbl ------------------------
shape: (39, 1), dtype: uint16
Data:[[54]
 [48]
 [52]
 [56]
 [46]
 [56]
 [49]
 [56]
 [56]
 [51]
 [50]
 [57]
 [57]
 [57]
 [57]
 [57]
 [57]
 [45]
 [48]
 [32]
 [54]
 [48]
 [52]
 [56]
 [46]
 [56]
 [49]
 [53]
 [54]
 [51]
 [53]
 [57]
 [57]
 [57]
 [57]
 [57]
 [57]
 [45]
 [49]] 
------------------------ Dataset: lbm ------------------------
shape: (39, 1), dtype: uint16
Data:[[54]
 [48]
 [54]
 [52]
 [46]
 [54]
 [57]
 [55]
 [56]
 [48]
 [48]
 [57]
 [57]
 [57]
 [57]
 [57]
 [57]
 [45]
 [48]
 [32]
 [54]
 [48]
 [54]
 [52]
 [46]
 [55]
 [48]
 [49]
 [55]
 [56]
 [52]
 [57]
 [57]
 [57]
 [57]
 [57]
 [57]
 [45]
 [49]] 
------------------------ Dataset: lbn ------------------------
shape: (26, 1), dtype: uint16
Data:[[54]
 [48]
 [56]
 [48]
 [46]
 [54]
 [48]
 [52]
 [49]
 [57]
 [51]
 [45]
 [48]
 [32]
 [54]
 [48]
 [56]
 [48]
 [46]
 [54]
 [48]
 [51]
 [55]
 [55]
 [45]
 [49]] 
------------------------ Dataset: lbo ------------------------
shape: (33, 1), dtype: uint16
Data:[[53]
 [54]
 [52]
 [49]
 [46]
 [51]
 [53]
 [51]
 [54]
 [53]
 [50]
 [45]
 [48]
 [32]
 [53]
 [54]
 [52]
 [49]
 [46]
 [51]
 [52]
 [53]
 [56]
 [48]
 [53]
 [57]
 [57]
 [57]
 [57]
 [57]
 [57]
 [45]
 [49]] 
------------------------ Dataset: lbp ------------------------
shape: (27, 1), dtype: uint16
Data:[[53]
 [54]
 [53]
 [55]
 [46]
 [48]
 [57]
 [55]
 [53]
 [55]
 [51]
 [45]
 [48]
 [32]
 [53]
 [54]
 [53]
 [55]
 [46]
 [49]
 [48]
 [49]
 [53]
 [53]
 [55]
 [45]
 [49]] 
------------------------ Dataset: lbq ------------------------
shape: (33, 1), dtype: uint16
Data:[[53]
 [54]
 [55]
 [50]
 [46]
 [56]
 [49]
 [48]
 [50]
 [53]
 [57]
 [57]
 [57]
 [57]
 [57]
 [57]
 [57]
 [45]
 [48]
 [32]
 [53]
 [54]
 [55]
 [50]
 [46]
 [56]
 [48]
 [54]
 [50]
 [50]
 [51]
 [45]
 [49]] 
------------------------ Dataset: lbr ------------------------
shape: (27, 1), dtype: uint16
Data:[[53]
 [54]
 [56]
 [56]
 [46]
 [53]
 [55]
 [51]
 [53]
 [57]
 [55]
 [45]
 [48]
 [32]
 [53]
 [54]
 [56]
 [56]
 [46]
 [53]
 [55]
 [51]
 [54]
 [48]
 [53]
 [45]
 [49]] 
------------------------ Dataset: lbs ------------------------
shape: (40, 1), dtype: uint16
Data:[[53]
 [56]
 [49]
 [52]
 [46]
 [56]
 [52]
 [49]
 [55]
 [52]
 [54]
 [57]
 [57]
 [57]
 [57]
 [57]
 [57]
 [53]
 [45]
 [48]
 [32]
 [53]
 [56]
 [49]
 [52]
 [46]
 [56]
 [51]
 [55]
 [56]
 [53]
 [51]
 [57]
 [57]
 [57]
 [57]
 [57]
 [57]
 [45]
 [49]] 
------------------------ Dataset: lbt ------------------------
shape: (33, 1), dtype: uint16
Data:[[54]
 [54]
 [48]
 [51]
 [46]
 [56]
 [57]
 [49]
 [48]
 [48]
 [49]
 [57]
 [57]
 [57]
 [57]
 [57]
 [57]
 [45]
 [48]
 [32]
 [54]
 [54]
 [48]
 [51]
 [46]
 [56]
 [57]
 [53]
 [53]
 [54]
 [51]
 [45]
 [49]] 
------------------------ Dataset: lbu ------------------------
shape: (41, 1), dtype: uint16
Data:[[54]
 [54]
 [49]
 [57]
 [46]
 [56]
 [57]
 [49]
 [49]
 [57]
 [50]
 [57]
 [57]
 [57]
 [57]
 [57]
 [57]
 [53]
 [45]
 [48]
 [32]
 [54]
 [54]
 [49]
 [57]
 [46]
 [56]
 [57]
 [52]
 [53]
 [57]
 [54]
 [57]
 [57]
 [57]
 [57]
 [57]
 [57]
 [53]
 [45]
 [49]] 
------------------------ Dataset: lbv ------------------------
shape: (27, 1), dtype: uint16
Data:[[54]
 [54]
 [51]
 [53]
 [46]
 [55]
 [52]
 [49]
 [51]
 [52]
 [49]
 [45]
 [48]
 [32]
 [54]
 [54]
 [51]
 [53]
 [46]
 [55]
 [51]
 [57]
 [57]
 [57]
 [55]
 [45]
 [49]] 
------------------------ Dataset: lbw ------------------------
shape: (27, 1), dtype: uint16
Data:[[54]
 [54]
 [53]
 [49]
 [46]
 [51]
 [49]
 [56]
 [49]
 [48]
 [49]
 [45]
 [48]
 [32]
 [54]
 [54]
 [53]
 [49]
 [46]
 [51]
 [50]
 [50]
 [49]
 [49]
 [50]
 [45]
 [49]] 
------------------------ Dataset: lbx ------------------------
shape: (34, 1), dtype: uint16
Data:[[54]
 [54]
 [54]
 [55]
 [46]
 [49]
 [55]
 [52]
 [49]
 [52]
 [48]
 [57]
 [57]
 [57]
 [57]
 [57]
 [57]
 [53]
 [45]
 [48]
 [32]
 [54]
 [54]
 [54]
 [55]
 [46]
 [49]
 [55]
 [48]
 [48]
 [57]
 [56]
 [45]
 [49]] 
------------------------ Dataset: lby ------------------------
shape: (39, 1), dtype: uint16
Data:[[54]
 [54]
 [56]
 [51]
 [46]
 [49]
 [49]
 [56]
 [49]
 [48]
 [49]
 [57]
 [57]
 [57]
 [57]
 [57]
 [57]
 [45]
 [48]
 [32]
 [54]
 [54]
 [56]
 [51]
 [46]
 [49]
 [49]
 [52]
 [49]
 [52]
 [54]
 [57]
 [57]
 [57]
 [57]
 [57]
 [57]
 [45]
 [49]] 
------------------------ Dataset: lbz ------------------------
shape: (39, 1), dtype: uint16
Data:[[53]
 [57]
 [48]
 [49]
 [46]
 [48]
 [51]
 [51]
 [55]
 [55]
 [48]
 [57]
 [57]
 [57]
 [57]
 [57]
 [57]
 [45]
 [48]
 [32]
 [53]
 [57]
 [48]
 [49]
 [46]
 [48]
 [50]
 [57]
 [55]
 [48]
 [53]
 [57]
 [57]
 [57]
 [57]
 [57]
 [57]
 [45]
 [49]] 
------------------------ Dataset: lc ------------------------
