shape: (1, 6), dtype: uint32
Data:[[3707764736          2          1          1       1373          1]] 
------------------------ Dataset: Swb ------------------------
shape: (13, 1), dtype: uint16
Data:[[54]
 [55]
 [55]
 [48]
 [46]
 [51]
 [50]
 [48]
 [55]
 [48]
 [57]
 [45]
 [49]] 
------------------------ Dataset: Swc ------------------------
shape: (40, 1), dtype: uint16
Data:[[54]
 [50]
 [56]
 [51]
 [46]
 [48]
 [56]
 [55]
 [56]
 [50]
 [49]
 [57]
 [57]
 [57]
 [57]
 [57]
 [57]
 [53]
 [45]
 [48]
 [32]
 [54]
 [50]
 [56]
 [51]
 [46]
 [48]
 [57]
 [49]
 [55]
 [55]
 [53]
 [57]
 [57]
 [57]
 [57]
 [57]
 [57]
 [45]
 [49]] 
------------------------ Dataset: Swd ------------------------
shape: (27, 1), dtype: uint16
Data:[[54]
 [50]
 [57]
 [56]
 [46]
 [56]
 [55]
 [49]
 [53]
 [54]
 [52]
 [45]
 [48]
 [32]
 [54]
 [50]
 [57]
 [56]
 [46]
 [56]
 [55]
 [52]
 [53]
 [57]
 [52]
 [45]
 [49]] 
------------------------ Dataset: Swe ------------------------
shape: (27, 1), dtype: uint16
Data:[[54]
 [51]
 [49]
 [52]
 [46]
 [55]
 [51]
 [54]
 [52]
 [53]
 [54]
 [45]
 [48]
 [32]
 [54]
 [51]
 [49]
 [52]
 [46]
 [55]
 [50]
 [57]
 [57]
 [52]
 [57]
 [45]
 [49]] 
------------------------ Dataset: Swf ------------------------
shape: (33, 1), dtype: uint16
Data:[[54]
 [51]
 [51]
 [48]
 [46]
 [53]
 [55]
 [48]
 [57]
 [57]
 [49]
 [45]
 [48]
 [32]
 [54]
 [51]
 [51]
 [48]
 [46]
 [53]
 [54]
 [55]
 [50]
 [50]
 [48]
 [57]
 [57]
 [57]
 [57]
 [57]
 [57]
 [45]
 [49]] 
------------------------ Dataset: Swg ------------------------
shape: (27, 1), dtype: uint16
Data:[[54]
 [51]
 [52]
 [54]
 [46]
 [52]
 [48]
 [53]
 [57]
 [54]
 [55]
 [45]
 [48]
 [32]
 [54]
 [51]
 [52]
 [54]
 [46]
 [52]
 [48]
 [49]
 [57]
 [48]
 [54]
 [45]
 [49]] 
------------------------ Dataset: Swh ------------------------
shape: (40, 1), dtype: uint16
Data:[[54]
 [53]
 [49]
 [49]
 [46]
 [52]
 [55]
 [53]
 [50]
 [56]
 [57]
 [57]
 [57]
 [57]
 [57]
 [57]
 [57]
 [45]
 [48]
 [32]
 [54]
 [53]
 [49]
 [49]
 [46]
 [52]
 [56]
 [48]
 [49]
 [48]
 [49]
 [57]
 [57]
 [57]
 [57]
 [57]
 [57]
 [53]
 [45]
 [49]] 
------------------------ Dataset: Swi ------------------------
shape: (41, 1), dtype: uint16
Data:[[54]
 [53]
 [50]
 [55]
 [46]
 [51]
 [50]
 [49]
 [57]
 [56]
 [57]
 [57]
 [57]
 [57]
 [57]
 [57]
 [57]
 [53]
 [45]
 [48]
 [32]
 [54]
 [53]
 [50]
 [55]
 [46]
 [51]
 [49]
 [56]
 [49]
 [57]
 [51]
 [57]
 [57]
 [57]
 [57]
 [57]
 [57]
 [53]
 [45]
 [49]] 
------------------------ Dataset: Swj ------------------------
shape: (26, 1), dtype: uint16
Data:[[54]
 [48]
 [50]
 [50]
 [46]
 [57]
 [48]
 [48]
 [50]
 [57]
 [56]
 [45]
 [48]
 [32]
 [54]
 [48]
 [50]
 [50]
 [46]
 [56]
 [57]
 [57]
 [55]
 [51]
 [45]
 [49]] 
------------------------ Dataset: Swk ------------------------
shape: (33, 1), dtype: uint16
Data:[[54]
 [48]
 [51]
 [56]
 [46]
 [54]
 [53]
 [56]
 [51]
 [50]
 [52]
 [45]
 [48]
 [32]
 [54]
 [48]
 [51]
 [56]
 [46]
 [54]
 [54]
 [54]
 [48]
 [48]
 [50]
 [57]
 [57]
 [57]
 [57]
 [57]
 [57]
 [45]
 [49]] 
------------------------ Dataset: Swl ------------------------
shape: (27, 1), dtype: uint16
Data:[[54]
 [48]
 [53]
 [52]
 [46]
 [51]
 [49]
 [51]
 [57]
 [49]
 [51]
 [45]
 [48]
 [32]
 [54]
 [48]
 [53]
 [52]
 [46]
 [51]
 [49]
 [48]
 [49]
 [53]
 [49]
 [45]
 [49]] 
------------------------ Dataset: Swm ------------------------
shape: (27, 1), dtype: uint16
Data:[[54]
 [48]
 [55]
 [48]
 [46]
 [50]
 [53]
 [54]
 [53]
 [50]
 [55]
 [45]
 [48]
 [32]
 [54]
 [48]
 [55]
 [48]
 [46]
 [50]
 [53]
 [53]
 [57]
 [49]
 [56]
 [45]
 [49]] 
------------------------ Dataset: Swn ------------------------
shape: (33, 1), dtype: uint16
Data:[[53]
 [54]
 [51]
 [49]
 [46]
 [49]
 [51]
 [52]
 [55]
 [56]
 [55]
 [57]
 [57]
 [57]
 [57]
 [57]
 [57]
 [45]
 [48]
 [32]
 [53]
 [54]
 [51]
 [49]
 [46]
 [49]
 [51]
 [49]
 [55]
 [48]
 [50]
 [45]
 [49]] 
------------------------ Dataset: Swo ------------------------
shape: (27, 1), dtype: uint16
Data:[[53]
 [54]
 [52]
 [54]
 [46]
 [56]
 [48]
 [51]
 [53]
 [52]
 [54]
 [45]
 [48]
 [32]
 [53]
 [54]
 [52]
 [54]
 [46]
 [56]
 [48]
 [54]
 [49]
 [57]
 [53]
 [45]
 [49]] 
------------------------ Dataset: Swp ------------------------
shape: (27, 1), dtype: uint16
Data:[[53]
 [54]
 [54]
 [50]
 [46]
 [53]
 [52]
 [53]
 [54]
 [53]
 [50]
 [45]
 [48]
 [32]
 [53]
 [54]
 [54]
 [50]
 [46]
 [53]
 [52]
 [49]
 [53]
 [53]
 [55]
 [45]
 [49]] 
------------------------ Dataset: Swq ------------------------
shape: (40, 1), dtype: uint16
Data:[[53]
 [54]
 [55]
 [56]
 [46]
 [50]
 [56]
 [51]
 [55]
 [51]
 [56]
 [57]
 [57]
 [57]
 [57]
 [57]
 [57]
 [53]
 [45]
 [48]
 [32]
 [53]
 [54]
 [55]
 [56]
 [46]
 [50]
 [57]
 [48]
 [56]
 [52]
 [49]
 [57]
 [57]
 [57]
 [57]
 [57]
 [57]
 [45]
 [49]] 
------------------------ Dataset: Swr ------------------------
shape: (33, 1), dtype: uint16
Data:[[53]
 [54]
 [57]
 [52]
 [46]
 [48]
 [50]
 [49]
 [53]
 [55]
 [51]
 [57]
 [57]
 [57]
 [57]
 [57]
 [57]
 [45]
 [48]
 [32]
 [53]
 [54]
 [57]
 [52]
 [46]
 [48]
 [50]
 [53]
 [56]
 [49]
 [50]
 [45]
 [49]] 
------------------------ Dataset: Sws ------------------------
shape: (33, 1), dtype: uint16
Data:[[54]
 [52]
 [49]
 [55]
 [46]
 [51]
 [52]
 [53]
 [57]
 [49]
 [48]
 [57]
 [57]
 [57]
 [57]
 [57]
 [57]
 [45]
 [48]
 [32]
 [54]
 [52]
 [49]
 [55]
 [46]
 [51]
 [52]
 [53]
 [57]
 [54]
 [51]
 [45]
 [49]] 
------------------------ Dataset: Swt ------------------------
shape: (33, 1), dtype: uint16
Data:[[54]
 [54]
 [48]
 [57]
 [46]
 [52]
 [51]
 [56]
 [48]
 [53]
 [54]
 [45]
 [48]
 [32]
 [54]
 [54]
 [48]
 [57]
 [46]
 [52]
 [51]
 [56]
 [48]
 [56]
 [48]
 [57]
 [57]
 [57]
 [57]
 [57]
 [57]
 [45]
 [49]] 
------------------------ Dataset: Swu ------------------------
shape: (33, 1), dtype: uint16
Data:[[54]
 [54]
 [50]
 [53]
 [46]
 [51]
 [56]
 [56]
 [51]
 [50]
 [50]
 [57]
 [57]
 [57]
 [57]
 [57]
 [57]
 [45]
 [48]
 [32]
 [54]
 [54]
 [50]
 [53]
 [46]
 [51]
 [56]
 [51]
 [50]
 [55]
 [54]
 [45]
 [49]] 
------------------------ Dataset: Swv ------------------------
shape: (27, 1), dtype: uint16
Data:[[54]
 [54]
 [52]
 [49]
 [46]
 [49]
 [53]
 [56]
 [49]
 [53]
 [50]
 [45]
 [48]
 [32]
 [54]
 [54]
 [52]
 [49]
 [46]
 [49]
 [54]
 [50]
 [49]
 [49]
 [53]
 [45]
 [49]] 
------------------------ Dataset: Sww ------------------------
shape: (32, 1), dtype: uint16
Data:[[54]
 [54]
 [53]
 [54]
 [46]
 [56]
 [48]
 [54]
 [49]
 [53]
 [52]
 [57]
 [57]
 [57]
 [57]
 [57]
 [57]
 [45]
 [48]
 [32]
 [54]
 [54]
 [53]
 [54]
 [46]
 [56]
 [48]
 [50]
 [49]
 [51]
 [45]
 [49]] 
------------------------ Dataset: Swx ------------------------
shape: (33, 1), dtype: uint16
Data:[[54]
 [54]
 [55]
 [50]
 [46]
 [55]
 [51]
 [48]
 [50]
 [51]
 [50]
 [57]
 [57]
 [57]
 [57]
 [57]
 [57]
 [45]
 [48]
 [32]
 [54]
 [54]
 [55]
 [50]
 [46]
 [55]
 [51]
 [48]
 [51]
 [54]
 [49]
 [45]
 [49]] 
------------------------ Dataset: Swy ------------------------
shape: (33, 1), dtype: uint16
Data:[[54]
 [54]
 [56]
 [56]
 [46]
 [54]
 [50]
 [52]
 [49]
 [51]
 [50]
 [45]
 [48]
 [32]
 [54]
 [54]
 [56]
 [56]
 [46]
 [54]
 [49]
 [57]
 [51]
 [53]
 [56]
 [57]
 [57]
 [57]
 [57]
 [57]
 [57]
 [45]
 [49]] 
------------------------ Dataset: Swz ------------------------
shape: (27, 1), dtype: uint16
Data:[[53]
 [57]
 [48]
 [54]
 [46]
 [53]
 [49]
 [51]
 [54]
 [51]
 [52]
 [45]
 [48]
 [32]
 [53]
 [57]
 [48]
 [54]
 [46]
 [53]
 [48]
 [57]
 [54]
 [51]
 [55]
 [45]
 [49]] 
------------------------ Dataset: Sx ------------------------
