shape: (1, 6), dtype: uint32
Data:[[3707764736          2          1          1         77          1]] 
------------------------ Dataset: rbb ------------------------
shape: (33, 1), dtype: uint16
Data:[[54]
 [55]
 [54]
 [52]
 [46]
 [56]
 [50]
 [54]
 [51]
 [50]
 [50]
 [57]
 [57]
 [57]
 [57]
 [57]
 [57]
 [45]
 [48]
 [32]
 [54]
 [55]
 [54]
 [52]
 [46]
 [56]
 [51]
 [51]
 [51]
 [57]
 [54]
 [45]
 [49]] 
------------------------ Dataset: rbc ------------------------
shape: (27, 1), dtype: uint16
Data:[[54]
 [55]
 [56]
 [48]
 [46]
 [54]
 [56]
 [50]
 [53]
 [53]
 [49]
 [45]
 [48]
 [32]
 [54]
 [55]
 [56]
 [48]
 [46]
 [54]
 [55]
 [57]
 [50]
 [55]
 [49]
 [45]
 [49]] 
------------------------ Dataset: rbd ------------------------
shape: (27, 1), dtype: uint16
Data:[[54]
 [50]
 [57]
 [51]
 [46]
 [52]
 [51]
 [50]
 [51]
 [56]
 [50]
 [45]
 [48]
 [32]
 [54]
 [50]
 [57]
 [51]
 [46]
 [52]
 [51]
 [55]
 [57]
 [54]
 [55]
 [45]
 [49]] 
------------------------ Dataset: rbe ------------------------
shape: (27, 1), dtype: uint16
Data:[[54]
 [51]
 [48]
 [57]
 [46]
 [50]
 [53]
 [51]
 [56]
 [55]
 [49]
 [45]
 [48]
 [32]
 [54]
 [51]
 [48]
 [57]
 [46]
 [50]
 [52]
 [57]
 [56]
 [54]
 [51]
 [45]
 [49]] 
------------------------ Dataset: rbf ------------------------
shape: (33, 1), dtype: uint16
Data:[[54]
 [51]
 [50]
 [53]
 [46]
 [48]
 [54]
 [57]
 [56]
 [54]
 [45]
 [48]
 [32]
 [54]
 [51]
 [50]
 [53]
 [46]
 [48]
 [54]
 [53]
 [56]
 [56]
 [48]
 [57]
 [57]
 [57]
 [57]
 [57]
 [57]
 [53]
 [45]
 [49]] 
------------------------ Dataset: rbg ------------------------
shape: (27, 1), dtype: uint16
Data:[[54]
 [51]
 [52]
 [48]
 [46]
 [57]
 [50]
 [53]
 [57]
 [48]
 [50]
 [45]
 [48]
 [32]
 [54]
 [51]
 [52]
 [48]
 [46]
 [57]
 [50]
 [51]
 [48]
 [49]
 [52]
 [45]
 [49]] 
------------------------ Dataset: rbh ------------------------
shape: (32, 1), dtype: uint16
Data:[[54]
 [53]
 [48]
 [54]
 [46]
 [48]
 [51]
 [52]
 [52]
 [53]
 [45]
 [48]
 [32]
 [54]
 [53]
 [48]
 [54]
 [46]
 [48]
 [50]
 [53]
 [48]
 [54]
 [53]
 [57]
 [57]
 [57]
 [57]
 [57]
 [57]
 [45]
 [49]] 
------------------------ Dataset: rbi ------------------------
shape: (33, 1), dtype: uint16
Data:[[54]
 [53]
 [50]
 [49]
 [46]
 [56]
 [52]
 [57]
 [57]
 [56]
 [55]
 [45]
 [48]
 [32]
 [54]
 [53]
 [50]
 [49]
 [46]
 [56]
 [52]
 [54]
 [48]
 [48]
 [49]
 [57]
 [57]
 [57]
 [57]
 [57]
 [57]
 [45]
 [49]] 
------------------------ Dataset: rbj ------------------------
shape: (27, 1), dtype: uint16
Data:[[54]
 [48]
 [49]
 [55]
 [46]
 [51]
 [57]
 [55]
 [56]
 [53]
 [57]
 [45]
 [48]
 [32]
 [54]
 [48]
 [49]
 [55]
 [46]
 [52]
 [48]
 [54]
 [52]
 [57]
 [52]
 [45]
 [49]] 
------------------------ Dataset: rbk ------------------------
shape: (32, 1), dtype: uint16
Data:[[54]
 [48]
 [51]
 [51]
 [46]
 [50]
 [51]
 [55]
 [56]
 [51]
 [53]
 [57]
 [57]
 [57]
 [57]
 [57]
 [57]
 [45]
 [48]
 [32]
 [54]
 [48]
 [51]
 [51]
 [46]
 [50]
 [52]
 [49]
 [55]
 [54]
 [45]
 [49]] 
------------------------ Dataset: rbl ------------------------
shape: (40, 1), dtype: uint16
Data:[[54]
 [48]
 [52]
 [56]
 [46]
 [56]
 [52]
 [49]
 [55]
 [57]
 [55]
 [57]
 [57]
 [57]
 [57]
 [57]
 [57]
 [53]
 [45]
 [48]
 [32]
 [54]
 [48]
 [52]
 [56]
 [46]
 [56]
 [51]
 [56]
 [48]
 [52]
 [49]
 [57]
 [57]
 [57]
 [57]
 [57]
 [57]
 [45]
 [49]] 
------------------------ Dataset: rbm ------------------------
shape: (33, 1), dtype: uint16
Data:[[54]
 [48]
 [54]
 [52]
 [46]
 [55]
 [50]
 [49]
 [56]
 [52]
 [55]
 [57]
 [57]
 [57]
 [57]
 [57]
 [57]
 [45]
 [48]
 [32]
 [54]
 [48]
 [54]
 [52]
 [46]
 [55]
 [50]
 [53]
 [56]
 [49]
 [53]
 [45]
 [49]] 
------------------------ Dataset: rbn ------------------------
shape: (33, 1), dtype: uint16
Data:[[54]
 [48]
 [56]
 [48]
 [46]
 [54]
 [50]
 [50]
 [48]
 [50]
 [48]
 [57]
 [57]
 [57]
 [57]
 [57]
 [57]
 [45]
 [48]
 [32]
 [54]
 [48]
 [56]
 [48]
 [46]
 [54]
 [50]
 [53]
 [49]
 [55]
 [57]
 [45]
 [49]] 
------------------------ Dataset: rbo ------------------------
shape: (27, 1), dtype: uint16
Data:[[53]
 [54]
 [52]
 [49]
 [46]
 [51]
 [55]
 [55]
 [53]
 [57]
 [53]
 [45]
 [48]
 [32]
 [53]
 [54]
 [52]
 [49]
 [46]
 [51]
 [54]
 [57]
 [53]
 [55]
 [50]
 [45]
 [49]] 
------------------------ Dataset: rbp ------------------------
shape: (34, 1), dtype: uint16
Data:[[53]
 [54]
 [53]
 [55]
 [46]
 [49]
 [50]
 [49]
 [53]
 [48]
 [53]
 [57]
 [57]
 [57]
 [57]
 [57]
 [57]
 [53]
 [45]
 [48]
 [32]
 [53]
 [54]
 [53]
 [55]
 [46]
 [49]
 [50]
 [53]
 [52]
 [56]
 [54]
 [45]
 [49]] 
------------------------ Dataset: rbq ------------------------
shape: (27, 1), dtype: uint16
Data:[[53]
 [54]
 [55]
 [50]
 [46]
 [56]
 [51]
 [52]
 [49]
 [50]
 [57]
 [45]
 [48]
 [32]
 [53]
 [54]
 [55]
 [50]
 [46]
 [56]
 [50]
 [57]
 [54]
 [49]
 [54]
 [45]
 [49]] 
------------------------ Dataset: rbr ------------------------
shape: (34, 1), dtype: uint16
Data:[[53]
 [54]
 [56]
 [56]
 [46]
 [54]
 [48]
 [50]
 [52]
 [52]
 [51]
 [45]
 [48]
 [32]
 [53]
 [54]
 [56]
 [56]
 [46]
 [54]
 [48]
 [51]
 [53]
 [51]
 [50]
 [57]
 [57]
 [57]
 [57]
 [57]
 [57]
 [53]
 [45]
 [49]] 
------------------------ Dataset: rbs ------------------------
shape: (33, 1), dtype: uint16
Data:[[53]
 [56]
 [49]
 [52]
 [46]
 [56]
 [54]
 [54]
 [50]
 [51]
 [57]
 [57]
 [57]
 [57]
 [57]
 [57]
 [57]
 [45]
 [48]
 [32]
 [53]
 [56]
 [49]
 [52]
 [46]
 [56]
 [54]
 [50]
 [55]
 [51]
 [53]
 [45]
 [49]] 
------------------------ Dataset: rbt ------------------------
shape: (27, 1), dtype: uint16
Data:[[54]
 [54]
 [48]
 [51]
 [46]
 [57]
 [49]
 [52]
 [52]
 [55]
 [56]
 [45]
 [48]
 [32]
 [54]
 [54]
 [48]
 [51]
 [46]
 [57]
 [50]
 [52]
 [54]
 [50]
 [56]
 [45]
 [49]] 
------------------------ Dataset: rbu ------------------------
shape: (27, 1), dtype: uint16
Data:[[54]
 [54]
 [49]
 [57]
 [46]
 [57]
 [49]
 [52]
 [53]
 [52]
 [51]
 [45]
 [48]
 [32]
 [54]
 [54]
 [49]
 [57]
 [46]
 [57]
 [49]
 [56]
 [51]
 [50]
 [51]
 [45]
 [49]] 
------------------------ Dataset: rbv ------------------------
shape: (27, 1), dtype: uint16
Data:[[54]
 [54]
 [51]
 [53]
 [46]
 [55]
 [54]
 [50]
 [49]
 [52]
 [53]
 [45]
 [48]
 [32]
 [54]
 [54]
 [51]
 [53]
 [46]
 [55]
 [53]
 [56]
 [50]
 [55]
 [57]
 [45]
 [49]] 
------------------------ Dataset: rbw ------------------------
shape: (33, 1), dtype: uint16
Data:[[54]
 [54]
 [53]
 [49]
 [46]
 [51]
 [52]
 [53]
 [52]
 [55]
 [57]
 [45]
 [48]
 [32]
 [54]
 [54]
 [53]
 [49]
 [46]
 [51]
 [52]
 [54]
 [50]
 [48]
 [56]
 [57]
 [57]
 [57]
 [57]
 [57]
 [57]
 [45]
 [49]] 
------------------------ Dataset: rbx ------------------------
shape: (33, 1), dtype: uint16
Data:[[54]
 [54]
 [54]
 [55]
 [46]
 [49]
 [57]
 [56]
 [48]
 [55]
 [57]
 [45]
 [48]
 [32]
 [54]
 [54]
 [54]
 [55]
 [46]
 [49]
 [57]
 [55]
 [49]
 [56]
 [53]
 [57]
 [57]
 [57]
 [57]
 [57]
 [57]
 [45]
 [49]] 
------------------------ Dataset: rby ------------------------
shape: (33, 1), dtype: uint16
Data:[[54]
 [54]
 [56]
 [51]
 [46]
 [49]
 [52]
 [50]
 [49]
 [48]
 [55]
 [45]
 [48]
 [32]
 [54]
 [54]
 [56]
 [51]
 [46]
 [49]
 [51]
 [56]
 [48]
 [52]
 [56]
 [57]
 [57]
 [57]
 [57]
 [57]
 [57]
 [45]
 [49]] 
------------------------ Dataset: rbz ------------------------
shape: (27, 1), dtype: uint16
Data:[[53]
 [57]
 [48]
 [49]
 [46]
 [48]
 [53]
 [56]
 [53]
 [52]
 [56]
 [45]
 [48]
 [32]
 [53]
 [57]
 [48]
 [49]
 [46]
 [48]
 [53]
 [51]
 [55]
 [53]
 [53]
 [45]
 [49]] 
------------------------ Dataset: rc ------------------------
