shape: (1, 6), dtype: uint32
Data:[[3707764736          2          1          1        783          1]] 
------------------------ Dataset: 8mb ------------------------
shape: (39, 1), dtype: uint16
Data:[[54]
 [55]
 [54]
 [55]
 [46]
 [56]
 [50]
 [54]
 [48]
 [56]
 [51]
 [57]
 [57]
 [57]
 [57]
 [57]
 [57]
 [45]
 [48]
 [32]
 [54]
 [55]
 [54]
 [55]
 [46]
 [56]
 [50]
 [50]
 [49]
 [56]
 [53]
 [57]
 [57]
 [57]
 [57]
 [57]
 [57]
 [45]
 [49]] 
------------------------ Dataset: 8mc ------------------------
shape: (33, 1), dtype: uint16
Data:[[54]
 [50]
 [56]
 [48]
 [46]
 [53]
 [57]
 [57]
 [55]
 [51]
 [48]
 [57]
 [57]
 [57]
 [57]
 [57]
 [57]
 [45]
 [48]
 [32]
 [54]
 [50]
 [56]
 [48]
 [46]
 [54]
 [48]
 [49]
 [49]
 [48]
 [56]
 [45]
 [49]] 
------------------------ Dataset: 8md ------------------------
shape: (39, 1), dtype: uint16
Data:[[54]
 [50]
 [57]
 [54]
 [46]
 [51]
 [55]
 [55]
 [57]
 [50]
 [48]
 [57]
 [57]
 [57]
 [57]
 [57]
 [57]
 [45]
 [48]
 [32]
 [54]
 [50]
 [57]
 [54]
 [46]
 [51]
 [55]
 [51]
 [57]
 [52]
 [57]
 [57]
 [57]
 [57]
 [57]
 [57]
 [57]
 [45]
 [49]] 
------------------------ Dataset: 8me ------------------------
shape: (27, 1), dtype: uint16
Data:[[54]
 [51]
 [49]
 [50]
 [46]
 [50]
 [49]
 [56]
 [48]
 [53]
 [52]
 [45]
 [48]
 [32]
 [54]
 [51]
 [49]
 [50]
 [46]
 [50]
 [49]
 [54]
 [54]
 [56]
 [52]
 [45]
 [49]] 
------------------------ Dataset: 8mf ------------------------
shape: (39, 1), dtype: uint16
Data:[[54]
 [51]
 [50]
 [56]
 [46]
 [49]
 [48]
 [48]
 [50]
 [51]
 [48]
 [57]
 [57]
 [57]
 [57]
 [57]
 [57]
 [45]
 [48]
 [32]
 [54]
 [51]
 [50]
 [56]
 [46]
 [48]
 [57]
 [52]
 [48]
 [52]
 [53]
 [57]
 [57]
 [57]
 [57]
 [57]
 [57]
 [45]
 [49]] 
------------------------ Dataset: 8mg ------------------------
shape: (27, 1), dtype: uint16
Data:[[54]
 [51]
 [52]
 [51]
 [46]
 [57]
 [50]
 [49]
 [53]
 [55]
 [51]
 [45]
 [48]
 [32]
 [54]
 [51]
 [52]
 [51]
 [46]
 [57]
 [50]
 [49]
 [53]
 [49]
 [55]
 [45]
 [49]] 
------------------------ Dataset: 8mh ------------------------
shape: (33, 1), dtype: uint16
Data:[[54]
 [53]
 [48]
 [57]
 [46]
 [48]
 [49]
 [53]
 [57]
 [48]
 [49]
 [45]
 [48]
 [32]
 [54]
 [53]
 [48]
 [57]
 [46]
 [48]
 [49]
 [53]
 [56]
 [48]
 [50]
 [57]
 [57]
 [57]
 [57]
 [57]
 [57]
 [45]
 [49]] 
------------------------ Dataset: 8mi ------------------------
shape: (33, 1), dtype: uint16
Data:[[54]
 [53]
 [50]
 [52]
 [46]
 [56]
 [49]
 [56]
 [49]
 [50]
 [56]
 [45]
 [48]
 [32]
 [54]
 [53]
 [50]
 [52]
 [46]
 [56]
 [50]
 [54]
 [48]
 [56]
 [48]
 [57]
 [57]
 [57]
 [57]
 [57]
 [57]
 [45]
 [49]] 
------------------------ Dataset: 8mj ------------------------
shape: (13, 1), dtype: uint16
Data:[[54]
 [48]
 [50]
 [48]
 [46]
 [51]
 [56]
 [57]
 [56]
 [53]
 [51]
 [45]
 [48]] 
------------------------ Dataset: 8mk ------------------------
shape: (33, 1), dtype: uint16
Data:[[54]
 [48]
 [51]
 [54]
 [46]
 [50]
 [48]
 [53]
 [54]
 [54]
 [57]
 [57]
 [57]
 [57]
 [57]
 [57]
 [57]
 [45]
 [48]
 [32]
 [54]
 [48]
 [51]
 [54]
 [46]
 [50]
 [48]
 [57]
 [54]
 [57]
 [49]
 [45]
 [49]] 
------------------------ Dataset: 8ml ------------------------
shape: (26, 1), dtype: uint16
Data:[[54]
 [48]
 [53]
 [49]
 [46]
 [56]
 [48]
 [57]
 [55]
 [54]
 [45]
 [48]
 [32]
 [54]
 [48]
 [53]
 [49]
 [46]
 [56]
 [48]
 [57]
 [55]
 [53]
 [57]
 [45]
 [49]] 
------------------------ Dataset: 8mm ------------------------
shape: (33, 1), dtype: uint16
Data:[[54]
 [48]
 [54]
 [55]
 [46]
 [55]
 [50]
 [48]
 [51]
 [51]
 [50]
 [57]
 [57]
 [57]
 [57]
 [57]
 [57]
 [45]
 [48]
 [32]
 [54]
 [48]
 [54]
 [55]
 [46]
 [55]
 [50]
 [48]
 [51]
 [56]
 [51]
 [45]
 [49]] 
------------------------ Dataset: 8mn ------------------------
shape: (27, 1), dtype: uint16
Data:[[54]
 [48]
 [56]
 [51]
 [46]
 [54]
 [54]
 [57]
 [56]
 [56]
 [57]
 [45]
 [48]
 [32]
 [54]
 [48]
 [56]
 [51]
 [46]
 [54]
 [54]
 [53]
 [56]
 [48]
 [53]
 [45]
 [49]] 
------------------------ Dataset: 8mo ------------------------
shape: (32, 1), dtype: uint16
Data:[[53]
 [54]
 [52]
 [52]
 [46]
 [51]
 [51]
 [52]
 [55]
 [54]
 [51]
 [57]
 [57]
 [57]
 [57]
 [57]
 [57]
 [45]
 [48]
 [32]
 [53]
 [54]
 [52]
 [52]
 [46]
 [51]
 [51]
 [57]
 [54]
 [54]
 [45]
 [49]] 
------------------------ Dataset: 8mp ------------------------
shape: (27, 1), dtype: uint16
Data:[[53]
 [54]
 [54]
 [48]
 [46]
 [48]
 [56]
 [57]
 [54]
 [57]
 [50]
 [45]
 [48]
 [32]
 [53]
 [54]
 [54]
 [48]
 [46]
 [48]
 [57]
 [55]
 [55]
 [52]
 [55]
 [45]
 [49]] 
------------------------ Dataset: 8mq ------------------------
shape: (27, 1), dtype: uint16
Data:[[53]
 [54]
 [55]
 [53]
 [46]
 [55]
 [56]
 [54]
 [51]
 [49]
 [52]
 [45]
 [48]
 [32]
 [53]
 [54]
 [55]
 [53]
 [46]
 [55]
 [56]
 [57]
 [55]
 [49]
 [52]
 [45]
 [49]] 
------------------------ Dataset: 8mr ------------------------
shape: (27, 1), dtype: uint16
Data:[[53]
 [54]
 [57]
 [49]
 [46]
 [53]
 [55]
 [55]
 [57]
 [51]
 [57]
 [45]
 [48]
 [32]
 [53]
 [54]
 [57]
 [49]
 [46]
 [53]
 [55]
 [52]
 [51]
 [52]
 [53]
 [45]
 [49]] 
------------------------ Dataset: 8ms ------------------------
shape: (34, 1), dtype: uint16
Data:[[54]
 [52]
 [49]
 [52]
 [46]
 [56]
 [52]
 [51]
 [51]
 [51]
 [51]
 [45]
 [48]
 [32]
 [54]
 [52]
 [49]
 [52]
 [46]
 [56]
 [51]
 [53]
 [52]
 [53]
 [52]
 [57]
 [57]
 [57]
 [57]
 [57]
 [57]
 [53]
 [45]
 [49]] 
------------------------ Dataset: 8mt ------------------------
shape: (33, 1), dtype: uint16
Data:[[54]
 [54]
 [48]
 [54]
 [46]
 [57]
 [49]
 [53]
 [51]
 [54]
 [53]
 [57]
 [57]
 [57]
 [57]
 [57]
 [57]
 [45]
 [48]
 [32]
 [54]
 [54]
 [48]
 [54]
 [46]
 [57]
 [49]
 [57]
 [52]
 [55]
 [51]
 [45]
 [49]] 
------------------------ Dataset: 8mu ------------------------
shape: (33, 1), dtype: uint16
Data:[[54]
 [54]
 [50]
 [50]
 [46]
 [56]
 [55]
 [52]
 [51]
 [48]
 [55]
 [45]
 [48]
 [32]
 [54]
 [54]
 [50]
 [50]
 [46]
 [56]
 [55]
 [48]
 [54]
 [57]
 [51]
 [57]
 [57]
 [57]
 [57]
 [57]
 [57]
 [45]
 [49]] 
------------------------ Dataset: 8mv ------------------------
shape: (33, 1), dtype: uint16
Data:[[54]
 [54]
 [51]
 [56]
 [46]
 [55]
 [50]
 [50]
 [48]
 [56]
 [45]
 [48]
 [32]
 [54]
 [54]
 [51]
 [56]
 [46]
 [55]
 [49]
 [56]
 [48]
 [55]
 [54]
 [57]
 [57]
 [57]
 [57]
 [57]
 [57]
 [53]
 [45]
 [49]] 
------------------------ Dataset: 8mw ------------------------
shape: (33, 1), dtype: uint16
Data:[[54]
 [54]
 [53]
 [52]
 [46]
 [51]
 [48]
 [57]
 [57]
 [57]
 [57]
 [45]
 [48]
 [32]
 [54]
 [54]
 [53]
 [52]
 [46]
 [51]
 [48]
 [54]
 [48]
 [51]
 [54]
 [57]
 [57]
 [57]
 [57]
 [57]
 [57]
 [45]
 [49]] 
------------------------ Dataset: 8mx ------------------------
shape: (39, 1), dtype: uint16
Data:[[54]
 [54]
 [55]
 [48]
 [46]
 [49]
 [57]
 [56]
 [49]
 [50]
 [48]
 [57]
 [57]
 [57]
 [57]
 [57]
 [57]
 [45]
 [48]
 [32]
 [54]
 [54]
 [55]
 [48]
 [46]
 [50]
 [48]
 [54]
 [48]
 [49]
 [56]
 [57]
 [57]
 [57]
 [57]
 [57]
 [57]
 [45]
 [49]] 
------------------------ Dataset: 8my ------------------------
shape: (33, 1), dtype: uint16
Data:[[54]
 [54]
 [56]
 [54]
 [46]
 [49]
 [50]
 [54]
 [48]
 [56]
 [45]
 [48]
 [32]
 [54]
 [54]
 [56]
 [54]
 [46]
 [49]
 [50]
 [54]
 [48]
 [57]
 [49]
 [57]
 [57]
 [57]
 [57]
 [57]
 [57]
 [53]
 [45]
 [49]] 
------------------------ Dataset: 8mz ------------------------
shape: (19, 1), dtype: uint16
Data:[[53]
 [57]
 [48]
 [52]
 [46]
 [48]
 [52]
 [49]
 [55]
 [54]
 [50]
 [57]
 [57]
 [57]
 [57]
 [57]
 [57]
 [45]
 [48]] 
------------------------ Dataset: 8n ------------------------
