shape: (1, 6), dtype: uint32
Data:[[3707764736          2          1          1        988          1]] 
------------------------ Dataset: vqb ------------------------
shape: (33, 1), dtype: uint16
Data:[[54]
 [55]
 [54]
 [56]
 [46]
 [54]
 [55]
 [52]
 [49]
 [57]
 [49]
 [45]
 [48]
 [32]
 [54]
 [55]
 [54]
 [56]
 [46]
 [54]
 [55]
 [56]
 [50]
 [51]
 [49]
 [57]
 [57]
 [57]
 [57]
 [57]
 [57]
 [45]
 [49]] 
------------------------ Dataset: vqc ------------------------
shape: (26, 1), dtype: uint16
Data:[[54]
 [50]
 [56]
 [49]
 [46]
 [52]
 [55]
 [53]
 [48]
 [54]
 [45]
 [48]
 [32]
 [54]
 [50]
 [56]
 [49]
 [46]
 [52]
 [55]
 [56]
 [52]
 [50]
 [49]
 [45]
 [49]] 
------------------------ Dataset: vqd ------------------------
shape: (27, 1), dtype: uint16
Data:[[54]
 [50]
 [57]
 [55]
 [46]
 [50]
 [52]
 [49]
 [56]
 [54]
 [52]
 [45]
 [48]
 [32]
 [54]
 [50]
 [57]
 [55]
 [46]
 [50]
 [52]
 [53]
 [57]
 [49]
 [49]
 [45]
 [49]] 
------------------------ Dataset: vqe ------------------------
shape: (27, 1), dtype: uint16
Data:[[54]
 [51]
 [49]
 [51]
 [46]
 [49]
 [49]
 [56]
 [51]
 [53]
 [53]
 [45]
 [48]
 [32]
 [54]
 [51]
 [49]
 [51]
 [46]
 [49]
 [49]
 [56]
 [51]
 [51]
 [52]
 [45]
 [49]] 
------------------------ Dataset: vqf ------------------------
shape: (34, 1), dtype: uint16
Data:[[54]
 [51]
 [50]
 [56]
 [46]
 [57]
 [52]
 [49]
 [56]
 [51]
 [53]
 [45]
 [48]
 [32]
 [54]
 [51]
 [50]
 [56]
 [46]
 [57]
 [52]
 [54]
 [48]
 [50]
 [50]
 [57]
 [57]
 [57]
 [57]
 [57]
 [57]
 [53]
 [45]
 [49]] 
------------------------ Dataset: vqg ------------------------
shape: (34, 1), dtype: uint16
Data:[[54]
 [51]
 [52]
 [52]
 [46]
 [55]
 [56]
 [55]
 [52]
 [56]
 [56]
 [45]
 [48]
 [32]
 [54]
 [51]
 [52]
 [52]
 [46]
 [55]
 [55]
 [56]
 [48]
 [49]
 [51]
 [57]
 [57]
 [57]
 [57]
 [57]
 [57]
 [53]
 [45]
 [49]] 
------------------------ Dataset: vqh ------------------------
shape: (27, 1), dtype: uint16
Data:[[54]
 [53]
 [48]
 [57]
 [46]
 [56]
 [55]
 [52]
 [49]
 [48]
 [51]
 [45]
 [48]
 [32]
 [54]
 [53]
 [48]
 [57]
 [46]
 [56]
 [54]
 [54]
 [48]
 [56]
 [54]
 [45]
 [49]] 
------------------------ Dataset: vqi ------------------------
shape: (39, 1), dtype: uint16
Data:[[54]
 [53]
 [50]
 [53]
 [46]
 [54]
 [55]
 [52]
 [51]
 [51]
 [56]
 [57]
 [57]
 [57]
 [57]
 [57]
 [57]
 [45]
 [48]
 [32]
 [54]
 [53]
 [50]
 [53]
 [46]
 [54]
 [55]
 [56]
 [51]
 [56]
 [55]
 [57]
 [57]
 [57]
 [57]
 [57]
 [57]
 [45]
 [49]] 
------------------------ Dataset: vqj ------------------------
shape: (33, 1), dtype: uint16
Data:[[54]
 [48]
 [50]
 [49]
 [46]
 [50]
 [55]
 [55]
 [56]
 [55]
 [56]
 [57]
 [57]
 [57]
 [57]
 [57]
 [57]
 [45]
 [48]
 [32]
 [54]
 [48]
 [50]
 [49]
 [46]
 [50]
 [55]
 [53]
 [55]
 [48]
 [57]
 [45]
 [49]] 
------------------------ Dataset: vqk ------------------------
shape: (13, 1), dtype: uint16
Data:[[54]
 [48]
 [51]
 [55]
 [46]
 [48]
 [53]
 [51]
 [56]
 [56]
 [57]
 [45]
 [48]] 
------------------------ Dataset: vql ------------------------
shape: (39, 1), dtype: uint16
Data:[[54]
 [48]
 [53]
 [50]
 [46]
 [54]
 [56]
 [50]
 [50]
 [50]
 [57]
 [57]
 [57]
 [57]
 [57]
 [57]
 [57]
 [45]
 [48]
 [32]
 [54]
 [48]
 [53]
 [50]
 [46]
 [54]
 [56]
 [51]
 [52]
 [49]
 [49]
 [57]
 [57]
 [57]
 [57]
 [57]
 [57]
 [45]
 [49]] 
------------------------ Dataset: vqm ------------------------
shape: (25, 1), dtype: uint16
Data:[[54]
 [48]
 [54]
 [56]
 [46]
 [53]
 [57]
 [51]
 [56]
 [45]
 [48]
 [32]
 [54]
 [48]
 [54]
 [56]
 [46]
 [54]
 [48]
 [49]
 [56]
 [48]
 [57]
 [45]
 [49]] 
------------------------ Dataset: vqn ------------------------
shape: (12, 1), dtype: uint16
Data:[[54]
 [48]
 [56]
 [52]
 [46]
 [53]
 [49]
 [51]
 [57]
 [49]
 [45]
 [48]] 
------------------------ Dataset: vqo ------------------------
shape: (33, 1), dtype: uint16
Data:[[53]
 [54]
 [52]
 [53]
 [46]
 [49]
 [57]
 [55]
 [54]
 [50]
 [48]
 [57]
 [57]
 [57]
 [57]
 [57]
 [57]
 [45]
 [48]
 [32]
 [53]
 [54]
 [52]
 [53]
 [46]
 [49]
 [57]
 [51]
 [54]
 [52]
 [49]
 [45]
 [49]] 
------------------------ Dataset: vqp ------------------------
shape: (40, 1), dtype: uint16
Data:[[53]
 [54]
 [54]
 [48]
 [46]
 [57]
 [52]
 [53]
 [53]
 [57]
 [50]
 [57]
 [57]
 [57]
 [57]
 [57]
 [57]
 [53]
 [45]
 [48]
 [32]
 [53]
 [54]
 [54]
 [48]
 [46]
 [57]
 [52]
 [57]
 [57]
 [49]
 [55]
 [57]
 [57]
 [57]
 [57]
 [57]
 [57]
 [45]
 [49]] 
------------------------ Dataset: vqq ------------------------
shape: (33, 1), dtype: uint16
Data:[[53]
 [54]
 [55]
 [54]
 [46]
 [54]
 [52]
 [57]
 [57]
 [54]
 [51]
 [57]
 [57]
 [57]
 [57]
 [57]
 [57]
 [45]
 [48]
 [32]
 [53]
 [54]
 [55]
 [54]
 [46]
 [54]
 [52]
 [50]
 [57]
 [57]
 [52]
 [45]
 [49]] 
------------------------ Dataset: vqr ------------------------
shape: (33, 1), dtype: uint16
Data:[[53]
 [54]
 [57]
 [50]
 [46]
 [52]
 [50]
 [53]
 [54]
 [51]
 [49]
 [57]
 [57]
 [57]
 [57]
 [57]
 [57]
 [53]
 [45]
 [48]
 [32]
 [53]
 [54]
 [57]
 [50]
 [46]
 [52]
 [50]
 [49]
 [53]
 [51]
 [45]
 [49]] 
------------------------ Dataset: vqs ------------------------
shape: (33, 1), dtype: uint16
Data:[[54]
 [52]
 [49]
 [53]
 [46]
 [55]
 [50]
 [56]
 [50]
 [52]
 [52]
 [57]
 [57]
 [57]
 [57]
 [57]
 [57]
 [45]
 [48]
 [32]
 [54]
 [52]
 [49]
 [53]
 [46]
 [55]
 [51]
 [48]
 [48]
 [55]
 [49]
 [45]
 [49]] 
------------------------ Dataset: vqt ------------------------
shape: (33, 1), dtype: uint16
Data:[[54]
 [54]
 [48]
 [55]
 [46]
 [56]
 [48]
 [50]
 [48]
 [50]
 [56]
 [45]
 [48]
 [32]
 [54]
 [54]
 [48]
 [55]
 [46]
 [56]
 [48]
 [54]
 [49]
 [49]
 [49]
 [57]
 [57]
 [57]
 [57]
 [57]
 [57]
 [45]
 [49]] 
------------------------ Dataset: vqu ------------------------
shape: (34, 1), dtype: uint16
Data:[[54]
 [54]
 [50]
 [51]
 [46]
 [55]
 [51]
 [48]
 [50]
 [49]
 [54]
 [45]
 [48]
 [32]
 [54]
 [54]
 [50]
 [51]
 [46]
 [55]
 [51]
 [52]
 [49]
 [51]
 [54]
 [57]
 [57]
 [57]
 [57]
 [57]
 [57]
 [53]
 [45]
 [49]] 
------------------------ Dataset: vqv ------------------------
shape: (26, 1), dtype: uint16
Data:[[54]
 [54]
 [51]
 [57]
 [46]
 [53]
 [55]
 [48]
 [49]
 [53]
 [45]
 [48]
 [32]
 [54]
 [54]
 [51]
 [57]
 [46]
 [53]
 [54]
 [54]
 [50]
 [55]
 [50]
 [45]
 [49]] 
------------------------ Dataset: vqw ------------------------
shape: (33, 1), dtype: uint16
Data:[[54]
 [54]
 [53]
 [53]
 [46]
 [49]
 [56]
 [51]
 [51]
 [53]
 [55]
 [45]
 [48]
 [32]
 [54]
 [54]
 [53]
 [53]
 [46]
 [49]
 [55]
 [56]
 [50]
 [53]
 [48]
 [57]
 [57]
 [57]
 [57]
 [57]
 [57]
 [45]
 [49]] 
------------------------ Dataset: vqx ------------------------
shape: (27, 1), dtype: uint16
Data:[[54]
 [54]
 [55]
 [49]
 [46]
 [48]
 [55]
 [56]
 [49]
 [48]
 [54]
 [45]
 [48]
 [32]
 [54]
 [54]
 [55]
 [49]
 [46]
 [48]
 [56]
 [50]
 [48]
 [56]
 [52]
 [45]
 [49]] 
------------------------ Dataset: vqy ------------------------
shape: (19, 1), dtype: uint16
Data:[[54]
 [54]
 [56]
 [54]
 [46]
 [57]
 [55]
 [56]
 [49]
 [55]
 [55]
 [57]
 [57]
 [57]
 [57]
 [57]
 [57]
 [45]
 [49]] 
------------------------ Dataset: vqz ------------------------
shape: (33, 1), dtype: uint16
Data:[[53]
 [57]
 [48]
 [52]
 [46]
 [56]
 [57]
 [55]
 [55]
 [50]
 [56]
 [57]
 [57]
 [57]
 [57]
 [57]
 [57]
 [45]
 [48]
 [32]
 [53]
 [57]
 [48]
 [52]
 [46]
 [56]
 [57]
 [51]
 [55]
 [53]
 [57]
 [45]
 [49]] 
------------------------ Dataset: vr ------------------------
