shape: (1, 6), dtype: uint32
Data:[[3707764736          2          1          1        364          1]] 
------------------------ Dataset: cgb ------------------------
shape: (34, 1), dtype: uint16
Data:[[54]
 [55]
 [54]
 [54]
 [46]
 [48]
 [53]
 [48]
 [56]
 [54]
 [50]
 [57]
 [57]
 [57]
 [57]
 [57]
 [57]
 [53]
 [45]
 [48]
 [32]
 [54]
 [55]
 [54]
 [54]
 [46]
 [48]
 [52]
 [50]
 [50]
 [52]
 [53]
 [45]
 [49]] 
------------------------ Dataset: cgc ------------------------
shape: (1, 5937), dtype: float64
Data:[[-40.84528046 -40.84528046 -40.84528046 ... -40.93230537 -40.93230537
  -40.93230537]] 
------------------------ Dataset: cgd ------------------------
shape: (33, 1), dtype: uint16
Data:[[54]
 [50]
 [57]
 [52]
 [46]
 [54]
 [51]
 [51]
 [57]
 [49]
 [52]
 [45]
 [48]
 [32]
 [54]
 [50]
 [57]
 [52]
 [46]
 [54]
 [51]
 [55]
 [57]
 [49]
 [52]
 [57]
 [57]
 [57]
 [57]
 [57]
 [57]
 [45]
 [49]] 
------------------------ Dataset: cge ------------------------
shape: (33, 1), dtype: uint16
Data:[[54]
 [51]
 [49]
 [48]
 [46]
 [52]
 [53]
 [55]
 [56]
 [57]
 [52]
 [45]
 [48]
 [32]
 [54]
 [51]
 [49]
 [48]
 [46]
 [52]
 [53]
 [52]
 [48]
 [49]
 [55]
 [57]
 [57]
 [57]
 [57]
 [57]
 [57]
 [45]
 [49]] 
------------------------ Dataset: cgf ------------------------
shape: (27, 1), dtype: uint16
Data:[[54]
 [51]
 [50]
 [54]
 [46]
 [51]
 [49]
 [51]
 [57]
 [51]
 [57]
 [45]
 [48]
 [32]
 [54]
 [51]
 [50]
 [54]
 [46]
 [51]
 [50]
 [48]
 [54]
 [56]
 [56]
 [45]
 [49]] 
------------------------ Dataset: cgg ------------------------
shape: (26, 1), dtype: uint16
Data:[[54]
 [51]
 [52]
 [50]
 [46]
 [49]
 [51]
 [56]
 [49]
 [49]
 [45]
 [48]
 [32]
 [54]
 [51]
 [52]
 [50]
 [46]
 [49]
 [51]
 [51]
 [57]
 [52]
 [53]
 [45]
 [49]] 
------------------------ Dataset: cgh ------------------------
shape: (27, 1), dtype: uint16
Data:[[54]
 [53]
 [48]
 [55]
 [46]
 [50]
 [52]
 [53]
 [57]
 [52]
 [50]
 [45]
 [48]
 [32]
 [54]
 [53]
 [48]
 [55]
 [46]
 [50]
 [52]
 [49]
 [57]
 [57]
 [49]
 [45]
 [49]] 
------------------------ Dataset: cgi ------------------------
shape: (27, 1), dtype: uint16
Data:[[54]
 [53]
 [50]
 [51]
 [46]
 [48]
 [54]
 [50]
 [54]
 [51]
 [49]
 [45]
 [48]
 [32]
 [54]
 [53]
 [50]
 [51]
 [46]
 [48]
 [54]
 [54]
 [48]
 [48]
 [50]
 [45]
 [49]] 
------------------------ Dataset: cgj ------------------------
shape: (33, 1), dtype: uint16
Data:[[54]
 [48]
 [49]
 [56]
 [46]
 [54]
 [50]
 [57]
 [55]
 [54]
 [54]
 [57]
 [57]
 [57]
 [57]
 [57]
 [57]
 [45]
 [48]
 [32]
 [54]
 [48]
 [49]
 [56]
 [46]
 [54]
 [50]
 [57]
 [55]
 [56]
 [53]
 [45]
 [49]] 
------------------------ Dataset: cgk ------------------------
shape: (33, 1), dtype: uint16
Data:[[54]
 [48]
 [51]
 [52]
 [46]
 [52]
 [51]
 [48]
 [48]
 [51]
 [55]
 [45]
 [48]
 [32]
 [54]
 [48]
 [51]
 [52]
 [46]
 [52]
 [51]
 [51]
 [56]
 [56]
 [54]
 [57]
 [57]
 [57]
 [57]
 [57]
 [57]
 [45]
 [49]] 
------------------------ Dataset: cgl ------------------------
shape: (33, 1), dtype: uint16
Data:[[54]
 [48]
 [53]
 [48]
 [46]
 [48]
 [54]
 [50]
 [48]
 [54]
 [49]
 [45]
 [48]
 [32]
 [54]
 [48]
 [53]
 [48]
 [46]
 [48]
 [53]
 [56]
 [49]
 [53]
 [56]
 [57]
 [57]
 [57]
 [57]
 [57]
 [57]
 [45]
 [49]] 
------------------------ Dataset: cgm ------------------------
shape: (20, 1), dtype: uint16
Data:[[54]
 [48]
 [54]
 [53]
 [46]
 [57]
 [53]
 [54]
 [48]
 [53]
 [57]
 [57]
 [57]
 [57]
 [57]
 [57]
 [57]
 [53]
 [45]
 [49]] 
------------------------ Dataset: cgn ------------------------
shape: (27, 1), dtype: uint16
Data:[[54]
 [48]
 [56]
 [49]
 [46]
 [56]
 [56]
 [56]
 [51]
 [56]
 [52]
 [45]
 [48]
 [32]
 [54]
 [48]
 [56]
 [49]
 [46]
 [56]
 [57]
 [48]
 [48]
 [54]
 [54]
 [45]
 [49]] 
------------------------ Dataset: cgo ------------------------
shape: (27, 1), dtype: uint16
Data:[[53]
 [54]
 [52]
 [50]
 [46]
 [53]
 [56]
 [57]
 [53]
 [54]
 [52]
 [45]
 [48]
 [32]
 [53]
 [54]
 [52]
 [50]
 [46]
 [53]
 [56]
 [53]
 [53]
 [55]
 [53]
 [45]
 [49]] 
------------------------ Dataset: cgp ------------------------
shape: (27, 1), dtype: uint16
Data:[[53]
 [54]
 [53]
 [56]
 [46]
 [51]
 [51]
 [55]
 [56]
 [55]
 [57]
 [45]
 [48]
 [32]
 [53]
 [54]
 [53]
 [56]
 [46]
 [51]
 [52]
 [52]
 [49]
 [55]
 [54]
 [45]
 [49]] 
------------------------ Dataset: cgq ------------------------
shape: (26, 1), dtype: uint16
Data:[[53]
 [54]
 [55]
 [52]
 [46]
 [48]
 [52]
 [49]
 [54]
 [54]
 [50]
 [45]
 [48]
 [32]
 [53]
 [54]
 [55]
 [52]
 [46]
 [48]
 [51]
 [55]
 [56]
 [56]
 [45]
 [49]] 
------------------------ Dataset: cgr ------------------------
shape: (27, 1), dtype: uint16
Data:[[53]
 [54]
 [56]
 [57]
 [46]
 [56]
 [48]
 [57]
 [53]
 [48]
 [54]
 [45]
 [48]
 [32]
 [53]
 [54]
 [56]
 [57]
 [46]
 [56]
 [49]
 [51]
 [53]
 [56]
 [50]
 [45]
 [49]] 
------------------------ Dataset: cgs ------------------------
shape: (27, 1), dtype: uint16
Data:[[54]
 [52]
 [49]
 [51]
 [46]
 [48]
 [56]
 [54]
 [48]
 [52]
 [56]
 [45]
 [48]
 [32]
 [54]
 [52]
 [49]
 [51]
 [46]
 [48]
 [57]
 [48]
 [48]
 [48]
 [53]
 [45]
 [49]] 
------------------------ Dataset: cgt ------------------------
shape: (34, 1), dtype: uint16
Data:[[54]
 [54]
 [48]
 [53]
 [46]
 [49]
 [53]
 [53]
 [51]
 [54]
 [49]
 [57]
 [57]
 [57]
 [57]
 [57]
 [57]
 [53]
 [45]
 [48]
 [32]
 [54]
 [54]
 [48]
 [53]
 [46]
 [49]
 [53]
 [48]
 [50]
 [49]
 [51]
 [45]
 [49]] 
------------------------ Dataset: cgu ------------------------
shape: (27, 1), dtype: uint16
Data:[[54]
 [54]
 [50]
 [49]
 [46]
 [49]
 [50]
 [51]
 [53]
 [50]
 [55]
 [45]
 [48]
 [32]
 [54]
 [54]
 [50]
 [49]
 [46]
 [49]
 [51]
 [50]
 [48]
 [56]
 [49]
 [45]
 [49]] 
------------------------ Dataset: cgv ------------------------
shape: (34, 1), dtype: uint16
Data:[[54]
 [54]
 [51]
 [54]
 [46]
 [57]
 [56]
 [49]
 [52]
 [57]
 [56]
 [57]
 [57]
 [57]
 [57]
 [57]
 [57]
 [53]
 [45]
 [48]
 [32]
 [54]
 [54]
 [51]
 [54]
 [46]
 [57]
 [56]
 [49]
 [53]
 [50]
 [55]
 [45]
 [49]] 
------------------------ Dataset: cgw ------------------------
shape: (40, 1), dtype: uint16
Data:[[54]
 [54]
 [53]
 [50]
 [46]
 [53]
 [54]
 [51]
 [54]
 [48]
 [55]
 [57]
 [57]
 [57]
 [57]
 [57]
 [57]
 [53]
 [45]
 [48]
 [32]
 [54]
 [54]
 [53]
 [50]
 [46]
 [53]
 [54]
 [55]
 [48]
 [56]
 [54]
 [57]
 [57]
 [57]
 [57]
 [57]
 [57]
 [45]
 [49]] 
------------------------ Dataset: cgx ------------------------
shape: (39, 1), dtype: uint16
Data:[[54]
 [54]
 [54]
 [56]
 [46]
 [52]
 [50]
 [54]
 [48]
 [50]
 [51]
 [57]
 [57]
 [57]
 [57]
 [57]
 [57]
 [45]
 [48]
 [32]
 [54]
 [54]
 [54]
 [56]
 [46]
 [52]
 [51]
 [48]
 [51]
 [53]
 [49]
 [57]
 [57]
 [57]
 [57]
 [57]
 [57]
 [45]
 [49]] 
------------------------ Dataset: cgy ------------------------
shape: (33, 1), dtype: uint16
Data:[[54]
 [54]
 [56]
 [52]
 [46]
 [51]
 [53]
 [52]
 [51]
 [48]
 [56]
 [57]
 [57]
 [57]
 [57]
 [57]
 [57]
 [45]
 [48]
 [32]
 [54]
 [54]
 [56]
 [52]
 [46]
 [51]
 [53]
 [56]
 [50]
 [56]
 [49]
 [45]
 [49]] 
------------------------ Dataset: cgz ------------------------
shape: (27, 1), dtype: uint16
Data:[[53]
 [57]
 [48]
 [50]
 [46]
 [50]
 [56]
 [49]
 [57]
 [50]
 [55]
 [45]
 [48]
 [32]
 [53]
 [57]
 [48]
 [50]
 [46]
 [50]
 [56]
 [57]
 [51]
 [52]
 [52]
 [45]
 [49]] 
------------------------ Dataset: ch ------------------------
