shape: (1, 6), dtype: uint32
Data:[[3707764736          2          1          1       1614          1]] 
------------------------ Dataset: RAb ------------------------
shape: (27, 1), dtype: uint16
Data:[[54]
 [55]
 [55]
 [49]
 [46]
 [51]
 [50]
 [50]
 [49]
 [48]
 [57]
 [45]
 [48]
 [32]
 [54]
 [55]
 [55]
 [49]
 [46]
 [51]
 [50]
 [54]
 [48]
 [55]
 [55]
 [45]
 [49]] 
------------------------ Dataset: RAc ------------------------
shape: (39, 1), dtype: uint16
Data:[[54]
 [50]
 [56]
 [52]
 [46]
 [49]
 [48]
 [51]
 [52]
 [53]
 [54]
 [57]
 [57]
 [57]
 [57]
 [57]
 [57]
 [45]
 [48]
 [32]
 [54]
 [50]
 [56]
 [52]
 [46]
 [49]
 [48]
 [51]
 [52]
 [53]
 [54]
 [57]
 [57]
 [57]
 [57]
 [57]
 [57]
 [45]
 [49]] 
------------------------ Dataset: RAd ------------------------
shape: (33, 1), dtype: uint16
Data:[[54]
 [50]
 [57]
 [57]
 [46]
 [56]
 [54]
 [57]
 [56]
 [53]
 [56]
 [57]
 [57]
 [57]
 [57]
 [57]
 [57]
 [45]
 [48]
 [32]
 [54]
 [50]
 [57]
 [57]
 [46]
 [56]
 [54]
 [53]
 [56]
 [50]
 [50]
 [45]
 [49]] 
------------------------ Dataset: RAe ------------------------
shape: (27, 1), dtype: uint16
Data:[[54]
 [51]
 [49]
 [53]
 [46]
 [55]
 [52]
 [49]
 [56]
 [56]
 [49]
 [45]
 [48]
 [32]
 [54]
 [51]
 [49]
 [53]
 [46]
 [55]
 [52]
 [53]
 [56]
 [57]
 [53]
 [45]
 [49]] 
------------------------ Dataset: RAf ------------------------
shape: (33, 1), dtype: uint16
Data:[[54]
 [51]
 [51]
 [49]
 [46]
 [53]
 [55]
 [52]
 [50]
 [49]
 [57]
 [45]
 [48]
 [32]
 [54]
 [51]
 [51]
 [49]
 [46]
 [53]
 [55]
 [57]
 [49]
 [56]
 [51]
 [57]
 [57]
 [57]
 [57]
 [57]
 [57]
 [45]
 [49]] 
------------------------ Dataset: RAg ------------------------
shape: (27, 1), dtype: uint16
Data:[[54]
 [52]
 [57]
 [54]
 [46]
 [55]
 [51]
 [48]
 [48]
 [49]
 [52]
 [45]
 [48]
 [32]
 [54]
 [52]
 [57]
 [54]
 [46]
 [55]
 [51]
 [51]
 [57]
 [56]
 [56]
 [45]
 [49]] 
------------------------ Dataset: RAh ------------------------
shape: (33, 1), dtype: uint16
Data:[[54]
 [53]
 [49]
 [50]
 [46]
 [52]
 [57]
 [48]
 [48]
 [54]
 [50]
 [57]
 [57]
 [57]
 [57]
 [57]
 [57]
 [45]
 [48]
 [32]
 [54]
 [53]
 [49]
 [50]
 [46]
 [52]
 [56]
 [54]
 [49]
 [54]
 [52]
 [45]
 [49]] 
------------------------ Dataset: RAi ------------------------
shape: (27, 1), dtype: uint16
Data:[[54]
 [53]
 [50]
 [56]
 [46]
 [51]
 [51]
 [49]
 [52]
 [50]
 [55]
 [45]
 [48]
 [32]
 [54]
 [53]
 [50]
 [56]
 [46]
 [51]
 [50]
 [54]
 [51]
 [54]
 [50]
 [45]
 [49]] 
------------------------ Dataset: RAj ------------------------
shape: (39, 1), dtype: uint16
Data:[[54]
 [48]
 [50]
 [51]
 [46]
 [57]
 [48]
 [52]
 [52]
 [55]
 [57]
 [57]
 [57]
 [57]
 [57]
 [57]
 [57]
 [45]
 [48]
 [32]
 [54]
 [48]
 [50]
 [51]
 [46]
 [57]
 [48]
 [54]
 [52]
 [53]
 [57]
 [57]
 [57]
 [57]
 [57]
 [57]
 [57]
 [45]
 [49]] 
------------------------ Dataset: RAk ------------------------
shape: (34, 1), dtype: uint16
Data:[[54]
 [48]
 [51]
 [57]
 [46]
 [54]
 [54]
 [52]
 [53]
 [52]
 [54]
 [45]
 [48]
 [32]
 [54]
 [48]
 [51]
 [57]
 [46]
 [54]
 [54]
 [52]
 [53]
 [50]
 [50]
 [57]
 [57]
 [57]
 [57]
 [57]
 [57]
 [53]
 [45]
 [49]] 
------------------------ Dataset: RAl ------------------------
shape: (33, 1), dtype: uint16
Data:[[54]
 [48]
 [53]
 [53]
 [46]
 [51]
 [50]
 [50]
 [57]
 [48]
 [52]
 [45]
 [48]
 [32]
 [54]
 [48]
 [53]
 [53]
 [46]
 [51]
 [49]
 [56]
 [50]
 [55]
 [54]
 [57]
 [57]
 [57]
 [57]
 [57]
 [57]
 [45]
 [49]] 
------------------------ Dataset: RAm ------------------------
shape: (27, 1), dtype: uint16
Data:[[54]
 [48]
 [55]
 [49]
 [46]
 [50]
 [54]
 [49]
 [54]
 [56]
 [51]
 [45]
 [48]
 [32]
 [54]
 [48]
 [55]
 [49]
 [46]
 [50]
 [53]
 [54]
 [48]
 [48]
 [57]
 [45]
 [49]] 
------------------------ Dataset: RAn ------------------------
shape: (34, 1), dtype: uint16
Data:[[53]
 [54]
 [51]
 [50]
 [46]
 [49]
 [50]
 [53]
 [53]
 [53]
 [57]
 [45]
 [48]
 [32]
 [53]
 [54]
 [51]
 [50]
 [46]
 [49]
 [50]
 [57]
 [53]
 [55]
 [48]
 [57]
 [57]
 [57]
 [57]
 [57]
 [57]
 [53]
 [45]
 [49]] 
------------------------ Dataset: RAo ------------------------
shape: (27, 1), dtype: uint16
Data:[[53]
 [54]
 [52]
 [55]
 [46]
 [56]
 [49]
 [55]
 [55]
 [49]
 [49]
 [45]
 [48]
 [32]
 [53]
 [54]
 [52]
 [55]
 [46]
 [56]
 [49]
 [51]
 [54]
 [50]
 [53]
 [45]
 [49]] 
------------------------ Dataset: RAp ------------------------
shape: (33, 1), dtype: uint16
Data:[[53]
 [54]
 [54]
 [51]
 [46]
 [53]
 [52]
 [53]
 [53]
 [57]
 [51]
 [57]
 [57]
 [57]
 [57]
 [57]
 [57]
 [45]
 [48]
 [32]
 [53]
 [54]
 [54]
 [51]
 [46]
 [53]
 [52]
 [57]
 [53]
 [50]
 [57]
 [45]
 [49]] 
------------------------ Dataset: RAq ------------------------
shape: (33, 1), dtype: uint16
Data:[[53]
 [54]
 [55]
 [57]
 [46]
 [50]
 [57]
 [55]
 [56]
 [50]
 [45]
 [48]
 [32]
 [53]
 [54]
 [55]
 [57]
 [46]
 [50]
 [57]
 [51]
 [54]
 [56]
 [49]
 [57]
 [57]
 [57]
 [57]
 [57]
 [57]
 [53]
 [45]
 [49]] 
------------------------ Dataset: RAr ------------------------
shape: (27, 1), dtype: uint16
Data:[[53]
 [56]
 [48]
 [53]
 [46]
 [54]
 [48]
 [56]
 [54]
 [57]
 [50]
 [45]
 [48]
 [32]
 [53]
 [56]
 [48]
 [53]
 [46]
 [53]
 [57]
 [56]
 [49]
 [52]
 [52]
 [45]
 [49]] 
------------------------ Dataset: RAs ------------------------
shape: (27, 1), dtype: uint16
Data:[[54]
 [52]
 [49]
 [56]
 [46]
 [51]
 [53]
 [50]
 [50]
 [51]
 [52]
 [45]
 [48]
 [32]
 [54]
 [52]
 [49]
 [56]
 [46]
 [51]
 [53]
 [52]
 [50]
 [50]
 [49]
 [45]
 [49]] 
------------------------ Dataset: RAt ------------------------
shape: (33, 1), dtype: uint16
Data:[[54]
 [54]
 [49]
 [48]
 [46]
 [52]
 [52]
 [50]
 [50]
 [54]
 [50]
 [45]
 [48]
 [32]
 [54]
 [54]
 [49]
 [48]
 [46]
 [52]
 [52]
 [55]
 [48]
 [57]
 [54]
 [57]
 [57]
 [57]
 [57]
 [57]
 [57]
 [45]
 [49]] 
------------------------ Dataset: RAu ------------------------
shape: (33, 1), dtype: uint16
Data:[[54]
 [54]
 [50]
 [54]
 [46]
 [51]
 [55]
 [56]
 [50]
 [57]
 [57]
 [45]
 [48]
 [32]
 [54]
 [54]
 [50]
 [54]
 [46]
 [51]
 [56]
 [50]
 [49]
 [54]
 [53]
 [57]
 [57]
 [57]
 [57]
 [57]
 [57]
 [45]
 [49]] 
------------------------ Dataset: RAv ------------------------
shape: (33, 1), dtype: uint16
Data:[[54]
 [54]
 [52]
 [50]
 [46]
 [49]
 [53]
 [56]
 [49]
 [48]
 [49]
 [45]
 [48]
 [32]
 [54]
 [54]
 [52]
 [50]
 [46]
 [49]
 [53]
 [56]
 [50]
 [51]
 [56]
 [57]
 [57]
 [57]
 [57]
 [57]
 [57]
 [45]
 [49]] 
------------------------ Dataset: RAw ------------------------
shape: (33, 1), dtype: uint16
Data:[[54]
 [54]
 [53]
 [55]
 [46]
 [56]
 [53]
 [52]
 [53]
 [50]
 [51]
 [57]
 [57]
 [57]
 [57]
 [57]
 [57]
 [45]
 [48]
 [32]
 [54]
 [54]
 [53]
 [55]
 [46]
 [56]
 [53]
 [57]
 [54]
 [52]
 [56]
 [45]
 [49]] 
------------------------ Dataset: RAx ------------------------
shape: (27, 1), dtype: uint16
Data:[[54]
 [54]
 [55]
 [51]
 [46]
 [55]
 [52]
 [50]
 [48]
 [54]
 [49]
 [45]
 [48]
 [32]
 [54]
 [54]
 [55]
 [51]
 [46]
 [55]
 [51]
 [55]
 [57]
 [57]
 [51]
 [45]
 [49]] 
------------------------ Dataset: RAy ------------------------
shape: (26, 1), dtype: uint16
Data:[[54]
 [54]
 [56]
 [57]
 [46]
 [54]
 [53]
 [52]
 [57]
 [55]
 [49]
 [45]
 [48]
 [32]
 [54]
 [54]
 [56]
 [57]
 [46]
 [54]
 [54]
 [48]
 [48]
 [51]
 [45]
 [49]] 
------------------------ Dataset: RAz ------------------------
shape: (33, 1), dtype: uint16
Data:[[53]
 [57]
 [48]
 [55]
 [46]
 [53]
 [54]
 [52]
 [51]
 [52]
 [48]
 [57]
 [57]
 [57]
 [57]
 [57]
 [57]
 [45]
 [48]
 [32]
 [53]
 [57]
 [48]
 [55]
 [46]
 [53]
 [54]
 [52]
 [52]
 [50]
 [53]
 [45]
 [49]] 
------------------------ Dataset: RB ------------------------
