shape: (1, 6), dtype: uint32
Data:[[3707764736          2          1          1        941          1]] 
------------------------ Dataset: Jpb ------------------------
shape: (13, 1), dtype: uint16
Data:[[54]
 [55]
 [54]
 [56]
 [46]
 [52]
 [56]
 [50]
 [49]
 [56]
 [53]
 [45]
 [48]] 
------------------------ Dataset: Jpc ------------------------
shape: (39, 1), dtype: uint16
Data:[[54]
 [50]
 [56]
 [49]
 [46]
 [50]
 [54]
 [51]
 [48]
 [53]
 [52]
 [57]
 [57]
 [57]
 [57]
 [57]
 [57]
 [45]
 [48]
 [32]
 [54]
 [50]
 [56]
 [49]
 [46]
 [50]
 [53]
 [55]
 [56]
 [48]
 [55]
 [57]
 [57]
 [57]
 [57]
 [57]
 [57]
 [45]
 [49]] 
------------------------ Dataset: Jpd ------------------------
shape: (27, 1), dtype: uint16
Data:[[54]
 [50]
 [57]
 [55]
 [46]
 [48]
 [51]
 [56]
 [48]
 [55]
 [51]
 [45]
 [48]
 [32]
 [54]
 [50]
 [57]
 [55]
 [46]
 [48]
 [52]
 [50]
 [52]
 [51]
 [54]
 [45]
 [49]] 
------------------------ Dataset: Jpe ------------------------
shape: (40, 1), dtype: uint16
Data:[[54]
 [51]
 [49]
 [50]
 [46]
 [57]
 [51]
 [53]
 [49]
 [51]
 [48]
 [57]
 [57]
 [57]
 [57]
 [57]
 [57]
 [45]
 [48]
 [32]
 [54]
 [51]
 [49]
 [50]
 [46]
 [57]
 [50]
 [52]
 [56]
 [53]
 [50]
 [57]
 [57]
 [57]
 [57]
 [57]
 [57]
 [53]
 [45]
 [49]] 
------------------------ Dataset: Jpf ------------------------
shape: (27, 1), dtype: uint16
Data:[[54]
 [51]
 [50]
 [56]
 [46]
 [55]
 [53]
 [48]
 [48]
 [56]
 [51]
 [45]
 [48]
 [32]
 [54]
 [51]
 [50]
 [56]
 [46]
 [55]
 [53]
 [51]
 [57]
 [55]
 [57]
 [45]
 [49]] 
------------------------ Dataset: Jpg ------------------------
shape: (19, 1), dtype: uint16
Data:[[54]
 [51]
 [52]
 [52]
 [46]
 [53]
 [54]
 [57]
 [57]
 [49]
 [50]
 [57]
 [57]
 [57]
 [57]
 [57]
 [57]
 [45]
 [49]] 
------------------------ Dataset: Jph ------------------------
shape: (27, 1), dtype: uint16
Data:[[54]
 [53]
 [48]
 [57]
 [46]
 [54]
 [55]
 [51]
 [57]
 [55]
 [54]
 [45]
 [48]
 [32]
 [54]
 [53]
 [48]
 [57]
 [46]
 [54]
 [54]
 [57]
 [57]
 [54]
 [52]
 [45]
 [49]] 
------------------------ Dataset: Jpi ------------------------
shape: (27, 1), dtype: uint16
Data:[[54]
 [53]
 [50]
 [53]
 [46]
 [52]
 [55]
 [51]
 [57]
 [53]
 [52]
 [45]
 [48]
 [32]
 [54]
 [53]
 [50]
 [53]
 [46]
 [52]
 [55]
 [55]
 [57]
 [57]
 [50]
 [45]
 [49]] 
------------------------ Dataset: Jpj ------------------------
shape: (27, 1), dtype: uint16
Data:[[54]
 [48]
 [50]
 [49]
 [46]
 [48]
 [55]
 [55]
 [55]
 [50]
 [52]
 [45]
 [48]
 [32]
 [54]
 [48]
 [50]
 [49]
 [46]
 [48]
 [56]
 [49]
 [55]
 [49]
 [52]
 [45]
 [49]] 
------------------------ Dataset: Jpk ------------------------
shape: (19, 1), dtype: uint16
Data:[[54]
 [48]
 [51]
 [54]
 [46]
 [56]
 [54]
 [48]
 [57]
 [56]
 [52]
 [57]
 [57]
 [57]
 [57]
 [57]
 [57]
 [45]
 [49]] 
------------------------ Dataset: Jpl ------------------------
shape: (33, 1), dtype: uint16
Data:[[54]
 [48]
 [53]
 [50]
 [46]
 [52]
 [56]
 [49]
 [56]
 [50]
 [50]
 [45]
 [48]
 [32]
 [54]
 [48]
 [53]
 [50]
 [46]
 [52]
 [56]
 [54]
 [53]
 [49]
 [54]
 [57]
 [57]
 [57]
 [57]
 [57]
 [57]
 [45]
 [49]] 
------------------------ Dataset: Jpm ------------------------
shape: (27, 1), dtype: uint16
Data:[[54]
 [48]
 [54]
 [56]
 [46]
 [51]
 [57]
 [52]
 [52]
 [55]
 [50]
 [45]
 [48]
 [32]
 [54]
 [48]
 [54]
 [56]
 [46]
 [51]
 [57]
 [48]
 [50]
 [50]
 [55]
 [45]
 [49]] 
------------------------ Dataset: Jpn ------------------------
shape: (27, 1), dtype: uint16
Data:[[54]
 [48]
 [56]
 [52]
 [46]
 [51]
 [50]
 [49]
 [56]
 [51]
 [53]
 [45]
 [48]
 [32]
 [54]
 [48]
 [56]
 [52]
 [46]
 [51]
 [49]
 [55]
 [57]
 [48]
 [56]
 [45]
 [49]] 
------------------------ Dataset: Jpo ------------------------
shape: (33, 1), dtype: uint16
Data:[[53]
 [54]
 [52]
 [53]
 [46]
 [48]
 [48]
 [49]
 [55]
 [49]
 [57]
 [45]
 [48]
 [32]
 [53]
 [54]
 [52]
 [52]
 [46]
 [57]
 [57]
 [55]
 [54]
 [53]
 [55]
 [57]
 [57]
 [57]
 [57]
 [57]
 [57]
 [45]
 [49]] 
------------------------ Dataset: Jpp ------------------------
shape: (34, 1), dtype: uint16
Data:[[53]
 [54]
 [54]
 [48]
 [46]
 [55]
 [52]
 [53]
 [54]
 [57]
 [49]
 [57]
 [57]
 [57]
 [57]
 [57]
 [57]
 [53]
 [45]
 [48]
 [32]
 [53]
 [54]
 [54]
 [48]
 [46]
 [55]
 [52]
 [57]
 [55]
 [48]
 [55]
 [45]
 [49]] 
------------------------ Dataset: Jpq ------------------------
shape: (33, 1), dtype: uint16
Data:[[53]
 [54]
 [55]
 [54]
 [46]
 [52]
 [52]
 [53]
 [57]
 [51]
 [48]
 [57]
 [57]
 [57]
 [57]
 [57]
 [57]
 [45]
 [48]
 [32]
 [53]
 [54]
 [55]
 [54]
 [46]
 [52]
 [52]
 [54]
 [48]
 [52]
 [53]
 [45]
 [49]] 
------------------------ Dataset: Jpr ------------------------
shape: (27, 1), dtype: uint16
Data:[[53]
 [54]
 [57]
 [50]
 [46]
 [50]
 [50]
 [57]
 [57]
 [54]
 [54]
 [45]
 [48]
 [32]
 [53]
 [54]
 [57]
 [50]
 [46]
 [50]
 [50]
 [54]
 [48]
 [52]
 [52]
 [45]
 [49]] 
------------------------ Dataset: Jps ------------------------
shape: (33, 1), dtype: uint16
Data:[[54]
 [52]
 [49]
 [53]
 [46]
 [53]
 [51]
 [50]
 [51]
 [55]
 [50]
 [45]
 [48]
 [32]
 [54]
 [52]
 [49]
 [53]
 [46]
 [53]
 [51]
 [53]
 [48]
 [49]
 [54]
 [57]
 [57]
 [57]
 [57]
 [57]
 [57]
 [45]
 [49]] 
------------------------ Dataset: Jpt ------------------------
shape: (33, 1), dtype: uint16
Data:[[54]
 [54]
 [48]
 [55]
 [46]
 [54]
 [50]
 [50]
 [49]
 [54]
 [56]
 [57]
 [57]
 [57]
 [57]
 [57]
 [57]
 [45]
 [48]
 [32]
 [54]
 [54]
 [48]
 [55]
 [46]
 [54]
 [48]
 [54]
 [51]
 [51]
 [49]
 [45]
 [49]] 
------------------------ Dataset: Jpu ------------------------
shape: (33, 1), dtype: uint16
Data:[[54]
 [54]
 [50]
 [51]
 [46]
 [53]
 [51]
 [57]
 [55]
 [54]
 [49]
 [45]
 [48]
 [32]
 [54]
 [54]
 [50]
 [51]
 [46]
 [53]
 [52]
 [50]
 [51]
 [56]
 [56]
 [57]
 [57]
 [57]
 [57]
 [57]
 [57]
 [45]
 [49]] 
------------------------ Dataset: Jpv ------------------------
shape: (34, 1), dtype: uint16
Data:[[54]
 [54]
 [51]
 [57]
 [46]
 [51]
 [55]
 [52]
 [50]
 [53]
 [50]
 [45]
 [48]
 [32]
 [54]
 [54]
 [51]
 [57]
 [46]
 [51]
 [55]
 [52]
 [49]
 [48]
 [51]
 [57]
 [57]
 [57]
 [57]
 [57]
 [57]
 [53]
 [45]
 [49]] 
------------------------ Dataset: Jpw ------------------------
shape: (33, 1), dtype: uint16
Data:[[54]
 [54]
 [53]
 [52]
 [46]
 [57]
 [57]
 [48]
 [48]
 [52]
 [56]
 [45]
 [48]
 [32]
 [54]
 [54]
 [53]
 [52]
 [46]
 [57]
 [56]
 [54]
 [49]
 [50]
 [52]
 [57]
 [57]
 [57]
 [57]
 [57]
 [57]
 [45]
 [49]] 
------------------------ Dataset: Jpx ------------------------
shape: (39, 1), dtype: uint16
Data:[[54]
 [54]
 [55]
 [48]
 [46]
 [56]
 [56]
 [56]
 [50]
 [52]
 [55]
 [57]
 [57]
 [57]
 [57]
 [57]
 [57]
 [45]
 [48]
 [32]
 [54]
 [54]
 [55]
 [48]
 [46]
 [56]
 [57]
 [48]
 [51]
 [50]
 [52]
 [57]
 [57]
 [57]
 [57]
 [57]
 [57]
 [45]
 [49]] 
------------------------ Dataset: Jpy ------------------------
shape: (27, 1), dtype: uint16
Data:[[54]
 [54]
 [56]
 [54]
 [46]
 [55]
 [57]
 [48]
 [48]
 [55]
 [53]
 [45]
 [48]
 [32]
 [54]
 [54]
 [56]
 [54]
 [46]
 [55]
 [56]
 [54]
 [48]
 [54]
 [49]
 [45]
 [49]] 
------------------------ Dataset: Jpz ------------------------
shape: (34, 1), dtype: uint16
Data:[[53]
 [57]
 [48]
 [52]
 [46]
 [55]
 [48]
 [53]
 [56]
 [55]
 [53]
 [45]
 [48]
 [32]
 [53]
 [57]
 [48]
 [52]
 [46]
 [55]
 [48]
 [50]
 [49]
 [51]
 [52]
 [57]
 [57]
 [57]
 [57]
 [57]
 [57]
 [53]
 [45]
 [49]] 
------------------------ Dataset: Jq ------------------------
