shape: (1, 6), dtype: uint32
Data:[[3707764736          2          1          1       1157          1]] 
------------------------ Dataset: itb ------------------------
shape: (33, 1), dtype: uint16
Data:[[54]
 [55]
 [54]
 [57]
 [46]
 [52]
 [49]
 [48]
 [49]
 [49]
 [56]
 [45]
 [48]
 [32]
 [54]
 [55]
 [54]
 [57]
 [46]
 [52]
 [49]
 [52]
 [49]
 [53]
 [57]
 [57]
 [57]
 [57]
 [57]
 [57]
 [57]
 [45]
 [49]] 
------------------------ Dataset: itc ------------------------
shape: (34, 1), dtype: uint16
Data:[[54]
 [50]
 [56]
 [50]
 [46]
 [49]
 [56]
 [49]
 [56]
 [53]
 [51]
 [57]
 [57]
 [57]
 [57]
 [57]
 [57]
 [53]
 [45]
 [48]
 [32]
 [54]
 [50]
 [56]
 [50]
 [46]
 [49]
 [55]
 [55]
 [56]
 [54]
 [53]
 [45]
 [49]] 
------------------------ Dataset: itd ------------------------
shape: (33, 1), dtype: uint16
Data:[[54]
 [50]
 [57]
 [55]
 [46]
 [57]
 [52]
 [50]
 [48]
 [48]
 [50]
 [45]
 [48]
 [32]
 [54]
 [50]
 [57]
 [55]
 [46]
 [57]
 [52]
 [56]
 [48]
 [52]
 [50]
 [57]
 [57]
 [57]
 [57]
 [57]
 [57]
 [45]
 [49]] 
------------------------ Dataset: ite ------------------------
shape: (33, 1), dtype: uint16
Data:[[54]
 [51]
 [49]
 [51]
 [46]
 [56]
 [50]
 [50]
 [48]
 [52]
 [53]
 [57]
 [57]
 [57]
 [57]
 [57]
 [57]
 [45]
 [48]
 [32]
 [54]
 [51]
 [49]
 [51]
 [46]
 [56]
 [50]
 [53]
 [56]
 [55]
 [54]
 [45]
 [49]] 
------------------------ Dataset: itf ------------------------
shape: (39, 1), dtype: uint16
Data:[[54]
 [51]
 [50]
 [57]
 [46]
 [54]
 [53]
 [51]
 [56]
 [56]
 [51]
 [57]
 [57]
 [57]
 [57]
 [57]
 [57]
 [45]
 [48]
 [32]
 [54]
 [51]
 [50]
 [57]
 [46]
 [54]
 [53]
 [48]
 [54]
 [49]
 [57]
 [57]
 [57]
 [57]
 [57]
 [57]
 [57]
 [45]
 [49]] 
------------------------ Dataset: itg ------------------------
shape: (33, 1), dtype: uint16
Data:[[54]
 [51]
 [52]
 [53]
 [46]
 [52]
 [56]
 [54]
 [54]
 [57]
 [57]
 [45]
 [48]
 [32]
 [54]
 [51]
 [52]
 [53]
 [46]
 [52]
 [57]
 [48]
 [56]
 [52]
 [49]
 [57]
 [57]
 [57]
 [57]
 [57]
 [57]
 [45]
 [49]] 
------------------------ Dataset: ith ------------------------
shape: (39, 1), dtype: uint16
Data:[[54]
 [53]
 [49]
 [48]
 [46]
 [53]
 [55]
 [48]
 [48]
 [49]
 [49]
 [57]
 [57]
 [57]
 [57]
 [57]
 [57]
 [45]
 [48]
 [32]
 [54]
 [53]
 [49]
 [48]
 [46]
 [53]
 [55]
 [52]
 [49]
 [48]
 [56]
 [57]
 [57]
 [57]
 [57]
 [57]
 [57]
 [45]
 [49]] 
------------------------ Dataset: iti ------------------------
shape: (34, 1), dtype: uint16
Data:[[54]
 [53]
 [50]
 [54]
 [46]
 [51]
 [56]
 [54]
 [57]
 [54]
 [54]
 [57]
 [57]
 [57]
 [57]
 [57]
 [57]
 [53]
 [45]
 [48]
 [32]
 [54]
 [53]
 [50]
 [54]
 [46]
 [51]
 [57]
 [48]
 [53]
 [48]
 [54]
 [45]
 [49]] 
------------------------ Dataset: itj ------------------------
shape: (33, 1), dtype: uint16
Data:[[54]
 [48]
 [50]
 [49]
 [46]
 [57]
 [56]
 [57]
 [56]
 [53]
 [56]
 [57]
 [57]
 [57]
 [57]
 [57]
 [57]
 [45]
 [48]
 [32]
 [54]
 [48]
 [50]
 [49]
 [46]
 [57]
 [56]
 [53]
 [57]
 [54]
 [53]
 [45]
 [49]] 
------------------------ Dataset: itk ------------------------
shape: (13, 1), dtype: uint16
Data:[[54]
 [48]
 [51]
 [55]
 [46]
 [55]
 [54]
 [50]
 [48]
 [50]
 [50]
 [45]
 [49]] 
------------------------ Dataset: itl ------------------------
shape: (33, 1), dtype: uint16
Data:[[54]
 [48]
 [53]
 [51]
 [46]
 [52]
 [49]
 [56]
 [48]
 [49]
 [55]
 [45]
 [48]
 [32]
 [54]
 [48]
 [53]
 [51]
 [46]
 [52]
 [49]
 [52]
 [49]
 [48]
 [56]
 [57]
 [57]
 [57]
 [57]
 [57]
 [57]
 [45]
 [49]] 
------------------------ Dataset: itm ------------------------
shape: (34, 1), dtype: uint16
Data:[[54]
 [48]
 [54]
 [57]
 [46]
 [51]
 [49]
 [51]
 [55]
 [55]
 [49]
 [57]
 [57]
 [57]
 [57]
 [57]
 [57]
 [53]
 [45]
 [48]
 [32]
 [54]
 [48]
 [54]
 [57]
 [46]
 [51]
 [48]
 [57]
 [55]
 [53]
 [50]
 [45]
 [49]] 
------------------------ Dataset: itn ------------------------
shape: (33, 1), dtype: uint16
Data:[[54]
 [48]
 [56]
 [53]
 [46]
 [50]
 [49]
 [55]
 [55]
 [50]
 [49]
 [57]
 [57]
 [57]
 [57]
 [57]
 [57]
 [45]
 [48]
 [32]
 [54]
 [48]
 [56]
 [53]
 [46]
 [50]
 [49]
 [51]
 [56]
 [50]
 [56]
 [45]
 [49]] 
------------------------ Dataset: ito ------------------------
shape: (27, 1), dtype: uint16
Data:[[53]
 [54]
 [52]
 [53]
 [46]
 [56]
 [56]
 [57]
 [53]
 [53]
 [56]
 [45]
 [48]
 [32]
 [53]
 [54]
 [52]
 [53]
 [46]
 [56]
 [57]
 [54]
 [48]
 [50]
 [50]
 [45]
 [49]] 
------------------------ Dataset: itp ------------------------
shape: (33, 1), dtype: uint16
Data:[[53]
 [54]
 [54]
 [49]
 [46]
 [54]
 [53]
 [49]
 [49]
 [50]
 [49]
 [45]
 [48]
 [32]
 [53]
 [54]
 [54]
 [49]
 [46]
 [54]
 [52]
 [53]
 [54]
 [48]
 [56]
 [57]
 [57]
 [57]
 [57]
 [57]
 [57]
 [45]
 [49]] 
------------------------ Dataset: itq ------------------------
shape: (39, 1), dtype: uint16
Data:[[53]
 [54]
 [55]
 [55]
 [46]
 [51]
 [52]
 [54]
 [54]
 [49]
 [54]
 [57]
 [57]
 [57]
 [57]
 [57]
 [57]
 [45]
 [48]
 [32]
 [53]
 [54]
 [55]
 [55]
 [46]
 [51]
 [53]
 [53]
 [55]
 [54]
 [49]
 [57]
 [57]
 [57]
 [57]
 [57]
 [57]
 [45]
 [49]] 
------------------------ Dataset: itr ------------------------
shape: (13, 1), dtype: uint16
Data:[[53]
 [54]
 [57]
 [51]
 [46]
 [49]
 [50]
 [49]
 [55]
 [48]
 [56]
 [45]
 [49]] 
------------------------ Dataset: its ------------------------
shape: (33, 1), dtype: uint16
Data:[[54]
 [52]
 [49]
 [54]
 [46]
 [52]
 [51]
 [56]
 [48]
 [49]
 [54]
 [45]
 [48]
 [32]
 [54]
 [52]
 [49]
 [54]
 [46]
 [52]
 [52]
 [49]
 [57]
 [50]
 [50]
 [57]
 [57]
 [57]
 [57]
 [57]
 [57]
 [45]
 [49]] 
------------------------ Dataset: itt ------------------------
shape: (33, 1), dtype: uint16
Data:[[54]
 [54]
 [48]
 [56]
 [46]
 [53]
 [50]
 [54]
 [48]
 [53]
 [52]
 [57]
 [57]
 [57]
 [57]
 [57]
 [57]
 [45]
 [48]
 [32]
 [54]
 [54]
 [48]
 [56]
 [46]
 [53]
 [49]
 [56]
 [49]
 [55]
 [54]
 [45]
 [49]] 
------------------------ Dataset: itu ------------------------
shape: (27, 1), dtype: uint16
Data:[[54]
 [54]
 [50]
 [52]
 [46]
 [52]
 [53]
 [56]
 [54]
 [48]
 [50]
 [45]
 [48]
 [32]
 [54]
 [54]
 [50]
 [52]
 [46]
 [52]
 [53]
 [54]
 [55]
 [52]
 [57]
 [45]
 [49]] 
------------------------ Dataset: itv ------------------------
shape: (26, 1), dtype: uint16
Data:[[54]
 [54]
 [52]
 [48]
 [46]
 [50]
 [54]
 [50]
 [50]
 [52]
 [55]
 [45]
 [48]
 [32]
 [54]
 [54]
 [52]
 [48]
 [46]
 [50]
 [54]
 [54]
 [50]
 [55]
 [45]
 [49]] 
------------------------ Dataset: itw ------------------------
shape: (34, 1), dtype: uint16
Data:[[54]
 [54]
 [53]
 [53]
 [46]
 [57]
 [48]
 [50]
 [49]
 [53]
 [54]
 [57]
 [57]
 [57]
 [57]
 [57]
 [57]
 [53]
 [45]
 [48]
 [32]
 [54]
 [54]
 [53]
 [53]
 [46]
 [57]
 [48]
 [54]
 [49]
 [51]
 [52]
 [45]
 [49]] 
------------------------ Dataset: itx ------------------------
shape: (32, 1), dtype: uint16
Data:[[54]
 [54]
 [55]
 [49]
 [46]
 [55]
 [57]
 [48]
 [55]
 [54]
 [45]
 [48]
 [32]
 [54]
 [54]
 [55]
 [49]
 [46]
 [55]
 [57]
 [48]
 [51]
 [55]
 [54]
 [57]
 [57]
 [57]
 [57]
 [57]
 [57]
 [45]
 [49]] 
------------------------ Dataset: ity ------------------------
shape: (34, 1), dtype: uint16
Data:[[54]
 [54]
 [56]
 [55]
 [46]
 [54]
 [57]
 [52]
 [50]
 [54]
 [50]
 [45]
 [48]
 [32]
 [54]
 [54]
 [56]
 [55]
 [46]
 [54]
 [57]
 [56]
 [49]
 [57]
 [56]
 [57]
 [57]
 [57]
 [57]
 [57]
 [57]
 [53]
 [45]
 [49]] 
------------------------ Dataset: itz ------------------------
shape: (34, 1), dtype: uint16
Data:[[53]
 [57]
 [48]
 [53]
 [46]
 [54]
 [48]
 [49]
 [55]
 [52]
 [48]
 [57]
 [57]
 [57]
 [57]
 [57]
 [57]
 [53]
 [45]
 [48]
 [32]
 [53]
 [57]
 [48]
 [53]
 [46]
 [53]
 [57]
 [55]
 [57]
 [51]
 [56]
 [45]
 [49]] 
------------------------ Dataset: iu ------------------------
