shape: (1, 6), dtype: uint32
Data:[[3707764736          2          1          1        764          1]] 
------------------------ Dataset: Omb ------------------------
shape: (33, 1), dtype: uint16
Data:[[54]
 [55]
 [54]
 [55]
 [46]
 [55]
 [51]
 [56]
 [52]
 [51]
 [55]
 [45]
 [48]
 [32]
 [54]
 [55]
 [54]
 [55]
 [46]
 [55]
 [51]
 [53]
 [55]
 [49]
 [56]
 [57]
 [57]
 [57]
 [57]
 [57]
 [57]
 [45]
 [49]] 
------------------------ Dataset: Omc ------------------------
shape: (33, 1), dtype: uint16
Data:[[54]
 [50]
 [56]
 [48]
 [46]
 [53]
 [50]
 [49]
 [56]
 [51]
 [51]
 [45]
 [48]
 [32]
 [54]
 [50]
 [56]
 [48]
 [46]
 [53]
 [49]
 [55]
 [56]
 [56]
 [52]
 [57]
 [57]
 [57]
 [57]
 [57]
 [57]
 [45]
 [49]] 
------------------------ Dataset: Omd ------------------------
shape: (33, 1), dtype: uint16
Data:[[54]
 [50]
 [57]
 [54]
 [46]
 [50]
 [57]
 [56]
 [50]
 [48]
 [55]
 [57]
 [57]
 [57]
 [57]
 [57]
 [57]
 [45]
 [48]
 [32]
 [54]
 [50]
 [57]
 [54]
 [46]
 [51]
 [48]
 [57]
 [49]
 [49]
 [50]
 [45]
 [49]] 
------------------------ Dataset: Ome ------------------------
shape: (32, 1), dtype: uint16
Data:[[54]
 [51]
 [49]
 [50]
 [46]
 [49]
 [52]
 [56]
 [50]
 [45]
 [48]
 [32]
 [54]
 [51]
 [49]
 [50]
 [46]
 [49]
 [51]
 [51]
 [57]
 [56]
 [52]
 [57]
 [57]
 [57]
 [57]
 [57]
 [57]
 [53]
 [45]
 [49]] 
------------------------ Dataset: Omf ------------------------
shape: (27, 1), dtype: uint16
Data:[[54]
 [51]
 [50]
 [56]
 [46]
 [48]
 [49]
 [51]
 [57]
 [55]
 [56]
 [45]
 [48]
 [32]
 [54]
 [51]
 [50]
 [56]
 [46]
 [48]
 [50]
 [50]
 [48]
 [53]
 [49]
 [45]
 [49]] 
------------------------ Dataset: Omg ------------------------
shape: (40, 1), dtype: uint16
Data:[[54]
 [51]
 [52]
 [51]
 [46]
 [56]
 [51]
 [56]
 [49]
 [49]
 [57]
 [57]
 [57]
 [57]
 [57]
 [57]
 [57]
 [45]
 [48]
 [32]
 [54]
 [51]
 [52]
 [51]
 [46]
 [56]
 [52]
 [50]
 [48]
 [50]
 [48]
 [57]
 [57]
 [57]
 [57]
 [57]
 [57]
 [53]
 [45]
 [49]] 
------------------------ Dataset: Omh ------------------------
shape: (33, 1), dtype: uint16
Data:[[54]
 [53]
 [48]
 [56]
 [46]
 [57]
 [50]
 [49]
 [57]
 [48]
 [57]
 [45]
 [48]
 [32]
 [54]
 [53]
 [48]
 [56]
 [46]
 [57]
 [51]
 [53]
 [57]
 [53]
 [50]
 [57]
 [57]
 [57]
 [57]
 [57]
 [57]
 [45]
 [49]] 
------------------------ Dataset: Omi ------------------------
shape: (27, 1), dtype: uint16
Data:[[54]
 [53]
 [50]
 [52]
 [46]
 [55]
 [52]
 [54]
 [51]
 [55]
 [53]
 [45]
 [48]
 [32]
 [54]
 [53]
 [50]
 [52]
 [46]
 [55]
 [52]
 [50]
 [48]
 [57]
 [57]
 [45]
 [49]] 
------------------------ Dataset: Omj ------------------------
shape: (13, 1), dtype: uint16
Data:[[54]
 [48]
 [50]
 [48]
 [46]
 [51]
 [49]
 [51]
 [55]
 [56]
 [51]
 [45]
 [49]] 
------------------------ Dataset: Omk ------------------------
shape: (34, 1), dtype: uint16
Data:[[54]
 [48]
 [51]
 [54]
 [46]
 [49]
 [51]
 [49]
 [54]
 [52]
 [52]
 [57]
 [57]
 [57]
 [57]
 [57]
 [57]
 [53]
 [45]
 [48]
 [32]
 [54]
 [48]
 [51]
 [54]
 [46]
 [49]
 [51]
 [55]
 [55]
 [55]
 [55]
 [45]
 [49]] 
------------------------ Dataset: Oml ------------------------
shape: (34, 1), dtype: uint16
Data:[[54]
 [48]
 [53]
 [49]
 [46]
 [55]
 [50]
 [57]
 [55]
 [51]
 [56]
 [45]
 [48]
 [32]
 [54]
 [48]
 [53]
 [49]
 [46]
 [55]
 [51]
 [51]
 [56]
 [53]
 [52]
 [57]
 [57]
 [57]
 [57]
 [57]
 [57]
 [53]
 [45]
 [49]] 
------------------------ Dataset: Omm ------------------------
shape: (33, 1), dtype: uint16
Data:[[54]
 [48]
 [54]
 [55]
 [46]
 [54]
 [51]
 [51]
 [55]
 [53]
 [51]
 [45]
 [48]
 [32]
 [54]
 [48]
 [54]
 [55]
 [46]
 [54]
 [51]
 [57]
 [49]
 [50]
 [51]
 [57]
 [57]
 [57]
 [57]
 [57]
 [57]
 [45]
 [49]] 
------------------------ Dataset: Omn ------------------------
shape: (26, 1), dtype: uint16
Data:[[54]
 [48]
 [56]
 [51]
 [46]
 [53]
 [57]
 [53]
 [50]
 [52]
 [45]
 [48]
 [32]
 [54]
 [48]
 [56]
 [51]
 [46]
 [53]
 [56]
 [54]
 [54]
 [53]
 [52]
 [45]
 [49]] 
------------------------ Dataset: Omo ------------------------
shape: (27, 1), dtype: uint16
Data:[[53]
 [54]
 [52]
 [52]
 [46]
 [50]
 [54]
 [49]
 [53]
 [50]
 [53]
 [45]
 [48]
 [32]
 [53]
 [54]
 [52]
 [52]
 [46]
 [50]
 [53]
 [55]
 [53]
 [54]
 [50]
 [45]
 [49]] 
------------------------ Dataset: Omp ------------------------
shape: (27, 1), dtype: uint16
Data:[[53]
 [54]
 [54]
 [48]
 [46]
 [48]
 [50]
 [48]
 [49]
 [56]
 [49]
 [45]
 [48]
 [32]
 [53]
 [54]
 [54]
 [48]
 [46]
 [48]
 [49]
 [52]
 [56]
 [54]
 [49]
 [45]
 [49]] 
------------------------ Dataset: Omq ------------------------
shape: (32, 1), dtype: uint16
Data:[[53]
 [54]
 [55]
 [53]
 [46]
 [55]
 [49]
 [51]
 [54]
 [49]
 [45]
 [48]
 [32]
 [53]
 [54]
 [55]
 [53]
 [46]
 [55]
 [48]
 [57]
 [53]
 [53]
 [49]
 [57]
 [57]
 [57]
 [57]
 [57]
 [57]
 [45]
 [49]] 
------------------------ Dataset: Omr ------------------------
shape: (27, 1), dtype: uint16
Data:[[53]
 [54]
 [57]
 [49]
 [46]
 [52]
 [57]
 [55]
 [54]
 [48]
 [53]
 [45]
 [48]
 [32]
 [53]
 [54]
 [57]
 [49]
 [46]
 [52]
 [57]
 [52]
 [50]
 [57]
 [57]
 [45]
 [49]] 
------------------------ Dataset: Oms ------------------------
shape: (32, 1), dtype: uint16
Data:[[54]
 [52]
 [49]
 [52]
 [46]
 [55]
 [53]
 [55]
 [57]
 [50]
 [56]
 [57]
 [57]
 [57]
 [57]
 [57]
 [57]
 [45]
 [48]
 [32]
 [54]
 [52]
 [49]
 [52]
 [46]
 [55]
 [54]
 [49]
 [56]
 [57]
 [45]
 [49]] 
------------------------ Dataset: Omt ------------------------
shape: (32, 1), dtype: uint16
Data:[[54]
 [54]
 [48]
 [54]
 [46]
 [56]
 [52]
 [50]
 [55]
 [57]
 [45]
 [48]
 [32]
 [54]
 [54]
 [48]
 [54]
 [46]
 [56]
 [51]
 [56]
 [49]
 [49]
 [57]
 [57]
 [57]
 [57]
 [57]
 [57]
 [57]
 [45]
 [49]] 
------------------------ Dataset: Omu ------------------------
shape: (33, 1), dtype: uint16
Data:[[54]
 [54]
 [50]
 [50]
 [46]
 [55]
 [57]
 [54]
 [49]
 [55]
 [45]
 [48]
 [32]
 [54]
 [54]
 [50]
 [50]
 [46]
 [55]
 [57]
 [56]
 [48]
 [54]
 [48]
 [57]
 [57]
 [57]
 [57]
 [57]
 [57]
 [53]
 [45]
 [49]] 
------------------------ Dataset: Omv ------------------------
shape: (39, 1), dtype: uint16
Data:[[54]
 [54]
 [51]
 [56]
 [46]
 [54]
 [52]
 [50]
 [52]
 [54]
 [53]
 [57]
 [57]
 [57]
 [57]
 [57]
 [57]
 [45]
 [48]
 [32]
 [54]
 [54]
 [51]
 [56]
 [46]
 [54]
 [52]
 [54]
 [49]
 [50]
 [55]
 [57]
 [57]
 [57]
 [57]
 [57]
 [57]
 [45]
 [49]] 
------------------------ Dataset: Omw ------------------------
shape: (33, 1), dtype: uint16
Data:[[54]
 [54]
 [53]
 [52]
 [46]
 [50]
 [51]
 [48]
 [48]
 [52]
 [49]
 [45]
 [48]
 [32]
 [54]
 [54]
 [53]
 [52]
 [46]
 [50]
 [51]
 [52]
 [48]
 [57]
 [48]
 [57]
 [57]
 [57]
 [57]
 [57]
 [57]
 [45]
 [49]] 
------------------------ Dataset: Omx ------------------------
shape: (27, 1), dtype: uint16
Data:[[54]
 [54]
 [55]
 [48]
 [46]
 [49]
 [50]
 [54]
 [48]
 [50]
 [49]
 [45]
 [48]
 [32]
 [54]
 [54]
 [55]
 [48]
 [46]
 [49]
 [50]
 [49]
 [57]
 [57]
 [49]
 [45]
 [49]] 
------------------------ Dataset: Omy ------------------------
shape: (33, 1), dtype: uint16
Data:[[54]
 [54]
 [56]
 [54]
 [46]
 [48]
 [52]
 [54]
 [57]
 [48]
 [52]
 [57]
 [57]
 [57]
 [57]
 [57]
 [57]
 [45]
 [48]
 [32]
 [54]
 [54]
 [56]
 [54]
 [46]
 [48]
 [53]
 [48]
 [51]
 [56]
 [49]
 [45]
 [49]] 
------------------------ Dataset: Omz ------------------------
shape: (13, 1), dtype: uint16
Data:[[53]
 [57]
 [48]
 [51]
 [46]
 [57]
 [54]
 [49]
 [56]
 [55]
 [53]
 [45]
 [48]] 
------------------------ Dataset: On ------------------------
