shape: (1, 6), dtype: uint32
Data:[[3707764736          2          1          1        862          1]] 
------------------------ Dataset: qob ------------------------
shape: (34, 1), dtype: uint16
Data:[[54]
 [55]
 [54]
 [56]
 [46]
 [49]
 [53]
 [56]
 [49]
 [52]
 [55]
 [57]
 [57]
 [57]
 [57]
 [57]
 [57]
 [53]
 [45]
 [48]
 [32]
 [54]
 [55]
 [54]
 [56]
 [46]
 [49]
 [53]
 [52]
 [51]
 [55]
 [50]
 [45]
 [49]] 
------------------------ Dataset: qoc ------------------------
shape: (32, 1), dtype: uint16
Data:[[54]
 [50]
 [56]
 [48]
 [46]
 [57]
 [51]
 [52]
 [53]
 [49]
 [45]
 [48]
 [32]
 [54]
 [50]
 [56]
 [48]
 [46]
 [57]
 [51]
 [49]
 [52]
 [53]
 [53]
 [57]
 [57]
 [57]
 [57]
 [57]
 [57]
 [45]
 [49]] 
------------------------ Dataset: qod ------------------------
shape: (33, 1), dtype: uint16
Data:[[54]
 [50]
 [57]
 [54]
 [46]
 [55]
 [49]
 [51]
 [56]
 [54]
 [50]
 [45]
 [48]
 [32]
 [54]
 [50]
 [57]
 [54]
 [46]
 [55]
 [49]
 [51]
 [56]
 [54]
 [48]
 [57]
 [57]
 [57]
 [57]
 [57]
 [57]
 [45]
 [49]] 
------------------------ Dataset: qoe ------------------------
shape: (39, 1), dtype: uint16
Data:[[54]
 [51]
 [49]
 [50]
 [46]
 [53]
 [52]
 [53]
 [57]
 [49]
 [51]
 [57]
 [57]
 [57]
 [57]
 [57]
 [57]
 [45]
 [48]
 [32]
 [54]
 [51]
 [49]
 [50]
 [46]
 [53]
 [52]
 [49]
 [56]
 [53]
 [54]
 [57]
 [57]
 [57]
 [57]
 [57]
 [57]
 [45]
 [49]] 
------------------------ Dataset: qof ------------------------
shape: (27, 1), dtype: uint16
Data:[[54]
 [51]
 [50]
 [56]
 [46]
 [52]
 [49]
 [55]
 [56]
 [57]
 [56]
 [45]
 [48]
 [32]
 [54]
 [51]
 [50]
 [56]
 [46]
 [52]
 [50]
 [49]
 [56]
 [57]
 [54]
 [45]
 [49]] 
------------------------ Dataset: qog ------------------------
shape: (19, 1), dtype: uint16
Data:[[54]
 [51]
 [52]
 [52]
 [46]
 [50]
 [52]
 [50]
 [51]
 [48]
 [56]
 [57]
 [57]
 [57]
 [57]
 [57]
 [57]
 [45]
 [48]] 
------------------------ Dataset: qoh ------------------------
shape: (33, 1), dtype: uint16
Data:[[54]
 [53]
 [48]
 [57]
 [46]
 [51]
 [52]
 [49]
 [57]
 [49]
 [53]
 [57]
 [57]
 [57]
 [57]
 [57]
 [57]
 [45]
 [48]
 [32]
 [54]
 [53]
 [48]
 [57]
 [46]
 [51]
 [51]
 [55]
 [57]
 [54]
 [53]
 [45]
 [49]] 
------------------------ Dataset: qoi ------------------------
shape: (33, 1), dtype: uint16
Data:[[54]
 [53]
 [50]
 [53]
 [46]
 [49]
 [53]
 [48]
 [48]
 [54]
 [56]
 [57]
 [57]
 [57]
 [57]
 [57]
 [57]
 [45]
 [48]
 [32]
 [54]
 [53]
 [50]
 [53]
 [46]
 [49]
 [52]
 [54]
 [50]
 [50]
 [57]
 [45]
 [49]] 
------------------------ Dataset: qoj ------------------------
shape: (39, 1), dtype: uint16
Data:[[54]
 [48]
 [50]
 [48]
 [46]
 [55]
 [52]
 [53]
 [54]
 [57]
 [51]
 [57]
 [57]
 [57]
 [57]
 [57]
 [57]
 [45]
 [48]
 [32]
 [54]
 [48]
 [50]
 [48]
 [46]
 [55]
 [52]
 [49]
 [55]
 [50]
 [56]
 [57]
 [57]
 [57]
 [57]
 [57]
 [57]
 [45]
 [49]] 
------------------------ Dataset: qok ------------------------
shape: (34, 1), dtype: uint16
Data:[[54]
 [48]
 [51]
 [54]
 [46]
 [53]
 [51]
 [55]
 [56]
 [54]
 [49]
 [45]
 [48]
 [32]
 [54]
 [48]
 [51]
 [54]
 [46]
 [53]
 [51]
 [51]
 [57]
 [55]
 [55]
 [57]
 [57]
 [57]
 [57]
 [57]
 [57]
 [53]
 [45]
 [49]] 
------------------------ Dataset: qol ------------------------
shape: (27, 1), dtype: uint16
Data:[[54]
 [48]
 [53]
 [50]
 [46]
 [49]
 [52]
 [49]
 [56]
 [48]
 [54]
 [45]
 [48]
 [32]
 [54]
 [48]
 [53]
 [50]
 [46]
 [49]
 [51]
 [55]
 [56]
 [51]
 [51]
 [45]
 [49]] 
------------------------ Dataset: qom ------------------------
shape: (34, 1), dtype: uint16
Data:[[54]
 [48]
 [54]
 [56]
 [46]
 [48]
 [53]
 [51]
 [55]
 [52]
 [50]
 [57]
 [57]
 [57]
 [57]
 [57]
 [57]
 [53]
 [45]
 [48]
 [32]
 [54]
 [48]
 [54]
 [56]
 [46]
 [48]
 [53]
 [55]
 [57]
 [51]
 [56]
 [45]
 [49]] 
------------------------ Dataset: qon ------------------------
shape: (31, 1), dtype: uint16
Data:[[54]
 [48]
 [56]
 [51]
 [46]
 [57]
 [57]
 [49]
 [53]
 [45]
 [48]
 [32]
 [54]
 [48]
 [56]
 [51]
 [46]
 [57]
 [57]
 [53]
 [48]
 [49]
 [54]
 [57]
 [57]
 [57]
 [57]
 [57]
 [57]
 [45]
 [49]] 
------------------------ Dataset: qoo ------------------------
shape: (25, 1), dtype: uint16
Data:[[53]
 [54]
 [52]
 [52]
 [46]
 [54]
 [54]
 [57]
 [53]
 [45]
 [48]
 [32]
 [53]
 [54]
 [52]
 [52]
 [46]
 [54]
 [54]
 [57]
 [52]
 [57]
 [55]
 [45]
 [49]] 
------------------------ Dataset: qop ------------------------
shape: (33, 1), dtype: uint16
Data:[[53]
 [54]
 [54]
 [48]
 [46]
 [52]
 [50]
 [49]
 [53]
 [50]
 [50]
 [45]
 [48]
 [32]
 [53]
 [54]
 [54]
 [48]
 [46]
 [52]
 [49]
 [55]
 [53]
 [53]
 [53]
 [57]
 [57]
 [57]
 [57]
 [57]
 [57]
 [45]
 [49]] 
------------------------ Dataset: qoq ------------------------
shape: (26, 1), dtype: uint16
Data:[[53]
 [54]
 [55]
 [54]
 [46]
 [49]
 [49]
 [56]
 [56]
 [49]
 [56]
 [45]
 [48]
 [32]
 [53]
 [54]
 [55]
 [54]
 [46]
 [49]
 [49]
 [51]
 [56]
 [57]
 [45]
 [49]] 
------------------------ Dataset: qor ------------------------
shape: (27, 1), dtype: uint16
Data:[[53]
 [54]
 [57]
 [49]
 [46]
 [57]
 [48]
 [49]
 [53]
 [50]
 [54]
 [45]
 [48]
 [32]
 [53]
 [54]
 [57]
 [49]
 [46]
 [57]
 [48]
 [53]
 [53]
 [57]
 [50]
 [45]
 [49]] 
------------------------ Dataset: qos ------------------------
shape: (27, 1), dtype: uint16
Data:[[54]
 [52]
 [49]
 [53]
 [46]
 [49]
 [55]
 [55]
 [57]
 [54]
 [53]
 [45]
 [48]
 [32]
 [54]
 [52]
 [49]
 [53]
 [46]
 [49]
 [56]
 [49]
 [57]
 [57]
 [53]
 [45]
 [49]] 
------------------------ Dataset: qot ------------------------
shape: (33, 1), dtype: uint16
Data:[[54]
 [54]
 [48]
 [55]
 [46]
 [50]
 [52]
 [54]
 [48]
 [49]
 [56]
 [45]
 [48]
 [32]
 [54]
 [54]
 [48]
 [55]
 [46]
 [50]
 [53]
 [49]
 [52]
 [48]
 [50]
 [57]
 [57]
 [57]
 [57]
 [57]
 [57]
 [45]
 [49]] 
------------------------ Dataset: qou ------------------------
shape: (34, 1), dtype: uint16
Data:[[54]
 [54]
 [50]
 [51]
 [46]
 [50]
 [49]
 [52]
 [48]
 [50]
 [50]
 [57]
 [57]
 [57]
 [57]
 [57]
 [57]
 [53]
 [45]
 [48]
 [32]
 [54]
 [54]
 [50]
 [51]
 [46]
 [50]
 [49]
 [48]
 [48]
 [52]
 [53]
 [45]
 [49]] 
------------------------ Dataset: qov ------------------------
shape: (27, 1), dtype: uint16
Data:[[54]
 [54]
 [51]
 [57]
 [46]
 [48]
 [52]
 [54]
 [49]
 [52]
 [55]
 [45]
 [48]
 [32]
 [54]
 [54]
 [51]
 [57]
 [46]
 [48]
 [53]
 [48]
 [48]
 [56]
 [56]
 [45]
 [49]] 
------------------------ Dataset: qow ------------------------
shape: (27, 1), dtype: uint16
Data:[[54]
 [54]
 [53]
 [52]
 [46]
 [54]
 [53]
 [56]
 [51]
 [49]
 [51]
 [45]
 [48]
 [32]
 [54]
 [54]
 [53]
 [52]
 [46]
 [54]
 [54]
 [50]
 [48]
 [52]
 [53]
 [45]
 [49]] 
------------------------ Dataset: qox ------------------------
shape: (39, 1), dtype: uint16
Data:[[54]
 [54]
 [55]
 [48]
 [46]
 [53]
 [53]
 [52]
 [49]
 [53]
 [53]
 [57]
 [57]
 [57]
 [57]
 [57]
 [57]
 [45]
 [48]
 [32]
 [54]
 [54]
 [55]
 [48]
 [46]
 [53]
 [53]
 [48]
 [49]
 [55]
 [57]
 [57]
 [57]
 [57]
 [57]
 [57]
 [57]
 [45]
 [49]] 
------------------------ Dataset: qoy ------------------------
shape: (33, 1), dtype: uint16
Data:[[54]
 [54]
 [56]
 [54]
 [46]
 [52]
 [53]
 [56]
 [48]
 [55]
 [56]
 [45]
 [48]
 [32]
 [54]
 [54]
 [56]
 [54]
 [46]
 [52]
 [54]
 [50]
 [48]
 [57]
 [56]
 [57]
 [57]
 [57]
 [57]
 [57]
 [57]
 [45]
 [49]] 
------------------------ Dataset: qoz ------------------------
shape: (27, 1), dtype: uint16
Data:[[53]
 [57]
 [48]
 [52]
 [46]
 [51]
 [55]
 [51]
 [55]
 [51]
 [54]
 [45]
 [48]
 [32]
 [53]
 [57]
 [48]
 [52]
 [46]
 [51]
 [55]
 [55]
 [55]
 [56]
 [56]
 [45]
 [49]] 
------------------------ Dataset: qp ------------------------
