shape: (1, 6), dtype: uint32
Data:[[3707764736          2          1          1       1529          1]] 
------------------------ Dataset: szb ------------------------
shape: (39, 1), dtype: uint16
Data:[[54]
 [55]
 [55]
 [48]
 [46]
 [57]
 [55]
 [52]
 [49]
 [50]
 [56]
 [57]
 [57]
 [57]
 [57]
 [57]
 [57]
 [45]
 [48]
 [32]
 [54]
 [55]
 [55]
 [48]
 [46]
 [57]
 [55]
 [48]
 [48]
 [56]
 [53]
 [57]
 [57]
 [57]
 [57]
 [57]
 [57]
 [45]
 [49]] 
------------------------ Dataset: szc ------------------------
shape: (27, 1), dtype: uint16
Data:[[54]
 [50]
 [56]
 [51]
 [46]
 [55]
 [52]
 [49]
 [56]
 [51]
 [50]
 [45]
 [48]
 [32]
 [54]
 [50]
 [56]
 [51]
 [46]
 [55]
 [52]
 [53]
 [57]
 [48]
 [54]
 [45]
 [49]] 
------------------------ Dataset: szd ------------------------
shape: (26, 1), dtype: uint16
Data:[[54]
 [50]
 [57]
 [57]
 [46]
 [53]
 [50]
 [49]
 [56]
 [54]
 [45]
 [48]
 [32]
 [54]
 [50]
 [57]
 [57]
 [46]
 [53]
 [49]
 [51]
 [57]
 [51]
 [53]
 [45]
 [49]] 
------------------------ Dataset: sze ------------------------
shape: (27, 1), dtype: uint16
Data:[[54]
 [51]
 [49]
 [53]
 [46]
 [51]
 [57]
 [52]
 [56]
 [48]
 [56]
 [45]
 [48]
 [32]
 [54]
 [51]
 [49]
 [53]
 [46]
 [51]
 [56]
 [57]
 [57]
 [49]
 [50]
 [45]
 [49]] 
------------------------ Dataset: szf ------------------------
shape: (27, 1), dtype: uint16
Data:[[54]
 [51]
 [51]
 [49]
 [46]
 [50]
 [48]
 [57]
 [57]
 [49]
 [52]
 [45]
 [48]
 [32]
 [54]
 [51]
 [51]
 [49]
 [46]
 [50]
 [48]
 [53]
 [57]
 [51]
 [52]
 [45]
 [49]] 
------------------------ Dataset: szg ------------------------
shape: (10, 1), dtype: uint16
Data:[[110]
 [111]
 [114]
 [109]
 [ 95]
 [112]
 [111]
 [115]
 [ 95]
 [121]] 
------------------------ Dataset: szh ------------------------
shape: (26, 1), dtype: uint16
Data:[[54]
 [53]
 [49]
 [50]
 [46]
 [49]
 [52]
 [51]
 [55]
 [57]
 [45]
 [48]
 [32]
 [54]
 [53]
 [49]
 [50]
 [46]
 [49]
 [51]
 [54]
 [52]
 [54]
 [57]
 [45]
 [49]] 
------------------------ Dataset: szi ------------------------
shape: (33, 1), dtype: uint16
Data:[[54]
 [53]
 [50]
 [55]
 [46]
 [57]
 [55]
 [48]
 [57]
 [54]
 [54]
 [57]
 [57]
 [57]
 [57]
 [57]
 [57]
 [45]
 [48]
 [32]
 [54]
 [53]
 [50]
 [55]
 [46]
 [57]
 [55]
 [48]
 [55]
 [52]
 [49]
 [45]
 [49]] 
------------------------ Dataset: szj ------------------------
shape: (27, 1), dtype: uint16
Data:[[54]
 [48]
 [50]
 [51]
 [46]
 [53]
 [53]
 [51]
 [55]
 [57]
 [51]
 [45]
 [48]
 [32]
 [54]
 [48]
 [50]
 [51]
 [46]
 [53]
 [52]
 [57]
 [55]
 [48]
 [55]
 [45]
 [49]] 
------------------------ Dataset: szk ------------------------
shape: (34, 1), dtype: uint16
Data:[[54]
 [48]
 [51]
 [57]
 [46]
 [51]
 [48]
 [53]
 [55]
 [57]
 [52]
 [45]
 [48]
 [32]
 [54]
 [48]
 [51]
 [57]
 [46]
 [51]
 [48]
 [57]
 [57]
 [50]
 [49]
 [57]
 [57]
 [57]
 [57]
 [57]
 [57]
 [53]
 [45]
 [49]] 
------------------------ Dataset: szl ------------------------
shape: (27, 1), dtype: uint16
Data:[[54]
 [48]
 [53]
 [52]
 [46]
 [57]
 [54]
 [48]
 [57]
 [57]
 [56]
 [45]
 [48]
 [32]
 [54]
 [48]
 [53]
 [52]
 [46]
 [57]
 [54]
 [50]
 [55]
 [49]
 [50]
 [45]
 [49]] 
------------------------ Dataset: szm ------------------------
shape: (33, 1), dtype: uint16
Data:[[54]
 [48]
 [55]
 [48]
 [46]
 [57]
 [48]
 [57]
 [48]
 [52]
 [49]
 [45]
 [48]
 [32]
 [54]
 [48]
 [55]
 [48]
 [46]
 [57]
 [49]
 [51]
 [50]
 [55]
 [56]
 [57]
 [57]
 [57]
 [57]
 [57]
 [57]
 [45]
 [49]] 
------------------------ Dataset: szn ------------------------
shape: (33, 1), dtype: uint16
Data:[[53]
 [54]
 [51]
 [49]
 [46]
 [55]
 [55]
 [55]
 [53]
 [53]
 [53]
 [45]
 [48]
 [32]
 [53]
 [54]
 [51]
 [49]
 [46]
 [55]
 [55]
 [51]
 [54]
 [48]
 [49]
 [57]
 [57]
 [57]
 [57]
 [57]
 [57]
 [45]
 [49]] 
------------------------ Dataset: szo ------------------------
shape: (34, 1), dtype: uint16
Data:[[53]
 [54]
 [52]
 [55]
 [46]
 [52]
 [54]
 [52]
 [50]
 [48]
 [52]
 [45]
 [48]
 [32]
 [53]
 [54]
 [52]
 [55]
 [46]
 [52]
 [55]
 [53]
 [53]
 [54]
 [54]
 [57]
 [57]
 [57]
 [57]
 [57]
 [57]
 [53]
 [45]
 [49]] 
------------------------ Dataset: szp ------------------------
shape: (39, 1), dtype: uint16
Data:[[53]
 [54]
 [54]
 [51]
 [46]
 [49]
 [56]
 [57]
 [54]
 [48]
 [54]
 [57]
 [57]
 [57]
 [57]
 [57]
 [57]
 [45]
 [48]
 [32]
 [53]
 [54]
 [54]
 [51]
 [46]
 [49]
 [56]
 [53]
 [54]
 [48]
 [54]
 [57]
 [57]
 [57]
 [57]
 [57]
 [57]
 [45]
 [49]] 
------------------------ Dataset: szq ------------------------
shape: (27, 1), dtype: uint16
Data:[[53]
 [54]
 [55]
 [56]
 [46]
 [57]
 [52]
 [51]
 [48]
 [54]
 [51]
 [45]
 [48]
 [32]
 [53]
 [54]
 [55]
 [56]
 [46]
 [57]
 [51]
 [57]
 [56]
 [51]
 [54]
 [45]
 [49]] 
------------------------ Dataset: szr ------------------------
shape: (13, 1), dtype: uint16
Data:[[53]
 [54]
 [57]
 [52]
 [46]
 [54]
 [56]
 [57]
 [53]
 [56]
 [55]
 [45]
 [48]] 
------------------------ Dataset: szs ------------------------
shape: (33, 1), dtype: uint16
Data:[[54]
 [52]
 [49]
 [55]
 [46]
 [57]
 [57]
 [51]
 [56]
 [57]
 [54]
 [45]
 [48]
 [32]
 [54]
 [52]
 [49]
 [55]
 [46]
 [57]
 [57]
 [55]
 [57]
 [51]
 [49]
 [57]
 [57]
 [57]
 [57]
 [57]
 [57]
 [45]
 [49]] 
------------------------ Dataset: szt ------------------------
shape: (13, 1), dtype: uint16
Data:[[54]
 [54]
 [49]
 [48]
 [46]
 [48]
 [57]
 [52]
 [48]
 [52]
 [55]
 [45]
 [48]] 
------------------------ Dataset: szu ------------------------
shape: (13, 1), dtype: uint16
Data:[[54]
 [54]
 [50]
 [54]
 [46]
 [48]
 [50]
 [54]
 [49]
 [54]
 [54]
 [45]
 [49]] 
------------------------ Dataset: szv ------------------------
shape: (26, 1), dtype: uint16
Data:[[54]
 [54]
 [52]
 [49]
 [46]
 [56]
 [48]
 [54]
 [50]
 [50]
 [52]
 [45]
 [48]
 [32]
 [54]
 [54]
 [52]
 [49]
 [46]
 [56]
 [49]
 [48]
 [50]
 [49]
 [45]
 [49]] 
------------------------ Dataset: szw ------------------------
shape: (33, 1), dtype: uint16
Data:[[54]
 [54]
 [53]
 [55]
 [46]
 [52]
 [56]
 [50]
 [50]
 [55]
 [57]
 [57]
 [57]
 [57]
 [57]
 [57]
 [57]
 [45]
 [48]
 [32]
 [54]
 [54]
 [53]
 [55]
 [46]
 [52]
 [56]
 [54]
 [50]
 [49]
 [52]
 [45]
 [49]] 
------------------------ Dataset: szx ------------------------
shape: (27, 1), dtype: uint16
Data:[[54]
 [54]
 [55]
 [51]
 [46]
 [51]
 [56]
 [54]
 [49]
 [55]
 [57]
 [45]
 [48]
 [32]
 [54]
 [54]
 [55]
 [51]
 [46]
 [51]
 [56]
 [53]
 [48]
 [53]
 [53]
 [45]
 [49]] 
------------------------ Dataset: szy ------------------------
shape: (27, 1), dtype: uint16
Data:[[54]
 [54]
 [56]
 [57]
 [46]
 [51]
 [48]
 [54]
 [51]
 [51]
 [55]
 [45]
 [48]
 [32]
 [54]
 [54]
 [56]
 [57]
 [46]
 [51]
 [48]
 [50]
 [49]
 [48]
 [53]
 [45]
 [49]] 
------------------------ Dataset: szz ------------------------
shape: (39, 1), dtype: uint16
Data:[[53]
 [57]
 [48]
 [55]
 [46]
 [49]
 [56]
 [49]
 [55]
 [50]
 [49]
 [57]
 [57]
 [57]
 [57]
 [57]
 [57]
 [45]
 [48]
 [32]
 [53]
 [57]
 [48]
 [55]
 [46]
 [49]
 [56]
 [53]
 [55]
 [57]
 [57]
 [57]
 [57]
 [57]
 [57]
 [57]
 [57]
 [45]
 [49]] 
------------------------ Dataset: t ------------------------
