shape: (1, 6), dtype: uint32
Data:[[3707764736          2          1          1        806          1]] 
------------------------ Dataset: vnb ------------------------
shape: (39, 1), dtype: uint16
Data:[[54]
 [55]
 [54]
 [55]
 [46]
 [57]
 [50]
 [50]
 [51]
 [48]
 [50]
 [57]
 [57]
 [57]
 [57]
 [57]
 [57]
 [45]
 [48]
 [32]
 [54]
 [55]
 [54]
 [55]
 [46]
 [57]
 [50]
 [50]
 [51]
 [48]
 [50]
 [57]
 [57]
 [57]
 [57]
 [57]
 [57]
 [45]
 [49]] 
------------------------ Dataset: vnc ------------------------
shape: (33, 1), dtype: uint16
Data:[[54]
 [50]
 [56]
 [48]
 [46]
 [54]
 [57]
 [48]
 [50]
 [52]
 [56]
 [45]
 [48]
 [32]
 [54]
 [50]
 [56]
 [48]
 [46]
 [54]
 [57]
 [51]
 [57]
 [52]
 [53]
 [57]
 [57]
 [57]
 [57]
 [57]
 [57]
 [45]
 [49]] 
------------------------ Dataset: vnd ------------------------
shape: (27, 1), dtype: uint16
Data:[[54]
 [50]
 [57]
 [54]
 [46]
 [52]
 [55]
 [51]
 [56]
 [54]
 [56]
 [45]
 [48]
 [32]
 [54]
 [50]
 [57]
 [54]
 [46]
 [52]
 [54]
 [57]
 [56]
 [52]
 [54]
 [45]
 [49]] 
------------------------ Dataset: vne ------------------------
shape: (33, 1), dtype: uint16
Data:[[54]
 [51]
 [49]
 [50]
 [46]
 [51]
 [49]
 [52]
 [48]
 [49]
 [52]
 [45]
 [48]
 [32]
 [54]
 [51]
 [49]
 [50]
 [46]
 [51]
 [50]
 [52]
 [50]
 [51]
 [50]
 [57]
 [57]
 [57]
 [57]
 [57]
 [57]
 [45]
 [49]] 
------------------------ Dataset: vnf ------------------------
shape: (33, 1), dtype: uint16
Data:[[54]
 [51]
 [50]
 [56]
 [46]
 [49]
 [57]
 [52]
 [54]
 [56]
 [52]
 [45]
 [48]
 [32]
 [54]
 [51]
 [50]
 [56]
 [46]
 [49]
 [56]
 [57]
 [57]
 [57]
 [48]
 [57]
 [57]
 [57]
 [57]
 [57]
 [57]
 [45]
 [49]] 
------------------------ Dataset: vng ------------------------
shape: (33, 1), dtype: uint16
Data:[[54]
 [51]
 [52]
 [52]
 [46]
 [48]
 [49]
 [56]
 [48]
 [52]
 [51]
 [45]
 [48]
 [32]
 [54]
 [51]
 [52]
 [52]
 [46]
 [48]
 [49]
 [53]
 [52]
 [52]
 [50]
 [57]
 [57]
 [57]
 [57]
 [57]
 [57]
 [45]
 [49]] 
------------------------ Dataset: vnh ------------------------
shape: (33, 1), dtype: uint16
Data:[[54]
 [53]
 [48]
 [57]
 [46]
 [49]
 [49]
 [48]
 [48]
 [50]
 [50]
 [57]
 [57]
 [57]
 [57]
 [57]
 [57]
 [45]
 [48]
 [32]
 [54]
 [53]
 [48]
 [57]
 [46]
 [49]
 [49]
 [52]
 [49]
 [50]
 [49]
 [45]
 [49]] 
------------------------ Dataset: vni ------------------------
shape: (27, 1), dtype: uint16
Data:[[54]
 [53]
 [50]
 [52]
 [46]
 [57]
 [49]
 [57]
 [55]
 [57]
 [53]
 [45]
 [48]
 [32]
 [54]
 [53]
 [50]
 [52]
 [46]
 [57]
 [50]
 [50]
 [57]
 [51]
 [53]
 [45]
 [49]] 
------------------------ Dataset: vnj ------------------------
shape: (40, 1), dtype: uint16
Data:[[54]
 [48]
 [50]
 [48]
 [46]
 [53]
 [49]
 [51]
 [57]
 [54]
 [55]
 [57]
 [57]
 [57]
 [57]
 [57]
 [57]
 [45]
 [48]
 [32]
 [54]
 [48]
 [50]
 [48]
 [46]
 [53]
 [49]
 [55]
 [55]
 [56]
 [56]
 [57]
 [57]
 [57]
 [57]
 [57]
 [57]
 [53]
 [45]
 [49]] 
------------------------ Dataset: vnk ------------------------
shape: (27, 1), dtype: uint16
Data:[[54]
 [48]
 [51]
 [54]
 [46]
 [51]
 [48]
 [49]
 [55]
 [55]
 [56]
 [45]
 [48]
 [32]
 [54]
 [48]
 [51]
 [54]
 [46]
 [51]
 [48]
 [55]
 [50]
 [51]
 [52]
 [45]
 [49]] 
------------------------ Dataset: vnl ------------------------
shape: (39, 1), dtype: uint16
Data:[[54]
 [48]
 [53]
 [49]
 [46]
 [57]
 [48]
 [57]
 [57]
 [52]
 [49]
 [57]
 [57]
 [57]
 [57]
 [57]
 [57]
 [45]
 [48]
 [32]
 [54]
 [48]
 [53]
 [49]
 [46]
 [57]
 [48]
 [55]
 [50]
 [56]
 [55]
 [57]
 [57]
 [57]
 [57]
 [57]
 [57]
 [45]
 [49]] 
------------------------ Dataset: vnm ------------------------
shape: (33, 1), dtype: uint16
Data:[[54]
 [48]
 [54]
 [55]
 [46]
 [56]
 [50]
 [49]
 [50]
 [56]
 [50]
 [57]
 [57]
 [57]
 [57]
 [57]
 [57]
 [45]
 [48]
 [32]
 [54]
 [48]
 [54]
 [55]
 [46]
 [56]
 [49]
 [51]
 [48]
 [51]
 [57]
 [45]
 [49]] 
------------------------ Dataset: vnn ------------------------
shape: (26, 1), dtype: uint16
Data:[[54]
 [48]
 [56]
 [51]
 [46]
 [55]
 [54]
 [53]
 [56]
 [49]
 [56]
 [45]
 [48]
 [32]
 [54]
 [48]
 [56]
 [51]
 [46]
 [55]
 [54]
 [49]
 [55]
 [55]
 [45]
 [49]] 
------------------------ Dataset: vno ------------------------
shape: (27, 1), dtype: uint16
Data:[[53]
 [54]
 [52]
 [52]
 [46]
 [52]
 [51]
 [55]
 [53]
 [56]
 [50]
 [45]
 [48]
 [32]
 [53]
 [54]
 [52]
 [52]
 [46]
 [52]
 [52]
 [49]
 [53]
 [53]
 [52]
 [45]
 [49]] 
------------------------ Dataset: vnp ------------------------
shape: (34, 1), dtype: uint16
Data:[[53]
 [54]
 [54]
 [48]
 [46]
 [49]
 [56]
 [57]
 [53]
 [53]
 [56]
 [57]
 [57]
 [57]
 [57]
 [57]
 [57]
 [53]
 [45]
 [48]
 [32]
 [53]
 [54]
 [54]
 [48]
 [46]
 [49]
 [57]
 [51]
 [54]
 [55]
 [57]
 [45]
 [49]] 
------------------------ Dataset: vnq ------------------------
shape: (25, 1), dtype: uint16
Data:[[53]
 [54]
 [55]
 [53]
 [46]
 [56]
 [56]
 [50]
 [50]
 [45]
 [48]
 [32]
 [53]
 [54]
 [55]
 [53]
 [46]
 [56]
 [56]
 [54]
 [48]
 [56]
 [55]
 [45]
 [49]] 
------------------------ Dataset: vnr ------------------------
shape: (26, 1), dtype: uint16
Data:[[53]
 [54]
 [57]
 [49]
 [46]
 [54]
 [55]
 [51]
 [53]
 [54]
 [55]
 [45]
 [48]
 [32]
 [53]
 [54]
 [57]
 [49]
 [46]
 [54]
 [54]
 [57]
 [54]
 [49]
 [45]
 [49]] 
------------------------ Dataset: vns ------------------------
shape: (27, 1), dtype: uint16
Data:[[54]
 [52]
 [49]
 [52]
 [46]
 [57]
 [52]
 [50]
 [49]
 [51]
 [51]
 [45]
 [48]
 [32]
 [54]
 [52]
 [49]
 [52]
 [46]
 [57]
 [51]
 [56]
 [52]
 [54]
 [57]
 [45]
 [49]] 
------------------------ Dataset: vnt ------------------------
shape: (33, 1), dtype: uint16
Data:[[54]
 [54]
 [48]
 [55]
 [46]
 [48]
 [49]
 [56]
 [48]
 [53]
 [57]
 [57]
 [57]
 [57]
 [57]
 [57]
 [57]
 [45]
 [48]
 [32]
 [54]
 [54]
 [48]
 [55]
 [46]
 [48]
 [49]
 [52]
 [48]
 [57]
 [57]
 [45]
 [49]] 
------------------------ Dataset: vnu ------------------------
shape: (33, 1), dtype: uint16
Data:[[54]
 [54]
 [50]
 [50]
 [46]
 [57]
 [55]
 [49]
 [48]
 [51]
 [51]
 [57]
 [57]
 [57]
 [57]
 [57]
 [57]
 [45]
 [48]
 [32]
 [54]
 [54]
 [50]
 [50]
 [46]
 [57]
 [55]
 [52]
 [54]
 [57]
 [50]
 [45]
 [49]] 
------------------------ Dataset: vnv ------------------------
shape: (27, 1), dtype: uint16
Data:[[54]
 [54]
 [51]
 [56]
 [46]
 [56]
 [49]
 [56]
 [48]
 [54]
 [56]
 [45]
 [48]
 [32]
 [54]
 [54]
 [51]
 [56]
 [46]
 [56]
 [49]
 [52]
 [48]
 [55]
 [52]
 [45]
 [49]] 
------------------------ Dataset: vnw ------------------------
shape: (40, 1), dtype: uint16
Data:[[54]
 [54]
 [53]
 [52]
 [46]
 [52]
 [49]
 [56]
 [50]
 [49]
 [54]
 [57]
 [57]
 [57]
 [57]
 [57]
 [57]
 [53]
 [45]
 [48]
 [32]
 [54]
 [54]
 [53]
 [52]
 [46]
 [52]
 [50]
 [50]
 [49]
 [48]
 [51]
 [57]
 [57]
 [57]
 [57]
 [57]
 [57]
 [45]
 [49]] 
------------------------ Dataset: vnx ------------------------
shape: (27, 1), dtype: uint16
Data:[[54]
 [54]
 [55]
 [48]
 [46]
 [51]
 [50]
 [54]
 [53]
 [51]
 [57]
 [45]
 [48]
 [32]
 [54]
 [54]
 [55]
 [48]
 [46]
 [51]
 [50]
 [55]
 [49]
 [49]
 [50]
 [45]
 [49]] 
------------------------ Dataset: vny ------------------------
shape: (26, 1), dtype: uint16
Data:[[54]
 [54]
 [56]
 [54]
 [46]
 [50]
 [50]
 [54]
 [48]
 [50]
 [45]
 [48]
 [32]
 [54]
 [54]
 [56]
 [54]
 [46]
 [50]
 [50]
 [50]
 [48]
 [49]
 [52]
 [45]
 [49]] 
------------------------ Dataset: vnz ------------------------
shape: (33, 1), dtype: uint16
Data:[[53]
 [57]
 [48]
 [52]
 [46]
 [49]
 [52]
 [53]
 [52]
 [49]
 [53]
 [57]
 [57]
 [57]
 [57]
 [57]
 [57]
 [45]
 [48]
 [32]
 [53]
 [57]
 [48]
 [52]
 [46]
 [49]
 [51]
 [56]
 [49]
 [54]
 [51]
 [45]
 [49]] 
------------------------ Dataset: vo ------------------------
