shape: (1, 6), dtype: uint32
Data:[[3707764736          2          1          1        176          1]] 
------------------------ Dataset: 6cb ------------------------
shape: (33, 1), dtype: uint16
Data:[[54]
 [55]
 [54]
 [53]
 [46]
 [50]
 [52]
 [52]
 [48]
 [52]
 [49]
 [57]
 [57]
 [57]
 [57]
 [57]
 [57]
 [45]
 [48]
 [32]
 [54]
 [55]
 [54]
 [53]
 [46]
 [50]
 [52]
 [52]
 [48]
 [55]
 [56]
 [45]
 [49]] 
------------------------ Dataset: 6cc ------------------------
shape: (27, 1), dtype: uint16
Data:[[54]
 [55]
 [56]
 [49]
 [46]
 [49]
 [48]
 [50]
 [50]
 [48]
 [55]
 [45]
 [48]
 [32]
 [54]
 [55]
 [56]
 [49]
 [46]
 [48]
 [57]
 [56]
 [50]
 [54]
 [56]
 [45]
 [49]] 
------------------------ Dataset: 6cd ------------------------
shape: (27, 1), dtype: uint16
Data:[[54]
 [50]
 [57]
 [51]
 [46]
 [56]
 [52]
 [49]
 [57]
 [56]
 [52]
 [45]
 [48]
 [32]
 [54]
 [50]
 [57]
 [51]
 [46]
 [56]
 [52]
 [54]
 [48]
 [57]
 [56]
 [45]
 [49]] 
------------------------ Dataset: 6ce ------------------------
shape: (34, 1), dtype: uint16
Data:[[54]
 [51]
 [48]
 [57]
 [46]
 [54]
 [55]
 [52]
 [48]
 [48]
 [56]
 [45]
 [48]
 [32]
 [54]
 [51]
 [48]
 [57]
 [46]
 [54]
 [55]
 [49]
 [51]
 [49]
 [57]
 [57]
 [57]
 [57]
 [57]
 [57]
 [57]
 [53]
 [45]
 [49]] 
------------------------ Dataset: 6cf ------------------------
shape: (26, 1), dtype: uint16
Data:[[54]
 [51]
 [50]
 [53]
 [46]
 [53]
 [48]
 [53]
 [56]
 [53]
 [45]
 [48]
 [32]
 [54]
 [51]
 [50]
 [53]
 [46]
 [53]
 [48]
 [49]
 [57]
 [51]
 [52]
 [45]
 [49]] 
------------------------ Dataset: 6cg ------------------------
shape: (39, 1), dtype: uint16
Data:[[54]
 [51]
 [52]
 [49]
 [46]
 [51]
 [52]
 [53]
 [57]
 [49]
 [56]
 [57]
 [57]
 [57]
 [57]
 [57]
 [57]
 [45]
 [48]
 [32]
 [54]
 [51]
 [52]
 [49]
 [46]
 [51]
 [52]
 [49]
 [57]
 [51]
 [57]
 [57]
 [57]
 [57]
 [57]
 [57]
 [57]
 [45]
 [49]] 
------------------------ Dataset: 6ch ------------------------
shape: (33, 1), dtype: uint16
Data:[[54]
 [53]
 [48]
 [54]
 [46]
 [52]
 [53]
 [51]
 [57]
 [54]
 [48]
 [57]
 [57]
 [57]
 [57]
 [57]
 [57]
 [45]
 [48]
 [32]
 [54]
 [53]
 [48]
 [54]
 [46]
 [52]
 [52]
 [57]
 [57]
 [49]
 [57]
 [45]
 [49]] 
------------------------ Dataset: 6ci ------------------------
shape: (27, 1), dtype: uint16
Data:[[54]
 [53]
 [50]
 [50]
 [46]
 [50]
 [54]
 [54]
 [48]
 [54]
 [51]
 [45]
 [48]
 [32]
 [54]
 [53]
 [50]
 [50]
 [46]
 [50]
 [54]
 [54]
 [49]
 [49]
 [51]
 [45]
 [49]] 
------------------------ Dataset: 6cj ------------------------
shape: (33, 1), dtype: uint16
Data:[[54]
 [48]
 [49]
 [55]
 [46]
 [56]
 [52]
 [49]
 [55]
 [55]
 [51]
 [45]
 [48]
 [32]
 [54]
 [48]
 [49]
 [55]
 [46]
 [56]
 [52]
 [53]
 [55]
 [50]
 [55]
 [57]
 [57]
 [57]
 [57]
 [57]
 [57]
 [45]
 [49]] 
------------------------ Dataset: 6ck ------------------------
shape: (31, 1), dtype: uint16
Data:[[54]
 [48]
 [51]
 [51]
 [46]
 [54]
 [53]
 [56]
 [53]
 [57]
 [48]
 [57]
 [57]
 [57]
 [57]
 [57]
 [57]
 [45]
 [48]
 [32]
 [54]
 [48]
 [51]
 [51]
 [46]
 [54]
 [53]
 [53]
 [49]
 [45]
 [49]] 
------------------------ Dataset: 6cl ------------------------
shape: (33, 1), dtype: uint16
Data:[[54]
 [48]
 [52]
 [57]
 [46]
 [50]
 [54]
 [49]
 [55]
 [48]
 [52]
 [45]
 [48]
 [32]
 [54]
 [48]
 [52]
 [57]
 [46]
 [50]
 [55]
 [51]
 [49]
 [52]
 [50]
 [57]
 [57]
 [57]
 [57]
 [57]
 [57]
 [45]
 [49]] 
------------------------ Dataset: 6cm ------------------------
shape: (13, 1), dtype: uint16
Data:[[54]
 [48]
 [54]
 [53]
 [46]
 [49]
 [51]
 [55]
 [55]
 [50]
 [56]
 [45]
 [49]] 
------------------------ Dataset: 6cn ------------------------
shape: (33, 1), dtype: uint16
Data:[[54]
 [48]
 [56]
 [49]
 [46]
 [48]
 [52]
 [53]
 [55]
 [54]
 [48]
 [57]
 [57]
 [57]
 [57]
 [57]
 [57]
 [45]
 [48]
 [32]
 [54]
 [48]
 [56]
 [49]
 [46]
 [48]
 [52]
 [57]
 [57]
 [49]
 [49]
 [45]
 [49]] 
------------------------ Dataset: 6co ------------------------
shape: (27, 1), dtype: uint16
Data:[[53]
 [54]
 [52]
 [49]
 [46]
 [55]
 [57]
 [55]
 [55]
 [55]
 [55]
 [45]
 [48]
 [32]
 [53]
 [54]
 [52]
 [49]
 [46]
 [55]
 [57]
 [51]
 [53]
 [56]
 [55]
 [45]
 [49]] 
------------------------ Dataset: 6cp ------------------------
shape: (33, 1), dtype: uint16
Data:[[53]
 [54]
 [53]
 [55]
 [46]
 [53]
 [51]
 [51]
 [53]
 [57]
 [50]
 [45]
 [48]
 [32]
 [53]
 [54]
 [53]
 [55]
 [46]
 [53]
 [51]
 [55]
 [53]
 [53]
 [53]
 [57]
 [57]
 [57]
 [57]
 [57]
 [57]
 [45]
 [49]] 
------------------------ Dataset: 6cq ------------------------
shape: (13, 1), dtype: uint16
Data:[[53]
 [54]
 [55]
 [51]
 [46]
 [50]
 [53]
 [51]
 [54]
 [51]
 [57]
 [45]
 [48]] 
------------------------ Dataset: 6cr ------------------------
shape: (40, 1), dtype: uint16
Data:[[53]
 [54]
 [56]
 [57]
 [46]
 [48]
 [49]
 [56]
 [51]
 [49]
 [52]
 [57]
 [57]
 [57]
 [57]
 [57]
 [57]
 [45]
 [48]
 [32]
 [53]
 [54]
 [56]
 [57]
 [46]
 [48]
 [49]
 [55]
 [55]
 [54]
 [57]
 [57]
 [57]
 [57]
 [57]
 [57]
 [57]
 [53]
 [45]
 [49]] 
------------------------ Dataset: 6cs ------------------------
shape: (27, 1), dtype: uint16
Data:[[53]
 [56]
 [49]
 [53]
 [46]
 [50]
 [56]
 [49]
 [55]
 [55]
 [52]
 [45]
 [48]
 [32]
 [53]
 [56]
 [49]
 [53]
 [46]
 [50]
 [56]
 [49]
 [55]
 [55]
 [52]
 [45]
 [49]] 
------------------------ Dataset: 6ct ------------------------
shape: (27, 1), dtype: uint16
Data:[[54]
 [54]
 [48]
 [52]
 [46]
 [51]
 [55]
 [50]
 [54]
 [49]
 [52]
 [45]
 [48]
 [32]
 [54]
 [54]
 [48]
 [52]
 [46]
 [51]
 [55]
 [50]
 [54]
 [49]
 [52]
 [45]
 [49]] 
------------------------ Dataset: 6cu ------------------------
shape: (27, 1), dtype: uint16
Data:[[54]
 [54]
 [50]
 [48]
 [46]
 [51]
 [50]
 [56]
 [48]
 [50]
 [55]
 [45]
 [48]
 [32]
 [54]
 [54]
 [50]
 [48]
 [46]
 [51]
 [51]
 [48]
 [50]
 [49]
 [53]
 [45]
 [49]] 
------------------------ Dataset: 6cv ------------------------
shape: (13, 1), dtype: uint16
Data:[[54]
 [54]
 [51]
 [54]
 [46]
 [49]
 [56]
 [54]
 [50]
 [49]
 [51]
 [45]
 [49]] 
------------------------ Dataset: 6cw ------------------------
shape: (26, 1), dtype: uint16
Data:[[54]
 [54]
 [53]
 [49]
 [46]
 [55]
 [55]
 [56]
 [48]
 [53]
 [53]
 [45]
 [48]
 [32]
 [54]
 [54]
 [53]
 [49]
 [46]
 [55]
 [56]
 [50]
 [49]
 [49]
 [45]
 [49]] 
------------------------ Dataset: 6cx ------------------------
shape: (27, 1), dtype: uint16
Data:[[54]
 [54]
 [54]
 [55]
 [46]
 [54]
 [51]
 [52]
 [52]
 [57]
 [54]
 [45]
 [48]
 [32]
 [54]
 [54]
 [54]
 [55]
 [46]
 [54]
 [51]
 [48]
 [49]
 [56]
 [50]
 [45]
 [49]] 
------------------------ Dataset: 6cy ------------------------
shape: (27, 1), dtype: uint16
Data:[[54]
 [54]
 [56]
 [51]
 [46]
 [53]
 [53]
 [52]
 [48]
 [56]
 [56]
 [45]
 [48]
 [32]
 [54]
 [54]
 [56]
 [51]
 [46]
 [53]
 [53]
 [56]
 [48]
 [55]
 [50]
 [45]
 [49]] 
------------------------ Dataset: 6cz ------------------------
shape: (34, 1), dtype: uint16
Data:[[53]
 [57]
 [48]
 [49]
 [46]
 [52]
 [54]
 [57]
 [55]
 [55]
 [56]
 [45]
 [48]
 [32]
 [53]
 [57]
 [48]
 [49]
 [46]
 [52]
 [55]
 [51]
 [57]
 [57]
 [55]
 [57]
 [57]
 [57]
 [57]
 [57]
 [57]
 [53]
 [45]
 [49]] 
------------------------ Dataset: 6d ------------------------
