shape: (1, 6), dtype: uint32
Data:[[3707764736          2          1          1        212          1]] 
------------------------ Dataset: Gdb ------------------------
shape: (27, 1), dtype: uint16
Data:[[54]
 [55]
 [54]
 [53]
 [46]
 [51]
 [57]
 [49]
 [50]
 [55]
 [56]
 [45]
 [48]
 [32]
 [54]
 [55]
 [54]
 [53]
 [46]
 [51]
 [56]
 [54]
 [48]
 [55]
 [49]
 [45]
 [49]] 
------------------------ Dataset: Gdc ------------------------
shape: (27, 1), dtype: uint16
Data:[[54]
 [55]
 [56]
 [49]
 [46]
 [50]
 [52]
 [54]
 [49]
 [54]
 [51]
 [45]
 [48]
 [32]
 [54]
 [55]
 [56]
 [49]
 [46]
 [50]
 [53]
 [48]
 [49]
 [51]
 [52]
 [45]
 [49]] 
------------------------ Dataset: Gdd ------------------------
shape: (27, 1), dtype: uint16
Data:[[54]
 [50]
 [57]
 [51]
 [46]
 [57]
 [57]
 [55]
 [56]
 [52]
 [51]
 [45]
 [48]
 [32]
 [54]
 [50]
 [57]
 [52]
 [46]
 [48]
 [48]
 [51]
 [49]
 [51]
 [50]
 [45]
 [49]] 
------------------------ Dataset: Gde ------------------------
shape: (27, 1), dtype: uint16
Data:[[54]
 [51]
 [48]
 [57]
 [46]
 [56]
 [49]
 [55]
 [56]
 [52]
 [49]
 [45]
 [48]
 [32]
 [54]
 [51]
 [48]
 [57]
 [46]
 [56]
 [50]
 [53]
 [57]
 [48]
 [50]
 [45]
 [49]] 
------------------------ Dataset: Gdf ------------------------
shape: (27, 1), dtype: uint16
Data:[[54]
 [51]
 [50]
 [53]
 [46]
 [54]
 [52]
 [57]
 [56]
 [54]
 [49]
 [45]
 [48]
 [32]
 [54]
 [51]
 [50]
 [53]
 [46]
 [54]
 [53]
 [51]
 [56]
 [55]
 [56]
 [45]
 [49]] 
------------------------ Dataset: Gdg ------------------------
shape: (26, 1), dtype: uint16
Data:[[54]
 [51]
 [52]
 [49]
 [46]
 [52]
 [57]
 [55]
 [56]
 [56]
 [51]
 [45]
 [48]
 [32]
 [54]
 [51]
 [52]
 [49]
 [46]
 [53]
 [48]
 [49]
 [56]
 [53]
 [45]
 [49]] 
------------------------ Dataset: Gdh ------------------------
shape: (33, 1), dtype: uint16
Data:[[54]
 [53]
 [48]
 [54]
 [46]
 [54]
 [48]
 [54]
 [48]
 [51]
 [56]
 [57]
 [57]
 [57]
 [57]
 [57]
 [57]
 [45]
 [48]
 [32]
 [54]
 [53]
 [48]
 [54]
 [46]
 [54]
 [48]
 [54]
 [48]
 [54]
 [53]
 [45]
 [49]] 
------------------------ Dataset: Gdi ------------------------
shape: (33, 1), dtype: uint16
Data:[[54]
 [53]
 [50]
 [50]
 [46]
 [52]
 [50]
 [50]
 [49]
 [52]
 [52]
 [45]
 [48]
 [32]
 [54]
 [53]
 [50]
 [50]
 [46]
 [52]
 [50]
 [54]
 [48]
 [55]
 [49]
 [57]
 [57]
 [57]
 [57]
 [57]
 [57]
 [45]
 [49]] 
------------------------ Dataset: Gdj ------------------------
shape: (27, 1), dtype: uint16
Data:[[54]
 [48]
 [49]
 [55]
 [46]
 [57]
 [57]
 [51]
 [56]
 [48]
 [53]
 [45]
 [48]
 [32]
 [54]
 [48]
 [49]
 [55]
 [46]
 [57]
 [57]
 [55]
 [56]
 [49]
 [51]
 [45]
 [49]] 
------------------------ Dataset: Gdk ------------------------
shape: (33, 1), dtype: uint16
Data:[[54]
 [48]
 [51]
 [51]
 [46]
 [56]
 [48]
 [52]
 [52]
 [53]
 [56]
 [45]
 [48]
 [32]
 [54]
 [48]
 [51]
 [51]
 [46]
 [56]
 [48]
 [55]
 [57]
 [51]
 [53]
 [57]
 [57]
 [57]
 [57]
 [57]
 [57]
 [45]
 [49]] 
------------------------ Dataset: Gdl ------------------------
shape: (33, 1), dtype: uint16
Data:[[54]
 [48]
 [52]
 [57]
 [46]
 [52]
 [49]
 [51]
 [56]
 [57]
 [54]
 [57]
 [57]
 [57]
 [57]
 [57]
 [57]
 [45]
 [48]
 [32]
 [54]
 [48]
 [52]
 [57]
 [46]
 [52]
 [49]
 [48]
 [53]
 [52]
 [53]
 [45]
 [49]] 
------------------------ Dataset: Gdm ------------------------
shape: (33, 1), dtype: uint16
Data:[[54]
 [48]
 [54]
 [53]
 [46]
 [50]
 [57]
 [54]
 [54]
 [50]
 [50]
 [45]
 [48]
 [32]
 [54]
 [48]
 [54]
 [53]
 [46]
 [51]
 [48]
 [49]
 [49]
 [51]
 [48]
 [57]
 [57]
 [57]
 [57]
 [57]
 [57]
 [45]
 [49]] 
------------------------ Dataset: Gdn ------------------------
shape: (13, 1), dtype: uint16
Data:[[54]
 [48]
 [56]
 [49]
 [46]
 [50]
 [48]
 [55]
 [48]
 [53]
 [55]
 [45]
 [49]] 
------------------------ Dataset: Gdo ------------------------
shape: (27, 1), dtype: uint16
Data:[[53]
 [54]
 [52]
 [49]
 [46]
 [57]
 [53]
 [52]
 [55]
 [50]
 [56]
 [45]
 [48]
 [32]
 [53]
 [54]
 [52]
 [49]
 [46]
 [57]
 [53]
 [55]
 [54]
 [56]
 [52]
 [45]
 [49]] 
------------------------ Dataset: Gdp ------------------------
shape: (27, 1), dtype: uint16
Data:[[53]
 [54]
 [53]
 [55]
 [46]
 [54]
 [56]
 [56]
 [50]
 [48]
 [56]
 [45]
 [48]
 [32]
 [53]
 [54]
 [53]
 [55]
 [46]
 [54]
 [57]
 [52]
 [51]
 [57]
 [49]
 [45]
 [49]] 
------------------------ Dataset: Gdq ------------------------
shape: (34, 1), dtype: uint16
Data:[[53]
 [54]
 [55]
 [51]
 [46]
 [52]
 [49]
 [53]
 [49]
 [57]
 [54]
 [45]
 [48]
 [32]
 [53]
 [54]
 [55]
 [51]
 [46]
 [52]
 [49]
 [50]
 [49]
 [55]
 [52]
 [57]
 [57]
 [57]
 [57]
 [57]
 [57]
 [53]
 [45]
 [49]] 
------------------------ Dataset: Gdr ------------------------
shape: (33, 1), dtype: uint16
Data:[[53]
 [54]
 [56]
 [57]
 [46]
 [49]
 [54]
 [53]
 [53]
 [53]
 [51]
 [45]
 [48]
 [32]
 [53]
 [54]
 [56]
 [57]
 [46]
 [49]
 [54]
 [57]
 [54]
 [52]
 [53]
 [57]
 [57]
 [57]
 [57]
 [57]
 [57]
 [45]
 [49]] 
------------------------ Dataset: Gds ------------------------
shape: (12, 1), dtype: uint16
Data:[[53]
 [56]
 [49]
 [53]
 [46]
 [52]
 [50]
 [57]
 [57]
 [50]
 [45]
 [48]] 
------------------------ Dataset: Gdt ------------------------
shape: (19, 1), dtype: uint16
Data:[[54]
 [54]
 [48]
 [52]
 [46]
 [53]
 [49]
 [52]
 [48]
 [52]
 [50]
 [57]
 [57]
 [57]
 [57]
 [57]
 [57]
 [45]
 [49]] 
------------------------ Dataset: Gdu ------------------------
shape: (27, 1), dtype: uint16
Data:[[54]
 [54]
 [50]
 [48]
 [46]
 [52]
 [55]
 [56]
 [48]
 [55]
 [56]
 [45]
 [48]
 [32]
 [54]
 [54]
 [50]
 [48]
 [46]
 [52]
 [55]
 [52]
 [50]
 [51]
 [51]
 [45]
 [49]] 
------------------------ Dataset: Gdv ------------------------
shape: (13, 1), dtype: uint16
Data:[[54]
 [54]
 [51]
 [54]
 [46]
 [51]
 [51]
 [52]
 [48]
 [54]
 [50]
 [45]
 [48]] 
------------------------ Dataset: Gdw ------------------------
shape: (26, 1), dtype: uint16
Data:[[54]
 [54]
 [53]
 [49]
 [46]
 [57]
 [51]
 [48]
 [48]
 [53]
 [45]
 [48]
 [32]
 [54]
 [54]
 [53]
 [49]
 [46]
 [57]
 [50]
 [54]
 [48]
 [54]
 [57]
 [45]
 [49]] 
------------------------ Dataset: Gdx ------------------------
shape: (34, 1), dtype: uint16
Data:[[54]
 [54]
 [54]
 [55]
 [46]
 [55]
 [55]
 [56]
 [49]
 [53]
 [53]
 [45]
 [48]
 [32]
 [54]
 [54]
 [54]
 [55]
 [46]
 [55]
 [56]
 [50]
 [49]
 [55]
 [55]
 [57]
 [57]
 [57]
 [57]
 [57]
 [57]
 [53]
 [45]
 [49]] 
------------------------ Dataset: Gdy ------------------------
shape: (40, 1), dtype: uint16
Data:[[54]
 [54]
 [56]
 [51]
 [46]
 [55]
 [48]
 [54]
 [49]
 [55]
 [55]
 [57]
 [57]
 [57]
 [57]
 [57]
 [57]
 [45]
 [48]
 [32]
 [54]
 [54]
 [56]
 [51]
 [46]
 [55]
 [48]
 [50]
 [48]
 [52]
 [56]
 [57]
 [57]
 [57]
 [57]
 [57]
 [57]
 [53]
 [45]
 [49]] 
------------------------ Dataset: Gdz ------------------------
shape: (27, 1), dtype: uint16
Data:[[53]
 [57]
 [48]
 [49]
 [46]
 [54]
 [50]
 [51]
 [51]
 [55]
 [57]
 [45]
 [48]
 [32]
 [53]
 [57]
 [48]
 [49]
 [46]
 [54]
 [49]
 [57]
 [48]
 [51]
 [56]
 [45]
 [49]] 
------------------------ Dataset: Ge ------------------------
