shape: (1, 6), dtype: uint32
Data:[[3707764736          2          1          1        994          1]] 
------------------------ Dataset: Bqb ------------------------
shape: (26, 1), dtype: uint16
Data:[[54]
 [55]
 [54]
 [56]
 [46]
 [55]
 [48]
 [54]
 [51]
 [50]
 [55]
 [45]
 [48]
 [32]
 [54]
 [55]
 [54]
 [56]
 [46]
 [55]
 [48]
 [48]
 [52]
 [50]
 [45]
 [49]] 
------------------------ Dataset: Bqc ------------------------
shape: (34, 1), dtype: uint16
Data:[[54]
 [50]
 [56]
 [49]
 [46]
 [52]
 [57]
 [57]
 [48]
 [51]
 [53]
 [45]
 [48]
 [32]
 [54]
 [50]
 [56]
 [49]
 [46]
 [53]
 [48]
 [54]
 [51]
 [54]
 [50]
 [57]
 [57]
 [57]
 [57]
 [57]
 [57]
 [53]
 [45]
 [49]] 
------------------------ Dataset: Bqd ------------------------
shape: (27, 1), dtype: uint16
Data:[[54]
 [50]
 [57]
 [55]
 [46]
 [50]
 [54]
 [54]
 [52]
 [53]
 [52]
 [45]
 [48]
 [32]
 [54]
 [50]
 [57]
 [55]
 [46]
 [50]
 [55]
 [48]
 [55]
 [53]
 [57]
 [45]
 [49]] 
------------------------ Dataset: Bqe ------------------------
shape: (33, 1), dtype: uint16
Data:[[54]
 [51]
 [49]
 [51]
 [46]
 [49]
 [53]
 [50]
 [50]
 [50]
 [56]
 [45]
 [48]
 [32]
 [54]
 [51]
 [49]
 [51]
 [46]
 [49]
 [53]
 [50]
 [49]
 [54]
 [57]
 [57]
 [57]
 [57]
 [57]
 [57]
 [57]
 [45]
 [49]] 
------------------------ Dataset: Bqf ------------------------
shape: (27, 1), dtype: uint16
Data:[[54]
 [51]
 [50]
 [56]
 [46]
 [57]
 [55]
 [51]
 [55]
 [57]
 [53]
 [45]
 [48]
 [32]
 [54]
 [51]
 [50]
 [56]
 [46]
 [57]
 [54]
 [53]
 [57]
 [52]
 [56]
 [45]
 [49]] 
------------------------ Dataset: Bqg ------------------------
shape: (33, 1), dtype: uint16
Data:[[54]
 [51]
 [52]
 [52]
 [46]
 [56]
 [48]
 [53]
 [57]
 [53]
 [48]
 [57]
 [57]
 [57]
 [57]
 [57]
 [57]
 [45]
 [48]
 [32]
 [54]
 [51]
 [52]
 [52]
 [46]
 [56]
 [48]
 [50]
 [48]
 [49]
 [55]
 [45]
 [49]] 
------------------------ Dataset: Bqh ------------------------
shape: (33, 1), dtype: uint16
Data:[[54]
 [53]
 [48]
 [57]
 [46]
 [56]
 [57]
 [48]
 [48]
 [57]
 [56]
 [57]
 [57]
 [57]
 [57]
 [57]
 [57]
 [45]
 [48]
 [32]
 [54]
 [53]
 [48]
 [57]
 [46]
 [56]
 [57]
 [56]
 [49]
 [51]
 [51]
 [45]
 [49]] 
------------------------ Dataset: Bqi ------------------------
shape: (33, 1), dtype: uint16
Data:[[54]
 [53]
 [50]
 [53]
 [46]
 [54]
 [57]
 [56]
 [48]
 [53]
 [48]
 [57]
 [57]
 [57]
 [57]
 [57]
 [57]
 [45]
 [48]
 [32]
 [54]
 [53]
 [50]
 [53]
 [46]
 [55]
 [48]
 [50]
 [55]
 [53]
 [51]
 [45]
 [49]] 
------------------------ Dataset: Bqj ------------------------
shape: (27, 1), dtype: uint16
Data:[[54]
 [48]
 [50]
 [49]
 [46]
 [51]
 [48]
 [49]
 [56]
 [48]
 [53]
 [45]
 [48]
 [32]
 [54]
 [48]
 [50]
 [49]
 [46]
 [50]
 [57]
 [56]
 [55]
 [53]
 [50]
 [45]
 [49]] 
------------------------ Dataset: Bqk ------------------------
shape: (27, 1), dtype: uint16
Data:[[54]
 [48]
 [51]
 [55]
 [46]
 [48]
 [55]
 [56]
 [48]
 [49]
 [49]
 [45]
 [48]
 [32]
 [54]
 [48]
 [51]
 [55]
 [46]
 [48]
 [56]
 [50]
 [49]
 [48]
 [51]
 [45]
 [49]] 
------------------------ Dataset: Bql ------------------------
shape: (27, 1), dtype: uint16
Data:[[54]
 [48]
 [53]
 [50]
 [46]
 [55]
 [48]
 [48]
 [53]
 [56]
 [54]
 [45]
 [48]
 [32]
 [54]
 [48]
 [53]
 [50]
 [46]
 [55]
 [48]
 [53]
 [57]
 [53]
 [51]
 [45]
 [49]] 
------------------------ Dataset: Bqm ------------------------
shape: (33, 1), dtype: uint16
Data:[[54]
 [48]
 [54]
 [56]
 [46]
 [54]
 [50]
 [53]
 [57]
 [56]
 [50]
 [45]
 [48]
 [32]
 [54]
 [48]
 [54]
 [56]
 [46]
 [54]
 [49]
 [55]
 [55]
 [56]
 [54]
 [57]
 [57]
 [57]
 [57]
 [57]
 [57]
 [45]
 [49]] 
------------------------ Dataset: Bqn ------------------------
shape: (13, 1), dtype: uint16
Data:[[54]
 [48]
 [56]
 [52]
 [46]
 [53]
 [51]
 [55]
 [56]
 [54]
 [49]
 [45]
 [49]] 
------------------------ Dataset: Bqo ------------------------
shape: (27, 1), dtype: uint16
Data:[[53]
 [54]
 [52]
 [53]
 [46]
 [50]
 [50]
 [55]
 [50]
 [54]
 [49]
 [45]
 [48]
 [32]
 [53]
 [54]
 [52]
 [53]
 [46]
 [50]
 [50]
 [52]
 [51]
 [53]
 [55]
 [45]
 [49]] 
------------------------ Dataset: Bqp ------------------------
shape: (27, 1), dtype: uint16
Data:[[53]
 [54]
 [54]
 [48]
 [46]
 [57]
 [54]
 [57]
 [55]
 [55]
 [53]
 [45]
 [48]
 [32]
 [53]
 [54]
 [54]
 [48]
 [46]
 [57]
 [55]
 [55]
 [53]
 [56]
 [56]
 [45]
 [49]] 
------------------------ Dataset: Bqq ------------------------
shape: (33, 1), dtype: uint16
Data:[[53]
 [54]
 [55]
 [54]
 [46]
 [54]
 [54]
 [53]
 [55]
 [48]
 [54]
 [45]
 [48]
 [32]
 [53]
 [54]
 [55]
 [54]
 [46]
 [54]
 [55]
 [48]
 [51]
 [52]
 [54]
 [57]
 [57]
 [57]
 [57]
 [57]
 [57]
 [45]
 [49]] 
------------------------ Dataset: Bqr ------------------------
shape: (33, 1), dtype: uint16
Data:[[53]
 [54]
 [57]
 [50]
 [46]
 [52]
 [53]
 [48]
 [53]
 [48]
 [53]
 [57]
 [57]
 [57]
 [57]
 [57]
 [57]
 [45]
 [48]
 [32]
 [53]
 [54]
 [57]
 [50]
 [46]
 [52]
 [52]
 [53]
 [55]
 [53]
 [56]
 [45]
 [49]] 
------------------------ Dataset: Bqs ------------------------
shape: (33, 1), dtype: uint16
Data:[[54]
 [52]
 [49]
 [53]
 [46]
 [55]
 [53]
 [48]
 [48]
 [49]
 [57]
 [45]
 [48]
 [32]
 [54]
 [52]
 [49]
 [53]
 [46]
 [55]
 [53]
 [52]
 [48]
 [52]
 [54]
 [57]
 [57]
 [57]
 [57]
 [57]
 [57]
 [45]
 [49]] 
------------------------ Dataset: Bqt ------------------------
shape: (34, 1), dtype: uint16
Data:[[54]
 [54]
 [48]
 [55]
 [46]
 [56]
 [50]
 [54]
 [50]
 [51]
 [52]
 [57]
 [57]
 [57]
 [57]
 [57]
 [57]
 [53]
 [45]
 [48]
 [32]
 [54]
 [54]
 [48]
 [55]
 [46]
 [56]
 [51]
 [48]
 [50]
 [50]
 [56]
 [45]
 [49]] 
------------------------ Dataset: Bqu ------------------------
shape: (27, 1), dtype: uint16
Data:[[54]
 [54]
 [50]
 [51]
 [46]
 [55]
 [53]
 [57]
 [56]
 [49]
 [52]
 [45]
 [48]
 [32]
 [54]
 [54]
 [50]
 [51]
 [46]
 [55]
 [54]
 [48]
 [48]
 [54]
 [52]
 [45]
 [49]] 
------------------------ Dataset: Bqv ------------------------
shape: (33, 1), dtype: uint16
Data:[[54]
 [54]
 [51]
 [57]
 [46]
 [53]
 [57]
 [52]
 [48]
 [56]
 [51]
 [57]
 [57]
 [57]
 [57]
 [57]
 [57]
 [45]
 [48]
 [32]
 [54]
 [54]
 [51]
 [57]
 [46]
 [53]
 [57]
 [48]
 [50]
 [48]
 [56]
 [45]
 [49]] 
------------------------ Dataset: Bqw ------------------------
shape: (27, 1), dtype: uint16
Data:[[54]
 [54]
 [53]
 [53]
 [46]
 [50]
 [48]
 [54]
 [48]
 [55]
 [55]
 [45]
 [48]
 [32]
 [54]
 [54]
 [53]
 [53]
 [46]
 [50]
 [48]
 [50]
 [49]
 [52]
 [49]
 [45]
 [49]] 
------------------------ Dataset: Bqx ------------------------
shape: (27, 1), dtype: uint16
Data:[[54]
 [54]
 [55]
 [49]
 [46]
 [49]
 [48]
 [50]
 [48]
 [52]
 [53]
 [45]
 [48]
 [32]
 [54]
 [54]
 [55]
 [49]
 [46]
 [49]
 [48]
 [54]
 [51]
 [51]
 [57]
 [45]
 [49]] 
------------------------ Dataset: Bqy ------------------------
shape: (27, 1), dtype: uint16
Data:[[54]
 [54]
 [56]
 [55]
 [46]
 [48]
 [48]
 [54]
 [48]
 [56]
 [56]
 [45]
 [48]
 [32]
 [54]
 [54]
 [56]
 [55]
 [46]
 [48]
 [48]
 [50]
 [50]
 [51]
 [53]
 [45]
 [49]] 
------------------------ Dataset: Bqz ------------------------
shape: (33, 1), dtype: uint16
Data:[[53]
 [57]
 [48]
 [52]
 [46]
 [57]
 [50]
 [49]
 [54]
 [54]
 [51]
 [45]
 [48]
 [32]
 [53]
 [57]
 [48]
 [52]
 [46]
 [57]
 [49]
 [55]
 [54]
 [57]
 [55]
 [57]
 [57]
 [57]
 [57]
 [57]
 [57]
 [45]
 [49]] 
------------------------ Dataset: Br ------------------------
