shape: (1, 6), dtype: uint32
Data:[[3707764736          2          1          1       1047          1]] 
------------------------ Dataset: urb ------------------------
shape: (13, 1), dtype: uint16
Data:[[54]
 [55]
 [54]
 [56]
 [46]
 [57]
 [50]
 [50]
 [54]
 [52]
 [56]
 [45]
 [49]] 
------------------------ Dataset: urc ------------------------
shape: (39, 1), dtype: uint16
Data:[[54]
 [50]
 [56]
 [49]
 [46]
 [55]
 [50]
 [49]
 [57]
 [53]
 [53]
 [57]
 [57]
 [57]
 [57]
 [57]
 [57]
 [45]
 [48]
 [32]
 [54]
 [50]
 [56]
 [49]
 [46]
 [55]
 [49]
 [55]
 [57]
 [50]
 [50]
 [57]
 [57]
 [57]
 [57]
 [57]
 [57]
 [45]
 [49]] 
------------------------ Dataset: urd ------------------------
shape: (27, 1), dtype: uint16
Data:[[54]
 [50]
 [57]
 [55]
 [46]
 [52]
 [56]
 [57]
 [56]
 [54]
 [54]
 [45]
 [48]
 [32]
 [54]
 [50]
 [57]
 [55]
 [46]
 [52]
 [56]
 [53]
 [57]
 [54]
 [50]
 [45]
 [49]] 
------------------------ Dataset: ure ------------------------
shape: (33, 1), dtype: uint16
Data:[[54]
 [51]
 [49]
 [51]
 [46]
 [51]
 [54]
 [49]
 [57]
 [55]
 [56]
 [45]
 [48]
 [32]
 [54]
 [51]
 [49]
 [51]
 [46]
 [51]
 [54]
 [54]
 [49]
 [48]
 [55]
 [57]
 [57]
 [57]
 [57]
 [57]
 [57]
 [45]
 [49]] 
------------------------ Dataset: urf ------------------------
shape: (13, 1), dtype: uint16
Data:[[54]
 [51]
 [50]
 [57]
 [46]
 [49]
 [57]
 [55]
 [57]
 [52]
 [51]
 [45]
 [49]] 
------------------------ Dataset: urg ------------------------
shape: (33, 1), dtype: uint16
Data:[[54]
 [51]
 [52]
 [53]
 [46]
 [48]
 [51]
 [48]
 [55]
 [53]
 [51]
 [45]
 [48]
 [32]
 [54]
 [51]
 [52]
 [53]
 [46]
 [48]
 [51]
 [51]
 [54]
 [56]
 [57]
 [57]
 [57]
 [57]
 [57]
 [57]
 [57]
 [45]
 [49]] 
------------------------ Dataset: urh ------------------------
shape: (27, 1), dtype: uint16
Data:[[54]
 [53]
 [49]
 [48]
 [46]
 [49]
 [49]
 [55]
 [57]
 [54]
 [51]
 [45]
 [48]
 [32]
 [54]
 [53]
 [49]
 [48]
 [46]
 [49]
 [49]
 [51]
 [57]
 [56]
 [56]
 [45]
 [49]] 
------------------------ Dataset: uri ------------------------
shape: (27, 1), dtype: uint16
Data:[[54]
 [53]
 [50]
 [53]
 [46]
 [57]
 [51]
 [50]
 [55]
 [55]
 [57]
 [45]
 [48]
 [32]
 [54]
 [53]
 [50]
 [53]
 [46]
 [57]
 [50]
 [51]
 [50]
 [57]
 [51]
 [45]
 [49]] 
------------------------ Dataset: urj ------------------------
shape: (27, 1), dtype: uint16
Data:[[54]
 [48]
 [50]
 [49]
 [46]
 [53]
 [50]
 [52]
 [56]
 [50]
 [52]
 [45]
 [48]
 [32]
 [54]
 [48]
 [50]
 [49]
 [46]
 [53]
 [50]
 [54]
 [57]
 [55]
 [56]
 [45]
 [49]] 
------------------------ Dataset: urk ------------------------
shape: (40, 1), dtype: uint16
Data:[[54]
 [48]
 [51]
 [55]
 [46]
 [51]
 [48]
 [52]
 [55]
 [50]
 [48]
 [57]
 [57]
 [57]
 [57]
 [57]
 [57]
 [53]
 [45]
 [48]
 [32]
 [54]
 [48]
 [51]
 [55]
 [46]
 [51]
 [48]
 [52]
 [55]
 [54]
 [56]
 [57]
 [57]
 [57]
 [57]
 [57]
 [57]
 [45]
 [49]] 
------------------------ Dataset: url ------------------------
shape: (27, 1), dtype: uint16
Data:[[54]
 [48]
 [53]
 [50]
 [46]
 [57]
 [50]
 [53]
 [56]
 [52]
 [56]
 [45]
 [48]
 [32]
 [54]
 [48]
 [53]
 [50]
 [46]
 [57]
 [50]
 [50]
 [50]
 [52]
 [50]
 [45]
 [49]] 
------------------------ Dataset: urm ------------------------
shape: (33, 1), dtype: uint16
Data:[[54]
 [48]
 [54]
 [56]
 [46]
 [56]
 [52]
 [53]
 [56]
 [56]
 [50]
 [45]
 [48]
 [32]
 [54]
 [48]
 [54]
 [56]
 [46]
 [56]
 [52]
 [49]
 [57]
 [48]
 [55]
 [57]
 [57]
 [57]
 [57]
 [57]
 [57]
 [45]
 [49]] 
------------------------ Dataset: urn ------------------------
shape: (40, 1), dtype: uint16
Data:[[54]
 [48]
 [56]
 [52]
 [46]
 [55]
 [53]
 [55]
 [57]
 [52]
 [52]
 [57]
 [57]
 [57]
 [57]
 [57]
 [57]
 [45]
 [48]
 [32]
 [54]
 [48]
 [56]
 [52]
 [46]
 [55]
 [54]
 [49]
 [57]
 [48]
 [55]
 [57]
 [57]
 [57]
 [57]
 [57]
 [57]
 [53]
 [45]
 [49]] 
------------------------ Dataset: uro ------------------------
shape: (34, 1), dtype: uint16
Data:[[53]
 [54]
 [52]
 [53]
 [46]
 [52]
 [51]
 [55]
 [54]
 [48]
 [49]
 [45]
 [48]
 [32]
 [53]
 [54]
 [52]
 [53]
 [46]
 [52]
 [52]
 [49]
 [53]
 [56]
 [49]
 [57]
 [57]
 [57]
 [57]
 [57]
 [57]
 [53]
 [45]
 [49]] 
------------------------ Dataset: urp ------------------------
shape: (24, 1), dtype: uint16
Data:[[53]
 [54]
 [54]
 [49]
 [46]
 [49]
 [57]
 [55]
 [53]
 [52]
 [45]
 [48]
 [32]
 [53]
 [54]
 [54]
 [49]
 [46]
 [49]
 [57]
 [51]
 [55]
 [45]
 [49]] 
------------------------ Dataset: urq ------------------------
shape: (40, 1), dtype: uint16
Data:[[53]
 [54]
 [55]
 [54]
 [46]
 [56]
 [56]
 [57]
 [53]
 [49]
 [56]
 [57]
 [57]
 [57]
 [57]
 [57]
 [57]
 [45]
 [48]
 [32]
 [53]
 [54]
 [55]
 [54]
 [46]
 [56]
 [56]
 [57]
 [53]
 [50]
 [49]
 [57]
 [57]
 [57]
 [57]
 [57]
 [57]
 [53]
 [45]
 [49]] 
------------------------ Dataset: urr ------------------------
shape: (27, 1), dtype: uint16
Data:[[53]
 [54]
 [57]
 [50]
 [46]
 [54]
 [55]
 [51]
 [53]
 [53]
 [49]
 [45]
 [48]
 [32]
 [53]
 [54]
 [57]
 [50]
 [46]
 [54]
 [54]
 [57]
 [54]
 [55]
 [49]
 [45]
 [49]] 
------------------------ Dataset: urs ------------------------
shape: (33, 1), dtype: uint16
Data:[[54]
 [52]
 [49]
 [53]
 [46]
 [57]
 [55]
 [57]
 [49]
 [57]
 [48]
 [57]
 [57]
 [57]
 [57]
 [57]
 [57]
 [45]
 [48]
 [32]
 [54]
 [52]
 [49]
 [53]
 [46]
 [57]
 [56]
 [50]
 [52]
 [49]
 [57]
 [45]
 [49]] 
------------------------ Dataset: urt ------------------------
shape: (33, 1), dtype: uint16
Data:[[54]
 [54]
 [48]
 [56]
 [46]
 [48]
 [55]
 [54]
 [56]
 [54]
 [52]
 [45]
 [48]
 [32]
 [54]
 [54]
 [48]
 [56]
 [46]
 [48]
 [55]
 [55]
 [52]
 [53]
 [54]
 [57]
 [57]
 [57]
 [57]
 [57]
 [57]
 [45]
 [49]] 
------------------------ Dataset: uru ------------------------
shape: (26, 1), dtype: uint16
Data:[[54]
 [54]
 [50]
 [51]
 [46]
 [57]
 [57]
 [56]
 [49]
 [49]
 [51]
 [45]
 [48]
 [32]
 [54]
 [54]
 [50]
 [51]
 [46]
 [57]
 [57]
 [52]
 [53]
 [51]
 [45]
 [49]] 
------------------------ Dataset: urv ------------------------
shape: (26, 1), dtype: uint16
Data:[[54]
 [54]
 [51]
 [57]
 [46]
 [56]
 [49]
 [51]
 [53]
 [48]
 [52]
 [45]
 [48]
 [32]
 [54]
 [54]
 [51]
 [57]
 [46]
 [56]
 [49]
 [56]
 [48]
 [57]
 [45]
 [49]] 
------------------------ Dataset: urw ------------------------
shape: (27, 1), dtype: uint16
Data:[[54]
 [54]
 [53]
 [53]
 [46]
 [52]
 [51]
 [54]
 [51]
 [56]
 [53]
 [45]
 [48]
 [32]
 [54]
 [54]
 [53]
 [53]
 [46]
 [52]
 [51]
 [56]
 [50]
 [57]
 [52]
 [45]
 [49]] 
------------------------ Dataset: urx ------------------------
shape: (33, 1), dtype: uint16
Data:[[54]
 [54]
 [55]
 [49]
 [46]
 [51]
 [51]
 [52]
 [56]
 [54]
 [51]
 [45]
 [48]
 [32]
 [54]
 [54]
 [55]
 [49]
 [46]
 [51]
 [51]
 [52]
 [55]
 [48]
 [52]
 [57]
 [57]
 [57]
 [57]
 [57]
 [57]
 [45]
 [49]] 
------------------------ Dataset: ury ------------------------
shape: (27, 1), dtype: uint16
Data:[[54]
 [54]
 [56]
 [55]
 [46]
 [50]
 [51]
 [52]
 [51]
 [50]
 [52]
 [45]
 [48]
 [32]
 [54]
 [54]
 [56]
 [55]
 [46]
 [50]
 [51]
 [52]
 [49]
 [54]
 [50]
 [45]
 [49]] 
------------------------ Dataset: urz ------------------------
shape: (27, 1), dtype: uint16
Data:[[53]
 [57]
 [48]
 [53]
 [46]
 [49]
 [52]
 [57]
 [55]
 [49]
 [51]
 [45]
 [48]
 [32]
 [53]
 [57]
 [48]
 [53]
 [46]
 [49]
 [52]
 [53]
 [55]
 [55]
 [53]
 [45]
 [49]] 
------------------------ Dataset: us ------------------------
