shape: (1, 6), dtype: uint32
Data:[[3707764736          2          1          1        368          1]] 
------------------------ Dataset: ggb ------------------------
shape: (33, 1), dtype: uint16
Data:[[54]
 [55]
 [54]
 [54]
 [46]
 [48]
 [55]
 [53]
 [49]
 [57]
 [54]
 [45]
 [48]
 [32]
 [54]
 [55]
 [54]
 [54]
 [46]
 [48]
 [54]
 [48]
 [49]
 [54]
 [53]
 [57]
 [57]
 [57]
 [57]
 [57]
 [57]
 [45]
 [49]] 
------------------------ Dataset: ggc ------------------------
shape: (1, 5937), dtype: float64
Data:[[-0.36463427 -0.36463427 -0.36485976 ... -0.371736   -0.371736
  -0.37201303]] 
------------------------ Dataset: ggd ------------------------
shape: (33, 1), dtype: uint16
Data:[[54]
 [50]
 [57]
 [52]
 [46]
 [54]
 [53]
 [48]
 [50]
 [48]
 [56]
 [57]
 [57]
 [57]
 [57]
 [57]
 [57]
 [45]
 [48]
 [32]
 [54]
 [50]
 [57]
 [52]
 [46]
 [54]
 [53]
 [52]
 [48]
 [48]
 [51]
 [45]
 [49]] 
------------------------ Dataset: gge ------------------------
shape: (33, 1), dtype: uint16
Data:[[54]
 [51]
 [49]
 [48]
 [46]
 [52]
 [55]
 [51]
 [57]
 [49]
 [56]
 [45]
 [48]
 [32]
 [54]
 [51]
 [49]
 [48]
 [46]
 [52]
 [55]
 [48]
 [48]
 [48]
 [50]
 [57]
 [57]
 [57]
 [57]
 [57]
 [57]
 [45]
 [49]] 
------------------------ Dataset: ggf ------------------------
shape: (32, 1), dtype: uint16
Data:[[54]
 [51]
 [50]
 [54]
 [46]
 [51]
 [51]
 [48]
 [48]
 [51]
 [45]
 [48]
 [32]
 [54]
 [51]
 [50]
 [54]
 [46]
 [51]
 [51]
 [51]
 [57]
 [55]
 [57]
 [57]
 [57]
 [57]
 [57]
 [57]
 [57]
 [45]
 [49]] 
------------------------ Dataset: ggg ------------------------
shape: (33, 1), dtype: uint16
Data:[[54]
 [51]
 [52]
 [50]
 [46]
 [49]
 [53]
 [51]
 [57]
 [49]
 [50]
 [45]
 [48]
 [32]
 [54]
 [51]
 [52]
 [50]
 [46]
 [49]
 [53]
 [51]
 [53]
 [55]
 [52]
 [57]
 [57]
 [57]
 [57]
 [57]
 [57]
 [45]
 [49]] 
------------------------ Dataset: ggh ------------------------
shape: (33, 1), dtype: uint16
Data:[[54]
 [53]
 [48]
 [55]
 [46]
 [50]
 [54]
 [49]
 [57]
 [55]
 [49]
 [45]
 [48]
 [32]
 [54]
 [53]
 [48]
 [55]
 [46]
 [50]
 [53]
 [56]
 [49]
 [50]
 [49]
 [57]
 [57]
 [57]
 [57]
 [57]
 [57]
 [45]
 [49]] 
------------------------ Dataset: ggi ------------------------
shape: (27, 1), dtype: uint16
Data:[[54]
 [53]
 [50]
 [51]
 [46]
 [48]
 [55]
 [55]
 [57]
 [56]
 [53]
 [45]
 [48]
 [32]
 [54]
 [53]
 [50]
 [51]
 [46]
 [48]
 [56]
 [49]
 [57]
 [55]
 [50]
 [45]
 [49]] 
------------------------ Dataset: ggj ------------------------
shape: (27, 1), dtype: uint16
Data:[[54]
 [48]
 [49]
 [56]
 [46]
 [54]
 [53]
 [57]
 [55]
 [48]
 [53]
 [45]
 [48]
 [32]
 [54]
 [48]
 [49]
 [56]
 [46]
 [54]
 [53]
 [48]
 [56]
 [55]
 [54]
 [45]
 [49]] 
------------------------ Dataset: ggk ------------------------
shape: (32, 1), dtype: uint16
Data:[[54]
 [48]
 [51]
 [52]
 [46]
 [52]
 [52]
 [53]
 [56]
 [53]
 [53]
 [57]
 [57]
 [57]
 [57]
 [57]
 [57]
 [45]
 [48]
 [32]
 [54]
 [48]
 [51]
 [52]
 [46]
 [52]
 [53]
 [51]
 [56]
 [56]
 [45]
 [49]] 
------------------------ Dataset: ggl ------------------------
shape: (39, 1), dtype: uint16
Data:[[54]
 [48]
 [53]
 [48]
 [46]
 [48]
 [55]
 [55]
 [57]
 [52]
 [50]
 [57]
 [57]
 [57]
 [57]
 [57]
 [57]
 [45]
 [48]
 [32]
 [54]
 [48]
 [53]
 [48]
 [46]
 [48]
 [55]
 [51]
 [56]
 [50]
 [54]
 [57]
 [57]
 [57]
 [57]
 [57]
 [57]
 [45]
 [49]] 
------------------------ Dataset: ggm ------------------------
shape: (13, 1), dtype: uint16
Data:[[54]
 [48]
 [54]
 [53]
 [46]
 [57]
 [55]
 [48]
 [48]
 [51]
 [55]
 [45]
 [49]] 
------------------------ Dataset: ggn ------------------------
shape: (39, 1), dtype: uint16
Data:[[54]
 [48]
 [56]
 [49]
 [46]
 [57]
 [48]
 [49]
 [56]
 [49]
 [55]
 [57]
 [57]
 [57]
 [57]
 [57]
 [57]
 [45]
 [48]
 [32]
 [54]
 [48]
 [56]
 [49]
 [46]
 [57]
 [48]
 [55]
 [48]
 [48]
 [50]
 [57]
 [57]
 [57]
 [57]
 [57]
 [57]
 [45]
 [49]] 
------------------------ Dataset: ggo ------------------------
shape: (34, 1), dtype: uint16
Data:[[53]
 [54]
 [52]
 [50]
 [46]
 [54]
 [48]
 [53]
 [53]
 [48]
 [54]
 [45]
 [48]
 [32]
 [53]
 [54]
 [52]
 [50]
 [46]
 [54]
 [48]
 [49]
 [53]
 [49]
 [55]
 [57]
 [57]
 [57]
 [57]
 [57]
 [57]
 [53]
 [45]
 [49]] 
------------------------ Dataset: ggp ------------------------
shape: (27, 1), dtype: uint16
Data:[[53]
 [54]
 [53]
 [56]
 [46]
 [51]
 [53]
 [48]
 [54]
 [50]
 [50]
 [45]
 [48]
 [32]
 [53]
 [54]
 [53]
 [56]
 [46]
 [51]
 [53]
 [52]
 [49]
 [53]
 [50]
 [45]
 [49]] 
------------------------ Dataset: ggq ------------------------
shape: (32, 1), dtype: uint16
Data:[[53]
 [54]
 [55]
 [52]
 [46]
 [48]
 [53]
 [55]
 [53]
 [49]
 [45]
 [48]
 [32]
 [53]
 [54]
 [55]
 [52]
 [46]
 [48]
 [53]
 [55]
 [53]
 [48]
 [51]
 [57]
 [57]
 [57]
 [57]
 [57]
 [57]
 [45]
 [49]] 
------------------------ Dataset: ggr ------------------------
shape: (34, 1), dtype: uint16
Data:[[53]
 [54]
 [56]
 [57]
 [46]
 [56]
 [50]
 [54]
 [51]
 [56]
 [52]
 [45]
 [48]
 [32]
 [53]
 [54]
 [56]
 [57]
 [46]
 [56]
 [50]
 [57]
 [53]
 [48]
 [54]
 [57]
 [57]
 [57]
 [57]
 [57]
 [57]
 [53]
 [45]
 [49]] 
------------------------ Dataset: ggs ------------------------
shape: (33, 1), dtype: uint16
Data:[[54]
 [52]
 [49]
 [51]
 [46]
 [49]
 [48]
 [55]
 [55]
 [48]
 [49]
 [57]
 [57]
 [57]
 [57]
 [57]
 [57]
 [45]
 [48]
 [32]
 [54]
 [52]
 [49]
 [51]
 [46]
 [49]
 [49]
 [52]
 [55]
 [48]
 [56]
 [45]
 [49]] 
------------------------ Dataset: ggt ------------------------
shape: (33, 1), dtype: uint16
Data:[[54]
 [54]
 [48]
 [53]
 [46]
 [49]
 [55]
 [48]
 [49]
 [49]
 [48]
 [57]
 [57]
 [57]
 [57]
 [57]
 [57]
 [45]
 [48]
 [32]
 [54]
 [54]
 [48]
 [53]
 [46]
 [49]
 [54]
 [54]
 [49]
 [50]
 [54]
 [45]
 [49]] 
------------------------ Dataset: ggu ------------------------
shape: (33, 1), dtype: uint16
Data:[[54]
 [54]
 [50]
 [49]
 [46]
 [49]
 [51]
 [56]
 [49]
 [53]
 [51]
 [57]
 [57]
 [57]
 [57]
 [57]
 [57]
 [45]
 [48]
 [32]
 [54]
 [54]
 [50]
 [49]
 [46]
 [49]
 [52]
 [54]
 [49]
 [49]
 [49]
 [45]
 [49]] 
------------------------ Dataset: ggv ------------------------
shape: (27, 1), dtype: uint16
Data:[[54]
 [54]
 [51]
 [54]
 [46]
 [57]
 [57]
 [52]
 [51]
 [50]
 [49]
 [45]
 [48]
 [32]
 [54]
 [54]
 [51]
 [54]
 [46]
 [57]
 [57]
 [48]
 [48]
 [51]
 [53]
 [45]
 [49]] 
------------------------ Dataset: ggw ------------------------
shape: (39, 1), dtype: uint16
Data:[[54]
 [54]
 [53]
 [50]
 [46]
 [53]
 [55]
 [56]
 [49]
 [52]
 [54]
 [57]
 [57]
 [57]
 [57]
 [57]
 [57]
 [45]
 [48]
 [32]
 [54]
 [54]
 [53]
 [50]
 [46]
 [53]
 [56]
 [50]
 [49]
 [48]
 [57]
 [57]
 [57]
 [57]
 [57]
 [57]
 [57]
 [45]
 [49]] 
------------------------ Dataset: ggx ------------------------
shape: (34, 1), dtype: uint16
Data:[[54]
 [54]
 [54]
 [56]
 [46]
 [52]
 [52]
 [50]
 [49]
 [54]
 [52]
 [57]
 [57]
 [57]
 [57]
 [57]
 [57]
 [53]
 [45]
 [48]
 [32]
 [54]
 [54]
 [54]
 [56]
 [46]
 [52]
 [52]
 [54]
 [49]
 [49]
 [56]
 [45]
 [49]] 
------------------------ Dataset: ggy ------------------------
shape: (34, 1), dtype: uint16
Data:[[54]
 [54]
 [56]
 [52]
 [46]
 [51]
 [55]
 [48]
 [48]
 [55]
 [51]
 [57]
 [57]
 [57]
 [57]
 [57]
 [57]
 [53]
 [45]
 [48]
 [32]
 [54]
 [54]
 [56]
 [52]
 [46]
 [51]
 [55]
 [52]
 [52]
 [57]
 [49]
 [45]
 [49]] 
------------------------ Dataset: ggz ------------------------
shape: (33, 1), dtype: uint16
Data:[[53]
 [57]
 [48]
 [50]
 [46]
 [50]
 [57]
 [56]
 [48]
 [52]
 [54]
 [57]
 [57]
 [57]
 [57]
 [57]
 [57]
 [45]
 [48]
 [32]
 [53]
 [57]
 [48]
 [50]
 [46]
 [51]
 [48]
 [50]
 [53]
 [49]
 [52]
 [45]
 [49]] 
------------------------ Dataset: gh ------------------------
