shape: (1, 6), dtype: uint32
Data:[[3707764736          2          1          1       1250          1]] 
------------------------ Dataset: Qub ------------------------
shape: (27, 1), dtype: uint16
Data:[[54]
 [55]
 [54]
 [57]
 [46]
 [56]
 [48]
 [50]
 [56]
 [53]
 [53]
 [45]
 [48]
 [32]
 [54]
 [55]
 [54]
 [57]
 [46]
 [56]
 [48]
 [50]
 [56]
 [53]
 [52]
 [45]
 [49]] 
------------------------ Dataset: Quc ------------------------
shape: (26, 1), dtype: uint16
Data:[[54]
 [50]
 [56]
 [50]
 [46]
 [53]
 [54]
 [57]
 [55]
 [56]
 [45]
 [48]
 [32]
 [54]
 [50]
 [56]
 [50]
 [46]
 [53]
 [55]
 [52]
 [48]
 [53]
 [55]
 [45]
 [49]] 
------------------------ Dataset: Qud ------------------------
shape: (27, 1), dtype: uint16
Data:[[54]
 [50]
 [57]
 [56]
 [46]
 [51]
 [51]
 [55]
 [57]
 [52]
 [54]
 [45]
 [48]
 [32]
 [54]
 [50]
 [57]
 [56]
 [46]
 [51]
 [51]
 [51]
 [57]
 [56]
 [57]
 [45]
 [49]] 
------------------------ Dataset: Que ------------------------
shape: (13, 1), dtype: uint16
Data:[[54]
 [51]
 [49]
 [52]
 [46]
 [50]
 [50]
 [53]
 [48]
 [50]
 [54]
 [45]
 [49]] 
------------------------ Dataset: Quf ------------------------
shape: (40, 1), dtype: uint16
Data:[[54]
 [51]
 [51]
 [48]
 [46]
 [48]
 [53]
 [48]
 [48]
 [48]
 [50]
 [57]
 [57]
 [57]
 [57]
 [57]
 [57]
 [45]
 [48]
 [32]
 [54]
 [51]
 [51]
 [48]
 [46]
 [48]
 [52]
 [53]
 [57]
 [53]
 [49]
 [57]
 [57]
 [57]
 [57]
 [57]
 [57]
 [53]
 [45]
 [49]] 
------------------------ Dataset: Qug ------------------------
shape: (31, 1), dtype: uint16
Data:[[54]
 [51]
 [52]
 [53]
 [46]
 [56]
 [57]
 [48]
 [49]
 [45]
 [48]
 [32]
 [54]
 [51]
 [52]
 [53]
 [46]
 [56]
 [56]
 [54]
 [50]
 [50]
 [52]
 [57]
 [57]
 [57]
 [57]
 [57]
 [57]
 [45]
 [49]] 
------------------------ Dataset: Quh ------------------------
shape: (27, 1), dtype: uint16
Data:[[54]
 [53]
 [49]
 [48]
 [46]
 [57]
 [54]
 [52]
 [49]
 [51]
 [49]
 [45]
 [48]
 [32]
 [54]
 [53]
 [49]
 [48]
 [46]
 [57]
 [54]
 [53]
 [48]
 [48]
 [57]
 [45]
 [49]] 
------------------------ Dataset: Qui ------------------------
shape: (27, 1), dtype: uint16
Data:[[54]
 [53]
 [50]
 [54]
 [46]
 [56]
 [48]
 [54]
 [48]
 [54]
 [54]
 [45]
 [48]
 [32]
 [54]
 [53]
 [50]
 [54]
 [46]
 [56]
 [49]
 [48]
 [48]
 [54]
 [53]
 [45]
 [49]] 
------------------------ Dataset: Quj ------------------------
shape: (32, 1), dtype: uint16
Data:[[54]
 [48]
 [50]
 [50]
 [46]
 [51]
 [55]
 [56]
 [50]
 [56]
 [51]
 [57]
 [57]
 [57]
 [57]
 [57]
 [57]
 [45]
 [48]
 [32]
 [54]
 [48]
 [50]
 [50]
 [46]
 [51]
 [56]
 [49]
 [57]
 [57]
 [45]
 [49]] 
------------------------ Dataset: Quk ------------------------
shape: (27, 1), dtype: uint16
Data:[[54]
 [48]
 [51]
 [56]
 [46]
 [49]
 [53]
 [48]
 [52]
 [51]
 [57]
 [45]
 [48]
 [32]
 [54]
 [48]
 [51]
 [56]
 [46]
 [49]
 [53]
 [51]
 [56]
 [50]
 [55]
 [45]
 [49]] 
------------------------ Dataset: Qul ------------------------
shape: (27, 1), dtype: uint16
Data:[[54]
 [48]
 [53]
 [51]
 [46]
 [56]
 [48]
 [55]
 [54]
 [53]
 [49]
 [45]
 [48]
 [32]
 [54]
 [48]
 [53]
 [51]
 [46]
 [56]
 [48]
 [55]
 [54]
 [51]
 [54]
 [45]
 [49]] 
------------------------ Dataset: Qum ------------------------
shape: (27, 1), dtype: uint16
Data:[[54]
 [48]
 [54]
 [57]
 [46]
 [55]
 [49]
 [51]
 [51]
 [49]
 [56]
 [45]
 [48]
 [32]
 [54]
 [48]
 [54]
 [57]
 [46]
 [55]
 [49]
 [51]
 [53]
 [57]
 [50]
 [45]
 [49]] 
------------------------ Dataset: Qun ------------------------
shape: (27, 1), dtype: uint16
Data:[[54]
 [48]
 [56]
 [53]
 [46]
 [54]
 [49]
 [50]
 [53]
 [48]
 [55]
 [45]
 [48]
 [32]
 [54]
 [48]
 [56]
 [53]
 [46]
 [54]
 [49]
 [50]
 [53]
 [53]
 [50]
 [45]
 [49]] 
------------------------ Dataset: Quo ------------------------
shape: (27, 1), dtype: uint16
Data:[[53]
 [54]
 [52]
 [54]
 [46]
 [50]
 [57]
 [57]
 [52]
 [56]
 [52]
 [45]
 [48]
 [32]
 [53]
 [54]
 [52]
 [54]
 [46]
 [50]
 [57]
 [57]
 [53]
 [51]
 [57]
 [45]
 [49]] 
------------------------ Dataset: Qup ------------------------
shape: (41, 1), dtype: uint16
Data:[[53]
 [54]
 [54]
 [50]
 [46]
 [48]
 [51]
 [55]
 [53]
 [50]
 [54]
 [57]
 [57]
 [57]
 [57]
 [57]
 [57]
 [53]
 [45]
 [48]
 [32]
 [53]
 [54]
 [54]
 [50]
 [46]
 [48]
 [51]
 [51]
 [54]
 [48]
 [57]
 [57]
 [57]
 [57]
 [57]
 [57]
 [57]
 [53]
 [45]
 [49]] 
------------------------ Dataset: Quq ------------------------
shape: (34, 1), dtype: uint16
Data:[[53]
 [54]
 [55]
 [55]
 [46]
 [55]
 [53]
 [52]
 [50]
 [54]
 [49]
 [57]
 [57]
 [57]
 [57]
 [57]
 [57]
 [53]
 [45]
 [48]
 [32]
 [53]
 [54]
 [55]
 [55]
 [46]
 [55]
 [53]
 [50]
 [51]
 [52]
 [51]
 [45]
 [49]] 
------------------------ Dataset: Qur ------------------------
shape: (19, 1), dtype: uint16
Data:[[53]
 [54]
 [57]
 [51]
 [46]
 [53]
 [49]
 [51]
 [53]
 [55]
 [53]
 [57]
 [57]
 [57]
 [57]
 [57]
 [57]
 [45]
 [48]] 
------------------------ Dataset: Qus ------------------------
shape: (27, 1), dtype: uint16
Data:[[54]
 [52]
 [49]
 [54]
 [46]
 [56]
 [50]
 [57]
 [57]
 [53]
 [52]
 [45]
 [48]
 [32]
 [54]
 [52]
 [49]
 [54]
 [46]
 [56]
 [51]
 [55]
 [57]
 [49]
 [55]
 [45]
 [49]] 
------------------------ Dataset: Qut ------------------------
shape: (27, 1), dtype: uint16
Data:[[54]
 [54]
 [48]
 [56]
 [46]
 [57]
 [50]
 [50]
 [48]
 [56]
 [54]
 [45]
 [48]
 [32]
 [54]
 [54]
 [48]
 [56]
 [46]
 [57]
 [49]
 [56]
 [53]
 [56]
 [51]
 [45]
 [49]] 
------------------------ Dataset: Quu ------------------------
shape: (27, 1), dtype: uint16
Data:[[54]
 [54]
 [50]
 [52]
 [46]
 [56]
 [53]
 [48]
 [49]
 [50]
 [56]
 [45]
 [48]
 [32]
 [54]
 [54]
 [50]
 [52]
 [46]
 [56]
 [52]
 [54]
 [50]
 [48]
 [56]
 [45]
 [49]] 
------------------------ Dataset: Quv ------------------------
shape: (33, 1), dtype: uint16
Data:[[54]
 [54]
 [52]
 [48]
 [46]
 [54]
 [53]
 [48]
 [48]
 [54]
 [53]
 [57]
 [57]
 [57]
 [57]
 [57]
 [57]
 [45]
 [48]
 [32]
 [54]
 [54]
 [52]
 [48]
 [46]
 [54]
 [53]
 [52]
 [48]
 [57]
 [51]
 [45]
 [49]] 
------------------------ Dataset: Quw ------------------------
shape: (34, 1), dtype: uint16
Data:[[54]
 [54]
 [53]
 [54]
 [46]
 [50]
 [57]
 [48]
 [48]
 [53]
 [52]
 [57]
 [57]
 [57]
 [57]
 [57]
 [57]
 [53]
 [45]
 [48]
 [32]
 [54]
 [54]
 [53]
 [54]
 [46]
 [50]
 [57]
 [52]
 [49]
 [49]
 [51]
 [45]
 [49]] 
------------------------ Dataset: Qux ------------------------
shape: (27, 1), dtype: uint16
Data:[[54]
 [54]
 [55]
 [50]
 [46]
 [49]
 [57]
 [52]
 [48]
 [55]
 [55]
 [45]
 [48]
 [32]
 [54]
 [54]
 [55]
 [50]
 [46]
 [49]
 [57]
 [56]
 [48]
 [56]
 [49]
 [45]
 [49]] 
------------------------ Dataset: Quy ------------------------
shape: (27, 1), dtype: uint16
Data:[[54]
 [54]
 [56]
 [56]
 [46]
 [48]
 [56]
 [50]
 [49]
 [50]
 [50]
 [45]
 [48]
 [32]
 [54]
 [54]
 [56]
 [56]
 [46]
 [48]
 [56]
 [54]
 [51]
 [51]
 [56]
 [45]
 [49]] 
------------------------ Dataset: Quz ------------------------
shape: (27, 1), dtype: uint16
Data:[[53]
 [57]
 [48]
 [54]
 [46]
 [48]
 [48]
 [53]
 [55]
 [49]
 [57]
 [45]
 [48]
 [32]
 [53]
 [57]
 [48]
 [54]
 [46]
 [48]
 [48]
 [49]
 [54]
 [57]
 [53]
 [45]
 [49]] 
------------------------ Dataset: Qv ------------------------
