shape: (1, 6), dtype: uint32
Data:[[3707764736          2          1          1        120          1]] 
------------------------ Dataset: 0bb ------------------------
shape: (33, 1), dtype: uint16
Data:[[54]
 [55]
 [54]
 [53]
 [46]
 [48]
 [48]
 [50]
 [49]
 [57]
 [50]
 [57]
 [57]
 [57]
 [57]
 [57]
 [57]
 [45]
 [48]
 [32]
 [54]
 [55]
 [54]
 [53]
 [46]
 [48]
 [48]
 [54]
 [50]
 [49]
 [51]
 [45]
 [49]] 
------------------------ Dataset: 0bc ------------------------
shape: (33, 1), dtype: uint16
Data:[[54]
 [55]
 [56]
 [48]
 [46]
 [56]
 [54]
 [54]
 [49]
 [57]
 [53]
 [45]
 [48]
 [32]
 [54]
 [55]
 [56]
 [48]
 [46]
 [56]
 [54]
 [50]
 [50]
 [55]
 [49]
 [57]
 [57]
 [57]
 [57]
 [57]
 [57]
 [45]
 [49]] 
------------------------ Dataset: 0bd ------------------------
shape: (33, 1), dtype: uint16
Data:[[54]
 [50]
 [57]
 [51]
 [46]
 [54]
 [49]
 [48]
 [48]
 [52]
 [55]
 [45]
 [48]
 [32]
 [54]
 [50]
 [57]
 [51]
 [46]
 [54]
 [49]
 [56]
 [57]
 [48]
 [49]
 [57]
 [57]
 [57]
 [57]
 [57]
 [57]
 [45]
 [49]] 
------------------------ Dataset: 0be ------------------------
shape: (27, 1), dtype: uint16
Data:[[54]
 [51]
 [48]
 [57]
 [46]
 [52]
 [52]
 [49]
 [56]
 [57]
 [50]
 [45]
 [48]
 [32]
 [54]
 [51]
 [48]
 [57]
 [46]
 [52]
 [51]
 [55]
 [56]
 [56]
 [55]
 [45]
 [49]] 
------------------------ Dataset: 0bf ------------------------
shape: (39, 1), dtype: uint16
Data:[[54]
 [51]
 [50]
 [53]
 [46]
 [50]
 [53]
 [51]
 [57]
 [53]
 [52]
 [57]
 [57]
 [57]
 [57]
 [57]
 [57]
 [45]
 [48]
 [32]
 [54]
 [51]
 [50]
 [53]
 [46]
 [50]
 [53]
 [52]
 [49]
 [52]
 [48]
 [57]
 [57]
 [57]
 [57]
 [57]
 [57]
 [45]
 [49]] 
------------------------ Dataset: 0bg ------------------------
shape: (27, 1), dtype: uint16
Data:[[54]
 [51]
 [52]
 [49]
 [46]
 [49]
 [48]
 [57]
 [56]
 [57]
 [49]
 [45]
 [48]
 [32]
 [54]
 [51]
 [52]
 [49]
 [46]
 [49]
 [49]
 [48]
 [48]
 [54]
 [56]
 [45]
 [49]] 
------------------------ Dataset: 0bh ------------------------
shape: (27, 1), dtype: uint16
Data:[[54]
 [53]
 [48]
 [54]
 [46]
 [50]
 [50]
 [50]
 [48]
 [54]
 [50]
 [45]
 [48]
 [32]
 [54]
 [53]
 [48]
 [54]
 [46]
 [50]
 [49]
 [56]
 [48]
 [50]
 [49]
 [45]
 [49]] 
------------------------ Dataset: 0bi ------------------------
shape: (33, 1), dtype: uint16
Data:[[54]
 [53]
 [50]
 [50]
 [46]
 [48]
 [51]
 [56]
 [49]
 [56]
 [49]
 [57]
 [57]
 [57]
 [57]
 [57]
 [57]
 [45]
 [48]
 [32]
 [54]
 [53]
 [50]
 [50]
 [46]
 [48]
 [51]
 [49]
 [49]
 [54]
 [57]
 [45]
 [49]] 
------------------------ Dataset: 0bj ------------------------
shape: (27, 1), dtype: uint16
Data:[[54]
 [48]
 [49]
 [55]
 [46]
 [54]
 [48]
 [53]
 [56]
 [49]
 [50]
 [45]
 [48]
 [32]
 [54]
 [48]
 [49]
 [55]
 [46]
 [54]
 [48]
 [49]
 [57]
 [51]
 [53]
 [45]
 [49]] 
------------------------ Dataset: 0bk ------------------------
shape: (39, 1), dtype: uint16
Data:[[54]
 [48]
 [51]
 [51]
 [46]
 [52]
 [50]
 [49]
 [56]
 [52]
 [56]
 [57]
 [57]
 [57]
 [57]
 [57]
 [57]
 [45]
 [48]
 [32]
 [54]
 [48]
 [51]
 [51]
 [46]
 [52]
 [49]
 [55]
 [55]
 [51]
 [53]
 [57]
 [57]
 [57]
 [57]
 [57]
 [57]
 [45]
 [49]] 
------------------------ Dataset: 0bl ------------------------
shape: (32, 1), dtype: uint16
Data:[[54]
 [48]
 [52]
 [57]
 [46]
 [48]
 [49]
 [55]
 [55]
 [49]
 [45]
 [48]
 [32]
 [54]
 [48]
 [52]
 [57]
 [46]
 [48]
 [49]
 [55]
 [56]
 [50]
 [50]
 [57]
 [57]
 [57]
 [57]
 [57]
 [57]
 [45]
 [49]] 
------------------------ Dataset: 0bm ------------------------
shape: (27, 1), dtype: uint16
Data:[[54]
 [48]
 [54]
 [52]
 [46]
 [57]
 [49]
 [48]
 [54]
 [56]
 [51]
 [45]
 [48]
 [32]
 [54]
 [48]
 [54]
 [52]
 [46]
 [57]
 [49]
 [50]
 [56]
 [50]
 [54]
 [45]
 [49]] 
------------------------ Dataset: 0bn ------------------------
shape: (33, 1), dtype: uint16
Data:[[54]
 [48]
 [56]
 [48]
 [46]
 [56]
 [48]
 [49]
 [57]
 [50]
 [56]
 [57]
 [57]
 [57]
 [57]
 [57]
 [57]
 [45]
 [48]
 [32]
 [54]
 [48]
 [56]
 [48]
 [46]
 [55]
 [57]
 [51]
 [55]
 [53]
 [51]
 [45]
 [49]] 
------------------------ Dataset: 0bo ------------------------
shape: (13, 1), dtype: uint16
Data:[[53]
 [54]
 [52]
 [49]
 [46]
 [53]
 [54]
 [53]
 [54]
 [52]
 [57]
 [45]
 [48]] 
------------------------ Dataset: 0bp ------------------------
shape: (33, 1), dtype: uint16
Data:[[53]
 [54]
 [53]
 [55]
 [46]
 [50]
 [57]
 [56]
 [48]
 [50]
 [50]
 [45]
 [48]
 [32]
 [53]
 [54]
 [53]
 [55]
 [46]
 [51]
 [48]
 [53]
 [53]
 [54]
 [51]
 [57]
 [57]
 [57]
 [57]
 [57]
 [57]
 [45]
 [49]] 
------------------------ Dataset: 0bq ------------------------
shape: (33, 1), dtype: uint16
Data:[[53]
 [54]
 [55]
 [51]
 [46]
 [48]
 [49]
 [49]
 [52]
 [52]
 [49]
 [45]
 [48]
 [32]
 [53]
 [54]
 [55]
 [51]
 [46]
 [48]
 [48]
 [54]
 [57]
 [51]
 [52]
 [57]
 [57]
 [57]
 [57]
 [57]
 [57]
 [45]
 [49]] 
------------------------ Dataset: 0br ------------------------
shape: (32, 1), dtype: uint16
Data:[[53]
 [54]
 [56]
 [56]
 [46]
 [55]
 [56]
 [51]
 [48]
 [52]
 [52]
 [57]
 [57]
 [57]
 [57]
 [57]
 [57]
 [45]
 [48]
 [32]
 [53]
 [54]
 [56]
 [56]
 [46]
 [55]
 [56]
 [49]
 [50]
 [54]
 [45]
 [49]] 
------------------------ Dataset: 0bs ------------------------
shape: (33, 1), dtype: uint16
Data:[[53]
 [56]
 [49]
 [53]
 [46]
 [48]
 [52]
 [49]
 [53]
 [55]
 [50]
 [45]
 [48]
 [32]
 [53]
 [56]
 [49]
 [53]
 [46]
 [48]
 [51]
 [55]
 [54]
 [51]
 [51]
 [57]
 [57]
 [57]
 [57]
 [57]
 [57]
 [45]
 [49]] 
------------------------ Dataset: 0bt ------------------------
shape: (23, 1), dtype: uint16
Data:[[54]
 [54]
 [48]
 [52]
 [46]
 [49]
 [48]
 [54]
 [48]
 [52]
 [54]
 [45]
 [48]
 [32]
 [54]
 [54]
 [48]
 [52]
 [46]
 [49]
 [49]
 [45]
 [49]] 
------------------------ Dataset: 0bu ------------------------
shape: (27, 1), dtype: uint16
Data:[[54]
 [54]
 [50]
 [48]
 [46]
 [48]
 [57]
 [48]
 [55]
 [57]
 [53]
 [45]
 [48]
 [32]
 [54]
 [54]
 [50]
 [48]
 [46]
 [48]
 [57]
 [52]
 [48]
 [55]
 [55]
 [45]
 [49]] 
------------------------ Dataset: 0bv ------------------------
shape: (40, 1), dtype: uint16
Data:[[54]
 [54]
 [51]
 [53]
 [46]
 [57]
 [51]
 [56]
 [49]
 [53]
 [51]
 [57]
 [57]
 [57]
 [57]
 [57]
 [57]
 [53]
 [45]
 [48]
 [32]
 [54]
 [54]
 [51]
 [53]
 [46]
 [57]
 [51]
 [52]
 [49]
 [49]
 [53]
 [57]
 [57]
 [57]
 [57]
 [57]
 [57]
 [45]
 [49]] 
------------------------ Dataset: 0bw ------------------------
shape: (19, 1), dtype: uint16
Data:[[54]
 [54]
 [53]
 [49]
 [46]
 [53]
 [49]
 [57]
 [49]
 [55]
 [57]
 [57]
 [57]
 [57]
 [57]
 [57]
 [57]
 [45]
 [49]] 
------------------------ Dataset: 0bx ------------------------
shape: (27, 1), dtype: uint16
Data:[[54]
 [54]
 [54]
 [55]
 [46]
 [51]
 [57]
 [56]
 [49]
 [53]
 [56]
 [45]
 [48]
 [32]
 [54]
 [54]
 [54]
 [55]
 [46]
 [51]
 [57]
 [52]
 [54]
 [57]
 [53]
 [45]
 [49]] 
------------------------ Dataset: 0by ------------------------
shape: (39, 1), dtype: uint16
Data:[[54]
 [54]
 [56]
 [51]
 [46]
 [51]
 [49]
 [56]
 [48]
 [54]
 [57]
 [57]
 [57]
 [57]
 [57]
 [57]
 [57]
 [45]
 [48]
 [32]
 [54]
 [54]
 [56]
 [51]
 [46]
 [51]
 [49]
 [56]
 [48]
 [54]
 [57]
 [57]
 [57]
 [57]
 [57]
 [57]
 [57]
 [45]
 [49]] 
------------------------ Dataset: 0bz ------------------------
shape: (33, 1), dtype: uint16
Data:[[53]
 [57]
 [48]
 [49]
 [46]
 [50]
 [51]
 [51]
 [54]
 [55]
 [56]
 [45]
 [48]
 [32]
 [53]
 [57]
 [48]
 [49]
 [46]
 [50]
 [50]
 [57]
 [54]
 [49]
 [55]
 [57]
 [57]
 [57]
 [57]
 [57]
 [57]
 [45]
 [49]] 
------------------------ Dataset: 0c ------------------------
