shape: (1, 6), dtype: uint32
Data:[[3707764736          2          1          1        140          1]] 
------------------------ Dataset: ucb ------------------------
shape: (33, 1), dtype: uint16
Data:[[54]
 [55]
 [54]
 [53]
 [46]
 [48]
 [57]
 [51]
 [49]
 [53]
 [54]
 [57]
 [57]
 [57]
 [57]
 [57]
 [57]
 [45]
 [48]
 [32]
 [54]
 [55]
 [54]
 [53]
 [46]
 [48]
 [57]
 [50]
 [54]
 [53]
 [51]
 [45]
 [49]] 
------------------------ Dataset: ucc ------------------------
shape: (27, 1), dtype: uint16
Data:[[54]
 [55]
 [56]
 [48]
 [46]
 [57]
 [52]
 [57]
 [53]
 [52]
 [56]
 [45]
 [48]
 [32]
 [54]
 [55]
 [56]
 [48]
 [46]
 [57]
 [53]
 [55]
 [49]
 [49]
 [49]
 [45]
 [49]] 
------------------------ Dataset: ucd ------------------------
shape: (27, 1), dtype: uint16
Data:[[54]
 [50]
 [57]
 [51]
 [46]
 [54]
 [57]
 [56]
 [51]
 [50]
 [54]
 [45]
 [48]
 [32]
 [54]
 [50]
 [57]
 [51]
 [46]
 [54]
 [57]
 [52]
 [55]
 [52]
 [53]
 [45]
 [49]] 
------------------------ Dataset: uce ------------------------
shape: (27, 1), dtype: uint16
Data:[[54]
 [51]
 [48]
 [57]
 [46]
 [53]
 [50]
 [49]
 [57]
 [49]
 [49]
 [45]
 [48]
 [32]
 [54]
 [51]
 [48]
 [57]
 [46]
 [53]
 [50]
 [54]
 [48]
 [49]
 [56]
 [45]
 [49]] 
------------------------ Dataset: ucf ------------------------
shape: (27, 1), dtype: uint16
Data:[[54]
 [51]
 [50]
 [53]
 [46]
 [51]
 [51]
 [56]
 [49]
 [48]
 [56]
 [45]
 [48]
 [32]
 [54]
 [51]
 [50]
 [53]
 [46]
 [51]
 [52]
 [50]
 [49]
 [49]
 [54]
 [45]
 [49]] 
------------------------ Dataset: ucg ------------------------
shape: (34, 1), dtype: uint16
Data:[[54]
 [51]
 [52]
 [49]
 [46]
 [49]
 [57]
 [51]
 [57]
 [55]
 [52]
 [45]
 [48]
 [32]
 [54]
 [51]
 [52]
 [49]
 [46]
 [49]
 [57]
 [56]
 [48]
 [49]
 [56]
 [57]
 [57]
 [57]
 [57]
 [57]
 [57]
 [53]
 [45]
 [49]] 
------------------------ Dataset: uch ------------------------
shape: (27, 1), dtype: uint16
Data:[[54]
 [53]
 [48]
 [54]
 [46]
 [51]
 [48]
 [49]
 [57]
 [53]
 [52]
 [45]
 [48]
 [32]
 [54]
 [53]
 [48]
 [54]
 [46]
 [51]
 [49]
 [50]
 [52]
 [50]
 [50]
 [45]
 [49]] 
------------------------ Dataset: uci ------------------------
shape: (26, 1), dtype: uint16
Data:[[54]
 [53]
 [50]
 [50]
 [46]
 [49]
 [49]
 [56]
 [48]
 [54]
 [45]
 [48]
 [32]
 [54]
 [53]
 [50]
 [50]
 [46]
 [49]
 [49]
 [52]
 [48]
 [52]
 [49]
 [45]
 [49]] 
------------------------ Dataset: ucj ------------------------
shape: (27, 1), dtype: uint16
Data:[[54]
 [48]
 [49]
 [55]
 [46]
 [54]
 [57]
 [51]
 [55]
 [49]
 [49]
 [45]
 [48]
 [32]
 [54]
 [48]
 [49]
 [55]
 [46]
 [54]
 [57]
 [51]
 [55]
 [57]
 [49]
 [45]
 [49]] 
------------------------ Dataset: uck ------------------------
shape: (27, 1), dtype: uint16
Data:[[54]
 [48]
 [51]
 [51]
 [46]
 [53]
 [48]
 [53]
 [48]
 [53]
 [51]
 [45]
 [48]
 [32]
 [54]
 [48]
 [51]
 [51]
 [46]
 [53]
 [48]
 [54]
 [56]
 [49]
 [54]
 [45]
 [49]] 
------------------------ Dataset: ucl ------------------------
shape: (27, 1), dtype: uint16
Data:[[54]
 [48]
 [52]
 [57]
 [46]
 [49]
 [48]
 [57]
 [55]
 [55]
 [53]
 [45]
 [48]
 [32]
 [54]
 [48]
 [52]
 [57]
 [46]
 [49]
 [48]
 [53]
 [56]
 [52]
 [57]
 [45]
 [49]] 
------------------------ Dataset: ucm ------------------------
shape: (40, 1), dtype: uint16
Data:[[54]
 [48]
 [54]
 [52]
 [46]
 [57]
 [57]
 [48]
 [50]
 [57]
 [57]
 [57]
 [57]
 [57]
 [57]
 [57]
 [57]
 [53]
 [45]
 [48]
 [32]
 [54]
 [48]
 [54]
 [52]
 [46]
 [57]
 [57]
 [51]
 [56]
 [56]
 [53]
 [57]
 [57]
 [57]
 [57]
 [57]
 [57]
 [45]
 [49]] 
------------------------ Dataset: ucn ------------------------
shape: (27, 1), dtype: uint16
Data:[[54]
 [48]
 [56]
 [48]
 [46]
 [57]
 [48]
 [50]
 [55]
 [53]
 [52]
 [45]
 [48]
 [32]
 [54]
 [48]
 [56]
 [48]
 [46]
 [56]
 [57]
 [55]
 [55]
 [57]
 [56]
 [45]
 [49]] 
------------------------ Dataset: uco ------------------------
shape: (40, 1), dtype: uint16
Data:[[53]
 [54]
 [52]
 [49]
 [46]
 [54]
 [52]
 [53]
 [55]
 [49]
 [54]
 [57]
 [57]
 [57]
 [57]
 [57]
 [57]
 [45]
 [48]
 [32]
 [53]
 [54]
 [52]
 [49]
 [46]
 [54]
 [53]
 [48]
 [48]
 [53]
 [53]
 [57]
 [57]
 [57]
 [57]
 [57]
 [57]
 [53]
 [45]
 [49]] 
------------------------ Dataset: ucp ------------------------
shape: (27, 1), dtype: uint16
Data:[[53]
 [54]
 [53]
 [55]
 [46]
 [51]
 [56]
 [57]
 [54]
 [53]
 [56]
 [45]
 [48]
 [32]
 [53]
 [54]
 [53]
 [55]
 [46]
 [51]
 [56]
 [53]
 [54]
 [57]
 [55]
 [45]
 [49]] 
------------------------ Dataset: ucq ------------------------
shape: (33, 1), dtype: uint16
Data:[[53]
 [54]
 [55]
 [51]
 [46]
 [49]
 [48]
 [53]
 [54]
 [50]
 [55]
 [45]
 [48]
 [32]
 [53]
 [54]
 [55]
 [51]
 [46]
 [49]
 [48]
 [49]
 [54]
 [53]
 [54]
 [57]
 [57]
 [57]
 [57]
 [57]
 [57]
 [45]
 [49]] 
------------------------ Dataset: ucr ------------------------
shape: (33, 1), dtype: uint16
Data:[[53]
 [54]
 [56]
 [56]
 [46]
 [56]
 [54]
 [53]
 [54]
 [51]
 [52]
 [45]
 [48]
 [32]
 [53]
 [54]
 [56]
 [56]
 [46]
 [56]
 [54]
 [49]
 [55]
 [57]
 [53]
 [57]
 [57]
 [57]
 [57]
 [57]
 [57]
 [45]
 [49]] 
------------------------ Dataset: ucs ------------------------
shape: (26, 1), dtype: uint16
Data:[[53]
 [56]
 [49]
 [53]
 [46]
 [49]
 [50]
 [49]
 [53]
 [56]
 [55]
 [45]
 [48]
 [32]
 [53]
 [56]
 [49]
 [53]
 [46]
 [49]
 [50]
 [55]
 [57]
 [51]
 [45]
 [49]] 
------------------------ Dataset: uct ------------------------
shape: (33, 1), dtype: uint16
Data:[[54]
 [54]
 [48]
 [52]
 [46]
 [50]
 [49]
 [57]
 [48]
 [57]
 [54]
 [45]
 [48]
 [32]
 [54]
 [54]
 [48]
 [52]
 [46]
 [50]
 [49]
 [56]
 [55]
 [53]
 [53]
 [57]
 [57]
 [57]
 [57]
 [57]
 [57]
 [45]
 [49]] 
------------------------ Dataset: ucu ------------------------
shape: (34, 1), dtype: uint16
Data:[[54]
 [54]
 [50]
 [48]
 [46]
 [49]
 [55]
 [56]
 [49]
 [53]
 [57]
 [57]
 [57]
 [57]
 [57]
 [57]
 [57]
 [53]
 [45]
 [48]
 [32]
 [54]
 [54]
 [50]
 [48]
 [46]
 [49]
 [55]
 [52]
 [48]
 [55]
 [52]
 [45]
 [49]] 
------------------------ Dataset: ucv ------------------------
shape: (27, 1), dtype: uint16
Data:[[54]
 [54]
 [51]
 [54]
 [46]
 [48]
 [52]
 [51]
 [51]
 [55]
 [57]
 [45]
 [48]
 [32]
 [54]
 [54]
 [51]
 [54]
 [46]
 [48]
 [51]
 [56]
 [50]
 [55]
 [50]
 [45]
 [49]] 
------------------------ Dataset: ucw ------------------------
shape: (33, 1), dtype: uint16
Data:[[54]
 [54]
 [53]
 [49]
 [46]
 [54]
 [50]
 [54]
 [48]
 [51]
 [49]
 [45]
 [48]
 [32]
 [54]
 [54]
 [53]
 [49]
 [46]
 [54]
 [51]
 [48]
 [48]
 [56]
 [51]
 [57]
 [57]
 [57]
 [57]
 [57]
 [57]
 [45]
 [49]] 
------------------------ Dataset: ucx ------------------------
shape: (33, 1), dtype: uint16
Data:[[54]
 [54]
 [54]
 [55]
 [46]
 [52]
 [56]
 [50]
 [48]
 [54]
 [52]
 [57]
 [57]
 [57]
 [57]
 [57]
 [57]
 [45]
 [48]
 [32]
 [54]
 [54]
 [54]
 [55]
 [46]
 [52]
 [56]
 [54]
 [48]
 [53]
 [51]
 [45]
 [49]] 
------------------------ Dataset: ucy ------------------------
shape: (33, 1), dtype: uint16
Data:[[54]
 [54]
 [56]
 [51]
 [46]
 [52]
 [49]
 [48]
 [51]
 [53]
 [45]
 [48]
 [32]
 [54]
 [54]
 [56]
 [51]
 [46]
 [52]
 [48]
 [54]
 [48]
 [55]
 [51]
 [57]
 [57]
 [57]
 [57]
 [57]
 [57]
 [53]
 [45]
 [49]] 
------------------------ Dataset: ucz ------------------------
shape: (27, 1), dtype: uint16
Data:[[53]
 [57]
 [48]
 [49]
 [46]
 [51]
 [51]
 [48]
 [50]
 [56]
 [52]
 [45]
 [48]
 [32]
 [53]
 [57]
 [48]
 [49]
 [46]
 [51]
 [50]
 [54]
 [57]
 [55]
 [50]
 [45]
 [49]] 
------------------------ Dataset: udb ------------------------
shape: (27, 1), dtype: uint16
Data:[[54]
 [55]
 [54]
 [53]
 [46]
 [51]
 [52]
 [50]
 [53]
 [52]
 [57]
 [45]
 [48]
 [32]
 [54]
 [55]
 [54]
 [53]
 [46]
 [51]
 [51]
 [57]
 [51]
 [51]
 [50]
 [45]
 [49]] 
------------------------ Dataset: udc ------------------------
shape: (33, 1), dtype: uint16
Data:[[54]
 [55]
 [56]
 [49]
 [46]
 [49]
 [57]
 [56]
 [49]
 [56]
 [52]
 [57]
 [57]
 [57]
 [57]
 [57]
 [57]
 [45]
 [48]
 [32]
 [54]
 [55]
 [56]
 [49]
 [46]
 [50]
 [48]
 [50]
 [50]
 [48]
 [53]
 [45]
 [49]] 
------------------------ Dataset: udd ------------------------
shape: (33, 1), dtype: uint16
Data:[[54]
 [50]
 [57]
 [51]
 [46]
 [57]
 [53]
 [51]
 [57]
 [51]
 [54]
 [45]
 [48]
 [32]
 [54]
 [50]
 [57]
 [51]
 [46]
 [57]
 [52]
 [53]
 [57]
 [49]
 [52]
 [57]
 [57]
 [57]
 [57]
 [57]
 [57]
 [45]
 [49]] 
------------------------ Dataset: ude ------------------------
shape: (27, 1), dtype: uint16
Data:[[54]
 [51]
 [48]
 [57]
 [46]
 [55]
 [55]
 [52]
 [50]
 [53]
 [55]
 [45]
 [48]
 [32]
 [54]
 [51]
 [48]
 [57]
 [46]
 [55]
 [55]
 [52]
 [53]
 [51]
 [56]
 [45]
 [49]] 
------------------------ Dataset: udf ------------------------
shape: (27, 1), dtype: uint16
Data:[[54]
 [51]
 [50]
 [53]
 [46]
 [54]
 [48]
 [49]
 [56]
 [52]
 [54]
 [45]
 [48]
 [32]
 [54]
 [51]
 [50]
 [53]
 [46]
 [54]
 [48]
 [53]
 [56]
 [55]
 [49]
 [45]
 [49]] 
------------------------ Dataset: udg ------------------------
shape: (27, 1), dtype: uint16
Data:[[54]
 [51]
 [52]
 [49]
 [46]
 [52]
 [52]
 [57]
 [57]
 [49]
 [54]
 [45]
 [48]
 [32]
 [54]
 [51]
 [52]
 [49]
 [46]
 [52]
 [53]
 [52]
 [48]
 [50]
 [49]
 [45]
 [49]] 
------------------------ Dataset: udh ------------------------
shape: (33, 1), dtype: uint16
Data:[[54]
 [53]
 [48]
 [54]
 [46]
 [53]
 [53]
 [55]
 [57]
 [51]
 [51]
 [45]
 [48]
 [32]
 [54]
 [53]
 [48]
 [54]
 [46]
 [53]
 [53]
 [52]
 [48]
 [52]
 [53]
 [57]
 [57]
 [57]
 [57]
 [57]
 [57]
 [45]
 [49]] 
------------------------ Dataset: udi ------------------------
shape: (34, 1), dtype: uint16
Data:[[54]
 [53]
 [50]
 [50]
 [46]
 [51]
 [56]
 [49]
 [54]
 [51]
 [54]
 [57]
 [57]
 [57]
 [57]
 [57]
 [57]
 [53]
 [45]
 [48]
 [32]
 [54]
 [53]
 [50]
 [50]
 [46]
 [51]
 [56]
 [54]
 [48]
 [57]
 [55]
 [45]
 [49]] 
------------------------ Dataset: udj ------------------------
shape: (33, 1), dtype: uint16
Data:[[54]
 [48]
 [49]
 [55]
 [46]
 [57]
 [52]
 [54]
 [54]
 [53]
 [48]
 [57]
 [57]
 [57]
 [57]
 [57]
 [57]
 [45]
 [48]
 [32]
 [54]
 [48]
 [49]
 [55]
 [46]
 [57]
 [53]
 [48]
 [57]
 [48]
 [56]
 [45]
 [49]] 
------------------------ Dataset: udk ------------------------
shape: (40, 1), dtype: uint16
Data:[[54]
 [48]
 [51]
 [51]
 [46]
 [55]
 [53]
 [51]
 [57]
 [50]
 [56]
 [57]
 [57]
 [57]
 [57]
 [57]
 [57]
 [53]
 [45]
 [48]
 [32]
 [54]
 [48]
 [51]
 [51]
 [46]
 [55]
 [53]
 [55]
 [55]
 [56]
 [56]
 [57]
 [57]
 [57]
 [57]
 [57]
 [57]
 [45]
 [49]] 
------------------------ Dataset: udl ------------------------
shape: (27, 1), dtype: uint16
Data:[[54]
 [48]
 [52]
 [57]
 [46]
 [51]
 [54]
 [53]
 [56]
 [49]
 [57]
 [45]
 [48]
 [32]
 [54]
 [48]
 [52]
 [57]
 [46]
 [51]
 [54]
 [49]
 [56]
 [54]
 [53]
 [45]
 [49]] 
------------------------ Dataset: udm ------------------------
shape: (26, 1), dtype: uint16
Data:[[54]
 [48]
 [54]
 [53]
 [46]
 [50]
 [51]
 [55]
 [55]
 [55]
 [45]
 [48]
 [32]
 [54]
 [48]
 [54]
 [53]
 [46]
 [50]
 [52]
 [49]
 [56]
 [48]
 [49]
 [45]
 [49]] 
------------------------ Dataset: udn ------------------------
shape: (33, 1), dtype: uint16
Data:[[54]
 [48]
 [56]
 [49]
 [46]
 [49]
 [53]
 [56]
 [50]
 [55]
 [48]
 [57]
 [57]
 [57]
 [57]
 [57]
 [57]
 [45]
 [48]
 [32]
 [54]
 [48]
 [56]
 [49]
 [46]
 [49]
 [54]
 [49]
 [57]
 [50]
 [52]
 [45]
 [49]] 
------------------------ Dataset: udo ------------------------
shape: (26, 1), dtype: uint16
Data:[[53]
 [54]
 [52]
 [49]
 [46]
 [57]
 [48]
 [54]
 [54]
 [52]
 [52]
 [45]
 [48]
 [32]
 [53]
 [54]
 [52]
 [49]
 [46]
 [57]
 [49]
 [48]
 [56]
 [52]
 [45]
 [49]] 
------------------------ Dataset: udp ------------------------
shape: (26, 1), dtype: uint16
Data:[[53]
 [54]
 [53]
 [55]
 [46]
 [54]
 [51]
 [55]
 [54]
 [49]
 [45]
 [48]
 [32]
 [53]
 [54]
 [53]
 [55]
 [46]
 [54]
 [51]
 [51]
 [54]
 [54]
 [51]
 [45]
 [49]] 
------------------------ Dataset: udq ------------------------
shape: (13, 1), dtype: uint16
Data:[[53]
 [54]
 [55]
 [51]
 [46]
 [51]
 [54]
 [50]
 [54]
 [56]
 [57]
 [45]
 [49]] 
------------------------ Dataset: udr ------------------------
shape: (27, 1), dtype: uint16
Data:[[53]
 [54]
 [56]
 [57]
 [46]
 [49]
 [49]
 [55]
 [55]
 [53]
 [50]
 [45]
 [48]
 [32]
 [53]
 [54]
 [56]
 [57]
 [46]
 [49]
 [50]
 [49]
 [53]
 [57]
 [56]
 [45]
 [49]] 
------------------------ Dataset: uds ------------------------
shape: (20, 1), dtype: uint16
Data:[[53]
 [56]
 [49]
 [53]
 [46]
 [51]
 [56]
 [49]
 [55]
 [49]
 [52]
 [57]
 [57]
 [57]
 [57]
 [57]
 [57]
 [53]
 [45]
 [48]] 
------------------------ Dataset: udt ------------------------
shape: (13, 1), dtype: uint16
Data:[[54]
 [54]
 [48]
 [52]
 [46]
 [52]
 [54]
 [57]
 [50]
 [54]
 [53]
 [45]
 [49]] 
------------------------ Dataset: udu ------------------------
shape: (27, 1), dtype: uint16
Data:[[54]
 [54]
 [50]
 [48]
 [46]
 [52]
 [51]
 [48]
 [48]
 [50]
 [54]
 [45]
 [48]
 [32]
 [54]
 [54]
 [50]
 [48]
 [46]
 [52]
 [50]
 [54]
 [49]
 [53]
 [53]
 [45]
 [49]] 
------------------------ Dataset: udv ------------------------
shape: (19, 1), dtype: uint16
Data:[[54]
 [54]
 [51]
 [54]
 [46]
 [50]
 [56]
 [54]
 [51]
 [53]
 [55]
 [57]
 [57]
 [57]
 [57]
 [57]
 [57]
 [45]
 [48]] 
------------------------ Dataset: udw ------------------------
shape: (33, 1), dtype: uint16
Data:[[54]
 [54]
 [53]
 [49]
 [46]
 [56]
 [56]
 [55]
 [56]
 [49]
 [55]
 [57]
 [57]
 [57]
 [57]
 [57]
 [57]
 [45]
 [48]
 [32]
 [54]
 [54]
 [53]
 [49]
 [46]
 [56]
 [56]
 [50]
 [57]
 [57]
 [52]
 [45]
 [49]] 
------------------------ Dataset: udx ------------------------
shape: (33, 1), dtype: uint16
Data:[[54]
 [54]
 [54]
 [55]
 [46]
 [55]
 [51]
 [48]
 [57]
 [56]
 [49]
 [45]
 [48]
 [32]
 [54]
 [54]
 [54]
 [55]
 [46]
 [55]
 [51]
 [52]
 [51]
 [50]
 [57]
 [57]
 [57]
 [57]
 [57]
 [57]
 [57]
 [45]
 [49]] 
------------------------ Dataset: udy ------------------------
shape: (27, 1), dtype: uint16
Data:[[54]
 [54]
 [56]
 [51]
 [46]
 [54]
 [53]
 [56]
 [48]
 [54]
 [57]
 [45]
 [48]
 [32]
 [54]
 [54]
 [56]
 [51]
 [46]
 [54]
 [53]
 [52]
 [49]
 [50]
 [53]
 [45]
 [49]] 
------------------------ Dataset: udz ------------------------
shape: (32, 1), dtype: uint16
Data:[[53]
 [57]
 [48]
 [49]
 [46]
 [53]
 [55]
 [51]
 [55]
 [55]
 [48]
 [57]
 [57]
 [57]
 [57]
 [57]
 [57]
 [45]
 [48]
 [32]
 [53]
 [57]
 [48]
 [49]
 [46]
 [53]
 [55]
 [48]
 [56]
 [50]
 [45]
 [49]] 
------------------------ Dataset: ue ------------------------
