shape: (1, 6), dtype: uint32
Data:[[3707764736          2          1          1       1722          1]] 
------------------------ Dataset: ECb ------------------------
shape: (33, 1), dtype: uint16
Data:[[54]
 [55]
 [55]
 [49]
 [46]
 [55]
 [55]
 [53]
 [51]
 [49]
 [48]
 [57]
 [57]
 [57]
 [57]
 [57]
 [57]
 [45]
 [48]
 [32]
 [54]
 [55]
 [55]
 [49]
 [46]
 [55]
 [55]
 [56]
 [57]
 [56]
 [56]
 [45]
 [49]] 
------------------------ Dataset: ECc ------------------------
shape: (33, 1), dtype: uint16
Data:[[54]
 [50]
 [56]
 [52]
 [46]
 [53]
 [53]
 [57]
 [49]
 [56]
 [52]
 [45]
 [48]
 [32]
 [54]
 [50]
 [56]
 [52]
 [46]
 [53]
 [53]
 [55]
 [49]
 [57]
 [52]
 [57]
 [57]
 [57]
 [57]
 [57]
 [57]
 [45]
 [49]] 
------------------------ Dataset: ECd ------------------------
shape: (33, 1), dtype: uint16
Data:[[54]
 [51]
 [48]
 [48]
 [46]
 [51]
 [51]
 [54]
 [50]
 [55]
 [49]
 [45]
 [48]
 [32]
 [54]
 [51]
 [48]
 [48]
 [46]
 [51]
 [51]
 [56]
 [56]
 [52]
 [55]
 [57]
 [57]
 [57]
 [57]
 [57]
 [57]
 [45]
 [49]] 
------------------------ Dataset: ECe ------------------------
shape: (27, 1), dtype: uint16
Data:[[54]
 [51]
 [49]
 [54]
 [46]
 [49]
 [57]
 [54]
 [49]
 [52]
 [52]
 [45]
 [48]
 [32]
 [54]
 [51]
 [49]
 [54]
 [46]
 [49]
 [57]
 [57]
 [52]
 [50]
 [53]
 [45]
 [49]] 
------------------------ Dataset: ECf ------------------------
shape: (33, 1), dtype: uint16
Data:[[54]
 [51]
 [51]
 [50]
 [46]
 [48]
 [51]
 [49]
 [57]
 [55]
 [53]
 [45]
 [48]
 [32]
 [54]
 [51]
 [51]
 [50]
 [46]
 [48]
 [51]
 [48]
 [49]
 [48]
 [48]
 [57]
 [57]
 [57]
 [57]
 [57]
 [57]
 [45]
 [49]] 
------------------------ Dataset: ECg ------------------------
shape: (26, 1), dtype: uint16
Data:[[54]
 [52]
 [57]
 [55]
 [46]
 [49]
 [56]
 [50]
 [50]
 [52]
 [45]
 [48]
 [32]
 [54]
 [52]
 [57]
 [55]
 [46]
 [49]
 [55]
 [56]
 [52]
 [54]
 [50]
 [45]
 [49]] 
------------------------ Dataset: ECh ------------------------
shape: (33, 1), dtype: uint16
Data:[[54]
 [53]
 [49]
 [50]
 [46]
 [57]
 [53]
 [57]
 [50]
 [57]
 [50]
 [45]
 [48]
 [32]
 [54]
 [53]
 [49]
 [50]
 [46]
 [57]
 [54]
 [51]
 [52]
 [52]
 [49]
 [57]
 [57]
 [57]
 [57]
 [57]
 [57]
 [45]
 [49]] 
------------------------ Dataset: ECi ------------------------
shape: (33, 1), dtype: uint16
Data:[[54]
 [53]
 [50]
 [56]
 [46]
 [55]
 [56]
 [49]
 [57]
 [54]
 [50]
 [45]
 [48]
 [32]
 [54]
 [53]
 [50]
 [56]
 [46]
 [55]
 [56]
 [53]
 [57]
 [56]
 [57]
 [57]
 [57]
 [57]
 [57]
 [57]
 [57]
 [45]
 [49]] 
------------------------ Dataset: ECj ------------------------
shape: (33, 1), dtype: uint16
Data:[[54]
 [48]
 [50]
 [52]
 [46]
 [51]
 [54]
 [49]
 [55]
 [55]
 [57]
 [45]
 [48]
 [32]
 [54]
 [48]
 [50]
 [52]
 [46]
 [51]
 [53]
 [55]
 [56]
 [50]
 [50]
 [57]
 [57]
 [57]
 [57]
 [57]
 [57]
 [45]
 [49]] 
------------------------ Dataset: ECk ------------------------
shape: (33, 1), dtype: uint16
Data:[[54]
 [48]
 [52]
 [48]
 [46]
 [49]
 [49]
 [48]
 [49]
 [55]
 [53]
 [45]
 [48]
 [32]
 [54]
 [48]
 [52]
 [48]
 [46]
 [49]
 [48]
 [54]
 [56]
 [54]
 [51]
 [57]
 [57]
 [57]
 [57]
 [57]
 [57]
 [45]
 [49]] 
------------------------ Dataset: ECl ------------------------
shape: (27, 1), dtype: uint16
Data:[[54]
 [48]
 [53]
 [53]
 [46]
 [55]
 [55]
 [53]
 [53]
 [52]
 [57]
 [45]
 [48]
 [32]
 [54]
 [48]
 [53]
 [53]
 [46]
 [55]
 [55]
 [50]
 [54]
 [53]
 [50]
 [45]
 [49]] 
------------------------ Dataset: ECm ------------------------
shape: (39, 1), dtype: uint16
Data:[[54]
 [48]
 [55]
 [49]
 [46]
 [55]
 [49]
 [48]
 [49]
 [53]
 [48]
 [57]
 [57]
 [57]
 [57]
 [57]
 [57]
 [45]
 [48]
 [32]
 [54]
 [48]
 [55]
 [49]
 [46]
 [55]
 [49]
 [51]
 [55]
 [51]
 [57]
 [57]
 [57]
 [57]
 [57]
 [57]
 [57]
 [45]
 [49]] 
------------------------ Dataset: ECn ------------------------
shape: (27, 1), dtype: uint16
Data:[[53]
 [54]
 [51]
 [50]
 [46]
 [53]
 [56]
 [53]
 [55]
 [54]
 [51]
 [45]
 [48]
 [32]
 [53]
 [54]
 [51]
 [50]
 [46]
 [53]
 [56]
 [57]
 [53]
 [51]
 [55]
 [45]
 [49]] 
------------------------ Dataset: ECo ------------------------
shape: (33, 1), dtype: uint16
Data:[[53]
 [54]
 [52]
 [56]
 [46]
 [50]
 [54]
 [50]
 [49]
 [53]
 [52]
 [57]
 [57]
 [57]
 [57]
 [57]
 [57]
 [45]
 [48]
 [32]
 [53]
 [54]
 [52]
 [56]
 [46]
 [50]
 [54]
 [54]
 [56]
 [48]
 [57]
 [45]
 [49]] 
------------------------ Dataset: ECp ------------------------
shape: (33, 1), dtype: uint16
Data:[[53]
 [54]
 [54]
 [51]
 [46]
 [57]
 [57]
 [55]
 [54]
 [50]
 [52]
 [45]
 [48]
 [32]
 [53]
 [54]
 [54]
 [52]
 [46]
 [48]
 [48]
 [50]
 [57]
 [54]
 [48]
 [57]
 [57]
 [57]
 [57]
 [57]
 [57]
 [45]
 [49]] 
------------------------ Dataset: ECq ------------------------
shape: (34, 1), dtype: uint16
Data:[[53]
 [54]
 [55]
 [57]
 [46]
 [55]
 [52]
 [57]
 [54]
 [49]
 [50]
 [45]
 [48]
 [32]
 [53]
 [54]
 [55]
 [57]
 [46]
 [55]
 [52]
 [53]
 [53]
 [55]
 [48]
 [57]
 [57]
 [57]
 [57]
 [57]
 [57]
 [53]
 [45]
 [49]] 
------------------------ Dataset: ECr ------------------------
shape: (41, 1), dtype: uint16
Data:[[53]
 [56]
 [48]
 [54]
 [46]
 [48]
 [52]
 [53]
 [56]
 [49]
 [52]
 [57]
 [57]
 [57]
 [57]
 [57]
 [57]
 [53]
 [45]
 [48]
 [32]
 [53]
 [56]
 [48]
 [54]
 [46]
 [48]
 [53]
 [49]
 [54]
 [51]
 [51]
 [57]
 [57]
 [57]
 [57]
 [57]
 [57]
 [53]
 [45]
 [49]] 
------------------------ Dataset: ECs ------------------------
shape: (33, 1), dtype: uint16
Data:[[54]
 [52]
 [49]
 [56]
 [46]
 [56]
 [49]
 [49]
 [57]
 [54]
 [56]
 [45]
 [48]
 [32]
 [54]
 [52]
 [49]
 [56]
 [46]
 [56]
 [49]
 [49]
 [56]
 [53]
 [50]
 [57]
 [57]
 [57]
 [57]
 [57]
 [57]
 [45]
 [49]] 
------------------------ Dataset: ECt ------------------------
shape: (26, 1), dtype: uint16
Data:[[54]
 [54]
 [49]
 [48]
 [46]
 [57]
 [50]
 [50]
 [48]
 [55]
 [45]
 [48]
 [32]
 [54]
 [54]
 [49]
 [48]
 [46]
 [57]
 [49]
 [52]
 [48]
 [57]
 [55]
 [45]
 [49]] 
------------------------ Dataset: ECu ------------------------
shape: (27, 1), dtype: uint16
Data:[[54]
 [54]
 [50]
 [54]
 [46]
 [56]
 [51]
 [48]
 [48]
 [49]
 [54]
 [45]
 [48]
 [32]
 [54]
 [54]
 [50]
 [54]
 [46]
 [56]
 [50]
 [54]
 [48]
 [55]
 [55]
 [45]
 [49]] 
------------------------ Dataset: ECv ------------------------
shape: (40, 1), dtype: uint16
Data:[[54]
 [54]
 [52]
 [50]
 [46]
 [54]
 [48]
 [50]
 [51]
 [50]
 [48]
 [57]
 [57]
 [57]
 [57]
 [57]
 [57]
 [45]
 [48]
 [32]
 [54]
 [54]
 [52]
 [50]
 [46]
 [54]
 [48]
 [54]
 [49]
 [56]
 [57]
 [57]
 [57]
 [57]
 [57]
 [57]
 [57]
 [53]
 [45]
 [49]] 
------------------------ Dataset: ECw ------------------------
shape: (27, 1), dtype: uint16
Data:[[54]
 [54]
 [53]
 [56]
 [46]
 [51]
 [49]
 [52]
 [48]
 [57]
 [56]
 [45]
 [48]
 [32]
 [54]
 [54]
 [53]
 [56]
 [46]
 [51]
 [49]
 [48]
 [52]
 [54]
 [57]
 [45]
 [49]] 
------------------------ Dataset: ECx ------------------------
shape: (26, 1), dtype: uint16
Data:[[54]
 [54]
 [55]
 [52]
 [46]
 [50]
 [48]
 [55]
 [56]
 [51]
 [49]
 [45]
 [48]
 [32]
 [54]
 [54]
 [55]
 [52]
 [46]
 [50]
 [48]
 [50]
 [50]
 [51]
 [45]
 [49]] 
------------------------ Dataset: ECy ------------------------
shape: (26, 1), dtype: uint16
Data:[[54]
 [54]
 [57]
 [48]
 [46]
 [49]
 [49]
 [52]
 [49]
 [49]
 [51]
 [45]
 [48]
 [32]
 [54]
 [54]
 [57]
 [48]
 [46]
 [49]
 [49]
 [48]
 [48]
 [55]
 [45]
 [49]] 
------------------------ Dataset: ECz ------------------------
shape: (33, 1), dtype: uint16
Data:[[53]
 [57]
 [48]
 [56]
 [46]
 [48]
 [48]
 [53]
 [57]
 [48]
 [50]
 [45]
 [48]
 [32]
 [53]
 [57]
 [48]
 [56]
 [46]
 [48]
 [48]
 [49]
 [56]
 [56]
 [48]
 [57]
 [57]
 [57]
 [57]
 [57]
 [57]
 [45]
 [49]] 
------------------------ Dataset: ED ------------------------
