shape: (1, 6), dtype: uint32
Data:[[3707764736          2          1          1        870          1]] 
------------------------ Dataset: yob ------------------------
shape: (27, 1), dtype: uint16
Data:[[54]
 [55]
 [54]
 [56]
 [46]
 [49]
 [57]
 [48]
 [52]
 [51]
 [49]
 [45]
 [48]
 [32]
 [54]
 [55]
 [54]
 [56]
 [46]
 [49]
 [56]
 [54]
 [55]
 [56]
 [50]
 [45]
 [49]] 
------------------------ Dataset: yoc ------------------------
shape: (34, 1), dtype: uint16
Data:[[54]
 [50]
 [56]
 [48]
 [46]
 [57]
 [54]
 [53]
 [56]
 [57]
 [55]
 [57]
 [57]
 [57]
 [57]
 [57]
 [57]
 [53]
 [45]
 [48]
 [32]
 [54]
 [50]
 [56]
 [48]
 [46]
 [57]
 [54]
 [50]
 [50]
 [50]
 [49]
 [45]
 [49]] 
------------------------ Dataset: yod ------------------------
shape: (40, 1), dtype: uint16
Data:[[54]
 [50]
 [57]
 [54]
 [46]
 [55]
 [52]
 [54]
 [52]
 [49]
 [51]
 [57]
 [57]
 [57]
 [57]
 [57]
 [57]
 [45]
 [48]
 [32]
 [54]
 [50]
 [57]
 [54]
 [46]
 [55]
 [52]
 [54]
 [51]
 [56]
 [52]
 [57]
 [57]
 [57]
 [57]
 [57]
 [57]
 [53]
 [45]
 [49]] 
------------------------ Dataset: yoe ------------------------
shape: (27, 1), dtype: uint16
Data:[[54]
 [51]
 [49]
 [50]
 [46]
 [53]
 [55]
 [55]
 [57]
 [52]
 [52]
 [45]
 [48]
 [32]
 [54]
 [51]
 [49]
 [50]
 [46]
 [53]
 [55]
 [51]
 [56]
 [57]
 [51]
 [45]
 [49]] 
------------------------ Dataset: yof ------------------------
shape: (26, 1), dtype: uint16
Data:[[54]
 [51]
 [50]
 [56]
 [46]
 [52]
 [52]
 [57]
 [57]
 [50]
 [45]
 [48]
 [32]
 [54]
 [51]
 [50]
 [56]
 [46]
 [52]
 [53]
 [51]
 [57]
 [51]
 [52]
 [45]
 [49]] 
------------------------ Dataset: yog ------------------------
shape: (33, 1), dtype: uint16
Data:[[54]
 [51]
 [52]
 [52]
 [46]
 [50]
 [55]
 [54]
 [55]
 [57]
 [56]
 [57]
 [57]
 [57]
 [57]
 [57]
 [57]
 [45]
 [48]
 [32]
 [54]
 [51]
 [52]
 [52]
 [46]
 [50]
 [56]
 [50]
 [54]
 [51]
 [53]
 [45]
 [49]] 
------------------------ Dataset: yoh ------------------------
shape: (27, 1), dtype: uint16
Data:[[54]
 [53]
 [48]
 [57]
 [46]
 [51]
 [55]
 [51]
 [57]
 [51]
 [51]
 [45]
 [48]
 [32]
 [54]
 [53]
 [48]
 [57]
 [46]
 [51]
 [55]
 [48]
 [48]
 [48]
 [50]
 [45]
 [49]] 
------------------------ Dataset: yoi ------------------------
shape: (39, 1), dtype: uint16
Data:[[54]
 [53]
 [50]
 [53]
 [46]
 [49]
 [56]
 [50]
 [48]
 [48]
 [54]
 [57]
 [57]
 [57]
 [57]
 [57]
 [57]
 [45]
 [48]
 [32]
 [54]
 [53]
 [50]
 [53]
 [46]
 [49]
 [55]
 [56]
 [52]
 [55]
 [48]
 [57]
 [57]
 [57]
 [57]
 [57]
 [57]
 [45]
 [49]] 
------------------------ Dataset: yoj ------------------------
shape: (32, 1), dtype: uint16
Data:[[54]
 [48]
 [50]
 [48]
 [46]
 [55]
 [55]
 [55]
 [55]
 [45]
 [48]
 [32]
 [54]
 [48]
 [50]
 [48]
 [46]
 [55]
 [55]
 [51]
 [55]
 [51]
 [54]
 [57]
 [57]
 [57]
 [57]
 [57]
 [57]
 [53]
 [45]
 [49]] 
------------------------ Dataset: yok ------------------------
shape: (27, 1), dtype: uint16
Data:[[54]
 [48]
 [51]
 [54]
 [46]
 [53]
 [54]
 [57]
 [55]
 [49]
 [53]
 [45]
 [48]
 [32]
 [54]
 [48]
 [51]
 [54]
 [46]
 [53]
 [54]
 [54]
 [49]
 [48]
 [53]
 [45]
 [49]] 
------------------------ Dataset: yol ------------------------
shape: (27, 1), dtype: uint16
Data:[[54]
 [48]
 [53]
 [50]
 [46]
 [49]
 [55]
 [51]
 [56]
 [54]
 [56]
 [45]
 [48]
 [32]
 [54]
 [48]
 [53]
 [50]
 [46]
 [49]
 [54]
 [57]
 [55]
 [51]
 [49]
 [45]
 [49]] 
------------------------ Dataset: yom ------------------------
shape: (33, 1), dtype: uint16
Data:[[54]
 [48]
 [54]
 [56]
 [46]
 [48]
 [56]
 [53]
 [57]
 [50]
 [52]
 [57]
 [57]
 [57]
 [57]
 [57]
 [57]
 [45]
 [48]
 [32]
 [54]
 [48]
 [54]
 [56]
 [46]
 [48]
 [56]
 [57]
 [57]
 [49]
 [53]
 [45]
 [49]] 
------------------------ Dataset: yon ------------------------
shape: (27, 1), dtype: uint16
Data:[[54]
 [48]
 [56]
 [52]
 [46]
 [48]
 [50]
 [57]
 [55]
 [52]
 [53]
 [45]
 [48]
 [32]
 [54]
 [48]
 [56]
 [52]
 [46]
 [48]
 [50]
 [49]
 [56]
 [48]
 [49]
 [45]
 [49]] 
------------------------ Dataset: yoo ------------------------
shape: (27, 1), dtype: uint16
Data:[[53]
 [54]
 [52]
 [52]
 [46]
 [55]
 [48]
 [53]
 [54]
 [52]
 [55]
 [45]
 [48]
 [32]
 [53]
 [54]
 [52]
 [52]
 [46]
 [55]
 [48]
 [49]
 [53]
 [57]
 [54]
 [45]
 [49]] 
------------------------ Dataset: yop ------------------------
shape: (34, 1), dtype: uint16
Data:[[53]
 [54]
 [54]
 [48]
 [46]
 [52]
 [53]
 [51]
 [53]
 [51]
 [57]
 [45]
 [48]
 [32]
 [53]
 [54]
 [54]
 [48]
 [46]
 [52]
 [53]
 [48]
 [52]
 [53]
 [50]
 [57]
 [57]
 [57]
 [57]
 [57]
 [57]
 [53]
 [45]
 [49]] 
------------------------ Dataset: yoq ------------------------
shape: (33, 1), dtype: uint16
Data:[[53]
 [54]
 [55]
 [54]
 [46]
 [49]
 [53]
 [49]
 [52]
 [52]
 [51]
 [45]
 [48]
 [32]
 [53]
 [54]
 [55]
 [54]
 [46]
 [49]
 [52]
 [53]
 [54]
 [55]
 [48]
 [57]
 [57]
 [57]
 [57]
 [57]
 [57]
 [45]
 [49]] 
------------------------ Dataset: yor ------------------------
shape: (27, 1), dtype: uint16
Data:[[53]
 [54]
 [57]
 [49]
 [46]
 [57]
 [51]
 [51]
 [54]
 [48]
 [57]
 [45]
 [48]
 [32]
 [53]
 [54]
 [57]
 [49]
 [46]
 [57]
 [51]
 [56]
 [53]
 [53]
 [53]
 [45]
 [49]] 
------------------------ Dataset: yos ------------------------
shape: (26, 1), dtype: uint16
Data:[[54]
 [52]
 [49]
 [53]
 [46]
 [50]
 [48]
 [57]
 [57]
 [52]
 [53]
 [45]
 [48]
 [32]
 [54]
 [52]
 [49]
 [53]
 [46]
 [50]
 [49]
 [52]
 [48]
 [49]
 [45]
 [49]] 
------------------------ Dataset: yot ------------------------
shape: (27, 1), dtype: uint16
Data:[[54]
 [54]
 [48]
 [55]
 [46]
 [51]
 [48]
 [52]
 [53]
 [53]
 [51]
 [45]
 [48]
 [32]
 [54]
 [54]
 [48]
 [55]
 [46]
 [51]
 [48]
 [52]
 [53]
 [53]
 [51]
 [45]
 [49]] 
------------------------ Dataset: you ------------------------
shape: (33, 1), dtype: uint16
Data:[[54]
 [54]
 [50]
 [51]
 [46]
 [50]
 [52]
 [54]
 [49]
 [54]
 [57]
 [57]
 [57]
 [57]
 [57]
 [57]
 [57]
 [45]
 [48]
 [32]
 [54]
 [54]
 [50]
 [51]
 [46]
 [50]
 [52]
 [50]
 [50]
 [53]
 [49]
 [45]
 [49]] 
------------------------ Dataset: yov ------------------------
shape: (27, 1), dtype: uint16
Data:[[54]
 [54]
 [51]
 [57]
 [46]
 [48]
 [56]
 [51]
 [54]
 [53]
 [52]
 [45]
 [48]
 [32]
 [54]
 [54]
 [51]
 [57]
 [46]
 [48]
 [56]
 [52]
 [48]
 [52]
 [57]
 [45]
 [49]] 
------------------------ Dataset: yow ------------------------
shape: (33, 1), dtype: uint16
Data:[[54]
 [54]
 [53]
 [52]
 [46]
 [54]
 [57]
 [48]
 [54]
 [49]
 [49]
 [57]
 [57]
 [57]
 [57]
 [57]
 [57]
 [45]
 [48]
 [32]
 [54]
 [54]
 [53]
 [52]
 [46]
 [54]
 [57]
 [52]
 [49]
 [57]
 [53]
 [45]
 [49]] 
------------------------ Dataset: yox ------------------------
shape: (27, 1), dtype: uint16
Data:[[54]
 [54]
 [55]
 [48]
 [46]
 [53]
 [56]
 [54]
 [49]
 [52]
 [54]
 [45]
 [48]
 [32]
 [54]
 [54]
 [55]
 [48]
 [46]
 [53]
 [56]
 [50]
 [49]
 [55]
 [52]
 [45]
 [49]] 
------------------------ Dataset: yoy ------------------------
shape: (33, 1), dtype: uint16
Data:[[54]
 [54]
 [56]
 [54]
 [46]
 [52]
 [57]
 [48]
 [49]
 [48]
 [48]
 [57]
 [57]
 [57]
 [57]
 [57]
 [57]
 [45]
 [48]
 [32]
 [54]
 [54]
 [56]
 [54]
 [46]
 [52]
 [57]
 [52]
 [49]
 [53]
 [49]
 [45]
 [49]] 
------------------------ Dataset: yoz ------------------------
shape: (33, 1), dtype: uint16
Data:[[53]
 [57]
 [48]
 [52]
 [46]
 [52]
 [48]
 [53]
 [55]
 [50]
 [51]
 [45]
 [48]
 [32]
 [53]
 [57]
 [48]
 [52]
 [46]
 [52]
 [48]
 [57]
 [55]
 [50]
 [49]
 [57]
 [57]
 [57]
 [57]
 [57]
 [57]
 [45]
 [49]] 
------------------------ Dataset: yp ------------------------
