shape: (1, 6), dtype: uint32
Data:[[3707764736          2          1          1        496          1]] 
------------------------ Dataset: nib ------------------------
shape: (34, 1), dtype: uint16
Data:[[54]
 [55]
 [54]
 [54]
 [46]
 [54]
 [49]
 [48]
 [49]
 [54]
 [53]
 [57]
 [57]
 [57]
 [57]
 [57]
 [57]
 [53]
 [45]
 [48]
 [32]
 [54]
 [55]
 [54]
 [54]
 [46]
 [54]
 [49]
 [52]
 [51]
 [50]
 [56]
 [45]
 [49]] 
------------------------ Dataset: nic ------------------------
shape: (33, 1), dtype: uint16
Data:[[54]
 [50]
 [55]
 [57]
 [46]
 [52]
 [49]
 [57]
 [54]
 [53]
 [53]
 [45]
 [48]
 [32]
 [54]
 [50]
 [55]
 [57]
 [46]
 [52]
 [48]
 [53]
 [56]
 [51]
 [57]
 [57]
 [57]
 [57]
 [57]
 [57]
 [57]
 [45]
 [49]] 
------------------------ Dataset: nid ------------------------
shape: (33, 1), dtype: uint16
Data:[[54]
 [50]
 [57]
 [53]
 [46]
 [49]
 [56]
 [49]
 [56]
 [54]
 [56]
 [45]
 [48]
 [32]
 [54]
 [50]
 [57]
 [53]
 [46]
 [49]
 [55]
 [55]
 [56]
 [50]
 [51]
 [57]
 [57]
 [57]
 [57]
 [57]
 [57]
 [45]
 [49]] 
------------------------ Dataset: nie ------------------------
shape: (32, 1), dtype: uint16
Data:[[54]
 [51]
 [49]
 [49]
 [46]
 [48]
 [48]
 [55]
 [49]
 [49]
 [45]
 [48]
 [32]
 [54]
 [51]
 [49]
 [49]
 [46]
 [48]
 [49]
 [49]
 [48]
 [55]
 [49]
 [57]
 [57]
 [57]
 [57]
 [57]
 [57]
 [45]
 [49]] 
------------------------ Dataset: nif ------------------------
shape: (26, 1), dtype: uint16
Data:[[54]
 [51]
 [50]
 [54]
 [46]
 [56]
 [55]
 [57]
 [56]
 [52]
 [56]
 [45]
 [48]
 [32]
 [54]
 [51]
 [50]
 [54]
 [46]
 [56]
 [56]
 [53]
 [54]
 [51]
 [45]
 [49]] 
------------------------ Dataset: nig ------------------------
shape: (27, 1), dtype: uint16
Data:[[54]
 [51]
 [52]
 [50]
 [46]
 [54]
 [55]
 [55]
 [56]
 [52]
 [52]
 [45]
 [48]
 [32]
 [54]
 [51]
 [52]
 [50]
 [46]
 [54]
 [56]
 [49]
 [56]
 [53]
 [50]
 [45]
 [49]] 
------------------------ Dataset: nih ------------------------
shape: (26, 1), dtype: uint16
Data:[[54]
 [53]
 [48]
 [55]
 [46]
 [55]
 [56]
 [53]
 [57]
 [57]
 [57]
 [45]
 [48]
 [32]
 [54]
 [53]
 [48]
 [55]
 [46]
 [55]
 [56]
 [57]
 [57]
 [56]
 [45]
 [49]] 
------------------------ Dataset: nii ------------------------
shape: (27, 1), dtype: uint16
Data:[[54]
 [53]
 [50]
 [51]
 [46]
 [54]
 [49]
 [56]
 [48]
 [50]
 [51]
 [45]
 [48]
 [32]
 [54]
 [53]
 [50]
 [51]
 [46]
 [54]
 [49]
 [52]
 [49]
 [50]
 [49]
 [45]
 [49]] 
------------------------ Dataset: nij ------------------------
shape: (33, 1), dtype: uint16
Data:[[54]
 [48]
 [49]
 [57]
 [46]
 [49]
 [57]
 [55]
 [55]
 [55]
 [45]
 [48]
 [32]
 [54]
 [48]
 [49]
 [57]
 [46]
 [49]
 [57]
 [52]
 [48]
 [49]
 [53]
 [57]
 [57]
 [57]
 [57]
 [57]
 [57]
 [53]
 [45]
 [49]] 
------------------------ Dataset: nik ------------------------
shape: (33, 1), dtype: uint16
Data:[[54]
 [48]
 [51]
 [52]
 [46]
 [57]
 [57]
 [51]
 [56]
 [49]
 [56]
 [45]
 [48]
 [32]
 [54]
 [48]
 [51]
 [52]
 [46]
 [57]
 [57]
 [51]
 [56]
 [49]
 [56]
 [57]
 [57]
 [57]
 [57]
 [57]
 [57]
 [45]
 [49]] 
------------------------ Dataset: nil ------------------------
shape: (27, 1), dtype: uint16
Data:[[54]
 [48]
 [53]
 [48]
 [46]
 [54]
 [49]
 [55]
 [56]
 [57]
 [49]
 [45]
 [48]
 [32]
 [54]
 [48]
 [53]
 [48]
 [46]
 [54]
 [49]
 [52]
 [48]
 [56]
 [57]
 [45]
 [49]] 
------------------------ Dataset: nim ------------------------
shape: (33, 1), dtype: uint16
Data:[[54]
 [48]
 [54]
 [54]
 [46]
 [53]
 [49]
 [57]
 [54]
 [55]
 [53]
 [45]
 [48]
 [32]
 [54]
 [48]
 [54]
 [54]
 [46]
 [53]
 [50]
 [55]
 [53]
 [56]
 [53]
 [57]
 [57]
 [57]
 [57]
 [57]
 [57]
 [45]
 [49]] 
------------------------ Dataset: nin ------------------------
shape: (33, 1), dtype: uint16
Data:[[54]
 [48]
 [56]
 [50]
 [46]
 [52]
 [52]
 [49]
 [55]
 [55]
 [57]
 [45]
 [48]
 [32]
 [54]
 [48]
 [56]
 [50]
 [46]
 [52]
 [51]
 [55]
 [55]
 [57]
 [48]
 [57]
 [57]
 [57]
 [57]
 [57]
 [57]
 [45]
 [49]] 
------------------------ Dataset: nio ------------------------
shape: (32, 1), dtype: uint16
Data:[[53]
 [54]
 [52]
 [51]
 [46]
 [49]
 [50]
 [57]
 [52]
 [56]
 [45]
 [48]
 [32]
 [53]
 [54]
 [52]
 [51]
 [46]
 [49]
 [51]
 [51]
 [53]
 [52]
 [56]
 [57]
 [57]
 [57]
 [57]
 [57]
 [57]
 [45]
 [49]] 
------------------------ Dataset: nip ------------------------
shape: (27, 1), dtype: uint16
Data:[[53]
 [54]
 [53]
 [56]
 [46]
 [56]
 [56]
 [49]
 [56]
 [51]
 [55]
 [45]
 [48]
 [32]
 [53]
 [54]
 [53]
 [56]
 [46]
 [56]
 [56]
 [53]
 [53]
 [54]
 [49]
 [45]
 [49]] 
------------------------ Dataset: niq ------------------------
shape: (27, 1), dtype: uint16
Data:[[53]
 [54]
 [55]
 [52]
 [46]
 [53]
 [57]
 [49]
 [53]
 [53]
 [50]
 [45]
 [48]
 [32]
 [53]
 [54]
 [55]
 [52]
 [46]
 [53]
 [56]
 [57]
 [54]
 [51]
 [57]
 [45]
 [49]] 
------------------------ Dataset: nir ------------------------
shape: (27, 1), dtype: uint16
Data:[[53]
 [54]
 [57]
 [48]
 [46]
 [51]
 [54]
 [57]
 [55]
 [51]
 [57]
 [45]
 [48]
 [32]
 [53]
 [54]
 [57]
 [48]
 [46]
 [51]
 [55]
 [48]
 [56]
 [53]
 [57]
 [45]
 [49]] 
------------------------ Dataset: nis ------------------------
shape: (26, 1), dtype: uint16
Data:[[54]
 [52]
 [49]
 [51]
 [46]
 [54]
 [52]
 [54]
 [49]
 [51]
 [45]
 [48]
 [32]
 [54]
 [52]
 [49]
 [51]
 [46]
 [54]
 [52]
 [50]
 [49]
 [56]
 [54]
 [45]
 [49]] 
------------------------ Dataset: nit ------------------------
shape: (33, 1), dtype: uint16
Data:[[54]
 [54]
 [48]
 [53]
 [46]
 [55]
 [48]
 [49]
 [57]
 [52]
 [55]
 [45]
 [48]
 [32]
 [54]
 [54]
 [48]
 [53]
 [46]
 [55]
 [49]
 [48]
 [50]
 [57]
 [53]
 [57]
 [57]
 [57]
 [57]
 [57]
 [57]
 [45]
 [49]] 
------------------------ Dataset: niu ------------------------
shape: (34, 1), dtype: uint16
Data:[[54]
 [54]
 [50]
 [49]
 [46]
 [54]
 [57]
 [48]
 [48]
 [50]
 [53]
 [45]
 [48]
 [32]
 [54]
 [54]
 [50]
 [49]
 [46]
 [54]
 [56]
 [54]
 [49]
 [48]
 [54]
 [57]
 [57]
 [57]
 [57]
 [57]
 [57]
 [53]
 [45]
 [49]] 
------------------------ Dataset: niv ------------------------
shape: (27, 1), dtype: uint16
Data:[[54]
 [54]
 [51]
 [55]
 [46]
 [53]
 [51]
 [48]
 [50]
 [48]
 [49]
 [45]
 [48]
 [32]
 [54]
 [54]
 [51]
 [55]
 [46]
 [53]
 [50]
 [48]
 [52]
 [48]
 [55]
 [45]
 [49]] 
------------------------ Dataset: niw ------------------------
shape: (13, 1), dtype: uint16
Data:[[54]
 [54]
 [53]
 [51]
 [46]
 [49]
 [50]
 [50]
 [49]
 [48]
 [57]
 [45]
 [49]] 
------------------------ Dataset: nix ------------------------
shape: (27, 1), dtype: uint16
Data:[[54]
 [54]
 [54]
 [57]
 [46]
 [48]
 [48]
 [54]
 [49]
 [52]
 [51]
 [45]
 [48]
 [32]
 [54]
 [54]
 [54]
 [57]
 [46]
 [48]
 [48]
 [50]
 [49]
 [48]
 [57]
 [45]
 [49]] 
------------------------ Dataset: niy ------------------------
shape: (33, 1), dtype: uint16
Data:[[54]
 [54]
 [56]
 [52]
 [46]
 [57]
 [49]
 [56]
 [53]
 [52]
 [54]
 [57]
 [57]
 [57]
 [57]
 [57]
 [57]
 [45]
 [48]
 [32]
 [54]
 [54]
 [56]
 [52]
 [46]
 [57]
 [49]
 [52]
 [57]
 [51]
 [51]
 [45]
 [49]] 
------------------------ Dataset: niz ------------------------
shape: (33, 1), dtype: uint16
Data:[[53]
 [57]
 [48]
 [50]
 [46]
 [56]
 [52]
 [49]
 [55]
 [54]
 [53]
 [45]
 [48]
 [32]
 [53]
 [57]
 [48]
 [50]
 [46]
 [56]
 [51]
 [55]
 [55]
 [51]
 [50]
 [57]
 [57]
 [57]
 [57]
 [57]
 [57]
 [45]
 [49]] 
------------------------ Dataset: nj ------------------------
