shape: (1, 6), dtype: uint32
Data:[[3707764736          2          1          1       1013          1]] 
------------------------ Dataset: Vqb ------------------------
shape: (27, 1), dtype: uint16
Data:[[54]
 [55]
 [54]
 [56]
 [46]
 [55]
 [55]
 [56]
 [50]
 [55]
 [56]
 [45]
 [48]
 [32]
 [54]
 [55]
 [54]
 [56]
 [46]
 [55]
 [56]
 [50]
 [49]
 [55]
 [57]
 [45]
 [49]] 
------------------------ Dataset: Vqc ------------------------
shape: (27, 1), dtype: uint16
Data:[[54]
 [50]
 [56]
 [49]
 [46]
 [53]
 [55]
 [55]
 [57]
 [50]
 [56]
 [45]
 [48]
 [32]
 [54]
 [50]
 [56]
 [49]
 [46]
 [53]
 [56]
 [49]
 [57]
 [48]
 [55]
 [45]
 [49]] 
------------------------ Dataset: Vqd ------------------------
shape: (27, 1), dtype: uint16
Data:[[54]
 [50]
 [57]
 [55]
 [46]
 [51]
 [52]
 [53]
 [57]
 [54]
 [51]
 [45]
 [48]
 [32]
 [54]
 [50]
 [57]
 [55]
 [46]
 [51]
 [52]
 [57]
 [57]
 [53]
 [53]
 [45]
 [49]] 
------------------------ Dataset: Vqe ------------------------
shape: (27, 1), dtype: uint16
Data:[[54]
 [51]
 [49]
 [51]
 [46]
 [50]
 [50]
 [53]
 [57]
 [50]
 [53]
 [45]
 [48]
 [32]
 [54]
 [51]
 [49]
 [51]
 [46]
 [50]
 [50]
 [49]
 [57]
 [52]
 [51]
 [45]
 [49]] 
------------------------ Dataset: Vqf ------------------------
shape: (34, 1), dtype: uint16
Data:[[54]
 [51]
 [50]
 [57]
 [46]
 [48]
 [53]
 [55]
 [57]
 [53]
 [52]
 [45]
 [48]
 [32]
 [54]
 [51]
 [50]
 [57]
 [46]
 [48]
 [53]
 [52]
 [48]
 [53]
 [57]
 [57]
 [57]
 [57]
 [57]
 [57]
 [57]
 [53]
 [45]
 [49]] 
------------------------ Dataset: Vqg ------------------------
shape: (27, 1), dtype: uint16
Data:[[54]
 [51]
 [52]
 [52]
 [46]
 [56]
 [56]
 [54]
 [51]
 [51]
 [54]
 [45]
 [48]
 [32]
 [54]
 [51]
 [52]
 [52]
 [46]
 [56]
 [56]
 [54]
 [50]
 [57]
 [52]
 [45]
 [49]] 
------------------------ Dataset: Vqh ------------------------
shape: (34, 1), dtype: uint16
Data:[[54]
 [53]
 [48]
 [57]
 [46]
 [57]
 [55]
 [52]
 [51]
 [51]
 [51]
 [57]
 [57]
 [57]
 [57]
 [57]
 [57]
 [53]
 [45]
 [48]
 [32]
 [54]
 [53]
 [48]
 [57]
 [46]
 [57]
 [55]
 [56]
 [48]
 [56]
 [54]
 [45]
 [49]] 
------------------------ Dataset: Vqi ------------------------
shape: (27, 1), dtype: uint16
Data:[[54]
 [53]
 [50]
 [53]
 [46]
 [55]
 [55]
 [56]
 [48]
 [51]
 [57]
 [45]
 [48]
 [32]
 [54]
 [53]
 [50]
 [53]
 [46]
 [55]
 [56]
 [53]
 [57]
 [55]
 [55]
 [45]
 [49]] 
------------------------ Dataset: Vqj ------------------------
shape: (39, 1), dtype: uint16
Data:[[54]
 [48]
 [50]
 [49]
 [46]
 [51]
 [56]
 [49]
 [55]
 [48]
 [56]
 [57]
 [57]
 [57]
 [57]
 [57]
 [57]
 [45]
 [48]
 [32]
 [54]
 [48]
 [50]
 [49]
 [46]
 [51]
 [56]
 [49]
 [55]
 [48]
 [56]
 [57]
 [57]
 [57]
 [57]
 [57]
 [57]
 [45]
 [49]] 
------------------------ Dataset: Vqk ------------------------
shape: (33, 1), dtype: uint16
Data:[[54]
 [48]
 [51]
 [55]
 [46]
 [49]
 [53]
 [55]
 [57]
 [50]
 [57]
 [57]
 [57]
 [57]
 [57]
 [57]
 [57]
 [45]
 [48]
 [32]
 [54]
 [48]
 [51]
 [55]
 [46]
 [49]
 [54]
 [49]
 [57]
 [55]
 [53]
 [45]
 [49]] 
------------------------ Dataset: Vql ------------------------
shape: (39, 1), dtype: uint16
Data:[[54]
 [48]
 [53]
 [50]
 [46]
 [55]
 [56]
 [49]
 [55]
 [54]
 [48]
 [57]
 [57]
 [57]
 [57]
 [57]
 [57]
 [45]
 [48]
 [32]
 [54]
 [48]
 [53]
 [50]
 [46]
 [55]
 [57]
 [49]
 [51]
 [51]
 [53]
 [57]
 [57]
 [57]
 [57]
 [57]
 [57]
 [45]
 [49]] 
------------------------ Dataset: Vqm ------------------------
shape: (33, 1), dtype: uint16
Data:[[54]
 [48]
 [54]
 [56]
 [46]
 [55]
 [48]
 [57]
 [55]
 [54]
 [51]
 [57]
 [57]
 [57]
 [57]
 [57]
 [57]
 [45]
 [48]
 [32]
 [54]
 [48]
 [54]
 [56]
 [46]
 [55]
 [48]
 [51]
 [56]
 [53]
 [53]
 [45]
 [49]] 
------------------------ Dataset: Vqn ------------------------
shape: (27, 1), dtype: uint16
Data:[[54]
 [48]
 [56]
 [52]
 [46]
 [54]
 [50]
 [50]
 [48]
 [54]
 [56]
 [45]
 [48]
 [32]
 [54]
 [48]
 [56]
 [52]
 [46]
 [54]
 [49]
 [56]
 [56]
 [48]
 [55]
 [45]
 [49]] 
------------------------ Dataset: Vqo ------------------------
shape: (27, 1), dtype: uint16
Data:[[53]
 [54]
 [52]
 [53]
 [46]
 [51]
 [48]
 [49]
 [54]
 [52]
 [54]
 [45]
 [48]
 [32]
 [53]
 [54]
 [52]
 [53]
 [46]
 [50]
 [57]
 [55]
 [55]
 [50]
 [55]
 [45]
 [49]] 
------------------------ Dataset: Vqp ------------------------
shape: (33, 1), dtype: uint16
Data:[[53]
 [54]
 [54]
 [49]
 [46]
 [48]
 [53]
 [52]
 [50]
 [51]
 [54]
 [45]
 [48]
 [32]
 [53]
 [54]
 [54]
 [49]
 [46]
 [48]
 [53]
 [55]
 [53]
 [55]
 [48]
 [57]
 [57]
 [57]
 [57]
 [57]
 [57]
 [45]
 [49]] 
------------------------ Dataset: Vqq ------------------------
shape: (13, 1), dtype: uint16
Data:[[53]
 [54]
 [55]
 [54]
 [46]
 [55]
 [52]
 [53]
 [53]
 [56]
 [57]
 [45]
 [48]] 
------------------------ Dataset: Vqr ------------------------
shape: (33, 1), dtype: uint16
Data:[[53]
 [54]
 [57]
 [50]
 [46]
 [53]
 [51]
 [51]
 [55]
 [56]
 [51]
 [57]
 [57]
 [57]
 [57]
 [57]
 [57]
 [45]
 [48]
 [32]
 [53]
 [54]
 [57]
 [50]
 [46]
 [53]
 [50]
 [55]
 [54]
 [48]
 [57]
 [45]
 [49]] 
------------------------ Dataset: Vqs ------------------------
shape: (26, 1), dtype: uint16
Data:[[54]
 [52]
 [49]
 [53]
 [46]
 [56]
 [51]
 [52]
 [50]
 [50]
 [45]
 [48]
 [32]
 [54]
 [52]
 [49]
 [53]
 [46]
 [56]
 [51]
 [57]
 [50]
 [51]
 [51]
 [45]
 [49]] 
------------------------ Dataset: Vqt ------------------------
shape: (20, 1), dtype: uint16
Data:[[54]
 [54]
 [48]
 [55]
 [46]
 [57]
 [48]
 [57]
 [57]
 [52]
 [55]
 [57]
 [57]
 [57]
 [57]
 [57]
 [57]
 [53]
 [45]
 [48]] 
------------------------ Dataset: Vqu ------------------------
shape: (34, 1), dtype: uint16
Data:[[54]
 [54]
 [50]
 [51]
 [46]
 [56]
 [51]
 [52]
 [48]
 [55]
 [50]
 [45]
 [48]
 [32]
 [54]
 [54]
 [50]
 [51]
 [46]
 [56]
 [51]
 [56]
 [48]
 [53]
 [50]
 [57]
 [57]
 [57]
 [57]
 [57]
 [57]
 [53]
 [45]
 [49]] 
------------------------ Dataset: Vqv ------------------------
shape: (27, 1), dtype: uint16
Data:[[54]
 [54]
 [51]
 [57]
 [46]
 [54]
 [55]
 [53]
 [57]
 [49]
 [53]
 [45]
 [48]
 [32]
 [54]
 [54]
 [51]
 [57]
 [46]
 [54]
 [55]
 [50]
 [52]
 [52]
 [50]
 [45]
 [49]] 
------------------------ Dataset: Vqw ------------------------
shape: (27, 1), dtype: uint16
Data:[[54]
 [54]
 [53]
 [53]
 [46]
 [51]
 [48]
 [52]
 [54]
 [56]
 [50]
 [45]
 [48]
 [32]
 [54]
 [54]
 [53]
 [53]
 [46]
 [51]
 [48]
 [50]
 [50]
 [51]
 [53]
 [45]
 [49]] 
------------------------ Dataset: Vqx ------------------------
shape: (27, 1), dtype: uint16
Data:[[54]
 [54]
 [55]
 [49]
 [46]
 [49]
 [56]
 [54]
 [56]
 [50]
 [53]
 [45]
 [48]
 [32]
 [54]
 [54]
 [55]
 [49]
 [46]
 [49]
 [57]
 [48]
 [51]
 [50]
 [57]
 [45]
 [49]] 
------------------------ Dataset: Vqy ------------------------
shape: (26, 1), dtype: uint16
Data:[[54]
 [54]
 [56]
 [55]
 [46]
 [48]
 [57]
 [48]
 [48]
 [50]
 [52]
 [45]
 [48]
 [32]
 [54]
 [54]
 [56]
 [55]
 [46]
 [48]
 [56]
 [54]
 [48]
 [57]
 [45]
 [49]] 
------------------------ Dataset: Vqz ------------------------
shape: (33, 1), dtype: uint16
Data:[[53]
 [57]
 [48]
 [53]
 [46]
 [48]
 [49]
 [51]
 [49]
 [51]
 [54]
 [45]
 [48]
 [32]
 [53]
 [57]
 [48]
 [53]
 [46]
 [48]
 [48]
 [57]
 [56]
 [56]
 [49]
 [57]
 [57]
 [57]
 [57]
 [57]
 [57]
 [45]
 [49]] 
------------------------ Dataset: Vr ------------------------
