shape: (1, 6), dtype: uint32
Data:[[3707764736          2          1          1        449          1]] 
------------------------ Dataset: Bhb ------------------------
shape: (33, 1), dtype: uint16
Data:[[54]
 [55]
 [54]
 [54]
 [46]
 [52]
 [49]
 [54]
 [56]
 [56]
 [51]
 [57]
 [57]
 [57]
 [57]
 [57]
 [57]
 [45]
 [48]
 [32]
 [54]
 [55]
 [54]
 [54]
 [46]
 [52]
 [49]
 [54]
 [53]
 [48]
 [49]
 [45]
 [49]] 
------------------------ Dataset: Bhc ------------------------
shape: (33, 1), dtype: uint16
Data:[[54]
 [50]
 [55]
 [57]
 [46]
 [50]
 [49]
 [51]
 [57]
 [57]
 [55]
 [45]
 [48]
 [32]
 [54]
 [50]
 [55]
 [57]
 [46]
 [50]
 [49]
 [57]
 [56]
 [55]
 [56]
 [57]
 [57]
 [57]
 [57]
 [57]
 [57]
 [45]
 [49]] 
------------------------ Dataset: Bhd ------------------------
shape: (33, 1), dtype: uint16
Data:[[54]
 [50]
 [57]
 [52]
 [46]
 [57]
 [57]
 [48]
 [49]
 [49]
 [54]
 [57]
 [57]
 [57]
 [57]
 [57]
 [57]
 [45]
 [48]
 [32]
 [54]
 [50]
 [57]
 [52]
 [46]
 [57]
 [56]
 [53]
 [57]
 [55]
 [56]
 [45]
 [49]] 
------------------------ Dataset: Bhe ------------------------
shape: (40, 1), dtype: uint16
Data:[[54]
 [51]
 [49]
 [48]
 [46]
 [56]
 [50]
 [48]
 [49]
 [48]
 [48]
 [57]
 [57]
 [57]
 [57]
 [57]
 [57]
 [45]
 [48]
 [32]
 [54]
 [51]
 [49]
 [48]
 [46]
 [56]
 [50]
 [48]
 [48]
 [56]
 [55]
 [57]
 [57]
 [57]
 [57]
 [57]
 [57]
 [53]
 [45]
 [49]] 
------------------------ Dataset: Bhf ------------------------
shape: (33, 1), dtype: uint16
Data:[[54]
 [51]
 [50]
 [54]
 [46]
 [54]
 [55]
 [51]
 [56]
 [50]
 [51]
 [57]
 [57]
 [57]
 [57]
 [57]
 [57]
 [53]
 [45]
 [48]
 [32]
 [54]
 [51]
 [50]
 [54]
 [46]
 [54]
 [54]
 [53]
 [56]
 [51]
 [45]
 [49]] 
------------------------ Dataset: Bhg ------------------------
shape: (27, 1), dtype: uint16
Data:[[54]
 [51]
 [52]
 [50]
 [46]
 [52]
 [56]
 [49]
 [57]
 [53]
 [54]
 [45]
 [48]
 [32]
 [54]
 [51]
 [52]
 [50]
 [46]
 [52]
 [56]
 [54]
 [48]
 [49]
 [54]
 [45]
 [49]] 
------------------------ Dataset: Bhh ------------------------
shape: (33, 1), dtype: uint16
Data:[[54]
 [53]
 [48]
 [55]
 [46]
 [53]
 [57]
 [57]
 [52]
 [56]
 [56]
 [57]
 [57]
 [57]
 [57]
 [57]
 [57]
 [45]
 [48]
 [32]
 [54]
 [53]
 [48]
 [55]
 [46]
 [54]
 [48]
 [50]
 [48]
 [55]
 [50]
 [45]
 [49]] 
------------------------ Dataset: Bhi ------------------------
shape: (27, 1), dtype: uint16
Data:[[54]
 [53]
 [50]
 [51]
 [46]
 [52]
 [49]
 [51]
 [57]
 [56]
 [52]
 [45]
 [48]
 [32]
 [54]
 [53]
 [50]
 [51]
 [46]
 [52]
 [50]
 [50]
 [48]
 [54]
 [56]
 [45]
 [49]] 
------------------------ Dataset: Bhj ------------------------
shape: (34, 1), dtype: uint16
Data:[[54]
 [48]
 [49]
 [56]
 [46]
 [57]
 [57]
 [53]
 [48]
 [53]
 [52]
 [45]
 [48]
 [32]
 [54]
 [48]
 [49]
 [56]
 [46]
 [57]
 [57]
 [50]
 [48]
 [54]
 [52]
 [57]
 [57]
 [57]
 [57]
 [57]
 [57]
 [53]
 [45]
 [49]] 
------------------------ Dataset: Bhk ------------------------
shape: (33, 1), dtype: uint16
Data:[[54]
 [48]
 [51]
 [52]
 [46]
 [56]
 [48]
 [49]
 [56]
 [53]
 [53]
 [45]
 [48]
 [32]
 [54]
 [48]
 [51]
 [52]
 [46]
 [55]
 [57]
 [55]
 [57]
 [53]
 [50]
 [57]
 [57]
 [57]
 [57]
 [57]
 [57]
 [45]
 [49]] 
------------------------ Dataset: Bhl ------------------------
shape: (34, 1), dtype: uint16
Data:[[54]
 [48]
 [53]
 [48]
 [46]
 [52]
 [51]
 [48]
 [54]
 [55]
 [49]
 [57]
 [57]
 [57]
 [57]
 [57]
 [57]
 [53]
 [45]
 [48]
 [32]
 [54]
 [48]
 [53]
 [48]
 [46]
 [52]
 [49]
 [51]
 [56]
 [50]
 [49]
 [45]
 [49]] 
------------------------ Dataset: Bhm ------------------------
shape: (27, 1), dtype: uint16
Data:[[54]
 [48]
 [54]
 [54]
 [46]
 [51]
 [50]
 [49]
 [55]
 [50]
 [56]
 [45]
 [48]
 [32]
 [54]
 [48]
 [54]
 [54]
 [46]
 [51]
 [49]
 [55]
 [56]
 [52]
 [54]
 [45]
 [49]] 
------------------------ Dataset: Bhn ------------------------
shape: (27, 1), dtype: uint16
Data:[[54]
 [48]
 [56]
 [50]
 [46]
 [50]
 [53]
 [48]
 [49]
 [55]
 [57]
 [45]
 [48]
 [32]
 [54]
 [48]
 [56]
 [50]
 [46]
 [50]
 [52]
 [54]
 [50]
 [56]
 [50]
 [45]
 [49]] 
------------------------ Dataset: Bho ------------------------
shape: (27, 1), dtype: uint16
Data:[[53]
 [54]
 [52]
 [50]
 [46]
 [57]
 [51]
 [55]
 [55]
 [48]
 [55]
 [45]
 [48]
 [32]
 [53]
 [54]
 [52]
 [50]
 [46]
 [57]
 [52]
 [49]
 [54]
 [50]
 [57]
 [45]
 [49]] 
------------------------ Dataset: Bhp ------------------------
shape: (27, 1), dtype: uint16
Data:[[53]
 [54]
 [53]
 [56]
 [46]
 [54]
 [57]
 [54]
 [52]
 [52]
 [57]
 [45]
 [48]
 [32]
 [53]
 [54]
 [53]
 [56]
 [46]
 [54]
 [56]
 [56]
 [57]
 [51]
 [50]
 [45]
 [49]] 
------------------------ Dataset: Bhq ------------------------
shape: (27, 1), dtype: uint16
Data:[[53]
 [54]
 [55]
 [52]
 [46]
 [51]
 [57]
 [55]
 [53]
 [54]
 [49]
 [45]
 [48]
 [32]
 [53]
 [54]
 [55]
 [52]
 [46]
 [51]
 [57]
 [51]
 [54]
 [50]
 [51]
 [45]
 [49]] 
------------------------ Dataset: Bhr ------------------------
shape: (33, 1), dtype: uint16
Data:[[53]
 [54]
 [57]
 [48]
 [46]
 [49]
 [55]
 [53]
 [54]
 [48]
 [52]
 [57]
 [57]
 [57]
 [57]
 [57]
 [57]
 [45]
 [48]
 [32]
 [53]
 [54]
 [57]
 [48]
 [46]
 [49]
 [54]
 [57]
 [53]
 [55]
 [50]
 [45]
 [49]] 
------------------------ Dataset: Bhs ------------------------
shape: (26, 1), dtype: uint16
Data:[[54]
 [52]
 [49]
 [51]
 [46]
 [52]
 [53]
 [48]
 [49]
 [48]
 [55]
 [45]
 [48]
 [32]
 [54]
 [52]
 [49]
 [51]
 [46]
 [52]
 [52]
 [54]
 [48]
 [52]
 [45]
 [49]] 
------------------------ Dataset: Bht ------------------------
shape: (34, 1), dtype: uint16
Data:[[54]
 [54]
 [48]
 [53]
 [46]
 [53]
 [49]
 [48]
 [49]
 [53]
 [48]
 [57]
 [57]
 [57]
 [57]
 [57]
 [57]
 [53]
 [45]
 [48]
 [32]
 [54]
 [54]
 [48]
 [53]
 [46]
 [53]
 [49]
 [52]
 [48]
 [48]
 [53]
 [45]
 [49]] 
------------------------ Dataset: Bhu ------------------------
shape: (31, 1), dtype: uint16
Data:[[54]
 [54]
 [50]
 [49]
 [46]
 [52]
 [56]
 [56]
 [48]
 [51]
 [52]
 [57]
 [57]
 [57]
 [57]
 [57]
 [57]
 [45]
 [48]
 [32]
 [54]
 [54]
 [50]
 [49]
 [46]
 [52]
 [56]
 [55]
 [57]
 [45]
 [49]] 
------------------------ Dataset: Bhv ------------------------
shape: (27, 1), dtype: uint16
Data:[[54]
 [54]
 [51]
 [55]
 [46]
 [51]
 [50]
 [54]
 [56]
 [55]
 [54]
 [45]
 [48]
 [32]
 [54]
 [54]
 [51]
 [55]
 [46]
 [51]
 [51]
 [48]
 [51]
 [53]
 [50]
 [45]
 [49]] 
------------------------ Dataset: Bhw ------------------------
shape: (33, 1), dtype: uint16
Data:[[54]
 [54]
 [53]
 [50]
 [46]
 [57]
 [51]
 [48]
 [49]
 [54]
 [56]
 [57]
 [57]
 [57]
 [57]
 [57]
 [57]
 [45]
 [48]
 [32]
 [54]
 [54]
 [53]
 [50]
 [46]
 [57]
 [51]
 [48]
 [51]
 [56]
 [51]
 [45]
 [49]] 
------------------------ Dataset: Bhx ------------------------
shape: (27, 1), dtype: uint16
Data:[[54]
 [54]
 [54]
 [56]
 [46]
 [56]
 [48]
 [51]
 [55]
 [48]
 [52]
 [45]
 [48]
 [32]
 [54]
 [54]
 [54]
 [56]
 [46]
 [56]
 [48]
 [51]
 [53]
 [53]
 [49]
 [45]
 [49]] 
------------------------ Dataset: Bhy ------------------------
shape: (27, 1), dtype: uint16
Data:[[54]
 [54]
 [56]
 [52]
 [46]
 [55]
 [48]
 [55]
 [49]
 [54]
 [56]
 [45]
 [48]
 [32]
 [54]
 [54]
 [56]
 [52]
 [46]
 [55]
 [48]
 [55]
 [50]
 [54]
 [56]
 [45]
 [49]] 
------------------------ Dataset: Bhz ------------------------
shape: (27, 1), dtype: uint16
Data:[[53]
 [57]
 [48]
 [50]
 [46]
 [54]
 [51]
 [57]
 [55]
 [55]
 [53]
 [45]
 [48]
 [32]
 [53]
 [57]
 [48]
 [50]
 [46]
 [54]
 [51]
 [55]
 [50]
 [55]
 [50]
 [45]
 [49]] 
------------------------ Dataset: Bi ------------------------
