shape: (1, 6), dtype: uint32
Data:[[3707764736          2          1          1       1248          1]] 
------------------------ Dataset: Oub ------------------------
shape: (27, 1), dtype: uint16
Data:[[54]
 [55]
 [54]
 [57]
 [46]
 [55]
 [57]
 [52]
 [49]
 [51]
 [49]
 [45]
 [48]
 [32]
 [54]
 [55]
 [54]
 [57]
 [46]
 [55]
 [57]
 [52]
 [49]
 [51]
 [53]
 [45]
 [49]] 
------------------------ Dataset: Ouc ------------------------
shape: (32, 1), dtype: uint16
Data:[[54]
 [50]
 [56]
 [50]
 [46]
 [53]
 [54]
 [49]
 [56]
 [53]
 [45]
 [48]
 [32]
 [54]
 [50]
 [56]
 [50]
 [46]
 [53]
 [54]
 [53]
 [56]
 [49]
 [50]
 [57]
 [57]
 [57]
 [57]
 [57]
 [57]
 [45]
 [49]] 
------------------------ Dataset: Oud ------------------------
shape: (39, 1), dtype: uint16
Data:[[54]
 [50]
 [57]
 [56]
 [46]
 [51]
 [51]
 [48]
 [48]
 [54]
 [50]
 [57]
 [57]
 [57]
 [57]
 [57]
 [57]
 [45]
 [48]
 [32]
 [54]
 [50]
 [57]
 [56]
 [46]
 [51]
 [50]
 [56]
 [50]
 [55]
 [48]
 [57]
 [57]
 [57]
 [57]
 [57]
 [57]
 [45]
 [49]] 
------------------------ Dataset: Oue ------------------------
shape: (13, 1), dtype: uint16
Data:[[54]
 [51]
 [49]
 [52]
 [46]
 [50]
 [49]
 [51]
 [57]
 [52]
 [52]
 [45]
 [49]] 
------------------------ Dataset: Ouf ------------------------
shape: (39, 1), dtype: uint16
Data:[[54]
 [51]
 [51]
 [48]
 [46]
 [48]
 [52]
 [49]
 [57]
 [55]
 [50]
 [57]
 [57]
 [57]
 [57]
 [57]
 [57]
 [45]
 [48]
 [32]
 [54]
 [51]
 [51]
 [48]
 [46]
 [48]
 [51]
 [56]
 [48]
 [55]
 [54]
 [57]
 [57]
 [57]
 [57]
 [57]
 [57]
 [45]
 [49]] 
------------------------ Dataset: Oug ------------------------
shape: (32, 1), dtype: uint16
Data:[[54]
 [51]
 [52]
 [53]
 [46]
 [56]
 [56]
 [50]
 [56]
 [50]
 [45]
 [48]
 [32]
 [54]
 [51]
 [52]
 [53]
 [46]
 [56]
 [55]
 [56]
 [51]
 [54]
 [54]
 [57]
 [57]
 [57]
 [57]
 [57]
 [57]
 [45]
 [49]] 
------------------------ Dataset: Ouh ------------------------
shape: (39, 1), dtype: uint16
Data:[[54]
 [53]
 [49]
 [48]
 [46]
 [57]
 [53]
 [54]
 [50]
 [49]
 [55]
 [57]
 [57]
 [57]
 [57]
 [57]
 [57]
 [45]
 [48]
 [32]
 [54]
 [53]
 [49]
 [48]
 [46]
 [57]
 [53]
 [56]
 [54]
 [56]
 [54]
 [57]
 [57]
 [57]
 [57]
 [57]
 [57]
 [45]
 [49]] 
------------------------ Dataset: Oui ------------------------
shape: (34, 1), dtype: uint16
Data:[[54]
 [53]
 [50]
 [54]
 [46]
 [55]
 [57]
 [55]
 [57]
 [57]
 [48]
 [57]
 [57]
 [57]
 [57]
 [57]
 [57]
 [53]
 [45]
 [48]
 [32]
 [54]
 [53]
 [50]
 [54]
 [46]
 [56]
 [48]
 [49]
 [57]
 [57]
 [56]
 [45]
 [49]] 
------------------------ Dataset: Ouj ------------------------
shape: (39, 1), dtype: uint16
Data:[[54]
 [48]
 [50]
 [50]
 [46]
 [51]
 [55]
 [56]
 [50]
 [56]
 [51]
 [57]
 [57]
 [57]
 [57]
 [57]
 [57]
 [45]
 [48]
 [32]
 [54]
 [48]
 [50]
 [50]
 [46]
 [51]
 [54]
 [53]
 [56]
 [56]
 [52]
 [57]
 [57]
 [57]
 [57]
 [57]
 [57]
 [45]
 [49]] 
------------------------ Dataset: Ouk ------------------------
shape: (34, 1), dtype: uint16
Data:[[54]
 [48]
 [51]
 [56]
 [46]
 [49]
 [52]
 [49]
 [56]
 [54]
 [57]
 [57]
 [57]
 [57]
 [57]
 [57]
 [57]
 [53]
 [45]
 [48]
 [32]
 [54]
 [48]
 [51]
 [56]
 [46]
 [49]
 [52]
 [53]
 [56]
 [52]
 [50]
 [45]
 [49]] 
------------------------ Dataset: Oul ------------------------
shape: (33, 1), dtype: uint16
Data:[[54]
 [48]
 [53]
 [51]
 [46]
 [55]
 [57]
 [55]
 [56]
 [55]
 [52]
 [57]
 [57]
 [57]
 [57]
 [57]
 [57]
 [45]
 [48]
 [32]
 [54]
 [48]
 [53]
 [51]
 [46]
 [55]
 [57]
 [51]
 [56]
 [52]
 [50]
 [45]
 [49]] 
------------------------ Dataset: Oum ------------------------
shape: (34, 1), dtype: uint16
Data:[[54]
 [48]
 [54]
 [57]
 [46]
 [54]
 [57]
 [53]
 [52]
 [52]
 [55]
 [57]
 [57]
 [57]
 [57]
 [57]
 [57]
 [53]
 [45]
 [48]
 [32]
 [54]
 [48]
 [54]
 [57]
 [46]
 [55]
 [48]
 [48]
 [54]
 [50]
 [54]
 [45]
 [49]] 
------------------------ Dataset: Oun ------------------------
shape: (33, 1), dtype: uint16
Data:[[54]
 [48]
 [56]
 [53]
 [46]
 [53]
 [57]
 [56]
 [50]
 [48]
 [51]
 [45]
 [48]
 [32]
 [54]
 [48]
 [56]
 [53]
 [46]
 [54]
 [48]
 [50]
 [49]
 [52]
 [56]
 [57]
 [57]
 [57]
 [57]
 [57]
 [57]
 [45]
 [49]] 
------------------------ Dataset: Ouo ------------------------
shape: (33, 1), dtype: uint16
Data:[[53]
 [54]
 [52]
 [54]
 [46]
 [50]
 [56]
 [53]
 [53]
 [50]
 [51]
 [45]
 [48]
 [32]
 [53]
 [54]
 [52]
 [54]
 [46]
 [50]
 [56]
 [57]
 [53]
 [54]
 [55]
 [57]
 [57]
 [57]
 [57]
 [57]
 [57]
 [45]
 [49]] 
------------------------ Dataset: Oup ------------------------
shape: (27, 1), dtype: uint16
Data:[[53]
 [54]
 [54]
 [50]
 [46]
 [48]
 [50]
 [57]
 [54]
 [52]
 [49]
 [45]
 [48]
 [32]
 [53]
 [54]
 [54]
 [50]
 [46]
 [48]
 [50]
 [53]
 [53]
 [55]
 [54]
 [45]
 [49]] 
------------------------ Dataset: Ouq ------------------------
shape: (33, 1), dtype: uint16
Data:[[53]
 [54]
 [55]
 [55]
 [46]
 [55]
 [52]
 [55]
 [55]
 [53]
 [52]
 [57]
 [57]
 [57]
 [57]
 [57]
 [57]
 [45]
 [48]
 [32]
 [53]
 [54]
 [55]
 [55]
 [46]
 [55]
 [52]
 [54]
 [48]
 [52]
 [55]
 [45]
 [49]] 
------------------------ Dataset: Our ------------------------
shape: (13, 1), dtype: uint16
Data:[[53]
 [54]
 [57]
 [51]
 [46]
 [53]
 [48]
 [53]
 [54]
 [49]
 [50]
 [45]
 [48]] 
------------------------ Dataset: Ous ------------------------
shape: (33, 1), dtype: uint16
Data:[[54]
 [52]
 [49]
 [54]
 [46]
 [56]
 [50]
 [49]
 [57]
 [50]
 [54]
 [45]
 [48]
 [32]
 [54]
 [52]
 [49]
 [54]
 [46]
 [56]
 [50]
 [54]
 [50]
 [51]
 [57]
 [57]
 [57]
 [57]
 [57]
 [57]
 [57]
 [45]
 [49]] 
------------------------ Dataset: Out ------------------------
shape: (27, 1), dtype: uint16
Data:[[54]
 [54]
 [48]
 [56]
 [46]
 [57]
 [49]
 [52]
 [50]
 [54]
 [51]
 [45]
 [48]
 [32]
 [54]
 [54]
 [48]
 [56]
 [46]
 [57]
 [49]
 [48]
 [52]
 [51]
 [51]
 [45]
 [49]] 
------------------------ Dataset: Ouu ------------------------
shape: (27, 1), dtype: uint16
Data:[[54]
 [54]
 [50]
 [52]
 [46]
 [56]
 [52]
 [51]
 [56]
 [56]
 [52]
 [45]
 [48]
 [32]
 [54]
 [54]
 [50]
 [52]
 [46]
 [56]
 [51]
 [56]
 [52]
 [51]
 [50]
 [45]
 [49]] 
------------------------ Dataset: Ouv ------------------------
shape: (33, 1), dtype: uint16
Data:[[54]
 [54]
 [52]
 [48]
 [46]
 [54]
 [52]
 [50]
 [49]
 [57]
 [57]
 [57]
 [57]
 [57]
 [57]
 [57]
 [57]
 [45]
 [48]
 [32]
 [54]
 [54]
 [52]
 [48]
 [46]
 [54]
 [52]
 [54]
 [49]
 [51]
 [53]
 [45]
 [49]] 
------------------------ Dataset: Ouw ------------------------
shape: (27, 1), dtype: uint16
Data:[[54]
 [54]
 [53]
 [54]
 [46]
 [50]
 [56]
 [50]
 [48]
 [55]
 [55]
 [45]
 [48]
 [32]
 [54]
 [54]
 [53]
 [54]
 [46]
 [50]
 [56]
 [54]
 [48]
 [57]
 [49]
 [45]
 [49]] 
------------------------ Dataset: Oux ------------------------
shape: (33, 1), dtype: uint16
Data:[[54]
 [54]
 [55]
 [50]
 [46]
 [49]
 [56]
 [57]
 [51]
 [50]
 [52]
 [45]
 [48]
 [32]
 [54]
 [54]
 [55]
 [50]
 [46]
 [49]
 [57]
 [48]
 [51]
 [50]
 [57]
 [57]
 [57]
 [57]
 [57]
 [57]
 [57]
 [45]
 [49]] 
------------------------ Dataset: Ouy ------------------------
shape: (27, 1), dtype: uint16
Data:[[54]
 [54]
 [56]
 [56]
 [46]
 [48]
 [55]
 [52]
 [48]
 [56]
 [49]
 [45]
 [48]
 [32]
 [54]
 [54]
 [56]
 [56]
 [46]
 [48]
 [55]
 [57]
 [53]
 [54]
 [56]
 [45]
 [49]] 
------------------------ Dataset: Ouz ------------------------
shape: (27, 1), dtype: uint16
Data:[[53]
 [57]
 [48]
 [53]
 [46]
 [57]
 [57]
 [55]
 [54]
 [53]
 [50]
 [45]
 [48]
 [32]
 [53]
 [57]
 [48]
 [53]
 [46]
 [57]
 [57]
 [51]
 [55]
 [51]
 [57]
 [45]
 [49]] 
------------------------ Dataset: Ov ------------------------
