shape: (1, 6), dtype: uint32
Data:[[3707764736          2          1          1       1071          1]] 
------------------------ Dataset: Srb ------------------------
shape: (27, 1), dtype: uint16
Data:[[54]
 [55]
 [54]
 [57]
 [46]
 [48]
 [51]
 [48]
 [50]
 [52]
 [56]
 [45]
 [48]
 [32]
 [54]
 [55]
 [54]
 [57]
 [46]
 [48]
 [51]
 [52]
 [49]
 [54]
 [50]
 [45]
 [49]] 
------------------------ Dataset: Src ------------------------
shape: (33, 1), dtype: uint16
Data:[[54]
 [50]
 [56]
 [49]
 [46]
 [56]
 [50]
 [51]
 [48]
 [57]
 [50]
 [45]
 [48]
 [32]
 [54]
 [50]
 [56]
 [49]
 [46]
 [56]
 [50]
 [51]
 [54]
 [54]
 [53]
 [57]
 [57]
 [57]
 [57]
 [57]
 [57]
 [45]
 [49]] 
------------------------ Dataset: Srd ------------------------
shape: (39, 1), dtype: uint16
Data:[[54]
 [50]
 [57]
 [55]
 [46]
 [53]
 [56]
 [55]
 [50]
 [53]
 [57]
 [57]
 [57]
 [57]
 [57]
 [57]
 [57]
 [45]
 [48]
 [32]
 [54]
 [50]
 [57]
 [55]
 [46]
 [53]
 [56]
 [49]
 [56]
 [49]
 [54]
 [57]
 [57]
 [57]
 [57]
 [57]
 [57]
 [45]
 [49]] 
------------------------ Dataset: Sre ------------------------
shape: (34, 1), dtype: uint16
Data:[[54]
 [51]
 [49]
 [51]
 [46]
 [52]
 [53]
 [55]
 [57]
 [54]
 [56]
 [45]
 [48]
 [32]
 [54]
 [51]
 [49]
 [51]
 [46]
 [52]
 [54]
 [51]
 [49]
 [48]
 [51]
 [57]
 [57]
 [57]
 [57]
 [57]
 [57]
 [53]
 [45]
 [49]] 
------------------------ Dataset: Srf ------------------------
shape: (13, 1), dtype: uint16
Data:[[54]
 [51]
 [50]
 [57]
 [46]
 [50]
 [57]
 [52]
 [52]
 [52]
 [52]
 [45]
 [49]] 
------------------------ Dataset: Srg ------------------------
shape: (27, 1), dtype: uint16
Data:[[54]
 [51]
 [52]
 [53]
 [46]
 [49]
 [50]
 [55]
 [49]
 [50]
 [50]
 [45]
 [48]
 [32]
 [54]
 [51]
 [52]
 [53]
 [46]
 [49]
 [50]
 [57]
 [57]
 [50]
 [54]
 [45]
 [49]] 
------------------------ Dataset: Srh ------------------------
shape: (27, 1), dtype: uint16
Data:[[54]
 [53]
 [49]
 [48]
 [46]
 [50]
 [49]
 [52]
 [48]
 [51]
 [55]
 [45]
 [48]
 [32]
 [54]
 [53]
 [49]
 [48]
 [46]
 [50]
 [49]
 [48]
 [48]
 [54]
 [55]
 [45]
 [49]] 
------------------------ Dataset: Sri ------------------------
shape: (27, 1), dtype: uint16
Data:[[54]
 [53]
 [50]
 [54]
 [46]
 [48]
 [50]
 [51]
 [48]
 [50]
 [56]
 [45]
 [48]
 [32]
 [54]
 [53]
 [50]
 [54]
 [46]
 [48]
 [50]
 [54]
 [55]
 [49]
 [55]
 [45]
 [49]] 
------------------------ Dataset: Srj ------------------------
shape: (27, 1), dtype: uint16
Data:[[54]
 [48]
 [50]
 [49]
 [46]
 [54]
 [49]
 [55]
 [55]
 [57]
 [53]
 [45]
 [48]
 [32]
 [54]
 [48]
 [50]
 [49]
 [46]
 [54]
 [50]
 [49]
 [55]
 [51]
 [53]
 [45]
 [49]] 
------------------------ Dataset: Srk ------------------------
shape: (27, 1), dtype: uint16
Data:[[54]
 [48]
 [51]
 [55]
 [46]
 [52]
 [48]
 [57]
 [55]
 [56]
 [56]
 [45]
 [48]
 [32]
 [54]
 [48]
 [51]
 [55]
 [46]
 [52]
 [49]
 [51]
 [57]
 [56]
 [54]
 [45]
 [49]] 
------------------------ Dataset: Srl ------------------------
shape: (27, 1), dtype: uint16
Data:[[54]
 [48]
 [53]
 [51]
 [46]
 [48]
 [52]
 [49]
 [49]
 [51]
 [54]
 [45]
 [48]
 [32]
 [54]
 [48]
 [53]
 [51]
 [46]
 [48]
 [52]
 [52]
 [57]
 [52]
 [54]
 [45]
 [49]] 
------------------------ Dataset: Srm ------------------------
shape: (34, 1), dtype: uint16
Data:[[54]
 [48]
 [54]
 [56]
 [46]
 [57]
 [52]
 [52]
 [55]
 [51]
 [50]
 [45]
 [48]
 [32]
 [54]
 [48]
 [54]
 [56]
 [46]
 [57]
 [52]
 [52]
 [53]
 [57]
 [56]
 [57]
 [57]
 [57]
 [57]
 [57]
 [57]
 [53]
 [45]
 [49]] 
------------------------ Dataset: Srn ------------------------
shape: (32, 1), dtype: uint16
Data:[[54]
 [48]
 [56]
 [52]
 [46]
 [56]
 [55]
 [52]
 [52]
 [45]
 [48]
 [32]
 [54]
 [48]
 [56]
 [52]
 [46]
 [56]
 [54]
 [51]
 [55]
 [50]
 [50]
 [57]
 [57]
 [57]
 [57]
 [57]
 [57]
 [53]
 [45]
 [49]] 
------------------------ Dataset: Sro ------------------------
shape: (27, 1), dtype: uint16
Data:[[53]
 [54]
 [52]
 [53]
 [46]
 [53]
 [51]
 [51]
 [54]
 [48]
 [54]
 [45]
 [48]
 [32]
 [53]
 [54]
 [52]
 [53]
 [46]
 [53]
 [52]
 [49]
 [54]
 [55]
 [54]
 [45]
 [49]] 
------------------------ Dataset: Srp ------------------------
shape: (33, 1), dtype: uint16
Data:[[53]
 [54]
 [54]
 [49]
 [46]
 [50]
 [57]
 [51]
 [53]
 [53]
 [52]
 [45]
 [48]
 [32]
 [53]
 [54]
 [54]
 [49]
 [46]
 [50]
 [56]
 [57]
 [53]
 [57]
 [55]
 [57]
 [57]
 [57]
 [57]
 [57]
 [57]
 [45]
 [49]] 
------------------------ Dataset: Srq ------------------------
shape: (27, 1), dtype: uint16
Data:[[53]
 [54]
 [55]
 [54]
 [46]
 [57]
 [56]
 [57]
 [54]
 [57]
 [50]
 [45]
 [48]
 [32]
 [53]
 [54]
 [55]
 [54]
 [46]
 [57]
 [57]
 [51]
 [54]
 [55]
 [54]
 [45]
 [49]] 
------------------------ Dataset: Srr ------------------------
shape: (33, 1), dtype: uint16
Data:[[53]
 [54]
 [57]
 [50]
 [46]
 [55]
 [54]
 [57]
 [52]
 [56]
 [53]
 [57]
 [57]
 [57]
 [57]
 [57]
 [57]
 [45]
 [48]
 [32]
 [53]
 [54]
 [57]
 [50]
 [46]
 [55]
 [54]
 [57]
 [52]
 [57]
 [53]
 [45]
 [49]] 
------------------------ Dataset: Srs ------------------------
shape: (27, 1), dtype: uint16
Data:[[54]
 [52]
 [49]
 [54]
 [46]
 [48]
 [55]
 [51]
 [57]
 [48]
 [49]
 [45]
 [48]
 [32]
 [54]
 [52]
 [49]
 [54]
 [46]
 [48]
 [55]
 [55]
 [56]
 [54]
 [55]
 [45]
 [49]] 
------------------------ Dataset: Srt ------------------------
shape: (39, 1), dtype: uint16
Data:[[54]
 [54]
 [48]
 [56]
 [46]
 [49]
 [54]
 [53]
 [57]
 [56]
 [51]
 [57]
 [57]
 [57]
 [57]
 [57]
 [57]
 [45]
 [48]
 [32]
 [54]
 [54]
 [48]
 [56]
 [46]
 [49]
 [55]
 [54]
 [51]
 [57]
 [54]
 [57]
 [57]
 [57]
 [57]
 [57]
 [57]
 [45]
 [49]] 
------------------------ Dataset: Sru ------------------------
shape: (33, 1), dtype: uint16
Data:[[54]
 [54]
 [50]
 [52]
 [46]
 [48]
 [57]
 [52]
 [56]
 [54]
 [49]
 [45]
 [48]
 [32]
 [54]
 [54]
 [50]
 [52]
 [46]
 [48]
 [57]
 [49]
 [57]
 [48]
 [52]
 [57]
 [57]
 [57]
 [57]
 [57]
 [57]
 [45]
 [49]] 
------------------------ Dataset: Srv ------------------------
shape: (34, 1), dtype: uint16
Data:[[54]
 [54]
 [51]
 [57]
 [46]
 [57]
 [49]
 [48]
 [57]
 [55]
 [50]
 [45]
 [48]
 [32]
 [54]
 [54]
 [51]
 [57]
 [46]
 [57]
 [50]
 [49]
 [48]
 [56]
 [48]
 [57]
 [57]
 [57]
 [57]
 [57]
 [57]
 [53]
 [45]
 [49]] 
------------------------ Dataset: Srw ------------------------
shape: (23, 1), dtype: uint16
Data:[[54]
 [54]
 [53]
 [53]
 [46]
 [53]
 [51]
 [45]
 [48]
 [32]
 [54]
 [54]
 [53]
 [53]
 [46]
 [53]
 [51]
 [52]
 [48]
 [51]
 [50]
 [45]
 [49]] 
------------------------ Dataset: Srx ------------------------
shape: (33, 1), dtype: uint16
Data:[[54]
 [54]
 [55]
 [49]
 [46]
 [52]
 [50]
 [54]
 [56]
 [49]
 [53]
 [57]
 [57]
 [57]
 [57]
 [57]
 [57]
 [45]
 [48]
 [32]
 [54]
 [54]
 [55]
 [49]
 [46]
 [52]
 [50]
 [50]
 [48]
 [52]
 [55]
 [45]
 [49]] 
------------------------ Dataset: Sry ------------------------
shape: (27, 1), dtype: uint16
Data:[[54]
 [54]
 [56]
 [55]
 [46]
 [51]
 [52]
 [53]
 [55]
 [57]
 [57]
 [45]
 [48]
 [32]
 [54]
 [54]
 [56]
 [55]
 [46]
 [51]
 [52]
 [53]
 [55]
 [57]
 [57]
 [45]
 [49]] 
------------------------ Dataset: Srz ------------------------
shape: (27, 1), dtype: uint16
Data:[[53]
 [57]
 [48]
 [53]
 [46]
 [50]
 [52]
 [53]
 [56]
 [49]
 [50]
 [45]
 [48]
 [32]
 [53]
 [57]
 [48]
 [53]
 [46]
 [50]
 [52]
 [49]
 [56]
 [49]
 [52]
 [45]
 [49]] 
------------------------ Dataset: Ss ------------------------
