shape: (1, 6), dtype: uint32
Data:[[3707764736          2          1          1       1226          1]] 
------------------------ Dataset: rub ------------------------
shape: (33, 1), dtype: uint16
Data:[[54]
 [55]
 [54]
 [57]
 [46]
 [54]
 [57]
 [56]
 [50]
 [49]
 [49]
 [45]
 [48]
 [32]
 [54]
 [55]
 [54]
 [57]
 [46]
 [55]
 [48]
 [50]
 [50]
 [54]
 [53]
 [57]
 [57]
 [57]
 [57]
 [57]
 [57]
 [45]
 [49]] 
------------------------ Dataset: ruc ------------------------
shape: (33, 1), dtype: uint16
Data:[[54]
 [50]
 [56]
 [50]
 [46]
 [52]
 [55]
 [51]
 [57]
 [52]
 [51]
 [45]
 [48]
 [32]
 [54]
 [50]
 [56]
 [50]
 [46]
 [52]
 [54]
 [57]
 [57]
 [52]
 [48]
 [57]
 [57]
 [57]
 [57]
 [57]
 [57]
 [45]
 [49]] 
------------------------ Dataset: rud ------------------------
shape: (27, 1), dtype: uint16
Data:[[54]
 [50]
 [57]
 [56]
 [46]
 [50]
 [51]
 [51]
 [57]
 [57]
 [51]
 [45]
 [48]
 [32]
 [54]
 [50]
 [57]
 [56]
 [46]
 [50]
 [51]
 [55]
 [57]
 [57]
 [49]
 [45]
 [49]] 
------------------------ Dataset: rue ------------------------
shape: (27, 1), dtype: uint16
Data:[[54]
 [51]
 [49]
 [52]
 [46]
 [49]
 [50]
 [55]
 [49]
 [48]
 [53]
 [45]
 [48]
 [32]
 [54]
 [51]
 [49]
 [52]
 [46]
 [49]
 [50]
 [55]
 [52]
 [52]
 [55]
 [45]
 [49]] 
------------------------ Dataset: ruf ------------------------
shape: (27, 1), dtype: uint16
Data:[[54]
 [51]
 [50]
 [57]
 [46]
 [57]
 [52]
 [50]
 [48]
 [49]
 [49]
 [45]
 [48]
 [32]
 [54]
 [51]
 [50]
 [57]
 [46]
 [57]
 [51]
 [52]
 [55]
 [56]
 [54]
 [45]
 [49]] 
------------------------ Dataset: rug ------------------------
shape: (33, 1), dtype: uint16
Data:[[54]
 [51]
 [52]
 [53]
 [46]
 [55]
 [56]
 [57]
 [57]
 [50]
 [50]
 [57]
 [57]
 [57]
 [57]
 [57]
 [57]
 [45]
 [48]
 [32]
 [54]
 [51]
 [52]
 [53]
 [46]
 [55]
 [56]
 [49]
 [57]
 [52]
 [50]
 [45]
 [49]] 
------------------------ Dataset: ruh ------------------------
shape: (33, 1), dtype: uint16
Data:[[54]
 [53]
 [49]
 [48]
 [46]
 [56]
 [54]
 [50]
 [49]
 [51]
 [57]
 [57]
 [57]
 [57]
 [57]
 [57]
 [57]
 [45]
 [48]
 [32]
 [54]
 [53]
 [49]
 [48]
 [46]
 [56]
 [53]
 [56]
 [49]
 [48]
 [55]
 [45]
 [49]] 
------------------------ Dataset: rui ------------------------
shape: (27, 1), dtype: uint16
Data:[[54]
 [53]
 [50]
 [54]
 [46]
 [54]
 [57]
 [56]
 [48]
 [54]
 [53]
 [45]
 [48]
 [32]
 [54]
 [53]
 [50]
 [54]
 [46]
 [54]
 [57]
 [56]
 [48]
 [54]
 [57]
 [45]
 [49]] 
------------------------ Dataset: ruj ------------------------
shape: (26, 1), dtype: uint16
Data:[[54]
 [48]
 [50]
 [50]
 [46]
 [50]
 [55]
 [56]
 [48]
 [50]
 [57]
 [45]
 [48]
 [32]
 [54]
 [48]
 [50]
 [50]
 [46]
 [50]
 [55]
 [51]
 [56]
 [56]
 [45]
 [49]] 
------------------------ Dataset: ruk ------------------------
shape: (33, 1), dtype: uint16
Data:[[54]
 [48]
 [51]
 [56]
 [46]
 [48]
 [53]
 [51]
 [55]
 [54]
 [54]
 [57]
 [57]
 [57]
 [57]
 [57]
 [57]
 [45]
 [48]
 [32]
 [54]
 [48]
 [51]
 [56]
 [46]
 [48]
 [52]
 [57]
 [55]
 [57]
 [50]
 [45]
 [49]] 
------------------------ Dataset: rul ------------------------
shape: (33, 1), dtype: uint16
Data:[[54]
 [48]
 [53]
 [51]
 [46]
 [55]
 [48]
 [49]
 [54]
 [57]
 [51]
 [57]
 [57]
 [57]
 [57]
 [57]
 [57]
 [45]
 [48]
 [32]
 [54]
 [48]
 [53]
 [51]
 [46]
 [55]
 [48]
 [54]
 [49]
 [54]
 [54]
 [45]
 [49]] 
------------------------ Dataset: rum ------------------------
shape: (27, 1), dtype: uint16
Data:[[54]
 [48]
 [54]
 [57]
 [46]
 [54]
 [48]
 [53]
 [55]
 [52]
 [55]
 [45]
 [48]
 [32]
 [54]
 [48]
 [54]
 [57]
 [46]
 [54]
 [48]
 [49]
 [55]
 [55]
 [53]
 [45]
 [49]] 
------------------------ Dataset: run ------------------------
shape: (33, 1), dtype: uint16
Data:[[54]
 [48]
 [56]
 [53]
 [46]
 [53]
 [48]
 [57]
 [55]
 [57]
 [50]
 [57]
 [57]
 [57]
 [57]
 [57]
 [57]
 [45]
 [48]
 [32]
 [54]
 [48]
 [56]
 [53]
 [46]
 [53]
 [48]
 [53]
 [57]
 [57]
 [51]
 [45]
 [49]] 
------------------------ Dataset: ruo ------------------------
shape: (33, 1), dtype: uint16
Data:[[53]
 [54]
 [52]
 [54]
 [46]
 [49]
 [57]
 [56]
 [49]
 [48]
 [54]
 [57]
 [57]
 [57]
 [57]
 [57]
 [57]
 [45]
 [48]
 [32]
 [53]
 [54]
 [52]
 [54]
 [46]
 [49]
 [57]
 [51]
 [54]
 [49]
 [55]
 [45]
 [49]] 
------------------------ Dataset: rup ------------------------
shape: (26, 1), dtype: uint16
Data:[[53]
 [54]
 [54]
 [49]
 [46]
 [57]
 [51]
 [53]
 [51]
 [48]
 [55]
 [45]
 [48]
 [32]
 [53]
 [54]
 [54]
 [49]
 [46]
 [57]
 [51]
 [55]
 [57]
 [55]
 [45]
 [49]] 
------------------------ Dataset: ruq ------------------------
shape: (33, 1), dtype: uint16
Data:[[53]
 [54]
 [55]
 [55]
 [46]
 [54]
 [52]
 [50]
 [48]
 [50]
 [55]
 [57]
 [57]
 [57]
 [57]
 [57]
 [57]
 [45]
 [48]
 [32]
 [53]
 [54]
 [55]
 [55]
 [46]
 [54]
 [52]
 [53]
 [57]
 [56]
 [49]
 [45]
 [49]] 
------------------------ Dataset: rur ------------------------
shape: (12, 1), dtype: uint16
Data:[[53]
 [54]
 [57]
 [51]
 [46]
 [52]
 [49]
 [51]
 [53]
 [57]
 [45]
 [49]] 
------------------------ Dataset: rus ------------------------
shape: (40, 1), dtype: uint16
Data:[[54]
 [52]
 [49]
 [54]
 [46]
 [55]
 [51]
 [52]
 [48]
 [50]
 [54]
 [57]
 [57]
 [57]
 [57]
 [57]
 [57]
 [53]
 [45]
 [48]
 [32]
 [54]
 [52]
 [49]
 [54]
 [46]
 [55]
 [51]
 [48]
 [48]
 [55]
 [49]
 [57]
 [57]
 [57]
 [57]
 [57]
 [57]
 [45]
 [49]] 
------------------------ Dataset: rut ------------------------
shape: (13, 1), dtype: uint16
Data:[[54]
 [54]
 [48]
 [56]
 [46]
 [56]
 [50]
 [51]
 [50]
 [50]
 [52]
 [45]
 [49]] 
------------------------ Dataset: ruu ------------------------
shape: (33, 1), dtype: uint16
Data:[[54]
 [54]
 [50]
 [52]
 [46]
 [55]
 [51]
 [56]
 [48]
 [51]
 [51]
 [45]
 [48]
 [32]
 [54]
 [54]
 [50]
 [52]
 [46]
 [55]
 [52]
 [50]
 [48]
 [56]
 [56]
 [57]
 [57]
 [57]
 [57]
 [57]
 [57]
 [45]
 [49]] 
------------------------ Dataset: ruv ------------------------
shape: (13, 1), dtype: uint16
Data:[[54]
 [54]
 [52]
 [48]
 [46]
 [53]
 [53]
 [49]
 [51]
 [55]
 [56]
 [45]
 [49]] 
------------------------ Dataset: ruw ------------------------
shape: (33, 1), dtype: uint16
Data:[[54]
 [54]
 [53]
 [54]
 [46]
 [49]
 [57]
 [48]
 [49]
 [53]
 [52]
 [45]
 [48]
 [32]
 [54]
 [54]
 [53]
 [54]
 [46]
 [49]
 [57]
 [48]
 [49]
 [52]
 [57]
 [57]
 [57]
 [57]
 [57]
 [57]
 [57]
 [45]
 [49]] 
------------------------ Dataset: rux ------------------------
shape: (34, 1), dtype: uint16
Data:[[54]
 [54]
 [55]
 [50]
 [46]
 [48]
 [56]
 [54]
 [51]
 [51]
 [52]
 [45]
 [48]
 [32]
 [54]
 [54]
 [55]
 [50]
 [46]
 [48]
 [56]
 [54]
 [50]
 [48]
 [57]
 [57]
 [57]
 [57]
 [57]
 [57]
 [57]
 [53]
 [45]
 [49]] 
------------------------ Dataset: ruy ------------------------
shape: (27, 1), dtype: uint16
Data:[[54]
 [54]
 [56]
 [55]
 [46]
 [57]
 [56]
 [56]
 [56]
 [53]
 [51]
 [45]
 [48]
 [32]
 [54]
 [54]
 [56]
 [55]
 [46]
 [57]
 [56]
 [56]
 [56]
 [53]
 [51]
 [45]
 [49]] 
------------------------ Dataset: ruz ------------------------
shape: (33, 1), dtype: uint16
Data:[[53]
 [57]
 [48]
 [53]
 [46]
 [56]
 [57]
 [55]
 [55]
 [51]
 [57]
 [45]
 [48]
 [32]
 [53]
 [57]
 [48]
 [53]
 [46]
 [57]
 [48]
 [49]
 [57]
 [48]
 [48]
 [57]
 [57]
 [57]
 [57]
 [57]
 [57]
 [45]
 [49]] 
------------------------ Dataset: rv ------------------------
