shape: (1, 6), dtype: uint32
Data:[[3707764736          2          1          1       1613          1]] 
------------------------ Dataset: QAb ------------------------
shape: (33, 1), dtype: uint16
Data:[[54]
 [55]
 [55]
 [49]
 [46]
 [51]
 [50]
 [50]
 [49]
 [48]
 [57]
 [45]
 [48]
 [32]
 [54]
 [55]
 [55]
 [49]
 [46]
 [51]
 [49]
 [56]
 [49]
 [53]
 [53]
 [57]
 [57]
 [57]
 [57]
 [57]
 [57]
 [45]
 [49]] 
------------------------ Dataset: QAc ------------------------
shape: (33, 1), dtype: uint16
Data:[[54]
 [50]
 [56]
 [52]
 [46]
 [49]
 [48]
 [51]
 [52]
 [53]
 [54]
 [57]
 [57]
 [57]
 [57]
 [57]
 [57]
 [45]
 [48]
 [32]
 [54]
 [50]
 [56]
 [52]
 [46]
 [48]
 [57]
 [51]
 [56]
 [50]
 [55]
 [45]
 [49]] 
------------------------ Dataset: QAd ------------------------
shape: (34, 1), dtype: uint16
Data:[[54]
 [50]
 [57]
 [57]
 [46]
 [56]
 [54]
 [49]
 [57]
 [49]
 [52]
 [57]
 [57]
 [57]
 [57]
 [57]
 [57]
 [53]
 [45]
 [48]
 [32]
 [54]
 [50]
 [57]
 [57]
 [46]
 [56]
 [54]
 [53]
 [56]
 [50]
 [50]
 [45]
 [49]] 
------------------------ Dataset: QAe ------------------------
shape: (27, 1), dtype: uint16
Data:[[54]
 [51]
 [49]
 [53]
 [46]
 [55]
 [52]
 [49]
 [56]
 [56]
 [49]
 [45]
 [48]
 [32]
 [54]
 [51]
 [49]
 [53]
 [46]
 [55]
 [51]
 [56]
 [48]
 [51]
 [57]
 [45]
 [49]] 
------------------------ Dataset: QAf ------------------------
shape: (33, 1), dtype: uint16
Data:[[54]
 [51]
 [51]
 [49]
 [46]
 [53]
 [55]
 [52]
 [50]
 [49]
 [57]
 [45]
 [48]
 [32]
 [54]
 [51]
 [51]
 [49]
 [46]
 [53]
 [55]
 [48]
 [48]
 [48]
 [54]
 [57]
 [57]
 [57]
 [57]
 [57]
 [57]
 [45]
 [49]] 
------------------------ Dataset: QAg ------------------------
shape: (26, 1), dtype: uint16
Data:[[54]
 [52]
 [57]
 [54]
 [46]
 [55]
 [51]
 [48]
 [48]
 [49]
 [52]
 [45]
 [48]
 [32]
 [54]
 [52]
 [57]
 [54]
 [46]
 [55]
 [50]
 [54]
 [48]
 [50]
 [45]
 [49]] 
------------------------ Dataset: QAh ------------------------
shape: (34, 1), dtype: uint16
Data:[[54]
 [53]
 [49]
 [50]
 [46]
 [52]
 [56]
 [50]
 [49]
 [55]
 [53]
 [57]
 [57]
 [57]
 [57]
 [57]
 [57]
 [53]
 [45]
 [48]
 [32]
 [54]
 [53]
 [49]
 [50]
 [46]
 [52]
 [56]
 [54]
 [49]
 [54]
 [52]
 [45]
 [49]] 
------------------------ Dataset: QAi ------------------------
shape: (27, 1), dtype: uint16
Data:[[54]
 [53]
 [50]
 [56]
 [46]
 [51]
 [50]
 [49]
 [49]
 [54]
 [52]
 [45]
 [48]
 [32]
 [54]
 [53]
 [50]
 [56]
 [46]
 [51]
 [50]
 [54]
 [51]
 [54]
 [50]
 [45]
 [49]] 
------------------------ Dataset: QAj ------------------------
shape: (33, 1), dtype: uint16
Data:[[54]
 [48]
 [50]
 [51]
 [46]
 [57]
 [48]
 [52]
 [52]
 [55]
 [57]
 [57]
 [57]
 [57]
 [57]
 [57]
 [57]
 [45]
 [48]
 [32]
 [54]
 [48]
 [50]
 [51]
 [46]
 [57]
 [48]
 [48]
 [52]
 [51]
 [49]
 [45]
 [49]] 
------------------------ Dataset: QAk ------------------------
shape: (34, 1), dtype: uint16
Data:[[54]
 [48]
 [51]
 [57]
 [46]
 [54]
 [52]
 [57]
 [56]
 [52]
 [55]
 [45]
 [48]
 [32]
 [54]
 [48]
 [51]
 [57]
 [46]
 [54]
 [54]
 [52]
 [53]
 [50]
 [50]
 [57]
 [57]
 [57]
 [57]
 [57]
 [57]
 [53]
 [45]
 [49]] 
------------------------ Dataset: QAl ------------------------
shape: (33, 1), dtype: uint16
Data:[[54]
 [48]
 [53]
 [53]
 [46]
 [51]
 [49]
 [52]
 [49]
 [57]
 [55]
 [45]
 [48]
 [32]
 [54]
 [48]
 [53]
 [53]
 [46]
 [51]
 [49]
 [56]
 [50]
 [55]
 [54]
 [57]
 [57]
 [57]
 [57]
 [57]
 [57]
 [45]
 [49]] 
------------------------ Dataset: QAm ------------------------
shape: (33, 1), dtype: uint16
Data:[[54]
 [48]
 [55]
 [49]
 [46]
 [50]
 [53]
 [49]
 [49]
 [49]
 [55]
 [57]
 [57]
 [57]
 [57]
 [57]
 [57]
 [45]
 [48]
 [32]
 [54]
 [48]
 [55]
 [49]
 [46]
 [50]
 [53]
 [54]
 [48]
 [48]
 [57]
 [45]
 [49]] 
------------------------ Dataset: QAn ------------------------
shape: (34, 1), dtype: uint16
Data:[[53]
 [54]
 [51]
 [50]
 [46]
 [49]
 [50]
 [53]
 [53]
 [53]
 [57]
 [45]
 [48]
 [32]
 [53]
 [54]
 [51]
 [50]
 [46]
 [49]
 [50]
 [49]
 [54]
 [53]
 [48]
 [57]
 [57]
 [57]
 [57]
 [57]
 [57]
 [53]
 [45]
 [49]] 
------------------------ Dataset: QAo ------------------------
shape: (33, 1), dtype: uint16
Data:[[53]
 [54]
 [52]
 [55]
 [46]
 [56]
 [48]
 [57]
 [57]
 [53]
 [48]
 [57]
 [57]
 [57]
 [57]
 [57]
 [57]
 [45]
 [48]
 [32]
 [53]
 [54]
 [52]
 [55]
 [46]
 [56]
 [49]
 [51]
 [54]
 [50]
 [53]
 [45]
 [49]] 
------------------------ Dataset: QAp ------------------------
shape: (33, 1), dtype: uint16
Data:[[53]
 [54]
 [54]
 [51]
 [46]
 [53]
 [52]
 [53]
 [53]
 [57]
 [51]
 [57]
 [57]
 [57]
 [57]
 [57]
 [57]
 [45]
 [48]
 [32]
 [53]
 [54]
 [54]
 [51]
 [46]
 [53]
 [52]
 [49]
 [53]
 [53]
 [56]
 [45]
 [49]] 
------------------------ Dataset: QAq ------------------------
shape: (34, 1), dtype: uint16
Data:[[53]
 [54]
 [55]
 [57]
 [46]
 [50]
 [56]
 [57]
 [53]
 [51]
 [52]
 [45]
 [48]
 [32]
 [53]
 [54]
 [55]
 [57]
 [46]
 [50]
 [57]
 [51]
 [54]
 [56]
 [49]
 [57]
 [57]
 [57]
 [57]
 [57]
 [57]
 [53]
 [45]
 [49]] 
------------------------ Dataset: QAr ------------------------
shape: (27, 1), dtype: uint16
Data:[[53]
 [56]
 [48]
 [53]
 [46]
 [53]
 [57]
 [52]
 [48]
 [57]
 [51]
 [45]
 [48]
 [32]
 [53]
 [56]
 [48]
 [53]
 [46]
 [53]
 [57]
 [56]
 [49]
 [52]
 [52]
 [45]
 [49]] 
------------------------ Dataset: QAs ------------------------
shape: (34, 1), dtype: uint16
Data:[[54]
 [52]
 [49]
 [56]
 [46]
 [51]
 [53]
 [50]
 [50]
 [51]
 [52]
 [45]
 [48]
 [32]
 [54]
 [52]
 [49]
 [56]
 [46]
 [51]
 [52]
 [57]
 [50]
 [57]
 [48]
 [57]
 [57]
 [57]
 [57]
 [57]
 [57]
 [53]
 [45]
 [49]] 
------------------------ Dataset: QAt ------------------------
shape: (27, 1), dtype: uint16
Data:[[54]
 [54]
 [49]
 [48]
 [46]
 [52]
 [52]
 [50]
 [50]
 [54]
 [50]
 [45]
 [48]
 [32]
 [54]
 [54]
 [49]
 [48]
 [46]
 [52]
 [51]
 [56]
 [48]
 [53]
 [56]
 [45]
 [49]] 
------------------------ Dataset: QAu ------------------------
shape: (33, 1), dtype: uint16
Data:[[54]
 [54]
 [50]
 [54]
 [46]
 [51]
 [55]
 [56]
 [50]
 [57]
 [57]
 [45]
 [48]
 [32]
 [54]
 [54]
 [50]
 [54]
 [46]
 [51]
 [55]
 [53]
 [54]
 [57]
 [48]
 [57]
 [57]
 [57]
 [57]
 [57]
 [57]
 [45]
 [49]] 
------------------------ Dataset: QAv ------------------------
shape: (33, 1), dtype: uint16
Data:[[54]
 [54]
 [52]
 [50]
 [46]
 [49]
 [53]
 [48]
 [50]
 [48]
 [55]
 [45]
 [48]
 [32]
 [54]
 [54]
 [52]
 [50]
 [46]
 [49]
 [53]
 [56]
 [50]
 [51]
 [56]
 [57]
 [57]
 [57]
 [57]
 [57]
 [57]
 [45]
 [49]] 
------------------------ Dataset: QAw ------------------------
shape: (39, 1), dtype: uint16
Data:[[54]
 [54]
 [53]
 [55]
 [46]
 [56]
 [53]
 [52]
 [53]
 [50]
 [51]
 [57]
 [57]
 [57]
 [57]
 [57]
 [57]
 [45]
 [48]
 [32]
 [54]
 [54]
 [53]
 [55]
 [46]
 [56]
 [53]
 [48]
 [48]
 [56]
 [50]
 [57]
 [57]
 [57]
 [57]
 [57]
 [57]
 [45]
 [49]] 
------------------------ Dataset: QAx ------------------------
shape: (26, 1), dtype: uint16
Data:[[54]
 [54]
 [55]
 [51]
 [46]
 [55]
 [51]
 [52]
 [49]
 [52]
 [45]
 [48]
 [32]
 [54]
 [54]
 [55]
 [51]
 [46]
 [55]
 [51]
 [55]
 [57]
 [57]
 [51]
 [45]
 [49]] 
------------------------ Dataset: QAy ------------------------
shape: (33, 1), dtype: uint16
Data:[[54]
 [54]
 [56]
 [57]
 [46]
 [54]
 [53]
 [52]
 [57]
 [55]
 [49]
 [45]
 [48]
 [32]
 [54]
 [54]
 [56]
 [57]
 [46]
 [54]
 [53]
 [48]
 [48]
 [53]
 [55]
 [57]
 [57]
 [57]
 [57]
 [57]
 [57]
 [45]
 [49]] 
------------------------ Dataset: QAz ------------------------
shape: (13, 1), dtype: uint16
Data:[[53]
 [57]
 [48]
 [55]
 [46]
 [53]
 [52]
 [53]
 [52]
 [50]
 [55]
 [45]
 [48]] 
------------------------ Dataset: QB ------------------------
