shape: (1, 6), dtype: uint32
Data:[[3707764736          2          1          1        670          1]] 
------------------------ Dataset: flb ------------------------
shape: (27, 1), dtype: uint16
Data:[[54]
 [55]
 [54]
 [55]
 [46]
 [51]
 [51]
 [52]
 [51]
 [53]
 [55]
 [45]
 [48]
 [32]
 [54]
 [55]
 [54]
 [55]
 [46]
 [51]
 [51]
 [56]
 [51]
 [52]
 [50]
 [45]
 [49]] 
------------------------ Dataset: flc ------------------------
shape: (27, 1), dtype: uint16
Data:[[54]
 [50]
 [56]
 [48]
 [46]
 [49]
 [50]
 [54]
 [48]
 [48]
 [50]
 [45]
 [48]
 [32]
 [54]
 [50]
 [56]
 [48]
 [46]
 [49]
 [50]
 [57]
 [56]
 [50]
 [56]
 [45]
 [49]] 
------------------------ Dataset: fld ------------------------
shape: (13, 1), dtype: uint16
Data:[[54]
 [50]
 [57]
 [53]
 [46]
 [57]
 [48]
 [54]
 [49]
 [48]
 [57]
 [45]
 [49]] 
------------------------ Dataset: fle ------------------------
shape: (41, 1), dtype: uint16
Data:[[54]
 [51]
 [49]
 [49]
 [46]
 [55]
 [53]
 [49]
 [48]
 [52]
 [56]
 [57]
 [57]
 [57]
 [57]
 [57]
 [57]
 [53]
 [45]
 [48]
 [32]
 [54]
 [51]
 [49]
 [49]
 [46]
 [55]
 [52]
 [54]
 [50]
 [48]
 [52]
 [57]
 [57]
 [57]
 [57]
 [57]
 [57]
 [53]
 [45]
 [49]] 
------------------------ Dataset: flf ------------------------
shape: (27, 1), dtype: uint16
Data:[[54]
 [51]
 [50]
 [55]
 [46]
 [54]
 [50]
 [50]
 [49]
 [51]
 [51]
 [45]
 [48]
 [32]
 [54]
 [51]
 [50]
 [55]
 [46]
 [54]
 [49]
 [55]
 [57]
 [55]
 [53]
 [45]
 [49]] 
------------------------ Dataset: flg ------------------------
shape: (26, 1), dtype: uint16
Data:[[54]
 [51]
 [52]
 [51]
 [46]
 [52]
 [52]
 [49]
 [57]
 [49]
 [55]
 [45]
 [48]
 [32]
 [54]
 [51]
 [52]
 [51]
 [46]
 [52]
 [52]
 [49]
 [57]
 [54]
 [45]
 [49]] 
------------------------ Dataset: flh ------------------------
shape: (39, 1), dtype: uint16
Data:[[54]
 [53]
 [48]
 [56]
 [46]
 [53]
 [50]
 [51]
 [48]
 [54]
 [49]
 [57]
 [57]
 [57]
 [57]
 [57]
 [57]
 [45]
 [48]
 [32]
 [54]
 [53]
 [48]
 [56]
 [46]
 [53]
 [50]
 [51]
 [48]
 [54]
 [49]
 [57]
 [57]
 [57]
 [57]
 [57]
 [57]
 [45]
 [49]] 
------------------------ Dataset: fli ------------------------
shape: (27, 1), dtype: uint16
Data:[[54]
 [53]
 [50]
 [52]
 [46]
 [51]
 [52]
 [50]
 [50]
 [51]
 [50]
 [45]
 [48]
 [32]
 [54]
 [53]
 [50]
 [52]
 [46]
 [51]
 [51]
 [56]
 [49]
 [52]
 [50]
 [45]
 [49]] 
------------------------ Dataset: flj ------------------------
shape: (27, 1), dtype: uint16
Data:[[54]
 [48]
 [49]
 [57]
 [46]
 [57]
 [49]
 [51]
 [55]
 [51]
 [57]
 [45]
 [48]
 [32]
 [54]
 [48]
 [49]
 [57]
 [46]
 [57]
 [48]
 [57]
 [55]
 [55]
 [52]
 [45]
 [49]] 
------------------------ Dataset: flk ------------------------
shape: (27, 1), dtype: uint16
Data:[[54]
 [48]
 [51]
 [53]
 [46]
 [55]
 [51]
 [55]
 [55]
 [54]
 [50]
 [45]
 [48]
 [32]
 [54]
 [48]
 [51]
 [53]
 [46]
 [55]
 [51]
 [51]
 [56]
 [51]
 [55]
 [45]
 [49]] 
------------------------ Dataset: fll ------------------------
shape: (27, 1), dtype: uint16
Data:[[54]
 [48]
 [53]
 [49]
 [46]
 [51]
 [52]
 [56]
 [49]
 [55]
 [50]
 [45]
 [48]
 [32]
 [54]
 [48]
 [53]
 [49]
 [46]
 [51]
 [52]
 [56]
 [50]
 [50]
 [53]
 [45]
 [49]] 
------------------------ Dataset: flm ------------------------
shape: (33, 1), dtype: uint16
Data:[[54]
 [48]
 [54]
 [55]
 [46]
 [50]
 [52]
 [53]
 [55]
 [51]
 [54]
 [57]
 [57]
 [57]
 [57]
 [57]
 [57]
 [45]
 [48]
 [32]
 [54]
 [48]
 [54]
 [55]
 [46]
 [50]
 [52]
 [53]
 [55]
 [53]
 [50]
 [45]
 [49]] 
------------------------ Dataset: fln ------------------------
shape: (27, 1), dtype: uint16
Data:[[54]
 [48]
 [56]
 [51]
 [46]
 [49]
 [57]
 [51]
 [57]
 [52]
 [52]
 [45]
 [48]
 [32]
 [54]
 [48]
 [56]
 [51]
 [46]
 [50]
 [48]
 [52]
 [53]
 [50]
 [50]
 [45]
 [49]] 
------------------------ Dataset: flo ------------------------
shape: (27, 1), dtype: uint16
Data:[[53]
 [54]
 [52]
 [51]
 [46]
 [56]
 [54]
 [53]
 [53]
 [55]
 [53]
 [45]
 [48]
 [32]
 [53]
 [54]
 [52]
 [51]
 [46]
 [56]
 [54]
 [49]
 [53]
 [55]
 [55]
 [45]
 [49]] 
------------------------ Dataset: flp ------------------------
shape: (32, 1), dtype: uint16
Data:[[53]
 [54]
 [53]
 [57]
 [46]
 [54]
 [49]
 [51]
 [54]
 [52]
 [45]
 [48]
 [32]
 [53]
 [54]
 [53]
 [57]
 [46]
 [54]
 [49]
 [51]
 [56]
 [49]
 [48]
 [57]
 [57]
 [57]
 [57]
 [57]
 [57]
 [45]
 [49]] 
------------------------ Dataset: flq ------------------------
shape: (33, 1), dtype: uint16
Data:[[53]
 [54]
 [55]
 [53]
 [46]
 [51]
 [49]
 [55]
 [53]
 [53]
 [56]
 [45]
 [48]
 [32]
 [53]
 [54]
 [55]
 [53]
 [46]
 [51]
 [50]
 [49]
 [54]
 [55]
 [52]
 [57]
 [57]
 [57]
 [57]
 [57]
 [57]
 [45]
 [49]] 
------------------------ Dataset: flr ------------------------
shape: (39, 1), dtype: uint16
Data:[[53]
 [54]
 [57]
 [49]
 [46]
 [49]
 [48]
 [49]
 [54]
 [53]
 [54]
 [57]
 [57]
 [57]
 [57]
 [57]
 [57]
 [45]
 [48]
 [32]
 [53]
 [54]
 [57]
 [49]
 [46]
 [49]
 [48]
 [53]
 [54]
 [48]
 [51]
 [57]
 [57]
 [57]
 [57]
 [57]
 [57]
 [45]
 [49]] 
------------------------ Dataset: fls ------------------------
shape: (27, 1), dtype: uint16
Data:[[54]
 [52]
 [49]
 [52]
 [46]
 [51]
 [54]
 [57]
 [57]
 [55]
 [54]
 [45]
 [48]
 [32]
 [54]
 [52]
 [49]
 [52]
 [46]
 [51]
 [54]
 [54]
 [48]
 [51]
 [55]
 [45]
 [49]] 
------------------------ Dataset: flt ------------------------
shape: (27, 1), dtype: uint16
Data:[[54]
 [54]
 [48]
 [54]
 [46]
 [52]
 [52]
 [55]
 [48]
 [49]
 [51]
 [45]
 [48]
 [32]
 [54]
 [54]
 [48]
 [54]
 [46]
 [52]
 [53]
 [48]
 [51]
 [53]
 [52]
 [45]
 [49]] 
------------------------ Dataset: flu ------------------------
shape: (27, 1), dtype: uint16
Data:[[54]
 [54]
 [50]
 [50]
 [46]
 [52]
 [48]
 [54]
 [52]
 [54]
 [55]
 [45]
 [48]
 [32]
 [54]
 [54]
 [50]
 [50]
 [46]
 [52]
 [48]
 [50]
 [50]
 [51]
 [56]
 [45]
 [49]] 
------------------------ Dataset: flv ------------------------
shape: (33, 1), dtype: uint16
Data:[[54]
 [54]
 [51]
 [56]
 [46]
 [50]
 [53]
 [52]
 [49]
 [49]
 [56]
 [57]
 [57]
 [57]
 [57]
 [57]
 [57]
 [45]
 [48]
 [32]
 [54]
 [54]
 [51]
 [56]
 [46]
 [50]
 [53]
 [48]
 [49]
 [52]
 [52]
 [45]
 [49]] 
------------------------ Dataset: flw ------------------------
shape: (32, 1), dtype: uint16
Data:[[54]
 [54]
 [53]
 [51]
 [46]
 [56]
 [52]
 [50]
 [48]
 [54]
 [56]
 [57]
 [57]
 [57]
 [57]
 [57]
 [57]
 [45]
 [48]
 [32]
 [54]
 [54]
 [53]
 [51]
 [46]
 [56]
 [52]
 [50]
 [48]
 [57]
 [45]
 [49]] 
------------------------ Dataset: flx ------------------------
shape: (26, 1), dtype: uint16
Data:[[54]
 [54]
 [54]
 [57]
 [46]
 [55]
 [50]
 [51]
 [56]
 [48]
 [54]
 [45]
 [48]
 [32]
 [54]
 [54]
 [54]
 [57]
 [46]
 [55]
 [50]
 [54]
 [54]
 [51]
 [45]
 [49]] 
------------------------ Dataset: fly ------------------------
shape: (33, 1), dtype: uint16
Data:[[54]
 [54]
 [56]
 [53]
 [46]
 [54]
 [53]
 [56]
 [57]
 [48]
 [52]
 [45]
 [48]
 [32]
 [54]
 [54]
 [56]
 [53]
 [46]
 [54]
 [53]
 [56]
 [53]
 [55]
 [49]
 [57]
 [57]
 [57]
 [57]
 [57]
 [57]
 [45]
 [49]] 
------------------------ Dataset: flz ------------------------
shape: (13, 1), dtype: uint16
Data:[[53]
 [57]
 [48]
 [51]
 [46]
 [53]
 [54]
 [49]
 [56]
 [51]
 [54]
 [45]
 [49]] 
------------------------ Dataset: fm ------------------------
