shape: (1, 6), dtype: uint32
Data:[[3707764736          2          1          1        378          1]] 
------------------------ Dataset: qgb ------------------------
shape: (27, 1), dtype: uint16
Data:[[54]
 [55]
 [54]
 [54]
 [46]
 [49]
 [48]
 [50]
 [48]
 [54]
 [53]
 [45]
 [48]
 [32]
 [54]
 [55]
 [54]
 [54]
 [46]
 [49]
 [48]
 [54]
 [50]
 [54]
 [55]
 [45]
 [49]] 
------------------------ Dataset: qgc ------------------------
shape: (10, 1), dtype: uint16
Data:[[110]
 [111]
 [114]
 [109]
 [ 95]
 [112]
 [111]
 [115]
 [ 95]
 [120]] 
------------------------ Dataset: qgd ------------------------
shape: (33, 1), dtype: uint16
Data:[[54]
 [50]
 [57]
 [52]
 [46]
 [54]
 [56]
 [57]
 [57]
 [48]
 [49]
 [45]
 [48]
 [32]
 [54]
 [50]
 [57]
 [52]
 [46]
 [54]
 [57]
 [51]
 [56]
 [55]
 [50]
 [57]
 [57]
 [57]
 [57]
 [57]
 [57]
 [45]
 [49]] 
------------------------ Dataset: qge ------------------------
shape: (26, 1), dtype: uint16
Data:[[54]
 [51]
 [49]
 [48]
 [46]
 [53]
 [49]
 [51]
 [57]
 [52]
 [45]
 [48]
 [32]
 [54]
 [51]
 [49]
 [48]
 [46]
 [53]
 [48]
 [57]
 [56]
 [54]
 [52]
 [45]
 [49]] 
------------------------ Dataset: qgf ------------------------
shape: (33, 1), dtype: uint16
Data:[[54]
 [51]
 [50]
 [54]
 [46]
 [51]
 [54]
 [57]
 [56]
 [56]
 [49]
 [45]
 [48]
 [32]
 [54]
 [51]
 [50]
 [54]
 [46]
 [51]
 [55]
 [51]
 [56]
 [57]
 [48]
 [57]
 [57]
 [57]
 [57]
 [57]
 [57]
 [45]
 [49]] 
------------------------ Dataset: qgg ------------------------
shape: (34, 1), dtype: uint16
Data:[[54]
 [51]
 [52]
 [50]
 [46]
 [49]
 [57]
 [52]
 [48]
 [56]
 [53]
 [45]
 [48]
 [32]
 [54]
 [51]
 [52]
 [50]
 [46]
 [49]
 [57]
 [48]
 [48]
 [50]
 [51]
 [57]
 [57]
 [57]
 [57]
 [57]
 [57]
 [53]
 [45]
 [49]] 
------------------------ Dataset: qgh ------------------------
shape: (27, 1), dtype: uint16
Data:[[54]
 [53]
 [48]
 [55]
 [46]
 [51]
 [48]
 [50]
 [48]
 [51]
 [51]
 [45]
 [48]
 [32]
 [54]
 [53]
 [48]
 [55]
 [46]
 [50]
 [57]
 [56]
 [48]
 [56]
 [55]
 [45]
 [49]] 
------------------------ Dataset: qgi ------------------------
shape: (27, 1), dtype: uint16
Data:[[54]
 [53]
 [50]
 [51]
 [46]
 [49]
 [50]
 [51]
 [53]
 [49]
 [57]
 [45]
 [48]
 [32]
 [54]
 [53]
 [50]
 [51]
 [46]
 [49]
 [50]
 [51]
 [53]
 [54]
 [56]
 [45]
 [49]] 
------------------------ Dataset: qgj ------------------------
shape: (27, 1), dtype: uint16
Data:[[54]
 [48]
 [49]
 [56]
 [46]
 [54]
 [57]
 [52]
 [53]
 [54]
 [55]
 [45]
 [48]
 [32]
 [54]
 [48]
 [49]
 [56]
 [46]
 [55]
 [48]
 [49]
 [56]
 [50]
 [57]
 [45]
 [49]] 
------------------------ Dataset: qgk ------------------------
shape: (20, 1), dtype: uint16
Data:[[54]
 [48]
 [51]
 [52]
 [46]
 [52]
 [56]
 [55]
 [48]
 [53]
 [49]
 [57]
 [57]
 [57]
 [57]
 [57]
 [57]
 [53]
 [45]
 [49]] 
------------------------ Dataset: qgl ------------------------
shape: (34, 1), dtype: uint16
Data:[[54]
 [48]
 [53]
 [48]
 [46]
 [49]
 [49]
 [55]
 [55]
 [53]
 [50]
 [57]
 [57]
 [57]
 [57]
 [57]
 [57]
 [53]
 [45]
 [48]
 [32]
 [54]
 [48]
 [53]
 [48]
 [46]
 [49]
 [49]
 [51]
 [55]
 [53]
 [52]
 [45]
 [49]] 
------------------------ Dataset: qgm ------------------------
shape: (27, 1), dtype: uint16
Data:[[54]
 [48]
 [54]
 [54]
 [46]
 [48]
 [49]
 [49]
 [55]
 [54]
 [49]
 [45]
 [48]
 [32]
 [54]
 [48]
 [54]
 [54]
 [46]
 [48]
 [49]
 [49]
 [56]
 [56]
 [50]
 [45]
 [49]] 
------------------------ Dataset: qgn ------------------------
shape: (27, 1), dtype: uint16
Data:[[54]
 [48]
 [56]
 [49]
 [46]
 [57]
 [52]
 [53]
 [54]
 [48]
 [51]
 [45]
 [48]
 [32]
 [54]
 [48]
 [56]
 [49]
 [46]
 [57]
 [52]
 [53]
 [55]
 [48]
 [52]
 [45]
 [49]] 
------------------------ Dataset: qgo ------------------------
shape: (27, 1), dtype: uint16
Data:[[53]
 [54]
 [52]
 [50]
 [46]
 [54]
 [52]
 [53]
 [54]
 [49]
 [52]
 [45]
 [48]
 [32]
 [53]
 [54]
 [52]
 [50]
 [46]
 [54]
 [52]
 [49]
 [53]
 [49]
 [51]
 [45]
 [49]] 
------------------------ Dataset: qgp ------------------------
shape: (27, 1), dtype: uint16
Data:[[53]
 [54]
 [53]
 [56]
 [46]
 [51]
 [57]
 [54]
 [50]
 [48]
 [49]
 [45]
 [48]
 [32]
 [53]
 [54]
 [53]
 [56]
 [46]
 [51]
 [57]
 [54]
 [49]
 [57]
 [57]
 [45]
 [49]] 
------------------------ Dataset: qgq ------------------------
shape: (33, 1), dtype: uint16
Data:[[53]
 [54]
 [55]
 [52]
 [46]
 [48]
 [57]
 [55]
 [53]
 [55]
 [56]
 [57]
 [57]
 [57]
 [57]
 [57]
 [57]
 [45]
 [48]
 [32]
 [53]
 [54]
 [55]
 [52]
 [46]
 [48]
 [57]
 [55]
 [53]
 [54]
 [57]
 [45]
 [49]] 
------------------------ Dataset: qgr ------------------------
shape: (27, 1), dtype: uint16
Data:[[53]
 [54]
 [56]
 [57]
 [46]
 [56]
 [55]
 [53]
 [57]
 [55]
 [55]
 [45]
 [48]
 [32]
 [53]
 [54]
 [56]
 [57]
 [46]
 [56]
 [55]
 [49]
 [55]
 [52]
 [52]
 [45]
 [49]] 
------------------------ Dataset: qgs ------------------------
shape: (33, 1), dtype: uint16
Data:[[54]
 [52]
 [49]
 [51]
 [46]
 [49]
 [52]
 [50]
 [49]
 [49]
 [54]
 [45]
 [48]
 [32]
 [54]
 [52]
 [49]
 [51]
 [46]
 [49]
 [53]
 [48]
 [52]
 [48]
 [57]
 [57]
 [57]
 [57]
 [57]
 [57]
 [57]
 [45]
 [49]] 
------------------------ Dataset: qgt ------------------------
shape: (27, 1), dtype: uint16
Data:[[54]
 [54]
 [48]
 [53]
 [46]
 [50]
 [49]
 [48]
 [48]
 [56]
 [56]
 [45]
 [48]
 [32]
 [54]
 [54]
 [48]
 [53]
 [46]
 [50]
 [48]
 [54]
 [49]
 [50]
 [51]
 [45]
 [49]] 
------------------------ Dataset: qgu ------------------------
shape: (33, 1), dtype: uint16
Data:[[54]
 [54]
 [50]
 [49]
 [46]
 [49]
 [56]
 [50]
 [48]
 [57]
 [50]
 [57]
 [57]
 [57]
 [57]
 [57]
 [57]
 [45]
 [48]
 [32]
 [54]
 [54]
 [50]
 [49]
 [46]
 [49]
 [56]
 [54]
 [48]
 [56]
 [54]
 [45]
 [49]] 
------------------------ Dataset: qgv ------------------------
shape: (33, 1), dtype: uint16
Data:[[54]
 [54]
 [51]
 [55]
 [46]
 [48]
 [51]
 [52]
 [48]
 [52]
 [52]
 [57]
 [57]
 [57]
 [57]
 [57]
 [57]
 [45]
 [48]
 [32]
 [54]
 [54]
 [51]
 [55]
 [46]
 [48]
 [51]
 [52]
 [48]
 [54]
 [50]
 [45]
 [49]] 
------------------------ Dataset: qgw ------------------------
shape: (34, 1), dtype: uint16
Data:[[54]
 [54]
 [53]
 [50]
 [46]
 [54]
 [49]
 [56]
 [51]
 [50]
 [51]
 [45]
 [48]
 [32]
 [54]
 [54]
 [53]
 [50]
 [46]
 [54]
 [50]
 [50]
 [49]
 [48]
 [52]
 [57]
 [57]
 [57]
 [57]
 [57]
 [57]
 [53]
 [45]
 [49]] 
------------------------ Dataset: qgx ------------------------
shape: (26, 1), dtype: uint16
Data:[[54]
 [54]
 [54]
 [56]
 [46]
 [52]
 [56]
 [50]
 [48]
 [56]
 [45]
 [48]
 [32]
 [54]
 [54]
 [54]
 [56]
 [46]
 [52]
 [56]
 [54]
 [48]
 [55]
 [50]
 [45]
 [49]] 
------------------------ Dataset: qgy ------------------------
shape: (27, 1), dtype: uint16
Data:[[54]
 [54]
 [56]
 [52]
 [46]
 [52]
 [49]
 [52]
 [48]
 [53]
 [49]
 [45]
 [48]
 [32]
 [54]
 [54]
 [56]
 [52]
 [46]
 [52]
 [49]
 [52]
 [57]
 [57]
 [52]
 [45]
 [49]] 
------------------------ Dataset: qgz ------------------------
shape: (27, 1), dtype: uint16
Data:[[53]
 [57]
 [48]
 [50]
 [46]
 [51]
 [51]
 [51]
 [55]
 [57]
 [49]
 [45]
 [48]
 [32]
 [53]
 [57]
 [48]
 [50]
 [46]
 [51]
 [51]
 [55]
 [55]
 [50]
 [55]
 [45]
 [49]] 
------------------------ Dataset: qh ------------------------
