shape: (1, 6), dtype: uint32
Data:[[3707764736          2          1          1        795          1]] 
------------------------ Dataset: jnb ------------------------
shape: (33, 1), dtype: uint16
Data:[[54]
 [55]
 [54]
 [55]
 [46]
 [56]
 [55]
 [52]
 [49]
 [48]
 [55]
 [45]
 [48]
 [32]
 [54]
 [55]
 [54]
 [55]
 [46]
 [56]
 [55]
 [48]
 [49]
 [56]
 [48]
 [57]
 [57]
 [57]
 [57]
 [57]
 [57]
 [45]
 [49]] 
------------------------ Dataset: jnc ------------------------
shape: (27, 1), dtype: uint16
Data:[[54]
 [50]
 [56]
 [48]
 [46]
 [54]
 [52]
 [49]
 [57]
 [51]
 [54]
 [45]
 [48]
 [32]
 [54]
 [50]
 [56]
 [48]
 [46]
 [54]
 [52]
 [53]
 [57]
 [57]
 [55]
 [45]
 [49]] 
------------------------ Dataset: jnd ------------------------
shape: (27, 1), dtype: uint16
Data:[[54]
 [50]
 [57]
 [54]
 [46]
 [52]
 [50]
 [54]
 [50]
 [48]
 [54]
 [45]
 [48]
 [32]
 [54]
 [50]
 [57]
 [54]
 [46]
 [52]
 [50]
 [49]
 [56]
 [56]
 [51]
 [45]
 [49]] 
------------------------ Dataset: jne ------------------------
shape: (33, 1), dtype: uint16
Data:[[54]
 [51]
 [49]
 [50]
 [46]
 [50]
 [54]
 [55]
 [49]
 [55]
 [50]
 [45]
 [48]
 [32]
 [54]
 [51]
 [49]
 [50]
 [46]
 [50]
 [54]
 [51]
 [57]
 [57]
 [52]
 [57]
 [57]
 [57]
 [57]
 [57]
 [57]
 [45]
 [49]] 
------------------------ Dataset: jnf ------------------------
shape: (34, 1), dtype: uint16
Data:[[54]
 [51]
 [50]
 [56]
 [46]
 [49]
 [53]
 [49]
 [55]
 [51]
 [52]
 [57]
 [57]
 [57]
 [57]
 [57]
 [57]
 [53]
 [45]
 [48]
 [32]
 [54]
 [51]
 [50]
 [56]
 [46]
 [49]
 [52]
 [56]
 [48]
 [54]
 [51]
 [45]
 [49]] 
------------------------ Dataset: jng ------------------------
shape: (33, 1), dtype: uint16
Data:[[54]
 [51]
 [52]
 [51]
 [46]
 [57]
 [54]
 [55]
 [55]
 [52]
 [50]
 [57]
 [57]
 [57]
 [57]
 [57]
 [57]
 [45]
 [48]
 [32]
 [54]
 [51]
 [52]
 [51]
 [46]
 [57]
 [54]
 [55]
 [56]
 [56]
 [53]
 [45]
 [49]] 
------------------------ Dataset: jnh ------------------------
shape: (34, 1), dtype: uint16
Data:[[54]
 [53]
 [48]
 [57]
 [46]
 [48]
 [55]
 [49]
 [50]
 [54]
 [49]
 [57]
 [57]
 [57]
 [57]
 [57]
 [57]
 [53]
 [45]
 [48]
 [32]
 [54]
 [53]
 [48]
 [57]
 [46]
 [48]
 [54]
 [54]
 [55]
 [52]
 [49]
 [45]
 [49]] 
------------------------ Dataset: jni ------------------------
shape: (34, 1), dtype: uint16
Data:[[54]
 [53]
 [50]
 [52]
 [46]
 [56]
 [54]
 [56]
 [53]
 [52]
 [51]
 [45]
 [48]
 [32]
 [54]
 [53]
 [50]
 [52]
 [46]
 [56]
 [55]
 [52]
 [49]
 [53]
 [52]
 [57]
 [57]
 [57]
 [57]
 [57]
 [57]
 [53]
 [45]
 [49]] 
------------------------ Dataset: jnj ------------------------
shape: (20, 1), dtype: uint16
Data:[[54]
 [48]
 [50]
 [48]
 [46]
 [52]
 [51]
 [57]
 [48]
 [56]
 [56]
 [57]
 [57]
 [57]
 [57]
 [57]
 [57]
 [53]
 [45]
 [49]] 
------------------------ Dataset: jnk ------------------------
shape: (27, 1), dtype: uint16
Data:[[54]
 [48]
 [51]
 [54]
 [46]
 [50]
 [53]
 [51]
 [55]
 [55]
 [49]
 [45]
 [48]
 [32]
 [54]
 [48]
 [51]
 [54]
 [46]
 [50]
 [53]
 [55]
 [55]
 [50]
 [52]
 [45]
 [49]] 
------------------------ Dataset: jnl ------------------------
shape: (33, 1), dtype: uint16
Data:[[54]
 [48]
 [53]
 [49]
 [46]
 [56]
 [54]
 [55]
 [49]
 [52]
 [52]
 [57]
 [57]
 [57]
 [57]
 [57]
 [57]
 [45]
 [48]
 [32]
 [54]
 [48]
 [53]
 [49]
 [46]
 [56]
 [54]
 [50]
 [51]
 [51]
 [53]
 [45]
 [49]] 
------------------------ Dataset: jnm ------------------------
shape: (27, 1), dtype: uint16
Data:[[54]
 [48]
 [54]
 [55]
 [46]
 [55]
 [54]
 [53]
 [55]
 [56]
 [54]
 [45]
 [48]
 [32]
 [54]
 [48]
 [54]
 [55]
 [46]
 [55]
 [54]
 [49]
 [56]
 [50]
 [56]
 [45]
 [49]] 
------------------------ Dataset: jnn ------------------------
shape: (27, 1), dtype: uint16
Data:[[54]
 [48]
 [56]
 [51]
 [46]
 [55]
 [49]
 [55]
 [56]
 [50]
 [51]
 [45]
 [48]
 [32]
 [54]
 [48]
 [56]
 [51]
 [46]
 [55]
 [49]
 [51]
 [55]
 [57]
 [50]
 [45]
 [49]] 
------------------------ Dataset: jno ------------------------
shape: (40, 1), dtype: uint16
Data:[[53]
 [54]
 [52]
 [52]
 [46]
 [51]
 [57]
 [48]
 [51]
 [51]
 [50]
 [57]
 [57]
 [57]
 [57]
 [57]
 [57]
 [45]
 [48]
 [32]
 [53]
 [54]
 [52]
 [52]
 [46]
 [51]
 [57]
 [52]
 [48]
 [54]
 [52]
 [57]
 [57]
 [57]
 [57]
 [57]
 [57]
 [53]
 [45]
 [49]] 
------------------------ Dataset: jnp ------------------------
shape: (33, 1), dtype: uint16
Data:[[53]
 [54]
 [54]
 [48]
 [46]
 [49]
 [52]
 [49]
 [54]
 [57]
 [52]
 [57]
 [57]
 [57]
 [57]
 [57]
 [57]
 [45]
 [48]
 [32]
 [53]
 [54]
 [54]
 [48]
 [46]
 [49]
 [53]
 [52]
 [53]
 [56]
 [54]
 [45]
 [49]] 
------------------------ Dataset: jnq ------------------------
shape: (27, 1), dtype: uint16
Data:[[53]
 [54]
 [55]
 [53]
 [46]
 [56]
 [51]
 [52]
 [55]
 [56]
 [49]
 [45]
 [48]
 [32]
 [53]
 [54]
 [55]
 [53]
 [46]
 [56]
 [51]
 [57]
 [51]
 [54]
 [53]
 [45]
 [49]] 
------------------------ Dataset: jnr ------------------------
shape: (26, 1), dtype: uint16
Data:[[53]
 [54]
 [57]
 [49]
 [46]
 [54]
 [50]
 [54]
 [48]
 [49]
 [53]
 [45]
 [48]
 [32]
 [53]
 [54]
 [57]
 [49]
 [46]
 [54]
 [50]
 [51]
 [49]
 [51]
 [45]
 [49]] 
------------------------ Dataset: jns ------------------------
shape: (27, 1), dtype: uint16
Data:[[54]
 [52]
 [49]
 [52]
 [46]
 [56]
 [57]
 [52]
 [48]
 [53]
 [54]
 [45]
 [48]
 [32]
 [54]
 [52]
 [49]
 [52]
 [46]
 [56]
 [57]
 [48]
 [54]
 [56]
 [49]
 [45]
 [49]] 
------------------------ Dataset: jnt ------------------------
shape: (33, 1), dtype: uint16
Data:[[54]
 [54]
 [48]
 [54]
 [46]
 [57]
 [55]
 [48]
 [48]
 [54]
 [49]
 [57]
 [57]
 [57]
 [57]
 [57]
 [57]
 [45]
 [48]
 [32]
 [54]
 [54]
 [48]
 [54]
 [46]
 [57]
 [54]
 [54]
 [48]
 [49]
 [52]
 [45]
 [49]] 
------------------------ Dataset: jnu ------------------------
shape: (39, 1), dtype: uint16
Data:[[54]
 [54]
 [50]
 [50]
 [46]
 [57]
 [50]
 [50]
 [48]
 [57]
 [48]
 [57]
 [57]
 [57]
 [57]
 [57]
 [57]
 [45]
 [48]
 [32]
 [54]
 [54]
 [50]
 [50]
 [46]
 [57]
 [49]
 [56]
 [48]
 [54]
 [48]
 [57]
 [57]
 [57]
 [57]
 [57]
 [57]
 [45]
 [49]] 
------------------------ Dataset: jnv ------------------------
shape: (27, 1), dtype: uint16
Data:[[54]
 [54]
 [51]
 [56]
 [46]
 [55]
 [55]
 [48]
 [48]
 [55]
 [57]
 [45]
 [48]
 [32]
 [54]
 [54]
 [51]
 [56]
 [46]
 [55]
 [54]
 [54]
 [48]
 [57]
 [53]
 [45]
 [49]] 
------------------------ Dataset: jnw ------------------------
shape: (40, 1), dtype: uint16
Data:[[54]
 [54]
 [53]
 [52]
 [46]
 [51]
 [55]
 [48]
 [53]
 [53]
 [49]
 [57]
 [57]
 [57]
 [57]
 [57]
 [57]
 [45]
 [48]
 [32]
 [54]
 [54]
 [53]
 [52]
 [46]
 [51]
 [55]
 [52]
 [50]
 [52]
 [48]
 [57]
 [57]
 [57]
 [57]
 [57]
 [57]
 [53]
 [45]
 [49]] 
------------------------ Dataset: jnx ------------------------
shape: (39, 1), dtype: uint16
Data:[[54]
 [54]
 [55]
 [48]
 [46]
 [50]
 [53]
 [48]
 [48]
 [50]
 [52]
 [57]
 [57]
 [57]
 [57]
 [57]
 [57]
 [45]
 [48]
 [32]
 [54]
 [54]
 [55]
 [48]
 [46]
 [50]
 [53]
 [52]
 [48]
 [48]
 [51]
 [57]
 [57]
 [57]
 [57]
 [57]
 [57]
 [45]
 [49]] 
------------------------ Dataset: jny ------------------------
shape: (33, 1), dtype: uint16
Data:[[54]
 [54]
 [56]
 [54]
 [46]
 [49]
 [55]
 [56]
 [48]
 [50]
 [49]
 [45]
 [48]
 [32]
 [54]
 [54]
 [56]
 [54]
 [46]
 [49]
 [55]
 [52]
 [48]
 [50]
 [55]
 [57]
 [57]
 [57]
 [57]
 [57]
 [57]
 [45]
 [49]] 
------------------------ Dataset: jnz ------------------------
shape: (27, 1), dtype: uint16
Data:[[53]
 [57]
 [48]
 [52]
 [46]
 [48]
 [56]
 [57]
 [55]
 [48]
 [57]
 [45]
 [48]
 [32]
 [53]
 [57]
 [48]
 [52]
 [46]
 [48]
 [56]
 [57]
 [55]
 [48]
 [57]
 [45]
 [49]] 
------------------------ Dataset: jo ------------------------
