shape: (1, 6), dtype: uint32
Data:[[3707764736          2          1          1       1566          1]] 
------------------------ Dataset: 5zb ------------------------
shape: (26, 1), dtype: uint16
Data:[[54]
 [55]
 [55]
 [49]
 [46]
 [49]
 [50]
 [54]
 [52]
 [54]
 [54]
 [45]
 [48]
 [32]
 [54]
 [55]
 [55]
 [49]
 [46]
 [49]
 [50]
 [51]
 [52]
 [51]
 [45]
 [49]] 
------------------------ Dataset: 5zc ------------------------
shape: (34, 1), dtype: uint16
Data:[[54]
 [50]
 [56]
 [51]
 [46]
 [57]
 [48]
 [49]
 [57]
 [55]
 [54]
 [57]
 [57]
 [57]
 [57]
 [57]
 [57]
 [53]
 [45]
 [48]
 [32]
 [54]
 [50]
 [56]
 [51]
 [46]
 [57]
 [49]
 [50]
 [48]
 [48]
 [54]
 [45]
 [49]] 
------------------------ Dataset: 5zd ------------------------
shape: (27, 1), dtype: uint16
Data:[[54]
 [50]
 [57]
 [57]
 [46]
 [54]
 [55]
 [50]
 [56]
 [51]
 [55]
 [45]
 [48]
 [32]
 [54]
 [50]
 [57]
 [57]
 [46]
 [54]
 [55]
 [53]
 [49]
 [53]
 [56]
 [45]
 [49]] 
------------------------ Dataset: 5ze ------------------------
shape: (39, 1), dtype: uint16
Data:[[54]
 [51]
 [49]
 [53]
 [46]
 [53]
 [53]
 [48]
 [50]
 [51]
 [48]
 [57]
 [57]
 [57]
 [57]
 [57]
 [57]
 [45]
 [48]
 [32]
 [54]
 [51]
 [49]
 [53]
 [46]
 [53]
 [52]
 [54]
 [54]
 [55]
 [54]
 [57]
 [57]
 [57]
 [57]
 [57]
 [57]
 [45]
 [49]] 
------------------------ Dataset: 5zf ------------------------
shape: (39, 1), dtype: uint16
Data:[[54]
 [51]
 [51]
 [49]
 [46]
 [51]
 [55]
 [52]
 [49]
 [57]
 [49]
 [57]
 [57]
 [57]
 [57]
 [57]
 [57]
 [45]
 [48]
 [32]
 [54]
 [51]
 [51]
 [49]
 [46]
 [51]
 [54]
 [57]
 [57]
 [57]
 [50]
 [57]
 [57]
 [57]
 [57]
 [57]
 [57]
 [45]
 [49]] 
------------------------ Dataset: 5zg ------------------------
shape: (33, 1), dtype: uint16
Data:[[54]
 [52]
 [57]
 [54]
 [46]
 [53]
 [51]
 [48]
 [50]
 [50]
 [57]
 [45]
 [48]
 [32]
 [54]
 [52]
 [57]
 [54]
 [46]
 [53]
 [51]
 [57]
 [54]
 [50]
 [52]
 [57]
 [57]
 [57]
 [57]
 [57]
 [57]
 [45]
 [49]] 
------------------------ Dataset: 5zh ------------------------
shape: (27, 1), dtype: uint16
Data:[[54]
 [53]
 [49]
 [50]
 [46]
 [50]
 [56]
 [57]
 [57]
 [51]
 [55]
 [45]
 [48]
 [32]
 [54]
 [53]
 [49]
 [50]
 [46]
 [50]
 [57]
 [51]
 [57]
 [56]
 [55]
 [45]
 [49]] 
------------------------ Dataset: 5zi ------------------------
shape: (34, 1), dtype: uint16
Data:[[54]
 [53]
 [50]
 [56]
 [46]
 [49]
 [49]
 [55]
 [57]
 [57]
 [49]
 [45]
 [48]
 [32]
 [54]
 [53]
 [50]
 [56]
 [46]
 [49]
 [50]
 [53]
 [57]
 [50]
 [55]
 [57]
 [57]
 [57]
 [57]
 [57]
 [57]
 [53]
 [45]
 [49]] 
------------------------ Dataset: 5zj ------------------------
shape: (40, 1), dtype: uint16
Data:[[54]
 [48]
 [50]
 [51]
 [46]
 [55]
 [48]
 [53]
 [55]
 [52]
 [55]
 [57]
 [57]
 [57]
 [57]
 [57]
 [57]
 [45]
 [48]
 [32]
 [54]
 [48]
 [50]
 [51]
 [46]
 [55]
 [48]
 [53]
 [55]
 [53]
 [48]
 [57]
 [57]
 [57]
 [57]
 [57]
 [57]
 [53]
 [45]
 [49]] 
------------------------ Dataset: 5zk ------------------------
shape: (39, 1), dtype: uint16
Data:[[54]
 [48]
 [51]
 [57]
 [46]
 [52]
 [53]
 [55]
 [56]
 [48]
 [53]
 [57]
 [57]
 [57]
 [57]
 [57]
 [57]
 [45]
 [48]
 [32]
 [54]
 [48]
 [51]
 [57]
 [46]
 [52]
 [54]
 [49]
 [57]
 [53]
 [48]
 [57]
 [57]
 [57]
 [57]
 [57]
 [57]
 [45]
 [49]] 
------------------------ Dataset: 5zl ------------------------
shape: (27, 1), dtype: uint16
Data:[[54]
 [48]
 [53]
 [53]
 [46]
 [49]
 [50]
 [53]
 [51]
 [51]
 [53]
 [45]
 [48]
 [32]
 [54]
 [48]
 [53]
 [53]
 [46]
 [49]
 [49]
 [57]
 [54]
 [53]
 [49]
 [45]
 [49]] 
------------------------ Dataset: 5zm ------------------------
shape: (33, 1), dtype: uint16
Data:[[54]
 [48]
 [55]
 [49]
 [46]
 [48]
 [54]
 [48]
 [51]
 [54]
 [57]
 [45]
 [48]
 [32]
 [54]
 [48]
 [55]
 [49]
 [46]
 [48]
 [54]
 [52]
 [56]
 [49]
 [51]
 [57]
 [57]
 [57]
 [57]
 [57]
 [57]
 [45]
 [49]] 
------------------------ Dataset: 5zn ------------------------
shape: (34, 1), dtype: uint16
Data:[[53]
 [54]
 [51]
 [49]
 [46]
 [57]
 [50]
 [57]
 [52]
 [55]
 [50]
 [45]
 [48]
 [32]
 [53]
 [54]
 [51]
 [49]
 [46]
 [57]
 [50]
 [53]
 [53]
 [57]
 [54]
 [57]
 [57]
 [57]
 [57]
 [57]
 [57]
 [53]
 [45]
 [49]] 
------------------------ Dataset: 5zo ------------------------
shape: (33, 1), dtype: uint16
Data:[[53]
 [54]
 [52]
 [55]
 [46]
 [54]
 [49]
 [55]
 [55]
 [48]
 [51]
 [57]
 [57]
 [57]
 [57]
 [57]
 [57]
 [45]
 [48]
 [32]
 [53]
 [54]
 [52]
 [55]
 [46]
 [54]
 [50]
 [57]
 [52]
 [48]
 [54]
 [45]
 [49]] 
------------------------ Dataset: 5zp ------------------------
shape: (33, 1), dtype: uint16
Data:[[53]
 [54]
 [54]
 [51]
 [46]
 [51]
 [52]
 [49]
 [53]
 [53]
 [50]
 [57]
 [57]
 [57]
 [57]
 [57]
 [57]
 [45]
 [48]
 [32]
 [53]
 [54]
 [54]
 [51]
 [46]
 [51]
 [52]
 [49]
 [53]
 [53]
 [53]
 [45]
 [49]] 
------------------------ Dataset: 5zq ------------------------
shape: (34, 1), dtype: uint16
Data:[[53]
 [54]
 [55]
 [57]
 [46]
 [48]
 [57]
 [51]
 [53]
 [52]
 [53]
 [45]
 [48]
 [32]
 [53]
 [54]
 [55]
 [57]
 [46]
 [48]
 [56]
 [57]
 [53]
 [52]
 [51]
 [57]
 [57]
 [57]
 [57]
 [57]
 [57]
 [53]
 [45]
 [49]] 
------------------------ Dataset: 5zr ------------------------
shape: (15, 1), dtype: uint16
Data:[[103]
 [ 97]
 [122]
 [101]
 [ 95]
 [112]
 [111]
 [105]
 [110]
 [116]
 [ 95]
 [ 51]
 [100]
 [ 95]
 [122]] 
------------------------ Dataset: 5zs ------------------------
shape: (33, 1), dtype: uint16
Data:[[54]
 [52]
 [49]
 [56]
 [46]
 [49]
 [52]
 [53]
 [57]
 [51]
 [57]
 [57]
 [57]
 [57]
 [57]
 [57]
 [57]
 [45]
 [48]
 [32]
 [54]
 [52]
 [49]
 [56]
 [46]
 [49]
 [52]
 [57]
 [57]
 [49]
 [50]
 [45]
 [49]] 
------------------------ Dataset: 5zt ------------------------
shape: (33, 1), dtype: uint16
Data:[[54]
 [54]
 [49]
 [48]
 [46]
 [50]
 [52]
 [54]
 [50]
 [55]
 [49]
 [57]
 [57]
 [57]
 [57]
 [57]
 [57]
 [45]
 [48]
 [32]
 [54]
 [54]
 [49]
 [48]
 [46]
 [50]
 [52]
 [50]
 [48]
 [55]
 [55]
 [45]
 [49]] 
------------------------ Dataset: 5zu ------------------------
shape: (12, 1), dtype: uint16
Data:[[54]
 [54]
 [50]
 [54]
 [46]
 [49]
 [56]
 [50]
 [52]
 [54]
 [45]
 [49]] 
------------------------ Dataset: 5zv ------------------------
shape: (40, 1), dtype: uint16
Data:[[54]
 [54]
 [52]
 [49]
 [46]
 [57]
 [53]
 [56]
 [50]
 [48]
 [48]
 [57]
 [57]
 [57]
 [57]
 [57]
 [57]
 [53]
 [45]
 [48]
 [32]
 [54]
 [54]
 [52]
 [49]
 [46]
 [57]
 [54]
 [50]
 [49]
 [56]
 [57]
 [57]
 [57]
 [57]
 [57]
 [57]
 [57]
 [45]
 [49]] 
------------------------ Dataset: 5zw ------------------------
shape: (33, 1), dtype: uint16
Data:[[54]
 [54]
 [53]
 [55]
 [46]
 [54]
 [51]
 [56]
 [51]
 [49]
 [55]
 [45]
 [48]
 [32]
 [54]
 [54]
 [53]
 [55]
 [46]
 [54]
 [52]
 [50]
 [48]
 [56]
 [54]
 [57]
 [57]
 [57]
 [57]
 [57]
 [57]
 [45]
 [49]] 
------------------------ Dataset: 5zx ------------------------
shape: (33, 1), dtype: uint16
Data:[[54]
 [54]
 [55]
 [51]
 [46]
 [53]
 [52]
 [54]
 [54]
 [55]
 [56]
 [45]
 [48]
 [32]
 [54]
 [54]
 [55]
 [51]
 [46]
 [53]
 [52]
 [54]
 [53]
 [53]
 [53]
 [57]
 [57]
 [57]
 [57]
 [57]
 [57]
 [45]
 [49]] 
------------------------ Dataset: 5zy ------------------------
shape: (33, 1), dtype: uint16
Data:[[54]
 [54]
 [56]
 [57]
 [46]
 [52]
 [54]
 [50]
 [48]
 [53]
 [50]
 [45]
 [48]
 [32]
 [54]
 [54]
 [56]
 [57]
 [46]
 [52]
 [53]
 [56]
 [48]
 [56]
 [52]
 [57]
 [57]
 [57]
 [57]
 [57]
 [57]
 [45]
 [49]] 
------------------------ Dataset: 5zz ------------------------
shape: (33, 1), dtype: uint16
Data:[[53]
 [57]
 [48]
 [55]
 [46]
 [51]
 [52]
 [50]
 [53]
 [55]
 [51]
 [57]
 [57]
 [57]
 [57]
 [57]
 [57]
 [45]
 [48]
 [32]
 [53]
 [57]
 [48]
 [55]
 [46]
 [51]
 [51]
 [51]
 [54]
 [52]
 [53]
 [45]
 [49]] 
------------------------ Dataset: 6 ------------------------
