shape: (1, 6), dtype: uint32
Data:[[3707764736          2          1          1        255          1]] 
------------------------ Dataset: oeb ------------------------
shape: (33, 1), dtype: uint16
Data:[[54]
 [55]
 [54]
 [53]
 [46]
 [53]
 [56]
 [52]
 [51]
 [52]
 [49]
 [45]
 [48]
 [32]
 [54]
 [55]
 [54]
 [53]
 [46]
 [53]
 [56]
 [51]
 [54]
 [54]
 [50]
 [57]
 [57]
 [57]
 [57]
 [57]
 [57]
 [45]
 [49]] 
------------------------ Dataset: oec ------------------------
shape: (34, 1), dtype: uint16
Data:[[54]
 [55]
 [56]
 [49]
 [46]
 [52]
 [52]
 [50]
 [53]
 [51]
 [52]
 [45]
 [48]
 [32]
 [54]
 [55]
 [56]
 [49]
 [46]
 [52]
 [52]
 [55]
 [48]
 [57]
 [52]
 [57]
 [57]
 [57]
 [57]
 [57]
 [57]
 [53]
 [45]
 [49]] 
------------------------ Dataset: oed ------------------------
shape: (27, 1), dtype: uint16
Data:[[54]
 [50]
 [57]
 [52]
 [46]
 [49]
 [55]
 [51]
 [57]
 [50]
 [52]
 [45]
 [48]
 [32]
 [54]
 [50]
 [57]
 [52]
 [46]
 [49]
 [55]
 [55]
 [56]
 [53]
 [55]
 [45]
 [49]] 
------------------------ Dataset: oee ------------------------
shape: (34, 1), dtype: uint16
Data:[[54]
 [51]
 [48]
 [57]
 [46]
 [57]
 [57]
 [55]
 [57]
 [56]
 [48]
 [57]
 [57]
 [57]
 [57]
 [57]
 [57]
 [53]
 [45]
 [48]
 [32]
 [54]
 [51]
 [49]
 [48]
 [46]
 [48]
 [48]
 [49]
 [57]
 [57]
 [51]
 [45]
 [49]] 
------------------------ Dataset: oef ------------------------
shape: (26, 1), dtype: uint16
Data:[[54]
 [51]
 [50]
 [53]
 [46]
 [56]
 [52]
 [53]
 [57]
 [52]
 [52]
 [45]
 [48]
 [32]
 [54]
 [51]
 [50]
 [53]
 [46]
 [56]
 [53]
 [48]
 [48]
 [51]
 [45]
 [49]] 
------------------------ Dataset: oeg ------------------------
shape: (27, 1), dtype: uint16
Data:[[54]
 [51]
 [52]
 [49]
 [46]
 [54]
 [55]
 [56]
 [53]
 [51]
 [52]
 [45]
 [48]
 [32]
 [54]
 [51]
 [52]
 [49]
 [46]
 [54]
 [56]
 [49]
 [56]
 [55]
 [52]
 [45]
 [49]] 
------------------------ Dataset: oeh ------------------------
shape: (39, 1), dtype: uint16
Data:[[54]
 [53]
 [48]
 [54]
 [46]
 [55]
 [57]
 [52]
 [49]
 [54]
 [55]
 [57]
 [57]
 [57]
 [57]
 [57]
 [57]
 [45]
 [48]
 [32]
 [54]
 [53]
 [48]
 [54]
 [46]
 [55]
 [57]
 [48]
 [48]
 [57]
 [49]
 [57]
 [57]
 [57]
 [57]
 [57]
 [57]
 [45]
 [49]] 
------------------------ Dataset: oei ------------------------
shape: (26, 1), dtype: uint16
Data:[[54]
 [53]
 [50]
 [50]
 [46]
 [54]
 [48]
 [50]
 [48]
 [49]
 [45]
 [48]
 [32]
 [54]
 [53]
 [50]
 [50]
 [46]
 [54]
 [48]
 [54]
 [48]
 [55]
 [51]
 [45]
 [49]] 
------------------------ Dataset: oej ------------------------
shape: (40, 1), dtype: uint16
Data:[[54]
 [48]
 [49]
 [56]
 [46]
 [49]
 [56]
 [49]
 [57]
 [48]
 [52]
 [57]
 [57]
 [57]
 [57]
 [57]
 [57]
 [53]
 [45]
 [48]
 [32]
 [54]
 [48]
 [49]
 [56]
 [46]
 [49]
 [55]
 [55]
 [56]
 [49]
 [53]
 [57]
 [57]
 [57]
 [57]
 [57]
 [57]
 [45]
 [49]] 
------------------------ Dataset: oek ------------------------
shape: (33, 1), dtype: uint16
Data:[[54]
 [48]
 [51]
 [51]
 [46]
 [57]
 [56]
 [48]
 [54]
 [52]
 [53]
 [45]
 [48]
 [32]
 [54]
 [48]
 [51]
 [51]
 [46]
 [57]
 [56]
 [55]
 [50]
 [49]
 [50]
 [57]
 [57]
 [57]
 [57]
 [57]
 [57]
 [45]
 [49]] 
------------------------ Dataset: oel ------------------------
shape: (33, 1), dtype: uint16
Data:[[54]
 [48]
 [52]
 [57]
 [46]
 [53]
 [57]
 [51]
 [55]
 [55]
 [55]
 [45]
 [48]
 [32]
 [54]
 [48]
 [52]
 [57]
 [46]
 [53]
 [56]
 [57]
 [56]
 [56]
 [52]
 [57]
 [57]
 [57]
 [57]
 [57]
 [57]
 [45]
 [49]] 
------------------------ Dataset: oem ------------------------
shape: (13, 1), dtype: uint16
Data:[[54]
 [48]
 [54]
 [53]
 [46]
 [52]
 [56]
 [54]
 [57]
 [52]
 [57]
 [45]
 [49]] 
------------------------ Dataset: oen ------------------------
shape: (34, 1), dtype: uint16
Data:[[54]
 [48]
 [56]
 [49]
 [46]
 [52]
 [48]
 [57]
 [55]
 [52]
 [50]
 [45]
 [48]
 [32]
 [54]
 [48]
 [56]
 [49]
 [46]
 [52]
 [49]
 [51]
 [55]
 [53]
 [57]
 [57]
 [57]
 [57]
 [57]
 [57]
 [57]
 [53]
 [45]
 [49]] 
------------------------ Dataset: oeo ------------------------
shape: (27, 1), dtype: uint16
Data:[[53]
 [54]
 [52]
 [50]
 [46]
 [49]
 [51]
 [49]
 [50]
 [52]
 [57]
 [45]
 [48]
 [32]
 [53]
 [54]
 [52]
 [50]
 [46]
 [49]
 [51]
 [53]
 [52]
 [51]
 [57]
 [45]
 [49]] 
------------------------ Dataset: oep ------------------------
shape: (33, 1), dtype: uint16
Data:[[53]
 [54]
 [53]
 [55]
 [46]
 [56]
 [54]
 [54]
 [56]
 [50]
 [57]
 [45]
 [48]
 [32]
 [53]
 [54]
 [53]
 [55]
 [46]
 [56]
 [55]
 [48]
 [49]
 [56]
 [56]
 [57]
 [57]
 [57]
 [57]
 [57]
 [57]
 [45]
 [49]] 
------------------------ Dataset: oeq ------------------------
shape: (27, 1), dtype: uint16
Data:[[53]
 [54]
 [55]
 [51]
 [46]
 [53]
 [56]
 [57]
 [53]
 [54]
 [57]
 [45]
 [48]
 [32]
 [53]
 [54]
 [55]
 [51]
 [46]
 [53]
 [56]
 [57]
 [53]
 [55]
 [53]
 [45]
 [49]] 
------------------------ Dataset: oer ------------------------
shape: (41, 1), dtype: uint16
Data:[[53]
 [54]
 [56]
 [57]
 [46]
 [51]
 [54]
 [54]
 [53]
 [54]
 [55]
 [57]
 [57]
 [57]
 [57]
 [57]
 [57]
 [53]
 [45]
 [48]
 [32]
 [53]
 [54]
 [56]
 [57]
 [46]
 [51]
 [54]
 [56]
 [49]
 [55]
 [49]
 [57]
 [57]
 [57]
 [57]
 [57]
 [57]
 [53]
 [45]
 [49]] 
------------------------ Dataset: oes ------------------------
shape: (16, 1), dtype: uint16
Data:[[101]
 [121]
 [101]
 [ 95]
 [ 99]
 [101]
 [110]
 [116]
 [101]
 [114]
 [ 48]
 [ 95]
 [ 51]
 [100]
 [ 95]
 [122]] 
------------------------ Dataset: oet ------------------------
shape: (19, 1), dtype: uint16
Data:[[54]
 [54]
 [48]
 [52]
 [46]
 [54]
 [57]
 [48]
 [48]
 [56]
 [55]
 [57]
 [57]
 [57]
 [57]
 [57]
 [57]
 [45]
 [49]] 
------------------------ Dataset: oeu ------------------------
shape: (33, 1), dtype: uint16
Data:[[54]
 [54]
 [50]
 [48]
 [46]
 [54]
 [55]
 [48]
 [50]
 [52]
 [57]
 [45]
 [48]
 [32]
 [54]
 [54]
 [50]
 [48]
 [46]
 [54]
 [55]
 [56]
 [48]
 [50]
 [55]
 [57]
 [57]
 [57]
 [57]
 [57]
 [57]
 [45]
 [49]] 
------------------------ Dataset: oev ------------------------
shape: (27, 1), dtype: uint16
Data:[[54]
 [54]
 [51]
 [54]
 [46]
 [53]
 [49]
 [49]
 [50]
 [50]
 [55]
 [45]
 [48]
 [32]
 [54]
 [54]
 [51]
 [54]
 [46]
 [53]
 [49]
 [53]
 [57]
 [54]
 [49]
 [45]
 [49]] 
------------------------ Dataset: oew ------------------------
shape: (26, 1), dtype: uint16
Data:[[54]
 [54]
 [53]
 [50]
 [46]
 [49]
 [49]
 [48]
 [49]
 [53]
 [54]
 [45]
 [48]
 [32]
 [54]
 [54]
 [53]
 [50]
 [46]
 [49]
 [49]
 [57]
 [57]
 [54]
 [45]
 [49]] 
------------------------ Dataset: oex ------------------------
shape: (33, 1), dtype: uint16
Data:[[54]
 [54]
 [54]
 [55]
 [46]
 [57]
 [54]
 [54]
 [54]
 [55]
 [54]
 [45]
 [48]
 [32]
 [54]
 [54]
 [54]
 [55]
 [46]
 [57]
 [55]
 [48]
 [49]
 [56]
 [50]
 [57]
 [57]
 [57]
 [57]
 [57]
 [57]
 [45]
 [49]] 
------------------------ Dataset: oey ------------------------
shape: (33, 1), dtype: uint16
Data:[[54]
 [54]
 [56]
 [51]
 [46]
 [56]
 [56]
 [54]
 [49]
 [50]
 [53]
 [45]
 [48]
 [32]
 [54]
 [54]
 [56]
 [51]
 [46]
 [56]
 [57]
 [49]
 [48]
 [50]
 [53]
 [57]
 [57]
 [57]
 [57]
 [57]
 [57]
 [45]
 [49]] 
------------------------ Dataset: oez ------------------------
shape: (33, 1), dtype: uint16
Data:[[53]
 [57]
 [48]
 [49]
 [46]
 [56]
 [49]
 [56]
 [56]
 [51]
 [55]
 [57]
 [57]
 [57]
 [57]
 [57]
 [57]
 [45]
 [48]
 [32]
 [53]
 [57]
 [48]
 [49]
 [46]
 [56]
 [50]
 [49]
 [55]
 [49]
 [52]
 [45]
 [49]] 
------------------------ Dataset: of ------------------------
