shape: (1, 6), dtype: uint32
Data:[[3707764736          2          1          1       1971          1]] 
------------------------ Dataset: KGb ------------------------
shape: (26, 1), dtype: uint16
Data:[[54]
 [55]
 [55]
 [50]
 [46]
 [56]
 [50]
 [50]
 [49]
 [54]
 [53]
 [45]
 [48]
 [32]
 [54]
 [55]
 [55]
 [50]
 [46]
 [56]
 [49]
 [56]
 [49]
 [55]
 [45]
 [49]] 
------------------------ Dataset: KGc ------------------------
shape: (27, 1), dtype: uint16
Data:[[54]
 [50]
 [56]
 [53]
 [46]
 [54]
 [49]
 [51]
 [57]
 [51]
 [57]
 [45]
 [48]
 [32]
 [54]
 [50]
 [56]
 [53]
 [46]
 [54]
 [49]
 [48]
 [48]
 [56]
 [52]
 [45]
 [49]] 
------------------------ Dataset: KGd ------------------------
shape: (27, 1), dtype: uint16
Data:[[54]
 [51]
 [48]
 [49]
 [46]
 [51]
 [55]
 [48]
 [48]
 [48]
 [56]
 [45]
 [48]
 [32]
 [54]
 [51]
 [48]
 [49]
 [46]
 [51]
 [54]
 [54]
 [48]
 [53]
 [51]
 [45]
 [49]] 
------------------------ Dataset: KGe ------------------------
shape: (33, 1), dtype: uint16
Data:[[54]
 [51]
 [49]
 [55]
 [46]
 [50]
 [52]
 [50]
 [54]
 [56]
 [55]
 [57]
 [57]
 [57]
 [57]
 [57]
 [57]
 [45]
 [48]
 [32]
 [54]
 [51]
 [49]
 [55]
 [46]
 [50]
 [52]
 [50]
 [53]
 [56]
 [53]
 [45]
 [49]] 
------------------------ Dataset: KGf ------------------------
shape: (27, 1), dtype: uint16
Data:[[54]
 [51]
 [51]
 [51]
 [46]
 [48]
 [55]
 [53]
 [54]
 [55]
 [50]
 [45]
 [48]
 [32]
 [54]
 [51]
 [51]
 [51]
 [46]
 [48]
 [56]
 [50]
 [54]
 [51]
 [53]
 [45]
 [49]] 
------------------------ Dataset: KGg ------------------------
shape: (33, 1), dtype: uint16
Data:[[54]
 [52]
 [57]
 [56]
 [46]
 [50]
 [50]
 [50]
 [49]
 [51]
 [50]
 [45]
 [48]
 [32]
 [54]
 [52]
 [57]
 [56]
 [46]
 [50]
 [50]
 [50]
 [49]
 [51]
 [53]
 [57]
 [57]
 [57]
 [57]
 [57]
 [57]
 [45]
 [49]] 
------------------------ Dataset: KGh ------------------------
shape: (26, 1), dtype: uint16
Data:[[54]
 [53]
 [49]
 [52]
 [46]
 [48]
 [50]
 [56]
 [51]
 [51]
 [52]
 [45]
 [48]
 [32]
 [54]
 [53]
 [49]
 [52]
 [46]
 [48]
 [50]
 [55]
 [55]
 [55]
 [45]
 [49]] 
------------------------ Dataset: KGi ------------------------
shape: (33, 1), dtype: uint16
Data:[[54]
 [53]
 [50]
 [57]
 [46]
 [56]
 [51]
 [48]
 [50]
 [51]
 [57]
 [45]
 [48]
 [32]
 [54]
 [53]
 [50]
 [57]
 [46]
 [56]
 [50]
 [54]
 [48]
 [53]
 [57]
 [57]
 [57]
 [57]
 [57]
 [57]
 [57]
 [45]
 [49]] 
------------------------ Dataset: KGj ------------------------
shape: (34, 1), dtype: uint16
Data:[[54]
 [48]
 [50]
 [53]
 [46]
 [51]
 [57]
 [49]
 [57]
 [54]
 [51]
 [57]
 [57]
 [57]
 [57]
 [57]
 [57]
 [53]
 [45]
 [48]
 [32]
 [54]
 [48]
 [50]
 [53]
 [46]
 [51]
 [57]
 [50]
 [49]
 [51]
 [57]
 [45]
 [49]] 
------------------------ Dataset: KGk ------------------------
shape: (26, 1), dtype: uint16
Data:[[54]
 [48]
 [52]
 [49]
 [46]
 [49]
 [50]
 [57]
 [57]
 [48]
 [55]
 [45]
 [48]
 [32]
 [54]
 [48]
 [52]
 [49]
 [46]
 [49]
 [51]
 [51]
 [57]
 [51]
 [45]
 [49]] 
------------------------ Dataset: KGl ------------------------
shape: (27, 1), dtype: uint16
Data:[[54]
 [48]
 [53]
 [54]
 [46]
 [56]
 [53]
 [51]
 [55]
 [52]
 [57]
 [45]
 [48]
 [32]
 [54]
 [48]
 [53]
 [54]
 [46]
 [56]
 [52]
 [57]
 [56]
 [57]
 [52]
 [45]
 [49]] 
------------------------ Dataset: KGm ------------------------
shape: (40, 1), dtype: uint16
Data:[[54]
 [48]
 [55]
 [50]
 [46]
 [55]
 [52]
 [57]
 [57]
 [50]
 [53]
 [57]
 [57]
 [57]
 [57]
 [57]
 [57]
 [53]
 [45]
 [48]
 [32]
 [54]
 [48]
 [55]
 [50]
 [46]
 [55]
 [52]
 [53]
 [56]
 [52]
 [54]
 [57]
 [57]
 [57]
 [57]
 [57]
 [57]
 [45]
 [49]] 
------------------------ Dataset: KGn ------------------------
shape: (19, 1), dtype: uint16
Data:[[53]
 [54]
 [51]
 [51]
 [46]
 [54]
 [49]
 [55]
 [55]
 [48]
 [54]
 [57]
 [57]
 [57]
 [57]
 [57]
 [57]
 [45]
 [48]] 
------------------------ Dataset: KGo ------------------------
shape: (39, 1), dtype: uint16
Data:[[53]
 [54]
 [52]
 [57]
 [46]
 [51]
 [48]
 [49]
 [53]
 [49]
 [50]
 [57]
 [57]
 [57]
 [57]
 [57]
 [57]
 [45]
 [48]
 [32]
 [53]
 [54]
 [52]
 [57]
 [46]
 [51]
 [48]
 [49]
 [53]
 [49]
 [50]
 [57]
 [57]
 [57]
 [57]
 [57]
 [57]
 [45]
 [49]] 
------------------------ Dataset: KGp ------------------------
shape: (27, 1), dtype: uint16
Data:[[53]
 [54]
 [54]
 [53]
 [46]
 [48]
 [51]
 [48]
 [48]
 [48]
 [54]
 [45]
 [48]
 [32]
 [53]
 [54]
 [54]
 [53]
 [46]
 [48]
 [51]
 [51]
 [54]
 [54]
 [56]
 [45]
 [49]] 
------------------------ Dataset: KGq ------------------------
shape: (27, 1), dtype: uint16
Data:[[53]
 [54]
 [56]
 [48]
 [46]
 [55]
 [56]
 [49]
 [53]
 [56]
 [53]
 [45]
 [48]
 [32]
 [53]
 [54]
 [56]
 [48]
 [46]
 [55]
 [56]
 [53]
 [54]
 [52]
 [55]
 [45]
 [49]] 
------------------------ Dataset: KGr ------------------------
shape: (27, 1), dtype: uint16
Data:[[53]
 [56]
 [48]
 [55]
 [46]
 [48]
 [56]
 [53]
 [55]
 [49]
 [55]
 [45]
 [48]
 [32]
 [53]
 [56]
 [48]
 [55]
 [46]
 [48]
 [56]
 [57]
 [55]
 [51]
 [57]
 [45]
 [49]] 
------------------------ Dataset: KGs ------------------------
shape: (34, 1), dtype: uint16
Data:[[54]
 [52]
 [49]
 [57]
 [46]
 [56]
 [54]
 [53]
 [56]
 [54]
 [51]
 [45]
 [48]
 [32]
 [54]
 [52]
 [49]
 [57]
 [46]
 [56]
 [54]
 [49]
 [56]
 [55]
 [57]
 [57]
 [57]
 [57]
 [57]
 [57]
 [57]
 [53]
 [45]
 [49]] 
------------------------ Dataset: KGt ------------------------
shape: (27, 1), dtype: uint16
Data:[[54]
 [54]
 [49]
 [49]
 [46]
 [57]
 [54]
 [54]
 [48]
 [54]
 [49]
 [45]
 [48]
 [32]
 [54]
 [54]
 [49]
 [49]
 [46]
 [57]
 [55]
 [48]
 [48]
 [53]
 [53]
 [45]
 [49]] 
------------------------ Dataset: KGu ------------------------
shape: (33, 1), dtype: uint16
Data:[[54]
 [54]
 [50]
 [55]
 [46]
 [56]
 [55]
 [56]
 [57]
 [54]
 [51]
 [45]
 [48]
 [32]
 [54]
 [54]
 [50]
 [55]
 [46]
 [56]
 [56]
 [50]
 [53]
 [56]
 [49]
 [57]
 [57]
 [57]
 [57]
 [57]
 [57]
 [45]
 [49]] 
------------------------ Dataset: KGv ------------------------
shape: (27, 1), dtype: uint16
Data:[[54]
 [54]
 [52]
 [51]
 [46]
 [54]
 [51]
 [48]
 [50]
 [50]
 [53]
 [45]
 [48]
 [32]
 [54]
 [54]
 [52]
 [51]
 [46]
 [54]
 [51]
 [52]
 [51]
 [52]
 [56]
 [45]
 [49]] 
------------------------ Dataset: KGw ------------------------
shape: (34, 1), dtype: uint16
Data:[[54]
 [54]
 [53]
 [57]
 [46]
 [51]
 [55]
 [48]
 [48]
 [57]
 [49]
 [45]
 [48]
 [32]
 [54]
 [54]
 [53]
 [57]
 [46]
 [51]
 [55]
 [52]
 [50]
 [49]
 [51]
 [57]
 [57]
 [57]
 [57]
 [57]
 [57]
 [53]
 [45]
 [49]] 
------------------------ Dataset: KGx ------------------------
shape: (33, 1), dtype: uint16
Data:[[54]
 [54]
 [55]
 [53]
 [46]
 [50]
 [51]
 [53]
 [51]
 [55]
 [54]
 [45]
 [48]
 [32]
 [54]
 [54]
 [55]
 [53]
 [46]
 [50]
 [51]
 [48]
 [50]
 [50]
 [55]
 [57]
 [57]
 [57]
 [57]
 [57]
 [57]
 [45]
 [49]] 
------------------------ Dataset: KGy ------------------------
shape: (39, 1), dtype: uint16
Data:[[54]
 [54]
 [57]
 [49]
 [46]
 [49]
 [53]
 [52]
 [49]
 [50]
 [50]
 [57]
 [57]
 [57]
 [57]
 [57]
 [57]
 [45]
 [48]
 [32]
 [54]
 [54]
 [57]
 [49]
 [46]
 [49]
 [53]
 [48]
 [51]
 [51]
 [49]
 [57]
 [57]
 [57]
 [57]
 [57]
 [57]
 [45]
 [49]] 
------------------------ Dataset: KGz ------------------------
shape: (33, 1), dtype: uint16
Data:[[53]
 [57]
 [48]
 [57]
 [46]
 [48]
 [51]
 [48]
 [49]
 [49]
 [51]
 [45]
 [48]
 [32]
 [53]
 [57]
 [48]
 [57]
 [46]
 [48]
 [51]
 [51]
 [55]
 [50]
 [55]
 [57]
 [57]
 [57]
 [57]
 [57]
 [57]
 [45]
 [49]] 
------------------------ Dataset: KH ------------------------
