shape: (1, 6), dtype: uint32
Data:[[3707764736          2          1          1        898          1]] 
------------------------ Dataset: 2ob ------------------------
shape: (25, 1), dtype: uint16
Data:[[54]
 [55]
 [54]
 [56]
 [46]
 [51]
 [48]
 [50]
 [50]
 [45]
 [48]
 [32]
 [54]
 [55]
 [54]
 [56]
 [46]
 [51]
 [48]
 [56]
 [55]
 [57]
 [52]
 [45]
 [49]] 
------------------------ Dataset: 2oc ------------------------
shape: (13, 1), dtype: uint16
Data:[[54]
 [50]
 [56]
 [49]
 [46]
 [48]
 [56]
 [51]
 [54]
 [48]
 [56]
 [45]
 [48]] 
------------------------ Dataset: 2od ------------------------
shape: (27, 1), dtype: uint16
Data:[[54]
 [50]
 [57]
 [54]
 [46]
 [56]
 [54]
 [49]
 [57]
 [48]
 [54]
 [45]
 [48]
 [32]
 [54]
 [50]
 [57]
 [54]
 [46]
 [56]
 [54]
 [53]
 [57]
 [55]
 [51]
 [45]
 [49]] 
------------------------ Dataset: 2oe ------------------------
shape: (39, 1), dtype: uint16
Data:[[54]
 [51]
 [49]
 [50]
 [46]
 [55]
 [51]
 [52]
 [48]
 [56]
 [50]
 [57]
 [57]
 [57]
 [57]
 [57]
 [57]
 [45]
 [48]
 [32]
 [54]
 [51]
 [49]
 [50]
 [46]
 [55]
 [51]
 [48]
 [53]
 [57]
 [53]
 [57]
 [57]
 [57]
 [57]
 [57]
 [57]
 [45]
 [49]] 
------------------------ Dataset: 2of ------------------------
shape: (26, 1), dtype: uint16
Data:[[54]
 [51]
 [50]
 [56]
 [46]
 [53]
 [55]
 [51]
 [57]
 [50]
 [45]
 [48]
 [32]
 [54]
 [51]
 [50]
 [56]
 [46]
 [53]
 [54]
 [57]
 [57]
 [49]
 [53]
 [45]
 [49]] 
------------------------ Dataset: 2og ------------------------
shape: (33, 1), dtype: uint16
Data:[[54]
 [51]
 [52]
 [52]
 [46]
 [51]
 [57]
 [51]
 [56]
 [56]
 [54]
 [57]
 [57]
 [57]
 [57]
 [57]
 [57]
 [45]
 [48]
 [32]
 [54]
 [51]
 [52]
 [52]
 [46]
 [51]
 [57]
 [51]
 [57]
 [48]
 [50]
 [45]
 [49]] 
------------------------ Dataset: 2oh ------------------------
shape: (33, 1), dtype: uint16
Data:[[54]
 [53]
 [48]
 [57]
 [46]
 [52]
 [57]
 [56]
 [48]
 [55]
 [49]
 [45]
 [48]
 [32]
 [54]
 [53]
 [48]
 [57]
 [46]
 [52]
 [57]
 [51]
 [57]
 [57]
 [53]
 [57]
 [57]
 [57]
 [57]
 [57]
 [57]
 [45]
 [49]] 
------------------------ Dataset: 2oi ------------------------
shape: (33, 1), dtype: uint16
Data:[[54]
 [53]
 [50]
 [53]
 [46]
 [51]
 [48]
 [50]
 [49]
 [49]
 [56]
 [45]
 [48]
 [32]
 [54]
 [53]
 [50]
 [53]
 [46]
 [50]
 [57]
 [52]
 [48]
 [54]
 [55]
 [57]
 [57]
 [57]
 [57]
 [57]
 [57]
 [45]
 [49]] 
------------------------ Dataset: 2oj ------------------------
shape: (33, 1), dtype: uint16
Data:[[54]
 [48]
 [50]
 [48]
 [46]
 [56]
 [56]
 [57]
 [56]
 [54]
 [49]
 [45]
 [48]
 [32]
 [54]
 [48]
 [50]
 [48]
 [46]
 [56]
 [57]
 [55]
 [55]
 [55]
 [49]
 [57]
 [57]
 [57]
 [57]
 [57]
 [57]
 [45]
 [49]] 
------------------------ Dataset: 2ok ------------------------
shape: (27, 1), dtype: uint16
Data:[[54]
 [48]
 [51]
 [54]
 [46]
 [54]
 [56]
 [49]
 [55]
 [51]
 [49]
 [45]
 [48]
 [32]
 [54]
 [48]
 [51]
 [54]
 [46]
 [54]
 [56]
 [53]
 [57]
 [55]
 [49]
 [45]
 [49]] 
------------------------ Dataset: 2ol ------------------------
shape: (39, 1), dtype: uint16
Data:[[54]
 [48]
 [53]
 [50]
 [46]
 [50]
 [57]
 [55]
 [55]
 [55]
 [53]
 [57]
 [57]
 [57]
 [57]
 [57]
 [57]
 [45]
 [48]
 [32]
 [54]
 [48]
 [53]
 [50]
 [46]
 [51]
 [48]
 [49]
 [55]
 [50]
 [49]
 [57]
 [57]
 [57]
 [57]
 [57]
 [57]
 [45]
 [49]] 
------------------------ Dataset: 2om ------------------------
shape: (33, 1), dtype: uint16
Data:[[54]
 [48]
 [54]
 [56]
 [46]
 [50]
 [48]
 [57]
 [55]
 [53]
 [51]
 [45]
 [48]
 [32]
 [54]
 [48]
 [54]
 [56]
 [46]
 [50]
 [48]
 [53]
 [55]
 [55]
 [57]
 [57]
 [57]
 [57]
 [57]
 [57]
 [57]
 [45]
 [49]] 
------------------------ Dataset: 2on ------------------------
shape: (26, 1), dtype: uint16
Data:[[54]
 [48]
 [56]
 [52]
 [46]
 [49]
 [52]
 [56]
 [55]
 [55]
 [54]
 [45]
 [48]
 [32]
 [54]
 [48]
 [56]
 [52]
 [46]
 [49]
 [52]
 [56]
 [55]
 [51]
 [45]
 [49]] 
------------------------ Dataset: 2oo ------------------------
shape: (27, 1), dtype: uint16
Data:[[53]
 [54]
 [52]
 [52]
 [46]
 [56]
 [50]
 [53]
 [53]
 [57]
 [55]
 [45]
 [48]
 [32]
 [53]
 [54]
 [52]
 [52]
 [46]
 [56]
 [50]
 [49]
 [54]
 [54]
 [49]
 [45]
 [49]] 
------------------------ Dataset: 2op ------------------------
shape: (33, 1), dtype: uint16
Data:[[53]
 [54]
 [54]
 [48]
 [46]
 [53]
 [54]
 [54]
 [53]
 [56]
 [51]
 [57]
 [57]
 [57]
 [57]
 [57]
 [57]
 [45]
 [48]
 [32]
 [53]
 [54]
 [54]
 [48]
 [46]
 [53]
 [55]
 [53]
 [48]
 [53]
 [57]
 [45]
 [49]] 
------------------------ Dataset: 2oq ------------------------
shape: (39, 1), dtype: uint16
Data:[[53]
 [54]
 [55]
 [54]
 [46]
 [50]
 [54]
 [49]
 [53]
 [55]
 [49]
 [57]
 [57]
 [57]
 [57]
 [57]
 [57]
 [45]
 [48]
 [32]
 [53]
 [54]
 [55]
 [54]
 [46]
 [50]
 [54]
 [53]
 [53]
 [56]
 [55]
 [57]
 [57]
 [57]
 [57]
 [57]
 [57]
 [45]
 [49]] 
------------------------ Dataset: 2or ------------------------
shape: (32, 1), dtype: uint16
Data:[[53]
 [54]
 [57]
 [50]
 [46]
 [48]
 [53]
 [53]
 [57]
 [48]
 [55]
 [57]
 [57]
 [57]
 [57]
 [57]
 [57]
 [45]
 [48]
 [32]
 [53]
 [54]
 [57]
 [50]
 [46]
 [48]
 [53]
 [52]
 [56]
 [56]
 [45]
 [49]] 
------------------------ Dataset: 2os ------------------------
shape: (27, 1), dtype: uint16
Data:[[54]
 [52]
 [49]
 [53]
 [46]
 [51]
 [52]
 [57]
 [56]
 [53]
 [49]
 [45]
 [48]
 [32]
 [54]
 [52]
 [49]
 [53]
 [46]
 [51]
 [53]
 [48]
 [49]
 [51]
 [56]
 [45]
 [49]] 
------------------------ Dataset: 2ot ------------------------
shape: (27, 1), dtype: uint16
Data:[[54]
 [54]
 [48]
 [55]
 [46]
 [52]
 [49]
 [54]
 [49]
 [56]
 [49]
 [45]
 [48]
 [32]
 [54]
 [54]
 [48]
 [55]
 [46]
 [52]
 [49]
 [56]
 [51]
 [49]
 [56]
 [45]
 [49]] 
------------------------ Dataset: 2ou ------------------------
shape: (32, 1), dtype: uint16
Data:[[54]
 [54]
 [50]
 [51]
 [46]
 [51]
 [53]
 [56]
 [49]
 [57]
 [48]
 [57]
 [57]
 [57]
 [57]
 [57]
 [57]
 [45]
 [48]
 [32]
 [54]
 [54]
 [50]
 [51]
 [46]
 [51]
 [54]
 [50]
 [49]
 [56]
 [45]
 [49]] 
------------------------ Dataset: 2ov ------------------------
shape: (25, 1), dtype: uint16
Data:[[54]
 [54]
 [51]
 [57]
 [46]
 [49]
 [57]
 [56]
 [49]
 [45]
 [48]
 [32]
 [54]
 [54]
 [51]
 [57]
 [46]
 [49]
 [57]
 [52]
 [51]
 [54]
 [52]
 [45]
 [49]] 
------------------------ Dataset: 2ow ------------------------
shape: (39, 1), dtype: uint16
Data:[[54]
 [54]
 [53]
 [52]
 [46]
 [56]
 [49]
 [48]
 [49]
 [49]
 [52]
 [57]
 [57]
 [57]
 [57]
 [57]
 [57]
 [45]
 [48]
 [32]
 [54]
 [54]
 [53]
 [52]
 [46]
 [56]
 [49]
 [48]
 [49]
 [49]
 [52]
 [57]
 [57]
 [57]
 [57]
 [57]
 [57]
 [45]
 [49]] 
------------------------ Dataset: 2ox ------------------------
shape: (27, 1), dtype: uint16
Data:[[54]
 [54]
 [55]
 [48]
 [46]
 [55]
 [48]
 [48]
 [52]
 [48]
 [54]
 [45]
 [48]
 [32]
 [54]
 [54]
 [55]
 [48]
 [46]
 [55]
 [48]
 [54]
 [49]
 [49]
 [55]
 [45]
 [49]] 
------------------------ Dataset: 2oy ------------------------
shape: (26, 1), dtype: uint16
Data:[[54]
 [54]
 [56]
 [54]
 [46]
 [54]
 [49]
 [53]
 [52]
 [50]
 [45]
 [48]
 [32]
 [54]
 [54]
 [56]
 [54]
 [46]
 [54]
 [49]
 [49]
 [56]
 [55]
 [53]
 [45]
 [49]] 
------------------------ Dataset: 2oz ------------------------
shape: (33, 1), dtype: uint16
Data:[[53]
 [57]
 [48]
 [52]
 [46]
 [53]
 [50]
 [53]
 [55]
 [52]
 [53]
 [57]
 [57]
 [57]
 [57]
 [57]
 [57]
 [45]
 [48]
 [32]
 [53]
 [57]
 [48]
 [52]
 [46]
 [53]
 [50]
 [53]
 [55]
 [52]
 [52]
 [45]
 [49]] 
------------------------ Dataset: 2p ------------------------
