shape: (1, 6), dtype: uint32
Data:[[3707764736          2          1          1       1667          1]] 
------------------------ Dataset: JBb ------------------------
shape: (33, 1), dtype: uint16
Data:[[54]
 [55]
 [55]
 [49]
 [46]
 [53]
 [51]
 [56]
 [51]
 [49]
 [51]
 [57]
 [57]
 [57]
 [57]
 [57]
 [57]
 [45]
 [48]
 [32]
 [54]
 [55]
 [55]
 [49]
 [46]
 [53]
 [52]
 [50]
 [49]
 [53]
 [50]
 [45]
 [49]] 
------------------------ Dataset: JBc ------------------------
shape: (33, 1), dtype: uint16
Data:[[54]
 [50]
 [56]
 [52]
 [46]
 [51]
 [50]
 [50]
 [52]
 [50]
 [52]
 [57]
 [57]
 [57]
 [57]
 [57]
 [57]
 [45]
 [48]
 [32]
 [54]
 [50]
 [56]
 [52]
 [46]
 [51]
 [50]
 [55]
 [51]
 [55]
 [50]
 [45]
 [49]] 
------------------------ Dataset: JBd ------------------------
shape: (19, 1), dtype: uint16
Data:[[54]
 [51]
 [48]
 [48]
 [46]
 [48]
 [56]
 [57]
 [57]
 [53]
 [57]
 [57]
 [57]
 [57]
 [57]
 [57]
 [57]
 [45]
 [48]] 
------------------------ Dataset: JBe ------------------------
shape: (27, 1), dtype: uint16
Data:[[54]
 [51]
 [49]
 [53]
 [46]
 [57]
 [54]
 [57]
 [56]
 [55]
 [50]
 [45]
 [48]
 [32]
 [54]
 [51]
 [49]
 [53]
 [46]
 [57]
 [54]
 [54]
 [50]
 [48]
 [53]
 [45]
 [49]] 
------------------------ Dataset: JBf ------------------------
shape: (33, 1), dtype: uint16
Data:[[54]
 [51]
 [51]
 [49]
 [46]
 [55]
 [56]
 [57]
 [56]
 [50]
 [53]
 [57]
 [57]
 [57]
 [57]
 [57]
 [57]
 [45]
 [48]
 [32]
 [54]
 [51]
 [51]
 [49]
 [46]
 [55]
 [57]
 [55]
 [56]
 [53]
 [50]
 [45]
 [49]] 
------------------------ Dataset: JBg ------------------------
shape: (27, 1), dtype: uint16
Data:[[54]
 [52]
 [57]
 [54]
 [46]
 [57]
 [52]
 [57]
 [57]
 [56]
 [54]
 [45]
 [48]
 [32]
 [54]
 [52]
 [57]
 [54]
 [46]
 [57]
 [53]
 [51]
 [57]
 [54]
 [51]
 [45]
 [49]] 
------------------------ Dataset: JBh ------------------------
shape: (20, 1), dtype: uint16
Data:[[54]
 [53]
 [49]
 [50]
 [46]
 [55]
 [50]
 [54]
 [49]
 [50]
 [50]
 [57]
 [57]
 [57]
 [57]
 [57]
 [57]
 [53]
 [45]
 [48]] 
------------------------ Dataset: JBi ------------------------
shape: (33, 1), dtype: uint16
Data:[[54]
 [53]
 [50]
 [56]
 [46]
 [53]
 [52]
 [54]
 [48]
 [53]
 [53]
 [57]
 [57]
 [57]
 [57]
 [57]
 [57]
 [45]
 [48]
 [32]
 [54]
 [53]
 [50]
 [56]
 [46]
 [53]
 [53]
 [48]
 [48]
 [50]
 [51]
 [45]
 [49]] 
------------------------ Dataset: JBj ------------------------
shape: (27, 1), dtype: uint16
Data:[[54]
 [48]
 [50]
 [52]
 [46]
 [49]
 [50]
 [56]
 [52]
 [54]
 [56]
 [45]
 [48]
 [32]
 [54]
 [48]
 [50]
 [52]
 [46]
 [49]
 [51]
 [49]
 [51]
 [51]
 [57]
 [45]
 [49]] 
------------------------ Dataset: JBk ------------------------
shape: (33, 1), dtype: uint16
Data:[[54]
 [48]
 [51]
 [57]
 [46]
 [56]
 [55]
 [56]
 [51]
 [49]
 [52]
 [45]
 [48]
 [32]
 [54]
 [48]
 [51]
 [57]
 [46]
 [56]
 [55]
 [51]
 [56]
 [50]
 [48]
 [57]
 [57]
 [57]
 [57]
 [57]
 [57]
 [45]
 [49]] 
------------------------ Dataset: JBl ------------------------
shape: (34, 1), dtype: uint16
Data:[[54]
 [48]
 [53]
 [53]
 [46]
 [53]
 [51]
 [56]
 [55]
 [53]
 [57]
 [45]
 [48]
 [32]
 [54]
 [48]
 [53]
 [53]
 [46]
 [53]
 [52]
 [54]
 [51]
 [54]
 [50]
 [57]
 [57]
 [57]
 [57]
 [57]
 [57]
 [53]
 [45]
 [49]] 
------------------------ Dataset: JBm ------------------------
shape: (34, 1), dtype: uint16
Data:[[54]
 [48]
 [55]
 [49]
 [46]
 [52]
 [55]
 [57]
 [54]
 [55]
 [54]
 [45]
 [48]
 [32]
 [54]
 [48]
 [55]
 [49]
 [46]
 [52]
 [56]
 [55]
 [56]
 [53]
 [55]
 [57]
 [57]
 [57]
 [57]
 [57]
 [57]
 [53]
 [45]
 [49]] 
------------------------ Dataset: JBn ------------------------
shape: (26, 1), dtype: uint16
Data:[[53]
 [54]
 [51]
 [50]
 [46]
 [51]
 [53]
 [49]
 [54]
 [57]
 [52]
 [45]
 [48]
 [32]
 [53]
 [54]
 [51]
 [50]
 [46]
 [51]
 [53]
 [49]
 [54]
 [53]
 [45]
 [49]] 
------------------------ Dataset: JBo ------------------------
shape: (33, 1), dtype: uint16
Data:[[53]
 [54]
 [52]
 [56]
 [46]
 [48]
 [51]
 [55]
 [54]
 [53]
 [53]
 [45]
 [48]
 [32]
 [53]
 [54]
 [52]
 [56]
 [46]
 [48]
 [51]
 [51]
 [53]
 [55]
 [49]
 [57]
 [57]
 [57]
 [57]
 [57]
 [57]
 [45]
 [49]] 
------------------------ Dataset: JBp ------------------------
shape: (34, 1), dtype: uint16
Data:[[53]
 [54]
 [54]
 [51]
 [46]
 [55]
 [54]
 [57]
 [54]
 [53]
 [53]
 [57]
 [57]
 [57]
 [57]
 [57]
 [57]
 [53]
 [45]
 [48]
 [32]
 [53]
 [54]
 [54]
 [51]
 [46]
 [55]
 [54]
 [53]
 [55]
 [53]
 [51]
 [45]
 [49]] 
------------------------ Dataset: JBq ------------------------
shape: (33, 1), dtype: uint16
Data:[[53]
 [54]
 [55]
 [57]
 [46]
 [53]
 [49]
 [51]
 [53]
 [48]
 [48]
 [57]
 [57]
 [57]
 [57]
 [57]
 [57]
 [45]
 [48]
 [32]
 [53]
 [54]
 [55]
 [57]
 [46]
 [53]
 [48]
 [57]
 [53]
 [56]
 [53]
 [45]
 [49]] 
------------------------ Dataset: JBr ------------------------
shape: (39, 1), dtype: uint16
Data:[[53]
 [56]
 [48]
 [53]
 [46]
 [56]
 [49]
 [56]
 [49]
 [55]
 [52]
 [57]
 [57]
 [57]
 [57]
 [57]
 [57]
 [45]
 [48]
 [32]
 [53]
 [56]
 [48]
 [53]
 [46]
 [56]
 [49]
 [51]
 [57]
 [48]
 [50]
 [57]
 [57]
 [57]
 [57]
 [57]
 [57]
 [45]
 [49]] 
------------------------ Dataset: JBs ------------------------
shape: (39, 1), dtype: uint16
Data:[[54]
 [52]
 [49]
 [56]
 [46]
 [53]
 [55]
 [53]
 [52]
 [52]
 [54]
 [57]
 [57]
 [57]
 [57]
 [57]
 [57]
 [45]
 [48]
 [32]
 [54]
 [52]
 [49]
 [56]
 [46]
 [53]
 [55]
 [56]
 [56]
 [54]
 [49]
 [57]
 [57]
 [57]
 [57]
 [57]
 [57]
 [45]
 [49]] 
------------------------ Dataset: JBt ------------------------
shape: (34, 1), dtype: uint16
Data:[[54]
 [54]
 [49]
 [48]
 [46]
 [54]
 [55]
 [54]
 [51]
 [53]
 [57]
 [57]
 [57]
 [57]
 [57]
 [57]
 [57]
 [53]
 [45]
 [48]
 [32]
 [54]
 [54]
 [49]
 [48]
 [46]
 [54]
 [55]
 [53]
 [57]
 [53]
 [56]
 [45]
 [49]] 
------------------------ Dataset: JBu ------------------------
shape: (26, 1), dtype: uint16
Data:[[54]
 [54]
 [50]
 [54]
 [46]
 [53]
 [57]
 [52]
 [50]
 [50]
 [45]
 [48]
 [32]
 [54]
 [54]
 [50]
 [54]
 [46]
 [53]
 [57]
 [56]
 [49]
 [53]
 [56]
 [45]
 [49]] 
------------------------ Dataset: JBv ------------------------
shape: (27, 1), dtype: uint16
Data:[[54]
 [54]
 [52]
 [50]
 [46]
 [51]
 [55]
 [56]
 [48]
 [56]
 [52]
 [45]
 [48]
 [32]
 [54]
 [54]
 [52]
 [50]
 [46]
 [51]
 [55]
 [52]
 [51]
 [52]
 [57]
 [45]
 [49]] 
------------------------ Dataset: JBw ------------------------
shape: (34, 1), dtype: uint16
Data:[[54]
 [54]
 [53]
 [56]
 [46]
 [48]
 [56]
 [54]
 [56]
 [53]
 [51]
 [45]
 [48]
 [32]
 [54]
 [54]
 [53]
 [56]
 [46]
 [48]
 [55]
 [56]
 [49]
 [55]
 [57]
 [57]
 [57]
 [57]
 [57]
 [57]
 [57]
 [53]
 [45]
 [49]] 
------------------------ Dataset: JBx ------------------------
shape: (40, 1), dtype: uint16
Data:[[54]
 [54]
 [55]
 [51]
 [46]
 [57]
 [53]
 [56]
 [50]
 [57]
 [57]
 [57]
 [57]
 [57]
 [57]
 [57]
 [57]
 [45]
 [48]
 [32]
 [54]
 [54]
 [55]
 [51]
 [46]
 [57]
 [53]
 [56]
 [54]
 [56]
 [57]
 [57]
 [57]
 [57]
 [57]
 [57]
 [57]
 [53]
 [45]
 [49]] 
------------------------ Dataset: JBy ------------------------
shape: (33, 1), dtype: uint16
Data:[[54]
 [54]
 [56]
 [57]
 [46]
 [56]
 [55]
 [48]
 [50]
 [51]
 [52]
 [45]
 [48]
 [32]
 [54]
 [54]
 [56]
 [57]
 [46]
 [56]
 [55]
 [57]
 [50]
 [57]
 [48]
 [57]
 [57]
 [57]
 [57]
 [57]
 [57]
 [45]
 [49]] 
------------------------ Dataset: JBz ------------------------
shape: (33, 1), dtype: uint16
Data:[[53]
 [57]
 [48]
 [55]
 [46]
 [55]
 [54]
 [57]
 [55]
 [54]
 [50]
 [57]
 [57]
 [57]
 [57]
 [57]
 [57]
 [45]
 [48]
 [32]
 [53]
 [57]
 [48]
 [55]
 [46]
 [55]
 [55]
 [51]
 [55]
 [54]
 [55]
 [45]
 [49]] 
------------------------ Dataset: JC ------------------------
