shape: (1, 6), dtype: uint32
Data:[[3707764736          2          1          1       1445          1]] 
------------------------ Dataset: 5xb ------------------------
shape: (26, 1), dtype: uint16
Data:[[54]
 [55]
 [55]
 [48]
 [46]
 [54]
 [49]
 [56]
 [50]
 [54]
 [50]
 [45]
 [48]
 [32]
 [54]
 [55]
 [55]
 [48]
 [46]
 [54]
 [49]
 [52]
 [50]
 [56]
 [45]
 [49]] 
------------------------ Dataset: 5xc ------------------------
shape: (33, 1), dtype: uint16
Data:[[54]
 [50]
 [56]
 [51]
 [46]
 [51]
 [56]
 [53]
 [56]
 [52]
 [56]
 [57]
 [57]
 [57]
 [57]
 [57]
 [57]
 [45]
 [48]
 [32]
 [54]
 [50]
 [56]
 [51]
 [46]
 [51]
 [56]
 [57]
 [56]
 [56]
 [57]
 [45]
 [49]] 
------------------------ Dataset: 5xd ------------------------
shape: (26, 1), dtype: uint16
Data:[[54]
 [50]
 [57]
 [57]
 [46]
 [49]
 [54]
 [57]
 [56]
 [55]
 [45]
 [48]
 [32]
 [54]
 [50]
 [57]
 [57]
 [46]
 [49]
 [55]
 [52]
 [48]
 [48]
 [56]
 [45]
 [49]] 
------------------------ Dataset: 5xe ------------------------
shape: (34, 1), dtype: uint16
Data:[[54]
 [51]
 [49]
 [53]
 [46]
 [48]
 [52]
 [49]
 [57]
 [57]
 [49]
 [57]
 [57]
 [57]
 [57]
 [57]
 [57]
 [53]
 [45]
 [48]
 [32]
 [54]
 [51]
 [49]
 [53]
 [46]
 [48]
 [51]
 [56]
 [51]
 [50]
 [56]
 [45]
 [49]] 
------------------------ Dataset: 5xf ------------------------
shape: (33, 1), dtype: uint16
Data:[[54]
 [51]
 [51]
 [48]
 [46]
 [56]
 [54]
 [50]
 [49]
 [57]
 [51]
 [45]
 [48]
 [32]
 [54]
 [51]
 [51]
 [48]
 [46]
 [56]
 [54]
 [50]
 [49]
 [57]
 [51]
 [57]
 [57]
 [57]
 [57]
 [57]
 [57]
 [45]
 [49]] 
------------------------ Dataset: 5xg ------------------------
shape: (33, 1), dtype: uint16
Data:[[54]
 [51]
 [52]
 [54]
 [46]
 [55]
 [48]
 [51]
 [55]
 [48]
 [56]
 [57]
 [57]
 [57]
 [57]
 [57]
 [57]
 [45]
 [48]
 [32]
 [54]
 [51]
 [52]
 [54]
 [46]
 [54]
 [57]
 [57]
 [50]
 [50]
 [57]
 [45]
 [49]] 
------------------------ Dataset: 5xh ------------------------
shape: (33, 1), dtype: uint16
Data:[[54]
 [53]
 [49]
 [49]
 [46]
 [55]
 [57]
 [48]
 [48]
 [50]
 [49]
 [57]
 [57]
 [57]
 [57]
 [57]
 [57]
 [45]
 [48]
 [32]
 [54]
 [53]
 [49]
 [49]
 [46]
 [55]
 [56]
 [54]
 [49]
 [48]
 [54]
 [45]
 [49]] 
------------------------ Dataset: 5xi ------------------------
shape: (27, 1), dtype: uint16
Data:[[54]
 [53]
 [50]
 [55]
 [46]
 [54]
 [51]
 [49]
 [50]
 [50]
 [55]
 [45]
 [48]
 [32]
 [54]
 [53]
 [50]
 [55]
 [46]
 [54]
 [49]
 [56]
 [54]
 [55]
 [54]
 [45]
 [49]] 
------------------------ Dataset: 5xj ------------------------
shape: (27, 1), dtype: uint16
Data:[[54]
 [48]
 [50]
 [51]
 [46]
 [49]
 [56]
 [57]
 [54]
 [57]
 [55]
 [45]
 [48]
 [32]
 [54]
 [48]
 [50]
 [51]
 [46]
 [49]
 [57]
 [51]
 [55]
 [57]
 [49]
 [45]
 [49]] 
------------------------ Dataset: 5xk ------------------------
shape: (27, 1), dtype: uint16
Data:[[54]
 [48]
 [51]
 [56]
 [46]
 [57]
 [53]
 [56]
 [48]
 [48]
 [49]
 [45]
 [48]
 [32]
 [54]
 [48]
 [51]
 [56]
 [46]
 [57]
 [54]
 [50]
 [48]
 [51]
 [51]
 [45]
 [49]] 
------------------------ Dataset: 5xl ------------------------
shape: (33, 1), dtype: uint16
Data:[[54]
 [48]
 [53]
 [52]
 [46]
 [54]
 [48]
 [57]
 [55]
 [52]
 [56]
 [57]
 [57]
 [57]
 [57]
 [57]
 [57]
 [45]
 [48]
 [32]
 [54]
 [48]
 [53]
 [52]
 [46]
 [54]
 [48]
 [57]
 [55]
 [56]
 [51]
 [45]
 [49]] 
------------------------ Dataset: 5xm ------------------------
shape: (27, 1), dtype: uint16
Data:[[54]
 [48]
 [55]
 [48]
 [46]
 [53]
 [54]
 [49]
 [54]
 [53]
 [52]
 [45]
 [48]
 [32]
 [54]
 [48]
 [55]
 [48]
 [46]
 [53]
 [53]
 [53]
 [51]
 [56]
 [51]
 [45]
 [49]] 
------------------------ Dataset: 5xn ------------------------
shape: (27, 1), dtype: uint16
Data:[[53]
 [54]
 [51]
 [49]
 [46]
 [52]
 [50]
 [57]
 [53]
 [49]
 [50]
 [45]
 [48]
 [32]
 [53]
 [54]
 [51]
 [49]
 [46]
 [52]
 [50]
 [53]
 [53]
 [56]
 [55]
 [45]
 [49]] 
------------------------ Dataset: 5xo ------------------------
shape: (27, 1), dtype: uint16
Data:[[53]
 [54]
 [52]
 [55]
 [46]
 [49]
 [48]
 [49]
 [54]
 [52]
 [54]
 [45]
 [48]
 [32]
 [53]
 [54]
 [52]
 [55]
 [46]
 [49]
 [48]
 [53]
 [55]
 [56]
 [50]
 [45]
 [49]] 
------------------------ Dataset: 5xp ------------------------
shape: (34, 1), dtype: uint16
Data:[[53]
 [54]
 [54]
 [50]
 [46]
 [56]
 [52]
 [49]
 [52]
 [55]
 [57]
 [45]
 [48]
 [32]
 [53]
 [54]
 [54]
 [50]
 [46]
 [56]
 [52]
 [49]
 [52]
 [57]
 [57]
 [57]
 [57]
 [57]
 [57]
 [57]
 [57]
 [53]
 [45]
 [49]] 
------------------------ Dataset: 5xq ------------------------
shape: (33, 1), dtype: uint16
Data:[[53]
 [54]
 [55]
 [56]
 [46]
 [53]
 [56]
 [49]
 [54]
 [51]
 [49]
 [45]
 [48]
 [32]
 [53]
 [54]
 [55]
 [56]
 [46]
 [53]
 [56]
 [53]
 [49]
 [53]
 [51]
 [57]
 [57]
 [57]
 [57]
 [57]
 [57]
 [45]
 [49]] 
------------------------ Dataset: 5xr ------------------------
shape: (33, 1), dtype: uint16
Data:[[53]
 [54]
 [57]
 [52]
 [46]
 [51]
 [50]
 [57]
 [54]
 [56]
 [56]
 [57]
 [57]
 [57]
 [57]
 [57]
 [57]
 [45]
 [48]
 [32]
 [53]
 [54]
 [57]
 [52]
 [46]
 [51]
 [51]
 [51]
 [54]
 [50]
 [52]
 [45]
 [49]] 
------------------------ Dataset: 5xs ------------------------
shape: (33, 1), dtype: uint16
Data:[[54]
 [52]
 [49]
 [55]
 [46]
 [54]
 [52]
 [53]
 [56]
 [55]
 [55]
 [57]
 [57]
 [57]
 [57]
 [57]
 [57]
 [45]
 [48]
 [32]
 [54]
 [52]
 [49]
 [55]
 [46]
 [54]
 [52]
 [49]
 [57]
 [56]
 [57]
 [45]
 [49]] 
------------------------ Dataset: 5xt ------------------------
shape: (26, 1), dtype: uint16
Data:[[54]
 [54]
 [48]
 [57]
 [46]
 [55]
 [51]
 [57]
 [53]
 [55]
 [56]
 [45]
 [48]
 [32]
 [54]
 [54]
 [48]
 [57]
 [46]
 [55]
 [51]
 [52]
 [49]
 [52]
 [45]
 [49]] 
------------------------ Dataset: 5xu ------------------------
shape: (27, 1), dtype: uint16
Data:[[54]
 [54]
 [50]
 [53]
 [46]
 [54]
 [56]
 [50]
 [52]
 [51]
 [51]
 [45]
 [48]
 [32]
 [54]
 [54]
 [50]
 [53]
 [46]
 [54]
 [55]
 [57]
 [48]
 [49]
 [54]
 [45]
 [49]] 
------------------------ Dataset: 5xv ------------------------
shape: (27, 1), dtype: uint16
Data:[[54]
 [54]
 [52]
 [49]
 [46]
 [52]
 [53]
 [57]
 [49]
 [53]
 [54]
 [45]
 [48]
 [32]
 [54]
 [54]
 [52]
 [49]
 [46]
 [52]
 [54]
 [50]
 [53]
 [50]
 [53]
 [45]
 [49]] 
------------------------ Dataset: 5xw ------------------------
shape: (26, 1), dtype: uint16
Data:[[54]
 [54]
 [53]
 [55]
 [46]
 [49]
 [51]
 [49]
 [50]
 [50]
 [55]
 [45]
 [48]
 [32]
 [54]
 [54]
 [53]
 [55]
 [46]
 [49]
 [51]
 [48]
 [48]
 [52]
 [45]
 [49]] 
------------------------ Dataset: 5xx ------------------------
shape: (33, 1), dtype: uint16
Data:[[54]
 [54]
 [55]
 [51]
 [46]
 [48]
 [50]
 [52]
 [48]
 [55]
 [52]
 [57]
 [57]
 [57]
 [57]
 [57]
 [57]
 [45]
 [48]
 [32]
 [54]
 [54]
 [55]
 [51]
 [46]
 [48]
 [50]
 [52]
 [48]
 [55]
 [55]
 [45]
 [49]] 
------------------------ Dataset: 5xy ------------------------
shape: (27, 1), dtype: uint16
Data:[[54]
 [54]
 [56]
 [56]
 [46]
 [57]
 [50]
 [54]
 [50]
 [50]
 [55]
 [45]
 [48]
 [32]
 [54]
 [54]
 [56]
 [56]
 [46]
 [57]
 [50]
 [54]
 [50]
 [54]
 [57]
 [45]
 [49]] 
------------------------ Dataset: 5xz ------------------------
shape: (13, 1), dtype: uint16
Data:[[53]
 [57]
 [48]
 [54]
 [46]
 [56]
 [51]
 [54]
 [49]
 [57]
 [53]
 [45]
 [48]] 
------------------------ Dataset: 5y ------------------------
