shape: (1, 6), dtype: uint32
Data:[[3707764736          2          1          1       1380          1]] 
------------------------ Dataset: Zwb ------------------------
shape: (19, 1), dtype: uint16
Data:[[54]
 [55]
 [55]
 [48]
 [46]
 [51]
 [52]
 [54]
 [49]
 [57]
 [50]
 [57]
 [57]
 [57]
 [57]
 [57]
 [57]
 [45]
 [48]] 
------------------------ Dataset: Zwc ------------------------
shape: (33, 1), dtype: uint16
Data:[[54]
 [50]
 [56]
 [51]
 [46]
 [49]
 [50]
 [49]
 [56]
 [50]
 [52]
 [45]
 [48]
 [32]
 [54]
 [50]
 [56]
 [51]
 [46]
 [49]
 [49]
 [53]
 [57]
 [48]
 [54]
 [57]
 [57]
 [57]
 [57]
 [57]
 [57]
 [45]
 [49]] 
------------------------ Dataset: Zwd ------------------------
shape: (26, 1), dtype: uint16
Data:[[54]
 [50]
 [57]
 [56]
 [46]
 [57]
 [48]
 [50]
 [54]
 [51]
 [45]
 [48]
 [32]
 [54]
 [50]
 [57]
 [56]
 [46]
 [57]
 [48]
 [49]
 [57]
 [53]
 [54]
 [45]
 [49]] 
------------------------ Dataset: Zwe ------------------------
shape: (33, 1), dtype: uint16
Data:[[54]
 [51]
 [49]
 [52]
 [46]
 [55]
 [53]
 [55]
 [57]
 [48]
 [54]
 [57]
 [57]
 [57]
 [57]
 [57]
 [57]
 [45]
 [48]
 [32]
 [54]
 [51]
 [49]
 [52]
 [46]
 [55]
 [54]
 [49]
 [57]
 [50]
 [50]
 [45]
 [49]] 
------------------------ Dataset: Zwf ------------------------
shape: (33, 1), dtype: uint16
Data:[[54]
 [51]
 [51]
 [48]
 [46]
 [53]
 [56]
 [57]
 [57]
 [51]
 [50]
 [57]
 [57]
 [57]
 [57]
 [57]
 [57]
 [45]
 [48]
 [32]
 [54]
 [51]
 [51]
 [48]
 [46]
 [53]
 [57]
 [52]
 [50]
 [51]
 [49]
 [45]
 [49]] 
------------------------ Dataset: Zwg ------------------------
shape: (33, 1), dtype: uint16
Data:[[54]
 [51]
 [52]
 [54]
 [46]
 [52]
 [51]
 [48]
 [48]
 [54]
 [57]
 [57]
 [57]
 [57]
 [57]
 [57]
 [57]
 [45]
 [48]
 [32]
 [54]
 [51]
 [52]
 [54]
 [46]
 [52]
 [51]
 [52]
 [52]
 [50]
 [57]
 [45]
 [49]] 
------------------------ Dataset: Zwh ------------------------
shape: (33, 1), dtype: uint16
Data:[[54]
 [53]
 [49]
 [49]
 [46]
 [53]
 [50]
 [50]
 [53]
 [53]
 [57]
 [57]
 [57]
 [57]
 [57]
 [57]
 [57]
 [45]
 [48]
 [32]
 [54]
 [53]
 [49]
 [49]
 [46]
 [53]
 [49]
 [53]
 [53]
 [52]
 [57]
 [45]
 [49]] 
------------------------ Dataset: Zwi ------------------------
shape: (33, 1), dtype: uint16
Data:[[54]
 [53]
 [50]
 [55]
 [46]
 [51]
 [52]
 [54]
 [49]
 [50]
 [49]
 [45]
 [48]
 [32]
 [54]
 [53]
 [50]
 [55]
 [46]
 [51]
 [53]
 [48]
 [56]
 [49]
 [48]
 [57]
 [57]
 [57]
 [57]
 [57]
 [57]
 [45]
 [49]] 
------------------------ Dataset: Zwj ------------------------
shape: (27, 1), dtype: uint16
Data:[[54]
 [48]
 [50]
 [50]
 [46]
 [57]
 [50]
 [53]
 [56]
 [54]
 [55]
 [45]
 [48]
 [32]
 [54]
 [48]
 [50]
 [50]
 [46]
 [57]
 [50]
 [52]
 [55]
 [56]
 [55]
 [45]
 [49]] 
------------------------ Dataset: Zwk ------------------------
shape: (27, 1), dtype: uint16
Data:[[54]
 [48]
 [51]
 [56]
 [46]
 [54]
 [57]
 [48]
 [51]
 [53]
 [56]
 [45]
 [48]
 [32]
 [54]
 [48]
 [51]
 [56]
 [46]
 [54]
 [57]
 [48]
 [51]
 [51]
 [55]
 [45]
 [49]] 
------------------------ Dataset: Zwl ------------------------
shape: (32, 1), dtype: uint16
Data:[[54]
 [48]
 [53]
 [52]
 [46]
 [51]
 [51]
 [55]
 [55]
 [57]
 [49]
 [57]
 [57]
 [57]
 [57]
 [57]
 [57]
 [45]
 [48]
 [32]
 [54]
 [48]
 [53]
 [52]
 [46]
 [51]
 [52]
 [49]
 [55]
 [53]
 [45]
 [49]] 
------------------------ Dataset: Zwm ------------------------
shape: (34, 1), dtype: uint16
Data:[[54]
 [48]
 [55]
 [48]
 [46]
 [50]
 [56]
 [51]
 [49]
 [57]
 [55]
 [45]
 [48]
 [32]
 [54]
 [48]
 [55]
 [48]
 [46]
 [50]
 [55]
 [56]
 [48]
 [50]
 [49]
 [57]
 [57]
 [57]
 [57]
 [57]
 [57]
 [53]
 [45]
 [49]] 
------------------------ Dataset: Zwn ------------------------
shape: (33, 1), dtype: uint16
Data:[[53]
 [54]
 [51]
 [49]
 [46]
 [49]
 [53]
 [55]
 [55]
 [52]
 [57]
 [57]
 [57]
 [57]
 [57]
 [57]
 [57]
 [45]
 [48]
 [32]
 [53]
 [54]
 [51]
 [49]
 [46]
 [49]
 [54]
 [49]
 [54]
 [52]
 [49]
 [45]
 [49]] 
------------------------ Dataset: Zwo ------------------------
shape: (33, 1), dtype: uint16
Data:[[53]
 [54]
 [52]
 [54]
 [46]
 [56]
 [51]
 [51]
 [54]
 [48]
 [56]
 [45]
 [48]
 [32]
 [53]
 [54]
 [52]
 [54]
 [46]
 [56]
 [50]
 [57]
 [57]
 [55]
 [51]
 [57]
 [57]
 [57]
 [57]
 [57]
 [57]
 [45]
 [49]] 
------------------------ Dataset: Zwp ------------------------
shape: (33, 1), dtype: uint16
Data:[[53]
 [54]
 [54]
 [50]
 [46]
 [53]
 [54]
 [57]
 [53]
 [57]
 [53]
 [45]
 [48]
 [32]
 [53]
 [54]
 [54]
 [50]
 [46]
 [53]
 [55]
 [51]
 [55]
 [52]
 [56]
 [57]
 [57]
 [57]
 [57]
 [57]
 [57]
 [45]
 [49]] 
------------------------ Dataset: Zwq ------------------------
shape: (33, 1), dtype: uint16
Data:[[53]
 [54]
 [55]
 [56]
 [46]
 [51]
 [49]
 [48]
 [49]
 [57]
 [53]
 [57]
 [57]
 [57]
 [57]
 [57]
 [57]
 [45]
 [48]
 [32]
 [53]
 [54]
 [55]
 [56]
 [46]
 [51]
 [49]
 [48]
 [49]
 [52]
 [54]
 [45]
 [49]] 
------------------------ Dataset: Zwr ------------------------
shape: (32, 1), dtype: uint16
Data:[[53]
 [54]
 [57]
 [52]
 [46]
 [48]
 [53]
 [51]
 [54]
 [52]
 [45]
 [48]
 [32]
 [53]
 [54]
 [57]
 [52]
 [46]
 [48]
 [52]
 [57]
 [54]
 [51]
 [57]
 [57]
 [57]
 [57]
 [57]
 [57]
 [57]
 [45]
 [49]] 
------------------------ Dataset: Zws ------------------------
shape: (27, 1), dtype: uint16
Data:[[54]
 [52]
 [49]
 [55]
 [46]
 [51]
 [55]
 [56]
 [50]
 [54]
 [52]
 [45]
 [48]
 [32]
 [54]
 [52]
 [49]
 [55]
 [46]
 [51]
 [55]
 [56]
 [52]
 [48]
 [52]
 [45]
 [49]] 
------------------------ Dataset: Zwt ------------------------
shape: (34, 1), dtype: uint16
Data:[[54]
 [54]
 [48]
 [57]
 [46]
 [52]
 [54]
 [53]
 [53]
 [57]
 [57]
 [57]
 [57]
 [57]
 [57]
 [57]
 [57]
 [53]
 [45]
 [48]
 [32]
 [54]
 [54]
 [48]
 [57]
 [46]
 [52]
 [55]
 [54]
 [49]
 [55]
 [50]
 [45]
 [49]] 
------------------------ Dataset: Zwu ------------------------
shape: (27, 1), dtype: uint16
Data:[[54]
 [54]
 [50]
 [53]
 [46]
 [52]
 [49]
 [56]
 [54]
 [51]
 [55]
 [45]
 [48]
 [32]
 [54]
 [54]
 [50]
 [53]
 [46]
 [52]
 [50]
 [49]
 [54]
 [48]
 [56]
 [45]
 [49]] 
------------------------ Dataset: Zwv ------------------------
shape: (33, 1), dtype: uint16
Data:[[54]
 [54]
 [52]
 [49]
 [46]
 [49]
 [57]
 [48]
 [48]
 [57]
 [50]
 [57]
 [57]
 [57]
 [57]
 [57]
 [57]
 [45]
 [48]
 [32]
 [54]
 [54]
 [52]
 [49]
 [46]
 [49]
 [56]
 [54]
 [49]
 [52]
 [50]
 [45]
 [49]] 
------------------------ Dataset: Zww ------------------------
shape: (27, 1), dtype: uint16
Data:[[54]
 [54]
 [53]
 [54]
 [46]
 [56]
 [52]
 [51]
 [48]
 [48]
 [53]
 [45]
 [48]
 [32]
 [54]
 [54]
 [53]
 [54]
 [46]
 [56]
 [54]
 [48]
 [51]
 [49]
 [55]
 [45]
 [49]] 
------------------------ Dataset: Zwx ------------------------
shape: (33, 1), dtype: uint16
Data:[[54]
 [54]
 [55]
 [50]
 [46]
 [55]
 [53]
 [48]
 [49]
 [52]
 [50]
 [57]
 [57]
 [57]
 [57]
 [57]
 [57]
 [45]
 [48]
 [32]
 [54]
 [54]
 [55]
 [50]
 [46]
 [55]
 [52]
 [54]
 [49]
 [55]
 [50]
 [45]
 [49]] 
------------------------ Dataset: Zwy ------------------------
shape: (32, 1), dtype: uint16
Data:[[54]
 [54]
 [56]
 [56]
 [46]
 [54]
 [53]
 [52]
 [52]
 [51]
 [45]
 [48]
 [32]
 [54]
 [54]
 [56]
 [56]
 [46]
 [54]
 [53]
 [56]
 [57]
 [57]
 [51]
 [57]
 [57]
 [57]
 [57]
 [57]
 [57]
 [45]
 [49]] 
------------------------ Dataset: Zwz ------------------------
shape: (33, 1), dtype: uint16
Data:[[53]
 [57]
 [48]
 [54]
 [46]
 [53]
 [53]
 [57]
 [48]
 [55]
 [52]
 [45]
 [48]
 [32]
 [53]
 [57]
 [48]
 [54]
 [46]
 [53]
 [53]
 [57]
 [51]
 [57]
 [52]
 [57]
 [57]
 [57]
 [57]
 [57]
 [57]
 [45]
 [49]] 
------------------------ Dataset: Zxb ------------------------
shape: (33, 1), dtype: uint16
Data:[[54]
 [55]
 [55]
 [48]
 [46]
 [54]
 [48]
 [50]
 [52]
 [52]
 [49]
 [45]
 [48]
 [32]
 [54]
 [55]
 [55]
 [48]
 [46]
 [54]
 [48]
 [50]
 [52]
 [57]
 [55]
 [57]
 [57]
 [57]
 [57]
 [57]
 [57]
 [45]
 [49]] 
------------------------ Dataset: Zxc ------------------------
shape: (33, 1), dtype: uint16
Data:[[54]
 [50]
 [56]
 [51]
 [46]
 [51]
 [54]
 [57]
 [57]
 [50]
 [55]
 [45]
 [48]
 [32]
 [54]
 [50]
 [56]
 [51]
 [46]
 [51]
 [54]
 [53]
 [57]
 [54]
 [53]
 [57]
 [57]
 [57]
 [57]
 [57]
 [57]
 [45]
 [49]] 
------------------------ Dataset: Zxd ------------------------
shape: (33, 1), dtype: uint16
Data:[[54]
 [50]
 [57]
 [57]
 [46]
 [49]
 [53]
 [54]
 [54]
 [53]
 [48]
 [57]
 [57]
 [57]
 [57]
 [57]
 [57]
 [45]
 [48]
 [32]
 [54]
 [50]
 [57]
 [57]
 [46]
 [49]
 [53]
 [48]
 [52]
 [49]
 [55]
 [45]
 [49]] 
------------------------ Dataset: Zxe ------------------------
shape: (27, 1), dtype: uint16
Data:[[54]
 [51]
 [49]
 [53]
 [46]
 [48]
 [49]
 [55]
 [57]
 [50]
 [55]
 [45]
 [48]
 [32]
 [54]
 [51]
 [49]
 [53]
 [46]
 [48]
 [50]
 [50]
 [48]
 [49]
 [49]
 [45]
 [49]] 
------------------------ Dataset: Zxf ------------------------
shape: (39, 1), dtype: uint16
Data:[[54]
 [51]
 [51]
 [48]
 [46]
 [56]
 [52]
 [54]
 [50]
 [48]
 [48]
 [57]
 [57]
 [57]
 [57]
 [57]
 [57]
 [45]
 [48]
 [32]
 [54]
 [51]
 [51]
 [48]
 [46]
 [56]
 [51]
 [55]
 [56]
 [57]
 [54]
 [57]
 [57]
 [57]
 [57]
 [57]
 [57]
 [45]
 [49]] 
------------------------ Dataset: Zxg ------------------------
shape: (33, 1), dtype: uint16
Data:[[54]
 [51]
 [52]
 [54]
 [46]
 [54]
 [55]
 [55]
 [56]
 [55]
 [54]
 [45]
 [48]
 [32]
 [54]
 [51]
 [52]
 [54]
 [46]
 [54]
 [56]
 [49]
 [56]
 [57]
 [48]
 [57]
 [57]
 [57]
 [57]
 [57]
 [57]
 [45]
 [49]] 
------------------------ Dataset: Zxh ------------------------
shape: (34, 1), dtype: uint16
Data:[[54]
 [53]
 [49]
 [49]
 [46]
 [55]
 [54]
 [50]
 [50]
 [51]
 [50]
 [57]
 [57]
 [57]
 [57]
 [57]
 [57]
 [53]
 [45]
 [48]
 [32]
 [54]
 [53]
 [49]
 [49]
 [46]
 [55]
 [54]
 [57]
 [57]
 [57]
 [57]
 [45]
 [49]] 
------------------------ Dataset: Zxi ------------------------
shape: (26, 1), dtype: uint16
Data:[[54]
 [53]
 [50]
 [55]
 [46]
 [53]
 [57]
 [53]
 [48]
 [49]
 [45]
 [48]
 [32]
 [54]
 [53]
 [50]
 [55]
 [46]
 [53]
 [57]
 [56]
 [51]
 [48]
 [49]
 [45]
 [49]] 
------------------------ Dataset: Zxj ------------------------
shape: (27, 1), dtype: uint16
Data:[[54]
 [48]
 [50]
 [51]
 [46]
 [49]
 [55]
 [53]
 [52]
 [57]
 [51]
 [45]
 [48]
 [32]
 [54]
 [48]
 [50]
 [51]
 [46]
 [49]
 [55]
 [53]
 [51]
 [55]
 [51]
 [45]
 [49]] 
------------------------ Dataset: Zxk ------------------------
shape: (33, 1), dtype: uint16
Data:[[54]
 [48]
 [51]
 [56]
 [46]
 [57]
 [52]
 [49]
 [56]
 [48]
 [54]
 [45]
 [48]
 [32]
 [54]
 [48]
 [51]
 [56]
 [46]
 [57]
 [51]
 [55]
 [56]
 [50]
 [50]
 [57]
 [57]
 [57]
 [57]
 [57]
 [57]
 [45]
 [49]] 
------------------------ Dataset: Zxl ------------------------
shape: (33, 1), dtype: uint16
Data:[[54]
 [48]
 [53]
 [52]
 [46]
 [53]
 [56]
 [53]
 [55]
 [52]
 [54]
 [45]
 [48]
 [32]
 [54]
 [48]
 [53]
 [52]
 [46]
 [53]
 [57]
 [52]
 [57]
 [51]
 [55]
 [57]
 [57]
 [57]
 [57]
 [57]
 [57]
 [45]
 [49]] 
------------------------ Dataset: Zxm ------------------------
shape: (34, 1), dtype: uint16
Data:[[54]
 [48]
 [55]
 [48]
 [46]
 [53]
 [51]
 [51]
 [55]
 [57]
 [57]
 [45]
 [48]
 [32]
 [54]
 [48]
 [55]
 [48]
 [46]
 [53]
 [51]
 [56]
 [51]
 [51]
 [50]
 [57]
 [57]
 [57]
 [57]
 [57]
 [57]
 [53]
 [45]
 [49]] 
------------------------ Dataset: Zxn ------------------------
shape: (34, 1), dtype: uint16
Data:[[53]
 [54]
 [51]
 [49]
 [46]
 [52]
 [48]
 [53]
 [53]
 [51]
 [51]
 [57]
 [57]
 [57]
 [57]
 [57]
 [57]
 [53]
 [45]
 [48]
 [32]
 [53]
 [54]
 [51]
 [49]
 [46]
 [52]
 [48]
 [57]
 [56]
 [51]
 [49]
 [45]
 [49]] 
------------------------ Dataset: Zxo ------------------------
shape: (33, 1), dtype: uint16
Data:[[53]
 [54]
 [52]
 [55]
 [46]
 [48]
 [56]
 [53]
 [53]
 [56]
 [55]
 [45]
 [48]
 [32]
 [53]
 [54]
 [52]
 [55]
 [46]
 [48]
 [56]
 [49]
 [54]
 [50]
 [53]
 [57]
 [57]
 [57]
 [57]
 [57]
 [57]
 [45]
 [49]] 
------------------------ Dataset: Zxp ------------------------
shape: (27, 1), dtype: uint16
Data:[[53]
 [54]
 [54]
 [50]
 [46]
 [56]
 [50]
 [48]
 [56]
 [55]
 [49]
 [45]
 [48]
 [32]
 [53]
 [54]
 [54]
 [50]
 [46]
 [56]
 [50]
 [49]
 [54]
 [56]
 [51]
 [45]
 [49]] 
------------------------ Dataset: Zxq ------------------------
shape: (27, 1), dtype: uint16
Data:[[53]
 [54]
 [55]
 [56]
 [46]
 [53]
 [54]
 [56]
 [57]
 [50]
 [54]
 [45]
 [48]
 [32]
 [53]
 [54]
 [55]
 [56]
 [46]
 [53]
 [54]
 [51]
 [55]
 [53]
 [50]
 [45]
 [49]] 
------------------------ Dataset: Zxr ------------------------
shape: (33, 1), dtype: uint16
Data:[[53]
 [54]
 [57]
 [52]
 [46]
 [51]
 [49]
 [51]
 [56]
 [57]
 [52]
 [45]
 [48]
 [32]
 [53]
 [54]
 [57]
 [52]
 [46]
 [51]
 [48]
 [57]
 [53]
 [50]
 [54]
 [57]
 [57]
 [57]
 [57]
 [57]
 [57]
 [45]
 [49]] 
------------------------ Dataset: Zxs ------------------------
shape: (33, 1), dtype: uint16
Data:[[54]
 [52]
 [49]
 [55]
 [46]
 [54]
 [50]
 [49]
 [57]
 [49]
 [56]
 [57]
 [57]
 [57]
 [57]
 [57]
 [57]
 [45]
 [48]
 [32]
 [54]
 [52]
 [49]
 [55]
 [46]
 [54]
 [50]
 [53]
 [57]
 [49]
 [56]
 [45]
 [49]] 
------------------------ Dataset: Zxt ------------------------
shape: (27, 1), dtype: uint16
Data:[[54]
 [54]
 [48]
 [57]
 [46]
 [55]
 [49]
 [52]
 [49]
 [51]
 [49]
 [45]
 [48]
 [32]
 [54]
 [54]
 [48]
 [57]
 [46]
 [55]
 [49]
 [56]
 [48]
 [54]
 [49]
 [45]
 [49]] 
------------------------ Dataset: Zxu ------------------------
shape: (33, 1), dtype: uint16
Data:[[54]
 [54]
 [50]
 [53]
 [46]
 [54]
 [54]
 [48]
 [55]
 [57]
 [51]
 [57]
 [57]
 [57]
 [57]
 [57]
 [57]
 [45]
 [48]
 [32]
 [54]
 [54]
 [50]
 [53]
 [46]
 [54]
 [54]
 [50]
 [52]
 [48]
 [49]
 [45]
 [49]] 
------------------------ Dataset: Zxv ------------------------
shape: (32, 1), dtype: uint16
Data:[[54]
 [54]
 [52]
 [49]
 [46]
 [52]
 [52]
 [50]
 [48]
 [55]
 [45]
 [48]
 [32]
 [54]
 [54]
 [52]
 [49]
 [46]
 [52]
 [51]
 [56]
 [50]
 [57]
 [53]
 [57]
 [57]
 [57]
 [57]
 [57]
 [57]
 [45]
 [49]] 
------------------------ Dataset: Zxw ------------------------
shape: (33, 1), dtype: uint16
Data:[[54]
 [54]
 [53]
 [55]
 [46]
 [49]
 [48]
 [50]
 [50]
 [51]
 [52]
 [57]
 [57]
 [57]
 [57]
 [57]
 [57]
 [45]
 [48]
 [32]
 [54]
 [54]
 [53]
 [55]
 [46]
 [49]
 [48]
 [54]
 [48]
 [54]
 [52]
 [45]
 [49]] 
------------------------ Dataset: Zxx ------------------------
shape: (40, 1), dtype: uint16
Data:[[54]
 [54]
 [55]
 [50]
 [46]
 [57]
 [57]
 [56]
 [49]
 [50]
 [50]
 [57]
 [57]
 [57]
 [57]
 [57]
 [57]
 [45]
 [48]
 [32]
 [54]
 [54]
 [55]
 [51]
 [46]
 [48]
 [48]
 [54]
 [49]
 [50]
 [51]
 [57]
 [57]
 [57]
 [57]
 [57]
 [57]
 [53]
 [45]
 [49]] 
------------------------ Dataset: Zxy ------------------------
shape: (26, 1), dtype: uint16
Data:[[54]
 [54]
 [56]
 [56]
 [46]
 [57]
 [48]
 [50]
 [49]
 [54]
 [45]
 [48]
 [32]
 [54]
 [54]
 [56]
 [56]
 [46]
 [57]
 [49]
 [48]
 [48]
 [55]
 [50]
 [45]
 [49]] 
------------------------ Dataset: Zxz ------------------------
shape: (13, 1), dtype: uint16
Data:[[53]
 [57]
 [48]
 [54]
 [46]
 [56]
 [48]
 [57]
 [55]
 [50]
 [49]
 [45]
 [48]] 
------------------------ Dataset: Zy ------------------------
