shape: (1, 6), dtype: uint32
Data:[[3707764736          2          1          1        537          1]] 
------------------------ Dataset: 4ib ------------------------
shape: (34, 1), dtype: uint16
Data:[[54]
 [55]
 [54]
 [54]
 [46]
 [55]
 [55]
 [56]
 [50]
 [49]
 [55]
 [45]
 [48]
 [32]
 [54]
 [55]
 [54]
 [54]
 [46]
 [55]
 [56]
 [50]
 [49]
 [54]
 [57]
 [57]
 [57]
 [57]
 [57]
 [57]
 [57]
 [53]
 [45]
 [49]] 
------------------------ Dataset: 4ic ------------------------
shape: (27, 1), dtype: uint16
Data:[[54]
 [50]
 [55]
 [57]
 [46]
 [53]
 [55]
 [56]
 [48]
 [51]
 [54]
 [45]
 [48]
 [32]
 [54]
 [50]
 [55]
 [57]
 [46]
 [53]
 [56]
 [49]
 [57]
 [48]
 [55]
 [45]
 [49]] 
------------------------ Dataset: 4id ------------------------
shape: (39, 1), dtype: uint16
Data:[[54]
 [50]
 [57]
 [53]
 [46]
 [51]
 [52]
 [57]
 [56]
 [55]
 [48]
 [57]
 [57]
 [57]
 [57]
 [57]
 [57]
 [45]
 [48]
 [32]
 [54]
 [50]
 [57]
 [53]
 [46]
 [51]
 [52]
 [57]
 [56]
 [55]
 [56]
 [57]
 [57]
 [57]
 [57]
 [57]
 [57]
 [45]
 [49]] 
------------------------ Dataset: 4ie ------------------------
shape: (33, 1), dtype: uint16
Data:[[54]
 [51]
 [49]
 [49]
 [46]
 [49]
 [55]
 [51]
 [57]
 [57]
 [52]
 [45]
 [48]
 [32]
 [54]
 [51]
 [49]
 [49]
 [46]
 [49]
 [55]
 [56]
 [48]
 [54]
 [50]
 [57]
 [57]
 [57]
 [57]
 [57]
 [57]
 [45]
 [49]] 
------------------------ Dataset: 4if ------------------------
shape: (32, 1), dtype: uint16
Data:[[54]
 [51]
 [50]
 [55]
 [46]
 [48]
 [55]
 [55]
 [48]
 [52]
 [45]
 [48]
 [32]
 [54]
 [51]
 [50]
 [55]
 [46]
 [48]
 [55]
 [54]
 [53]
 [50]
 [49]
 [57]
 [57]
 [57]
 [57]
 [57]
 [57]
 [45]
 [49]] 
------------------------ Dataset: 4ig ------------------------
shape: (26, 1), dtype: uint16
Data:[[54]
 [51]
 [52]
 [50]
 [46]
 [56]
 [54]
 [49]
 [56]
 [53]
 [57]
 [45]
 [48]
 [32]
 [54]
 [51]
 [52]
 [50]
 [46]
 [56]
 [53]
 [56]
 [48]
 [52]
 [45]
 [49]] 
------------------------ Dataset: 4ih ------------------------
shape: (41, 1), dtype: uint16
Data:[[54]
 [53]
 [48]
 [55]
 [46]
 [57]
 [54]
 [50]
 [53]
 [57]
 [48]
 [57]
 [57]
 [57]
 [57]
 [57]
 [57]
 [53]
 [45]
 [48]
 [32]
 [54]
 [53]
 [48]
 [55]
 [46]
 [57]
 [53]
 [55]
 [48]
 [49]
 [48]
 [57]
 [57]
 [57]
 [57]
 [57]
 [57]
 [53]
 [45]
 [49]] 
------------------------ Dataset: 4ii ------------------------
shape: (27, 1), dtype: uint16
Data:[[54]
 [53]
 [50]
 [51]
 [46]
 [55]
 [57]
 [52]
 [54]
 [56]
 [50]
 [45]
 [48]
 [32]
 [54]
 [53]
 [50]
 [51]
 [46]
 [55]
 [57]
 [48]
 [49]
 [48]
 [53]
 [45]
 [49]] 
------------------------ Dataset: 4ij ------------------------
shape: (33, 1), dtype: uint16
Data:[[54]
 [48]
 [49]
 [57]
 [46]
 [51]
 [54]
 [54]
 [49]
 [49]
 [55]
 [45]
 [48]
 [32]
 [54]
 [48]
 [49]
 [57]
 [46]
 [51]
 [54]
 [49]
 [55]
 [55]
 [52]
 [57]
 [57]
 [57]
 [57]
 [57]
 [57]
 [45]
 [49]] 
------------------------ Dataset: 4ik ------------------------
shape: (34, 1), dtype: uint16
Data:[[54]
 [48]
 [51]
 [53]
 [46]
 [49]
 [55]
 [54]
 [54]
 [51]
 [56]
 [45]
 [48]
 [32]
 [54]
 [48]
 [51]
 [53]
 [46]
 [49]
 [55]
 [56]
 [48]
 [52]
 [57]
 [57]
 [57]
 [57]
 [57]
 [57]
 [57]
 [53]
 [45]
 [49]] 
------------------------ Dataset: 4il ------------------------
shape: (33, 1), dtype: uint16
Data:[[54]
 [48]
 [53]
 [48]
 [46]
 [55]
 [57]
 [51]
 [55]
 [54]
 [57]
 [57]
 [57]
 [57]
 [57]
 [57]
 [57]
 [45]
 [48]
 [32]
 [54]
 [48]
 [53]
 [48]
 [46]
 [55]
 [56]
 [57]
 [55]
 [56]
 [50]
 [45]
 [49]] 
------------------------ Dataset: 4im ------------------------
shape: (40, 1), dtype: uint16
Data:[[54]
 [48]
 [54]
 [54]
 [46]
 [54]
 [57]
 [48]
 [48]
 [55]
 [57]
 [57]
 [57]
 [57]
 [57]
 [57]
 [57]
 [45]
 [48]
 [32]
 [54]
 [48]
 [54]
 [54]
 [46]
 [54]
 [56]
 [55]
 [57]
 [48]
 [54]
 [57]
 [57]
 [57]
 [57]
 [57]
 [57]
 [53]
 [45]
 [49]] 
------------------------ Dataset: 4in ------------------------
shape: (33, 1), dtype: uint16
Data:[[54]
 [48]
 [56]
 [50]
 [46]
 [54]
 [48]
 [57]
 [56]
 [54]
 [51]
 [45]
 [48]
 [32]
 [54]
 [48]
 [56]
 [50]
 [46]
 [54]
 [48]
 [57]
 [56]
 [57]
 [51]
 [57]
 [57]
 [57]
 [57]
 [57]
 [57]
 [45]
 [49]] 
------------------------ Dataset: 4io ------------------------
shape: (34, 1), dtype: uint16
Data:[[53]
 [54]
 [52]
 [51]
 [46]
 [51]
 [48]
 [57]
 [55]
 [49]
 [55]
 [57]
 [57]
 [57]
 [57]
 [57]
 [57]
 [53]
 [45]
 [48]
 [32]
 [53]
 [54]
 [52]
 [51]
 [46]
 [51]
 [49]
 [51]
 [56]
 [50]
 [52]
 [45]
 [49]] 
------------------------ Dataset: 4ip ------------------------
shape: (33, 1), dtype: uint16
Data:[[53]
 [54]
 [53]
 [57]
 [46]
 [48]
 [53]
 [52]
 [57]
 [57]
 [49]
 [57]
 [57]
 [57]
 [57]
 [57]
 [57]
 [45]
 [48]
 [32]
 [53]
 [54]
 [53]
 [57]
 [46]
 [48]
 [53]
 [57]
 [54]
 [54]
 [51]
 [45]
 [49]] 
------------------------ Dataset: 4iq ------------------------
shape: (34, 1), dtype: uint16
Data:[[53]
 [54]
 [55]
 [52]
 [46]
 [55]
 [54]
 [49]
 [53]
 [53]
 [53]
 [57]
 [57]
 [57]
 [57]
 [57]
 [57]
 [53]
 [45]
 [48]
 [32]
 [53]
 [54]
 [55]
 [52]
 [46]
 [55]
 [53]
 [55]
 [53]
 [55]
 [53]
 [45]
 [49]] 
------------------------ Dataset: 4ir ------------------------
shape: (32, 1), dtype: uint16
Data:[[53]
 [54]
 [57]
 [48]
 [46]
 [53]
 [51]
 [56]
 [48]
 [54]
 [45]
 [48]
 [32]
 [53]
 [54]
 [57]
 [48]
 [46]
 [53]
 [52]
 [50]
 [48]
 [51]
 [54]
 [57]
 [57]
 [57]
 [57]
 [57]
 [57]
 [45]
 [49]] 
------------------------ Dataset: 4is ------------------------
shape: (27, 1), dtype: uint16
Data:[[54]
 [52]
 [49]
 [51]
 [46]
 [56]
 [49]
 [53]
 [49]
 [56]
 [54]
 [45]
 [48]
 [32]
 [54]
 [52]
 [49]
 [51]
 [46]
 [56]
 [48]
 [57]
 [57]
 [50]
 [49]
 [45]
 [49]] 
------------------------ Dataset: 4it ------------------------
shape: (39, 1), dtype: uint16
Data:[[54]
 [54]
 [48]
 [53]
 [46]
 [56]
 [57]
 [49]
 [55]
 [48]
 [50]
 [57]
 [57]
 [57]
 [57]
 [57]
 [57]
 [45]
 [48]
 [32]
 [54]
 [54]
 [48]
 [53]
 [46]
 [56]
 [56]
 [55]
 [49]
 [53]
 [49]
 [57]
 [57]
 [57]
 [57]
 [57]
 [57]
 [45]
 [49]] 
------------------------ Dataset: 4iu ------------------------
shape: (33, 1), dtype: uint16
Data:[[54]
 [54]
 [50]
 [49]
 [46]
 [56]
 [53]
 [56]
 [48]
 [57]
 [57]
 [45]
 [48]
 [32]
 [54]
 [54]
 [50]
 [49]
 [46]
 [56]
 [53]
 [52]
 [49]
 [49]
 [50]
 [57]
 [57]
 [57]
 [57]
 [57]
 [57]
 [45]
 [49]] 
------------------------ Dataset: 4iv ------------------------
shape: (33, 1), dtype: uint16
Data:[[54]
 [54]
 [51]
 [55]
 [46]
 [55]
 [48]
 [54]
 [52]
 [50]
 [52]
 [45]
 [48]
 [32]
 [54]
 [54]
 [51]
 [55]
 [46]
 [55]
 [48]
 [50]
 [49]
 [56]
 [50]
 [57]
 [57]
 [57]
 [57]
 [57]
 [57]
 [45]
 [49]] 
------------------------ Dataset: 4iw ------------------------
shape: (27, 1), dtype: uint16
Data:[[54]
 [54]
 [53]
 [51]
 [46]
 [50]
 [57]
 [52]
 [50]
 [55]
 [52]
 [45]
 [48]
 [32]
 [54]
 [54]
 [53]
 [51]
 [46]
 [50]
 [57]
 [48]
 [48]
 [57]
 [49]
 [45]
 [49]] 
------------------------ Dataset: 4ix ------------------------
shape: (20, 1), dtype: uint16
Data:[[54]
 [54]
 [54]
 [57]
 [46]
 [49]
 [55]
 [48]
 [49]
 [50]
 [57]
 [57]
 [57]
 [57]
 [57]
 [57]
 [57]
 [53]
 [45]
 [49]] 
------------------------ Dataset: 4iy ------------------------
shape: (32, 1), dtype: uint16
Data:[[54]
 [54]
 [56]
 [53]
 [46]
 [48]
 [57]
 [57]
 [53]
 [50]
 [45]
 [48]
 [32]
 [54]
 [54]
 [56]
 [53]
 [46]
 [48]
 [57]
 [53]
 [48]
 [54]
 [49]
 [57]
 [57]
 [57]
 [57]
 [57]
 [57]
 [45]
 [49]] 
------------------------ Dataset: 4iz ------------------------
shape: (27, 1), dtype: uint16
Data:[[53]
 [57]
 [48]
 [51]
 [46]
 [48]
 [48]
 [57]
 [54]
 [51]
 [51]
 [45]
 [48]
 [32]
 [53]
 [57]
 [48]
 [51]
 [46]
 [48]
 [48]
 [53]
 [54]
 [54]
 [51]
 [45]
 [49]] 
------------------------ Dataset: 4j ------------------------
