shape: (1, 6), dtype: uint32
Data:[[3707764736          2          1          1       1743          1]] 
------------------------ Dataset: ZCb ------------------------
shape: (27, 1), dtype: uint16
Data:[[54]
 [55]
 [55]
 [49]
 [46]
 [56]
 [54]
 [50]
 [49]
 [54]
 [52]
 [45]
 [48]
 [32]
 [54]
 [55]
 [55]
 [49]
 [46]
 [56]
 [53]
 [56]
 [50]
 [48]
 [54]
 [45]
 [49]] 
------------------------ Dataset: ZCc ------------------------
shape: (34, 1), dtype: uint16
Data:[[54]
 [50]
 [56]
 [52]
 [46]
 [54]
 [52]
 [53]
 [57]
 [52]
 [55]
 [45]
 [48]
 [32]
 [54]
 [50]
 [56]
 [52]
 [46]
 [54]
 [52]
 [49]
 [57]
 [50]
 [48]
 [57]
 [57]
 [57]
 [57]
 [57]
 [57]
 [53]
 [45]
 [49]] 
------------------------ Dataset: ZCd ------------------------
shape: (33, 1), dtype: uint16
Data:[[54]
 [51]
 [48]
 [48]
 [46]
 [52]
 [49]
 [55]
 [57]
 [56]
 [55]
 [45]
 [48]
 [32]
 [54]
 [51]
 [48]
 [48]
 [46]
 [52]
 [49]
 [51]
 [57]
 [55]
 [57]
 [57]
 [57]
 [57]
 [57]
 [57]
 [57]
 [45]
 [49]] 
------------------------ Dataset: ZCe ------------------------
shape: (26, 1), dtype: uint16
Data:[[54]
 [51]
 [49]
 [54]
 [46]
 [50]
 [56]
 [49]
 [56]
 [48]
 [57]
 [45]
 [48]
 [32]
 [54]
 [51]
 [49]
 [54]
 [46]
 [50]
 [55]
 [55]
 [56]
 [49]
 [45]
 [49]] 
------------------------ Dataset: ZCf ------------------------
shape: (26, 1), dtype: uint16
Data:[[54]
 [51]
 [51]
 [50]
 [46]
 [49]
 [48]
 [55]
 [56]
 [52]
 [45]
 [48]
 [32]
 [54]
 [51]
 [51]
 [50]
 [46]
 [49]
 [49]
 [49]
 [48]
 [52]
 [54]
 [45]
 [49]] 
------------------------ Dataset: ZCg ------------------------
shape: (19, 1), dtype: uint16
Data:[[54]
 [52]
 [57]
 [55]
 [46]
 [50]
 [54]
 [52]
 [56]
 [51]
 [50]
 [57]
 [57]
 [57]
 [57]
 [57]
 [57]
 [45]
 [49]] 
------------------------ Dataset: ZCh ------------------------
shape: (26, 1), dtype: uint16
Data:[[54]
 [53]
 [49]
 [51]
 [46]
 [48]
 [53]
 [51]
 [57]
 [56]
 [45]
 [48]
 [32]
 [54]
 [53]
 [49]
 [51]
 [46]
 [48]
 [53]
 [55]
 [57]
 [49]
 [52]
 [45]
 [49]] 
------------------------ Dataset: ZCi ------------------------
shape: (27, 1), dtype: uint16
Data:[[54]
 [53]
 [50]
 [56]
 [46]
 [56]
 [55]
 [48]
 [48]
 [53]
 [57]
 [45]
 [48]
 [32]
 [54]
 [53]
 [50]
 [56]
 [46]
 [56]
 [54]
 [53]
 [57]
 [56]
 [49]
 [45]
 [49]] 
------------------------ Dataset: ZCj ------------------------
shape: (34, 1), dtype: uint16
Data:[[54]
 [48]
 [50]
 [52]
 [46]
 [52]
 [52]
 [49]
 [56]
 [49]
 [52]
 [45]
 [48]
 [32]
 [54]
 [48]
 [50]
 [52]
 [46]
 [52]
 [52]
 [53]
 [55]
 [50]
 [49]
 [57]
 [57]
 [57]
 [57]
 [57]
 [57]
 [53]
 [45]
 [49]] 
------------------------ Dataset: ZCk ------------------------
shape: (33, 1), dtype: uint16
Data:[[54]
 [48]
 [52]
 [48]
 [46]
 [49]
 [57]
 [51]
 [57]
 [56]
 [53]
 [57]
 [57]
 [57]
 [57]
 [57]
 [57]
 [45]
 [48]
 [32]
 [54]
 [48]
 [52]
 [48]
 [46]
 [49]
 [56]
 [57]
 [55]
 [53]
 [52]
 [45]
 [49]] 
------------------------ Dataset: ZCl ------------------------
shape: (34, 1), dtype: uint16
Data:[[54]
 [48]
 [53]
 [53]
 [46]
 [56]
 [54]
 [56]
 [48]
 [54]
 [57]
 [57]
 [57]
 [57]
 [57]
 [57]
 [57]
 [53]
 [45]
 [48]
 [32]
 [54]
 [48]
 [53]
 [53]
 [46]
 [56]
 [53]
 [55]
 [55]
 [54]
 [51]
 [45]
 [49]] 
------------------------ Dataset: ZCm ------------------------
shape: (40, 1), dtype: uint16
Data:[[54]
 [48]
 [55]
 [49]
 [46]
 [55]
 [57]
 [57]
 [53]
 [49]
 [56]
 [57]
 [57]
 [57]
 [57]
 [57]
 [57]
 [45]
 [48]
 [32]
 [54]
 [48]
 [55]
 [49]
 [46]
 [55]
 [57]
 [57]
 [52]
 [48]
 [54]
 [57]
 [57]
 [57]
 [57]
 [57]
 [57]
 [53]
 [45]
 [49]] 
------------------------ Dataset: ZCn ------------------------
shape: (27, 1), dtype: uint16
Data:[[53]
 [54]
 [51]
 [50]
 [46]
 [54]
 [55]
 [53]
 [49]
 [49]
 [55]
 [45]
 [48]
 [32]
 [53]
 [54]
 [51]
 [50]
 [46]
 [54]
 [55]
 [49]
 [54]
 [50]
 [53]
 [45]
 [49]] 
------------------------ Dataset: ZCo ------------------------
shape: (27, 1), dtype: uint16
Data:[[53]
 [54]
 [52]
 [56]
 [46]
 [51]
 [52]
 [57]
 [54]
 [52]
 [51]
 [45]
 [48]
 [32]
 [53]
 [54]
 [52]
 [56]
 [46]
 [51]
 [52]
 [57]
 [54]
 [55]
 [56]
 [45]
 [49]] 
------------------------ Dataset: ZCp ------------------------
shape: (33, 1), dtype: uint16
Data:[[53]
 [54]
 [54]
 [52]
 [46]
 [48]
 [56]
 [53]
 [54]
 [52]
 [53]
 [45]
 [48]
 [32]
 [53]
 [54]
 [54]
 [52]
 [46]
 [48]
 [56]
 [49]
 [55]
 [56]
 [49]
 [57]
 [57]
 [57]
 [57]
 [57]
 [57]
 [45]
 [49]] 
------------------------ Dataset: ZCq ------------------------
shape: (27, 1), dtype: uint16
Data:[[53]
 [54]
 [55]
 [57]
 [46]
 [56]
 [50]
 [57]
 [53]
 [54]
 [49]
 [45]
 [48]
 [32]
 [53]
 [54]
 [55]
 [57]
 [46]
 [56]
 [51]
 [51]
 [54]
 [53]
 [51]
 [45]
 [49]] 
------------------------ Dataset: ZCr ------------------------
shape: (33, 1), dtype: uint16
Data:[[53]
 [56]
 [48]
 [54]
 [46]
 [49]
 [51]
 [54]
 [57]
 [53]
 [55]
 [45]
 [48]
 [32]
 [53]
 [56]
 [48]
 [54]
 [46]
 [49]
 [51]
 [54]
 [54]
 [55]
 [51]
 [57]
 [57]
 [57]
 [57]
 [57]
 [57]
 [45]
 [49]] 
------------------------ Dataset: ZCs ------------------------
shape: (27, 1), dtype: uint16
Data:[[54]
 [52]
 [49]
 [56]
 [46]
 [56]
 [57]
 [49]
 [50]
 [48]
 [50]
 [45]
 [48]
 [32]
 [54]
 [52]
 [49]
 [56]
 [46]
 [56]
 [57]
 [53]
 [56]
 [56]
 [52]
 [45]
 [49]] 
------------------------ Dataset: ZCt ------------------------
shape: (24, 1), dtype: uint16
Data:[[54]
 [54]
 [49]
 [48]
 [46]
 [57]
 [57]
 [56]
 [45]
 [48]
 [32]
 [54]
 [54]
 [49]
 [49]
 [46]
 [48]
 [48]
 [51]
 [51]
 [51]
 [54]
 [45]
 [49]] 
------------------------ Dataset: ZCu ------------------------
shape: (33, 1), dtype: uint16
Data:[[54]
 [54]
 [50]
 [54]
 [46]
 [57]
 [49]
 [52]
 [56]
 [57]
 [53]
 [57]
 [57]
 [57]
 [57]
 [57]
 [57]
 [45]
 [48]
 [32]
 [54]
 [54]
 [50]
 [54]
 [46]
 [57]
 [49]
 [53]
 [50]
 [52]
 [54]
 [45]
 [49]] 
------------------------ Dataset: ZCv ------------------------
shape: (33, 1), dtype: uint16
Data:[[54]
 [54]
 [52]
 [50]
 [46]
 [54]
 [57]
 [52]
 [51]
 [50]
 [57]
 [57]
 [57]
 [57]
 [57]
 [57]
 [57]
 [45]
 [48]
 [32]
 [54]
 [54]
 [52]
 [50]
 [46]
 [54]
 [57]
 [48]
 [55]
 [54]
 [49]
 [45]
 [49]] 
------------------------ Dataset: ZCw ------------------------
shape: (39, 1), dtype: uint16
Data:[[54]
 [54]
 [53]
 [56]
 [46]
 [52]
 [49]
 [56]
 [56]
 [50]
 [56]
 [57]
 [57]
 [57]
 [57]
 [57]
 [57]
 [45]
 [48]
 [32]
 [54]
 [54]
 [53]
 [56]
 [46]
 [52]
 [49]
 [53]
 [48]
 [50]
 [49]
 [57]
 [57]
 [57]
 [57]
 [57]
 [57]
 [45]
 [49]] 
------------------------ Dataset: ZCx ------------------------
shape: (27, 1), dtype: uint16
Data:[[54]
 [54]
 [55]
 [52]
 [46]
 [50]
 [56]
 [50]
 [48]
 [54]
 [51]
 [45]
 [48]
 [32]
 [54]
 [54]
 [55]
 [52]
 [46]
 [50]
 [56]
 [54]
 [50]
 [52]
 [49]
 [45]
 [49]] 
------------------------ Dataset: ZCy ------------------------
shape: (27, 1), dtype: uint16
Data:[[54]
 [54]
 [57]
 [48]
 [46]
 [49]
 [57]
 [52]
 [48]
 [51]
 [54]
 [45]
 [48]
 [32]
 [54]
 [54]
 [57]
 [48]
 [46]
 [49]
 [57]
 [56]
 [48]
 [53]
 [51]
 [45]
 [49]] 
------------------------ Dataset: ZCz ------------------------
shape: (33, 1), dtype: uint16
Data:[[53]
 [57]
 [48]
 [56]
 [46]
 [48]
 [56]
 [53]
 [56]
 [53]
 [57]
 [57]
 [57]
 [57]
 [57]
 [57]
 [57]
 [45]
 [48]
 [32]
 [53]
 [57]
 [48]
 [56]
 [46]
 [48]
 [56]
 [57]
 [56]
 [52]
 [51]
 [45]
 [49]] 
------------------------ Dataset: ZD ------------------------
