shape: (1, 6), dtype: uint32
Data:[[3707764736          2          1          1        892          1]] 
------------------------ Dataset: Vob ------------------------
shape: (27, 1), dtype: uint16
Data:[[54]
 [55]
 [54]
 [56]
 [46]
 [50]
 [55]
 [56]
 [55]
 [53]
 [52]
 [45]
 [48]
 [32]
 [54]
 [55]
 [54]
 [56]
 [46]
 [50]
 [56]
 [50]
 [52]
 [52]
 [53]
 [45]
 [49]] 
------------------------ Dataset: Voc ------------------------
shape: (19, 1), dtype: uint16
Data:[[54]
 [50]
 [56]
 [49]
 [46]
 [48]
 [53]
 [51]
 [57]
 [51]
 [53]
 [57]
 [57]
 [57]
 [57]
 [57]
 [57]
 [45]
 [48]] 
------------------------ Dataset: Vod ------------------------
shape: (27, 1), dtype: uint16
Data:[[54]
 [50]
 [57]
 [54]
 [46]
 [56]
 [51]
 [55]
 [57]
 [54]
 [56]
 [45]
 [48]
 [32]
 [54]
 [50]
 [57]
 [54]
 [46]
 [56]
 [52]
 [49]
 [57]
 [56]
 [53]
 [45]
 [49]] 
------------------------ Dataset: Voe ------------------------
shape: (27, 1), dtype: uint16
Data:[[54]
 [51]
 [49]
 [50]
 [46]
 [55]
 [48]
 [57]
 [57]
 [55]
 [54]
 [45]
 [48]
 [32]
 [54]
 [51]
 [49]
 [50]
 [46]
 [55]
 [48]
 [53]
 [57]
 [57]
 [55]
 [45]
 [49]] 
------------------------ Dataset: Vof ------------------------
shape: (41, 1), dtype: uint16
Data:[[54]
 [51]
 [50]
 [56]
 [46]
 [53]
 [52]
 [53]
 [56]
 [52]
 [57]
 [57]
 [57]
 [57]
 [57]
 [57]
 [57]
 [53]
 [45]
 [48]
 [32]
 [54]
 [51]
 [50]
 [56]
 [46]
 [53]
 [52]
 [53]
 [56]
 [52]
 [57]
 [57]
 [57]
 [57]
 [57]
 [57]
 [57]
 [53]
 [45]
 [49]] 
------------------------ Dataset: Vog ------------------------
shape: (27, 1), dtype: uint16
Data:[[54]
 [51]
 [52]
 [52]
 [46]
 [51]
 [54]
 [57]
 [56]
 [54]
 [51]
 [45]
 [48]
 [32]
 [54]
 [51]
 [52]
 [52]
 [46]
 [51]
 [54]
 [53]
 [57]
 [50]
 [55]
 [45]
 [49]] 
------------------------ Dataset: Voh ------------------------
shape: (33, 1), dtype: uint16
Data:[[54]
 [53]
 [48]
 [57]
 [46]
 [52]
 [55]
 [54]
 [55]
 [54]
 [52]
 [57]
 [57]
 [57]
 [57]
 [57]
 [57]
 [45]
 [48]
 [32]
 [54]
 [53]
 [48]
 [57]
 [46]
 [52]
 [55]
 [54]
 [55]
 [55]
 [50]
 [45]
 [49]] 
------------------------ Dataset: Voi ------------------------
shape: (33, 1), dtype: uint16
Data:[[54]
 [53]
 [50]
 [53]
 [46]
 [50]
 [55]
 [51]
 [49]
 [50]
 [48]
 [57]
 [57]
 [57]
 [57]
 [57]
 [57]
 [45]
 [48]
 [32]
 [54]
 [53]
 [50]
 [53]
 [46]
 [50]
 [55]
 [55]
 [55]
 [57]
 [53]
 [45]
 [49]] 
------------------------ Dataset: Voj ------------------------
shape: (33, 1), dtype: uint16
Data:[[54]
 [48]
 [50]
 [48]
 [46]
 [56]
 [54]
 [53]
 [55]
 [54]
 [54]
 [57]
 [57]
 [57]
 [57]
 [57]
 [57]
 [45]
 [48]
 [32]
 [54]
 [48]
 [50]
 [48]
 [46]
 [56]
 [54]
 [57]
 [55]
 [54]
 [57]
 [45]
 [49]] 
------------------------ Dataset: Vok ------------------------
shape: (34, 1), dtype: uint16
Data:[[54]
 [48]
 [51]
 [54]
 [46]
 [54]
 [53]
 [55]
 [55]
 [53]
 [50]
 [57]
 [57]
 [57]
 [57]
 [57]
 [57]
 [53]
 [45]
 [48]
 [32]
 [54]
 [48]
 [51]
 [54]
 [46]
 [54]
 [54]
 [50]
 [51]
 [54]
 [54]
 [45]
 [49]] 
------------------------ Dataset: Vol ------------------------
shape: (27, 1), dtype: uint16
Data:[[54]
 [48]
 [53]
 [50]
 [46]
 [50]
 [55]
 [55]
 [57]
 [52]
 [50]
 [45]
 [48]
 [32]
 [54]
 [48]
 [53]
 [50]
 [46]
 [50]
 [54]
 [57]
 [55]
 [50]
 [50]
 [45]
 [49]] 
------------------------ Dataset: Vom ------------------------
shape: (25, 1), dtype: uint16
Data:[[54]
 [48]
 [54]
 [56]
 [46]
 [49]
 [56]
 [49]
 [55]
 [49]
 [45]
 [48]
 [32]
 [54]
 [48]
 [54]
 [56]
 [46]
 [49]
 [56]
 [49]
 [56]
 [53]
 [45]
 [49]] 
------------------------ Dataset: Von ------------------------
shape: (33, 1), dtype: uint16
Data:[[54]
 [48]
 [56]
 [52]
 [46]
 [49]
 [50]
 [52]
 [51]
 [49]
 [53]
 [57]
 [57]
 [57]
 [57]
 [57]
 [57]
 [45]
 [48]
 [32]
 [54]
 [48]
 [56]
 [52]
 [46]
 [49]
 [50]
 [52]
 [48]
 [54]
 [53]
 [45]
 [49]] 
------------------------ Dataset: Voo ------------------------
shape: (27, 1), dtype: uint16
Data:[[53]
 [54]
 [52]
 [52]
 [46]
 [56]
 [48]
 [50]
 [50]
 [52]
 [55]
 [45]
 [48]
 [32]
 [53]
 [54]
 [52]
 [52]
 [46]
 [55]
 [57]
 [57]
 [48]
 [57]
 [54]
 [45]
 [49]] 
------------------------ Dataset: Vop ------------------------
shape: (26, 1), dtype: uint16
Data:[[53]
 [54]
 [54]
 [48]
 [46]
 [53]
 [52]
 [49]
 [54]
 [54]
 [45]
 [48]
 [32]
 [53]
 [54]
 [54]
 [48]
 [46]
 [53]
 [52]
 [57]
 [56]
 [53]
 [50]
 [45]
 [49]] 
------------------------ Dataset: Voq ------------------------
shape: (27, 1), dtype: uint16
Data:[[53]
 [54]
 [55]
 [54]
 [46]
 [50]
 [51]
 [56]
 [54]
 [53]
 [57]
 [45]
 [48]
 [32]
 [53]
 [54]
 [55]
 [54]
 [46]
 [50]
 [52]
 [50]
 [49]
 [48]
 [55]
 [45]
 [49]] 
------------------------ Dataset: Vor ------------------------
shape: (33, 1), dtype: uint16
Data:[[53]
 [54]
 [57]
 [50]
 [46]
 [48]
 [51]
 [52]
 [53]
 [53]
 [55]
 [57]
 [57]
 [57]
 [57]
 [57]
 [57]
 [45]
 [48]
 [32]
 [53]
 [54]
 [57]
 [50]
 [46]
 [48]
 [51]
 [48]
 [50]
 [49]
 [51]
 [45]
 [49]] 
------------------------ Dataset: Vos ------------------------
shape: (33, 1), dtype: uint16
Data:[[54]
 [52]
 [49]
 [53]
 [46]
 [51]
 [48]
 [55]
 [50]
 [53]
 [51]
 [57]
 [57]
 [57]
 [57]
 [57]
 [57]
 [45]
 [48]
 [32]
 [54]
 [52]
 [49]
 [53]
 [46]
 [51]
 [48]
 [49]
 [57]
 [57]
 [56]
 [45]
 [49]] 
------------------------ Dataset: Vot ------------------------
shape: (33, 1), dtype: uint16
Data:[[54]
 [54]
 [48]
 [55]
 [46]
 [51]
 [57]
 [48]
 [48]
 [48]
 [55]
 [57]
 [57]
 [57]
 [57]
 [57]
 [57]
 [45]
 [48]
 [32]
 [54]
 [54]
 [48]
 [55]
 [46]
 [51]
 [57]
 [52]
 [49]
 [48]
 [54]
 [45]
 [49]] 
------------------------ Dataset: Vou ------------------------
shape: (34, 1), dtype: uint16
Data:[[54]
 [54]
 [50]
 [51]
 [46]
 [51]
 [51]
 [54]
 [55]
 [57]
 [50]
 [57]
 [57]
 [57]
 [57]
 [57]
 [57]
 [53]
 [45]
 [48]
 [32]
 [54]
 [54]
 [50]
 [51]
 [46]
 [51]
 [51]
 [56]
 [52]
 [49]
 [55]
 [45]
 [49]] 
------------------------ Dataset: Vov ------------------------
shape: (33, 1), dtype: uint16
Data:[[54]
 [54]
 [51]
 [57]
 [46]
 [49]
 [55]
 [57]
 [54]
 [48]
 [49]
 [57]
 [57]
 [57]
 [57]
 [57]
 [57]
 [45]
 [48]
 [32]
 [54]
 [54]
 [51]
 [57]
 [46]
 [49]
 [55]
 [49]
 [54]
 [48]
 [56]
 [45]
 [49]] 
------------------------ Dataset: Vow ------------------------
shape: (39, 1), dtype: uint16
Data:[[54]
 [54]
 [53]
 [52]
 [46]
 [55]
 [56]
 [54]
 [50]
 [48]
 [52]
 [57]
 [57]
 [57]
 [57]
 [57]
 [57]
 [45]
 [48]
 [32]
 [54]
 [54]
 [53]
 [52]
 [46]
 [55]
 [56]
 [54]
 [50]
 [48]
 [52]
 [57]
 [57]
 [57]
 [57]
 [57]
 [57]
 [45]
 [49]] 
------------------------ Dataset: Vox ------------------------
shape: (27, 1), dtype: uint16
Data:[[54]
 [54]
 [55]
 [48]
 [46]
 [54]
 [55]
 [52]
 [50]
 [54]
 [57]
 [45]
 [48]
 [32]
 [54]
 [54]
 [55]
 [48]
 [46]
 [54]
 [56]
 [50]
 [48]
 [51]
 [55]
 [45]
 [49]] 
------------------------ Dataset: Voy ------------------------
shape: (40, 1), dtype: uint16
Data:[[54]
 [54]
 [56]
 [54]
 [46]
 [53]
 [56]
 [54]
 [48]
 [48]
 [53]
 [57]
 [57]
 [57]
 [57]
 [57]
 [57]
 [53]
 [45]
 [48]
 [32]
 [54]
 [54]
 [56]
 [54]
 [46]
 [53]
 [56]
 [54]
 [48]
 [51]
 [52]
 [57]
 [57]
 [57]
 [57]
 [57]
 [57]
 [45]
 [49]] 
------------------------ Dataset: Voz ------------------------
shape: (33, 1), dtype: uint16
Data:[[53]
 [57]
 [48]
 [52]
 [46]
 [53]
 [48]
 [49]
 [54]
 [54]
 [56]
 [45]
 [48]
 [32]
 [53]
 [57]
 [48]
 [52]
 [46]
 [52]
 [57]
 [55]
 [55]
 [53]
 [49]
 [57]
 [57]
 [57]
 [57]
 [57]
 [57]
 [45]
 [49]] 
------------------------ Dataset: Vp ------------------------
