shape: (1, 6), dtype: uint32
Data:[[3707764736          2          1          1        908          1]] 
------------------------ Dataset: bpb ------------------------
shape: (25, 1), dtype: uint16
Data:[[54]
 [55]
 [54]
 [56]
 [46]
 [51]
 [52]
 [50]
 [50]
 [45]
 [48]
 [32]
 [54]
 [55]
 [54]
 [56]
 [46]
 [51]
 [52]
 [54]
 [54]
 [53]
 [49]
 [45]
 [49]] 
------------------------ Dataset: bpc ------------------------
shape: (13, 1), dtype: uint16
Data:[[54]
 [50]
 [56]
 [49]
 [46]
 [49]
 [50]
 [50]
 [52]
 [57]
 [53]
 [45]
 [49]] 
------------------------ Dataset: bpd ------------------------
shape: (34, 1), dtype: uint16
Data:[[54]
 [50]
 [57]
 [54]
 [46]
 [57]
 [48]
 [49]
 [56]
 [57]
 [55]
 [45]
 [48]
 [32]
 [54]
 [50]
 [57]
 [54]
 [46]
 [57]
 [49]
 [49]
 [48]
 [48]
 [48]
 [57]
 [57]
 [57]
 [57]
 [57]
 [57]
 [53]
 [45]
 [49]] 
------------------------ Dataset: bpe ------------------------
shape: (27, 1), dtype: uint16
Data:[[54]
 [51]
 [49]
 [50]
 [46]
 [55]
 [55]
 [52]
 [53]
 [48]
 [55]
 [45]
 [48]
 [32]
 [54]
 [51]
 [49]
 [50]
 [46]
 [55]
 [55]
 [49]
 [51]
 [48]
 [57]
 [45]
 [49]] 
------------------------ Dataset: bpf ------------------------
shape: (27, 1), dtype: uint16
Data:[[54]
 [51]
 [50]
 [56]
 [46]
 [54]
 [49]
 [55]
 [50]
 [53]
 [50]
 [45]
 [48]
 [32]
 [54]
 [51]
 [50]
 [56]
 [46]
 [54]
 [49]
 [54]
 [53]
 [55]
 [52]
 [45]
 [49]] 
------------------------ Dataset: bpg ------------------------
shape: (41, 1), dtype: uint16
Data:[[54]
 [51]
 [52]
 [52]
 [46]
 [52]
 [52]
 [51]
 [57]
 [57]
 [57]
 [57]
 [57]
 [57]
 [57]
 [57]
 [57]
 [53]
 [45]
 [48]
 [32]
 [54]
 [51]
 [52]
 [52]
 [46]
 [52]
 [52]
 [50]
 [49]
 [55]
 [50]
 [57]
 [57]
 [57]
 [57]
 [57]
 [57]
 [53]
 [45]
 [49]] 
------------------------ Dataset: bph ------------------------
shape: (33, 1), dtype: uint16
Data:[[54]
 [53]
 [48]
 [57]
 [46]
 [53]
 [51]
 [56]
 [49]
 [48]
 [53]
 [45]
 [48]
 [32]
 [54]
 [53]
 [48]
 [57]
 [46]
 [53]
 [51]
 [52]
 [48]
 [57]
 [53]
 [57]
 [57]
 [57]
 [57]
 [57]
 [57]
 [45]
 [49]] 
------------------------ Dataset: bpi ------------------------
shape: (33, 1), dtype: uint16
Data:[[54]
 [53]
 [50]
 [53]
 [46]
 [51]
 [51]
 [52]
 [52]
 [48]
 [54]
 [57]
 [57]
 [57]
 [57]
 [57]
 [57]
 [45]
 [48]
 [32]
 [54]
 [53]
 [50]
 [53]
 [46]
 [51]
 [52]
 [51]
 [49]
 [48]
 [50]
 [45]
 [49]] 
------------------------ Dataset: bpj ------------------------
shape: (34, 1), dtype: uint16
Data:[[54]
 [48]
 [50]
 [48]
 [46]
 [57]
 [53]
 [48]
 [53]
 [48]
 [51]
 [57]
 [57]
 [57]
 [57]
 [57]
 [57]
 [53]
 [45]
 [48]
 [32]
 [54]
 [48]
 [50]
 [48]
 [46]
 [57]
 [52]
 [50]
 [50]
 [49]
 [50]
 [45]
 [49]] 
------------------------ Dataset: bpk ------------------------
shape: (33, 1), dtype: uint16
Data:[[54]
 [48]
 [51]
 [54]
 [46]
 [55]
 [50]
 [49]
 [56]
 [54]
 [49]
 [57]
 [57]
 [57]
 [57]
 [57]
 [57]
 [45]
 [48]
 [32]
 [54]
 [48]
 [51]
 [54]
 [46]
 [55]
 [51]
 [49]
 [48]
 [48]
 [53]
 [45]
 [49]] 
------------------------ Dataset: bpl ------------------------
shape: (34, 1), dtype: uint16
Data:[[54]
 [48]
 [53]
 [50]
 [46]
 [51]
 [52]
 [52]
 [52]
 [54]
 [52]
 [45]
 [48]
 [32]
 [54]
 [48]
 [53]
 [50]
 [46]
 [51]
 [53]
 [49]
 [57]
 [53]
 [53]
 [57]
 [57]
 [57]
 [57]
 [57]
 [57]
 [53]
 [45]
 [49]] 
------------------------ Dataset: bpm ------------------------
shape: (27, 1), dtype: uint16
Data:[[54]
 [48]
 [54]
 [56]
 [46]
 [50]
 [52]
 [57]
 [55]
 [54]
 [51]
 [45]
 [48]
 [32]
 [54]
 [48]
 [54]
 [56]
 [46]
 [50]
 [52]
 [53]
 [55]
 [55]
 [57]
 [45]
 [49]] 
------------------------ Dataset: bpn ------------------------
shape: (26, 1), dtype: uint16
Data:[[54]
 [48]
 [56]
 [52]
 [46]
 [49]
 [56]
 [53]
 [55]
 [54]
 [55]
 [45]
 [48]
 [32]
 [54]
 [48]
 [56]
 [52]
 [46]
 [49]
 [56]
 [49]
 [55]
 [53]
 [45]
 [49]] 
------------------------ Dataset: bpo ------------------------
shape: (27, 1), dtype: uint16
Data:[[53]
 [54]
 [52]
 [52]
 [46]
 [56]
 [54]
 [53]
 [54]
 [53]
 [51]
 [45]
 [48]
 [32]
 [53]
 [54]
 [52]
 [52]
 [46]
 [56]
 [54]
 [51]
 [52]
 [56]
 [51]
 [45]
 [49]] 
------------------------ Dataset: bpp ------------------------
shape: (27, 1), dtype: uint16
Data:[[53]
 [54]
 [54]
 [48]
 [46]
 [54]
 [49]
 [48]
 [57]
 [55]
 [51]
 [45]
 [48]
 [32]
 [53]
 [54]
 [54]
 [48]
 [46]
 [54]
 [49]
 [52]
 [48]
 [55]
 [49]
 [45]
 [49]] 
------------------------ Dataset: bpq ------------------------
shape: (32, 1), dtype: uint16
Data:[[53]
 [54]
 [55]
 [54]
 [46]
 [51]
 [48]
 [49]
 [54]
 [49]
 [49]
 [57]
 [57]
 [57]
 [57]
 [57]
 [57]
 [45]
 [48]
 [32]
 [53]
 [54]
 [55]
 [54]
 [46]
 [51]
 [48]
 [53]
 [53]
 [51]
 [45]
 [49]] 
------------------------ Dataset: bpr ------------------------
shape: (33, 1), dtype: uint16
Data:[[53]
 [54]
 [57]
 [50]
 [46]
 [48]
 [57]
 [51]
 [55]
 [53]
 [53]
 [57]
 [57]
 [57]
 [57]
 [57]
 [57]
 [45]
 [48]
 [32]
 [53]
 [54]
 [57]
 [50]
 [46]
 [48]
 [56]
 [57]
 [53]
 [57]
 [52]
 [45]
 [49]] 
------------------------ Dataset: bps ------------------------
shape: (26, 1), dtype: uint16
Data:[[54]
 [52]
 [49]
 [53]
 [46]
 [51]
 [56]
 [54]
 [48]
 [50]
 [56]
 [45]
 [48]
 [32]
 [54]
 [52]
 [49]
 [53]
 [46]
 [51]
 [56]
 [50]
 [48]
 [54]
 [45]
 [49]] 
------------------------ Dataset: bpt ------------------------
shape: (33, 1), dtype: uint16
Data:[[54]
 [54]
 [48]
 [55]
 [46]
 [52]
 [53]
 [52]
 [49]
 [48]
 [56]
 [57]
 [57]
 [57]
 [57]
 [57]
 [57]
 [45]
 [48]
 [32]
 [54]
 [54]
 [48]
 [55]
 [46]
 [52]
 [53]
 [56]
 [49]
 [52]
 [54]
 [45]
 [49]] 
------------------------ Dataset: bpu ------------------------
shape: (34, 1), dtype: uint16
Data:[[54]
 [54]
 [50]
 [51]
 [46]
 [52]
 [48]
 [49]
 [48]
 [49]
 [52]
 [57]
 [57]
 [57]
 [57]
 [57]
 [57]
 [53]
 [45]
 [48]
 [32]
 [54]
 [54]
 [50]
 [51]
 [46]
 [52]
 [48]
 [50]
 [49]
 [52]
 [56]
 [45]
 [49]] 
------------------------ Dataset: bpv ------------------------
shape: (39, 1), dtype: uint16
Data:[[54]
 [54]
 [51]
 [57]
 [46]
 [50]
 [52]
 [51]
 [54]
 [57]
 [55]
 [57]
 [57]
 [57]
 [57]
 [57]
 [57]
 [45]
 [48]
 [32]
 [54]
 [54]
 [51]
 [57]
 [46]
 [50]
 [51]
 [52]
 [50]
 [51]
 [50]
 [57]
 [57]
 [57]
 [57]
 [57]
 [57]
 [45]
 [49]] 
------------------------ Dataset: bpw ------------------------
shape: (31, 1), dtype: uint16
Data:[[54]
 [54]
 [53]
 [52]
 [46]
 [56]
 [53]
 [52]
 [48]
 [50]
 [54]
 [57]
 [57]
 [57]
 [57]
 [57]
 [57]
 [45]
 [48]
 [32]
 [54]
 [54]
 [53]
 [52]
 [46]
 [56]
 [53]
 [48]
 [49]
 [45]
 [49]] 
------------------------ Dataset: bpx ------------------------
shape: (26, 1), dtype: uint16
Data:[[54]
 [54]
 [55]
 [48]
 [46]
 [55]
 [53]
 [57]
 [50]
 [57]
 [51]
 [45]
 [48]
 [32]
 [54]
 [54]
 [55]
 [48]
 [46]
 [55]
 [53]
 [57]
 [50]
 [54]
 [45]
 [49]] 
------------------------ Dataset: bpy ------------------------
shape: (33, 1), dtype: uint16
Data:[[54]
 [54]
 [56]
 [54]
 [46]
 [54]
 [53]
 [52]
 [51]
 [57]
 [56]
 [45]
 [48]
 [32]
 [54]
 [54]
 [56]
 [54]
 [46]
 [54]
 [53]
 [50]
 [48]
 [56]
 [51]
 [57]
 [57]
 [57]
 [57]
 [57]
 [57]
 [45]
 [49]] 
------------------------ Dataset: bpz ------------------------
shape: (40, 1), dtype: uint16
Data:[[53]
 [57]
 [48]
 [52]
 [46]
 [53]
 [54]
 [55]
 [48]
 [51]
 [53]
 [57]
 [57]
 [57]
 [57]
 [57]
 [57]
 [53]
 [45]
 [48]
 [32]
 [53]
 [57]
 [48]
 [52]
 [46]
 [53]
 [54]
 [54]
 [57]
 [52]
 [51]
 [57]
 [57]
 [57]
 [57]
 [57]
 [57]
 [45]
 [49]] 
------------------------ Dataset: bq ------------------------
