shape: (1, 6), dtype: uint32
Data:[[3707764736          2          1          1       1683          1]] 
------------------------ Dataset: 1Bb ------------------------
shape: (39, 1), dtype: uint16
Data:[[54]
 [55]
 [55]
 [49]
 [46]
 [54]
 [49]
 [49]
 [51]
 [57]
 [53]
 [57]
 [57]
 [57]
 [57]
 [57]
 [57]
 [45]
 [48]
 [32]
 [54]
 [55]
 [55]
 [49]
 [46]
 [54]
 [48]
 [55]
 [52]
 [49]
 [49]
 [57]
 [57]
 [57]
 [57]
 [57]
 [57]
 [45]
 [49]] 
------------------------ Dataset: 1Bc ------------------------
shape: (27, 1), dtype: uint16
Data:[[54]
 [50]
 [56]
 [52]
 [46]
 [51]
 [57]
 [55]
 [57]
 [48]
 [53]
 [45]
 [48]
 [32]
 [54]
 [50]
 [56]
 [52]
 [46]
 [51]
 [57]
 [55]
 [52]
 [53]
 [51]
 [45]
 [49]] 
------------------------ Dataset: 1Bd ------------------------
shape: (27, 1), dtype: uint16
Data:[[54]
 [51]
 [48]
 [48]
 [46]
 [49]
 [54]
 [52]
 [48]
 [48]
 [54]
 [45]
 [48]
 [32]
 [54]
 [51]
 [48]
 [48]
 [46]
 [49]
 [55]
 [51]
 [48]
 [51]
 [55]
 [45]
 [49]] 
------------------------ Dataset: 1Be ------------------------
shape: (27, 1), dtype: uint16
Data:[[54]
 [51]
 [49]
 [54]
 [46]
 [48]
 [51]
 [52]
 [50]
 [50]
 [54]
 [45]
 [48]
 [32]
 [54]
 [51]
 [49]
 [54]
 [46]
 [48]
 [51]
 [57]
 [49]
 [48]
 [55]
 [45]
 [49]] 
------------------------ Dataset: 1Bf ------------------------
shape: (40, 1), dtype: uint16
Data:[[54]
 [51]
 [51]
 [49]
 [46]
 [56]
 [54]
 [53]
 [56]
 [50]
 [51]
 [57]
 [57]
 [57]
 [57]
 [57]
 [57]
 [53]
 [45]
 [48]
 [32]
 [54]
 [51]
 [51]
 [49]
 [46]
 [56]
 [54]
 [49]
 [56]
 [55]
 [54]
 [57]
 [57]
 [57]
 [57]
 [57]
 [57]
 [45]
 [49]] 
------------------------ Dataset: 1Bg ------------------------
shape: (12, 1), dtype: uint16
Data:[[54]
 [52]
 [57]
 [55]
 [46]
 [48]
 [49]
 [56]
 [52]
 [49]
 [45]
 [49]] 
------------------------ Dataset: 1Bh ------------------------
shape: (20, 1), dtype: uint16
Data:[[54]
 [53]
 [49]
 [50]
 [46]
 [55]
 [57]
 [53]
 [57]
 [53]
 [49]
 [57]
 [57]
 [57]
 [57]
 [57]
 [57]
 [53]
 [45]
 [49]] 
------------------------ Dataset: 1Bi ------------------------
shape: (27, 1), dtype: uint16
Data:[[54]
 [53]
 [50]
 [56]
 [46]
 [54]
 [50]
 [49]
 [57]
 [53]
 [57]
 [45]
 [48]
 [32]
 [54]
 [53]
 [50]
 [56]
 [46]
 [54]
 [49]
 [55]
 [57]
 [55]
 [53]
 [45]
 [49]] 
------------------------ Dataset: 1Bj ------------------------
shape: (33, 1), dtype: uint16
Data:[[54]
 [48]
 [50]
 [52]
 [46]
 [49]
 [57]
 [55]
 [55]
 [56]
 [55]
 [45]
 [48]
 [32]
 [54]
 [48]
 [50]
 [52]
 [46]
 [49]
 [57]
 [55]
 [56]
 [56]
 [54]
 [57]
 [57]
 [57]
 [57]
 [57]
 [57]
 [45]
 [49]] 
------------------------ Dataset: 1Bk ------------------------
shape: (39, 1), dtype: uint16
Data:[[54]
 [48]
 [51]
 [57]
 [46]
 [57]
 [52]
 [50]
 [51]
 [55]
 [51]
 [57]
 [57]
 [57]
 [57]
 [57]
 [57]
 [45]
 [48]
 [32]
 [54]
 [48]
 [51]
 [57]
 [46]
 [57]
 [52]
 [53]
 [57]
 [57]
 [50]
 [57]
 [57]
 [57]
 [57]
 [57]
 [57]
 [45]
 [49]] 
------------------------ Dataset: 1Bl ------------------------
shape: (33, 1), dtype: uint16
Data:[[54]
 [48]
 [53]
 [53]
 [46]
 [54]
 [49]
 [53]
 [55]
 [53]
 [50]
 [45]
 [48]
 [32]
 [54]
 [48]
 [53]
 [53]
 [46]
 [54]
 [49]
 [53]
 [52]
 [52]
 [57]
 [57]
 [57]
 [57]
 [57]
 [57]
 [57]
 [45]
 [49]] 
------------------------ Dataset: 1Bm ------------------------
shape: (27, 1), dtype: uint16
Data:[[54]
 [48]
 [55]
 [49]
 [46]
 [53]
 [52]
 [57]
 [56]
 [56]
 [54]
 [45]
 [48]
 [32]
 [54]
 [48]
 [55]
 [49]
 [46]
 [53]
 [53]
 [51]
 [56]
 [51]
 [56]
 [45]
 [49]] 
------------------------ Dataset: 1Bn ------------------------
shape: (33, 1), dtype: uint16
Data:[[53]
 [54]
 [51]
 [50]
 [46]
 [52]
 [49]
 [51]
 [53]
 [52]
 [49]
 [57]
 [57]
 [57]
 [57]
 [57]
 [57]
 [45]
 [48]
 [32]
 [53]
 [54]
 [51]
 [50]
 [46]
 [52]
 [49]
 [55]
 [53]
 [53]
 [53]
 [45]
 [49]] 
------------------------ Dataset: 1Bo ------------------------
shape: (27, 1), dtype: uint16
Data:[[53]
 [54]
 [52]
 [56]
 [46]
 [49]
 [48]
 [49]
 [54]
 [54]
 [52]
 [45]
 [48]
 [32]
 [53]
 [54]
 [52]
 [56]
 [46]
 [49]
 [48]
 [53]
 [53]
 [57]
 [55]
 [45]
 [49]] 
------------------------ Dataset: 1Bp ------------------------
shape: (33, 1), dtype: uint16
Data:[[53]
 [54]
 [54]
 [51]
 [46]
 [56]
 [52]
 [49]
 [55]
 [55]
 [48]
 [57]
 [57]
 [57]
 [57]
 [57]
 [57]
 [45]
 [48]
 [32]
 [53]
 [54]
 [54]
 [51]
 [46]
 [56]
 [51]
 [51]
 [55]
 [54]
 [55]
 [45]
 [49]] 
------------------------ Dataset: 1Bq ------------------------
shape: (40, 1), dtype: uint16
Data:[[53]
 [54]
 [55]
 [57]
 [46]
 [53]
 [55]
 [55]
 [53]
 [51]
 [49]
 [57]
 [57]
 [57]
 [57]
 [57]
 [57]
 [45]
 [48]
 [32]
 [53]
 [54]
 [55]
 [57]
 [46]
 [53]
 [56]
 [49]
 [56]
 [50]
 [50]
 [57]
 [57]
 [57]
 [57]
 [57]
 [57]
 [53]
 [45]
 [49]] 
------------------------ Dataset: 1Br ------------------------
shape: (26, 1), dtype: uint16
Data:[[53]
 [56]
 [48]
 [53]
 [46]
 [56]
 [56]
 [57]
 [57]
 [48]
 [52]
 [45]
 [48]
 [32]
 [53]
 [56]
 [48]
 [53]
 [46]
 [56]
 [56]
 [49]
 [54]
 [52]
 [45]
 [49]] 
------------------------ Dataset: 1Bs ------------------------
shape: (33, 1), dtype: uint16
Data:[[54]
 [52]
 [49]
 [56]
 [46]
 [54]
 [52]
 [54]
 [48]
 [52]
 [57]
 [57]
 [57]
 [57]
 [57]
 [57]
 [57]
 [45]
 [48]
 [32]
 [54]
 [52]
 [49]
 [56]
 [46]
 [54]
 [52]
 [50]
 [50]
 [53]
 [51]
 [45]
 [49]] 
------------------------ Dataset: 1Bt ------------------------
shape: (27, 1), dtype: uint16
Data:[[54]
 [54]
 [49]
 [48]
 [46]
 [55]
 [52]
 [53]
 [57]
 [57]
 [55]
 [45]
 [48]
 [32]
 [54]
 [54]
 [49]
 [48]
 [46]
 [55]
 [52]
 [50]
 [48]
 [51]
 [55]
 [45]
 [49]] 
------------------------ Dataset: 1Bu ------------------------
shape: (27, 1), dtype: uint16
Data:[[54]
 [54]
 [50]
 [54]
 [46]
 [54]
 [54]
 [54]
 [50]
 [54]
 [55]
 [45]
 [48]
 [32]
 [54]
 [54]
 [50]
 [54]
 [46]
 [54]
 [54]
 [52]
 [57]
 [48]
 [49]
 [45]
 [49]] 
------------------------ Dataset: 1Bv ------------------------
shape: (40, 1), dtype: uint16
Data:[[54]
 [54]
 [52]
 [50]
 [46]
 [52]
 [52]
 [50]
 [49]
 [50]
 [51]
 [57]
 [57]
 [57]
 [57]
 [57]
 [57]
 [45]
 [48]
 [32]
 [54]
 [54]
 [52]
 [50]
 [46]
 [52]
 [52]
 [54]
 [50]
 [49]
 [56]
 [57]
 [57]
 [57]
 [57]
 [57]
 [57]
 [53]
 [45]
 [49]] 
------------------------ Dataset: 1Bw ------------------------
shape: (40, 1), dtype: uint16
Data:[[54]
 [54]
 [53]
 [56]
 [46]
 [49]
 [53]
 [52]
 [51]
 [55]
 [55]
 [57]
 [57]
 [57]
 [57]
 [57]
 [57]
 [45]
 [48]
 [32]
 [54]
 [54]
 [53]
 [56]
 [46]
 [49]
 [53]
 [48]
 [48]
 [52]
 [55]
 [57]
 [57]
 [57]
 [57]
 [57]
 [57]
 [53]
 [45]
 [49]] 
------------------------ Dataset: 1Bx ------------------------
shape: (26, 1), dtype: uint16
Data:[[54]
 [54]
 [55]
 [52]
 [46]
 [48]
 [50]
 [54]
 [54]
 [53]
 [45]
 [48]
 [32]
 [54]
 [54]
 [55]
 [52]
 [46]
 [48]
 [51]
 [48]
 [51]
 [50]
 [50]
 [45]
 [49]] 
------------------------ Dataset: 1By ------------------------
shape: (34, 1), dtype: uint16
Data:[[54]
 [54]
 [56]
 [57]
 [46]
 [57]
 [53]
 [52]
 [50]
 [53]
 [49]
 [57]
 [57]
 [57]
 [57]
 [57]
 [57]
 [53]
 [45]
 [48]
 [32]
 [54]
 [54]
 [56]
 [57]
 [46]
 [57]
 [53]
 [51]
 [52]
 [57]
 [54]
 [45]
 [49]] 
------------------------ Dataset: 1Bz ------------------------
shape: (40, 1), dtype: uint16
Data:[[53]
 [57]
 [48]
 [55]
 [46]
 [56]
 [52]
 [49]
 [54]
 [55]
 [57]
 [57]
 [57]
 [57]
 [57]
 [57]
 [57]
 [53]
 [45]
 [48]
 [32]
 [53]
 [57]
 [48]
 [55]
 [46]
 [56]
 [52]
 [49]
 [54]
 [54]
 [53]
 [57]
 [57]
 [57]
 [57]
 [57]
 [57]
 [45]
 [49]] 
------------------------ Dataset: 1C ------------------------
