shape: (1, 6), dtype: uint32
Data:[[3707764736          2          1          1       1671          1]] 
------------------------ Dataset: NBb ------------------------
shape: (39, 1), dtype: uint16
Data:[[54]
 [55]
 [55]
 [49]
 [46]
 [53]
 [53]
 [52]
 [49]
 [51]
 [49]
 [57]
 [57]
 [57]
 [57]
 [57]
 [57]
 [45]
 [48]
 [32]
 [54]
 [55]
 [55]
 [49]
 [46]
 [53]
 [53]
 [56]
 [49]
 [49]
 [56]
 [57]
 [57]
 [57]
 [57]
 [57]
 [57]
 [45]
 [49]] 
------------------------ Dataset: NBc ------------------------
shape: (33, 1), dtype: uint16
Data:[[54]
 [50]
 [56]
 [52]
 [46]
 [51]
 [52]
 [51]
 [57]
 [53]
 [52]
 [57]
 [57]
 [57]
 [57]
 [57]
 [57]
 [45]
 [48]
 [32]
 [54]
 [50]
 [56]
 [52]
 [46]
 [51]
 [52]
 [55]
 [57]
 [50]
 [49]
 [45]
 [49]] 
------------------------ Dataset: NBd ------------------------
shape: (27, 1), dtype: uint16
Data:[[54]
 [51]
 [48]
 [48]
 [46]
 [49]
 [48]
 [53]
 [56]
 [56]
 [50]
 [45]
 [48]
 [32]
 [54]
 [51]
 [48]
 [48]
 [46]
 [49]
 [48]
 [50]
 [48]
 [57]
 [57]
 [45]
 [49]] 
------------------------ Dataset: NBe ------------------------
shape: (27, 1), dtype: uint16
Data:[[54]
 [51]
 [49]
 [53]
 [46]
 [57]
 [56]
 [55]
 [50]
 [49]
 [50]
 [45]
 [48]
 [32]
 [54]
 [51]
 [49]
 [53]
 [46]
 [57]
 [56]
 [51]
 [55]
 [57]
 [50]
 [45]
 [49]] 
------------------------ Dataset: NBf ------------------------
shape: (33, 1), dtype: uint16
Data:[[54]
 [51]
 [51]
 [49]
 [46]
 [56]
 [48]
 [53]
 [57]
 [51]
 [52]
 [45]
 [48]
 [32]
 [54]
 [51]
 [51]
 [49]
 [46]
 [56]
 [49]
 [52]
 [57]
 [55]
 [52]
 [57]
 [57]
 [57]
 [57]
 [57]
 [57]
 [45]
 [49]] 
------------------------ Dataset: NBg ------------------------
shape: (20, 1), dtype: uint16
Data:[[54]
 [52]
 [57]
 [54]
 [46]
 [57]
 [54]
 [54]
 [48]
 [57]
 [54]
 [57]
 [57]
 [57]
 [57]
 [57]
 [57]
 [53]
 [45]
 [48]] 
------------------------ Dataset: NBh ------------------------
shape: (13, 1), dtype: uint16
Data:[[54]
 [53]
 [49]
 [50]
 [46]
 [55]
 [52]
 [49]
 [57]
 [50]
 [54]
 [45]
 [48]] 
------------------------ Dataset: NBi ------------------------
shape: (39, 1), dtype: uint16
Data:[[54]
 [53]
 [50]
 [56]
 [46]
 [53]
 [54]
 [50]
 [49]
 [57]
 [54]
 [57]
 [57]
 [57]
 [57]
 [57]
 [57]
 [45]
 [48]
 [32]
 [54]
 [53]
 [50]
 [56]
 [46]
 [53]
 [55]
 [48]
 [49]
 [53]
 [52]
 [57]
 [57]
 [57]
 [57]
 [57]
 [57]
 [45]
 [49]] 
------------------------ Dataset: NBj ------------------------
shape: (32, 1), dtype: uint16
Data:[[54]
 [48]
 [50]
 [52]
 [46]
 [49]
 [52]
 [55]
 [53]
 [56]
 [51]
 [57]
 [57]
 [57]
 [57]
 [57]
 [57]
 [45]
 [48]
 [32]
 [54]
 [48]
 [50]
 [52]
 [46]
 [49]
 [53]
 [48]
 [57]
 [50]
 [45]
 [49]] 
------------------------ Dataset: NBk ------------------------
shape: (34, 1), dtype: uint16
Data:[[54]
 [48]
 [51]
 [57]
 [46]
 [56]
 [57]
 [51]
 [56]
 [50]
 [55]
 [45]
 [48]
 [32]
 [54]
 [48]
 [51]
 [57]
 [46]
 [56]
 [56]
 [57]
 [56]
 [49]
 [52]
 [57]
 [57]
 [57]
 [57]
 [57]
 [57]
 [53]
 [45]
 [49]] 
------------------------ Dataset: NBl ------------------------
shape: (27, 1), dtype: uint16
Data:[[54]
 [48]
 [53]
 [53]
 [46]
 [53]
 [53]
 [52]
 [50]
 [52]
 [52]
 [45]
 [48]
 [32]
 [54]
 [48]
 [53]
 [53]
 [46]
 [53]
 [54]
 [55]
 [55]
 [54]
 [56]
 [45]
 [49]] 
------------------------ Dataset: NBm ------------------------
shape: (27, 1), dtype: uint16
Data:[[54]
 [48]
 [55]
 [49]
 [46]
 [53]
 [48]
 [54]
 [53]
 [56]
 [57]
 [45]
 [48]
 [32]
 [54]
 [48]
 [55]
 [49]
 [46]
 [52]
 [57]
 [57]
 [56]
 [49]
 [54]
 [45]
 [49]] 
------------------------ Dataset: NBn ------------------------
shape: (26, 1), dtype: uint16
Data:[[53]
 [54]
 [51]
 [50]
 [46]
 [51]
 [54]
 [53]
 [53]
 [53]
 [54]
 [45]
 [48]
 [32]
 [53]
 [54]
 [51]
 [50]
 [46]
 [51]
 [54]
 [49]
 [54]
 [52]
 [45]
 [49]] 
------------------------ Dataset: NBo ------------------------
shape: (33, 1), dtype: uint16
Data:[[53]
 [54]
 [52]
 [56]
 [46]
 [48]
 [53]
 [51]
 [53]
 [57]
 [55]
 [45]
 [48]
 [32]
 [53]
 [54]
 [52]
 [56]
 [46]
 [48]
 [52]
 [57]
 [55]
 [48]
 [49]
 [57]
 [57]
 [57]
 [57]
 [57]
 [57]
 [45]
 [49]] 
------------------------ Dataset: NBp ------------------------
shape: (33, 1), dtype: uint16
Data:[[53]
 [54]
 [54]
 [51]
 [46]
 [55]
 [57]
 [48]
 [48]
 [50]
 [51]
 [45]
 [48]
 [32]
 [53]
 [54]
 [54]
 [51]
 [46]
 [55]
 [57]
 [48]
 [48]
 [52]
 [56]
 [57]
 [57]
 [57]
 [57]
 [57]
 [57]
 [45]
 [49]] 
------------------------ Dataset: NBq ------------------------
shape: (27, 1), dtype: uint16
Data:[[53]
 [54]
 [55]
 [57]
 [46]
 [53]
 [50]
 [57]
 [53]
 [55]
 [56]
 [45]
 [48]
 [32]
 [53]
 [54]
 [55]
 [57]
 [46]
 [53]
 [50]
 [53]
 [53]
 [56]
 [54]
 [45]
 [49]] 
------------------------ Dataset: NBr ------------------------
shape: (32, 1), dtype: uint16
Data:[[53]
 [56]
 [48]
 [53]
 [46]
 [56]
 [51]
 [51]
 [55]
 [56]
 [53]
 [57]
 [57]
 [57]
 [57]
 [57]
 [57]
 [45]
 [48]
 [32]
 [53]
 [56]
 [48]
 [53]
 [46]
 [56]
 [51]
 [48]
 [51]
 [50]
 [45]
 [49]] 
------------------------ Dataset: NBs ------------------------
shape: (39, 1), dtype: uint16
Data:[[54]
 [52]
 [49]
 [56]
 [46]
 [53]
 [56]
 [57]
 [56]
 [57]
 [55]
 [57]
 [57]
 [57]
 [57]
 [57]
 [57]
 [45]
 [48]
 [32]
 [54]
 [52]
 [49]
 [56]
 [46]
 [53]
 [57]
 [55]
 [49]
 [54]
 [55]
 [57]
 [57]
 [57]
 [57]
 [57]
 [57]
 [45]
 [49]] 
------------------------ Dataset: NBt ------------------------
shape: (33, 1), dtype: uint16
Data:[[54]
 [54]
 [49]
 [48]
 [46]
 [54]
 [57]
 [52]
 [57]
 [50]
 [51]
 [45]
 [48]
 [32]
 [54]
 [54]
 [49]
 [48]
 [46]
 [54]
 [57]
 [53]
 [48]
 [48]
 [54]
 [57]
 [57]
 [57]
 [57]
 [57]
 [57]
 [45]
 [49]] 
------------------------ Dataset: NBu ------------------------
shape: (33, 1), dtype: uint16
Data:[[54]
 [54]
 [50]
 [54]
 [46]
 [54]
 [49]
 [52]
 [55]
 [56]
 [56]
 [45]
 [48]
 [32]
 [54]
 [54]
 [50]
 [54]
 [46]
 [54]
 [49]
 [52]
 [56]
 [53]
 [48]
 [57]
 [57]
 [57]
 [57]
 [57]
 [57]
 [45]
 [49]] 
------------------------ Dataset: NBv ------------------------
shape: (33, 1), dtype: uint16
Data:[[54]
 [54]
 [52]
 [50]
 [46]
 [51]
 [57]
 [52]
 [49]
 [51]
 [49]
 [57]
 [57]
 [57]
 [57]
 [57]
 [57]
 [45]
 [48]
 [32]
 [54]
 [54]
 [52]
 [50]
 [46]
 [51]
 [57]
 [48]
 [50]
 [51]
 [53]
 [45]
 [49]] 
------------------------ Dataset: NBw ------------------------
shape: (40, 1), dtype: uint16
Data:[[54]
 [54]
 [53]
 [56]
 [46]
 [48]
 [57]
 [56]
 [53]
 [55]
 [56]
 [57]
 [57]
 [57]
 [57]
 [57]
 [57]
 [53]
 [45]
 [48]
 [32]
 [54]
 [54]
 [53]
 [56]
 [46]
 [49]
 [48]
 [50]
 [54]
 [54]
 [52]
 [57]
 [57]
 [57]
 [57]
 [57]
 [57]
 [45]
 [49]] 
------------------------ Dataset: NBx ------------------------
shape: (33, 1), dtype: uint16
Data:[[54]
 [54]
 [55]
 [51]
 [46]
 [57]
 [55]
 [53]
 [52]
 [50]
 [54]
 [45]
 [48]
 [32]
 [54]
 [54]
 [55]
 [51]
 [46]
 [57]
 [55]
 [53]
 [52]
 [51]
 [49]
 [57]
 [57]
 [57]
 [57]
 [57]
 [57]
 [45]
 [49]] 
------------------------ Dataset: NBy ------------------------
shape: (27, 1), dtype: uint16
Data:[[54]
 [54]
 [56]
 [57]
 [46]
 [56]
 [57]
 [54]
 [48]
 [51]
 [56]
 [45]
 [48]
 [32]
 [54]
 [54]
 [56]
 [57]
 [46]
 [57]
 [48]
 [49]
 [50]
 [56]
 [53]
 [45]
 [49]] 
------------------------ Dataset: NBz ------------------------
shape: (41, 1), dtype: uint16
Data:[[53]
 [57]
 [48]
 [55]
 [46]
 [55]
 [56]
 [53]
 [55]
 [53]
 [51]
 [57]
 [57]
 [57]
 [57]
 [57]
 [57]
 [53]
 [45]
 [48]
 [32]
 [53]
 [57]
 [48]
 [55]
 [46]
 [55]
 [57]
 [51]
 [55]
 [57]
 [49]
 [57]
 [57]
 [57]
 [57]
 [57]
 [57]
 [53]
 [45]
 [49]] 
------------------------ Dataset: NC ------------------------
