shape: (1, 6), dtype: uint32
Data:[[3707764736          2          1          1        991          1]] 
------------------------ Dataset: yqb ------------------------
shape: (27, 1), dtype: uint16
Data:[[54]
 [55]
 [54]
 [56]
 [46]
 [54]
 [57]
 [48]
 [49]
 [53]
 [54]
 [45]
 [48]
 [32]
 [54]
 [55]
 [54]
 [56]
 [46]
 [54]
 [56]
 [54]
 [50]
 [51]
 [49]
 [45]
 [49]] 
------------------------ Dataset: yqc ------------------------
shape: (27, 1), dtype: uint16
Data:[[54]
 [50]
 [56]
 [49]
 [46]
 [52]
 [56]
 [57]
 [57]
 [54]
 [50]
 [45]
 [48]
 [32]
 [54]
 [50]
 [56]
 [49]
 [46]
 [52]
 [56]
 [54]
 [48]
 [48]
 [54]
 [45]
 [49]] 
------------------------ Dataset: yqd ------------------------
shape: (34, 1), dtype: uint16
Data:[[54]
 [50]
 [57]
 [55]
 [46]
 [50]
 [53]
 [56]
 [55]
 [53]
 [51]
 [57]
 [57]
 [57]
 [57]
 [57]
 [57]
 [53]
 [45]
 [48]
 [32]
 [54]
 [50]
 [57]
 [55]
 [46]
 [50]
 [53]
 [53]
 [54]
 [53]
 [50]
 [45]
 [49]] 
------------------------ Dataset: yqe ------------------------
shape: (27, 1), dtype: uint16
Data:[[54]
 [51]
 [49]
 [51]
 [46]
 [49]
 [50]
 [57]
 [57]
 [54]
 [50]
 [45]
 [48]
 [32]
 [54]
 [51]
 [49]
 [51]
 [46]
 [49]
 [51]
 [51]
 [56]
 [55]
 [56]
 [45]
 [49]] 
------------------------ Dataset: yqf ------------------------
shape: (27, 1), dtype: uint16
Data:[[54]
 [51]
 [50]
 [56]
 [46]
 [57]
 [53]
 [56]
 [48]
 [53]
 [50]
 [45]
 [48]
 [32]
 [54]
 [51]
 [50]
 [56]
 [46]
 [57]
 [53]
 [56]
 [48]
 [53]
 [50]
 [45]
 [49]] 
------------------------ Dataset: yqg ------------------------
shape: (27, 1), dtype: uint16
Data:[[54]
 [51]
 [52]
 [52]
 [46]
 [55]
 [57]
 [49]
 [54]
 [52]
 [54]
 [45]
 [48]
 [32]
 [54]
 [51]
 [52]
 [52]
 [46]
 [55]
 [57]
 [52]
 [48]
 [56]
 [51]
 [45]
 [49]] 
------------------------ Dataset: yqh ------------------------
shape: (34, 1), dtype: uint16
Data:[[54]
 [53]
 [48]
 [57]
 [46]
 [56]
 [56]
 [50]
 [51]
 [52]
 [56]
 [57]
 [57]
 [57]
 [57]
 [57]
 [57]
 [53]
 [45]
 [48]
 [32]
 [54]
 [53]
 [48]
 [57]
 [46]
 [56]
 [56]
 [50]
 [51]
 [50]
 [51]
 [45]
 [49]] 
------------------------ Dataset: yqi ------------------------
shape: (39, 1), dtype: uint16
Data:[[54]
 [53]
 [50]
 [53]
 [46]
 [54]
 [57]
 [48]
 [48]
 [50]
 [48]
 [57]
 [57]
 [57]
 [57]
 [57]
 [57]
 [45]
 [48]
 [32]
 [54]
 [53]
 [50]
 [53]
 [46]
 [54]
 [56]
 [54]
 [48]
 [55]
 [51]
 [57]
 [57]
 [57]
 [57]
 [57]
 [57]
 [45]
 [49]] 
------------------------ Dataset: yqj ------------------------
shape: (27, 1), dtype: uint16
Data:[[54]
 [48]
 [50]
 [49]
 [46]
 [50]
 [56]
 [54]
 [50]
 [49]
 [50]
 [45]
 [48]
 [32]
 [54]
 [48]
 [50]
 [49]
 [46]
 [50]
 [56]
 [57]
 [56]
 [53]
 [52]
 [45]
 [49]] 
------------------------ Dataset: yqk ------------------------
shape: (32, 1), dtype: uint16
Data:[[54]
 [48]
 [51]
 [55]
 [46]
 [48]
 [54]
 [54]
 [55]
 [56]
 [45]
 [48]
 [32]
 [54]
 [48]
 [51]
 [55]
 [46]
 [48]
 [55]
 [52]
 [48]
 [49]
 [52]
 [57]
 [57]
 [57]
 [57]
 [57]
 [57]
 [45]
 [49]] 
------------------------ Dataset: yql ------------------------
shape: (33, 1), dtype: uint16
Data:[[54]
 [48]
 [53]
 [50]
 [46]
 [54]
 [57]
 [53]
 [52]
 [57]
 [50]
 [45]
 [48]
 [32]
 [54]
 [48]
 [53]
 [50]
 [46]
 [54]
 [57]
 [48]
 [53]
 [52]
 [57]
 [57]
 [57]
 [57]
 [57]
 [57]
 [57]
 [45]
 [49]] 
------------------------ Dataset: yqm ------------------------
shape: (33, 1), dtype: uint16
Data:[[54]
 [48]
 [54]
 [56]
 [46]
 [54]
 [49]
 [49]
 [53]
 [57]
 [54]
 [45]
 [48]
 [32]
 [54]
 [48]
 [54]
 [56]
 [46]
 [54]
 [49]
 [49]
 [53]
 [57]
 [49]
 [57]
 [57]
 [57]
 [57]
 [57]
 [57]
 [45]
 [49]] 
------------------------ Dataset: yqn ------------------------
shape: (13, 1), dtype: uint16
Data:[[54]
 [48]
 [56]
 [52]
 [46]
 [53]
 [50]
 [49]
 [57]
 [56]
 [55]
 [45]
 [48]] 
------------------------ Dataset: yqo ------------------------
shape: (27, 1), dtype: uint16
Data:[[53]
 [54]
 [52]
 [53]
 [46]
 [50]
 [48]
 [55]
 [52]
 [48]
 [50]
 [45]
 [48]
 [32]
 [53]
 [54]
 [52]
 [53]
 [46]
 [50]
 [49]
 [52]
 [54]
 [50]
 [51]
 [45]
 [49]] 
------------------------ Dataset: yqp ------------------------
shape: (27, 1), dtype: uint16
Data:[[53]
 [54]
 [54]
 [48]
 [46]
 [57]
 [54]
 [49]
 [55]
 [49]
 [54]
 [45]
 [48]
 [32]
 [53]
 [54]
 [54]
 [48]
 [46]
 [57]
 [53]
 [56]
 [51]
 [53]
 [51]
 [45]
 [49]] 
------------------------ Dataset: yqq ------------------------
shape: (27, 1), dtype: uint16
Data:[[53]
 [54]
 [55]
 [54]
 [46]
 [54]
 [53]
 [55]
 [53]
 [49]
 [53]
 [45]
 [48]
 [32]
 [53]
 [54]
 [55]
 [54]
 [46]
 [54]
 [53]
 [51]
 [55]
 [48]
 [51]
 [45]
 [49]] 
------------------------ Dataset: yqr ------------------------
shape: (40, 1), dtype: uint16
Data:[[53]
 [54]
 [57]
 [50]
 [46]
 [52]
 [51]
 [51]
 [53]
 [53]
 [49]
 [57]
 [57]
 [57]
 [57]
 [57]
 [57]
 [53]
 [45]
 [48]
 [32]
 [53]
 [54]
 [57]
 [50]
 [46]
 [52]
 [51]
 [55]
 [53]
 [56]
 [54]
 [57]
 [57]
 [57]
 [57]
 [57]
 [57]
 [45]
 [49]] 
------------------------ Dataset: yqs ------------------------
shape: (33, 1), dtype: uint16
Data:[[54]
 [52]
 [49]
 [53]
 [46]
 [55]
 [52]
 [50]
 [48]
 [49]
 [55]
 [45]
 [48]
 [32]
 [54]
 [52]
 [49]
 [53]
 [46]
 [55]
 [51]
 [56]
 [48]
 [56]
 [50]
 [57]
 [57]
 [57]
 [57]
 [57]
 [57]
 [45]
 [49]] 
------------------------ Dataset: yqt ------------------------
shape: (33, 1), dtype: uint16
Data:[[54]
 [54]
 [48]
 [55]
 [46]
 [56]
 [49]
 [56]
 [48]
 [53]
 [56]
 [57]
 [57]
 [57]
 [57]
 [57]
 [57]
 [45]
 [48]
 [32]
 [54]
 [54]
 [48]
 [55]
 [46]
 [56]
 [49]
 [52]
 [50]
 [52]
 [49]
 [45]
 [49]] 
------------------------ Dataset: yqu ------------------------
shape: (27, 1), dtype: uint16
Data:[[54]
 [54]
 [50]
 [51]
 [46]
 [55]
 [52]
 [54]
 [48]
 [49]
 [50]
 [45]
 [48]
 [32]
 [54]
 [54]
 [50]
 [51]
 [46]
 [55]
 [52]
 [50]
 [48]
 [56]
 [53]
 [45]
 [49]] 
------------------------ Dataset: yqv ------------------------
shape: (27, 1), dtype: uint16
Data:[[54]
 [54]
 [51]
 [57]
 [46]
 [53]
 [56]
 [48]
 [57]
 [57]
 [54]
 [45]
 [48]
 [32]
 [54]
 [54]
 [51]
 [57]
 [46]
 [53]
 [56]
 [50]
 [51]
 [49]
 [51]
 [45]
 [49]] 
------------------------ Dataset: yqw ------------------------
shape: (39, 1), dtype: uint16
Data:[[54]
 [54]
 [53]
 [53]
 [46]
 [49]
 [57]
 [48]
 [49]
 [52]
 [51]
 [57]
 [57]
 [57]
 [57]
 [57]
 [57]
 [45]
 [48]
 [32]
 [54]
 [54]
 [53]
 [53]
 [46]
 [49]
 [57]
 [54]
 [50]
 [55]
 [52]
 [57]
 [57]
 [57]
 [57]
 [57]
 [57]
 [45]
 [49]] 
------------------------ Dataset: yqx ------------------------
shape: (33, 1), dtype: uint16
Data:[[54]
 [54]
 [55]
 [49]
 [46]
 [48]
 [57]
 [52]
 [50]
 [54]
 [51]
 [57]
 [57]
 [57]
 [57]
 [57]
 [57]
 [45]
 [48]
 [32]
 [54]
 [54]
 [55]
 [49]
 [46]
 [48]
 [57]
 [49]
 [57]
 [54]
 [49]
 [45]
 [49]] 
------------------------ Dataset: yqy ------------------------
shape: (13, 1), dtype: uint16
Data:[[54]
 [54]
 [56]
 [54]
 [46]
 [57]
 [57]
 [55]
 [52]
 [52]
 [53]
 [45]
 [49]] 
------------------------ Dataset: yqz ------------------------
shape: (33, 1), dtype: uint16
Data:[[53]
 [57]
 [48]
 [52]
 [46]
 [57]
 [48]
 [54]
 [50]
 [56]
 [55]
 [57]
 [57]
 [57]
 [57]
 [57]
 [57]
 [45]
 [48]
 [32]
 [53]
 [57]
 [48]
 [52]
 [46]
 [57]
 [48]
 [57]
 [55]
 [57]
 [51]
 [45]
 [49]] 
------------------------ Dataset: yr ------------------------
