shape: (1, 6), dtype: uint32
Data:[[3707764736          2          1          1        123          1]] 
------------------------ Dataset: dcb ------------------------
shape: (27, 1), dtype: uint16
Data:[[54]
 [55]
 [54]
 [53]
 [46]
 [48]
 [50]
 [54]
 [52]
 [50]
 [49]
 [45]
 [48]
 [32]
 [54]
 [55]
 [54]
 [53]
 [46]
 [48]
 [50]
 [48]
 [57]
 [50]
 [53]
 [45]
 [49]] 
------------------------ Dataset: dcc ------------------------
shape: (33, 1), dtype: uint16
Data:[[54]
 [55]
 [56]
 [48]
 [46]
 [56]
 [56]
 [50]
 [50]
 [51]
 [50]
 [57]
 [57]
 [57]
 [57]
 [57]
 [57]
 [45]
 [48]
 [32]
 [54]
 [55]
 [56]
 [48]
 [46]
 [56]
 [55]
 [56]
 [51]
 [48]
 [50]
 [45]
 [49]] 
------------------------ Dataset: dcd ------------------------
shape: (34, 1), dtype: uint16
Data:[[54]
 [50]
 [57]
 [51]
 [46]
 [54]
 [50]
 [53]
 [57]
 [52]
 [51]
 [45]
 [48]
 [32]
 [54]
 [50]
 [57]
 [51]
 [46]
 [54]
 [51]
 [48]
 [48]
 [50]
 [52]
 [57]
 [57]
 [57]
 [57]
 [57]
 [57]
 [53]
 [45]
 [49]] 
------------------------ Dataset: dce ------------------------
shape: (34, 1), dtype: uint16
Data:[[54]
 [51]
 [48]
 [57]
 [46]
 [52]
 [54]
 [49]
 [56]
 [52]
 [53]
 [45]
 [48]
 [32]
 [54]
 [51]
 [48]
 [57]
 [46]
 [52]
 [53]
 [52]
 [51]
 [48]
 [50]
 [57]
 [57]
 [57]
 [57]
 [57]
 [57]
 [53]
 [45]
 [49]] 
------------------------ Dataset: dcf ------------------------
shape: (40, 1), dtype: uint16
Data:[[54]
 [51]
 [50]
 [53]
 [46]
 [50]
 [55]
 [48]
 [48]
 [49]
 [50]
 [57]
 [57]
 [57]
 [57]
 [57]
 [57]
 [45]
 [48]
 [32]
 [54]
 [51]
 [50]
 [53]
 [46]
 [50]
 [54]
 [57]
 [56]
 [54]
 [50]
 [57]
 [57]
 [57]
 [57]
 [57]
 [57]
 [53]
 [45]
 [49]] 
------------------------ Dataset: dcg ------------------------
shape: (27, 1), dtype: uint16
Data:[[54]
 [51]
 [52]
 [49]
 [46]
 [49]
 [50]
 [55]
 [53]
 [57]
 [55]
 [45]
 [48]
 [32]
 [54]
 [51]
 [52]
 [49]
 [46]
 [49]
 [50]
 [55]
 [53]
 [57]
 [50]
 [45]
 [49]] 
------------------------ Dataset: dch ------------------------
shape: (33, 1), dtype: uint16
Data:[[54]
 [53]
 [48]
 [54]
 [46]
 [50]
 [51]
 [57]
 [52]
 [51]
 [57]
 [57]
 [57]
 [57]
 [57]
 [57]
 [57]
 [45]
 [48]
 [32]
 [54]
 [53]
 [48]
 [54]
 [46]
 [50]
 [51]
 [52]
 [48]
 [53]
 [55]
 [45]
 [49]] 
------------------------ Dataset: dci ------------------------
shape: (27, 1), dtype: uint16
Data:[[54]
 [53]
 [50]
 [50]
 [46]
 [48]
 [53]
 [49]
 [50]
 [48]
 [54]
 [45]
 [48]
 [32]
 [54]
 [53]
 [50]
 [50]
 [46]
 [48]
 [52]
 [53]
 [56]
 [50]
 [49]
 [45]
 [49]] 
------------------------ Dataset: dcj ------------------------
shape: (27, 1), dtype: uint16
Data:[[54]
 [48]
 [49]
 [55]
 [46]
 [54]
 [50]
 [50]
 [52]
 [48]
 [57]
 [45]
 [48]
 [32]
 [54]
 [48]
 [49]
 [55]
 [46]
 [54]
 [49]
 [55]
 [55]
 [57]
 [52]
 [45]
 [49]] 
------------------------ Dataset: dck ------------------------
shape: (33, 1), dtype: uint16
Data:[[54]
 [48]
 [51]
 [51]
 [46]
 [52]
 [51]
 [55]
 [55]
 [48]
 [57]
 [57]
 [57]
 [57]
 [57]
 [57]
 [57]
 [45]
 [48]
 [32]
 [54]
 [48]
 [51]
 [51]
 [46]
 [52]
 [51]
 [51]
 [56]
 [54]
 [56]
 [45]
 [49]] 
------------------------ Dataset: dcl ------------------------
shape: (27, 1), dtype: uint16
Data:[[54]
 [48]
 [52]
 [57]
 [46]
 [48]
 [51]
 [57]
 [48]
 [52]
 [51]
 [45]
 [48]
 [32]
 [54]
 [48]
 [52]
 [57]
 [46]
 [48]
 [51]
 [53]
 [48]
 [56]
 [57]
 [45]
 [49]] 
------------------------ Dataset: dcm ------------------------
shape: (33, 1), dtype: uint16
Data:[[54]
 [48]
 [54]
 [52]
 [46]
 [57]
 [50]
 [54]
 [51]
 [55]
 [53]
 [57]
 [57]
 [57]
 [57]
 [57]
 [57]
 [45]
 [48]
 [32]
 [54]
 [48]
 [54]
 [52]
 [46]
 [57]
 [50]
 [52]
 [54]
 [49]
 [52]
 [45]
 [49]] 
------------------------ Dataset: dcn ------------------------
shape: (33, 1), dtype: uint16
Data:[[54]
 [48]
 [56]
 [48]
 [46]
 [56]
 [49]
 [51]
 [55]
 [53]
 [50]
 [57]
 [57]
 [57]
 [57]
 [57]
 [57]
 [45]
 [48]
 [32]
 [54]
 [48]
 [56]
 [48]
 [46]
 [56]
 [49]
 [55]
 [55]
 [53]
 [57]
 [45]
 [49]] 
------------------------ Dataset: dco ------------------------
shape: (27, 1), dtype: uint16
Data:[[53]
 [54]
 [52]
 [49]
 [46]
 [53]
 [56]
 [49]
 [54]
 [48]
 [49]
 [45]
 [48]
 [32]
 [53]
 [54]
 [52]
 [49]
 [46]
 [53]
 [55]
 [55]
 [57]
 [53]
 [51]
 [45]
 [49]] 
------------------------ Dataset: dcp ------------------------
shape: (27, 1), dtype: uint16
Data:[[53]
 [54]
 [53]
 [55]
 [46]
 [51]
 [49]
 [55]
 [53]
 [57]
 [51]
 [45]
 [48]
 [32]
 [53]
 [54]
 [53]
 [55]
 [46]
 [51]
 [50]
 [49]
 [53]
 [50]
 [52]
 [45]
 [49]] 
------------------------ Dataset: dcq ------------------------
shape: (33, 1), dtype: uint16
Data:[[53]
 [54]
 [55]
 [51]
 [46]
 [48]
 [52]
 [49]
 [54]
 [48]
 [57]
 [45]
 [48]
 [32]
 [53]
 [54]
 [55]
 [51]
 [46]
 [48]
 [52]
 [48]
 [48]
 [48]
 [56]
 [57]
 [57]
 [57]
 [57]
 [57]
 [57]
 [45]
 [49]] 
------------------------ Dataset: dcr ------------------------
shape: (26, 1), dtype: uint16
Data:[[53]
 [54]
 [56]
 [56]
 [46]
 [56]
 [48]
 [50]
 [48]
 [54]
 [45]
 [48]
 [32]
 [53]
 [54]
 [56]
 [56]
 [46]
 [55]
 [57]
 [57]
 [54]
 [54]
 [54]
 [45]
 [49]] 
------------------------ Dataset: dcs ------------------------
shape: (33, 1), dtype: uint16
Data:[[53]
 [56]
 [49]
 [53]
 [46]
 [48]
 [53]
 [55]
 [55]
 [49]
 [53]
 [45]
 [48]
 [32]
 [53]
 [56]
 [49]
 [53]
 [46]
 [48]
 [53]
 [51]
 [54]
 [54]
 [57]
 [57]
 [57]
 [57]
 [57]
 [57]
 [57]
 [45]
 [49]] 
------------------------ Dataset: dct ------------------------
shape: (40, 1), dtype: uint16
Data:[[54]
 [54]
 [48]
 [52]
 [46]
 [49]
 [50]
 [56]
 [52]
 [50]
 [53]
 [57]
 [57]
 [57]
 [57]
 [57]
 [57]
 [45]
 [48]
 [32]
 [54]
 [54]
 [48]
 [52]
 [46]
 [49]
 [50]
 [56]
 [54]
 [54]
 [50]
 [57]
 [57]
 [57]
 [57]
 [57]
 [57]
 [53]
 [45]
 [49]] 
------------------------ Dataset: dcu ------------------------
shape: (26, 1), dtype: uint16
Data:[[54]
 [54]
 [50]
 [48]
 [46]
 [49]
 [48]
 [54]
 [48]
 [55]
 [45]
 [48]
 [32]
 [54]
 [54]
 [50]
 [48]
 [46]
 [49]
 [49]
 [48]
 [48]
 [55]
 [49]
 [45]
 [49]] 
------------------------ Dataset: dcv ------------------------
shape: (33, 1), dtype: uint16
Data:[[54]
 [54]
 [51]
 [53]
 [46]
 [57]
 [53]
 [52]
 [51]
 [49]
 [50]
 [45]
 [48]
 [32]
 [54]
 [54]
 [51]
 [53]
 [46]
 [57]
 [53]
 [48]
 [49]
 [54]
 [55]
 [57]
 [57]
 [57]
 [57]
 [57]
 [57]
 [45]
 [49]] 
------------------------ Dataset: dcw ------------------------
shape: (34, 1), dtype: uint16
Data:[[54]
 [54]
 [53]
 [49]
 [46]
 [53]
 [54]
 [53]
 [56]
 [52]
 [53]
 [57]
 [57]
 [57]
 [57]
 [57]
 [57]
 [53]
 [45]
 [48]
 [32]
 [54]
 [54]
 [53]
 [49]
 [46]
 [53]
 [54]
 [49]
 [55]
 [52]
 [56]
 [45]
 [49]] 
------------------------ Dataset: dcx ------------------------
shape: (27, 1), dtype: uint16
Data:[[54]
 [54]
 [54]
 [55]
 [46]
 [52]
 [49]
 [52]
 [48]
 [54]
 [55]
 [45]
 [48]
 [32]
 [54]
 [54]
 [54]
 [55]
 [46]
 [52]
 [49]
 [52]
 [48]
 [56]
 [52]
 [45]
 [49]] 
------------------------ Dataset: dcy ------------------------
shape: (39, 1), dtype: uint16
Data:[[54]
 [54]
 [56]
 [51]
 [46]
 [51]
 [52]
 [50]
 [52]
 [49]
 [55]
 [57]
 [57]
 [57]
 [57]
 [57]
 [57]
 [45]
 [48]
 [32]
 [54]
 [54]
 [56]
 [51]
 [46]
 [51]
 [52]
 [49]
 [53]
 [48]
 [57]
 [57]
 [57]
 [57]
 [57]
 [57]
 [57]
 [45]
 [49]] 
------------------------ Dataset: dcz ------------------------
shape: (27, 1), dtype: uint16
Data:[[53]
 [57]
 [48]
 [49]
 [46]
 [50]
 [52]
 [57]
 [55]
 [55]
 [49]
 [45]
 [48]
 [32]
 [53]
 [57]
 [48]
 [49]
 [46]
 [50]
 [52]
 [57]
 [55]
 [57]
 [53]
 [45]
 [49]] 
------------------------ Dataset: dd ------------------------
