shape: (1, 6), dtype: uint32
Data:[[3707764736          2          1          1        263          1]] 
------------------------ Dataset: web ------------------------
shape: (33, 1), dtype: uint16
Data:[[54]
 [55]
 [54]
 [53]
 [46]
 [54]
 [49]
 [56]
 [49]
 [48]
 [56]
 [45]
 [48]
 [32]
 [54]
 [55]
 [54]
 [53]
 [46]
 [54]
 [50]
 [50]
 [49]
 [55]
 [49]
 [57]
 [57]
 [57]
 [57]
 [57]
 [57]
 [45]
 [49]] 
------------------------ Dataset: wec ------------------------
shape: (33, 1), dtype: uint16
Data:[[54]
 [55]
 [56]
 [49]
 [46]
 [52]
 [55]
 [48]
 [48]
 [53]
 [48]
 [57]
 [57]
 [57]
 [57]
 [57]
 [57]
 [45]
 [48]
 [32]
 [54]
 [55]
 [56]
 [49]
 [46]
 [52]
 [55]
 [56]
 [50]
 [55]
 [51]
 [45]
 [49]] 
------------------------ Dataset: wed ------------------------
shape: (34, 1), dtype: uint16
Data:[[54]
 [50]
 [57]
 [52]
 [46]
 [50]
 [48]
 [54]
 [50]
 [48]
 [52]
 [57]
 [57]
 [57]
 [57]
 [57]
 [57]
 [53]
 [45]
 [48]
 [32]
 [54]
 [50]
 [57]
 [52]
 [46]
 [50]
 [48]
 [57]
 [56]
 [54]
 [51]
 [45]
 [49]] 
------------------------ Dataset: wee ------------------------
shape: (33, 1), dtype: uint16
Data:[[54]
 [51]
 [49]
 [48]
 [46]
 [48]
 [51]
 [48]
 [50]
 [49]
 [56]
 [57]
 [57]
 [57]
 [57]
 [57]
 [57]
 [45]
 [48]
 [32]
 [54]
 [51]
 [49]
 [48]
 [46]
 [48]
 [51]
 [54]
 [53]
 [54]
 [49]
 [45]
 [49]] 
------------------------ Dataset: wef ------------------------
shape: (33, 1), dtype: uint16
Data:[[54]
 [51]
 [50]
 [53]
 [46]
 [56]
 [55]
 [55]
 [56]
 [56]
 [56]
 [57]
 [57]
 [57]
 [57]
 [57]
 [57]
 [45]
 [48]
 [32]
 [54]
 [51]
 [50]
 [53]
 [46]
 [56]
 [56]
 [49]
 [57]
 [57]
 [50]
 [45]
 [49]] 
------------------------ Dataset: weg ------------------------
shape: (27, 1), dtype: uint16
Data:[[54]
 [51]
 [52]
 [49]
 [46]
 [55]
 [49]
 [56]
 [54]
 [48]
 [52]
 [45]
 [48]
 [32]
 [54]
 [51]
 [52]
 [49]
 [46]
 [55]
 [49]
 [56]
 [49]
 [49]
 [54]
 [45]
 [49]] 
------------------------ Dataset: weh ------------------------
shape: (27, 1), dtype: uint16
Data:[[54]
 [53]
 [48]
 [54]
 [46]
 [56]
 [50]
 [54]
 [48]
 [49]
 [51]
 [45]
 [48]
 [32]
 [54]
 [53]
 [48]
 [54]
 [46]
 [56]
 [50]
 [50]
 [48]
 [53]
 [57]
 [45]
 [49]] 
------------------------ Dataset: wei ------------------------
shape: (39, 1), dtype: uint16
Data:[[54]
 [53]
 [50]
 [50]
 [46]
 [54]
 [51]
 [52]
 [48]
 [54]
 [52]
 [57]
 [57]
 [57]
 [57]
 [57]
 [57]
 [45]
 [48]
 [32]
 [54]
 [53]
 [50]
 [50]
 [46]
 [54]
 [51]
 [55]
 [57]
 [54]
 [53]
 [57]
 [57]
 [57]
 [57]
 [57]
 [57]
 [45]
 [49]] 
------------------------ Dataset: wej ------------------------
shape: (26, 1), dtype: uint16
Data:[[54]
 [48]
 [49]
 [56]
 [46]
 [50]
 [49]
 [51]
 [55]
 [57]
 [50]
 [45]
 [48]
 [32]
 [54]
 [48]
 [49]
 [56]
 [46]
 [50]
 [48]
 [57]
 [55]
 [57]
 [45]
 [49]] 
------------------------ Dataset: wek ------------------------
shape: (31, 1), dtype: uint16
Data:[[54]
 [48]
 [51]
 [52]
 [46]
 [48]
 [49]
 [56]
 [52]
 [48]
 [53]
 [57]
 [57]
 [57]
 [57]
 [57]
 [57]
 [45]
 [48]
 [32]
 [54]
 [48]
 [51]
 [52]
 [46]
 [48]
 [48]
 [57]
 [55]
 [45]
 [49]] 
------------------------ Dataset: wel ------------------------
shape: (33, 1), dtype: uint16
Data:[[54]
 [48]
 [52]
 [57]
 [46]
 [54]
 [50]
 [53]
 [56]
 [54]
 [50]
 [45]
 [48]
 [32]
 [54]
 [48]
 [52]
 [57]
 [46]
 [54]
 [50]
 [49]
 [56]
 [51]
 [53]
 [57]
 [57]
 [57]
 [57]
 [57]
 [57]
 [45]
 [49]] 
------------------------ Dataset: wem ------------------------
shape: (33, 1), dtype: uint16
Data:[[54]
 [48]
 [54]
 [53]
 [46]
 [53]
 [50]
 [49]
 [56]
 [49]
 [50]
 [45]
 [48]
 [32]
 [54]
 [48]
 [54]
 [53]
 [46]
 [53]
 [49]
 [55]
 [55]
 [53]
 [48]
 [57]
 [57]
 [57]
 [57]
 [57]
 [57]
 [45]
 [49]] 
------------------------ Dataset: wen ------------------------
shape: (27, 1), dtype: uint16
Data:[[54]
 [48]
 [56]
 [49]
 [46]
 [52]
 [52]
 [51]
 [50]
 [49]
 [51]
 [45]
 [48]
 [32]
 [54]
 [48]
 [56]
 [49]
 [46]
 [52]
 [52]
 [55]
 [50]
 [57]
 [52]
 [45]
 [49]] 
------------------------ Dataset: weo ------------------------
shape: (34, 1), dtype: uint16
Data:[[53]
 [54]
 [52]
 [50]
 [46]
 [49]
 [54]
 [49]
 [56]
 [48]
 [54]
 [57]
 [57]
 [57]
 [57]
 [57]
 [57]
 [53]
 [45]
 [48]
 [32]
 [53]
 [54]
 [52]
 [50]
 [46]
 [49]
 [54]
 [53]
 [53]
 [57]
 [54]
 [45]
 [49]] 
------------------------ Dataset: wep ------------------------
shape: (27, 1), dtype: uint16
Data:[[53]
 [54]
 [53]
 [55]
 [46]
 [56]
 [57]
 [55]
 [55]
 [49]
 [52]
 [45]
 [48]
 [32]
 [53]
 [54]
 [53]
 [55]
 [46]
 [57]
 [48]
 [49]
 [55]
 [48]
 [55]
 [45]
 [49]] 
------------------------ Dataset: weq ------------------------
shape: (33, 1), dtype: uint16
Data:[[53]
 [54]
 [55]
 [51]
 [46]
 [54]
 [50]
 [50]
 [55]
 [55]
 [48]
 [57]
 [57]
 [57]
 [57]
 [57]
 [57]
 [45]
 [48]
 [32]
 [53]
 [54]
 [55]
 [51]
 [46]
 [54]
 [50]
 [50]
 [56]
 [50]
 [56]
 [45]
 [49]] 
------------------------ Dataset: wer ------------------------
shape: (27, 1), dtype: uint16
Data:[[53]
 [54]
 [56]
 [57]
 [46]
 [51]
 [56]
 [57]
 [54]
 [56]
 [49]
 [45]
 [48]
 [32]
 [53]
 [54]
 [56]
 [57]
 [46]
 [51]
 [57]
 [51]
 [53]
 [54]
 [57]
 [45]
 [49]] 
------------------------ Dataset: wes ------------------------
shape: (14, 1), dtype: uint16
Data:[[103]
 [ 97]
 [122]
 [101]
 [ 95]
 [110]
 [111]
 [114]
 [109]
 [ 97]
 [108]
 [ 49]
 [ 95]
 [121]] 
------------------------ Dataset: wet ------------------------
shape: (13, 1), dtype: uint16
Data:[[54]
 [54]
 [48]
 [52]
 [46]
 [55]
 [50]
 [57]
 [49]
 [50]
 [55]
 [45]
 [48]] 
------------------------ Dataset: weu ------------------------
shape: (40, 1), dtype: uint16
Data:[[54]
 [54]
 [50]
 [48]
 [46]
 [55]
 [48]
 [57]
 [51]
 [56]
 [53]
 [57]
 [57]
 [57]
 [57]
 [57]
 [57]
 [53]
 [45]
 [48]
 [32]
 [54]
 [54]
 [50]
 [48]
 [46]
 [55]
 [49]
 [50]
 [53]
 [48]
 [57]
 [57]
 [57]
 [57]
 [57]
 [57]
 [57]
 [45]
 [49]] 
------------------------ Dataset: wev ------------------------
shape: (26, 1), dtype: uint16
Data:[[54]
 [54]
 [51]
 [54]
 [46]
 [53]
 [53]
 [56]
 [49]
 [52]
 [45]
 [48]
 [32]
 [54]
 [54]
 [51]
 [54]
 [46]
 [53]
 [53]
 [56]
 [49]
 [51]
 [52]
 [45]
 [49]] 
------------------------ Dataset: wew ------------------------
shape: (39, 1), dtype: uint16
Data:[[54]
 [54]
 [53]
 [50]
 [46]
 [49]
 [52]
 [50]
 [54]
 [48]
 [50]
 [57]
 [57]
 [57]
 [57]
 [57]
 [57]
 [45]
 [48]
 [32]
 [54]
 [54]
 [53]
 [50]
 [46]
 [49]
 [52]
 [54]
 [49]
 [51]
 [53]
 [57]
 [57]
 [57]
 [57]
 [57]
 [57]
 [45]
 [49]] 
------------------------ Dataset: wex ------------------------
shape: (27, 1), dtype: uint16
Data:[[54]
 [54]
 [54]
 [55]
 [46]
 [57]
 [57]
 [56]
 [50]
 [53]
 [54]
 [45]
 [48]
 [32]
 [54]
 [54]
 [54]
 [56]
 [46]
 [48]
 [48]
 [50]
 [49]
 [48]
 [56]
 [45]
 [49]] 
------------------------ Dataset: wey ------------------------
shape: (26, 1), dtype: uint16
Data:[[54]
 [54]
 [56]
 [51]
 [46]
 [57]
 [49]
 [57]
 [56]
 [50]
 [45]
 [48]
 [32]
 [54]
 [54]
 [56]
 [51]
 [46]
 [57]
 [50]
 [53]
 [50]
 [51]
 [50]
 [45]
 [49]] 
------------------------ Dataset: wez ------------------------
shape: (33, 1), dtype: uint16
Data:[[53]
 [57]
 [48]
 [49]
 [46]
 [56]
 [52]
 [57]
 [55]
 [54]
 [53]
 [57]
 [57]
 [57]
 [57]
 [57]
 [57]
 [45]
 [48]
 [32]
 [53]
 [57]
 [48]
 [49]
 [46]
 [56]
 [53]
 [52]
 [48]
 [50]
 [51]
 [45]
 [49]] 
------------------------ Dataset: wf ------------------------
