shape: (1, 6), dtype: uint32
Data:[[3707764736          2          1          1        907          1]] 
------------------------ Dataset: apb ------------------------
shape: (31, 1), dtype: uint16
Data:[[54]
 [55]
 [54]
 [56]
 [46]
 [51]
 [52]
 [50]
 [50]
 [45]
 [48]
 [32]
 [54]
 [55]
 [54]
 [56]
 [46]
 [51]
 [51]
 [56]
 [51]
 [57]
 [51]
 [57]
 [57]
 [57]
 [57]
 [57]
 [57]
 [45]
 [49]] 
------------------------ Dataset: apc ------------------------
shape: (19, 1), dtype: uint16
Data:[[54]
 [50]
 [56]
 [49]
 [46]
 [49]
 [49]
 [56]
 [48]
 [51]
 [49]
 [57]
 [57]
 [57]
 [57]
 [57]
 [57]
 [45]
 [48]] 
------------------------ Dataset: apd ------------------------
shape: (33, 1), dtype: uint16
Data:[[54]
 [50]
 [57]
 [54]
 [46]
 [57]
 [48]
 [49]
 [56]
 [57]
 [55]
 [45]
 [48]
 [32]
 [54]
 [50]
 [57]
 [54]
 [46]
 [56]
 [57]
 [55]
 [57]
 [52]
 [48]
 [57]
 [57]
 [57]
 [57]
 [57]
 [57]
 [45]
 [49]] 
------------------------ Dataset: ape ------------------------
shape: (33, 1), dtype: uint16
Data:[[54]
 [51]
 [49]
 [50]
 [46]
 [55]
 [55]
 [49]
 [50]
 [57]
 [49]
 [57]
 [57]
 [57]
 [57]
 [57]
 [57]
 [45]
 [48]
 [32]
 [54]
 [51]
 [49]
 [50]
 [46]
 [55]
 [55]
 [49]
 [51]
 [48]
 [57]
 [45]
 [49]] 
------------------------ Dataset: apf ------------------------
shape: (26, 1), dtype: uint16
Data:[[54]
 [51]
 [50]
 [56]
 [46]
 [54]
 [48]
 [53]
 [56]
 [56]
 [45]
 [48]
 [32]
 [54]
 [51]
 [50]
 [56]
 [46]
 [54]
 [49]
 [54]
 [53]
 [55]
 [52]
 [45]
 [49]] 
------------------------ Dataset: apg ------------------------
shape: (34, 1), dtype: uint16
Data:[[54]
 [51]
 [52]
 [52]
 [46]
 [52]
 [51]
 [52]
 [53]
 [55]
 [54]
 [45]
 [48]
 [32]
 [54]
 [51]
 [52]
 [52]
 [46]
 [52]
 [52]
 [50]
 [49]
 [55]
 [50]
 [57]
 [57]
 [57]
 [57]
 [57]
 [57]
 [53]
 [45]
 [49]] 
------------------------ Dataset: aph ------------------------
shape: (33, 1), dtype: uint16
Data:[[54]
 [53]
 [48]
 [57]
 [46]
 [53]
 [51]
 [48]
 [49]
 [55]
 [53]
 [45]
 [48]
 [32]
 [54]
 [53]
 [48]
 [57]
 [46]
 [53]
 [51]
 [52]
 [48]
 [57]
 [53]
 [57]
 [57]
 [57]
 [57]
 [57]
 [57]
 [45]
 [49]] 
------------------------ Dataset: api ------------------------
shape: (39, 1), dtype: uint16
Data:[[54]
 [53]
 [50]
 [53]
 [46]
 [51]
 [51]
 [52]
 [52]
 [48]
 [54]
 [57]
 [57]
 [57]
 [57]
 [57]
 [57]
 [45]
 [48]
 [32]
 [54]
 [53]
 [50]
 [53]
 [46]
 [51]
 [51]
 [52]
 [48]
 [56]
 [49]
 [57]
 [57]
 [57]
 [57]
 [57]
 [57]
 [45]
 [49]] 
------------------------ Dataset: apj ------------------------
shape: (27, 1), dtype: uint16
Data:[[54]
 [48]
 [50]
 [48]
 [46]
 [57]
 [52]
 [49]
 [48]
 [56]
 [54]
 [45]
 [48]
 [32]
 [54]
 [48]
 [50]
 [48]
 [46]
 [57]
 [52]
 [50]
 [50]
 [49]
 [50]
 [45]
 [49]] 
------------------------ Dataset: apk ------------------------
shape: (33, 1), dtype: uint16
Data:[[54]
 [48]
 [51]
 [54]
 [46]
 [55]
 [50]
 [49]
 [56]
 [54]
 [49]
 [57]
 [57]
 [57]
 [57]
 [57]
 [57]
 [45]
 [48]
 [32]
 [54]
 [48]
 [51]
 [54]
 [46]
 [55]
 [49]
 [55]
 [55]
 [50]
 [52]
 [45]
 [49]] 
------------------------ Dataset: apl ------------------------
shape: (27, 1), dtype: uint16
Data:[[54]
 [48]
 [53]
 [50]
 [46]
 [51]
 [52]
 [52]
 [52]
 [54]
 [52]
 [45]
 [48]
 [32]
 [54]
 [48]
 [53]
 [50]
 [46]
 [51]
 [52]
 [51]
 [51]
 [52]
 [52]
 [45]
 [49]] 
------------------------ Dataset: apm ------------------------
shape: (27, 1), dtype: uint16
Data:[[54]
 [48]
 [54]
 [56]
 [46]
 [50]
 [52]
 [49]
 [55]
 [51]
 [57]
 [45]
 [48]
 [32]
 [54]
 [48]
 [54]
 [56]
 [46]
 [50]
 [52]
 [53]
 [55]
 [55]
 [57]
 [45]
 [49]] 
------------------------ Dataset: apn ------------------------
shape: (26, 1), dtype: uint16
Data:[[54]
 [48]
 [56]
 [52]
 [46]
 [49]
 [55]
 [55]
 [56]
 [48]
 [57]
 [45]
 [48]
 [32]
 [54]
 [48]
 [56]
 [52]
 [46]
 [49]
 [56]
 [49]
 [55]
 [53]
 [45]
 [49]] 
------------------------ Dataset: apo ------------------------
shape: (27, 1), dtype: uint16
Data:[[53]
 [54]
 [52]
 [52]
 [46]
 [56]
 [53]
 [55]
 [53]
 [52]
 [53]
 [45]
 [48]
 [32]
 [53]
 [54]
 [52]
 [52]
 [46]
 [56]
 [54]
 [51]
 [52]
 [56]
 [51]
 [45]
 [49]] 
------------------------ Dataset: app ------------------------
shape: (27, 1), dtype: uint16
Data:[[53]
 [54]
 [54]
 [48]
 [46]
 [54]
 [49]
 [48]
 [57]
 [55]
 [51]
 [45]
 [48]
 [32]
 [53]
 [54]
 [54]
 [48]
 [46]
 [54]
 [48]
 [54]
 [54]
 [50]
 [54]
 [45]
 [49]] 
------------------------ Dataset: apq ------------------------
shape: (33, 1), dtype: uint16
Data:[[53]
 [54]
 [55]
 [54]
 [46]
 [51]
 [48]
 [49]
 [54]
 [49]
 [49]
 [57]
 [57]
 [57]
 [57]
 [57]
 [57]
 [45]
 [48]
 [32]
 [53]
 [54]
 [55]
 [54]
 [46]
 [50]
 [57]
 [55]
 [54]
 [48]
 [51]
 [45]
 [49]] 
------------------------ Dataset: apr ------------------------
shape: (27, 1), dtype: uint16
Data:[[53]
 [54]
 [57]
 [50]
 [46]
 [48]
 [56]
 [53]
 [53]
 [53]
 [54]
 [45]
 [48]
 [32]
 [53]
 [54]
 [57]
 [50]
 [46]
 [48]
 [56]
 [57]
 [53]
 [57]
 [52]
 [45]
 [49]] 
------------------------ Dataset: aps ------------------------
shape: (33, 1), dtype: uint16
Data:[[54]
 [52]
 [49]
 [53]
 [46]
 [51]
 [55]
 [55]
 [57]
 [55]
 [55]
 [57]
 [57]
 [57]
 [57]
 [57]
 [57]
 [53]
 [45]
 [48]
 [32]
 [54]
 [52]
 [49]
 [53]
 [46]
 [51]
 [56]
 [50]
 [48]
 [54]
 [45]
 [49]] 
------------------------ Dataset: apt ------------------------
shape: (33, 1), dtype: uint16
Data:[[54]
 [54]
 [48]
 [55]
 [46]
 [52]
 [53]
 [52]
 [49]
 [48]
 [56]
 [57]
 [57]
 [57]
 [57]
 [57]
 [57]
 [45]
 [48]
 [32]
 [54]
 [54]
 [48]
 [55]
 [46]
 [52]
 [53]
 [48]
 [49]
 [53]
 [56]
 [45]
 [49]] 
------------------------ Dataset: apu ------------------------
shape: (34, 1), dtype: uint16
Data:[[54]
 [54]
 [50]
 [51]
 [46]
 [52]
 [48]
 [49]
 [48]
 [49]
 [52]
 [57]
 [57]
 [57]
 [57]
 [57]
 [57]
 [53]
 [45]
 [48]
 [32]
 [54]
 [54]
 [50]
 [51]
 [46]
 [51]
 [57]
 [55]
 [52]
 [52]
 [57]
 [45]
 [49]] 
------------------------ Dataset: apv ------------------------
shape: (39, 1), dtype: uint16
Data:[[54]
 [54]
 [51]
 [57]
 [46]
 [50]
 [51]
 [48]
 [50]
 [48]
 [48]
 [57]
 [57]
 [57]
 [57]
 [57]
 [57]
 [45]
 [48]
 [32]
 [54]
 [54]
 [51]
 [57]
 [46]
 [50]
 [51]
 [52]
 [50]
 [51]
 [50]
 [57]
 [57]
 [57]
 [57]
 [57]
 [57]
 [45]
 [49]] 
------------------------ Dataset: apw ------------------------
shape: (31, 1), dtype: uint16
Data:[[54]
 [54]
 [53]
 [52]
 [46]
 [56]
 [52]
 [54]
 [48]
 [50]
 [53]
 [57]
 [57]
 [57]
 [57]
 [57]
 [57]
 [45]
 [48]
 [32]
 [54]
 [54]
 [53]
 [52]
 [46]
 [56]
 [53]
 [48]
 [49]
 [45]
 [49]] 
------------------------ Dataset: apx ------------------------
shape: (33, 1), dtype: uint16
Data:[[54]
 [54]
 [55]
 [48]
 [46]
 [55]
 [53]
 [57]
 [50]
 [57]
 [51]
 [45]
 [48]
 [32]
 [54]
 [54]
 [55]
 [48]
 [46]
 [55]
 [52]
 [52]
 [48]
 [50]
 [50]
 [57]
 [57]
 [57]
 [57]
 [57]
 [57]
 [45]
 [49]] 
------------------------ Dataset: apy ------------------------
shape: (33, 1), dtype: uint16
Data:[[54]
 [54]
 [56]
 [54]
 [46]
 [54]
 [53]
 [52]
 [51]
 [57]
 [56]
 [45]
 [48]
 [32]
 [54]
 [54]
 [56]
 [54]
 [46]
 [54]
 [52]
 [55]
 [54]
 [49]
 [48]
 [57]
 [57]
 [57]
 [57]
 [57]
 [57]
 [45]
 [49]] 
------------------------ Dataset: apz ------------------------
shape: (39, 1), dtype: uint16
Data:[[53]
 [57]
 [48]
 [52]
 [46]
 [53]
 [53]
 [55]
 [56]
 [56]
 [52]
 [57]
 [57]
 [57]
 [57]
 [57]
 [57]
 [45]
 [48]
 [32]
 [53]
 [57]
 [48]
 [52]
 [46]
 [53]
 [54]
 [54]
 [57]
 [52]
 [51]
 [57]
 [57]
 [57]
 [57]
 [57]
 [57]
 [45]
 [49]] 
------------------------ Dataset: aq ------------------------
