shape: (1, 6), dtype: uint32
Data:[[3707764736          2          1          1        144          1]] 
------------------------ Dataset: ycb ------------------------
shape: (33, 1), dtype: uint16
Data:[[54]
 [55]
 [54]
 [53]
 [46]
 [49]
 [48]
 [54]
 [50]
 [54]
 [49]
 [45]
 [48]
 [32]
 [54]
 [55]
 [54]
 [53]
 [46]
 [49]
 [48]
 [54]
 [52]
 [54]
 [48]
 [57]
 [57]
 [57]
 [57]
 [57]
 [57]
 [45]
 [49]] 
------------------------ Dataset: ycc ------------------------
shape: (34, 1), dtype: uint16
Data:[[54]
 [55]
 [56]
 [48]
 [46]
 [57]
 [54]
 [50]
 [50]
 [52]
 [53]
 [45]
 [48]
 [32]
 [54]
 [55]
 [56]
 [48]
 [46]
 [57]
 [54]
 [54]
 [49]
 [57]
 [48]
 [57]
 [57]
 [57]
 [57]
 [57]
 [57]
 [53]
 [45]
 [49]] 
------------------------ Dataset: ycd ------------------------
shape: (33, 1), dtype: uint16
Data:[[54]
 [50]
 [57]
 [51]
 [46]
 [55]
 [49]
 [51]
 [57]
 [57]
 [55]
 [57]
 [57]
 [57]
 [57]
 [57]
 [57]
 [45]
 [48]
 [32]
 [54]
 [50]
 [57]
 [51]
 [46]
 [55]
 [48]
 [57]
 [57]
 [50]
 [53]
 [45]
 [49]] 
------------------------ Dataset: yce ------------------------
shape: (33, 1), dtype: uint16
Data:[[54]
 [51]
 [48]
 [57]
 [46]
 [53]
 [51]
 [56]
 [55]
 [56]
 [48]
 [57]
 [57]
 [57]
 [57]
 [57]
 [57]
 [45]
 [48]
 [32]
 [54]
 [51]
 [48]
 [57]
 [46]
 [53]
 [52]
 [49]
 [57]
 [50]
 [49]
 [45]
 [49]] 
------------------------ Dataset: ycf ------------------------
shape: (32, 1), dtype: uint16
Data:[[54]
 [51]
 [50]
 [53]
 [46]
 [51]
 [53]
 [51]
 [56]
 [54]
 [55]
 [57]
 [57]
 [57]
 [57]
 [57]
 [57]
 [45]
 [48]
 [32]
 [54]
 [51]
 [50]
 [53]
 [46]
 [51]
 [53]
 [55]
 [57]
 [52]
 [45]
 [49]] 
------------------------ Dataset: ycg ------------------------
shape: (27, 1), dtype: uint16
Data:[[54]
 [51]
 [52]
 [49]
 [46]
 [50]
 [49]
 [48]
 [48]
 [55]
 [55]
 [45]
 [48]
 [32]
 [54]
 [51]
 [52]
 [49]
 [46]
 [50]
 [49]
 [52]
 [48]
 [56]
 [56]
 [45]
 [49]] 
------------------------ Dataset: ych ------------------------
shape: (40, 1), dtype: uint16
Data:[[54]
 [53]
 [48]
 [54]
 [46]
 [51]
 [49]
 [56]
 [48]
 [57]
 [51]
 [57]
 [57]
 [57]
 [57]
 [57]
 [57]
 [45]
 [48]
 [32]
 [54]
 [53]
 [48]
 [54]
 [46]
 [51]
 [50]
 [50]
 [48]
 [54]
 [55]
 [57]
 [57]
 [57]
 [57]
 [57]
 [57]
 [53]
 [45]
 [49]] 
------------------------ Dataset: yci ------------------------
shape: (39, 1), dtype: uint16
Data:[[54]
 [53]
 [50]
 [50]
 [46]
 [49]
 [51]
 [52]
 [50]
 [57]
 [48]
 [57]
 [57]
 [57]
 [57]
 [57]
 [57]
 [45]
 [48]
 [32]
 [54]
 [53]
 [50]
 [50]
 [46]
 [49]
 [51]
 [48]
 [48]
 [57]
 [57]
 [57]
 [57]
 [57]
 [57]
 [57]
 [57]
 [45]
 [49]] 
------------------------ Dataset: ycj ------------------------
shape: (33, 1), dtype: uint16
Data:[[54]
 [48]
 [49]
 [55]
 [46]
 [55]
 [49]
 [52]
 [56]
 [49]
 [52]
 [45]
 [48]
 [32]
 [54]
 [48]
 [49]
 [55]
 [46]
 [55]
 [48]
 [57]
 [56]
 [52]
 [57]
 [57]
 [57]
 [57]
 [57]
 [57]
 [57]
 [45]
 [49]] 
------------------------ Dataset: yck ------------------------
shape: (41, 1), dtype: uint16
Data:[[54]
 [48]
 [51]
 [51]
 [46]
 [53]
 [50]
 [50]
 [56]
 [53]
 [50]
 [57]
 [57]
 [57]
 [57]
 [57]
 [57]
 [53]
 [45]
 [48]
 [32]
 [54]
 [48]
 [51]
 [51]
 [46]
 [53]
 [50]
 [54]
 [55]
 [54]
 [49]
 [57]
 [57]
 [57]
 [57]
 [57]
 [57]
 [53]
 [45]
 [49]] 
------------------------ Dataset: ycl ------------------------
shape: (25, 1), dtype: uint16
Data:[[54]
 [48]
 [52]
 [57]
 [46]
 [49]
 [51]
 [48]
 [57]
 [54]
 [49]
 [45]
 [48]
 [32]
 [54]
 [48]
 [52]
 [57]
 [46]
 [49]
 [50]
 [49]
 [56]
 [45]
 [49]] 
------------------------ Dataset: ycm ------------------------
shape: (32, 1), dtype: uint16
Data:[[54]
 [48]
 [54]
 [53]
 [46]
 [48]
 [48]
 [53]
 [55]
 [54]
 [56]
 [57]
 [57]
 [57]
 [57]
 [57]
 [57]
 [45]
 [48]
 [32]
 [54]
 [48]
 [54]
 [53]
 [46]
 [48]
 [48]
 [57]
 [55]
 [50]
 [45]
 [49]] 
------------------------ Dataset: ycn ------------------------
shape: (33, 1), dtype: uint16
Data:[[54]
 [48]
 [56]
 [48]
 [46]
 [57]
 [49]
 [55]
 [56]
 [52]
 [55]
 [45]
 [48]
 [32]
 [54]
 [48]
 [56]
 [48]
 [46]
 [57]
 [49]
 [51]
 [56]
 [49]
 [48]
 [57]
 [57]
 [57]
 [57]
 [57]
 [57]
 [45]
 [49]] 
------------------------ Dataset: yco ------------------------
shape: (26, 1), dtype: uint16
Data:[[53]
 [54]
 [52]
 [49]
 [46]
 [54]
 [54]
 [49]
 [53]
 [52]
 [45]
 [48]
 [32]
 [53]
 [54]
 [52]
 [49]
 [46]
 [54]
 [54]
 [53]
 [55]
 [55]
 [51]
 [45]
 [49]] 
------------------------ Dataset: ycp ------------------------
shape: (33, 1), dtype: uint16
Data:[[53]
 [54]
 [53]
 [55]
 [46]
 [52]
 [48]
 [53]
 [54]
 [48]
 [56]
 [45]
 [48]
 [32]
 [53]
 [54]
 [53]
 [55]
 [46]
 [52]
 [48]
 [49]
 [54]
 [52]
 [56]
 [57]
 [57]
 [57]
 [57]
 [57]
 [57]
 [45]
 [49]] 
------------------------ Dataset: ycq ------------------------
shape: (27, 1), dtype: uint16
Data:[[53]
 [54]
 [55]
 [51]
 [46]
 [49]
 [50]
 [51]
 [52]
 [54]
 [56]
 [45]
 [48]
 [32]
 [53]
 [54]
 [55]
 [51]
 [46]
 [49]
 [50]
 [51]
 [53]
 [57]
 [57]
 [45]
 [49]] 
------------------------ Dataset: ycr ------------------------
shape: (34, 1), dtype: uint16
Data:[[53]
 [54]
 [56]
 [56]
 [46]
 [56]
 [56]
 [49]
 [56]
 [50]
 [52]
 [57]
 [57]
 [57]
 [57]
 [57]
 [57]
 [53]
 [45]
 [48]
 [32]
 [53]
 [54]
 [56]
 [56]
 [46]
 [56]
 [55]
 [55]
 [54]
 [52]
 [51]
 [45]
 [49]] 
------------------------ Dataset: ycs ------------------------
shape: (40, 1), dtype: uint16
Data:[[53]
 [56]
 [49]
 [53]
 [46]
 [49]
 [51]
 [55]
 [54]
 [53]
 [52]
 [57]
 [57]
 [57]
 [57]
 [57]
 [57]
 [53]
 [45]
 [48]
 [32]
 [53]
 [56]
 [49]
 [53]
 [46]
 [49]
 [52]
 [49]
 [53]
 [57]
 [55]
 [57]
 [57]
 [57]
 [57]
 [57]
 [57]
 [45]
 [49]] 
------------------------ Dataset: yct ------------------------
shape: (27, 1), dtype: uint16
Data:[[54]
 [54]
 [48]
 [52]
 [46]
 [50]
 [51]
 [52]
 [50]
 [53]
 [52]
 [45]
 [48]
 [32]
 [54]
 [54]
 [48]
 [52]
 [46]
 [50]
 [51]
 [52]
 [48]
 [56]
 [53]
 [45]
 [49]] 
------------------------ Dataset: ycu ------------------------
shape: (27, 1), dtype: uint16
Data:[[54]
 [54]
 [50]
 [48]
 [46]
 [49]
 [57]
 [52]
 [48]
 [54]
 [57]
 [45]
 [48]
 [32]
 [54]
 [54]
 [50]
 [48]
 [46]
 [49]
 [57]
 [52]
 [48]
 [56]
 [50]
 [45]
 [49]] 
------------------------ Dataset: ycv ------------------------
shape: (40, 1), dtype: uint16
Data:[[54]
 [54]
 [51]
 [54]
 [46]
 [48]
 [53]
 [48]
 [54]
 [56]
 [52]
 [57]
 [57]
 [57]
 [57]
 [57]
 [57]
 [45]
 [48]
 [32]
 [54]
 [54]
 [51]
 [54]
 [46]
 [48]
 [53]
 [52]
 [52]
 [53]
 [52]
 [57]
 [57]
 [57]
 [57]
 [57]
 [57]
 [53]
 [45]
 [49]] 
------------------------ Dataset: ycw ------------------------
shape: (27, 1), dtype: uint16
Data:[[54]
 [54]
 [53]
 [49]
 [46]
 [54]
 [52]
 [50]
 [48]
 [57]
 [55]
 [45]
 [48]
 [32]
 [54]
 [54]
 [53]
 [49]
 [46]
 [54]
 [52]
 [55]
 [54]
 [57]
 [53]
 [45]
 [49]] 
------------------------ Dataset: ycx ------------------------
shape: (33, 1), dtype: uint16
Data:[[54]
 [54]
 [54]
 [55]
 [46]
 [53]
 [48]
 [52]
 [55]
 [53]
 [56]
 [57]
 [57]
 [57]
 [57]
 [57]
 [57]
 [53]
 [45]
 [48]
 [32]
 [54]
 [54]
 [54]
 [55]
 [46]
 [53]
 [48]
 [56]
 [49]
 [55]
 [45]
 [49]] 
------------------------ Dataset: ycy ------------------------
shape: (27, 1), dtype: uint16
Data:[[54]
 [54]
 [56]
 [51]
 [46]
 [52]
 [50]
 [54]
 [49]
 [57]
 [55]
 [45]
 [48]
 [32]
 [54]
 [54]
 [56]
 [51]
 [46]
 [52]
 [50]
 [50]
 [49]
 [53]
 [50]
 [45]
 [49]] 
------------------------ Dataset: ycz ------------------------
shape: (27, 1), dtype: uint16
Data:[[53]
 [57]
 [48]
 [49]
 [46]
 [51]
 [52]
 [49]
 [54]
 [50]
 [52]
 [45]
 [48]
 [32]
 [53]
 [57]
 [48]
 [49]
 [46]
 [51]
 [51]
 [55]
 [55]
 [48]
 [52]
 [45]
 [49]] 
------------------------ Dataset: yd ------------------------
