shape: (1, 6), dtype: uint32
Data:[[3707764736          2          1          1        797          1]] 
------------------------ Dataset: lnb ------------------------
shape: (33, 1), dtype: uint16
Data:[[54]
 [55]
 [54]
 [55]
 [46]
 [56]
 [56]
 [50]
 [50]
 [52]
 [48]
 [57]
 [57]
 [57]
 [57]
 [57]
 [57]
 [45]
 [48]
 [32]
 [54]
 [55]
 [54]
 [55]
 [46]
 [56]
 [55]
 [56]
 [49]
 [54]
 [53]
 [45]
 [49]] 
------------------------ Dataset: lnc ------------------------
shape: (33, 1), dtype: uint16
Data:[[54]
 [50]
 [56]
 [48]
 [46]
 [54]
 [52]
 [57]
 [57]
 [56]
 [50]
 [45]
 [48]
 [32]
 [54]
 [50]
 [56]
 [48]
 [46]
 [54]
 [53]
 [51]
 [56]
 [55]
 [53]
 [57]
 [57]
 [57]
 [57]
 [57]
 [57]
 [45]
 [49]] 
------------------------ Dataset: lnd ------------------------
shape: (33, 1), dtype: uint16
Data:[[54]
 [50]
 [57]
 [54]
 [46]
 [52]
 [51]
 [54]
 [50]
 [57]
 [57]
 [57]
 [57]
 [57]
 [57]
 [57]
 [57]
 [45]
 [48]
 [32]
 [54]
 [50]
 [57]
 [54]
 [46]
 [52]
 [51]
 [52]
 [50]
 [53]
 [57]
 [45]
 [49]] 
------------------------ Dataset: lne ------------------------
shape: (34, 1), dtype: uint16
Data:[[54]
 [51]
 [49]
 [50]
 [46]
 [50]
 [56]
 [51]
 [57]
 [56]
 [53]
 [57]
 [57]
 [57]
 [57]
 [57]
 [57]
 [53]
 [45]
 [48]
 [32]
 [54]
 [51]
 [49]
 [50]
 [46]
 [50]
 [56]
 [51]
 [53]
 [57]
 [55]
 [45]
 [49]] 
------------------------ Dataset: lnf ------------------------
shape: (33, 1), dtype: uint16
Data:[[54]
 [51]
 [50]
 [56]
 [46]
 [49]
 [53]
 [53]
 [50]
 [48]
 [49]
 [45]
 [48]
 [32]
 [54]
 [51]
 [50]
 [56]
 [46]
 [49]
 [53]
 [50]
 [53]
 [57]
 [51]
 [57]
 [57]
 [57]
 [57]
 [57]
 [57]
 [45]
 [49]] 
------------------------ Dataset: lng ------------------------
shape: (27, 1), dtype: uint16
Data:[[54]
 [51]
 [52]
 [51]
 [46]
 [57]
 [55]
 [55]
 [56]
 [54]
 [55]
 [45]
 [48]
 [32]
 [54]
 [51]
 [52]
 [51]
 [46]
 [57]
 [55]
 [51]
 [56]
 [56]
 [55]
 [45]
 [49]] 
------------------------ Dataset: lnh ------------------------
shape: (33, 1), dtype: uint16
Data:[[54]
 [53]
 [48]
 [57]
 [46]
 [48]
 [55]
 [57]
 [53]
 [53]
 [51]
 [45]
 [48]
 [32]
 [54]
 [53]
 [48]
 [57]
 [46]
 [48]
 [55]
 [50]
 [57]
 [57]
 [54]
 [57]
 [57]
 [57]
 [57]
 [57]
 [57]
 [45]
 [49]] 
------------------------ Dataset: lni ------------------------
shape: (33, 1), dtype: uint16
Data:[[54]
 [53]
 [50]
 [52]
 [46]
 [56]
 [55]
 [56]
 [48]
 [52]
 [51]
 [45]
 [48]
 [32]
 [54]
 [53]
 [50]
 [52]
 [46]
 [56]
 [56]
 [50]
 [49]
 [51]
 [48]
 [57]
 [57]
 [57]
 [57]
 [57]
 [57]
 [45]
 [49]] 
------------------------ Dataset: lnj ------------------------
shape: (33, 1), dtype: uint16
Data:[[54]
 [48]
 [50]
 [48]
 [46]
 [52]
 [55]
 [57]
 [51]
 [55]
 [53]
 [45]
 [48]
 [32]
 [54]
 [48]
 [50]
 [48]
 [46]
 [52]
 [55]
 [51]
 [48]
 [48]
 [48]
 [57]
 [57]
 [57]
 [57]
 [57]
 [57]
 [45]
 [49]] 
------------------------ Dataset: lnk ------------------------
shape: (33, 1), dtype: uint16
Data:[[54]
 [48]
 [51]
 [54]
 [46]
 [50]
 [54]
 [49]
 [55]
 [49]
 [51]
 [57]
 [57]
 [57]
 [57]
 [57]
 [57]
 [45]
 [48]
 [32]
 [54]
 [48]
 [51]
 [54]
 [46]
 [50]
 [54]
 [53]
 [55]
 [49]
 [51]
 [45]
 [49]] 
------------------------ Dataset: lnl ------------------------
shape: (34, 1), dtype: uint16
Data:[[54]
 [48]
 [53]
 [49]
 [46]
 [56]
 [55]
 [51]
 [53]
 [54]
 [51]
 [57]
 [57]
 [57]
 [57]
 [57]
 [57]
 [53]
 [45]
 [48]
 [32]
 [54]
 [48]
 [53]
 [49]
 [46]
 [56]
 [55]
 [48]
 [51]
 [57]
 [53]
 [45]
 [49]] 
------------------------ Dataset: lnm ------------------------
shape: (33, 1), dtype: uint16
Data:[[54]
 [48]
 [54]
 [55]
 [46]
 [55]
 [55]
 [51]
 [56]
 [51]
 [50]
 [57]
 [57]
 [57]
 [57]
 [57]
 [57]
 [45]
 [48]
 [32]
 [54]
 [48]
 [54]
 [55]
 [46]
 [55]
 [54]
 [57]
 [56]
 [49]
 [56]
 [45]
 [49]] 
------------------------ Dataset: lnn ------------------------
shape: (39, 1), dtype: uint16
Data:[[54]
 [48]
 [56]
 [51]
 [46]
 [55]
 [50]
 [53]
 [55]
 [53]
 [49]
 [57]
 [57]
 [57]
 [57]
 [57]
 [57]
 [45]
 [48]
 [32]
 [54]
 [48]
 [56]
 [51]
 [46]
 [55]
 [50]
 [49]
 [56]
 [48]
 [52]
 [57]
 [57]
 [57]
 [57]
 [57]
 [57]
 [45]
 [49]] 
------------------------ Dataset: lno ------------------------
shape: (33, 1), dtype: uint16
Data:[[53]
 [54]
 [52]
 [52]
 [46]
 [51]
 [57]
 [55]
 [54]
 [50]
 [56]
 [45]
 [48]
 [32]
 [53]
 [54]
 [52]
 [52]
 [46]
 [52]
 [48]
 [51]
 [49]
 [52]
 [55]
 [57]
 [57]
 [57]
 [57]
 [57]
 [57]
 [45]
 [49]] 
------------------------ Dataset: lnp ------------------------
shape: (27, 1), dtype: uint16
Data:[[53]
 [54]
 [54]
 [48]
 [46]
 [49]
 [53]
 [52]
 [54]
 [54]
 [55]
 [45]
 [48]
 [32]
 [53]
 [54]
 [54]
 [48]
 [46]
 [49]
 [53]
 [55]
 [51]
 [52]
 [54]
 [45]
 [49]] 
------------------------ Dataset: lnq ------------------------
shape: (34, 1), dtype: uint16
Data:[[53]
 [54]
 [55]
 [53]
 [46]
 [56]
 [52]
 [53]
 [51]
 [49]
 [54]
 [45]
 [48]
 [32]
 [53]
 [54]
 [55]
 [53]
 [46]
 [56]
 [53]
 [49]
 [56]
 [50]
 [54]
 [57]
 [57]
 [57]
 [57]
 [57]
 [57]
 [53]
 [45]
 [49]] 
------------------------ Dataset: lnr ------------------------
shape: (27, 1), dtype: uint16
Data:[[53]
 [54]
 [57]
 [49]
 [46]
 [54]
 [51]
 [51]
 [54]
 [50]
 [56]
 [45]
 [48]
 [32]
 [53]
 [54]
 [57]
 [49]
 [46]
 [54]
 [50]
 [57]
 [55]
 [55]
 [52]
 [45]
 [49]] 
------------------------ Dataset: lns ------------------------
shape: (27, 1), dtype: uint16
Data:[[54]
 [52]
 [49]
 [52]
 [46]
 [57]
 [48]
 [49]
 [57]
 [56]
 [49]
 [45]
 [48]
 [32]
 [54]
 [52]
 [49]
 [52]
 [46]
 [56]
 [57]
 [56]
 [49]
 [52]
 [55]
 [45]
 [49]] 
------------------------ Dataset: lnt ------------------------
shape: (33, 1), dtype: uint16
Data:[[54]
 [54]
 [48]
 [54]
 [46]
 [57]
 [56]
 [51]
 [55]
 [48]
 [49]
 [45]
 [48]
 [32]
 [54]
 [54]
 [48]
 [54]
 [46]
 [57]
 [55]
 [52]
 [48]
 [55]
 [50]
 [57]
 [57]
 [57]
 [57]
 [57]
 [57]
 [45]
 [49]] 
------------------------ Dataset: lnu ------------------------
shape: (34, 1), dtype: uint16
Data:[[54]
 [54]
 [50]
 [50]
 [46]
 [57]
 [51]
 [48]
 [56]
 [51]
 [53]
 [57]
 [57]
 [57]
 [57]
 [57]
 [57]
 [53]
 [45]
 [48]
 [32]
 [54]
 [54]
 [50]
 [50]
 [46]
 [57]
 [50]
 [54]
 [49]
 [48]
 [51]
 [45]
 [49]] 
------------------------ Dataset: lnv ------------------------
shape: (32, 1), dtype: uint16
Data:[[54]
 [54]
 [51]
 [56]
 [46]
 [55]
 [56]
 [53]
 [50]
 [56]
 [45]
 [48]
 [32]
 [54]
 [54]
 [51]
 [56]
 [46]
 [55]
 [55]
 [52]
 [49]
 [56]
 [55]
 [57]
 [57]
 [57]
 [57]
 [57]
 [57]
 [45]
 [49]] 
------------------------ Dataset: lnw ------------------------
shape: (26, 1), dtype: uint16
Data:[[54]
 [54]
 [53]
 [52]
 [46]
 [51]
 [55]
 [56]
 [49]
 [51]
 [45]
 [48]
 [32]
 [54]
 [54]
 [53]
 [52]
 [46]
 [51]
 [56]
 [50]
 [48]
 [54]
 [56]
 [45]
 [49]] 
------------------------ Dataset: lnx ------------------------
shape: (27, 1), dtype: uint16
Data:[[54]
 [54]
 [55]
 [48]
 [46]
 [50]
 [53]
 [56]
 [48]
 [53]
 [52]
 [45]
 [48]
 [32]
 [54]
 [54]
 [55]
 [48]
 [46]
 [50]
 [54]
 [50]
 [48]
 [52]
 [57]
 [45]
 [49]] 
------------------------ Dataset: lny ------------------------
shape: (39, 1), dtype: uint16
Data:[[54]
 [54]
 [56]
 [54]
 [46]
 [49]
 [56]
 [54]
 [51]
 [54]
 [51]
 [57]
 [57]
 [57]
 [57]
 [57]
 [57]
 [45]
 [48]
 [32]
 [54]
 [54]
 [56]
 [54]
 [46]
 [49]
 [56]
 [50]
 [49]
 [53]
 [57]
 [57]
 [57]
 [57]
 [57]
 [57]
 [57]
 [45]
 [49]] 
------------------------ Dataset: lnz ------------------------
shape: (34, 1), dtype: uint16
Data:[[53]
 [57]
 [48]
 [52]
 [46]
 [48]
 [57]
 [55]
 [55]
 [55]
 [50]
 [57]
 [57]
 [57]
 [57]
 [57]
 [57]
 [53]
 [45]
 [48]
 [32]
 [53]
 [57]
 [48]
 [52]
 [46]
 [48]
 [57]
 [55]
 [55]
 [54]
 [57]
 [45]
 [49]] 
------------------------ Dataset: lo ------------------------
