shape: (1, 6), dtype: uint32
Data:[[3707764736          2          1          1        909          1]] 
------------------------ Dataset: cpb ------------------------
shape: (27, 1), dtype: uint16
Data:[[54]
 [55]
 [54]
 [56]
 [46]
 [51]
 [53]
 [48]
 [49]
 [51]
 [54]
 [45]
 [48]
 [32]
 [54]
 [55]
 [54]
 [56]
 [46]
 [51]
 [52]
 [54]
 [54]
 [53]
 [49]
 [45]
 [49]] 
------------------------ Dataset: cpc ------------------------
shape: (13, 1), dtype: uint16
Data:[[54]
 [50]
 [56]
 [49]
 [46]
 [49]
 [50]
 [54]
 [48]
 [48]
 [50]
 [45]
 [48]] 
------------------------ Dataset: cpd ------------------------
shape: (33, 1), dtype: uint16
Data:[[54]
 [50]
 [57]
 [54]
 [46]
 [57]
 [49]
 [48]
 [57]
 [51]
 [45]
 [48]
 [32]
 [54]
 [50]
 [57]
 [54]
 [46]
 [57]
 [49]
 [49]
 [48]
 [48]
 [48]
 [57]
 [57]
 [57]
 [57]
 [57]
 [57]
 [53]
 [45]
 [49]] 
------------------------ Dataset: cpe ------------------------
shape: (33, 1), dtype: uint16
Data:[[54]
 [51]
 [49]
 [50]
 [46]
 [55]
 [55]
 [52]
 [53]
 [48]
 [55]
 [45]
 [48]
 [32]
 [54]
 [51]
 [49]
 [50]
 [46]
 [55]
 [55]
 [56]
 [48]
 [49]
 [56]
 [57]
 [57]
 [57]
 [57]
 [57]
 [57]
 [45]
 [49]] 
------------------------ Dataset: cpf ------------------------
shape: (33, 1), dtype: uint16
Data:[[54]
 [51]
 [50]
 [56]
 [46]
 [54]
 [49]
 [55]
 [50]
 [53]
 [50]
 [45]
 [48]
 [32]
 [54]
 [51]
 [50]
 [56]
 [46]
 [54]
 [50]
 [55]
 [50]
 [55]
 [53]
 [57]
 [57]
 [57]
 [57]
 [57]
 [57]
 [45]
 [49]] 
------------------------ Dataset: cpg ------------------------
shape: (33, 1), dtype: uint16
Data:[[54]
 [51]
 [52]
 [52]
 [46]
 [52]
 [52]
 [51]
 [57]
 [57]
 [57]
 [57]
 [57]
 [57]
 [57]
 [57]
 [57]
 [53]
 [45]
 [48]
 [32]
 [54]
 [51]
 [52]
 [52]
 [46]
 [52]
 [53]
 [48]
 [49]
 [57]
 [45]
 [49]] 
------------------------ Dataset: cph ------------------------
shape: (27, 1), dtype: uint16
Data:[[54]
 [53]
 [48]
 [57]
 [46]
 [53]
 [51]
 [56]
 [49]
 [48]
 [53]
 [45]
 [48]
 [32]
 [54]
 [53]
 [48]
 [57]
 [46]
 [53]
 [52]
 [50]
 [48]
 [48]
 [49]
 [45]
 [49]] 
------------------------ Dataset: cpi ------------------------
shape: (33, 1), dtype: uint16
Data:[[54]
 [53]
 [50]
 [53]
 [46]
 [51]
 [52]
 [54]
 [48]
 [51]
 [57]
 [57]
 [57]
 [57]
 [57]
 [57]
 [57]
 [45]
 [48]
 [32]
 [54]
 [53]
 [50]
 [53]
 [46]
 [51]
 [52]
 [51]
 [49]
 [48]
 [50]
 [45]
 [49]] 
------------------------ Dataset: cpj ------------------------
shape: (34, 1), dtype: uint16
Data:[[54]
 [48]
 [50]
 [48]
 [46]
 [57]
 [53]
 [48]
 [53]
 [48]
 [51]
 [57]
 [57]
 [57]
 [57]
 [57]
 [57]
 [53]
 [45]
 [48]
 [32]
 [54]
 [48]
 [50]
 [48]
 [46]
 [57]
 [52]
 [56]
 [56]
 [56]
 [55]
 [45]
 [49]] 
------------------------ Dataset: cpk ------------------------
shape: (33, 1), dtype: uint16
Data:[[54]
 [48]
 [51]
 [54]
 [46]
 [55]
 [51]
 [49]
 [50]
 [49]
 [51]
 [57]
 [57]
 [57]
 [57]
 [57]
 [57]
 [45]
 [48]
 [32]
 [54]
 [48]
 [51]
 [54]
 [46]
 [55]
 [51]
 [49]
 [48]
 [48]
 [53]
 [45]
 [49]] 
------------------------ Dataset: cpl ------------------------
shape: (40, 1), dtype: uint16
Data:[[54]
 [48]
 [53]
 [50]
 [46]
 [51]
 [53]
 [50]
 [53]
 [49]
 [54]
 [57]
 [57]
 [57]
 [57]
 [57]
 [57]
 [45]
 [48]
 [32]
 [54]
 [48]
 [53]
 [50]
 [46]
 [51]
 [53]
 [49]
 [57]
 [53]
 [53]
 [57]
 [57]
 [57]
 [57]
 [57]
 [57]
 [53]
 [45]
 [49]] 
------------------------ Dataset: cpm ------------------------
shape: (27, 1), dtype: uint16
Data:[[54]
 [48]
 [54]
 [56]
 [46]
 [50]
 [52]
 [57]
 [55]
 [54]
 [51]
 [45]
 [48]
 [32]
 [54]
 [48]
 [54]
 [56]
 [46]
 [50]
 [53]
 [52]
 [50]
 [54]
 [49]
 [45]
 [49]] 
------------------------ Dataset: cpn ------------------------
shape: (27, 1), dtype: uint16
Data:[[54]
 [48]
 [56]
 [52]
 [46]
 [49]
 [56]
 [53]
 [55]
 [54]
 [55]
 [45]
 [48]
 [32]
 [54]
 [48]
 [56]
 [52]
 [46]
 [49]
 [56]
 [57]
 [55]
 [52]
 [57]
 [45]
 [49]] 
------------------------ Dataset: cpo ------------------------
shape: (34, 1), dtype: uint16
Data:[[53]
 [54]
 [52]
 [52]
 [46]
 [56]
 [54]
 [53]
 [54]
 [53]
 [51]
 [45]
 [48]
 [32]
 [53]
 [54]
 [52]
 [52]
 [46]
 [56]
 [54]
 [57]
 [55]
 [56]
 [51]
 [57]
 [57]
 [57]
 [57]
 [57]
 [57]
 [53]
 [45]
 [49]] 
------------------------ Dataset: cpp ------------------------
shape: (33, 1), dtype: uint16
Data:[[53]
 [54]
 [54]
 [48]
 [46]
 [54]
 [49]
 [55]
 [54]
 [54]
 [48]
 [57]
 [57]
 [57]
 [57]
 [57]
 [57]
 [45]
 [48]
 [32]
 [53]
 [54]
 [54]
 [48]
 [46]
 [54]
 [49]
 [52]
 [48]
 [55]
 [49]
 [45]
 [49]] 
------------------------ Dataset: cpq ------------------------
shape: (32, 1), dtype: uint16
Data:[[53]
 [54]
 [55]
 [54]
 [46]
 [51]
 [48]
 [57]
 [53]
 [51]
 [52]
 [57]
 [57]
 [57]
 [57]
 [57]
 [57]
 [45]
 [48]
 [32]
 [53]
 [54]
 [55]
 [54]
 [46]
 [51]
 [48]
 [53]
 [53]
 [51]
 [45]
 [49]] 
------------------------ Dataset: cpr ------------------------
shape: (39, 1), dtype: uint16
Data:[[53]
 [54]
 [57]
 [50]
 [46]
 [48]
 [57]
 [51]
 [55]
 [53]
 [53]
 [57]
 [57]
 [57]
 [57]
 [57]
 [57]
 [45]
 [48]
 [32]
 [53]
 [54]
 [57]
 [50]
 [46]
 [48]
 [57]
 [55]
 [55]
 [49]
 [48]
 [57]
 [57]
 [57]
 [57]
 [57]
 [57]
 [45]
 [49]] 
------------------------ Dataset: cps ------------------------
shape: (27, 1), dtype: uint16
Data:[[54]
 [52]
 [49]
 [53]
 [46]
 [51]
 [56]
 [54]
 [48]
 [50]
 [56]
 [45]
 [48]
 [32]
 [54]
 [52]
 [49]
 [53]
 [46]
 [51]
 [57]
 [48]
 [55]
 [51]
 [56]
 [45]
 [49]] 
------------------------ Dataset: cpt ------------------------
shape: (27, 1), dtype: uint16
Data:[[54]
 [54]
 [48]
 [55]
 [46]
 [52]
 [54]
 [50]
 [48]
 [52]
 [49]
 [45]
 [48]
 [32]
 [54]
 [54]
 [48]
 [55]
 [46]
 [52]
 [53]
 [56]
 [49]
 [52]
 [54]
 [45]
 [49]] 
------------------------ Dataset: cpu ------------------------
shape: (26, 1), dtype: uint16
Data:[[54]
 [54]
 [50]
 [51]
 [46]
 [52]
 [48]
 [54]
 [48]
 [56]
 [45]
 [48]
 [32]
 [54]
 [54]
 [50]
 [51]
 [46]
 [52]
 [48]
 [50]
 [49]
 [52]
 [56]
 [45]
 [49]] 
------------------------ Dataset: cpv ------------------------
shape: (33, 1), dtype: uint16
Data:[[54]
 [54]
 [51]
 [57]
 [46]
 [50]
 [52]
 [51]
 [54]
 [57]
 [55]
 [57]
 [57]
 [57]
 [57]
 [57]
 [57]
 [45]
 [48]
 [32]
 [54]
 [54]
 [51]
 [57]
 [46]
 [50]
 [52]
 [52]
 [53]
 [51]
 [53]
 [45]
 [49]] 
------------------------ Dataset: cpw ------------------------
shape: (33, 1), dtype: uint16
Data:[[54]
 [54]
 [53]
 [52]
 [46]
 [56]
 [53]
 [52]
 [48]
 [50]
 [54]
 [57]
 [57]
 [57]
 [57]
 [57]
 [57]
 [45]
 [48]
 [32]
 [54]
 [54]
 [53]
 [52]
 [46]
 [56]
 [53]
 [56]
 [49]
 [51]
 [51]
 [45]
 [49]] 
------------------------ Dataset: cpx ------------------------
shape: (27, 1), dtype: uint16
Data:[[54]
 [54]
 [55]
 [48]
 [46]
 [55]
 [53]
 [57]
 [50]
 [57]
 [51]
 [45]
 [48]
 [32]
 [54]
 [54]
 [55]
 [48]
 [46]
 [55]
 [54]
 [52]
 [54]
 [49]
 [57]
 [45]
 [49]] 
------------------------ Dataset: cpy ------------------------
shape: (27, 1), dtype: uint16
Data:[[54]
 [54]
 [56]
 [54]
 [46]
 [54]
 [53]
 [52]
 [51]
 [57]
 [56]
 [45]
 [48]
 [32]
 [54]
 [54]
 [56]
 [54]
 [46]
 [54]
 [53]
 [56]
 [50]
 [57]
 [49]
 [45]
 [49]] 
------------------------ Dataset: cpz ------------------------
shape: (40, 1), dtype: uint16
Data:[[53]
 [57]
 [48]
 [52]
 [46]
 [53]
 [54]
 [55]
 [48]
 [51]
 [53]
 [57]
 [57]
 [57]
 [57]
 [57]
 [57]
 [53]
 [45]
 [48]
 [32]
 [53]
 [57]
 [48]
 [52]
 [46]
 [53]
 [55]
 [55]
 [49]
 [57]
 [48]
 [57]
 [57]
 [57]
 [57]
 [57]
 [57]
 [45]
 [49]] 
------------------------ Dataset: cq ------------------------
