shape: (1, 6), dtype: uint32
Data:[[3707764736          2          1          1        938          1]] 
------------------------ Dataset: Gpb ------------------------
shape: (20, 1), dtype: uint16
Data:[[54]
 [55]
 [54]
 [56]
 [46]
 [52]
 [55]
 [48]
 [55]
 [53]
 [55]
 [57]
 [57]
 [57]
 [57]
 [57]
 [57]
 [53]
 [45]
 [49]] 
------------------------ Dataset: Gpc ------------------------
shape: (27, 1), dtype: uint16
Data:[[54]
 [50]
 [56]
 [49]
 [46]
 [50]
 [52]
 [53]
 [56]
 [51]
 [53]
 [45]
 [48]
 [32]
 [54]
 [50]
 [56]
 [49]
 [46]
 [50]
 [52]
 [57]
 [56]
 [54]
 [50]
 [45]
 [49]] 
------------------------ Dataset: Gpd ------------------------
shape: (27, 1), dtype: uint16
Data:[[54]
 [50]
 [57]
 [55]
 [46]
 [48]
 [50]
 [57]
 [56]
 [53]
 [51]
 [45]
 [48]
 [32]
 [54]
 [50]
 [57]
 [55]
 [46]
 [48]
 [50]
 [54]
 [48]
 [51]
 [55]
 [45]
 [49]] 
------------------------ Dataset: Gpe ------------------------
shape: (40, 1), dtype: uint16
Data:[[54]
 [51]
 [49]
 [50]
 [46]
 [56]
 [57]
 [51]
 [56]
 [56]
 [52]
 [57]
 [57]
 [57]
 [57]
 [57]
 [57]
 [53]
 [45]
 [48]
 [32]
 [54]
 [51]
 [49]
 [50]
 [46]
 [56]
 [57]
 [55]
 [56]
 [52]
 [57]
 [57]
 [57]
 [57]
 [57]
 [57]
 [57]
 [45]
 [49]] 
------------------------ Dataset: Gpf ------------------------
shape: (26, 1), dtype: uint16
Data:[[54]
 [51]
 [50]
 [56]
 [46]
 [55]
 [52]
 [50]
 [48]
 [50]
 [45]
 [48]
 [32]
 [54]
 [51]
 [50]
 [56]
 [46]
 [55]
 [51]
 [56]
 [48]
 [49]
 [56]
 [45]
 [49]] 
------------------------ Dataset: Gpg ------------------------
shape: (13, 1), dtype: uint16
Data:[[54]
 [51]
 [52]
 [52]
 [46]
 [53]
 [53]
 [55]
 [56]
 [57]
 [52]
 [45]
 [48]] 
------------------------ Dataset: Gph ------------------------
shape: (27, 1), dtype: uint16
Data:[[54]
 [53]
 [48]
 [57]
 [46]
 [54]
 [53]
 [56]
 [54]
 [51]
 [54]
 [45]
 [48]
 [32]
 [54]
 [53]
 [48]
 [57]
 [46]
 [54]
 [54]
 [50]
 [48]
 [57]
 [53]
 [45]
 [49]] 
------------------------ Dataset: Gpi ------------------------
shape: (27, 1), dtype: uint16
Data:[[54]
 [53]
 [50]
 [53]
 [46]
 [52]
 [54]
 [54]
 [50]
 [50]
 [49]
 [45]
 [48]
 [32]
 [54]
 [53]
 [50]
 [53]
 [46]
 [52]
 [54]
 [51]
 [54]
 [53]
 [51]
 [45]
 [49]] 
------------------------ Dataset: Gpj ------------------------
shape: (26, 1), dtype: uint16
Data:[[54]
 [48]
 [50]
 [49]
 [46]
 [48]
 [54]
 [56]
 [50]
 [51]
 [51]
 [45]
 [48]
 [32]
 [54]
 [48]
 [50]
 [49]
 [46]
 [48]
 [55]
 [51]
 [56]
 [49]
 [45]
 [49]] 
------------------------ Dataset: Gpk ------------------------
shape: (13, 1), dtype: uint16
Data:[[54]
 [48]
 [51]
 [54]
 [46]
 [56]
 [53]
 [48]
 [49]
 [55]
 [56]
 [45]
 [48]] 
------------------------ Dataset: Gpl ------------------------
shape: (33, 1), dtype: uint16
Data:[[54]
 [48]
 [53]
 [50]
 [46]
 [52]
 [55]
 [52]
 [48]
 [50]
 [52]
 [45]
 [48]
 [32]
 [54]
 [48]
 [53]
 [50]
 [46]
 [52]
 [54]
 [57]
 [57]
 [49]
 [54]
 [57]
 [57]
 [57]
 [57]
 [57]
 [57]
 [45]
 [49]] 
------------------------ Dataset: Gpm ------------------------
shape: (33, 1), dtype: uint16
Data:[[54]
 [48]
 [54]
 [56]
 [46]
 [51]
 [56]
 [52]
 [51]
 [55]
 [51]
 [57]
 [57]
 [57]
 [57]
 [57]
 [57]
 [45]
 [48]
 [32]
 [54]
 [48]
 [54]
 [56]
 [46]
 [51]
 [56]
 [51]
 [57]
 [51]
 [50]
 [45]
 [49]] 
------------------------ Dataset: Gpn ------------------------
shape: (27, 1), dtype: uint16
Data:[[54]
 [48]
 [56]
 [52]
 [46]
 [51]
 [48]
 [53]
 [57]
 [56]
 [55]
 [45]
 [48]
 [32]
 [54]
 [48]
 [56]
 [52]
 [46]
 [51]
 [48]
 [57]
 [56]
 [55]
 [53]
 [45]
 [49]] 
------------------------ Dataset: Gpo ------------------------
shape: (33, 1), dtype: uint16
Data:[[53]
 [54]
 [52]
 [52]
 [46]
 [57]
 [56]
 [54]
 [56]
 [53]
 [55]
 [57]
 [57]
 [57]
 [57]
 [57]
 [57]
 [45]
 [48]
 [32]
 [53]
 [54]
 [52]
 [52]
 [46]
 [57]
 [57]
 [48]
 [50]
 [49]
 [53]
 [45]
 [49]] 
------------------------ Dataset: Gpp ------------------------
shape: (27, 1), dtype: uint16
Data:[[53]
 [54]
 [54]
 [48]
 [46]
 [55]
 [51]
 [55]
 [53]
 [57]
 [49]
 [45]
 [48]
 [32]
 [53]
 [54]
 [54]
 [48]
 [46]
 [55]
 [51]
 [52]
 [50]
 [53]
 [57]
 [45]
 [49]] 
------------------------ Dataset: Gpq ------------------------
shape: (27, 1), dtype: uint16
Data:[[53]
 [54]
 [55]
 [54]
 [46]
 [52]
 [51]
 [56]
 [57]
 [57]
 [56]
 [45]
 [48]
 [32]
 [53]
 [54]
 [55]
 [54]
 [46]
 [52]
 [51]
 [49]
 [48]
 [51]
 [51]
 [45]
 [49]] 
------------------------ Dataset: Gpr ------------------------
shape: (26, 1), dtype: uint16
Data:[[53]
 [54]
 [57]
 [50]
 [46]
 [50]
 [49]
 [54]
 [52]
 [51]
 [55]
 [45]
 [48]
 [32]
 [53]
 [54]
 [57]
 [50]
 [46]
 [50]
 [49]
 [57]
 [52]
 [51]
 [45]
 [49]] 
------------------------ Dataset: Gps ------------------------
shape: (33, 1), dtype: uint16
Data:[[54]
 [52]
 [49]
 [53]
 [46]
 [53]
 [49]
 [55]
 [57]
 [51]
 [56]
 [57]
 [57]
 [57]
 [57]
 [57]
 [57]
 [45]
 [48]
 [32]
 [54]
 [52]
 [49]
 [53]
 [46]
 [53]
 [49]
 [52]
 [49]
 [52]
 [49]
 [45]
 [49]] 
------------------------ Dataset: Gpt ------------------------
shape: (33, 1), dtype: uint16
Data:[[54]
 [54]
 [48]
 [55]
 [46]
 [53]
 [57]
 [57]
 [51]
 [57]
 [52]
 [45]
 [48]
 [32]
 [54]
 [54]
 [48]
 [55]
 [46]
 [53]
 [57]
 [56]
 [53]
 [54]
 [55]
 [57]
 [57]
 [57]
 [57]
 [57]
 [57]
 [45]
 [49]] 
------------------------ Dataset: Gpu ------------------------
shape: (25, 1), dtype: uint16
Data:[[54]
 [54]
 [50]
 [51]
 [46]
 [53]
 [51]
 [48]
 [48]
 [55]
 [45]
 [48]
 [32]
 [54]
 [54]
 [50]
 [51]
 [46]
 [53]
 [50]
 [54]
 [50]
 [53]
 [45]
 [49]] 
------------------------ Dataset: Gpv ------------------------
shape: (33, 1), dtype: uint16
Data:[[54]
 [54]
 [51]
 [57]
 [46]
 [51]
 [54]
 [54]
 [50]
 [49]
 [49]
 [45]
 [48]
 [32]
 [54]
 [54]
 [51]
 [57]
 [46]
 [51]
 [53]
 [56]
 [50]
 [52]
 [49]
 [57]
 [57]
 [57]
 [57]
 [57]
 [57]
 [45]
 [49]] 
------------------------ Dataset: Gpw ------------------------
shape: (33, 1), dtype: uint16
Data:[[54]
 [54]
 [53]
 [52]
 [46]
 [57]
 [55]
 [53]
 [52]
 [56]
 [53]
 [45]
 [48]
 [32]
 [54]
 [54]
 [53]
 [52]
 [46]
 [57]
 [55]
 [56]
 [50]
 [57]
 [48]
 [57]
 [57]
 [57]
 [57]
 [57]
 [57]
 [45]
 [49]] 
------------------------ Dataset: Gpx ------------------------
shape: (27, 1), dtype: uint16
Data:[[54]
 [54]
 [55]
 [48]
 [46]
 [56]
 [55]
 [56]
 [49]
 [52]
 [54]
 [45]
 [48]
 [32]
 [54]
 [54]
 [55]
 [48]
 [46]
 [56]
 [55]
 [52]
 [50]
 [50]
 [56]
 [45]
 [49]] 
------------------------ Dataset: Gpy ------------------------
shape: (33, 1), dtype: uint16
Data:[[54]
 [54]
 [56]
 [54]
 [46]
 [55]
 [55]
 [52]
 [55]
 [53]
 [49]
 [45]
 [48]
 [32]
 [54]
 [54]
 [56]
 [54]
 [46]
 [55]
 [55]
 [57]
 [50]
 [53]
 [54]
 [57]
 [57]
 [57]
 [57]
 [57]
 [57]
 [45]
 [49]] 
------------------------ Dataset: Gpz ------------------------
shape: (34, 1), dtype: uint16
Data:[[53]
 [57]
 [48]
 [52]
 [46]
 [54]
 [57]
 [49]
 [55]
 [57]
 [56]
 [45]
 [48]
 [32]
 [53]
 [57]
 [48]
 [52]
 [46]
 [54]
 [57]
 [52]
 [51]
 [53]
 [57]
 [57]
 [57]
 [57]
 [57]
 [57]
 [57]
 [53]
 [45]
 [49]] 
------------------------ Dataset: Gq ------------------------
