shape: (1, 6), dtype: uint32
Data:[[3707764736          2          1          1        323          1]] 
------------------------ Dataset: wfb ------------------------
shape: (27, 1), dtype: uint16
Data:[[54]
 [55]
 [54]
 [53]
 [46]
 [56]
 [55]
 [52]
 [49]
 [54]
 [50]
 [45]
 [48]
 [32]
 [54]
 [55]
 [54]
 [53]
 [46]
 [56]
 [55]
 [56]
 [50]
 [51]
 [54]
 [45]
 [49]] 
------------------------ Dataset: wfc ------------------------
shape: (27, 1), dtype: uint16
Data:[[54]
 [55]
 [56]
 [49]
 [46]
 [55]
 [50]
 [55]
 [48]
 [54]
 [53]
 [45]
 [48]
 [32]
 [54]
 [55]
 [56]
 [49]
 [46]
 [55]
 [51]
 [48]
 [49]
 [52]
 [49]
 [45]
 [49]] 
------------------------ Dataset: wfd ------------------------
shape: (33, 1), dtype: uint16
Data:[[54]
 [50]
 [57]
 [52]
 [46]
 [52]
 [54]
 [53]
 [56]
 [52]
 [56]
 [57]
 [57]
 [57]
 [57]
 [57]
 [57]
 [45]
 [48]
 [32]
 [54]
 [50]
 [57]
 [52]
 [46]
 [52]
 [54]
 [57]
 [56]
 [53]
 [51]
 [45]
 [49]] 
------------------------ Dataset: wfe ------------------------
shape: (27, 1), dtype: uint16
Data:[[54]
 [51]
 [49]
 [48]
 [46]
 [50]
 [56]
 [53]
 [56]
 [53]
 [53]
 [45]
 [48]
 [32]
 [54]
 [51]
 [49]
 [48]
 [46]
 [50]
 [56]
 [53]
 [56]
 [53]
 [53]
 [45]
 [49]] 
------------------------ Dataset: wff ------------------------
shape: (27, 1), dtype: uint16
Data:[[54]
 [51]
 [50]
 [54]
 [46]
 [49]
 [51]
 [51]
 [56]
 [50]
 [52]
 [45]
 [48]
 [32]
 [54]
 [51]
 [50]
 [54]
 [46]
 [49]
 [51]
 [55]
 [56]
 [51]
 [52]
 [45]
 [49]] 
------------------------ Dataset: wfg ------------------------
shape: (33, 1), dtype: uint16
Data:[[54]
 [51]
 [52]
 [49]
 [46]
 [57]
 [54]
 [54]
 [50]
 [48]
 [48]
 [57]
 [57]
 [57]
 [57]
 [57]
 [57]
 [45]
 [48]
 [32]
 [54]
 [51]
 [52]
 [49]
 [46]
 [57]
 [54]
 [49]
 [57]
 [53]
 [53]
 [45]
 [49]] 
------------------------ Dataset: wfh ------------------------
shape: (27, 1), dtype: uint16
Data:[[54]
 [53]
 [48]
 [55]
 [46]
 [48]
 [55]
 [52]
 [48]
 [49]
 [50]
 [45]
 [48]
 [32]
 [54]
 [53]
 [48]
 [55]
 [46]
 [48]
 [55]
 [52]
 [48]
 [53]
 [55]
 [45]
 [49]] 
------------------------ Dataset: wfi ------------------------
shape: (27, 1), dtype: uint16
Data:[[54]
 [53]
 [50]
 [50]
 [46]
 [56]
 [57]
 [48]
 [51]
 [50]
 [55]
 [45]
 [48]
 [32]
 [54]
 [53]
 [50]
 [50]
 [46]
 [56]
 [56]
 [54]
 [50]
 [53]
 [57]
 [45]
 [49]] 
------------------------ Dataset: wfj ------------------------
shape: (27, 1), dtype: uint16
Data:[[54]
 [48]
 [49]
 [56]
 [46]
 [52]
 [54]
 [49]
 [56]
 [48]
 [56]
 [45]
 [48]
 [32]
 [54]
 [48]
 [49]
 [56]
 [46]
 [52]
 [53]
 [56]
 [49]
 [50]
 [55]
 [45]
 [49]] 
------------------------ Dataset: wfk ------------------------
shape: (33, 1), dtype: uint16
Data:[[54]
 [48]
 [51]
 [52]
 [46]
 [50]
 [54]
 [49]
 [55]
 [51]
 [55]
 [45]
 [48]
 [32]
 [54]
 [48]
 [51]
 [52]
 [46]
 [50]
 [54]
 [53]
 [55]
 [57]
 [49]
 [57]
 [57]
 [57]
 [57]
 [57]
 [57]
 [45]
 [49]] 
------------------------ Dataset: wfl ------------------------
shape: (34, 1), dtype: uint16
Data:[[54]
 [48]
 [52]
 [57]
 [46]
 [56]
 [56]
 [57]
 [57]
 [49]
 [54]
 [45]
 [48]
 [32]
 [54]
 [48]
 [52]
 [57]
 [46]
 [56]
 [57]
 [48]
 [48]
 [57]
 [54]
 [57]
 [57]
 [57]
 [57]
 [57]
 [57]
 [53]
 [45]
 [49]] 
------------------------ Dataset: wfm ------------------------
shape: (26, 1), dtype: uint16
Data:[[54]
 [48]
 [54]
 [53]
 [46]
 [55]
 [54]
 [57]
 [56]
 [48]
 [52]
 [45]
 [48]
 [32]
 [54]
 [48]
 [54]
 [53]
 [46]
 [55]
 [55]
 [55]
 [57]
 [55]
 [45]
 [49]] 
------------------------ Dataset: wfn ------------------------
shape: (34, 1), dtype: uint16
Data:[[54]
 [48]
 [56]
 [49]
 [46]
 [55]
 [49]
 [51]
 [55]
 [57]
 [57]
 [45]
 [48]
 [32]
 [54]
 [48]
 [56]
 [49]
 [46]
 [55]
 [49]
 [51]
 [56]
 [49]
 [53]
 [57]
 [57]
 [57]
 [57]
 [57]
 [57]
 [53]
 [45]
 [49]] 
------------------------ Dataset: wfo ------------------------
shape: (33, 1), dtype: uint16
Data:[[53]
 [54]
 [52]
 [50]
 [46]
 [52]
 [50]
 [49]
 [54]
 [48]
 [49]
 [57]
 [57]
 [57]
 [57]
 [57]
 [57]
 [45]
 [48]
 [32]
 [53]
 [54]
 [52]
 [50]
 [46]
 [52]
 [49]
 [55]
 [53]
 [54]
 [53]
 [45]
 [49]] 
------------------------ Dataset: wfp ------------------------
shape: (34, 1), dtype: uint16
Data:[[53]
 [54]
 [53]
 [56]
 [46]
 [49]
 [54]
 [53]
 [50]
 [55]
 [55]
 [57]
 [57]
 [57]
 [57]
 [57]
 [57]
 [53]
 [45]
 [48]
 [32]
 [53]
 [54]
 [53]
 [56]
 [46]
 [49]
 [55]
 [48]
 [57]
 [57]
 [54]
 [45]
 [49]] 
------------------------ Dataset: wfq ------------------------
shape: (27, 1), dtype: uint16
Data:[[53]
 [54]
 [55]
 [51]
 [46]
 [56]
 [55]
 [51]
 [53]
 [48]
 [54]
 [45]
 [48]
 [32]
 [53]
 [54]
 [55]
 [51]
 [46]
 [56]
 [54]
 [57]
 [53]
 [54]
 [53]
 [45]
 [49]] 
------------------------ Dataset: wfr ------------------------
shape: (27, 1), dtype: uint16
Data:[[53]
 [54]
 [56]
 [57]
 [46]
 [54]
 [52]
 [49]
 [54]
 [48]
 [50]
 [45]
 [48]
 [32]
 [53]
 [54]
 [56]
 [57]
 [46]
 [54]
 [52]
 [53]
 [53]
 [52]
 [54]
 [45]
 [49]] 
------------------------ Dataset: wfs ------------------------
shape: (27, 1), dtype: uint16
Data:[[54]
 [52]
 [49]
 [50]
 [46]
 [57]
 [49]
 [55]
 [57]
 [54]
 [56]
 [45]
 [48]
 [32]
 [54]
 [52]
 [49]
 [50]
 [46]
 [57]
 [50]
 [49]
 [57]
 [53]
 [50]
 [45]
 [49]] 
------------------------ Dataset: wft ------------------------
shape: (34, 1), dtype: uint16
Data:[[54]
 [54]
 [48]
 [52]
 [46]
 [57]
 [55]
 [56]
 [48]
 [50]
 [54]
 [45]
 [48]
 [32]
 [54]
 [54]
 [48]
 [52]
 [46]
 [57]
 [56]
 [49]
 [57]
 [57]
 [53]
 [57]
 [57]
 [57]
 [57]
 [57]
 [57]
 [53]
 [45]
 [49]] 
------------------------ Dataset: wfu ------------------------
shape: (32, 1), dtype: uint16
Data:[[54]
 [54]
 [50]
 [48]
 [46]
 [57]
 [53]
 [52]
 [48]
 [56]
 [52]
 [57]
 [57]
 [57]
 [57]
 [57]
 [57]
 [45]
 [48]
 [32]
 [54]
 [54]
 [50]
 [48]
 [46]
 [57]
 [53]
 [56]
 [49]
 [52]
 [45]
 [49]] 
------------------------ Dataset: wfv ------------------------
shape: (33, 1), dtype: uint16
Data:[[54]
 [54]
 [51]
 [54]
 [46]
 [56]
 [49]
 [48]
 [50]
 [49]
 [49]
 [57]
 [57]
 [57]
 [57]
 [57]
 [57]
 [45]
 [48]
 [32]
 [54]
 [54]
 [51]
 [54]
 [46]
 [56]
 [48]
 [55]
 [52]
 [57]
 [50]
 [45]
 [49]] 
------------------------ Dataset: wfw ------------------------
shape: (20, 1), dtype: uint16
Data:[[54]
 [54]
 [53]
 [50]
 [46]
 [51]
 [57]
 [48]
 [48]
 [54]
 [57]
 [57]
 [57]
 [57]
 [57]
 [57]
 [57]
 [53]
 [45]
 [48]] 
------------------------ Dataset: wfx ------------------------
shape: (32, 1), dtype: uint16
Data:[[54]
 [54]
 [54]
 [56]
 [46]
 [50]
 [53]
 [52]
 [51]
 [55]
 [49]
 [57]
 [57]
 [57]
 [57]
 [57]
 [57]
 [45]
 [48]
 [32]
 [54]
 [54]
 [54]
 [56]
 [46]
 [50]
 [53]
 [56]
 [49]
 [52]
 [45]
 [49]] 
------------------------ Dataset: wfy ------------------------
shape: (13, 1), dtype: uint16
Data:[[54]
 [54]
 [56]
 [52]
 [46]
 [49]
 [54]
 [54]
 [48]
 [55]
 [57]
 [45]
 [48]] 
------------------------ Dataset: wfz ------------------------
shape: (33, 1), dtype: uint16
Data:[[53]
 [57]
 [48]
 [50]
 [46]
 [48]
 [57]
 [55]
 [57]
 [54]
 [56]
 [45]
 [48]
 [32]
 [53]
 [57]
 [48]
 [50]
 [46]
 [49]
 [48]
 [49]
 [55]
 [51]
 [52]
 [57]
 [57]
 [57]
 [57]
 [57]
 [57]
 [45]
 [49]] 
------------------------ Dataset: wg ------------------------
