shape: (1, 6), dtype: uint32
Data:[[3707764736          2          1          1        111          1]] 
------------------------ Dataset: 1bb ------------------------
shape: (27, 1), dtype: uint16
Data:[[54]
 [55]
 [54]
 [52]
 [46]
 [57]
 [55]
 [49]
 [51]
 [53]
 [56]
 [45]
 [48]
 [32]
 [54]
 [55]
 [54]
 [52]
 [46]
 [57]
 [54]
 [54]
 [52]
 [54]
 [56]
 [45]
 [49]] 
------------------------ Dataset: 1bc ------------------------
shape: (27, 1), dtype: uint16
Data:[[54]
 [55]
 [56]
 [48]
 [46]
 [56]
 [50]
 [54]
 [49]
 [57]
 [49]
 [45]
 [48]
 [32]
 [54]
 [55]
 [56]
 [48]
 [46]
 [56]
 [51]
 [48]
 [49]
 [56]
 [56]
 [45]
 [49]] 
------------------------ Dataset: 1bd ------------------------
shape: (34, 1), dtype: uint16
Data:[[54]
 [50]
 [57]
 [51]
 [46]
 [53]
 [55]
 [55]
 [57]
 [50]
 [57]
 [57]
 [57]
 [57]
 [57]
 [57]
 [57]
 [53]
 [45]
 [48]
 [32]
 [54]
 [50]
 [57]
 [51]
 [46]
 [53]
 [55]
 [51]
 [57]
 [52]
 [55]
 [45]
 [49]] 
------------------------ Dataset: 1be ------------------------
shape: (27, 1), dtype: uint16
Data:[[54]
 [51]
 [48]
 [57]
 [46]
 [52]
 [48]
 [57]
 [52]
 [48]
 [54]
 [45]
 [48]
 [32]
 [54]
 [51]
 [48]
 [57]
 [46]
 [52]
 [49]
 [52]
 [56]
 [52]
 [52]
 [45]
 [49]] 
------------------------ Dataset: 1bf ------------------------
shape: (27, 1), dtype: uint16
Data:[[54]
 [51]
 [50]
 [53]
 [46]
 [50]
 [49]
 [51]
 [57]
 [51]
 [54]
 [45]
 [48]
 [32]
 [54]
 [51]
 [50]
 [53]
 [46]
 [50]
 [50]
 [55]
 [54]
 [57]
 [56]
 [45]
 [49]] 
------------------------ Dataset: 1bg ------------------------
shape: (27, 1), dtype: uint16
Data:[[54]
 [51]
 [52]
 [49]
 [46]
 [48]
 [55]
 [53]
 [50]
 [56]
 [51]
 [45]
 [48]
 [32]
 [54]
 [51]
 [52]
 [49]
 [46]
 [48]
 [55]
 [57]
 [53]
 [57]
 [57]
 [45]
 [49]] 
------------------------ Dataset: 1bh ------------------------
shape: (33, 1), dtype: uint16
Data:[[54]
 [53]
 [48]
 [54]
 [46]
 [49]
 [56]
 [54]
 [53]
 [52]
 [49]
 [45]
 [48]
 [32]
 [54]
 [53]
 [48]
 [54]
 [46]
 [49]
 [57]
 [51]
 [55]
 [57]
 [52]
 [57]
 [57]
 [57]
 [57]
 [57]
 [57]
 [45]
 [49]] 
------------------------ Dataset: 1bi ------------------------
shape: (33, 1), dtype: uint16
Data:[[54]
 [53]
 [50]
 [49]
 [46]
 [57]
 [56]
 [54]
 [48]
 [49]
 [51]
 [45]
 [48]
 [32]
 [54]
 [53]
 [50]
 [49]
 [46]
 [57]
 [57]
 [48]
 [50]
 [56]
 [48]
 [57]
 [57]
 [57]
 [57]
 [57]
 [57]
 [45]
 [49]] 
------------------------ Dataset: 1bj ------------------------
shape: (27, 1), dtype: uint16
Data:[[54]
 [48]
 [49]
 [55]
 [46]
 [53]
 [54]
 [53]
 [55]
 [57]
 [49]
 [45]
 [48]
 [32]
 [54]
 [48]
 [49]
 [55]
 [46]
 [53]
 [54]
 [57]
 [57]
 [48]
 [52]
 [45]
 [49]] 
------------------------ Dataset: 1bk ------------------------
shape: (32, 1), dtype: uint16
Data:[[54]
 [48]
 [51]
 [51]
 [46]
 [51]
 [56]
 [49]
 [55]
 [56]
 [54]
 [57]
 [57]
 [57]
 [57]
 [57]
 [57]
 [45]
 [48]
 [32]
 [54]
 [48]
 [51]
 [51]
 [46]
 [51]
 [56]
 [53]
 [55]
 [52]
 [45]
 [49]] 
------------------------ Dataset: 1bl ------------------------
shape: (26, 1), dtype: uint16
Data:[[54]
 [48]
 [52]
 [56]
 [46]
 [57]
 [55]
 [55]
 [57]
 [53]
 [57]
 [45]
 [48]
 [32]
 [54]
 [48]
 [52]
 [56]
 [46]
 [57]
 [56]
 [53]
 [56]
 [54]
 [45]
 [49]] 
------------------------ Dataset: 1bm ------------------------
shape: (27, 1), dtype: uint16
Data:[[54]
 [48]
 [54]
 [52]
 [46]
 [56]
 [54]
 [56]
 [54]
 [55]
 [53]
 [45]
 [48]
 [32]
 [54]
 [48]
 [54]
 [52]
 [46]
 [56]
 [54]
 [56]
 [54]
 [54]
 [55]
 [45]
 [49]] 
------------------------ Dataset: 1bn ------------------------
shape: (32, 1), dtype: uint16
Data:[[54]
 [48]
 [56]
 [48]
 [46]
 [55]
 [54]
 [50]
 [48]
 [51]
 [45]
 [48]
 [32]
 [54]
 [48]
 [56]
 [48]
 [46]
 [55]
 [54]
 [50]
 [48]
 [54]
 [53]
 [57]
 [57]
 [57]
 [57]
 [57]
 [57]
 [45]
 [49]] 
------------------------ Dataset: 1bo ------------------------
shape: (27, 1), dtype: uint16
Data:[[53]
 [54]
 [52]
 [49]
 [46]
 [53]
 [50]
 [52]
 [52]
 [51]
 [52]
 [45]
 [48]
 [32]
 [53]
 [54]
 [52]
 [49]
 [46]
 [53]
 [49]
 [55]
 [48]
 [53]
 [54]
 [45]
 [49]] 
------------------------ Dataset: 1bp ------------------------
shape: (40, 1), dtype: uint16
Data:[[53]
 [54]
 [53]
 [55]
 [46]
 [50]
 [54]
 [53]
 [54]
 [53]
 [50]
 [57]
 [57]
 [57]
 [57]
 [57]
 [57]
 [53]
 [45]
 [48]
 [32]
 [53]
 [54]
 [53]
 [55]
 [46]
 [50]
 [54]
 [53]
 [55]
 [57]
 [52]
 [57]
 [57]
 [57]
 [57]
 [57]
 [57]
 [45]
 [49]] 
------------------------ Dataset: 1bq ------------------------
shape: (39, 1), dtype: uint16
Data:[[53]
 [54]
 [55]
 [50]
 [46]
 [57]
 [54]
 [57]
 [54]
 [51]
 [49]
 [57]
 [57]
 [57]
 [57]
 [57]
 [57]
 [45]
 [48]
 [32]
 [53]
 [54]
 [55]
 [50]
 [46]
 [57]
 [55]
 [51]
 [53]
 [54]
 [55]
 [57]
 [57]
 [57]
 [57]
 [57]
 [57]
 [45]
 [49]] 
------------------------ Dataset: 1br ------------------------
shape: (27, 1), dtype: uint16
Data:[[53]
 [54]
 [56]
 [56]
 [46]
 [55]
 [51]
 [55]
 [55]
 [57]
 [55]
 [45]
 [48]
 [32]
 [53]
 [54]
 [56]
 [56]
 [46]
 [55]
 [52]
 [49]
 [54]
 [57]
 [54]
 [45]
 [49]] 
------------------------ Dataset: 1bs ------------------------
shape: (27, 1), dtype: uint16
Data:[[53]
 [56]
 [49]
 [53]
 [46]
 [48]
 [48]
 [49]
 [57]
 [50]
 [49]
 [45]
 [48]
 [32]
 [53]
 [56]
 [49]
 [53]
 [46]
 [48]
 [48]
 [53]
 [54]
 [52]
 [55]
 [45]
 [49]] 
------------------------ Dataset: 1bt ------------------------
shape: (34, 1), dtype: uint16
Data:[[54]
 [54]
 [48]
 [52]
 [46]
 [48]
 [55]
 [52]
 [50]
 [50]
 [54]
 [45]
 [48]
 [32]
 [54]
 [54]
 [48]
 [52]
 [46]
 [48]
 [55]
 [48]
 [48]
 [50]
 [56]
 [57]
 [57]
 [57]
 [57]
 [57]
 [57]
 [53]
 [45]
 [49]] 
------------------------ Dataset: 1bu ------------------------
shape: (27, 1), dtype: uint16
Data:[[54]
 [54]
 [50]
 [48]
 [46]
 [48]
 [53]
 [56]
 [50]
 [52]
 [57]
 [45]
 [48]
 [32]
 [54]
 [54]
 [50]
 [48]
 [46]
 [48]
 [53]
 [52]
 [54]
 [53]
 [55]
 [45]
 [49]] 
------------------------ Dataset: 1bv ------------------------
shape: (34, 1), dtype: uint16
Data:[[54]
 [54]
 [51]
 [53]
 [46]
 [57]
 [48]
 [50]
 [55]
 [49]
 [50]
 [57]
 [57]
 [57]
 [57]
 [57]
 [57]
 [53]
 [45]
 [48]
 [32]
 [54]
 [54]
 [51]
 [53]
 [46]
 [57]
 [48]
 [51]
 [51]
 [53]
 [52]
 [45]
 [49]] 
------------------------ Dataset: 1bw ------------------------
shape: (33, 1), dtype: uint16
Data:[[54]
 [54]
 [53]
 [49]
 [46]
 [52]
 [56]
 [54]
 [53]
 [50]
 [55]
 [57]
 [57]
 [57]
 [57]
 [57]
 [57]
 [45]
 [48]
 [32]
 [54]
 [54]
 [53]
 [49]
 [46]
 [52]
 [56]
 [51]
 [48]
 [50]
 [49]
 [45]
 [49]] 
------------------------ Dataset: 1bx ------------------------
shape: (33, 1), dtype: uint16
Data:[[54]
 [54]
 [54]
 [55]
 [46]
 [51]
 [51]
 [52]
 [49]
 [51]
 [52]
 [45]
 [48]
 [32]
 [54]
 [54]
 [54]
 [55]
 [46]
 [51]
 [51]
 [57]
 [51]
 [52]
 [57]
 [57]
 [57]
 [57]
 [57]
 [57]
 [57]
 [45]
 [49]] 
------------------------ Dataset: 1by ------------------------
shape: (33, 1), dtype: uint16
Data:[[54]
 [54]
 [56]
 [51]
 [46]
 [50]
 [55]
 [56]
 [49]
 [54]
 [51]
 [57]
 [57]
 [57]
 [57]
 [57]
 [57]
 [45]
 [48]
 [32]
 [54]
 [54]
 [56]
 [51]
 [46]
 [50]
 [56]
 [50]
 [49]
 [51]
 [54]
 [45]
 [49]] 
------------------------ Dataset: 1bz ------------------------
shape: (34, 1), dtype: uint16
Data:[[53]
 [57]
 [48]
 [49]
 [46]
 [49]
 [57]
 [51]
 [54]
 [57]
 [56]
 [57]
 [57]
 [57]
 [57]
 [57]
 [57]
 [53]
 [45]
 [48]
 [32]
 [53]
 [57]
 [48]
 [49]
 [46]
 [49]
 [57]
 [55]
 [55]
 [51]
 [50]
 [45]
 [49]] 
------------------------ Dataset: 1c ------------------------
