shape: (1, 6), dtype: uint32
Data:[[3707764736          2          1          1       1952          1]] 
------------------------ Dataset: rGb ------------------------
shape: (33, 1), dtype: uint16
Data:[[54]
 [55]
 [55]
 [50]
 [46]
 [55]
 [52]
 [52]
 [57]
 [49]
 [52]
 [57]
 [57]
 [57]
 [57]
 [57]
 [57]
 [45]
 [48]
 [32]
 [54]
 [55]
 [55]
 [50]
 [46]
 [55]
 [52]
 [56]
 [53]
 [51]
 [54]
 [45]
 [49]] 
------------------------ Dataset: rGc ------------------------
shape: (40, 1), dtype: uint16
Data:[[54]
 [50]
 [56]
 [53]
 [46]
 [53]
 [51]
 [50]
 [56]
 [56]
 [49]
 [57]
 [57]
 [57]
 [57]
 [57]
 [57]
 [53]
 [45]
 [48]
 [32]
 [54]
 [50]
 [56]
 [53]
 [46]
 [53]
 [51]
 [56]
 [50]
 [55]
 [48]
 [57]
 [57]
 [57]
 [57]
 [57]
 [57]
 [45]
 [49]] 
------------------------ Dataset: rGd ------------------------
shape: (27, 1), dtype: uint16
Data:[[54]
 [51]
 [48]
 [49]
 [46]
 [50]
 [57]
 [48]
 [49]
 [56]
 [53]
 [45]
 [48]
 [32]
 [54]
 [51]
 [48]
 [49]
 [46]
 [50]
 [57]
 [51]
 [57]
 [50]
 [53]
 [45]
 [49]] 
------------------------ Dataset: rGe ------------------------
shape: (40, 1), dtype: uint16
Data:[[54]
 [51]
 [49]
 [55]
 [46]
 [49]
 [54]
 [49]
 [57]
 [48]
 [48]
 [57]
 [57]
 [57]
 [57]
 [57]
 [57]
 [53]
 [45]
 [48]
 [32]
 [54]
 [51]
 [49]
 [55]
 [46]
 [49]
 [54]
 [53]
 [56]
 [57]
 [50]
 [57]
 [57]
 [57]
 [57]
 [57]
 [57]
 [45]
 [49]] 
------------------------ Dataset: rGf ------------------------
shape: (33, 1), dtype: uint16
Data:[[54]
 [51]
 [51]
 [51]
 [46]
 [48]
 [48]
 [49]
 [56]
 [55]
 [52]
 [45]
 [48]
 [32]
 [54]
 [51]
 [51]
 [50]
 [46]
 [57]
 [57]
 [56]
 [48]
 [48]
 [57]
 [57]
 [57]
 [57]
 [57]
 [57]
 [57]
 [45]
 [49]] 
------------------------ Dataset: rGg ------------------------
shape: (33, 1), dtype: uint16
Data:[[54]
 [52]
 [57]
 [56]
 [46]
 [49]
 [52]
 [49]
 [57]
 [54]
 [56]
 [45]
 [48]
 [32]
 [54]
 [52]
 [57]
 [56]
 [46]
 [49]
 [51]
 [56]
 [48]
 [54]
 [50]
 [57]
 [57]
 [57]
 [57]
 [57]
 [57]
 [45]
 [49]] 
------------------------ Dataset: rGh ------------------------
shape: (32, 1), dtype: uint16
Data:[[54]
 [53]
 [49]
 [51]
 [46]
 [57]
 [53]
 [48]
 [49]
 [54]
 [52]
 [57]
 [57]
 [57]
 [57]
 [57]
 [57]
 [45]
 [48]
 [32]
 [54]
 [53]
 [49]
 [51]
 [46]
 [57]
 [52]
 [54]
 [50]
 [57]
 [45]
 [49]] 
------------------------ Dataset: rGi ------------------------
shape: (33, 1), dtype: uint16
Data:[[54]
 [53]
 [50]
 [57]
 [46]
 [55]
 [53]
 [48]
 [49]
 [50]
 [57]
 [57]
 [57]
 [57]
 [57]
 [57]
 [57]
 [45]
 [48]
 [32]
 [54]
 [53]
 [50]
 [57]
 [46]
 [55]
 [53]
 [52]
 [49]
 [52]
 [56]
 [45]
 [49]] 
------------------------ Dataset: rGj ------------------------
shape: (33, 1), dtype: uint16
Data:[[54]
 [48]
 [50]
 [53]
 [46]
 [51]
 [49]
 [51]
 [55]
 [51]
 [51]
 [45]
 [48]
 [32]
 [54]
 [48]
 [50]
 [53]
 [46]
 [51]
 [48]
 [57]
 [55]
 [50]
 [55]
 [57]
 [57]
 [57]
 [57]
 [57]
 [57]
 [45]
 [49]] 
------------------------ Dataset: rGk ------------------------
shape: (27, 1), dtype: uint16
Data:[[54]
 [48]
 [52]
 [49]
 [46]
 [48]
 [53]
 [51]
 [56]
 [54]
 [55]
 [45]
 [48]
 [32]
 [54]
 [48]
 [52]
 [49]
 [46]
 [48]
 [53]
 [51]
 [57]
 [54]
 [49]
 [45]
 [49]] 
------------------------ Dataset: rGl ------------------------
shape: (33, 1), dtype: uint16
Data:[[54]
 [48]
 [53]
 [54]
 [46]
 [55]
 [56]
 [48]
 [55]
 [51]
 [52]
 [57]
 [57]
 [57]
 [57]
 [57]
 [57]
 [45]
 [48]
 [32]
 [54]
 [48]
 [53]
 [54]
 [46]
 [55]
 [56]
 [51]
 [50]
 [50]
 [55]
 [45]
 [49]] 
------------------------ Dataset: rGm ------------------------
shape: (27, 1), dtype: uint16
Data:[[54]
 [48]
 [55]
 [50]
 [46]
 [54]
 [55]
 [49]
 [55]
 [48]
 [53]
 [45]
 [48]
 [32]
 [54]
 [48]
 [55]
 [50]
 [46]
 [54]
 [55]
 [52]
 [52]
 [48]
 [50]
 [45]
 [49]] 
------------------------ Dataset: rGn ------------------------
shape: (27, 1), dtype: uint16
Data:[[53]
 [54]
 [51]
 [51]
 [46]
 [53]
 [52]
 [54]
 [50]
 [48]
 [51]
 [45]
 [48]
 [32]
 [53]
 [54]
 [51]
 [51]
 [46]
 [53]
 [52]
 [49]
 [54]
 [49]
 [49]
 [45]
 [49]] 
------------------------ Dataset: rGo ------------------------
shape: (26, 1), dtype: uint16
Data:[[53]
 [54]
 [52]
 [57]
 [46]
 [50]
 [50]
 [49]
 [54]
 [48]
 [51]
 [45]
 [48]
 [32]
 [53]
 [54]
 [52]
 [57]
 [46]
 [50]
 [50]
 [53]
 [54]
 [56]
 [45]
 [49]] 
------------------------ Dataset: rGp ------------------------
shape: (27, 1), dtype: uint16
Data:[[53]
 [54]
 [54]
 [52]
 [46]
 [57]
 [53]
 [55]
 [53]
 [57]
 [53]
 [45]
 [48]
 [32]
 [53]
 [54]
 [54]
 [52]
 [46]
 [57]
 [53]
 [51]
 [55]
 [48]
 [53]
 [45]
 [49]] 
------------------------ Dataset: rGq ------------------------
shape: (26, 1), dtype: uint16
Data:[[53]
 [54]
 [56]
 [48]
 [46]
 [55]
 [48]
 [57]
 [54]
 [48]
 [57]
 [45]
 [48]
 [32]
 [53]
 [54]
 [56]
 [48]
 [46]
 [55]
 [48]
 [54]
 [50]
 [54]
 [45]
 [49]] 
------------------------ Dataset: rGr ------------------------
shape: (34, 1), dtype: uint16
Data:[[53]
 [56]
 [48]
 [55]
 [46]
 [48]
 [49]
 [51]
 [54]
 [50]
 [57]
 [57]
 [57]
 [57]
 [57]
 [57]
 [57]
 [53]
 [45]
 [48]
 [32]
 [53]
 [56]
 [48]
 [55]
 [46]
 [48]
 [48]
 [57]
 [54]
 [51]
 [52]
 [45]
 [49]] 
------------------------ Dataset: rGs ------------------------
shape: (39, 1), dtype: uint16
Data:[[54]
 [52]
 [49]
 [57]
 [46]
 [55]
 [56]
 [53]
 [57]
 [55]
 [56]
 [57]
 [57]
 [57]
 [57]
 [57]
 [57]
 [45]
 [48]
 [32]
 [54]
 [52]
 [49]
 [57]
 [46]
 [55]
 [56]
 [57]
 [57]
 [53]
 [55]
 [57]
 [57]
 [57]
 [57]
 [57]
 [57]
 [45]
 [49]] 
------------------------ Dataset: rGt ------------------------
shape: (27, 1), dtype: uint16
Data:[[54]
 [54]
 [49]
 [49]
 [46]
 [56]
 [57]
 [52]
 [49]
 [54]
 [51]
 [45]
 [48]
 [32]
 [54]
 [54]
 [49]
 [49]
 [46]
 [56]
 [57]
 [48]
 [51]
 [57]
 [56]
 [45]
 [49]] 
------------------------ Dataset: rGu ------------------------
shape: (33, 1), dtype: uint16
Data:[[54]
 [54]
 [50]
 [55]
 [46]
 [55]
 [57]
 [56]
 [49]
 [54]
 [55]
 [57]
 [57]
 [57]
 [57]
 [57]
 [57]
 [45]
 [48]
 [32]
 [54]
 [54]
 [50]
 [55]
 [46]
 [56]
 [48]
 [50]
 [48]
 [48]
 [54]
 [45]
 [49]] 
------------------------ Dataset: rGv ------------------------
shape: (33, 1), dtype: uint16
Data:[[54]
 [54]
 [52]
 [51]
 [46]
 [53]
 [53]
 [52]
 [53]
 [56]
 [56]
 [57]
 [57]
 [57]
 [57]
 [57]
 [57]
 [45]
 [48]
 [32]
 [54]
 [54]
 [52]
 [51]
 [46]
 [53]
 [53]
 [49]
 [50]
 [52]
 [50]
 [45]
 [49]] 
------------------------ Dataset: rGw ------------------------
shape: (12, 1), dtype: uint16
Data:[[54]
 [54]
 [53]
 [57]
 [46]
 [50]
 [57]
 [52]
 [50]
 [53]
 [45]
 [49]] 
------------------------ Dataset: rGx ------------------------
shape: (27, 1), dtype: uint16
Data:[[54]
 [54]
 [55]
 [53]
 [46]
 [49]
 [53]
 [52]
 [48]
 [52]
 [55]
 [45]
 [48]
 [32]
 [54]
 [54]
 [55]
 [53]
 [46]
 [49]
 [53]
 [56]
 [48]
 [54]
 [49]
 [45]
 [49]] 
------------------------ Dataset: rGy ------------------------
shape: (27, 1), dtype: uint16
Data:[[54]
 [54]
 [57]
 [49]
 [46]
 [48]
 [55]
 [52]
 [48]
 [53]
 [53]
 [45]
 [48]
 [32]
 [54]
 [54]
 [57]
 [49]
 [46]
 [48]
 [56]
 [53]
 [53]
 [53]
 [56]
 [45]
 [49]] 
------------------------ Dataset: rGz ------------------------
shape: (13, 1), dtype: uint16
Data:[[53]
 [57]
 [48]
 [56]
 [46]
 [57]
 [53]
 [51]
 [55]
 [52]
 [55]
 [45]
 [49]] 
------------------------ Dataset: rH ------------------------
