shape: (1, 6), dtype: uint32
Data:[[3707764736          2          1          1        327          1]] 
------------------------ Dataset: Afb ------------------------
shape: (33, 1), dtype: uint16
Data:[[54]
 [55]
 [54]
 [53]
 [46]
 [56]
 [57]
 [53]
 [54]
 [50]
 [55]
 [45]
 [48]
 [32]
 [54]
 [55]
 [54]
 [53]
 [46]
 [56]
 [57]
 [57]
 [48]
 [52]
 [50]
 [57]
 [57]
 [57]
 [57]
 [57]
 [57]
 [45]
 [49]] 
------------------------ Dataset: Afc ------------------------
shape: (27, 1), dtype: uint16
Data:[[54]
 [55]
 [56]
 [49]
 [46]
 [55]
 [51]
 [56]
 [49]
 [50]
 [51]
 [45]
 [48]
 [32]
 [54]
 [55]
 [56]
 [49]
 [46]
 [55]
 [52]
 [50]
 [49]
 [56]
 [50]
 [45]
 [49]] 
------------------------ Dataset: Afd ------------------------
shape: (27, 1), dtype: uint16
Data:[[54]
 [50]
 [57]
 [52]
 [46]
 [52]
 [56]
 [49]
 [57]
 [48]
 [57]
 [45]
 [48]
 [32]
 [54]
 [50]
 [57]
 [52]
 [46]
 [52]
 [56]
 [53]
 [57]
 [49]
 [50]
 [45]
 [49]] 
------------------------ Dataset: Afe ------------------------
shape: (39, 1), dtype: uint16
Data:[[54]
 [51]
 [49]
 [48]
 [46]
 [51]
 [48]
 [50]
 [52]
 [48]
 [49]
 [57]
 [57]
 [57]
 [57]
 [57]
 [57]
 [45]
 [48]
 [32]
 [54]
 [51]
 [49]
 [48]
 [46]
 [51]
 [48]
 [50]
 [52]
 [49]
 [50]
 [57]
 [57]
 [57]
 [57]
 [57]
 [57]
 [45]
 [49]] 
------------------------ Dataset: Aff ------------------------
shape: (34, 1), dtype: uint16
Data:[[54]
 [51]
 [50]
 [54]
 [46]
 [49]
 [53]
 [49]
 [51]
 [55]
 [57]
 [45]
 [48]
 [32]
 [54]
 [51]
 [50]
 [54]
 [46]
 [49]
 [53]
 [55]
 [57]
 [52]
 [56]
 [57]
 [57]
 [57]
 [57]
 [57]
 [57]
 [53]
 [45]
 [49]] 
------------------------ Dataset: Afg ------------------------
shape: (33, 1), dtype: uint16
Data:[[54]
 [51]
 [52]
 [49]
 [46]
 [57]
 [56]
 [50]
 [50]
 [48]
 [49]
 [57]
 [57]
 [57]
 [57]
 [57]
 [57]
 [45]
 [48]
 [32]
 [54]
 [51]
 [52]
 [49]
 [46]
 [57]
 [55]
 [57]
 [57]
 [50]
 [53]
 [45]
 [49]] 
------------------------ Dataset: Afh ------------------------
shape: (32, 1), dtype: uint16
Data:[[54]
 [53]
 [48]
 [55]
 [46]
 [48]
 [57]
 [48]
 [48]
 [52]
 [53]
 [57]
 [57]
 [57]
 [57]
 [57]
 [57]
 [45]
 [48]
 [32]
 [54]
 [53]
 [48]
 [55]
 [46]
 [48]
 [57]
 [48]
 [48]
 [53]
 [45]
 [49]] 
------------------------ Dataset: Afi ------------------------
shape: (33, 1), dtype: uint16
Data:[[54]
 [53]
 [50]
 [50]
 [46]
 [57]
 [48]
 [54]
 [55]
 [50]
 [53]
 [57]
 [57]
 [57]
 [57]
 [57]
 [57]
 [45]
 [48]
 [32]
 [54]
 [53]
 [50]
 [50]
 [46]
 [57]
 [48]
 [50]
 [48]
 [55]
 [55]
 [45]
 [49]] 
------------------------ Dataset: Afj ------------------------
shape: (27, 1), dtype: uint16
Data:[[54]
 [48]
 [49]
 [56]
 [46]
 [52]
 [55]
 [55]
 [56]
 [55]
 [57]
 [45]
 [48]
 [32]
 [54]
 [48]
 [49]
 [56]
 [46]
 [52]
 [55]
 [51]
 [56]
 [48]
 [51]
 [45]
 [49]] 
------------------------ Dataset: Afk ------------------------
shape: (27, 1), dtype: uint16
Data:[[54]
 [48]
 [51]
 [52]
 [46]
 [50]
 [55]
 [55]
 [56]
 [53]
 [55]
 [45]
 [48]
 [32]
 [54]
 [48]
 [51]
 [52]
 [46]
 [50]
 [56]
 [49]
 [55]
 [57]
 [53]
 [45]
 [49]] 
------------------------ Dataset: Afl ------------------------
shape: (26, 1), dtype: uint16
Data:[[54]
 [48]
 [52]
 [57]
 [46]
 [57]
 [48]
 [53]
 [54]
 [54]
 [50]
 [45]
 [48]
 [32]
 [54]
 [48]
 [52]
 [57]
 [46]
 [57]
 [48]
 [53]
 [55]
 [50]
 [45]
 [49]] 
------------------------ Dataset: Afm ------------------------
shape: (34, 1), dtype: uint16
Data:[[54]
 [48]
 [54]
 [53]
 [46]
 [55]
 [56]
 [54]
 [52]
 [51]
 [50]
 [45]
 [48]
 [32]
 [54]
 [48]
 [54]
 [53]
 [46]
 [55]
 [57]
 [51]
 [55]
 [57]
 [57]
 [57]
 [57]
 [57]
 [57]
 [57]
 [57]
 [53]
 [45]
 [49]] 
------------------------ Dataset: Afn ------------------------
shape: (34, 1), dtype: uint16
Data:[[54]
 [48]
 [56]
 [49]
 [46]
 [55]
 [50]
 [57]
 [56]
 [48]
 [48]
 [57]
 [57]
 [57]
 [57]
 [57]
 [57]
 [53]
 [45]
 [48]
 [32]
 [54]
 [48]
 [56]
 [49]
 [46]
 [55]
 [50]
 [57]
 [55]
 [56]
 [54]
 [45]
 [49]] 
------------------------ Dataset: Afo ------------------------
shape: (39, 1), dtype: uint16
Data:[[53]
 [54]
 [52]
 [50]
 [46]
 [52]
 [51]
 [55]
 [54]
 [54]
 [57]
 [57]
 [57]
 [57]
 [57]
 [57]
 [57]
 [45]
 [48]
 [32]
 [53]
 [54]
 [52]
 [50]
 [46]
 [52]
 [51]
 [51]
 [54]
 [51]
 [49]
 [57]
 [57]
 [57]
 [57]
 [57]
 [57]
 [45]
 [49]] 
------------------------ Dataset: Afp ------------------------
shape: (33, 1), dtype: uint16
Data:[[53]
 [54]
 [53]
 [56]
 [46]
 [49]
 [55]
 [55]
 [57]
 [52]
 [52]
 [57]
 [57]
 [57]
 [57]
 [57]
 [57]
 [45]
 [48]
 [32]
 [53]
 [54]
 [53]
 [56]
 [46]
 [49]
 [56]
 [53]
 [54]
 [48]
 [56]
 [45]
 [49]] 
------------------------ Dataset: Afq ------------------------
shape: (27, 1), dtype: uint16
Data:[[53]
 [54]
 [55]
 [51]
 [46]
 [56]
 [57]
 [48]
 [48]
 [54]
 [54]
 [45]
 [48]
 [32]
 [53]
 [54]
 [55]
 [51]
 [46]
 [56]
 [56]
 [53]
 [53]
 [54]
 [49]
 [45]
 [49]] 
------------------------ Dataset: Afr ------------------------
shape: (27, 1), dtype: uint16
Data:[[53]
 [54]
 [56]
 [57]
 [46]
 [54]
 [53]
 [55]
 [55]
 [48]
 [53]
 [45]
 [48]
 [32]
 [53]
 [54]
 [56]
 [57]
 [46]
 [54]
 [54]
 [49]
 [54]
 [51]
 [51]
 [45]
 [49]] 
------------------------ Dataset: Afs ------------------------
shape: (33, 1), dtype: uint16
Data:[[54]
 [52]
 [49]
 [50]
 [46]
 [57]
 [51]
 [52]
 [55]
 [49]
 [49]
 [57]
 [57]
 [57]
 [57]
 [57]
 [57]
 [45]
 [48]
 [32]
 [54]
 [52]
 [49]
 [50]
 [46]
 [57]
 [51]
 [57]
 [48]
 [49]
 [53]
 [45]
 [49]] 
------------------------ Dataset: Aft ------------------------
shape: (39, 1), dtype: uint16
Data:[[54]
 [54]
 [48]
 [52]
 [46]
 [57]
 [57]
 [52]
 [49]
 [56]
 [54]
 [57]
 [57]
 [57]
 [57]
 [57]
 [57]
 [45]
 [48]
 [32]
 [54]
 [54]
 [48]
 [52]
 [46]
 [57]
 [57]
 [56]
 [49]
 [50]
 [55]
 [57]
 [57]
 [57]
 [57]
 [57]
 [57]
 [45]
 [49]] 
------------------------ Dataset: Afu ------------------------
shape: (34, 1), dtype: uint16
Data:[[54]
 [54]
 [50]
 [48]
 [46]
 [57]
 [55]
 [48]
 [48]
 [51]
 [55]
 [57]
 [57]
 [57]
 [57]
 [57]
 [57]
 [53]
 [45]
 [48]
 [32]
 [54]
 [54]
 [50]
 [48]
 [46]
 [57]
 [55]
 [52]
 [48]
 [55]
 [50]
 [45]
 [49]] 
------------------------ Dataset: Afv ------------------------
shape: (33, 1), dtype: uint16
Data:[[54]
 [54]
 [51]
 [54]
 [46]
 [56]
 [50]
 [54]
 [50]
 [48]
 [55]
 [45]
 [48]
 [32]
 [54]
 [54]
 [51]
 [54]
 [46]
 [56]
 [50]
 [50]
 [48]
 [52]
 [48]
 [57]
 [57]
 [57]
 [57]
 [57]
 [57]
 [45]
 [49]] 
------------------------ Dataset: Afw ------------------------
shape: (19, 1), dtype: uint16
Data:[[54]
 [54]
 [53]
 [50]
 [46]
 [52]
 [48]
 [54]
 [50]
 [49]
 [50]
 [57]
 [57]
 [57]
 [57]
 [57]
 [57]
 [45]
 [48]] 
------------------------ Dataset: Afx ------------------------
shape: (27, 1), dtype: uint16
Data:[[54]
 [54]
 [54]
 [56]
 [46]
 [50]
 [55]
 [48]
 [49]
 [56]
 [57]
 [45]
 [48]
 [32]
 [54]
 [54]
 [54]
 [56]
 [46]
 [50]
 [55]
 [52]
 [51]
 [51]
 [55]
 [45]
 [49]] 
------------------------ Dataset: Afy ------------------------
shape: (13, 1), dtype: uint16
Data:[[54]
 [54]
 [56]
 [52]
 [46]
 [49]
 [56]
 [54]
 [49]
 [50]
 [52]
 [45]
 [49]] 
------------------------ Dataset: Afz ------------------------
shape: (33, 1), dtype: uint16
Data:[[53]
 [57]
 [48]
 [50]
 [46]
 [49]
 [49]
 [51]
 [56]
 [48]
 [53]
 [57]
 [57]
 [57]
 [57]
 [57]
 [57]
 [45]
 [48]
 [32]
 [53]
 [57]
 [48]
 [50]
 [46]
 [49]
 [49]
 [55]
 [56]
 [48]
 [55]
 [45]
 [49]] 
------------------------ Dataset: Ag ------------------------
