shape: (1, 6), dtype: uint32
Data:[[3707764736          2          1          1       1036          1]] 
------------------------ Dataset: irb ------------------------
shape: (13, 1), dtype: uint16
Data:[[54]
 [55]
 [54]
 [56]
 [46]
 [56]
 [55]
 [52]
 [50]
 [51]
 [52]
 [45]
 [48]] 
------------------------ Dataset: irc ------------------------
shape: (27, 1), dtype: uint16
Data:[[54]
 [50]
 [56]
 [49]
 [46]
 [54]
 [55]
 [51]
 [56]
 [57]
 [53]
 [45]
 [48]
 [32]
 [54]
 [50]
 [56]
 [49]
 [46]
 [54]
 [55]
 [48]
 [50]
 [50]
 [51]
 [45]
 [49]] 
------------------------ Dataset: ird ------------------------
shape: (33, 1), dtype: uint16
Data:[[54]
 [50]
 [57]
 [55]
 [46]
 [52]
 [52]
 [49]
 [57]
 [54]
 [50]
 [57]
 [57]
 [57]
 [57]
 [57]
 [57]
 [45]
 [48]
 [32]
 [54]
 [50]
 [57]
 [55]
 [46]
 [52]
 [51]
 [55]
 [57]
 [51]
 [53]
 [45]
 [49]] 
------------------------ Dataset: ire ------------------------
shape: (32, 1), dtype: uint16
Data:[[54]
 [51]
 [49]
 [51]
 [46]
 [51]
 [49]
 [52]
 [50]
 [50]
 [53]
 [57]
 [57]
 [57]
 [57]
 [57]
 [57]
 [53]
 [45]
 [48]
 [32]
 [54]
 [51]
 [49]
 [51]
 [46]
 [51]
 [49]
 [55]
 [57]
 [45]
 [49]] 
------------------------ Dataset: irf ------------------------
shape: (33, 1), dtype: uint16
Data:[[54]
 [51]
 [50]
 [57]
 [46]
 [49]
 [53]
 [52]
 [48]
 [49]
 [52]
 [45]
 [48]
 [32]
 [54]
 [51]
 [50]
 [57]
 [46]
 [49]
 [53]
 [48]
 [49]
 [53]
 [52]
 [57]
 [57]
 [57]
 [57]
 [57]
 [57]
 [45]
 [49]] 
------------------------ Dataset: irg ------------------------
shape: (33, 1), dtype: uint16
Data:[[54]
 [51]
 [52]
 [52]
 [46]
 [57]
 [55]
 [56]
 [51]
 [55]
 [54]
 [57]
 [57]
 [57]
 [57]
 [57]
 [57]
 [45]
 [48]
 [32]
 [54]
 [51]
 [52]
 [52]
 [46]
 [57]
 [56]
 [50]
 [53]
 [57]
 [54]
 [45]
 [49]] 
------------------------ Dataset: irh ------------------------
shape: (27, 1), dtype: uint16
Data:[[54]
 [53]
 [49]
 [48]
 [46]
 [48]
 [55]
 [48]
 [49]
 [54]
 [50]
 [45]
 [48]
 [32]
 [54]
 [53]
 [49]
 [48]
 [46]
 [48]
 [54]
 [55]
 [54]
 [54]
 [57]
 [45]
 [49]] 
------------------------ Dataset: iri ------------------------
shape: (40, 1), dtype: uint16
Data:[[54]
 [53]
 [50]
 [53]
 [46]
 [56]
 [55]
 [56]
 [48]
 [48]
 [54]
 [57]
 [57]
 [57]
 [57]
 [57]
 [57]
 [45]
 [48]
 [32]
 [54]
 [53]
 [50]
 [53]
 [46]
 [56]
 [55]
 [52]
 [48]
 [51]
 [51]
 [57]
 [57]
 [57]
 [57]
 [57]
 [57]
 [53]
 [45]
 [49]] 
------------------------ Dataset: irj ------------------------
shape: (39, 1), dtype: uint16
Data:[[54]
 [48]
 [50]
 [49]
 [46]
 [52]
 [55]
 [51]
 [57]
 [50]
 [49]
 [57]
 [57]
 [57]
 [57]
 [57]
 [57]
 [45]
 [48]
 [32]
 [54]
 [48]
 [50]
 [49]
 [46]
 [52]
 [55]
 [55]
 [54]
 [57]
 [54]
 [57]
 [57]
 [57]
 [57]
 [57]
 [57]
 [45]
 [49]] 
------------------------ Dataset: irk ------------------------
shape: (33, 1), dtype: uint16
Data:[[54]
 [48]
 [51]
 [55]
 [46]
 [50]
 [53]
 [51]
 [57]
 [54]
 [53]
 [57]
 [57]
 [57]
 [57]
 [57]
 [57]
 [45]
 [48]
 [32]
 [54]
 [48]
 [51]
 [55]
 [46]
 [50]
 [52]
 [57]
 [57]
 [54]
 [53]
 [45]
 [49]] 
------------------------ Dataset: irl ------------------------
shape: (27, 1), dtype: uint16
Data:[[54]
 [48]
 [53]
 [50]
 [46]
 [56]
 [55]
 [55]
 [57]
 [48]
 [49]
 [45]
 [48]
 [32]
 [54]
 [48]
 [53]
 [50]
 [46]
 [56]
 [55]
 [51]
 [56]
 [52]
 [55]
 [45]
 [49]] 
------------------------ Dataset: irm ------------------------
shape: (26, 1), dtype: uint16
Data:[[54]
 [48]
 [54]
 [56]
 [46]
 [55]
 [57]
 [55]
 [55]
 [53]
 [45]
 [48]
 [32]
 [54]
 [48]
 [54]
 [56]
 [46]
 [55]
 [57]
 [51]
 [55]
 [54]
 [54]
 [45]
 [49]] 
------------------------ Dataset: irn ------------------------
shape: (32, 1), dtype: uint16
Data:[[54]
 [48]
 [56]
 [52]
 [46]
 [55]
 [48]
 [57]
 [55]
 [56]
 [53]
 [57]
 [57]
 [57]
 [57]
 [57]
 [57]
 [45]
 [48]
 [32]
 [54]
 [48]
 [56]
 [52]
 [46]
 [55]
 [49]
 [52]
 [51]
 [54]
 [45]
 [49]] 
------------------------ Dataset: iro ------------------------
shape: (33, 1), dtype: uint16
Data:[[53]
 [54]
 [52]
 [53]
 [46]
 [51]
 [56]
 [57]
 [54]
 [50]
 [56]
 [57]
 [57]
 [57]
 [57]
 [57]
 [57]
 [45]
 [48]
 [32]
 [53]
 [54]
 [52]
 [53]
 [46]
 [51]
 [57]
 [51]
 [53]
 [56]
 [56]
 [45]
 [49]] 
------------------------ Dataset: irp ------------------------
shape: (34, 1), dtype: uint16
Data:[[53]
 [54]
 [54]
 [49]
 [46]
 [49]
 [52]
 [57]
 [55]
 [49]
 [49]
 [45]
 [48]
 [32]
 [53]
 [54]
 [54]
 [49]
 [46]
 [49]
 [52]
 [55]
 [52]
 [49]
 [52]
 [57]
 [57]
 [57]
 [57]
 [57]
 [57]
 [53]
 [45]
 [49]] 
------------------------ Dataset: irq ------------------------
shape: (13, 1), dtype: uint16
Data:[[53]
 [54]
 [55]
 [54]
 [46]
 [56]
 [51]
 [55]
 [54]
 [52]
 [56]
 [45]
 [49]] 
------------------------ Dataset: irr ------------------------
shape: (27, 1), dtype: uint16
Data:[[53]
 [54]
 [57]
 [50]
 [46]
 [54]
 [50]
 [54]
 [53]
 [49]
 [52]
 [45]
 [48]
 [32]
 [53]
 [54]
 [57]
 [50]
 [46]
 [54]
 [50]
 [50]
 [49]
 [55]
 [54]
 [45]
 [49]] 
------------------------ Dataset: irs ------------------------
shape: (25, 1), dtype: uint16
Data:[[54]
 [52]
 [49]
 [53]
 [46]
 [57]
 [51]
 [54]
 [57]
 [55]
 [56]
 [45]
 [48]
 [32]
 [54]
 [52]
 [49]
 [53]
 [46]
 [57]
 [51]
 [52]
 [54]
 [45]
 [49]] 
------------------------ Dataset: irt ------------------------
shape: (27, 1), dtype: uint16
Data:[[54]
 [54]
 [48]
 [56]
 [46]
 [48]
 [49]
 [48]
 [51]
 [48]
 [51]
 [45]
 [48]
 [32]
 [54]
 [54]
 [48]
 [56]
 [46]
 [48]
 [48]
 [54]
 [48]
 [55]
 [49]
 [45]
 [49]] 
------------------------ Dataset: iru ------------------------
shape: (39, 1), dtype: uint16
Data:[[54]
 [54]
 [50]
 [51]
 [46]
 [57]
 [50]
 [57]
 [57]
 [56]
 [51]
 [57]
 [57]
 [57]
 [57]
 [57]
 [57]
 [45]
 [48]
 [32]
 [54]
 [54]
 [50]
 [51]
 [46]
 [57]
 [50]
 [57]
 [57]
 [56]
 [51]
 [57]
 [57]
 [57]
 [57]
 [57]
 [57]
 [45]
 [49]] 
------------------------ Dataset: irv ------------------------
shape: (27, 1), dtype: uint16
Data:[[54]
 [54]
 [51]
 [57]
 [46]
 [55]
 [54]
 [57]
 [52]
 [54]
 [55]
 [45]
 [48]
 [32]
 [54]
 [54]
 [51]
 [57]
 [46]
 [55]
 [55]
 [48]
 [48]
 [48]
 [55]
 [45]
 [49]] 
------------------------ Dataset: irw ------------------------
shape: (26, 1), dtype: uint16
Data:[[54]
 [54]
 [53]
 [53]
 [46]
 [51]
 [56]
 [56]
 [55]
 [53]
 [56]
 [45]
 [48]
 [32]
 [54]
 [54]
 [53]
 [53]
 [46]
 [51]
 [57]
 [49]
 [56]
 [51]
 [45]
 [49]] 
------------------------ Dataset: irx ------------------------
shape: (34, 1), dtype: uint16
Data:[[54]
 [54]
 [55]
 [49]
 [46]
 [50]
 [57]
 [48]
 [57]
 [53]
 [51]
 [45]
 [48]
 [32]
 [54]
 [54]
 [55]
 [49]
 [46]
 [50]
 [56]
 [57]
 [51]
 [55]
 [55]
 [57]
 [57]
 [57]
 [57]
 [57]
 [57]
 [53]
 [45]
 [49]] 
------------------------ Dataset: iry ------------------------
shape: (27, 1), dtype: uint16
Data:[[54]
 [54]
 [56]
 [55]
 [46]
 [49]
 [56]
 [54]
 [50]
 [57]
 [52]
 [45]
 [48]
 [32]
 [54]
 [54]
 [56]
 [55]
 [46]
 [49]
 [56]
 [54]
 [48]
 [48]
 [51]
 [45]
 [49]] 
------------------------ Dataset: irz ------------------------
shape: (26, 1), dtype: uint16
Data:[[53]
 [57]
 [48]
 [53]
 [46]
 [49]
 [48]
 [50]
 [54]
 [54]
 [45]
 [48]
 [32]
 [53]
 [57]
 [48]
 [53]
 [46]
 [48]
 [57]
 [57]
 [56]
 [52]
 [56]
 [45]
 [49]] 
------------------------ Dataset: is ------------------------
