shape: (1, 6), dtype: uint32
Data:[[3707764736          2          1          1       1911          1]] 
------------------------ Dataset: LFb ------------------------
shape: (27, 1), dtype: uint16
Data:[[54]
 [55]
 [55]
 [50]
 [46]
 [53]
 [54]
 [50]
 [50]
 [48]
 [50]
 [45]
 [48]
 [32]
 [54]
 [55]
 [55]
 [50]
 [46]
 [53]
 [54]
 [54]
 [49]
 [55]
 [52]
 [45]
 [49]] 
------------------------ Dataset: LFc ------------------------
shape: (27, 1), dtype: uint16
Data:[[54]
 [50]
 [56]
 [53]
 [46]
 [51]
 [54]
 [50]
 [52]
 [53]
 [57]
 [45]
 [48]
 [32]
 [54]
 [50]
 [56]
 [53]
 [46]
 [51]
 [54]
 [54]
 [52]
 [49]
 [49]
 [45]
 [49]] 
------------------------ Dataset: LFd ------------------------
shape: (33, 1), dtype: uint16
Data:[[54]
 [51]
 [48]
 [49]
 [46]
 [49]
 [50]
 [55]
 [50]
 [52]
 [51]
 [57]
 [57]
 [57]
 [57]
 [57]
 [57]
 [45]
 [48]
 [32]
 [54]
 [51]
 [48]
 [49]
 [46]
 [49]
 [50]
 [55]
 [50]
 [49]
 [57]
 [45]
 [49]] 
------------------------ Dataset: LFe ------------------------
shape: (27, 1), dtype: uint16
Data:[[54]
 [51]
 [49]
 [54]
 [46]
 [57]
 [57]
 [53]
 [54]
 [55]
 [54]
 [45]
 [48]
 [32]
 [54]
 [51]
 [49]
 [54]
 [46]
 [57]
 [57]
 [57]
 [57]
 [56]
 [54]
 [45]
 [49]] 
------------------------ Dataset: LFf ------------------------
shape: (27, 1), dtype: uint16
Data:[[54]
 [51]
 [51]
 [50]
 [46]
 [56]
 [49]
 [55]
 [57]
 [54]
 [54]
 [45]
 [48]
 [32]
 [54]
 [51]
 [51]
 [50]
 [46]
 [56]
 [50]
 [49]
 [56]
 [54]
 [51]
 [45]
 [49]] 
------------------------ Dataset: LFg ------------------------
shape: (33, 1), dtype: uint16
Data:[[54]
 [52]
 [57]
 [55]
 [46]
 [57]
 [54]
 [53]
 [57]
 [56]
 [50]
 [45]
 [48]
 [32]
 [54]
 [52]
 [57]
 [55]
 [46]
 [57]
 [54]
 [57]
 [57]
 [53]
 [57]
 [57]
 [57]
 [57]
 [57]
 [57]
 [57]
 [45]
 [49]] 
------------------------ Dataset: LFh ------------------------
shape: (33, 1), dtype: uint16
Data:[[54]
 [53]
 [49]
 [51]
 [46]
 [55]
 [56]
 [50]
 [50]
 [53]
 [53]
 [45]
 [48]
 [32]
 [54]
 [53]
 [49]
 [51]
 [46]
 [55]
 [55]
 [56]
 [51]
 [53]
 [54]
 [57]
 [57]
 [57]
 [57]
 [57]
 [57]
 [45]
 [49]] 
------------------------ Dataset: LFi ------------------------
shape: (33, 1), dtype: uint16
Data:[[54]
 [53]
 [50]
 [57]
 [46]
 [53]
 [56]
 [50]
 [48]
 [50]
 [56]
 [45]
 [48]
 [32]
 [54]
 [53]
 [50]
 [57]
 [46]
 [53]
 [56]
 [54]
 [48]
 [53]
 [51]
 [57]
 [57]
 [57]
 [57]
 [57]
 [57]
 [45]
 [49]] 
------------------------ Dataset: LFj ------------------------
shape: (33, 1), dtype: uint16
Data:[[54]
 [48]
 [50]
 [53]
 [46]
 [49]
 [52]
 [55]
 [52]
 [49]
 [54]
 [57]
 [57]
 [57]
 [57]
 [57]
 [57]
 [45]
 [48]
 [32]
 [54]
 [48]
 [50]
 [53]
 [46]
 [49]
 [52]
 [55]
 [56]
 [54]
 [50]
 [45]
 [49]] 
------------------------ Dataset: LFk ------------------------
shape: (27, 1), dtype: uint16
Data:[[54]
 [48]
 [52]
 [48]
 [46]
 [56]
 [56]
 [53]
 [56]
 [53]
 [57]
 [45]
 [48]
 [32]
 [54]
 [48]
 [52]
 [48]
 [46]
 [56]
 [56]
 [49]
 [56]
 [51]
 [57]
 [45]
 [49]] 
------------------------ Dataset: LFl ------------------------
shape: (39, 1), dtype: uint16
Data:[[54]
 [48]
 [53]
 [54]
 [46]
 [54]
 [48]
 [53]
 [55]
 [53]
 [51]
 [57]
 [57]
 [57]
 [57]
 [57]
 [57]
 [45]
 [48]
 [32]
 [54]
 [48]
 [53]
 [54]
 [46]
 [54]
 [48]
 [57]
 [55]
 [52]
 [56]
 [57]
 [57]
 [57]
 [57]
 [57]
 [57]
 [45]
 [49]] 
------------------------ Dataset: LFm ------------------------
shape: (33, 1), dtype: uint16
Data:[[54]
 [48]
 [55]
 [50]
 [46]
 [53]
 [48]
 [49]
 [55]
 [50]
 [50]
 [57]
 [57]
 [57]
 [57]
 [57]
 [57]
 [45]
 [48]
 [32]
 [54]
 [48]
 [55]
 [50]
 [46]
 [53]
 [48]
 [54]
 [49]
 [50]
 [51]
 [45]
 [49]] 
------------------------ Dataset: LFn ------------------------
shape: (27, 1), dtype: uint16
Data:[[53]
 [54]
 [51]
 [51]
 [46]
 [51]
 [55]
 [51]
 [54]
 [48]
 [53]
 [45]
 [48]
 [32]
 [53]
 [54]
 [51]
 [51]
 [46]
 [51]
 [54]
 [57]
 [54]
 [49]
 [54]
 [45]
 [49]] 
------------------------ Dataset: LFo ------------------------
shape: (27, 1), dtype: uint16
Data:[[53]
 [54]
 [52]
 [57]
 [46]
 [48]
 [53]
 [51]
 [53]
 [50]
 [52]
 [45]
 [48]
 [32]
 [53]
 [54]
 [52]
 [57]
 [46]
 [48]
 [52]
 [57]
 [54]
 [49]
 [53]
 [45]
 [49]] 
------------------------ Dataset: LFp ------------------------
shape: (41, 1), dtype: uint16
Data:[[53]
 [54]
 [54]
 [52]
 [46]
 [55]
 [56]
 [57]
 [54]
 [48]
 [48]
 [57]
 [57]
 [57]
 [57]
 [57]
 [57]
 [53]
 [45]
 [48]
 [32]
 [53]
 [54]
 [54]
 [52]
 [46]
 [55]
 [56]
 [53]
 [53]
 [53]
 [52]
 [57]
 [57]
 [57]
 [57]
 [57]
 [57]
 [53]
 [45]
 [49]] 
------------------------ Dataset: LFq ------------------------
shape: (41, 1), dtype: uint16
Data:[[53]
 [54]
 [56]
 [48]
 [46]
 [53]
 [51]
 [55]
 [54]
 [53]
 [53]
 [57]
 [57]
 [57]
 [57]
 [57]
 [57]
 [53]
 [45]
 [48]
 [32]
 [53]
 [54]
 [56]
 [48]
 [46]
 [53]
 [51]
 [51]
 [55]
 [56]
 [57]
 [57]
 [57]
 [57]
 [57]
 [57]
 [57]
 [53]
 [45]
 [49]] 
------------------------ Dataset: LFr ------------------------
shape: (27, 1), dtype: uint16
Data:[[53]
 [56]
 [48]
 [54]
 [46]
 [56]
 [50]
 [53]
 [55]
 [51]
 [52]
 [45]
 [48]
 [32]
 [53]
 [56]
 [48]
 [54]
 [46]
 [56]
 [50]
 [53]
 [55]
 [55]
 [54]
 [45]
 [49]] 
------------------------ Dataset: LFs ------------------------
shape: (33, 1), dtype: uint16
Data:[[54]
 [52]
 [49]
 [57]
 [46]
 [54]
 [50]
 [48]
 [54]
 [57]
 [51]
 [57]
 [57]
 [57]
 [57]
 [57]
 [57]
 [45]
 [48]
 [32]
 [54]
 [52]
 [49]
 [57]
 [46]
 [54]
 [50]
 [53]
 [49]
 [56]
 [51]
 [45]
 [49]] 
------------------------ Dataset: LFt ------------------------
shape: (33, 1), dtype: uint16
Data:[[54]
 [54]
 [49]
 [49]
 [46]
 [55]
 [48]
 [55]
 [56]
 [56]
 [48]
 [57]
 [57]
 [57]
 [57]
 [57]
 [57]
 [45]
 [48]
 [32]
 [54]
 [54]
 [49]
 [49]
 [46]
 [55]
 [48]
 [50]
 [56]
 [54]
 [54]
 [45]
 [49]] 
------------------------ Dataset: LFu ------------------------
shape: (27, 1), dtype: uint16
Data:[[54]
 [54]
 [50]
 [55]
 [46]
 [54]
 [50]
 [54]
 [51]
 [53]
 [57]
 [45]
 [48]
 [32]
 [54]
 [54]
 [50]
 [55]
 [46]
 [54]
 [50]
 [51]
 [51]
 [49]
 [56]
 [45]
 [49]] 
------------------------ Dataset: LFv ------------------------
shape: (26, 1), dtype: uint16
Data:[[54]
 [54]
 [52]
 [51]
 [46]
 [51]
 [56]
 [54]
 [51]
 [49]
 [51]
 [45]
 [48]
 [32]
 [54]
 [54]
 [52]
 [51]
 [46]
 [51]
 [56]
 [50]
 [50]
 [57]
 [45]
 [49]] 
------------------------ Dataset: LFw ------------------------
shape: (39, 1), dtype: uint16
Data:[[54]
 [54]
 [53]
 [57]
 [46]
 [49]
 [50]
 [57]
 [57]
 [56]
 [57]
 [57]
 [57]
 [57]
 [57]
 [57]
 [57]
 [45]
 [48]
 [32]
 [54]
 [54]
 [53]
 [57]
 [46]
 [49]
 [50]
 [54]
 [49]
 [52]
 [55]
 [57]
 [57]
 [57]
 [57]
 [57]
 [57]
 [45]
 [49]] 
------------------------ Dataset: LFx ------------------------
shape: (27, 1), dtype: uint16
Data:[[54]
 [54]
 [55]
 [52]
 [46]
 [57]
 [56]
 [54]
 [51]
 [56]
 [55]
 [45]
 [48]
 [32]
 [54]
 [54]
 [55]
 [52]
 [46]
 [57]
 [57]
 [48]
 [48]
 [57]
 [55]
 [45]
 [49]] 
------------------------ Dataset: LFy ------------------------
shape: (33, 1), dtype: uint16
Data:[[54]
 [54]
 [57]
 [48]
 [46]
 [57]
 [48]
 [54]
 [48]
 [53]
 [49]
 [57]
 [57]
 [57]
 [57]
 [57]
 [57]
 [45]
 [48]
 [32]
 [54]
 [54]
 [57]
 [48]
 [46]
 [57]
 [49]
 [48]
 [54]
 [54]
 [54]
 [45]
 [49]] 
------------------------ Dataset: LFz ------------------------
shape: (27, 1), dtype: uint16
Data:[[53]
 [57]
 [48]
 [56]
 [46]
 [55]
 [56]
 [55]
 [48]
 [50]
 [49]
 [45]
 [48]
 [32]
 [53]
 [57]
 [48]
 [56]
 [46]
 [55]
 [56]
 [54]
 [57]
 [56]
 [56]
 [45]
 [49]] 
------------------------ Dataset: LG ------------------------
