shape: (1, 6), dtype: uint32
Data:[[3707764736          2          1          1       1851          1]] 
------------------------ Dataset: MEb ------------------------
shape: (32, 1), dtype: uint16
Data:[[54]
 [55]
 [55]
 [50]
 [46]
 [51]
 [49]
 [52]
 [49]
 [54]
 [45]
 [48]
 [32]
 [54]
 [55]
 [55]
 [50]
 [46]
 [51]
 [49]
 [48]
 [49]
 [56]
 [52]
 [57]
 [57]
 [57]
 [57]
 [57]
 [57]
 [45]
 [49]] 
------------------------ Dataset: MEc ------------------------
shape: (33, 1), dtype: uint16
Data:[[54]
 [50]
 [56]
 [53]
 [46]
 [48]
 [57]
 [55]
 [56]
 [57]
 [53]
 [57]
 [57]
 [57]
 [57]
 [57]
 [57]
 [45]
 [48]
 [32]
 [54]
 [50]
 [56]
 [53]
 [46]
 [48]
 [57]
 [51]
 [57]
 [50]
 [54]
 [45]
 [49]] 
------------------------ Dataset: MEd ------------------------
shape: (27, 1), dtype: uint16
Data:[[54]
 [51]
 [48]
 [48]
 [46]
 [56]
 [54]
 [51]
 [49]
 [49]
 [50]
 [45]
 [48]
 [32]
 [54]
 [51]
 [48]
 [48]
 [46]
 [56]
 [54]
 [55]
 [54]
 [51]
 [54]
 [45]
 [49]] 
------------------------ Dataset: MEe ------------------------
shape: (33, 1), dtype: uint16
Data:[[54]
 [51]
 [49]
 [54]
 [46]
 [55]
 [52]
 [50]
 [48]
 [53]
 [56]
 [57]
 [57]
 [57]
 [57]
 [57]
 [57]
 [45]
 [48]
 [32]
 [54]
 [51]
 [49]
 [54]
 [46]
 [55]
 [51]
 [55]
 [57]
 [52]
 [50]
 [45]
 [49]] 
------------------------ Dataset: MEf ------------------------
shape: (27, 1), dtype: uint16
Data:[[54]
 [51]
 [51]
 [50]
 [46]
 [53]
 [55]
 [52]
 [50]
 [53]
 [49]
 [45]
 [48]
 [32]
 [54]
 [51]
 [51]
 [50]
 [46]
 [53]
 [55]
 [50]
 [56]
 [56]
 [54]
 [45]
 [49]] 
------------------------ Dataset: MEg ------------------------
shape: (27, 1), dtype: uint16
Data:[[54]
 [52]
 [57]
 [55]
 [46]
 [55]
 [50]
 [53]
 [54]
 [57]
 [57]
 [45]
 [48]
 [32]
 [54]
 [52]
 [57]
 [55]
 [46]
 [55]
 [50]
 [52]
 [52]
 [57]
 [56]
 [45]
 [49]] 
------------------------ Dataset: MEh ------------------------
shape: (13, 1), dtype: uint16
Data:[[54]
 [53]
 [49]
 [51]
 [46]
 [53]
 [50]
 [50]
 [48]
 [57]
 [55]
 [45]
 [48]] 
------------------------ Dataset: MEi ------------------------
shape: (27, 1), dtype: uint16
Data:[[54]
 [53]
 [50]
 [57]
 [46]
 [51]
 [51]
 [56]
 [57]
 [51]
 [51]
 [45]
 [48]
 [32]
 [54]
 [53]
 [50]
 [57]
 [46]
 [51]
 [52]
 [49]
 [55]
 [55]
 [56]
 [45]
 [49]] 
------------------------ Dataset: MEj ------------------------
shape: (33, 1), dtype: uint16
Data:[[54]
 [48]
 [50]
 [52]
 [46]
 [56]
 [57]
 [51]
 [55]
 [57]
 [55]
 [45]
 [48]
 [32]
 [54]
 [48]
 [50]
 [52]
 [46]
 [56]
 [56]
 [57]
 [55]
 [55]
 [54]
 [57]
 [57]
 [57]
 [57]
 [57]
 [57]
 [45]
 [49]] 
------------------------ Dataset: MEk ------------------------
shape: (39, 1), dtype: uint16
Data:[[54]
 [48]
 [52]
 [48]
 [46]
 [54]
 [51]
 [55]
 [56]
 [48]
 [49]
 [57]
 [57]
 [57]
 [57]
 [57]
 [57]
 [45]
 [48]
 [32]
 [54]
 [48]
 [52]
 [48]
 [46]
 [54]
 [52]
 [49]
 [57]
 [49]
 [55]
 [57]
 [57]
 [57]
 [57]
 [57]
 [57]
 [45]
 [49]] 
------------------------ Dataset: MEl ------------------------
shape: (27, 1), dtype: uint16
Data:[[54]
 [48]
 [53]
 [54]
 [46]
 [51]
 [52]
 [54]
 [51]
 [51]
 [49]
 [45]
 [48]
 [32]
 [54]
 [48]
 [53]
 [54]
 [46]
 [51]
 [52]
 [52]
 [55]
 [51]
 [50]
 [45]
 [49]] 
------------------------ Dataset: MEm ------------------------
shape: (32, 1), dtype: uint16
Data:[[54]
 [48]
 [55]
 [50]
 [46]
 [50]
 [52]
 [49]
 [55]
 [57]
 [53]
 [57]
 [57]
 [57]
 [57]
 [57]
 [57]
 [45]
 [48]
 [32]
 [54]
 [48]
 [55]
 [50]
 [46]
 [50]
 [52]
 [53]
 [55]
 [54]
 [45]
 [49]] 
------------------------ Dataset: MEn ------------------------
shape: (33, 1), dtype: uint16
Data:[[53]
 [54]
 [51]
 [51]
 [46]
 [49]
 [50]
 [53]
 [53]
 [55]
 [55]
 [45]
 [48]
 [32]
 [53]
 [54]
 [51]
 [51]
 [46]
 [49]
 [50]
 [57]
 [53]
 [55]
 [50]
 [57]
 [57]
 [57]
 [57]
 [57]
 [57]
 [45]
 [49]] 
------------------------ Dataset: MEo ------------------------
shape: (27, 1), dtype: uint16
Data:[[53]
 [54]
 [52]
 [56]
 [46]
 [56]
 [48]
 [49]
 [53]
 [56]
 [54]
 [45]
 [48]
 [32]
 [53]
 [54]
 [52]
 [56]
 [46]
 [55]
 [57]
 [55]
 [53]
 [56]
 [49]
 [45]
 [49]] 
------------------------ Dataset: MEp ------------------------
shape: (33, 1), dtype: uint16
Data:[[53]
 [54]
 [54]
 [52]
 [46]
 [53]
 [51]
 [55]
 [57]
 [48]
 [50]
 [45]
 [48]
 [32]
 [53]
 [54]
 [54]
 [52]
 [46]
 [53]
 [52]
 [49]
 [56]
 [52]
 [51]
 [57]
 [57]
 [57]
 [57]
 [57]
 [57]
 [45]
 [49]] 
------------------------ Dataset: MEq ------------------------
shape: (40, 1), dtype: uint16
Data:[[53]
 [54]
 [56]
 [48]
 [46]
 [50]
 [56]
 [49]
 [54]
 [54]
 [54]
 [57]
 [57]
 [57]
 [57]
 [57]
 [57]
 [45]
 [48]
 [32]
 [53]
 [54]
 [56]
 [48]
 [46]
 [50]
 [56]
 [53]
 [55]
 [51]
 [52]
 [57]
 [57]
 [57]
 [57]
 [57]
 [57]
 [53]
 [45]
 [49]] 
------------------------ Dataset: MEr ------------------------
shape: (39, 1), dtype: uint16
Data:[[53]
 [56]
 [48]
 [54]
 [46]
 [53]
 [55]
 [55]
 [56]
 [48]
 [50]
 [57]
 [57]
 [57]
 [57]
 [57]
 [57]
 [45]
 [48]
 [32]
 [53]
 [56]
 [48]
 [54]
 [46]
 [53]
 [56]
 [49]
 [54]
 [53]
 [53]
 [57]
 [57]
 [57]
 [57]
 [57]
 [57]
 [45]
 [49]] 
------------------------ Dataset: MEs ------------------------
shape: (34, 1), dtype: uint16
Data:[[54]
 [52]
 [49]
 [57]
 [46]
 [51]
 [54]
 [53]
 [57]
 [54]
 [56]
 [57]
 [57]
 [57]
 [57]
 [57]
 [57]
 [53]
 [45]
 [48]
 [32]
 [54]
 [52]
 [49]
 [57]
 [46]
 [51]
 [55]
 [49]
 [56]
 [48]
 [51]
 [45]
 [49]] 
------------------------ Dataset: MEt ------------------------
shape: (39, 1), dtype: uint16
Data:[[54]
 [54]
 [49]
 [49]
 [46]
 [52]
 [53]
 [56]
 [48]
 [56]
 [55]
 [57]
 [57]
 [57]
 [57]
 [57]
 [57]
 [45]
 [48]
 [32]
 [54]
 [54]
 [49]
 [49]
 [46]
 [52]
 [54]
 [50]
 [49]
 [50]
 [53]
 [57]
 [57]
 [57]
 [57]
 [57]
 [57]
 [45]
 [49]] 
------------------------ Dataset: MEu ------------------------
shape: (39, 1), dtype: uint16
Data:[[54]
 [54]
 [50]
 [55]
 [46]
 [51]
 [55]
 [56]
 [49]
 [53]
 [49]
 [57]
 [57]
 [57]
 [57]
 [57]
 [57]
 [45]
 [48]
 [32]
 [54]
 [54]
 [50]
 [55]
 [46]
 [51]
 [56]
 [50]
 [48]
 [53]
 [55]
 [57]
 [57]
 [57]
 [57]
 [57]
 [57]
 [45]
 [49]] 
------------------------ Dataset: MEv ------------------------
shape: (39, 1), dtype: uint16
Data:[[54]
 [54]
 [52]
 [51]
 [46]
 [49]
 [51]
 [52]
 [48]
 [51]
 [55]
 [57]
 [57]
 [57]
 [57]
 [57]
 [57]
 [45]
 [48]
 [32]
 [54]
 [54]
 [52]
 [51]
 [46]
 [49]
 [52]
 [50]
 [48]
 [53]
 [57]
 [57]
 [57]
 [57]
 [57]
 [57]
 [57]
 [45]
 [49]] 
------------------------ Dataset: MEw ------------------------
shape: (33, 1), dtype: uint16
Data:[[54]
 [54]
 [53]
 [56]
 [46]
 [56]
 [54]
 [50]
 [48]
 [55]
 [53]
 [57]
 [57]
 [57]
 [57]
 [57]
 [57]
 [45]
 [48]
 [32]
 [54]
 [54]
 [53]
 [56]
 [46]
 [56]
 [54]
 [54]
 [49]
 [56]
 [56]
 [45]
 [49]] 
------------------------ Dataset: MEx ------------------------
shape: (27, 1), dtype: uint16
Data:[[54]
 [54]
 [55]
 [52]
 [46]
 [55]
 [51]
 [52]
 [49]
 [49]
 [49]
 [45]
 [48]
 [32]
 [54]
 [54]
 [55]
 [52]
 [46]
 [55]
 [51]
 [48]
 [49]
 [50]
 [57]
 [45]
 [49]] 
------------------------ Dataset: MEy ------------------------
shape: (33, 1), dtype: uint16
Data:[[54]
 [54]
 [57]
 [48]
 [46]
 [54]
 [54]
 [50]
 [48]
 [49]
 [48]
 [57]
 [57]
 [57]
 [57]
 [57]
 [57]
 [45]
 [48]
 [32]
 [54]
 [54]
 [57]
 [48]
 [46]
 [54]
 [53]
 [57]
 [51]
 [57]
 [54]
 [45]
 [49]] 
------------------------ Dataset: MEz ------------------------
shape: (27, 1), dtype: uint16
Data:[[53]
 [57]
 [48]
 [56]
 [46]
 [53]
 [51]
 [55]
 [54]
 [56]
 [52]
 [45]
 [48]
 [32]
 [53]
 [57]
 [48]
 [56]
 [46]
 [53]
 [52]
 [55]
 [56]
 [55]
 [57]
 [45]
 [49]] 
------------------------ Dataset: MF ------------------------
