shape: (1, 6), dtype: uint32
Data:[[3707764736          2          1          1       1519          1]] 
------------------------ Dataset: hzb ------------------------
shape: (33, 1), dtype: uint16
Data:[[54]
 [55]
 [55]
 [48]
 [46]
 [57]
 [50]
 [54]
 [51]
 [50]
 [52]
 [57]
 [57]
 [57]
 [57]
 [57]
 [57]
 [45]
 [48]
 [32]
 [54]
 [55]
 [55]
 [48]
 [46]
 [57]
 [51]
 [48]
 [50]
 [48]
 [56]
 [45]
 [49]] 
------------------------ Dataset: hzc ------------------------
shape: (40, 1), dtype: uint16
Data:[[54]
 [50]
 [56]
 [51]
 [46]
 [55]
 [48]
 [49]
 [56]
 [54]
 [53]
 [57]
 [57]
 [57]
 [57]
 [57]
 [57]
 [45]
 [48]
 [32]
 [54]
 [50]
 [56]
 [51]
 [46]
 [54]
 [57]
 [55]
 [56]
 [53]
 [55]
 [57]
 [57]
 [57]
 [57]
 [57]
 [57]
 [53]
 [45]
 [49]] 
------------------------ Dataset: hzd ------------------------
shape: (39, 1), dtype: uint16
Data:[[54]
 [50]
 [57]
 [57]
 [46]
 [52]
 [55]
 [54]
 [51]
 [51]
 [57]
 [57]
 [57]
 [57]
 [57]
 [57]
 [57]
 [45]
 [48]
 [32]
 [54]
 [50]
 [57]
 [57]
 [46]
 [52]
 [55]
 [49]
 [49]
 [49]
 [49]
 [57]
 [57]
 [57]
 [57]
 [57]
 [57]
 [45]
 [49]] 
------------------------ Dataset: hze ------------------------
shape: (33, 1), dtype: uint16
Data:[[54]
 [51]
 [49]
 [53]
 [46]
 [51]
 [52]
 [56]
 [49]
 [49]
 [56]
 [45]
 [48]
 [32]
 [54]
 [51]
 [49]
 [53]
 [46]
 [51]
 [53]
 [50]
 [54]
 [51]
 [55]
 [57]
 [57]
 [57]
 [57]
 [57]
 [57]
 [45]
 [49]] 
------------------------ Dataset: hzf ------------------------
shape: (27, 1), dtype: uint16
Data:[[54]
 [51]
 [51]
 [49]
 [46]
 [49]
 [54]
 [50]
 [51]
 [54]
 [57]
 [45]
 [48]
 [32]
 [54]
 [51]
 [51]
 [49]
 [46]
 [49]
 [54]
 [53]
 [56]
 [54]
 [55]
 [45]
 [49]] 
------------------------ Dataset: hzg ------------------------
shape: (1, 16504), dtype: float64
Data:[[-0.26840054 -0.26823189 -0.26823189 ... -0.35735426 -0.34320657
  -0.34320657]] 
------------------------ Dataset: hzh ------------------------
shape: (26, 1), dtype: uint16
Data:[[54]
 [53]
 [49]
 [50]
 [46]
 [48]
 [56]
 [54]
 [48]
 [48]
 [49]
 [45]
 [48]
 [32]
 [54]
 [53]
 [49]
 [50]
 [46]
 [48]
 [56]
 [57]
 [57]
 [53]
 [45]
 [49]] 
------------------------ Dataset: hzi ------------------------
shape: (33, 1), dtype: uint16
Data:[[54]
 [53]
 [50]
 [55]
 [46]
 [57]
 [50]
 [54]
 [50]
 [51]
 [50]
 [57]
 [57]
 [57]
 [57]
 [57]
 [57]
 [45]
 [48]
 [32]
 [54]
 [53]
 [50]
 [55]
 [46]
 [57]
 [50]
 [50]
 [48]
 [52]
 [55]
 [45]
 [49]] 
------------------------ Dataset: hzj ------------------------
shape: (34, 1), dtype: uint16
Data:[[54]
 [48]
 [50]
 [51]
 [46]
 [53]
 [48]
 [53]
 [55]
 [53]
 [50]
 [57]
 [57]
 [57]
 [57]
 [57]
 [57]
 [53]
 [45]
 [48]
 [32]
 [54]
 [48]
 [50]
 [51]
 [46]
 [53]
 [48]
 [57]
 [55]
 [49]
 [49]
 [45]
 [49]] 
------------------------ Dataset: hzk ------------------------
shape: (27, 1), dtype: uint16
Data:[[54]
 [48]
 [51]
 [57]
 [46]
 [50]
 [54]
 [53]
 [56]
 [50]
 [51]
 [45]
 [48]
 [32]
 [54]
 [48]
 [51]
 [57]
 [46]
 [50]
 [54]
 [50]
 [55]
 [52]
 [53]
 [45]
 [49]] 
------------------------ Dataset: hzl ------------------------
shape: (34, 1), dtype: uint16
Data:[[54]
 [48]
 [53]
 [52]
 [46]
 [57]
 [49]
 [55]
 [56]
 [55]
 [53]
 [57]
 [57]
 [57]
 [57]
 [57]
 [57]
 [53]
 [45]
 [48]
 [32]
 [54]
 [48]
 [53]
 [52]
 [46]
 [57]
 [49]
 [51]
 [56]
 [54]
 [56]
 [45]
 [49]] 
------------------------ Dataset: hzm ------------------------
shape: (27, 1), dtype: uint16
Data:[[54]
 [48]
 [55]
 [48]
 [46]
 [56]
 [54]
 [49]
 [56]
 [48]
 [52]
 [45]
 [48]
 [32]
 [54]
 [48]
 [55]
 [48]
 [46]
 [56]
 [53]
 [55]
 [55]
 [55]
 [49]
 [45]
 [49]] 
------------------------ Dataset: hzn ------------------------
shape: (33, 1), dtype: uint16
Data:[[53]
 [54]
 [51]
 [49]
 [46]
 [55]
 [51]
 [50]
 [51]
 [56]
 [49]
 [57]
 [57]
 [57]
 [57]
 [57]
 [57]
 [45]
 [48]
 [32]
 [53]
 [54]
 [51]
 [49]
 [46]
 [55]
 [51]
 [53]
 [49]
 [56]
 [57]
 [45]
 [49]] 
------------------------ Dataset: hzo ------------------------
shape: (26, 1), dtype: uint16
Data:[[53]
 [54]
 [52]
 [55]
 [46]
 [52]
 [48]
 [53]
 [53]
 [50]
 [50]
 [45]
 [48]
 [32]
 [53]
 [54]
 [52]
 [55]
 [46]
 [52]
 [48]
 [49]
 [53]
 [51]
 [45]
 [49]] 
------------------------ Dataset: hzp ------------------------
shape: (34, 1), dtype: uint16
Data:[[53]
 [54]
 [54]
 [51]
 [46]
 [49]
 [52]
 [49]
 [54]
 [49]
 [56]
 [45]
 [48]
 [32]
 [53]
 [54]
 [54]
 [51]
 [46]
 [49]
 [52]
 [53]
 [55]
 [48]
 [48]
 [57]
 [57]
 [57]
 [57]
 [57]
 [57]
 [53]
 [45]
 [49]] 
------------------------ Dataset: hzq ------------------------
shape: (27, 1), dtype: uint16
Data:[[53]
 [54]
 [55]
 [56]
 [46]
 [56]
 [56]
 [53]
 [53]
 [52]
 [49]
 [45]
 [48]
 [32]
 [53]
 [54]
 [55]
 [56]
 [46]
 [56]
 [56]
 [57]
 [55]
 [56]
 [57]
 [45]
 [49]] 
------------------------ Dataset: hzr ------------------------
shape: (39, 1), dtype: uint16
Data:[[53]
 [54]
 [57]
 [52]
 [46]
 [54]
 [53]
 [51]
 [57]
 [49]
 [48]
 [57]
 [57]
 [57]
 [57]
 [57]
 [57]
 [45]
 [48]
 [32]
 [53]
 [54]
 [57]
 [52]
 [46]
 [54]
 [52]
 [50]
 [48]
 [51]
 [48]
 [57]
 [57]
 [57]
 [57]
 [57]
 [57]
 [45]
 [49]] 
------------------------ Dataset: hzs ------------------------
shape: (39, 1), dtype: uint16
Data:[[54]
 [52]
 [49]
 [55]
 [46]
 [57]
 [53]
 [52]
 [52]
 [50]
 [53]
 [57]
 [57]
 [57]
 [57]
 [57]
 [57]
 [45]
 [48]
 [32]
 [54]
 [52]
 [49]
 [55]
 [46]
 [57]
 [53]
 [48]
 [48]
 [52]
 [51]
 [57]
 [57]
 [57]
 [57]
 [57]
 [57]
 [45]
 [49]] 
------------------------ Dataset: hzt ------------------------
shape: (20, 1), dtype: uint16
Data:[[54]
 [54]
 [49]
 [48]
 [46]
 [48]
 [52]
 [54]
 [53]
 [50]
 [54]
 [57]
 [57]
 [57]
 [57]
 [57]
 [57]
 [53]
 [45]
 [48]] 
------------------------ Dataset: hzu ------------------------
shape: (27, 1), dtype: uint16
Data:[[54]
 [54]
 [50]
 [53]
 [46]
 [57]
 [56]
 [50]
 [49]
 [53]
 [54]
 [45]
 [48]
 [32]
 [54]
 [54]
 [50]
 [53]
 [46]
 [57]
 [56]
 [54]
 [49]
 [54]
 [52]
 [45]
 [49]] 
------------------------ Dataset: hzv ------------------------
shape: (13, 1), dtype: uint16
Data:[[54]
 [54]
 [52]
 [49]
 [46]
 [55]
 [54]
 [50]
 [51]
 [50]
 [56]
 [45]
 [49]] 
------------------------ Dataset: hzw ------------------------
shape: (33, 1), dtype: uint16
Data:[[54]
 [54]
 [53]
 [55]
 [46]
 [52]
 [52]
 [50]
 [49]
 [50]
 [51]
 [57]
 [57]
 [57]
 [57]
 [57]
 [57]
 [45]
 [48]
 [32]
 [54]
 [54]
 [53]
 [55]
 [46]
 [52]
 [51]
 [56]
 [49]
 [57]
 [51]
 [45]
 [49]] 
------------------------ Dataset: hzx ------------------------
shape: (33, 1), dtype: uint16
Data:[[54]
 [54]
 [55]
 [51]
 [46]
 [51]
 [52]
 [52]
 [54]
 [54]
 [49]
 [45]
 [48]
 [32]
 [54]
 [54]
 [55]
 [51]
 [46]
 [51]
 [52]
 [50]
 [53]
 [55]
 [51]
 [57]
 [57]
 [57]
 [57]
 [57]
 [57]
 [45]
 [49]] 
------------------------ Dataset: hzy ------------------------
shape: (27, 1), dtype: uint16
Data:[[54]
 [54]
 [56]
 [57]
 [46]
 [50]
 [54]
 [53]
 [50]
 [48]
 [56]
 [45]
 [48]
 [32]
 [54]
 [54]
 [56]
 [57]
 [46]
 [50]
 [54]
 [57]
 [55]
 [52]
 [53]
 [45]
 [49]] 
------------------------ Dataset: hzz ------------------------
shape: (34, 1), dtype: uint16
Data:[[53]
 [57]
 [48]
 [55]
 [46]
 [49]
 [52]
 [50]
 [53]
 [50]
 [57]
 [45]
 [48]
 [32]
 [53]
 [57]
 [48]
 [55]
 [46]
 [49]
 [51]
 [57]
 [53]
 [53]
 [54]
 [57]
 [57]
 [57]
 [57]
 [57]
 [57]
 [53]
 [45]
 [49]] 
------------------------ Dataset: i ------------------------
