shape: (1, 6), dtype: uint32
Data:[[3707764736          2          1          1        137          1]] 
------------------------ Dataset: rcb ------------------------
shape: (32, 1), dtype: uint16
Data:[[54]
 [55]
 [54]
 [53]
 [46]
 [48]
 [56]
 [49]
 [48]
 [49]
 [45]
 [48]
 [32]
 [54]
 [55]
 [54]
 [53]
 [46]
 [48]
 [56]
 [55]
 [48]
 [50]
 [56]
 [57]
 [57]
 [57]
 [57]
 [57]
 [57]
 [45]
 [49]] 
------------------------ Dataset: rcc ------------------------
shape: (34, 1), dtype: uint16
Data:[[54]
 [55]
 [56]
 [48]
 [46]
 [57]
 [51]
 [56]
 [49]
 [54]
 [49]
 [57]
 [57]
 [57]
 [57]
 [57]
 [57]
 [53]
 [45]
 [48]
 [32]
 [54]
 [55]
 [56]
 [48]
 [46]
 [57]
 [51]
 [52]
 [50]
 [48]
 [49]
 [45]
 [49]] 
------------------------ Dataset: rcd ------------------------
shape: (33, 1), dtype: uint16
Data:[[54]
 [50]
 [57]
 [51]
 [46]
 [54]
 [56]
 [49]
 [57]
 [53]
 [55]
 [45]
 [48]
 [32]
 [54]
 [50]
 [57]
 [51]
 [46]
 [54]
 [56]
 [53]
 [57]
 [51]
 [57]
 [57]
 [57]
 [57]
 [57]
 [57]
 [57]
 [45]
 [49]] 
------------------------ Dataset: rce ------------------------
shape: (26, 1), dtype: uint16
Data:[[54]
 [51]
 [48]
 [57]
 [46]
 [53]
 [49]
 [52]
 [49]
 [51]
 [57]
 [45]
 [48]
 [32]
 [54]
 [51]
 [48]
 [57]
 [46]
 [53]
 [49]
 [48]
 [51]
 [53]
 [45]
 [49]] 
------------------------ Dataset: rcf ------------------------
shape: (34, 1), dtype: uint16
Data:[[54]
 [51]
 [50]
 [53]
 [46]
 [51]
 [50]
 [57]
 [56]
 [55]
 [52]
 [45]
 [48]
 [32]
 [54]
 [51]
 [50]
 [53]
 [46]
 [51]
 [50]
 [53]
 [57]
 [50]
 [53]
 [57]
 [57]
 [57]
 [57]
 [57]
 [57]
 [53]
 [45]
 [49]] 
------------------------ Dataset: rcg ------------------------
shape: (32, 1), dtype: uint16
Data:[[54]
 [51]
 [52]
 [49]
 [46]
 [49]
 [56]
 [53]
 [56]
 [53]
 [48]
 [57]
 [57]
 [57]
 [57]
 [57]
 [57]
 [45]
 [48]
 [32]
 [54]
 [51]
 [52]
 [49]
 [46]
 [49]
 [56]
 [50]
 [50]
 [52]
 [45]
 [49]] 
------------------------ Dataset: rch ------------------------
shape: (33, 1), dtype: uint16
Data:[[54]
 [53]
 [48]
 [54]
 [46]
 [50]
 [57]
 [52]
 [48]
 [51]
 [45]
 [48]
 [32]
 [54]
 [53]
 [48]
 [54]
 [46]
 [50]
 [57]
 [48]
 [48]
 [53]
 [52]
 [57]
 [57]
 [57]
 [57]
 [57]
 [57]
 [53]
 [45]
 [49]] 
------------------------ Dataset: rci ------------------------
shape: (40, 1), dtype: uint16
Data:[[54]
 [53]
 [50]
 [50]
 [46]
 [49]
 [48]
 [50]
 [51]
 [52]
 [55]
 [57]
 [57]
 [57]
 [57]
 [57]
 [57]
 [45]
 [48]
 [32]
 [54]
 [53]
 [50]
 [50]
 [46]
 [49]
 [48]
 [54]
 [49]
 [49]
 [49]
 [57]
 [57]
 [57]
 [57]
 [57]
 [57]
 [53]
 [45]
 [49]] 
------------------------ Dataset: rcj ------------------------
shape: (33, 1), dtype: uint16
Data:[[54]
 [48]
 [49]
 [55]
 [46]
 [54]
 [56]
 [48]
 [50]
 [48]
 [54]
 [57]
 [57]
 [57]
 [57]
 [57]
 [57]
 [45]
 [48]
 [32]
 [54]
 [48]
 [49]
 [55]
 [46]
 [54]
 [56]
 [54]
 [48]
 [50]
 [50]
 [45]
 [49]] 
------------------------ Dataset: rck ------------------------
shape: (39, 1), dtype: uint16
Data:[[54]
 [48]
 [51]
 [51]
 [46]
 [52]
 [57]
 [57]
 [50]
 [52]
 [50]
 [57]
 [57]
 [57]
 [57]
 [57]
 [57]
 [45]
 [48]
 [32]
 [54]
 [48]
 [51]
 [51]
 [46]
 [52]
 [57]
 [50]
 [57]
 [49]
 [56]
 [57]
 [57]
 [57]
 [57]
 [57]
 [57]
 [45]
 [49]] 
------------------------ Dataset: rcl ------------------------
shape: (33, 1), dtype: uint16
Data:[[54]
 [48]
 [52]
 [57]
 [46]
 [48]
 [57]
 [57]
 [54]
 [54]
 [50]
 [45]
 [48]
 [32]
 [54]
 [48]
 [52]
 [57]
 [46]
 [48]
 [57]
 [57]
 [54]
 [49]
 [50]
 [57]
 [57]
 [57]
 [57]
 [57]
 [57]
 [45]
 [49]] 
------------------------ Dataset: rcm ------------------------
shape: (27, 1), dtype: uint16
Data:[[54]
 [48]
 [54]
 [52]
 [46]
 [57]
 [56]
 [49]
 [56]
 [51]
 [54]
 [45]
 [48]
 [32]
 [54]
 [48]
 [54]
 [52]
 [46]
 [57]
 [55]
 [55]
 [55]
 [54]
 [51]
 [45]
 [49]] 
------------------------ Dataset: rcn ------------------------
shape: (34, 1), dtype: uint16
Data:[[54]
 [48]
 [56]
 [48]
 [46]
 [56]
 [56]
 [54]
 [49]
 [48]
 [49]
 [57]
 [57]
 [57]
 [57]
 [57]
 [57]
 [53]
 [45]
 [48]
 [32]
 [54]
 [48]
 [56]
 [48]
 [46]
 [56]
 [57]
 [48]
 [48]
 [57]
 [51]
 [45]
 [49]] 
------------------------ Dataset: rco ------------------------
shape: (34, 1), dtype: uint16
Data:[[53]
 [54]
 [52]
 [49]
 [46]
 [54]
 [52]
 [48]
 [53]
 [53]
 [56]
 [45]
 [48]
 [32]
 [53]
 [54]
 [52]
 [49]
 [46]
 [54]
 [52]
 [48]
 [53]
 [49]
 [53]
 [57]
 [57]
 [57]
 [57]
 [57]
 [57]
 [53]
 [45]
 [49]] 
------------------------ Dataset: rcp ------------------------
shape: (33, 1), dtype: uint16
Data:[[53]
 [54]
 [53]
 [55]
 [46]
 [51]
 [55]
 [51]
 [53]
 [50]
 [50]
 [57]
 [57]
 [57]
 [57]
 [57]
 [57]
 [45]
 [48]
 [32]
 [53]
 [54]
 [53]
 [55]
 [46]
 [51]
 [55]
 [55]
 [53]
 [56]
 [57]
 [45]
 [49]] 
------------------------ Dataset: rcq ------------------------
shape: (33, 1), dtype: uint16
Data:[[53]
 [54]
 [55]
 [51]
 [46]
 [48]
 [56]
 [57]
 [55]
 [52]
 [49]
 [45]
 [48]
 [32]
 [53]
 [54]
 [55]
 [51]
 [46]
 [48]
 [57]
 [52]
 [53]
 [54]
 [57]
 [57]
 [57]
 [57]
 [57]
 [57]
 [57]
 [45]
 [49]] 
------------------------ Dataset: rcr ------------------------
shape: (39, 1), dtype: uint16
Data:[[53]
 [54]
 [56]
 [56]
 [46]
 [56]
 [52]
 [57]
 [54]
 [52]
 [49]
 [57]
 [57]
 [57]
 [57]
 [57]
 [57]
 [45]
 [48]
 [32]
 [53]
 [54]
 [56]
 [56]
 [46]
 [56]
 [53]
 [51]
 [54]
 [48]
 [49]
 [57]
 [57]
 [57]
 [57]
 [57]
 [57]
 [45]
 [49]] 
------------------------ Dataset: rcs ------------------------
shape: (33, 1), dtype: uint16
Data:[[53]
 [56]
 [49]
 [53]
 [46]
 [49]
 [49]
 [51]
 [53]
 [56]
 [53]
 [45]
 [48]
 [32]
 [53]
 [56]
 [49]
 [53]
 [46]
 [49]
 [48]
 [57]
 [53]
 [57]
 [48]
 [57]
 [57]
 [57]
 [57]
 [57]
 [57]
 [45]
 [49]] 
------------------------ Dataset: rct ------------------------
shape: (27, 1), dtype: uint16
Data:[[54]
 [54]
 [48]
 [52]
 [46]
 [50]
 [48]
 [57]
 [53]
 [51]
 [50]
 [45]
 [48]
 [32]
 [54]
 [54]
 [48]
 [52]
 [46]
 [50]
 [49]
 [52]
 [53]
 [51]
 [53]
 [45]
 [49]] 
------------------------ Dataset: rcu ------------------------
shape: (39, 1), dtype: uint16
Data:[[54]
 [54]
 [50]
 [48]
 [46]
 [49]
 [54]
 [51]
 [55]
 [57]
 [54]
 [57]
 [57]
 [57]
 [57]
 [57]
 [57]
 [45]
 [48]
 [32]
 [54]
 [54]
 [50]
 [48]
 [46]
 [49]
 [54]
 [54]
 [51]
 [48]
 [56]
 [57]
 [57]
 [57]
 [57]
 [57]
 [57]
 [45]
 [49]] 
------------------------ Dataset: rcv ------------------------
shape: (20, 1), dtype: uint16
Data:[[54]
 [54]
 [51]
 [54]
 [46]
 [48]
 [48]
 [55]
 [51]
 [50]
 [49]
 [57]
 [57]
 [57]
 [57]
 [57]
 [57]
 [53]
 [45]
 [49]] 
------------------------ Dataset: rcw ------------------------
shape: (33, 1), dtype: uint16
Data:[[54]
 [54]
 [53]
 [49]
 [46]
 [54]
 [49]
 [56]
 [48]
 [52]
 [52]
 [57]
 [57]
 [57]
 [57]
 [57]
 [57]
 [45]
 [48]
 [32]
 [54]
 [54]
 [53]
 [49]
 [46]
 [54]
 [49]
 [52]
 [49]
 [57]
 [57]
 [45]
 [49]] 
------------------------ Dataset: rcx ------------------------
shape: (27, 1), dtype: uint16
Data:[[54]
 [54]
 [54]
 [55]
 [46]
 [52]
 [55]
 [52]
 [49]
 [52]
 [54]
 [45]
 [48]
 [32]
 [54]
 [54]
 [54]
 [55]
 [46]
 [52]
 [55]
 [48]
 [50]
 [49]
 [55]
 [45]
 [49]] 
------------------------ Dataset: rcy ------------------------
shape: (27, 1), dtype: uint16
Data:[[54]
 [54]
 [56]
 [51]
 [46]
 [51]
 [57]
 [52]
 [48]
 [57]
 [57]
 [45]
 [48]
 [32]
 [54]
 [54]
 [56]
 [51]
 [46]
 [51]
 [57]
 [56]
 [49]
 [50]
 [54]
 [45]
 [49]] 
------------------------ Dataset: rcz ------------------------
shape: (27, 1), dtype: uint16
Data:[[53]
 [57]
 [48]
 [49]
 [46]
 [51]
 [49]
 [48]
 [56]
 [50]
 [54]
 [45]
 [48]
 [32]
 [53]
 [57]
 [48]
 [49]
 [46]
 [51]
 [49]
 [50]
 [55]
 [52]
 [50]
 [45]
 [49]] 
------------------------ Dataset: rd ------------------------
