shape: (1, 6), dtype: uint32
Data:[[3707764736          2          1          1       1178          1]] 
------------------------ Dataset: Etb ------------------------
shape: (33, 1), dtype: uint16
Data:[[54]
 [55]
 [54]
 [57]
 [46]
 [53]
 [48]
 [54]
 [51]
 [49]
 [51]
 [57]
 [57]
 [57]
 [57]
 [57]
 [57]
 [45]
 [48]
 [32]
 [54]
 [55]
 [54]
 [57]
 [46]
 [53]
 [49]
 [49]
 [50]
 [54]
 [57]
 [45]
 [49]] 
------------------------ Dataset: Etc ------------------------
shape: (27, 1), dtype: uint16
Data:[[54]
 [50]
 [56]
 [50]
 [46]
 [50]
 [55]
 [56]
 [49]
 [53]
 [50]
 [45]
 [48]
 [32]
 [54]
 [50]
 [56]
 [50]
 [46]
 [50]
 [55]
 [56]
 [53]
 [50]
 [53]
 [45]
 [49]] 
------------------------ Dataset: Etd ------------------------
shape: (33, 1), dtype: uint16
Data:[[54]
 [50]
 [57]
 [56]
 [46]
 [48]
 [50]
 [57]
 [56]
 [53]
 [54]
 [45]
 [48]
 [32]
 [54]
 [50]
 [57]
 [56]
 [46]
 [48]
 [51]
 [52]
 [48]
 [56]
 [52]
 [57]
 [57]
 [57]
 [57]
 [57]
 [57]
 [45]
 [49]] 
------------------------ Dataset: Ete ------------------------
shape: (27, 1), dtype: uint16
Data:[[54]
 [51]
 [49]
 [51]
 [46]
 [57]
 [49]
 [48]
 [50]
 [56]
 [55]
 [45]
 [48]
 [32]
 [54]
 [51]
 [49]
 [51]
 [46]
 [57]
 [49]
 [52]
 [49]
 [57]
 [52]
 [45]
 [49]] 
------------------------ Dataset: Etf ------------------------
shape: (34, 1), dtype: uint16
Data:[[54]
 [51]
 [50]
 [57]
 [46]
 [55]
 [52]
 [49]
 [57]
 [51]
 [56]
 [45]
 [48]
 [32]
 [54]
 [51]
 [50]
 [57]
 [46]
 [55]
 [51]
 [56]
 [48]
 [50]
 [57]
 [57]
 [57]
 [57]
 [57]
 [57]
 [57]
 [53]
 [45]
 [49]] 
------------------------ Dataset: Etg ------------------------
shape: (34, 1), dtype: uint16
Data:[[54]
 [51]
 [52]
 [53]
 [46]
 [53]
 [55]
 [51]
 [56]
 [57]
 [52]
 [57]
 [57]
 [57]
 [57]
 [57]
 [57]
 [53]
 [45]
 [48]
 [32]
 [54]
 [51]
 [52]
 [53]
 [46]
 [53]
 [55]
 [56]
 [48]
 [52]
 [52]
 [45]
 [49]] 
------------------------ Dataset: Eth ------------------------
shape: (33, 1), dtype: uint16
Data:[[54]
 [53]
 [49]
 [48]
 [46]
 [54]
 [53]
 [56]
 [56]
 [54]
 [57]
 [57]
 [57]
 [57]
 [57]
 [57]
 [57]
 [45]
 [48]
 [32]
 [54]
 [53]
 [49]
 [48]
 [46]
 [54]
 [54]
 [50]
 [48]
 [52]
 [50]
 [45]
 [49]] 
------------------------ Dataset: Eti ------------------------
shape: (33, 1), dtype: uint16
Data:[[54]
 [53]
 [50]
 [54]
 [46]
 [52]
 [57]
 [48]
 [49]
 [52]
 [53]
 [45]
 [48]
 [32]
 [54]
 [53]
 [50]
 [54]
 [46]
 [52]
 [56]
 [57]
 [49]
 [55]
 [48]
 [57]
 [57]
 [57]
 [57]
 [57]
 [57]
 [45]
 [49]] 
------------------------ Dataset: Etj ------------------------
shape: (33, 1), dtype: uint16
Data:[[54]
 [48]
 [50]
 [50]
 [46]
 [48]
 [55]
 [55]
 [56]
 [53]
 [54]
 [45]
 [48]
 [32]
 [54]
 [48]
 [50]
 [50]
 [46]
 [48]
 [56]
 [49]
 [55]
 [54]
 [53]
 [57]
 [57]
 [57]
 [57]
 [57]
 [57]
 [45]
 [49]] 
------------------------ Dataset: Etk ------------------------
shape: (31, 1), dtype: uint16
Data:[[54]
 [48]
 [51]
 [55]
 [46]
 [56]
 [53]
 [51]
 [57]
 [45]
 [48]
 [32]
 [54]
 [48]
 [51]
 [55]
 [46]
 [56]
 [53]
 [56]
 [50]
 [54]
 [56]
 [57]
 [57]
 [57]
 [57]
 [57]
 [57]
 [45]
 [49]] 
------------------------ Dataset: Etl ------------------------
shape: (39, 1), dtype: uint16
Data:[[54]
 [48]
 [53]
 [51]
 [46]
 [53]
 [48]
 [53]
 [55]
 [51]
 [56]
 [57]
 [57]
 [57]
 [57]
 [57]
 [57]
 [45]
 [48]
 [32]
 [54]
 [48]
 [53]
 [51]
 [46]
 [53]
 [48]
 [49]
 [55]
 [49]
 [49]
 [57]
 [57]
 [57]
 [57]
 [57]
 [57]
 [45]
 [49]] 
------------------------ Dataset: Etm ------------------------
shape: (34, 1), dtype: uint16
Data:[[54]
 [48]
 [54]
 [57]
 [46]
 [52]
 [48]
 [49]
 [55]
 [50]
 [54]
 [57]
 [57]
 [57]
 [57]
 [57]
 [57]
 [53]
 [45]
 [48]
 [32]
 [54]
 [48]
 [54]
 [57]
 [46]
 [52]
 [48]
 [53]
 [55]
 [52]
 [52]
 [45]
 [49]] 
------------------------ Dataset: Etn ------------------------
shape: (27, 1), dtype: uint16
Data:[[54]
 [48]
 [56]
 [53]
 [46]
 [51]
 [48]
 [53]
 [56]
 [52]
 [51]
 [45]
 [48]
 [32]
 [54]
 [48]
 [56]
 [53]
 [46]
 [51]
 [48]
 [49]
 [55]
 [55]
 [55]
 [45]
 [49]] 
------------------------ Dataset: Eto ------------------------
shape: (27, 1), dtype: uint16
Data:[[53]
 [54]
 [52]
 [53]
 [46]
 [57]
 [55]
 [55]
 [53]
 [56]
 [49]
 [45]
 [48]
 [32]
 [53]
 [54]
 [52]
 [53]
 [46]
 [57]
 [56]
 [49]
 [53]
 [53]
 [51]
 [45]
 [49]] 
------------------------ Dataset: Etp ------------------------
shape: (27, 1), dtype: uint16
Data:[[53]
 [54]
 [54]
 [49]
 [46]
 [55]
 [51]
 [56]
 [55]
 [51]
 [56]
 [45]
 [48]
 [32]
 [53]
 [54]
 [54]
 [49]
 [46]
 [55]
 [51]
 [52]
 [56]
 [56]
 [51]
 [45]
 [49]] 
------------------------ Dataset: Etq ------------------------
shape: (33, 1), dtype: uint16
Data:[[53]
 [54]
 [55]
 [55]
 [46]
 [52]
 [52]
 [50]
 [52]
 [51]
 [53]
 [57]
 [57]
 [57]
 [57]
 [57]
 [57]
 [45]
 [48]
 [32]
 [53]
 [54]
 [55]
 [55]
 [46]
 [52]
 [51]
 [56]
 [54]
 [49]
 [53]
 [45]
 [49]] 
------------------------ Dataset: Etr ------------------------
shape: (12, 1), dtype: uint16
Data:[[53]
 [54]
 [57]
 [51]
 [46]
 [50]
 [49]
 [50]
 [54]
 [56]
 [45]
 [49]] 
------------------------ Dataset: Ets ------------------------
shape: (27, 1), dtype: uint16
Data:[[54]
 [52]
 [49]
 [54]
 [46]
 [53]
 [51]
 [51]
 [56]
 [55]
 [49]
 [45]
 [48]
 [32]
 [54]
 [52]
 [49]
 [54]
 [46]
 [53]
 [51]
 [48]
 [48]
 [50]
 [50]
 [45]
 [49]] 
------------------------ Dataset: Ett ------------------------
shape: (34, 1), dtype: uint16
Data:[[54]
 [54]
 [48]
 [56]
 [46]
 [54]
 [49]
 [48]
 [50]
 [50]
 [49]
 [45]
 [48]
 [32]
 [54]
 [54]
 [48]
 [56]
 [46]
 [54]
 [49]
 [53]
 [51]
 [50]
 [54]
 [57]
 [57]
 [57]
 [57]
 [57]
 [57]
 [53]
 [45]
 [49]] 
------------------------ Dataset: Etu ------------------------
shape: (33, 1), dtype: uint16
Data:[[54]
 [54]
 [50]
 [52]
 [46]
 [53]
 [52]
 [54]
 [53]
 [51]
 [45]
 [48]
 [32]
 [54]
 [54]
 [50]
 [52]
 [46]
 [53]
 [52]
 [54]
 [49]
 [51]
 [49]
 [57]
 [57]
 [57]
 [57]
 [57]
 [57]
 [53]
 [45]
 [49]] 
------------------------ Dataset: Etv ------------------------
shape: (33, 1), dtype: uint16
Data:[[54]
 [54]
 [52]
 [48]
 [46]
 [51]
 [53]
 [52]
 [52]
 [56]
 [48]
 [57]
 [57]
 [57]
 [57]
 [57]
 [57]
 [45]
 [48]
 [32]
 [54]
 [54]
 [52]
 [48]
 [46]
 [51]
 [53]
 [56]
 [51]
 [52]
 [54]
 [45]
 [49]] 
------------------------ Dataset: Etw ------------------------
shape: (34, 1), dtype: uint16
Data:[[54]
 [54]
 [53]
 [53]
 [46]
 [57]
 [57]
 [51]
 [56]
 [51]
 [50]
 [57]
 [57]
 [57]
 [57]
 [57]
 [57]
 [53]
 [45]
 [48]
 [32]
 [54]
 [54]
 [53]
 [53]
 [46]
 [57]
 [57]
 [52]
 [48]
 [56]
 [49]
 [45]
 [49]] 
------------------------ Dataset: Etx ------------------------
shape: (33, 1), dtype: uint16
Data:[[54]
 [54]
 [55]
 [49]
 [46]
 [56]
 [55]
 [56]
 [49]
 [54]
 [50]
 [45]
 [48]
 [32]
 [54]
 [54]
 [55]
 [49]
 [46]
 [56]
 [55]
 [52]
 [49]
 [56]
 [48]
 [57]
 [57]
 [57]
 [57]
 [57]
 [57]
 [45]
 [49]] 
------------------------ Dataset: Ety ------------------------
shape: (33, 1), dtype: uint16
Data:[[54]
 [54]
 [56]
 [55]
 [46]
 [55]
 [56]
 [50]
 [50]
 [54]
 [53]
 [57]
 [57]
 [57]
 [57]
 [57]
 [57]
 [45]
 [48]
 [32]
 [54]
 [54]
 [56]
 [55]
 [46]
 [55]
 [56]
 [54]
 [49]
 [49]
 [51]
 [45]
 [49]] 
------------------------ Dataset: Etz ------------------------
shape: (33, 1), dtype: uint16
Data:[[53]
 [57]
 [48]
 [53]
 [46]
 [54]
 [57]
 [55]
 [55]
 [54]
 [56]
 [45]
 [48]
 [32]
 [53]
 [57]
 [48]
 [53]
 [46]
 [54]
 [57]
 [51]
 [57]
 [56]
 [53]
 [57]
 [57]
 [57]
 [57]
 [57]
 [57]
 [45]
 [49]] 
------------------------ Dataset: Eu ------------------------
