shape: (1, 6), dtype: uint32
Data:[[3707764736          2          1          1       1415          1]] 
------------------------ Dataset: zxb ------------------------
shape: (27, 1), dtype: uint16
Data:[[54]
 [55]
 [55]
 [48]
 [46]
 [52]
 [57]
 [48]
 [49]
 [48]
 [55]
 [45]
 [48]
 [32]
 [54]
 [55]
 [55]
 [48]
 [46]
 [52]
 [57]
 [52]
 [49]
 [57]
 [49]
 [45]
 [49]] 
------------------------ Dataset: zxc ------------------------
shape: (27, 1), dtype: uint16
Data:[[54]
 [50]
 [56]
 [51]
 [46]
 [50]
 [54]
 [53]
 [57]
 [50]
 [56]
 [45]
 [48]
 [32]
 [54]
 [50]
 [56]
 [51]
 [46]
 [50]
 [54]
 [50]
 [53]
 [52]
 [56]
 [45]
 [49]] 
------------------------ Dataset: zxd ------------------------
shape: (33, 1), dtype: uint16
Data:[[54]
 [50]
 [57]
 [57]
 [46]
 [48]
 [52]
 [53]
 [56]
 [55]
 [50]
 [45]
 [48]
 [32]
 [54]
 [50]
 [57]
 [57]
 [46]
 [48]
 [52]
 [53]
 [56]
 [57]
 [55]
 [57]
 [57]
 [57]
 [57]
 [57]
 [57]
 [45]
 [49]] 
------------------------ Dataset: zxe ------------------------
shape: (33, 1), dtype: uint16
Data:[[54]
 [51]
 [49]
 [52]
 [46]
 [57]
 [48]
 [57]
 [56]
 [55]
 [52]
 [57]
 [57]
 [57]
 [57]
 [57]
 [57]
 [45]
 [48]
 [32]
 [54]
 [51]
 [49]
 [52]
 [46]
 [57]
 [49]
 [51]
 [56]
 [56]
 [52]
 [45]
 [49]] 
------------------------ Dataset: zxf ------------------------
shape: (39, 1), dtype: uint16
Data:[[54]
 [51]
 [51]
 [48]
 [46]
 [55]
 [51]
 [51]
 [57]
 [49]
 [56]
 [57]
 [57]
 [57]
 [57]
 [57]
 [57]
 [45]
 [48]
 [32]
 [54]
 [51]
 [51]
 [48]
 [46]
 [55]
 [52]
 [52]
 [50]
 [48]
 [53]
 [57]
 [57]
 [57]
 [57]
 [57]
 [57]
 [45]
 [49]] 
------------------------ Dataset: zxg ------------------------
shape: (27, 1), dtype: uint16
Data:[[54]
 [51]
 [52]
 [54]
 [46]
 [53]
 [55]
 [52]
 [48]
 [49]
 [50]
 [45]
 [48]
 [32]
 [54]
 [51]
 [52]
 [54]
 [46]
 [53]
 [55]
 [55]
 [57]
 [57]
 [54]
 [45]
 [49]] 
------------------------ Dataset: zxh ------------------------
shape: (34, 1), dtype: uint16
Data:[[54]
 [53]
 [49]
 [49]
 [46]
 [54]
 [53]
 [56]
 [52]
 [55]
 [50]
 [45]
 [48]
 [32]
 [54]
 [53]
 [49]
 [49]
 [46]
 [54]
 [54]
 [50]
 [48]
 [50]
 [57]
 [57]
 [57]
 [57]
 [57]
 [57]
 [57]
 [53]
 [45]
 [49]] 
------------------------ Dataset: zxi ------------------------
shape: (27, 1), dtype: uint16
Data:[[54]
 [53]
 [50]
 [55]
 [46]
 [52]
 [56]
 [57]
 [56]
 [57]
 [56]
 [45]
 [48]
 [32]
 [54]
 [53]
 [50]
 [55]
 [46]
 [52]
 [57]
 [52]
 [48]
 [56]
 [54]
 [45]
 [49]] 
------------------------ Dataset: zxj ------------------------
shape: (34, 1), dtype: uint16
Data:[[54]
 [48]
 [50]
 [51]
 [46]
 [48]
 [55]
 [48]
 [49]
 [56]
 [56]
 [45]
 [48]
 [32]
 [54]
 [48]
 [50]
 [51]
 [46]
 [48]
 [54]
 [55]
 [49]
 [55]
 [50]
 [57]
 [57]
 [57]
 [57]
 [57]
 [57]
 [53]
 [45]
 [49]] 
------------------------ Dataset: zxk ------------------------
shape: (27, 1), dtype: uint16
Data:[[54]
 [48]
 [51]
 [56]
 [46]
 [56]
 [51]
 [55]
 [56]
 [49]
 [50]
 [45]
 [48]
 [32]
 [54]
 [48]
 [51]
 [56]
 [46]
 [56]
 [51]
 [51]
 [56]
 [51]
 [56]
 [45]
 [49]] 
------------------------ Dataset: zxl ------------------------
shape: (27, 1), dtype: uint16
Data:[[54]
 [48]
 [53]
 [52]
 [46]
 [52]
 [56]
 [49]
 [56]
 [49]
 [57]
 [45]
 [48]
 [32]
 [54]
 [48]
 [53]
 [52]
 [46]
 [52]
 [56]
 [53]
 [56]
 [52]
 [49]
 [45]
 [49]] 
------------------------ Dataset: zxm ------------------------
shape: (33, 1), dtype: uint16
Data:[[54]
 [48]
 [55]
 [48]
 [46]
 [52]
 [51]
 [54]
 [54]
 [54]
 [49]
 [45]
 [48]
 [32]
 [54]
 [48]
 [55]
 [48]
 [46]
 [52]
 [50]
 [57]
 [48]
 [48]
 [50]
 [57]
 [57]
 [57]
 [57]
 [57]
 [57]
 [45]
 [49]] 
------------------------ Dataset: zxn ------------------------
shape: (34, 1), dtype: uint16
Data:[[53]
 [54]
 [51]
 [49]
 [46]
 [51]
 [48]
 [49]
 [53]
 [49]
 [53]
 [57]
 [57]
 [57]
 [57]
 [57]
 [57]
 [53]
 [45]
 [48]
 [32]
 [53]
 [54]
 [51]
 [49]
 [46]
 [51]
 [48]
 [53]
 [53]
 [51]
 [49]
 [45]
 [49]] 
------------------------ Dataset: zxo ------------------------
shape: (26, 1), dtype: uint16
Data:[[53]
 [54]
 [52]
 [54]
 [46]
 [57]
 [55]
 [56]
 [50]
 [55]
 [45]
 [48]
 [32]
 [53]
 [54]
 [52]
 [54]
 [46]
 [57]
 [55]
 [56]
 [49]
 [52]
 [55]
 [45]
 [49]] 
------------------------ Dataset: zxp ------------------------
shape: (26, 1), dtype: uint16
Data:[[53]
 [54]
 [54]
 [50]
 [46]
 [55]
 [49]
 [51]
 [53]
 [49]
 [45]
 [48]
 [32]
 [53]
 [54]
 [54]
 [50]
 [46]
 [55]
 [49]
 [55]
 [53]
 [53]
 [57]
 [45]
 [49]] 
------------------------ Dataset: zxq ------------------------
shape: (33, 1), dtype: uint16
Data:[[53]
 [54]
 [55]
 [56]
 [46]
 [52]
 [53]
 [55]
 [54]
 [50]
 [53]
 [57]
 [57]
 [57]
 [57]
 [57]
 [57]
 [45]
 [48]
 [32]
 [53]
 [54]
 [55]
 [56]
 [46]
 [52]
 [53]
 [51]
 [54]
 [53]
 [51]
 [45]
 [49]] 
------------------------ Dataset: zxr ------------------------
shape: (34, 1), dtype: uint16
Data:[[53]
 [54]
 [57]
 [52]
 [46]
 [50]
 [49]
 [49]
 [49]
 [49]
 [49]
 [45]
 [48]
 [32]
 [53]
 [54]
 [57]
 [52]
 [46]
 [50]
 [49]
 [51]
 [50]
 [55]
 [53]
 [57]
 [57]
 [57]
 [57]
 [57]
 [57]
 [53]
 [45]
 [49]] 
------------------------ Dataset: zxs ------------------------
shape: (27, 1), dtype: uint16
Data:[[54]
 [52]
 [49]
 [55]
 [46]
 [53]
 [49]
 [56]
 [50]
 [49]
 [55]
 [45]
 [48]
 [32]
 [54]
 [52]
 [49]
 [55]
 [46]
 [53]
 [50]
 [50]
 [48]
 [51]
 [55]
 [45]
 [49]] 
------------------------ Dataset: zxt ------------------------
shape: (33, 1), dtype: uint16
Data:[[54]
 [54]
 [48]
 [57]
 [46]
 [54]
 [49]
 [48]
 [49]
 [48]
 [56]
 [57]
 [57]
 [57]
 [57]
 [57]
 [57]
 [45]
 [48]
 [32]
 [54]
 [54]
 [48]
 [57]
 [46]
 [54]
 [49]
 [52]
 [49]
 [48]
 [51]
 [45]
 [49]] 
------------------------ Dataset: zxu ------------------------
shape: (33, 1), dtype: uint16
Data:[[54]
 [54]
 [50]
 [53]
 [46]
 [53]
 [53]
 [52]
 [51]
 [51]
 [53]
 [45]
 [48]
 [32]
 [54]
 [54]
 [50]
 [53]
 [46]
 [53]
 [53]
 [56]
 [50]
 [54]
 [54]
 [57]
 [57]
 [57]
 [57]
 [57]
 [57]
 [45]
 [49]] 
------------------------ Dataset: zxv ------------------------
shape: (39, 1), dtype: uint16
Data:[[54]
 [54]
 [52]
 [49]
 [46]
 [51]
 [51]
 [56]
 [48]
 [54]
 [50]
 [57]
 [57]
 [57]
 [57]
 [57]
 [57]
 [45]
 [48]
 [32]
 [54]
 [54]
 [52]
 [49]
 [46]
 [51]
 [51]
 [52]
 [49]
 [48]
 [56]
 [57]
 [57]
 [57]
 [57]
 [57]
 [57]
 [45]
 [49]] 
------------------------ Dataset: zxw ------------------------
shape: (34, 1), dtype: uint16
Data:[[54]
 [54]
 [53]
 [54]
 [46]
 [57]
 [57]
 [55]
 [57]
 [55]
 [52]
 [45]
 [48]
 [32]
 [54]
 [54]
 [53]
 [55]
 [46]
 [48]
 [48]
 [52]
 [51]
 [56]
 [50]
 [57]
 [57]
 [57]
 [57]
 [57]
 [57]
 [53]
 [45]
 [49]] 
------------------------ Dataset: zxx ------------------------
shape: (31, 1), dtype: uint16
Data:[[54]
 [54]
 [55]
 [50]
 [46]
 [56]
 [57]
 [55]
 [56]
 [52]
 [57]
 [57]
 [57]
 [57]
 [57]
 [57]
 [57]
 [45]
 [48]
 [32]
 [54]
 [54]
 [55]
 [50]
 [46]
 [56]
 [57]
 [56]
 [51]
 [45]
 [49]] 
------------------------ Dataset: zxy ------------------------
shape: (39, 1), dtype: uint16
Data:[[54]
 [54]
 [56]
 [56]
 [46]
 [55]
 [57]
 [56]
 [50]
 [53]
 [48]
 [57]
 [57]
 [57]
 [57]
 [57]
 [57]
 [45]
 [48]
 [32]
 [54]
 [54]
 [56]
 [56]
 [46]
 [56]
 [48]
 [50]
 [52]
 [52]
 [57]
 [57]
 [57]
 [57]
 [57]
 [57]
 [57]
 [45]
 [49]] 
------------------------ Dataset: zxz ------------------------
shape: (34, 1), dtype: uint16
Data:[[53]
 [57]
 [48]
 [54]
 [46]
 [55]
 [49]
 [48]
 [54]
 [55]
 [55]
 [57]
 [57]
 [57]
 [57]
 [57]
 [57]
 [53]
 [45]
 [48]
 [32]
 [53]
 [57]
 [48]
 [54]
 [46]
 [55]
 [49]
 [49]
 [48]
 [54]
 [49]
 [45]
 [49]] 
------------------------ Dataset: zy ------------------------
