shape: (1, 6), dtype: uint32
Data:[[3707764736          2          1          1        621          1]] 
------------------------ Dataset: rkb ------------------------
shape: (27, 1), dtype: uint16
Data:[[54]
 [55]
 [54]
 [55]
 [46]
 [49]
 [50]
 [54]
 [51]
 [55]
 [51]
 [45]
 [48]
 [32]
 [54]
 [55]
 [54]
 [55]
 [46]
 [49]
 [51]
 [48]
 [49]
 [54]
 [56]
 [45]
 [49]] 
------------------------ Dataset: rkc ------------------------
shape: (27, 1), dtype: uint16
Data:[[54]
 [50]
 [55]
 [57]
 [46]
 [57]
 [50]
 [51]
 [49]
 [50]
 [57]
 [45]
 [48]
 [32]
 [54]
 [50]
 [55]
 [57]
 [46]
 [57]
 [51]
 [48]
 [48]
 [50]
 [54]
 [45]
 [49]] 
------------------------ Dataset: rkd ------------------------
shape: (27, 1), dtype: uint16
Data:[[54]
 [50]
 [57]
 [53]
 [46]
 [55]
 [48]
 [53]
 [56]
 [57]
 [49]
 [45]
 [48]
 [32]
 [54]
 [50]
 [57]
 [53]
 [46]
 [55]
 [48]
 [49]
 [57]
 [49]
 [53]
 [45]
 [49]] 
------------------------ Dataset: rke ------------------------
shape: (33, 1), dtype: uint16
Data:[[54]
 [51]
 [49]
 [49]
 [46]
 [53]
 [51]
 [55]
 [56]
 [50]
 [52]
 [57]
 [57]
 [57]
 [57]
 [57]
 [57]
 [45]
 [48]
 [32]
 [54]
 [51]
 [49]
 [49]
 [46]
 [53]
 [51]
 [51]
 [56]
 [57]
 [51]
 [45]
 [49]] 
------------------------ Dataset: rkf ------------------------
shape: (39, 1), dtype: uint16
Data:[[54]
 [51]
 [50]
 [55]
 [46]
 [52]
 [49]
 [55]
 [57]
 [57]
 [48]
 [57]
 [57]
 [57]
 [57]
 [57]
 [57]
 [45]
 [48]
 [32]
 [54]
 [51]
 [50]
 [55]
 [46]
 [52]
 [49]
 [52]
 [50]
 [49]
 [56]
 [57]
 [57]
 [57]
 [57]
 [57]
 [57]
 [45]
 [49]] 
------------------------ Dataset: rkg ------------------------
shape: (27, 1), dtype: uint16
Data:[[54]
 [51]
 [52]
 [51]
 [46]
 [50]
 [50]
 [55]
 [51]
 [52]
 [49]
 [45]
 [48]
 [32]
 [54]
 [51]
 [52]
 [51]
 [46]
 [50]
 [52]
 [53]
 [49]
 [56]
 [51]
 [45]
 [49]] 
------------------------ Dataset: rkh ------------------------
shape: (34, 1), dtype: uint16
Data:[[54]
 [53]
 [48]
 [56]
 [46]
 [51]
 [49]
 [57]
 [53]
 [48]
 [52]
 [57]
 [57]
 [57]
 [57]
 [57]
 [57]
 [53]
 [45]
 [48]
 [32]
 [54]
 [53]
 [48]
 [56]
 [46]
 [51]
 [49]
 [57]
 [53]
 [48]
 [51]
 [45]
 [49]] 
------------------------ Dataset: rki ------------------------
shape: (26, 1), dtype: uint16
Data:[[54]
 [53]
 [50]
 [52]
 [46]
 [49]
 [52]
 [50]
 [48]
 [51]
 [53]
 [45]
 [48]
 [32]
 [54]
 [53]
 [50]
 [52]
 [46]
 [49]
 [51]
 [56]
 [48]
 [52]
 [45]
 [49]] 
------------------------ Dataset: rkj ------------------------
shape: (26, 1), dtype: uint16
Data:[[54]
 [48]
 [49]
 [57]
 [46]
 [55]
 [49]
 [51]
 [56]
 [57]
 [45]
 [48]
 [32]
 [54]
 [48]
 [49]
 [57]
 [46]
 [55]
 [48]
 [57]
 [54]
 [57]
 [52]
 [45]
 [49]] 
------------------------ Dataset: rkk ------------------------
shape: (34, 1), dtype: uint16
Data:[[54]
 [48]
 [51]
 [53]
 [46]
 [53]
 [51]
 [55]
 [55]
 [52]
 [49]
 [57]
 [57]
 [57]
 [57]
 [57]
 [57]
 [53]
 [45]
 [48]
 [32]
 [54]
 [48]
 [51]
 [53]
 [46]
 [53]
 [51]
 [52]
 [50]
 [54]
 [52]
 [45]
 [49]] 
------------------------ Dataset: rkl ------------------------
shape: (27, 1), dtype: uint16
Data:[[54]
 [48]
 [53]
 [49]
 [46]
 [49]
 [52]
 [50]
 [52]
 [55]
 [49]
 [45]
 [48]
 [32]
 [54]
 [48]
 [53]
 [49]
 [46]
 [49]
 [51]
 [57]
 [50]
 [50]
 [50]
 [45]
 [49]] 
------------------------ Dataset: rkm ------------------------
shape: (33, 1), dtype: uint16
Data:[[54]
 [48]
 [54]
 [55]
 [46]
 [48]
 [51]
 [55]
 [55]
 [50]
 [50]
 [45]
 [48]
 [32]
 [54]
 [48]
 [54]
 [55]
 [46]
 [48]
 [51]
 [51]
 [55]
 [49]
 [57]
 [57]
 [57]
 [57]
 [57]
 [57]
 [57]
 [45]
 [49]] 
------------------------ Dataset: rkn ------------------------
shape: (27, 1), dtype: uint16
Data:[[54]
 [48]
 [56]
 [50]
 [46]
 [57]
 [54]
 [53]
 [56]
 [48]
 [51]
 [45]
 [48]
 [32]
 [54]
 [48]
 [56]
 [50]
 [46]
 [57]
 [55]
 [48]
 [48]
 [52]
 [49]
 [45]
 [49]] 
------------------------ Dataset: rko ------------------------
shape: (40, 1), dtype: uint16
Data:[[53]
 [54]
 [52]
 [51]
 [46]
 [54]
 [54]
 [50]
 [51]
 [50]
 [55]
 [57]
 [57]
 [57]
 [57]
 [57]
 [57]
 [45]
 [48]
 [32]
 [53]
 [54]
 [52]
 [51]
 [46]
 [54]
 [53]
 [55]
 [53]
 [56]
 [48]
 [57]
 [57]
 [57]
 [57]
 [57]
 [57]
 [53]
 [45]
 [49]] 
------------------------ Dataset: rkp ------------------------
shape: (26, 1), dtype: uint16
Data:[[53]
 [54]
 [53]
 [57]
 [46]
 [52]
 [49]
 [52]
 [50]
 [54]
 [45]
 [48]
 [32]
 [53]
 [54]
 [53]
 [57]
 [46]
 [52]
 [49]
 [48]
 [48]
 [50]
 [54]
 [45]
 [49]] 
------------------------ Dataset: rkq ------------------------
shape: (33, 1), dtype: uint16
Data:[[53]
 [54]
 [55]
 [53]
 [46]
 [49]
 [49]
 [57]
 [49]
 [50]
 [52]
 [57]
 [57]
 [57]
 [57]
 [57]
 [57]
 [45]
 [48]
 [32]
 [53]
 [54]
 [55]
 [53]
 [46]
 [49]
 [50]
 [49]
 [54]
 [55]
 [57]
 [45]
 [49]] 
------------------------ Dataset: rkr ------------------------
shape: (40, 1), dtype: uint16
Data:[[53]
 [54]
 [57]
 [48]
 [46]
 [57]
 [48]
 [51]
 [57]
 [55]
 [55]
 [57]
 [57]
 [57]
 [57]
 [57]
 [57]
 [45]
 [48]
 [32]
 [53]
 [54]
 [57]
 [48]
 [46]
 [57]
 [48]
 [48]
 [54]
 [50]
 [50]
 [57]
 [57]
 [57]
 [57]
 [57]
 [57]
 [53]
 [45]
 [49]] 
------------------------ Dataset: rks ------------------------
shape: (39, 1), dtype: uint16
Data:[[54]
 [52]
 [49]
 [52]
 [46]
 [49]
 [54]
 [57]
 [57]
 [51]
 [53]
 [57]
 [57]
 [57]
 [57]
 [57]
 [57]
 [45]
 [48]
 [32]
 [54]
 [52]
 [49]
 [52]
 [46]
 [49]
 [54]
 [53]
 [57]
 [50]
 [55]
 [57]
 [57]
 [57]
 [57]
 [57]
 [57]
 [45]
 [49]] 
------------------------ Dataset: rkt ------------------------
shape: (33, 1), dtype: uint16
Data:[[54]
 [54]
 [48]
 [54]
 [46]
 [50]
 [51]
 [56]
 [48]
 [57]
 [56]
 [57]
 [57]
 [57]
 [57]
 [57]
 [57]
 [45]
 [48]
 [32]
 [54]
 [54]
 [48]
 [54]
 [46]
 [50]
 [52]
 [50]
 [53]
 [54]
 [56]
 [45]
 [49]] 
------------------------ Dataset: rku ------------------------
shape: (40, 1), dtype: uint16
Data:[[54]
 [54]
 [50]
 [50]
 [46]
 [50]
 [48]
 [54]
 [48]
 [52]
 [48]
 [57]
 [57]
 [57]
 [57]
 [57]
 [57]
 [53]
 [45]
 [48]
 [32]
 [54]
 [54]
 [50]
 [50]
 [46]
 [50]
 [48]
 [50]
 [48]
 [48]
 [55]
 [57]
 [57]
 [57]
 [57]
 [57]
 [57]
 [45]
 [49]] 
------------------------ Dataset: rkv ------------------------
shape: (27, 1), dtype: uint16
Data:[[54]
 [54]
 [51]
 [56]
 [46]
 [48]
 [53]
 [52]
 [54]
 [48]
 [55]
 [45]
 [48]
 [32]
 [54]
 [54]
 [51]
 [56]
 [46]
 [48]
 [53]
 [48]
 [51]
 [56]
 [53]
 [45]
 [49]] 
------------------------ Dataset: rkw ------------------------
shape: (25, 1), dtype: uint16
Data:[[54]
 [54]
 [53]
 [51]
 [46]
 [54]
 [52]
 [51]
 [51]
 [51]
 [45]
 [48]
 [32]
 [54]
 [54]
 [53]
 [51]
 [46]
 [54]
 [52]
 [51]
 [51]
 [51]
 [45]
 [49]] 
------------------------ Dataset: rkx ------------------------
shape: (33, 1), dtype: uint16
Data:[[54]
 [54]
 [54]
 [57]
 [46]
 [53]
 [50]
 [50]
 [49]
 [54]
 [52]
 [57]
 [57]
 [57]
 [57]
 [57]
 [57]
 [45]
 [48]
 [32]
 [54]
 [54]
 [54]
 [57]
 [46]
 [53]
 [49]
 [56]
 [48]
 [54]
 [57]
 [45]
 [49]] 
------------------------ Dataset: rky ------------------------
shape: (33, 1), dtype: uint16
Data:[[54]
 [54]
 [56]
 [53]
 [46]
 [52]
 [53]
 [57]
 [55]
 [51]
 [49]
 [57]
 [57]
 [57]
 [57]
 [57]
 [57]
 [45]
 [48]
 [32]
 [54]
 [54]
 [56]
 [53]
 [46]
 [52]
 [53]
 [52]
 [57]
 [54]
 [53]
 [45]
 [49]] 
------------------------ Dataset: rkz ------------------------
shape: (27, 1), dtype: uint16
Data:[[53]
 [57]
 [48]
 [51]
 [46]
 [51]
 [54]
 [53]
 [54]
 [53]
 [53]
 [45]
 [48]
 [32]
 [53]
 [57]
 [48]
 [51]
 [46]
 [51]
 [54]
 [50]
 [49]
 [51]
 [51]
 [45]
 [49]] 
------------------------ Dataset: rl ------------------------
