shape: (1, 6), dtype: uint32
Data:[[3707764736          2          1          1        937          1]] 
------------------------ Dataset: Fpb ------------------------
shape: (20, 1), dtype: uint16
Data:[[54]
 [55]
 [54]
 [56]
 [46]
 [52]
 [54]
 [54]
 [55]
 [51]
 [48]
 [57]
 [57]
 [57]
 [57]
 [57]
 [57]
 [53]
 [45]
 [48]] 
------------------------ Dataset: Fpc ------------------------
shape: (27, 1), dtype: uint16
Data:[[54]
 [50]
 [56]
 [49]
 [46]
 [50]
 [52]
 [53]
 [56]
 [51]
 [53]
 [45]
 [48]
 [32]
 [54]
 [50]
 [56]
 [49]
 [46]
 [50]
 [52]
 [49]
 [57]
 [50]
 [57]
 [45]
 [49]] 
------------------------ Dataset: Fpd ------------------------
shape: (27, 1), dtype: uint16
Data:[[54]
 [50]
 [57]
 [55]
 [46]
 [48]
 [50]
 [49]
 [57]
 [48]
 [54]
 [45]
 [48]
 [32]
 [54]
 [50]
 [57]
 [55]
 [46]
 [48]
 [50]
 [54]
 [48]
 [51]
 [55]
 [45]
 [49]] 
------------------------ Dataset: Fpe ------------------------
shape: (34, 1), dtype: uint16
Data:[[54]
 [51]
 [49]
 [50]
 [46]
 [56]
 [57]
 [51]
 [56]
 [56]
 [52]
 [57]
 [57]
 [57]
 [57]
 [57]
 [57]
 [53]
 [45]
 [48]
 [32]
 [54]
 [51]
 [49]
 [50]
 [46]
 [56]
 [56]
 [57]
 [56]
 [56]
 [51]
 [45]
 [49]] 
------------------------ Dataset: Fpf ------------------------
shape: (27, 1), dtype: uint16
Data:[[54]
 [51]
 [50]
 [56]
 [46]
 [55]
 [51]
 [52]
 [48]
 [52]
 [52]
 [45]
 [48]
 [32]
 [54]
 [51]
 [50]
 [56]
 [46]
 [55]
 [51]
 [56]
 [48]
 [49]
 [56]
 [45]
 [49]] 
------------------------ Dataset: Fpg ------------------------
shape: (19, 1), dtype: uint16
Data:[[54]
 [51]
 [52]
 [52]
 [46]
 [53]
 [53]
 [51]
 [57]
 [55]
 [48]
 [57]
 [57]
 [57]
 [57]
 [57]
 [57]
 [45]
 [49]] 
------------------------ Dataset: Fph ------------------------
shape: (27, 1), dtype: uint16
Data:[[54]
 [53]
 [48]
 [57]
 [46]
 [54]
 [53]
 [56]
 [54]
 [51]
 [54]
 [45]
 [48]
 [32]
 [54]
 [53]
 [48]
 [57]
 [46]
 [54]
 [53]
 [52]
 [48]
 [50]
 [53]
 [45]
 [49]] 
------------------------ Dataset: Fpi ------------------------
shape: (27, 1), dtype: uint16
Data:[[54]
 [53]
 [50]
 [53]
 [46]
 [52]
 [53]
 [56]
 [48]
 [54]
 [53]
 [45]
 [48]
 [32]
 [54]
 [53]
 [50]
 [53]
 [46]
 [52]
 [54]
 [51]
 [54]
 [53]
 [51]
 [45]
 [49]] 
------------------------ Dataset: Fpj ------------------------
shape: (26, 1), dtype: uint16
Data:[[54]
 [48]
 [50]
 [49]
 [46]
 [48]
 [54]
 [56]
 [50]
 [51]
 [51]
 [45]
 [48]
 [32]
 [54]
 [48]
 [50]
 [49]
 [46]
 [48]
 [54]
 [56]
 [50]
 [51]
 [45]
 [49]] 
------------------------ Dataset: Fpk ------------------------
shape: (13, 1), dtype: uint16
Data:[[54]
 [48]
 [51]
 [54]
 [46]
 [56]
 [52]
 [50]
 [48]
 [54]
 [55]
 [45]
 [48]] 
------------------------ Dataset: Fpl ------------------------
shape: (33, 1), dtype: uint16
Data:[[54]
 [48]
 [53]
 [50]
 [46]
 [52]
 [54]
 [53]
 [55]
 [51]
 [53]
 [45]
 [48]
 [32]
 [54]
 [48]
 [53]
 [50]
 [46]
 [52]
 [54]
 [57]
 [57]
 [49]
 [54]
 [57]
 [57]
 [57]
 [57]
 [57]
 [57]
 [45]
 [49]] 
------------------------ Dataset: Fpm ------------------------
shape: (32, 1), dtype: uint16
Data:[[54]
 [48]
 [54]
 [56]
 [46]
 [51]
 [56]
 [52]
 [51]
 [55]
 [51]
 [57]
 [57]
 [57]
 [57]
 [57]
 [57]
 [45]
 [48]
 [32]
 [54]
 [48]
 [54]
 [56]
 [46]
 [51]
 [55]
 [54]
 [49]
 [54]
 [45]
 [49]] 
------------------------ Dataset: Fpn ------------------------
shape: (27, 1), dtype: uint16
Data:[[54]
 [48]
 [56]
 [52]
 [46]
 [51]
 [48]
 [53]
 [57]
 [56]
 [55]
 [45]
 [48]
 [32]
 [54]
 [48]
 [56]
 [52]
 [46]
 [51]
 [48]
 [50]
 [51]
 [54]
 [53]
 [45]
 [49]] 
------------------------ Dataset: Fpo ------------------------
shape: (39, 1), dtype: uint16
Data:[[53]
 [54]
 [52]
 [52]
 [46]
 [57]
 [56]
 [54]
 [56]
 [53]
 [55]
 [57]
 [57]
 [57]
 [57]
 [57]
 [57]
 [45]
 [48]
 [32]
 [53]
 [54]
 [52]
 [52]
 [46]
 [57]
 [56]
 [49]
 [53]
 [56]
 [57]
 [57]
 [57]
 [57]
 [57]
 [57]
 [57]
 [45]
 [49]] 
------------------------ Dataset: Fpp ------------------------
shape: (34, 1), dtype: uint16
Data:[[53]
 [54]
 [54]
 [48]
 [46]
 [55]
 [50]
 [57]
 [53]
 [52]
 [50]
 [57]
 [57]
 [57]
 [57]
 [57]
 [57]
 [53]
 [45]
 [48]
 [32]
 [53]
 [54]
 [54]
 [48]
 [46]
 [55]
 [51]
 [52]
 [50]
 [53]
 [57]
 [45]
 [49]] 
------------------------ Dataset: Fpq ------------------------
shape: (33, 1), dtype: uint16
Data:[[53]
 [54]
 [55]
 [54]
 [46]
 [52]
 [51]
 [48]
 [57]
 [57]
 [48]
 [57]
 [57]
 [57]
 [57]
 [57]
 [57]
 [45]
 [48]
 [32]
 [53]
 [54]
 [55]
 [54]
 [46]
 [52]
 [51]
 [49]
 [48]
 [51]
 [51]
 [45]
 [49]] 
------------------------ Dataset: Fpr ------------------------
shape: (33, 1), dtype: uint16
Data:[[53]
 [54]
 [57]
 [50]
 [46]
 [50]
 [49]
 [54]
 [52]
 [51]
 [55]
 [45]
 [48]
 [32]
 [53]
 [54]
 [57]
 [50]
 [46]
 [50]
 [49]
 [52]
 [53]
 [55]
 [53]
 [57]
 [57]
 [57]
 [57]
 [57]
 [57]
 [45]
 [49]] 
------------------------ Dataset: Fps ------------------------
shape: (27, 1), dtype: uint16
Data:[[54]
 [52]
 [49]
 [53]
 [46]
 [53]
 [49]
 [48]
 [50]
 [52]
 [51]
 [45]
 [48]
 [32]
 [54]
 [52]
 [49]
 [53]
 [46]
 [53]
 [49]
 [52]
 [49]
 [52]
 [49]
 [45]
 [49]] 
------------------------ Dataset: Fpt ------------------------
shape: (39, 1), dtype: uint16
Data:[[54]
 [54]
 [48]
 [55]
 [46]
 [53]
 [57]
 [51]
 [57]
 [54]
 [55]
 [57]
 [57]
 [57]
 [57]
 [57]
 [57]
 [45]
 [48]
 [32]
 [54]
 [54]
 [48]
 [55]
 [46]
 [53]
 [57]
 [56]
 [53]
 [54]
 [55]
 [57]
 [57]
 [57]
 [57]
 [57]
 [57]
 [45]
 [49]] 
------------------------ Dataset: Fpu ------------------------
shape: (26, 1), dtype: uint16
Data:[[54]
 [54]
 [50]
 [51]
 [46]
 [53]
 [50]
 [50]
 [48]
 [52]
 [50]
 [45]
 [48]
 [32]
 [54]
 [54]
 [50]
 [51]
 [46]
 [53]
 [50]
 [54]
 [50]
 [53]
 [45]
 [49]] 
------------------------ Dataset: Fpv ------------------------
shape: (33, 1), dtype: uint16
Data:[[54]
 [54]
 [51]
 [57]
 [46]
 [51]
 [53]
 [56]
 [49]
 [48]
 [54]
 [45]
 [48]
 [32]
 [54]
 [54]
 [51]
 [57]
 [46]
 [51]
 [53]
 [56]
 [50]
 [52]
 [49]
 [57]
 [57]
 [57]
 [57]
 [57]
 [57]
 [45]
 [49]] 
------------------------ Dataset: Fpw ------------------------
shape: (33, 1), dtype: uint16
Data:[[54]
 [54]
 [53]
 [52]
 [46]
 [57]
 [55]
 [53]
 [52]
 [56]
 [53]
 [45]
 [48]
 [32]
 [54]
 [54]
 [53]
 [52]
 [46]
 [57]
 [55]
 [52]
 [56]
 [50]
 [55]
 [57]
 [57]
 [57]
 [57]
 [57]
 [57]
 [45]
 [49]] 
------------------------ Dataset: Fpx ------------------------
shape: (34, 1), dtype: uint16
Data:[[54]
 [54]
 [55]
 [48]
 [46]
 [56]
 [55]
 [48]
 [48]
 [57]
 [50]
 [57]
 [57]
 [57]
 [57]
 [57]
 [57]
 [53]
 [45]
 [48]
 [32]
 [54]
 [54]
 [55]
 [48]
 [46]
 [56]
 [55]
 [52]
 [50]
 [50]
 [56]
 [45]
 [49]] 
------------------------ Dataset: Fpy ------------------------
shape: (33, 1), dtype: uint16
Data:[[54]
 [54]
 [56]
 [54]
 [46]
 [55]
 [55]
 [52]
 [55]
 [53]
 [49]
 [45]
 [48]
 [32]
 [54]
 [54]
 [56]
 [54]
 [46]
 [55]
 [55]
 [48]
 [49]
 [52]
 [49]
 [57]
 [57]
 [57]
 [57]
 [57]
 [57]
 [45]
 [49]] 
------------------------ Dataset: Fpz ------------------------
shape: (33, 1), dtype: uint16
Data:[[53]
 [57]
 [48]
 [52]
 [46]
 [54]
 [57]
 [49]
 [55]
 [57]
 [56]
 [45]
 [48]
 [32]
 [53]
 [57]
 [48]
 [52]
 [46]
 [54]
 [56]
 [56]
 [57]
 [54]
 [57]
 [57]
 [57]
 [57]
 [57]
 [57]
 [57]
 [45]
 [49]] 
------------------------ Dataset: Fq ------------------------
