shape: (1, 6), dtype: uint32
Data:[[3707764736          2          1          1       1565          1]] 
------------------------ Dataset: 4zb ------------------------
shape: (25, 1), dtype: uint16
Data:[[54]
 [55]
 [55]
 [49]
 [46]
 [49]
 [49]
 [56]
 [50]
 [55]
 [45]
 [48]
 [32]
 [54]
 [55]
 [55]
 [49]
 [46]
 [49]
 [50]
 [51]
 [52]
 [51]
 [45]
 [49]] 
------------------------ Dataset: 4zc ------------------------
shape: (34, 1), dtype: uint16
Data:[[54]
 [50]
 [56]
 [51]
 [46]
 [57]
 [48]
 [49]
 [57]
 [55]
 [54]
 [57]
 [57]
 [57]
 [57]
 [57]
 [57]
 [53]
 [45]
 [48]
 [32]
 [54]
 [50]
 [56]
 [51]
 [46]
 [56]
 [57]
 [55]
 [56]
 [56]
 [57]
 [45]
 [49]] 
------------------------ Dataset: 4zd ------------------------
shape: (33, 1), dtype: uint16
Data:[[54]
 [50]
 [57]
 [57]
 [46]
 [54]
 [55]
 [50]
 [56]
 [51]
 [55]
 [45]
 [48]
 [32]
 [54]
 [50]
 [57]
 [57]
 [46]
 [54]
 [54]
 [55]
 [50]
 [50]
 [55]
 [57]
 [57]
 [57]
 [57]
 [57]
 [57]
 [45]
 [49]] 
------------------------ Dataset: 4ze ------------------------
shape: (39, 1), dtype: uint16
Data:[[54]
 [51]
 [49]
 [53]
 [46]
 [53]
 [53]
 [48]
 [50]
 [51]
 [48]
 [57]
 [57]
 [57]
 [57]
 [57]
 [57]
 [45]
 [48]
 [32]
 [54]
 [51]
 [49]
 [53]
 [46]
 [53]
 [52]
 [50]
 [53]
 [52]
 [49]
 [57]
 [57]
 [57]
 [57]
 [57]
 [57]
 [45]
 [49]] 
------------------------ Dataset: 4zf ------------------------
shape: (40, 1), dtype: uint16
Data:[[54]
 [51]
 [51]
 [49]
 [46]
 [51]
 [54]
 [53]
 [56]
 [55]
 [52]
 [57]
 [57]
 [57]
 [57]
 [57]
 [57]
 [53]
 [45]
 [48]
 [32]
 [54]
 [51]
 [51]
 [49]
 [46]
 [51]
 [54]
 [57]
 [57]
 [57]
 [50]
 [57]
 [57]
 [57]
 [57]
 [57]
 [57]
 [45]
 [49]] 
------------------------ Dataset: 4zg ------------------------
shape: (27, 1), dtype: uint16
Data:[[54]
 [52]
 [57]
 [54]
 [46]
 [53]
 [51]
 [48]
 [50]
 [50]
 [57]
 [45]
 [48]
 [32]
 [54]
 [52]
 [57]
 [54]
 [46]
 [53]
 [50]
 [54]
 [48]
 [54]
 [52]
 [45]
 [49]] 
------------------------ Dataset: 4zh ------------------------
shape: (33, 1), dtype: uint16
Data:[[54]
 [53]
 [49]
 [50]
 [46]
 [50]
 [56]
 [57]
 [57]
 [51]
 [55]
 [45]
 [48]
 [32]
 [54]
 [53]
 [49]
 [50]
 [46]
 [50]
 [56]
 [53]
 [57]
 [55]
 [51]
 [57]
 [57]
 [57]
 [57]
 [57]
 [57]
 [45]
 [49]] 
------------------------ Dataset: 4zi ------------------------
shape: (27, 1), dtype: uint16
Data:[[54]
 [53]
 [50]
 [56]
 [46]
 [49]
 [49]
 [55]
 [57]
 [57]
 [49]
 [45]
 [48]
 [32]
 [54]
 [53]
 [50]
 [56]
 [46]
 [49]
 [49]
 [55]
 [57]
 [57]
 [49]
 [45]
 [49]] 
------------------------ Dataset: 4zj ------------------------
shape: (34, 1), dtype: uint16
Data:[[54]
 [48]
 [50]
 [51]
 [46]
 [54]
 [57]
 [55]
 [57]
 [50]
 [49]
 [45]
 [48]
 [32]
 [54]
 [48]
 [50]
 [51]
 [46]
 [55]
 [48]
 [53]
 [55]
 [53]
 [48]
 [57]
 [57]
 [57]
 [57]
 [57]
 [57]
 [53]
 [45]
 [49]] 
------------------------ Dataset: 4zk ------------------------
shape: (33, 1), dtype: uint16
Data:[[54]
 [48]
 [51]
 [57]
 [46]
 [52]
 [53]
 [55]
 [56]
 [48]
 [53]
 [57]
 [57]
 [57]
 [57]
 [57]
 [57]
 [45]
 [48]
 [32]
 [54]
 [48]
 [51]
 [57]
 [46]
 [52]
 [53]
 [51]
 [56]
 [52]
 [50]
 [45]
 [49]] 
------------------------ Dataset: 4zl ------------------------
shape: (27, 1), dtype: uint16
Data:[[54]
 [48]
 [53]
 [53]
 [46]
 [49]
 [49]
 [56]
 [49]
 [48]
 [56]
 [45]
 [48]
 [32]
 [54]
 [48]
 [53]
 [53]
 [46]
 [49]
 [49]
 [57]
 [54]
 [53]
 [49]
 [45]
 [49]] 
------------------------ Dataset: 4zm ------------------------
shape: (27, 1), dtype: uint16
Data:[[54]
 [48]
 [55]
 [49]
 [46]
 [48]
 [54]
 [48]
 [51]
 [54]
 [57]
 [45]
 [48]
 [32]
 [54]
 [48]
 [55]
 [49]
 [46]
 [48]
 [53]
 [53]
 [48]
 [57]
 [50]
 [45]
 [49]] 
------------------------ Dataset: 4zn ------------------------
shape: (33, 1), dtype: uint16
Data:[[53]
 [54]
 [51]
 [49]
 [46]
 [57]
 [50]
 [49]
 [53]
 [57]
 [45]
 [48]
 [32]
 [53]
 [54]
 [51]
 [49]
 [46]
 [57]
 [50]
 [53]
 [53]
 [57]
 [54]
 [57]
 [57]
 [57]
 [57]
 [57]
 [57]
 [53]
 [45]
 [49]] 
------------------------ Dataset: 4zo ------------------------
shape: (33, 1), dtype: uint16
Data:[[53]
 [54]
 [52]
 [55]
 [46]
 [54]
 [49]
 [55]
 [55]
 [48]
 [51]
 [57]
 [57]
 [57]
 [57]
 [57]
 [57]
 [45]
 [48]
 [32]
 [53]
 [54]
 [52]
 [55]
 [46]
 [54]
 [49]
 [51]
 [54]
 [53]
 [52]
 [45]
 [49]] 
------------------------ Dataset: 4zp ------------------------
shape: (27, 1), dtype: uint16
Data:[[53]
 [54]
 [54]
 [51]
 [46]
 [51]
 [51]
 [51]
 [54]
 [57]
 [54]
 [45]
 [48]
 [32]
 [53]
 [54]
 [54]
 [51]
 [46]
 [51]
 [52]
 [49]
 [53]
 [53]
 [53]
 [45]
 [49]] 
------------------------ Dataset: 4zq ------------------------
shape: (34, 1), dtype: uint16
Data:[[53]
 [54]
 [55]
 [57]
 [46]
 [48]
 [56]
 [53]
 [54]
 [52]
 [50]
 [45]
 [48]
 [32]
 [53]
 [54]
 [55]
 [57]
 [46]
 [48]
 [56]
 [57]
 [53]
 [52]
 [51]
 [57]
 [57]
 [57]
 [57]
 [57]
 [57]
 [53]
 [45]
 [49]] 
------------------------ Dataset: 4zr ------------------------
shape: (15, 1), dtype: uint16
Data:[[103]
 [ 97]
 [122]
 [101]
 [ 95]
 [112]
 [111]
 [105]
 [110]
 [116]
 [ 95]
 [ 51]
 [100]
 [ 95]
 [121]] 
------------------------ Dataset: 4zs ------------------------
shape: (39, 1), dtype: uint16
Data:[[54]
 [52]
 [49]
 [56]
 [46]
 [49]
 [52]
 [53]
 [57]
 [51]
 [57]
 [57]
 [57]
 [57]
 [57]
 [57]
 [57]
 [45]
 [48]
 [32]
 [54]
 [52]
 [49]
 [56]
 [46]
 [49]
 [52]
 [50]
 [50]
 [49]
 [56]
 [57]
 [57]
 [57]
 [57]
 [57]
 [57]
 [45]
 [49]] 
------------------------ Dataset: 4zt ------------------------
shape: (26, 1), dtype: uint16
Data:[[54]
 [54]
 [49]
 [48]
 [46]
 [50]
 [51]
 [56]
 [49]
 [55]
 [45]
 [48]
 [32]
 [54]
 [54]
 [49]
 [48]
 [46]
 [50]
 [52]
 [50]
 [48]
 [55]
 [55]
 [45]
 [49]] 
------------------------ Dataset: 4zu ------------------------
shape: (33, 1), dtype: uint16
Data:[[54]
 [54]
 [50]
 [54]
 [46]
 [49]
 [55]
 [51]
 [57]
 [55]
 [48]
 [57]
 [57]
 [57]
 [57]
 [57]
 [57]
 [45]
 [48]
 [32]
 [54]
 [54]
 [50]
 [54]
 [46]
 [49]
 [56]
 [54]
 [54]
 [54]
 [52]
 [45]
 [49]] 
------------------------ Dataset: 4zv ------------------------
shape: (34, 1), dtype: uint16
Data:[[54]
 [54]
 [52]
 [49]
 [46]
 [57]
 [53]
 [56]
 [50]
 [48]
 [48]
 [57]
 [57]
 [57]
 [57]
 [57]
 [57]
 [53]
 [45]
 [48]
 [32]
 [54]
 [54]
 [52]
 [49]
 [46]
 [57]
 [53]
 [52]
 [51]
 [54]
 [53]
 [45]
 [49]] 
------------------------ Dataset: 4zw ------------------------
shape: (27, 1), dtype: uint16
Data:[[54]
 [54]
 [53]
 [55]
 [46]
 [54]
 [51]
 [56]
 [51]
 [49]
 [55]
 [45]
 [48]
 [32]
 [54]
 [54]
 [53]
 [55]
 [46]
 [54]
 [51]
 [54]
 [51]
 [50]
 [57]
 [45]
 [49]] 
------------------------ Dataset: 4zx ------------------------
shape: (40, 1), dtype: uint16
Data:[[54]
 [54]
 [55]
 [51]
 [46]
 [53]
 [52]
 [50]
 [49]
 [55]
 [57]
 [57]
 [57]
 [57]
 [57]
 [57]
 [57]
 [53]
 [45]
 [48]
 [32]
 [54]
 [54]
 [55]
 [51]
 [46]
 [53]
 [52]
 [54]
 [53]
 [53]
 [53]
 [57]
 [57]
 [57]
 [57]
 [57]
 [57]
 [45]
 [49]] 
------------------------ Dataset: 4zy ------------------------
shape: (33, 1), dtype: uint16
Data:[[54]
 [54]
 [56]
 [57]
 [46]
 [52]
 [53]
 [52]
 [48]
 [57]
 [52]
 [45]
 [48]
 [32]
 [54]
 [54]
 [56]
 [57]
 [46]
 [52]
 [53]
 [56]
 [48]
 [56]
 [52]
 [57]
 [57]
 [57]
 [57]
 [57]
 [57]
 [45]
 [49]] 
------------------------ Dataset: 4zz ------------------------
shape: (34, 1), dtype: uint16
Data:[[53]
 [57]
 [48]
 [55]
 [46]
 [51]
 [51]
 [51]
 [53]
 [57]
 [53]
 [57]
 [57]
 [57]
 [57]
 [57]
 [57]
 [53]
 [45]
 [48]
 [32]
 [53]
 [57]
 [48]
 [55]
 [46]
 [51]
 [51]
 [51]
 [54]
 [52]
 [53]
 [45]
 [49]] 
------------------------ Dataset: 5 ------------------------
