shape: (1, 6), dtype: uint32
Data:[[3707764736          2          1          1       1956          1]] 
------------------------ Dataset: vGb ------------------------
shape: (26, 1), dtype: uint16
Data:[[54]
 [55]
 [55]
 [50]
 [46]
 [55]
 [53]
 [56]
 [48]
 [55]
 [45]
 [48]
 [32]
 [54]
 [55]
 [55]
 [50]
 [46]
 [55]
 [54]
 [50]
 [49]
 [51]
 [56]
 [45]
 [49]] 
------------------------ Dataset: vGc ------------------------
shape: (26, 1), dtype: uint16
Data:[[54]
 [50]
 [56]
 [53]
 [46]
 [53]
 [53]
 [49]
 [50]
 [52]
 [45]
 [48]
 [32]
 [54]
 [50]
 [56]
 [53]
 [46]
 [53]
 [53]
 [52]
 [57]
 [52]
 [56]
 [45]
 [49]] 
------------------------ Dataset: vGd ------------------------
shape: (27, 1), dtype: uint16
Data:[[54]
 [51]
 [48]
 [49]
 [46]
 [51]
 [48]
 [53]
 [56]
 [51]
 [57]
 [45]
 [48]
 [32]
 [54]
 [51]
 [48]
 [49]
 [46]
 [51]
 [48]
 [57]
 [56]
 [50]
 [54]
 [45]
 [49]] 
------------------------ Dataset: vGe ------------------------
shape: (33, 1), dtype: uint16
Data:[[54]
 [51]
 [49]
 [55]
 [46]
 [49]
 [55]
 [57]
 [53]
 [52]
 [53]
 [57]
 [57]
 [57]
 [57]
 [57]
 [57]
 [45]
 [48]
 [32]
 [54]
 [51]
 [49]
 [55]
 [46]
 [49]
 [56]
 [50]
 [48]
 [52]
 [57]
 [45]
 [49]] 
------------------------ Dataset: vGf ------------------------
shape: (33, 1), dtype: uint16
Data:[[54]
 [51]
 [51]
 [51]
 [46]
 [48]
 [49]
 [56]
 [48]
 [48]
 [53]
 [45]
 [48]
 [32]
 [54]
 [51]
 [51]
 [51]
 [46]
 [48]
 [49]
 [51]
 [57]
 [52]
 [56]
 [57]
 [57]
 [57]
 [57]
 [57]
 [57]
 [45]
 [49]] 
------------------------ Dataset: vGg ------------------------
shape: (27, 1), dtype: uint16
Data:[[54]
 [52]
 [57]
 [56]
 [46]
 [49]
 [54]
 [52]
 [55]
 [50]
 [57]
 [45]
 [48]
 [32]
 [54]
 [52]
 [57]
 [56]
 [46]
 [49]
 [54]
 [52]
 [49]
 [54]
 [55]
 [45]
 [49]] 
------------------------ Dataset: vGh ------------------------
shape: (26, 1), dtype: uint16
Data:[[54]
 [53]
 [49]
 [51]
 [46]
 [57]
 [54]
 [54]
 [49]
 [50]
 [56]
 [45]
 [48]
 [32]
 [54]
 [53]
 [49]
 [51]
 [46]
 [57]
 [54]
 [50]
 [48]
 [55]
 [45]
 [49]] 
------------------------ Dataset: vGi ------------------------
shape: (32, 1), dtype: uint16
Data:[[54]
 [53]
 [50]
 [57]
 [46]
 [55]
 [54]
 [54]
 [48]
 [54]
 [45]
 [48]
 [32]
 [54]
 [53]
 [50]
 [57]
 [46]
 [55]
 [55]
 [48]
 [48]
 [56]
 [50]
 [57]
 [57]
 [57]
 [57]
 [57]
 [57]
 [45]
 [49]] 
------------------------ Dataset: vGj ------------------------
shape: (34, 1), dtype: uint16
Data:[[54]
 [48]
 [50]
 [53]
 [46]
 [51]
 [51]
 [48]
 [48]
 [54]
 [53]
 [57]
 [57]
 [57]
 [57]
 [57]
 [57]
 [53]
 [45]
 [48]
 [32]
 [54]
 [48]
 [50]
 [53]
 [46]
 [51]
 [50]
 [53]
 [56]
 [49]
 [55]
 [45]
 [49]] 
------------------------ Dataset: vGk ------------------------
shape: (33, 1), dtype: uint16
Data:[[54]
 [48]
 [52]
 [49]
 [46]
 [48]
 [54]
 [57]
 [56]
 [55]
 [52]
 [45]
 [48]
 [32]
 [54]
 [48]
 [52]
 [49]
 [46]
 [48]
 [54]
 [57]
 [55]
 [52]
 [48]
 [57]
 [57]
 [57]
 [57]
 [57]
 [57]
 [45]
 [49]] 
------------------------ Dataset: vGl ------------------------
shape: (33, 1), dtype: uint16
Data:[[54]
 [48]
 [53]
 [54]
 [46]
 [55]
 [57]
 [49]
 [52]
 [52]
 [53]
 [57]
 [57]
 [57]
 [57]
 [57]
 [57]
 [45]
 [48]
 [32]
 [54]
 [48]
 [53]
 [54]
 [46]
 [55]
 [57]
 [52]
 [50]
 [51]
 [51]
 [45]
 [49]] 
------------------------ Dataset: vGm ------------------------
shape: (27, 1), dtype: uint16
Data:[[54]
 [48]
 [55]
 [50]
 [46]
 [54]
 [56]
 [53]
 [55]
 [55]
 [50]
 [45]
 [48]
 [32]
 [54]
 [48]
 [55]
 [50]
 [46]
 [54]
 [56]
 [57]
 [55]
 [57]
 [51]
 [45]
 [49]] 
------------------------ Dataset: vGn ------------------------
shape: (32, 1), dtype: uint16
Data:[[53]
 [54]
 [51]
 [51]
 [46]
 [53]
 [54]
 [49]
 [54]
 [48]
 [53]
 [57]
 [57]
 [57]
 [57]
 [57]
 [57]
 [45]
 [48]
 [32]
 [53]
 [54]
 [51]
 [51]
 [46]
 [53]
 [53]
 [56]
 [51]
 [52]
 [45]
 [49]] 
------------------------ Dataset: vGo ------------------------
shape: (27, 1), dtype: uint16
Data:[[53]
 [54]
 [52]
 [57]
 [46]
 [50]
 [51]
 [55]
 [53]
 [49]
 [51]
 [45]
 [48]
 [32]
 [53]
 [54]
 [52]
 [57]
 [46]
 [50]
 [52]
 [49]
 [54]
 [50]
 [56]
 [45]
 [49]] 
------------------------ Dataset: vGp ------------------------
shape: (27, 1), dtype: uint16
Data:[[53]
 [54]
 [54]
 [52]
 [46]
 [57]
 [55]
 [51]
 [53]
 [56]
 [53]
 [45]
 [48]
 [32]
 [53]
 [54]
 [54]
 [52]
 [46]
 [57]
 [54]
 [57]
 [54]
 [48]
 [52]
 [45]
 [49]] 
------------------------ Dataset: vGq ------------------------
shape: (34, 1), dtype: uint16
Data:[[53]
 [54]
 [56]
 [48]
 [46]
 [55]
 [50]
 [53]
 [53]
 [49]
 [53]
 [57]
 [57]
 [57]
 [57]
 [57]
 [57]
 [53]
 [45]
 [48]
 [32]
 [53]
 [54]
 [56]
 [48]
 [46]
 [55]
 [50]
 [49]
 [53]
 [52]
 [52]
 [45]
 [49]] 
------------------------ Dataset: vGr ------------------------
shape: (27, 1), dtype: uint16
Data:[[53]
 [56]
 [48]
 [55]
 [46]
 [48]
 [50]
 [57]
 [57]
 [56]
 [55]
 [45]
 [48]
 [32]
 [53]
 [56]
 [48]
 [55]
 [46]
 [48]
 [50]
 [54]
 [51]
 [56]
 [55]
 [45]
 [49]] 
------------------------ Dataset: vGs ------------------------
shape: (33, 1), dtype: uint16
Data:[[54]
 [52]
 [49]
 [57]
 [46]
 [56]
 [48]
 [50]
 [51]
 [48]
 [55]
 [57]
 [57]
 [57]
 [57]
 [57]
 [57]
 [45]
 [48]
 [32]
 [54]
 [52]
 [49]
 [57]
 [46]
 [56]
 [48]
 [54]
 [49]
 [52]
 [53]
 [45]
 [49]] 
------------------------ Dataset: vGt ------------------------
shape: (27, 1), dtype: uint16
Data:[[54]
 [54]
 [49]
 [49]
 [46]
 [57]
 [49]
 [48]
 [52]
 [51]
 [56]
 [45]
 [48]
 [32]
 [54]
 [54]
 [49]
 [49]
 [46]
 [57]
 [48]
 [55]
 [50]
 [57]
 [52]
 [45]
 [49]] 
------------------------ Dataset: vGu ------------------------
shape: (41, 1), dtype: uint16
Data:[[54]
 [54]
 [50]
 [55]
 [46]
 [56]
 [49]
 [56]
 [48]
 [52]
 [48]
 [57]
 [57]
 [57]
 [57]
 [57]
 [57]
 [53]
 [45]
 [48]
 [32]
 [54]
 [54]
 [50]
 [55]
 [46]
 [56]
 [49]
 [56]
 [52]
 [54]
 [55]
 [57]
 [57]
 [57]
 [57]
 [57]
 [57]
 [53]
 [45]
 [49]] 
------------------------ Dataset: vGv ------------------------
shape: (27, 1), dtype: uint16
Data:[[54]
 [54]
 [52]
 [51]
 [46]
 [53]
 [55]
 [48]
 [48]
 [53]
 [49]
 [45]
 [48]
 [32]
 [54]
 [54]
 [52]
 [51]
 [46]
 [53]
 [55]
 [48]
 [48]
 [53]
 [49]
 [45]
 [49]] 
------------------------ Dataset: vGw ------------------------
shape: (13, 1), dtype: uint16
Data:[[54]
 [54]
 [53]
 [57]
 [46]
 [51]
 [49]
 [48]
 [49]
 [50]
 [52]
 [45]
 [49]] 
------------------------ Dataset: vGx ------------------------
shape: (27, 1), dtype: uint16
Data:[[54]
 [54]
 [55]
 [53]
 [46]
 [49]
 [55]
 [51]
 [52]
 [52]
 [54]
 [45]
 [48]
 [32]
 [54]
 [54]
 [55]
 [53]
 [46]
 [49]
 [55]
 [54]
 [53]
 [48]
 [51]
 [45]
 [49]] 
------------------------ Dataset: vGy ------------------------
shape: (27, 1), dtype: uint16
Data:[[54]
 [54]
 [57]
 [49]
 [46]
 [48]
 [57]
 [48]
 [50]
 [50]
 [55]
 [45]
 [48]
 [32]
 [54]
 [54]
 [57]
 [49]
 [46]
 [48]
 [57]
 [52]
 [48]
 [57]
 [56]
 [45]
 [49]] 
------------------------ Dataset: vGz ------------------------
shape: (13, 1), dtype: uint16
Data:[[53]
 [57]
 [48]
 [56]
 [46]
 [57]
 [54]
 [57]
 [54]
 [56]
 [53]
 [45]
 [49]] 
------------------------ Dataset: vH ------------------------
