shape: (1, 6), dtype: uint32
Data:[[3707764736          2          1          1        470          1]] 
------------------------ Dataset: Whb ------------------------
shape: (27, 1), dtype: uint16
Data:[[54]
 [55]
 [54]
 [54]
 [46]
 [52]
 [57]
 [52]
 [49]
 [56]
 [51]
 [45]
 [48]
 [32]
 [54]
 [55]
 [54]
 [54]
 [46]
 [53]
 [48]
 [50]
 [49]
 [54]
 [51]
 [45]
 [49]] 
------------------------ Dataset: Whc ------------------------
shape: (33, 1), dtype: uint16
Data:[[54]
 [50]
 [55]
 [57]
 [46]
 [51]
 [48]
 [49]
 [57]
 [52]
 [50]
 [45]
 [48]
 [32]
 [54]
 [50]
 [55]
 [57]
 [46]
 [50]
 [57]
 [56]
 [51]
 [48]
 [57]
 [57]
 [57]
 [57]
 [57]
 [57]
 [57]
 [45]
 [49]] 
------------------------ Dataset: Whd ------------------------
shape: (27, 1), dtype: uint16
Data:[[54]
 [50]
 [57]
 [53]
 [46]
 [48]
 [55]
 [48]
 [52]
 [49]
 [57]
 [45]
 [48]
 [32]
 [54]
 [50]
 [57]
 [53]
 [46]
 [48]
 [55]
 [52]
 [48]
 [48]
 [49]
 [45]
 [49]] 
------------------------ Dataset: Whe ------------------------
shape: (33, 1), dtype: uint16
Data:[[54]
 [51]
 [49]
 [48]
 [46]
 [57]
 [48]
 [49]
 [56]
 [56]
 [55]
 [57]
 [57]
 [57]
 [57]
 [57]
 [57]
 [45]
 [48]
 [32]
 [54]
 [51]
 [49]
 [48]
 [46]
 [56]
 [57]
 [55]
 [57]
 [52]
 [54]
 [45]
 [49]] 
------------------------ Dataset: Whf ------------------------
shape: (41, 1), dtype: uint16
Data:[[54]
 [51]
 [50]
 [54]
 [46]
 [55]
 [55]
 [55]
 [53]
 [55]
 [53]
 [57]
 [57]
 [57]
 [57]
 [57]
 [57]
 [53]
 [45]
 [48]
 [32]
 [54]
 [51]
 [50]
 [54]
 [46]
 [55]
 [55]
 [51]
 [52]
 [54]
 [50]
 [57]
 [57]
 [57]
 [57]
 [57]
 [57]
 [53]
 [45]
 [49]] 
------------------------ Dataset: Whg ------------------------
shape: (33, 1), dtype: uint16
Data:[[54]
 [51]
 [52]
 [50]
 [46]
 [53]
 [55]
 [51]
 [57]
 [49]
 [53]
 [57]
 [57]
 [57]
 [57]
 [57]
 [57]
 [45]
 [48]
 [32]
 [54]
 [51]
 [52]
 [50]
 [46]
 [53]
 [54]
 [57]
 [57]
 [49]
 [50]
 [45]
 [49]] 
------------------------ Dataset: Whh ------------------------
shape: (39, 1), dtype: uint16
Data:[[54]
 [53]
 [48]
 [55]
 [46]
 [54]
 [56]
 [50]
 [49]
 [48]
 [56]
 [57]
 [57]
 [57]
 [57]
 [57]
 [57]
 [45]
 [48]
 [32]
 [54]
 [53]
 [48]
 [55]
 [46]
 [54]
 [55]
 [56]
 [48]
 [52]
 [54]
 [57]
 [57]
 [57]
 [57]
 [57]
 [57]
 [45]
 [49]] 
------------------------ Dataset: Whi ------------------------
shape: (34, 1), dtype: uint16
Data:[[54]
 [53]
 [50]
 [51]
 [46]
 [53]
 [48]
 [54]
 [49]
 [49]
 [50]
 [57]
 [57]
 [57]
 [57]
 [57]
 [57]
 [53]
 [45]
 [48]
 [32]
 [54]
 [53]
 [50]
 [51]
 [46]
 [53]
 [49]
 [48]
 [48]
 [50]
 [57]
 [45]
 [49]] 
------------------------ Dataset: Whj ------------------------
shape: (27, 1), dtype: uint16
Data:[[54]
 [48]
 [49]
 [57]
 [46]
 [48]
 [56]
 [55]
 [50]
 [48]
 [56]
 [45]
 [48]
 [32]
 [54]
 [48]
 [49]
 [57]
 [46]
 [48]
 [56]
 [55]
 [50]
 [53]
 [54]
 [45]
 [49]] 
------------------------ Dataset: Whk ------------------------
shape: (27, 1), dtype: uint16
Data:[[54]
 [48]
 [51]
 [52]
 [46]
 [56]
 [56]
 [49]
 [56]
 [54]
 [51]
 [45]
 [48]
 [32]
 [54]
 [48]
 [51]
 [52]
 [46]
 [56]
 [56]
 [53]
 [56]
 [56]
 [54]
 [45]
 [49]] 
------------------------ Dataset: Whl ------------------------
shape: (33, 1), dtype: uint16
Data:[[54]
 [48]
 [53]
 [48]
 [46]
 [53]
 [48]
 [54]
 [49]
 [50]
 [56]
 [45]
 [48]
 [32]
 [54]
 [48]
 [53]
 [48]
 [46]
 [53]
 [48]
 [57]
 [57]
 [51]
 [55]
 [57]
 [57]
 [57]
 [57]
 [57]
 [57]
 [45]
 [49]] 
------------------------ Dataset: Whm ------------------------
shape: (34, 1), dtype: uint16
Data:[[54]
 [48]
 [54]
 [54]
 [46]
 [52]
 [48]
 [50]
 [52]
 [52]
 [54]
 [45]
 [48]
 [32]
 [54]
 [48]
 [54]
 [54]
 [46]
 [52]
 [48]
 [53]
 [57]
 [56]
 [55]
 [57]
 [57]
 [57]
 [57]
 [57]
 [57]
 [53]
 [45]
 [49]] 
------------------------ Dataset: Whn ------------------------
shape: (27, 1), dtype: uint16
Data:[[54]
 [48]
 [56]
 [50]
 [46]
 [51]
 [51]
 [48]
 [50]
 [55]
 [49]
 [45]
 [48]
 [32]
 [54]
 [48]
 [56]
 [50]
 [46]
 [51]
 [51]
 [51]
 [56]
 [50]
 [51]
 [45]
 [49]] 
------------------------ Dataset: Who ------------------------
shape: (27, 1), dtype: uint16
Data:[[53]
 [54]
 [52]
 [51]
 [46]
 [48]
 [50]
 [53]
 [54]
 [57]
 [55]
 [45]
 [48]
 [32]
 [53]
 [54]
 [52]
 [51]
 [46]
 [48]
 [50]
 [49]
 [54]
 [53]
 [57]
 [45]
 [49]] 
------------------------ Dataset: Whp ------------------------
shape: (27, 1), dtype: uint16
Data:[[53]
 [54]
 [53]
 [56]
 [46]
 [55]
 [55]
 [55]
 [53]
 [53]
 [54]
 [45]
 [48]
 [32]
 [53]
 [54]
 [53]
 [56]
 [46]
 [55]
 [55]
 [51]
 [54]
 [48]
 [54]
 [45]
 [49]] 
------------------------ Dataset: Whq ------------------------
shape: (27, 1), dtype: uint16
Data:[[53]
 [54]
 [55]
 [52]
 [46]
 [52]
 [55]
 [55]
 [55]
 [51]
 [51]
 [45]
 [48]
 [32]
 [53]
 [54]
 [55]
 [52]
 [46]
 [52]
 [56]
 [49]
 [55]
 [54]
 [57]
 [45]
 [49]] 
------------------------ Dataset: Whr ------------------------
shape: (27, 1), dtype: uint16
Data:[[53]
 [54]
 [57]
 [48]
 [46]
 [50]
 [54]
 [49]
 [53]
 [52]
 [49]
 [45]
 [48]
 [32]
 [53]
 [54]
 [57]
 [48]
 [46]
 [50]
 [53]
 [55]
 [56]
 [50]
 [51]
 [45]
 [49]] 
------------------------ Dataset: Whs ------------------------
shape: (27, 1), dtype: uint16
Data:[[54]
 [52]
 [49]
 [51]
 [46]
 [53]
 [51]
 [48]
 [48]
 [53]
 [57]
 [45]
 [48]
 [32]
 [54]
 [52]
 [49]
 [51]
 [46]
 [53]
 [51]
 [52]
 [57]
 [51]
 [50]
 [45]
 [49]] 
------------------------ Dataset: Wht ------------------------
shape: (33, 1), dtype: uint16
Data:[[54]
 [54]
 [48]
 [53]
 [46]
 [53]
 [57]
 [56]
 [49]
 [51]
 [57]
 [45]
 [48]
 [32]
 [54]
 [54]
 [48]
 [53]
 [46]
 [53]
 [57]
 [52]
 [51]
 [55]
 [54]
 [57]
 [57]
 [57]
 [57]
 [57]
 [57]
 [45]
 [49]] 
------------------------ Dataset: Whu ------------------------
shape: (33, 1), dtype: uint16
Data:[[54]
 [54]
 [50]
 [49]
 [46]
 [53]
 [54]
 [54]
 [49]
 [50]
 [52]
 [57]
 [57]
 [57]
 [57]
 [57]
 [57]
 [45]
 [48]
 [32]
 [54]
 [54]
 [50]
 [49]
 [46]
 [53]
 [54]
 [57]
 [57]
 [57]
 [51]
 [45]
 [49]] 
------------------------ Dataset: Whv ------------------------
shape: (34, 1), dtype: uint16
Data:[[54]
 [54]
 [51]
 [55]
 [46]
 [52]
 [49]
 [52]
 [48]
 [50]
 [53]
 [57]
 [57]
 [57]
 [57]
 [57]
 [57]
 [53]
 [45]
 [48]
 [32]
 [54]
 [54]
 [51]
 [55]
 [46]
 [52]
 [49]
 [48]
 [48]
 [55]
 [56]
 [45]
 [49]] 
------------------------ Dataset: Whw ------------------------
shape: (19, 1), dtype: uint16
Data:[[54]
 [54]
 [53]
 [51]
 [46]
 [48]
 [49]
 [52]
 [49]
 [55]
 [52]
 [57]
 [57]
 [57]
 [57]
 [57]
 [57]
 [45]
 [48]] 
------------------------ Dataset: Whx ------------------------
shape: (26, 1), dtype: uint16
Data:[[54]
 [54]
 [54]
 [56]
 [46]
 [56]
 [57]
 [48]
 [56]
 [52]
 [45]
 [48]
 [32]
 [54]
 [54]
 [54]
 [56]
 [46]
 [57]
 [48]
 [52]
 [57]
 [56]
 [50]
 [45]
 [49]] 
------------------------ Dataset: Why ------------------------
shape: (33, 1), dtype: uint16
Data:[[54]
 [54]
 [56]
 [52]
 [46]
 [55]
 [57]
 [48]
 [48]
 [56]
 [53]
 [45]
 [48]
 [32]
 [54]
 [54]
 [56]
 [52]
 [46]
 [55]
 [57]
 [52]
 [49]
 [48]
 [50]
 [57]
 [57]
 [57]
 [57]
 [57]
 [57]
 [45]
 [49]] 
------------------------ Dataset: Whz ------------------------
shape: (34, 1), dtype: uint16
Data:[[53]
 [57]
 [48]
 [50]
 [46]
 [55]
 [50]
 [49]
 [54]
 [51]
 [51]
 [57]
 [57]
 [57]
 [57]
 [57]
 [57]
 [53]
 [45]
 [48]
 [32]
 [53]
 [57]
 [48]
 [50]
 [46]
 [55]
 [50]
 [53]
 [54]
 [57]
 [57]
 [45]
 [49]] 
------------------------ Dataset: Wi ------------------------
