shape: (1, 6), dtype: uint32
Data:[[3707764736          2          1          1       1981          1]] 
------------------------ Dataset: UGb ------------------------
shape: (27, 1), dtype: uint16
Data:[[54]
 [55]
 [55]
 [50]
 [46]
 [56]
 [54]
 [50]
 [50]
 [48]
 [57]
 [45]
 [48]
 [32]
 [54]
 [55]
 [55]
 [50]
 [46]
 [56]
 [53]
 [56]
 [49]
 [49]
 [55]
 [45]
 [49]] 
------------------------ Dataset: UGc ------------------------
shape: (27, 1), dtype: uint16
Data:[[54]
 [50]
 [56]
 [53]
 [46]
 [54]
 [53]
 [51]
 [56]
 [55]
 [56]
 [45]
 [48]
 [32]
 [54]
 [50]
 [56]
 [53]
 [46]
 [54]
 [52]
 [57]
 [56]
 [56]
 [51]
 [45]
 [49]] 
------------------------ Dataset: UGd ------------------------
shape: (39, 1), dtype: uint16
Data:[[54]
 [51]
 [48]
 [49]
 [46]
 [52]
 [50]
 [54]
 [56]
 [53]
 [51]
 [57]
 [57]
 [57]
 [57]
 [57]
 [57]
 [45]
 [48]
 [32]
 [54]
 [51]
 [48]
 [49]
 [46]
 [52]
 [50]
 [54]
 [49]
 [55]
 [54]
 [57]
 [57]
 [57]
 [57]
 [57]
 [57]
 [45]
 [49]] 
------------------------ Dataset: UGe ------------------------
shape: (26, 1), dtype: uint16
Data:[[54]
 [51]
 [49]
 [55]
 [46]
 [50]
 [56]
 [49]
 [56]
 [56]
 [45]
 [48]
 [32]
 [54]
 [51]
 [49]
 [55]
 [46]
 [50]
 [56]
 [49]
 [56]
 [57]
 [53]
 [45]
 [49]] 
------------------------ Dataset: UGf ------------------------
shape: (27, 1), dtype: uint16
Data:[[54]
 [51]
 [51]
 [51]
 [46]
 [49]
 [49]
 [55]
 [49]
 [55]
 [55]
 [45]
 [48]
 [32]
 [54]
 [51]
 [51]
 [51]
 [46]
 [49]
 [49]
 [56]
 [49]
 [49]
 [55]
 [45]
 [49]] 
------------------------ Dataset: UGg ------------------------
shape: (27, 1), dtype: uint16
Data:[[54]
 [52]
 [57]
 [56]
 [46]
 [50]
 [54]
 [54]
 [48]
 [48]
 [49]
 [45]
 [48]
 [32]
 [54]
 [52]
 [57]
 [56]
 [46]
 [50]
 [54]
 [50]
 [52]
 [54]
 [51]
 [45]
 [49]] 
------------------------ Dataset: UGh ------------------------
shape: (26, 1), dtype: uint16
Data:[[54]
 [53]
 [49]
 [52]
 [46]
 [48]
 [54]
 [50]
 [48]
 [56]
 [45]
 [48]
 [32]
 [54]
 [53]
 [49]
 [52]
 [46]
 [48]
 [54]
 [54]
 [51]
 [55]
 [49]
 [45]
 [49]] 
------------------------ Dataset: UGi ------------------------
shape: (33, 1), dtype: uint16
Data:[[54]
 [53]
 [50]
 [57]
 [46]
 [56]
 [55]
 [48]
 [50]
 [52]
 [53]
 [45]
 [48]
 [32]
 [54]
 [53]
 [50]
 [57]
 [46]
 [56]
 [54]
 [54]
 [48]
 [55]
 [50]
 [57]
 [57]
 [57]
 [57]
 [57]
 [57]
 [45]
 [49]] 
------------------------ Dataset: UGj ------------------------
shape: (33, 1), dtype: uint16
Data:[[54]
 [48]
 [50]
 [53]
 [46]
 [52]
 [51]
 [49]
 [56]
 [51]
 [49]
 [57]
 [57]
 [57]
 [57]
 [57]
 [57]
 [45]
 [48]
 [32]
 [54]
 [48]
 [50]
 [53]
 [46]
 [52]
 [51]
 [55]
 [56]
 [57]
 [53]
 [45]
 [49]] 
------------------------ Dataset: UGk ------------------------
shape: (34, 1), dtype: uint16
Data:[[54]
 [48]
 [52]
 [49]
 [46]
 [49]
 [54]
 [57]
 [57]
 [52]
 [57]
 [57]
 [57]
 [57]
 [57]
 [57]
 [57]
 [53]
 [45]
 [48]
 [32]
 [54]
 [48]
 [52]
 [49]
 [46]
 [49]
 [55]
 [51]
 [56]
 [49]
 [49]
 [45]
 [49]] 
------------------------ Dataset: UGl ------------------------
shape: (27, 1), dtype: uint16
Data:[[54]
 [48]
 [53]
 [54]
 [46]
 [56]
 [57]
 [51]
 [56]
 [52]
 [51]
 [45]
 [48]
 [32]
 [54]
 [48]
 [53]
 [54]
 [46]
 [56]
 [57]
 [51]
 [55]
 [51]
 [51]
 [45]
 [49]] 
------------------------ Dataset: UGm ------------------------
shape: (34, 1), dtype: uint16
Data:[[54]
 [48]
 [55]
 [50]
 [46]
 [55]
 [57]
 [48]
 [55]
 [57]
 [51]
 [45]
 [48]
 [32]
 [54]
 [48]
 [55]
 [50]
 [46]
 [55]
 [57]
 [56]
 [49]
 [55]
 [48]
 [57]
 [57]
 [57]
 [57]
 [57]
 [57]
 [53]
 [45]
 [49]] 
------------------------ Dataset: UGn ------------------------
shape: (13, 1), dtype: uint16
Data:[[53]
 [54]
 [51]
 [51]
 [46]
 [54]
 [54]
 [52]
 [49]
 [54]
 [49]
 [45]
 [49]] 
------------------------ Dataset: UGo ------------------------
shape: (33, 1), dtype: uint16
Data:[[53]
 [54]
 [52]
 [57]
 [46]
 [51]
 [52]
 [49]
 [53]
 [55]
 [49]
 [57]
 [57]
 [57]
 [57]
 [57]
 [57]
 [45]
 [48]
 [32]
 [53]
 [54]
 [52]
 [57]
 [46]
 [51]
 [52]
 [49]
 [53]
 [55]
 [49]
 [45]
 [49]] 
------------------------ Dataset: UGp ------------------------
shape: (33, 1), dtype: uint16
Data:[[53]
 [54]
 [54]
 [53]
 [46]
 [48]
 [55]
 [48]
 [48]
 [49]
 [49]
 [57]
 [57]
 [57]
 [57]
 [57]
 [57]
 [45]
 [48]
 [32]
 [53]
 [54]
 [54]
 [53]
 [46]
 [48]
 [55]
 [51]
 [56]
 [54]
 [52]
 [45]
 [49]] 
------------------------ Dataset: UGq ------------------------
shape: (34, 1), dtype: uint16
Data:[[53]
 [54]
 [56]
 [48]
 [46]
 [56]
 [50]
 [50]
 [54]
 [48]
 [55]
 [57]
 [57]
 [57]
 [57]
 [57]
 [57]
 [53]
 [45]
 [48]
 [32]
 [53]
 [54]
 [56]
 [48]
 [46]
 [56]
 [50]
 [54]
 [48]
 [51]
 [50]
 [45]
 [49]] 
------------------------ Dataset: UGr ------------------------
shape: (33, 1), dtype: uint16
Data:[[53]
 [56]
 [48]
 [55]
 [46]
 [49]
 [50]
 [54]
 [52]
 [57]
 [56]
 [45]
 [48]
 [32]
 [53]
 [56]
 [48]
 [55]
 [46]
 [49]
 [51]
 [48]
 [48]
 [51]
 [55]
 [57]
 [57]
 [57]
 [57]
 [57]
 [57]
 [45]
 [49]] 
------------------------ Dataset: UGs ------------------------
shape: (34, 1), dtype: uint16
Data:[[54]
 [52]
 [49]
 [57]
 [46]
 [57]
 [48]
 [54]
 [48]
 [54]
 [50]
 [45]
 [48]
 [32]
 [54]
 [52]
 [49]
 [57]
 [46]
 [57]
 [48]
 [49]
 [57]
 [48]
 [54]
 [57]
 [57]
 [57]
 [57]
 [57]
 [57]
 [53]
 [45]
 [49]] 
------------------------ Dataset: UGt ------------------------
shape: (34, 1), dtype: uint16
Data:[[54]
 [54]
 [49]
 [50]
 [46]
 [48]
 [49]
 [49]
 [57]
 [55]
 [55]
 [57]
 [57]
 [57]
 [57]
 [57]
 [57]
 [53]
 [45]
 [48]
 [32]
 [54]
 [54]
 [49]
 [50]
 [46]
 [48]
 [49]
 [49]
 [57]
 [54]
 [56]
 [45]
 [49]] 
------------------------ Dataset: UGu ------------------------
shape: (27, 1), dtype: uint16
Data:[[54]
 [54]
 [50]
 [55]
 [46]
 [57]
 [49]
 [56]
 [49]
 [54]
 [50]
 [45]
 [48]
 [32]
 [54]
 [54]
 [50]
 [55]
 [46]
 [57]
 [50]
 [50]
 [48]
 [55]
 [54]
 [45]
 [49]] 
------------------------ Dataset: UGv ------------------------
shape: (33, 1), dtype: uint16
Data:[[54]
 [54]
 [52]
 [51]
 [46]
 [54]
 [55]
 [49]
 [51]
 [48]
 [51]
 [45]
 [48]
 [32]
 [54]
 [54]
 [52]
 [51]
 [46]
 [54]
 [55]
 [56]
 [53]
 [52]
 [48]
 [57]
 [57]
 [57]
 [57]
 [57]
 [57]
 [45]
 [49]] 
------------------------ Dataset: UGw ------------------------
shape: (34, 1), dtype: uint16
Data:[[54]
 [54]
 [53]
 [57]
 [46]
 [52]
 [49]
 [48]
 [49]
 [55]
 [48]
 [57]
 [57]
 [57]
 [57]
 [57]
 [57]
 [53]
 [45]
 [48]
 [32]
 [54]
 [54]
 [53]
 [57]
 [46]
 [52]
 [49]
 [53]
 [49]
 [56]
 [55]
 [45]
 [49]] 
------------------------ Dataset: UGx ------------------------
shape: (27, 1), dtype: uint16
Data:[[54]
 [54]
 [55]
 [53]
 [46]
 [50]
 [57]
 [48]
 [48]
 [54]
 [57]
 [45]
 [48]
 [32]
 [54]
 [54]
 [55]
 [53]
 [46]
 [50]
 [56]
 [54]
 [52]
 [54]
 [55]
 [45]
 [49]] 
------------------------ Dataset: UGy ------------------------
shape: (34, 1), dtype: uint16
Data:[[54]
 [54]
 [57]
 [49]
 [46]
 [50]
 [48]
 [49]
 [52]
 [48]
 [51]
 [57]
 [57]
 [57]
 [57]
 [57]
 [57]
 [53]
 [45]
 [48]
 [32]
 [54]
 [54]
 [57]
 [49]
 [46]
 [50]
 [48]
 [48]
 [48]
 [54]
 [53]
 [45]
 [49]] 
------------------------ Dataset: UGz ------------------------
shape: (33, 1), dtype: uint16
Data:[[53]
 [57]
 [48]
 [57]
 [46]
 [48]
 [54]
 [57]
 [54]
 [55]
 [53]
 [45]
 [48]
 [32]
 [53]
 [57]
 [48]
 [57]
 [46]
 [48]
 [55]
 [51]
 [55]
 [49]
 [57]
 [57]
 [57]
 [57]
 [57]
 [57]
 [57]
 [45]
 [49]] 
------------------------ Dataset: UH ------------------------
