shape: (1, 6), dtype: uint32
Data:[[3707764736          2          1          1       1273          1]] 
------------------------ Dataset: dvb ------------------------
shape: (12, 1), dtype: uint16
Data:[[54]
 [55]
 [54]
 [57]
 [46]
 [56]
 [57]
 [52]
 [52]
 [52]
 [45]
 [48]] 
------------------------ Dataset: dvc ------------------------
shape: (33, 1), dtype: uint16
Data:[[54]
 [50]
 [56]
 [50]
 [46]
 [54]
 [54]
 [53]
 [56]
 [52]
 [57]
 [45]
 [48]
 [32]
 [54]
 [50]
 [56]
 [50]
 [46]
 [54]
 [54]
 [49]
 [56]
 [51]
 [48]
 [57]
 [57]
 [57]
 [57]
 [57]
 [57]
 [45]
 [49]] 
------------------------ Dataset: dvd ------------------------
shape: (34, 1), dtype: uint16
Data:[[54]
 [50]
 [57]
 [56]
 [46]
 [52]
 [50]
 [54]
 [48]
 [56]
 [53]
 [57]
 [57]
 [57]
 [57]
 [57]
 [57]
 [53]
 [45]
 [48]
 [32]
 [54]
 [50]
 [57]
 [56]
 [46]
 [52]
 [51]
 [48]
 [49]
 [50]
 [55]
 [45]
 [49]] 
------------------------ Dataset: dve ------------------------
shape: (19, 1), dtype: uint16
Data:[[54]
 [51]
 [49]
 [52]
 [46]
 [51]
 [49]
 [52]
 [49]
 [54]
 [48]
 [57]
 [57]
 [57]
 [57]
 [57]
 [57]
 [45]
 [48]] 
------------------------ Dataset: dvf ------------------------
shape: (27, 1), dtype: uint16
Data:[[54]
 [51]
 [51]
 [48]
 [46]
 [49]
 [52]
 [50]
 [52]
 [54]
 [56]
 [45]
 [48]
 [32]
 [54]
 [51]
 [51]
 [48]
 [46]
 [49]
 [52]
 [54]
 [51]
 [55]
 [49]
 [45]
 [49]] 
------------------------ Dataset: dvg ------------------------
shape: (27, 1), dtype: uint16
Data:[[54]
 [51]
 [52]
 [53]
 [46]
 [57]
 [56]
 [51]
 [50]
 [55]
 [56]
 [45]
 [48]
 [32]
 [54]
 [51]
 [52]
 [53]
 [46]
 [57]
 [56]
 [54]
 [50]
 [53]
 [50]
 [45]
 [49]] 
------------------------ Dataset: dvh ------------------------
shape: (40, 1), dtype: uint16
Data:[[54]
 [53]
 [49]
 [49]
 [46]
 [48]
 [53]
 [52]
 [48]
 [49]
 [48]
 [57]
 [57]
 [57]
 [57]
 [57]
 [57]
 [45]
 [48]
 [32]
 [54]
 [53]
 [49]
 [49]
 [46]
 [48]
 [53]
 [48]
 [48]
 [57]
 [49]
 [57]
 [57]
 [57]
 [57]
 [57]
 [57]
 [53]
 [45]
 [49]] 
------------------------ Dataset: dvi ------------------------
shape: (27, 1), dtype: uint16
Data:[[54]
 [53]
 [50]
 [54]
 [46]
 [57]
 [48]
 [49]
 [57]
 [53]
 [49]
 [45]
 [48]
 [32]
 [54]
 [53]
 [50]
 [54]
 [46]
 [56]
 [57]
 [56]
 [49]
 [50]
 [51]
 [45]
 [49]] 
------------------------ Dataset: dvj ------------------------
shape: (27, 1), dtype: uint16
Data:[[54]
 [48]
 [50]
 [50]
 [46]
 [52]
 [55]
 [56]
 [56]
 [57]
 [50]
 [45]
 [48]
 [32]
 [54]
 [48]
 [50]
 [50]
 [46]
 [52]
 [54]
 [57]
 [57]
 [53]
 [51]
 [45]
 [49]] 
------------------------ Dataset: dvk ------------------------
shape: (27, 1), dtype: uint16
Data:[[54]
 [48]
 [51]
 [56]
 [46]
 [50]
 [52]
 [54]
 [48]
 [50]
 [51]
 [45]
 [48]
 [32]
 [54]
 [48]
 [51]
 [56]
 [46]
 [50]
 [52]
 [53]
 [56]
 [48]
 [53]
 [45]
 [49]] 
------------------------ Dataset: dvl ------------------------
shape: (33, 1), dtype: uint16
Data:[[54]
 [48]
 [53]
 [51]
 [46]
 [56]
 [57]
 [51]
 [55]
 [52]
 [54]
 [45]
 [48]
 [32]
 [54]
 [48]
 [53]
 [51]
 [46]
 [56]
 [57]
 [55]
 [57]
 [56]
 [51]
 [57]
 [57]
 [57]
 [57]
 [57]
 [57]
 [45]
 [49]] 
------------------------ Dataset: dvm ------------------------
shape: (27, 1), dtype: uint16
Data:[[54]
 [48]
 [54]
 [57]
 [46]
 [55]
 [57]
 [56]
 [53]
 [56]
 [56]
 [45]
 [48]
 [32]
 [54]
 [48]
 [54]
 [57]
 [46]
 [55]
 [57]
 [51]
 [56]
 [50]
 [50]
 [45]
 [49]] 
------------------------ Dataset: dvn ------------------------
shape: (27, 1), dtype: uint16
Data:[[54]
 [48]
 [56]
 [53]
 [46]
 [55]
 [48]
 [51]
 [48]
 [50]
 [50]
 [45]
 [48]
 [32]
 [54]
 [48]
 [56]
 [53]
 [46]
 [55]
 [48]
 [48]
 [53]
 [55]
 [55]
 [45]
 [49]] 
------------------------ Dataset: dvo ------------------------
shape: (33, 1), dtype: uint16
Data:[[53]
 [54]
 [52]
 [54]
 [46]
 [51]
 [56]
 [57]
 [53]
 [55]
 [55]
 [45]
 [48]
 [32]
 [53]
 [54]
 [52]
 [54]
 [46]
 [51]
 [56]
 [53]
 [53]
 [54]
 [54]
 [57]
 [57]
 [57]
 [57]
 [57]
 [57]
 [45]
 [49]] 
------------------------ Dataset: dvp ------------------------
shape: (27, 1), dtype: uint16
Data:[[53]
 [54]
 [54]
 [50]
 [46]
 [49]
 [50]
 [53]
 [53]
 [55]
 [53]
 [45]
 [48]
 [32]
 [53]
 [54]
 [54]
 [50]
 [46]
 [49]
 [50]
 [57]
 [54]
 [48]
 [53]
 [45]
 [49]] 
------------------------ Dataset: dvq ------------------------
shape: (27, 1), dtype: uint16
Data:[[53]
 [54]
 [55]
 [55]
 [46]
 [56]
 [52]
 [49]
 [54]
 [51]
 [50]
 [45]
 [48]
 [32]
 [53]
 [54]
 [55]
 [55]
 [46]
 [56]
 [52]
 [57]
 [54]
 [53]
 [55]
 [45]
 [49]] 
------------------------ Dataset: dvr ------------------------
shape: (26, 1), dtype: uint16
Data:[[53]
 [54]
 [57]
 [51]
 [46]
 [54]
 [48]
 [57]
 [53]
 [53]
 [45]
 [48]
 [32]
 [53]
 [54]
 [57]
 [51]
 [46]
 [54]
 [48]
 [53]
 [53]
 [57]
 [53]
 [45]
 [49]] 
------------------------ Dataset: dvs ------------------------
shape: (33, 1), dtype: uint16
Data:[[54]
 [52]
 [49]
 [54]
 [46]
 [57]
 [51]
 [49]
 [52]
 [52]
 [52]
 [57]
 [57]
 [57]
 [57]
 [57]
 [57]
 [45]
 [48]
 [32]
 [54]
 [52]
 [49]
 [54]
 [46]
 [57]
 [50]
 [53]
 [57]
 [48]
 [50]
 [45]
 [49]] 
------------------------ Dataset: dvt ------------------------
shape: (27, 1), dtype: uint16
Data:[[54]
 [54]
 [48]
 [57]
 [46]
 [48]
 [50]
 [50]
 [50]
 [49]
 [55]
 [45]
 [48]
 [32]
 [54]
 [54]
 [48]
 [57]
 [46]
 [48]
 [49]
 [48]
 [48]
 [49]
 [51]
 [45]
 [49]] 
------------------------ Dataset: dvu ------------------------
shape: (33, 1), dtype: uint16
Data:[[54]
 [54]
 [50]
 [52]
 [46]
 [57]
 [52]
 [50]
 [50]
 [49]
 [50]
 [57]
 [57]
 [57]
 [57]
 [57]
 [57]
 [45]
 [48]
 [32]
 [54]
 [54]
 [50]
 [52]
 [46]
 [57]
 [52]
 [54]
 [49]
 [48]
 [52]
 [45]
 [49]] 
------------------------ Dataset: dvv ------------------------
shape: (27, 1), dtype: uint16
Data:[[54]
 [54]
 [52]
 [48]
 [46]
 [55]
 [52]
 [54]
 [54]
 [50]
 [51]
 [45]
 [48]
 [32]
 [54]
 [54]
 [52]
 [48]
 [46]
 [55]
 [52]
 [54]
 [49]
 [54]
 [51]
 [45]
 [49]] 
------------------------ Dataset: dvw ------------------------
shape: (33, 1), dtype: uint16
Data:[[54]
 [54]
 [53]
 [54]
 [46]
 [51]
 [56]
 [54]
 [48]
 [55]
 [51]
 [45]
 [48]
 [32]
 [54]
 [54]
 [53]
 [54]
 [46]
 [51]
 [56]
 [50]
 [49]
 [53]
 [55]
 [57]
 [57]
 [57]
 [57]
 [57]
 [57]
 [45]
 [49]] 
------------------------ Dataset: dvx ------------------------
shape: (27, 1), dtype: uint16
Data:[[54]
 [54]
 [55]
 [50]
 [46]
 [50]
 [57]
 [48]
 [49]
 [57]
 [53]
 [45]
 [48]
 [32]
 [54]
 [54]
 [55]
 [50]
 [46]
 [50]
 [56]
 [54]
 [51]
 [50]
 [49]
 [45]
 [49]] 
------------------------ Dataset: dvy ------------------------
shape: (33, 1), dtype: uint16
Data:[[54]
 [54]
 [56]
 [56]
 [46]
 [49]
 [56]
 [54]
 [49]
 [52]
 [54]
 [57]
 [57]
 [57]
 [57]
 [57]
 [57]
 [45]
 [48]
 [32]
 [54]
 [54]
 [56]
 [56]
 [46]
 [49]
 [57]
 [48]
 [53]
 [49]
 [52]
 [45]
 [49]] 
------------------------ Dataset: dvz ------------------------
shape: (27, 1), dtype: uint16
Data:[[53]
 [57]
 [48]
 [54]
 [46]
 [48]
 [57]
 [56]
 [56]
 [57]
 [50]
 [45]
 [48]
 [32]
 [53]
 [57]
 [48]
 [54]
 [46]
 [48]
 [57]
 [56]
 [55]
 [53]
 [56]
 [45]
 [49]] 
------------------------ Dataset: dw ------------------------
