shape: (1, 6), dtype: uint32
Data:[[3707764736          2          1          1       1556          1]] 
------------------------ Dataset: Tzb ------------------------
shape: (39, 1), dtype: uint16
Data:[[54]
 [55]
 [55]
 [49]
 [46]
 [48]
 [56]
 [52]
 [54]
 [51]
 [52]
 [57]
 [57]
 [57]
 [57]
 [57]
 [57]
 [45]
 [48]
 [32]
 [54]
 [55]
 [55]
 [49]
 [46]
 [48]
 [56]
 [52]
 [53]
 [54]
 [55]
 [57]
 [57]
 [57]
 [57]
 [57]
 [57]
 [45]
 [49]] 
------------------------ Dataset: Tzc ------------------------
shape: (33, 1), dtype: uint16
Data:[[54]
 [50]
 [56]
 [51]
 [46]
 [56]
 [54]
 [49]
 [57]
 [53]
 [52]
 [45]
 [48]
 [32]
 [54]
 [50]
 [56]
 [51]
 [46]
 [56]
 [53]
 [56]
 [50]
 [48]
 [49]
 [57]
 [57]
 [57]
 [57]
 [57]
 [57]
 [45]
 [49]] 
------------------------ Dataset: Tzd ------------------------
shape: (27, 1), dtype: uint16
Data:[[54]
 [50]
 [57]
 [57]
 [46]
 [54]
 [50]
 [57]
 [57]
 [55]
 [53]
 [45]
 [48]
 [32]
 [54]
 [50]
 [57]
 [57]
 [46]
 [54]
 [50]
 [53]
 [57]
 [56]
 [53]
 [45]
 [49]] 
------------------------ Dataset: Tze ------------------------
shape: (33, 1), dtype: uint16
Data:[[54]
 [51]
 [49]
 [53]
 [46]
 [53]
 [48]
 [49]
 [56]
 [55]
 [50]
 [57]
 [57]
 [57]
 [57]
 [57]
 [57]
 [45]
 [48]
 [32]
 [54]
 [51]
 [49]
 [53]
 [46]
 [53]
 [49]
 [48]
 [55]
 [50]
 [49]
 [45]
 [49]] 
------------------------ Dataset: Tzf ------------------------
shape: (33, 1), dtype: uint16
Data:[[54]
 [51]
 [51]
 [49]
 [46]
 [51]
 [51]
 [49]
 [54]
 [57]
 [50]
 [45]
 [48]
 [32]
 [54]
 [51]
 [51]
 [49]
 [46]
 [51]
 [50]
 [54]
 [48]
 [51]
 [55]
 [57]
 [57]
 [57]
 [57]
 [57]
 [57]
 [45]
 [49]] 
------------------------ Dataset: Tzg ------------------------
shape: (40, 1), dtype: uint16
Data:[[54]
 [52]
 [57]
 [54]
 [46]
 [52]
 [57]
 [48]
 [48]
 [51]
 [53]
 [57]
 [57]
 [57]
 [57]
 [57]
 [57]
 [45]
 [48]
 [32]
 [54]
 [52]
 [57]
 [54]
 [46]
 [52]
 [56]
 [54]
 [48]
 [57]
 [50]
 [57]
 [57]
 [57]
 [57]
 [57]
 [57]
 [53]
 [45]
 [49]] 
------------------------ Dataset: Tzh ------------------------
shape: (30, 1), dtype: uint16
Data:[[54]
 [53]
 [49]
 [50]
 [46]
 [50]
 [52]
 [54]
 [45]
 [48]
 [32]
 [54]
 [53]
 [49]
 [50]
 [46]
 [50]
 [52]
 [53]
 [57]
 [57]
 [52]
 [57]
 [57]
 [57]
 [57]
 [57]
 [57]
 [45]
 [49]] 
------------------------ Dataset: Tzi ------------------------
shape: (26, 1), dtype: uint16
Data:[[54]
 [53]
 [50]
 [56]
 [46]
 [48]
 [55]
 [56]
 [48]
 [48]
 [49]
 [45]
 [48]
 [32]
 [54]
 [53]
 [50]
 [56]
 [46]
 [48]
 [55]
 [51]
 [57]
 [57]
 [45]
 [49]] 
------------------------ Dataset: Tzj ------------------------
shape: (33, 1), dtype: uint16
Data:[[54]
 [48]
 [50]
 [51]
 [46]
 [54]
 [53]
 [55]
 [55]
 [55]
 [48]
 [57]
 [57]
 [57]
 [57]
 [57]
 [57]
 [45]
 [48]
 [32]
 [54]
 [48]
 [50]
 [51]
 [46]
 [54]
 [54]
 [49]
 [55]
 [55]
 [54]
 [45]
 [49]] 
------------------------ Dataset: Tzk ------------------------
shape: (33, 1), dtype: uint16
Data:[[54]
 [48]
 [51]
 [57]
 [46]
 [52]
 [49]
 [55]
 [56]
 [52]
 [53]
 [57]
 [57]
 [57]
 [57]
 [57]
 [57]
 [45]
 [48]
 [32]
 [54]
 [48]
 [51]
 [57]
 [46]
 [52]
 [49]
 [51]
 [55]
 [54]
 [55]
 [45]
 [49]] 
------------------------ Dataset: Tzl ------------------------
shape: (27, 1), dtype: uint16
Data:[[54]
 [48]
 [53]
 [53]
 [46]
 [48]
 [54]
 [57]
 [56]
 [50]
 [54]
 [45]
 [48]
 [32]
 [54]
 [48]
 [53]
 [53]
 [46]
 [48]
 [54]
 [57]
 [55]
 [51]
 [52]
 [45]
 [49]] 
------------------------ Dataset: Tzm ------------------------
shape: (27, 1), dtype: uint16
Data:[[54]
 [48]
 [55]
 [49]
 [46]
 [48]
 [49]
 [55]
 [55]
 [52]
 [57]
 [45]
 [48]
 [32]
 [54]
 [48]
 [55]
 [49]
 [46]
 [48]
 [49]
 [51]
 [56]
 [50]
 [50]
 [45]
 [49]] 
------------------------ Dataset: Tzn ------------------------
shape: (27, 1), dtype: uint16
Data:[[53]
 [54]
 [51]
 [49]
 [46]
 [56]
 [56]
 [49]
 [55]
 [50]
 [57]
 [45]
 [48]
 [32]
 [53]
 [54]
 [51]
 [49]
 [46]
 [56]
 [56]
 [53]
 [54]
 [52]
 [54]
 [45]
 [49]] 
------------------------ Dataset: Tzo ------------------------
shape: (33, 1), dtype: uint16
Data:[[53]
 [54]
 [52]
 [55]
 [46]
 [53]
 [55]
 [55]
 [54]
 [51]
 [57]
 [45]
 [48]
 [32]
 [53]
 [54]
 [52]
 [55]
 [46]
 [53]
 [55]
 [52]
 [50]
 [51]
 [55]
 [57]
 [57]
 [57]
 [57]
 [57]
 [57]
 [45]
 [49]] 
------------------------ Dataset: Tzp ------------------------
shape: (27, 1), dtype: uint16
Data:[[53]
 [54]
 [54]
 [51]
 [46]
 [50]
 [57]
 [51]
 [53]
 [53]
 [52]
 [45]
 [48]
 [32]
 [53]
 [54]
 [54]
 [51]
 [46]
 [51]
 [48]
 [49]
 [53]
 [56]
 [54]
 [45]
 [49]] 
------------------------ Dataset: Tzq ------------------------
shape: (33, 1), dtype: uint16
Data:[[53]
 [54]
 [55]
 [57]
 [46]
 [48]
 [52]
 [53]
 [54]
 [48]
 [54]
 [45]
 [48]
 [32]
 [53]
 [54]
 [55]
 [57]
 [46]
 [48]
 [52]
 [57]
 [53]
 [53]
 [54]
 [57]
 [57]
 [57]
 [57]
 [57]
 [57]
 [45]
 [49]] 
------------------------ Dataset: Tzr ------------------------
shape: (2,), dtype: uint64
Data:[0 0] 
------------------------ Dataset: Tzs ------------------------
shape: (27, 1), dtype: uint16
Data:[[54]
 [52]
 [49]
 [56]
 [46]
 [49]
 [48]
 [54]
 [49]
 [56]
 [56]
 [45]
 [48]
 [32]
 [54]
 [52]
 [49]
 [56]
 [46]
 [49]
 [48]
 [52]
 [49]
 [50]
 [55]
 [45]
 [49]] 
------------------------ Dataset: Tzt ------------------------
shape: (32, 1), dtype: uint16
Data:[[54]
 [54]
 [49]
 [48]
 [46]
 [49]
 [57]
 [56]
 [55]
 [55]
 [45]
 [48]
 [32]
 [54]
 [54]
 [49]
 [48]
 [46]
 [50]
 [48]
 [50]
 [48]
 [50]
 [54]
 [57]
 [57]
 [57]
 [57]
 [57]
 [57]
 [45]
 [49]] 
------------------------ Dataset: Tzu ------------------------
shape: (19, 1), dtype: uint16
Data:[[54]
 [54]
 [50]
 [54]
 [46]
 [49]
 [51]
 [53]
 [54]
 [51]
 [51]
 [57]
 [57]
 [57]
 [57]
 [57]
 [57]
 [45]
 [48]] 
------------------------ Dataset: Tzv ------------------------
shape: (27, 1), dtype: uint16
Data:[[54]
 [54]
 [52]
 [49]
 [46]
 [57]
 [49]
 [56]
 [49]
 [50]
 [54]
 [45]
 [48]
 [32]
 [54]
 [54]
 [52]
 [49]
 [46]
 [57]
 [49]
 [52]
 [50]
 [49]
 [51]
 [45]
 [49]] 
------------------------ Dataset: Tzw ------------------------
shape: (33, 1), dtype: uint16
Data:[[54]
 [54]
 [53]
 [55]
 [46]
 [53]
 [57]
 [51]
 [57]
 [57]
 [55]
 [57]
 [57]
 [57]
 [57]
 [57]
 [57]
 [45]
 [48]
 [32]
 [54]
 [54]
 [53]
 [55]
 [46]
 [53]
 [57]
 [52]
 [48]
 [48]
 [52]
 [45]
 [49]] 
------------------------ Dataset: Tzx ------------------------
shape: (33, 1), dtype: uint16
Data:[[54]
 [54]
 [55]
 [51]
 [46]
 [52]
 [57]
 [53]
 [52]
 [56]
 [52]
 [45]
 [48]
 [32]
 [54]
 [54]
 [55]
 [51]
 [46]
 [52]
 [57]
 [57]
 [50]
 [49]
 [53]
 [57]
 [57]
 [57]
 [57]
 [57]
 [57]
 [45]
 [49]] 
------------------------ Dataset: Tzy ------------------------
shape: (33, 1), dtype: uint16
Data:[[54]
 [54]
 [56]
 [57]
 [46]
 [52]
 [49]
 [52]
 [49]
 [54]
 [55]
 [57]
 [57]
 [57]
 [57]
 [57]
 [57]
 [45]
 [48]
 [32]
 [54]
 [54]
 [56]
 [57]
 [46]
 [52]
 [49]
 [56]
 [49]
 [48]
 [56]
 [45]
 [49]] 
------------------------ Dataset: Tzz ------------------------
shape: (39, 1), dtype: uint16
Data:[[53]
 [57]
 [48]
 [55]
 [46]
 [50]
 [57]
 [51]
 [54]
 [53]
 [54]
 [57]
 [57]
 [57]
 [57]
 [57]
 [57]
 [45]
 [48]
 [32]
 [53]
 [57]
 [48]
 [55]
 [46]
 [50]
 [56]
 [57]
 [54]
 [51]
 [50]
 [57]
 [57]
 [57]
 [57]
 [57]
 [57]
 [45]
 [49]] 
------------------------ Dataset: U ------------------------
