shape: (1, 6), dtype: uint32
Data:[[3707764736          2          1          1       1726          1]] 
------------------------ Dataset: ICb ------------------------
shape: (33, 1), dtype: uint16
Data:[[54]
 [55]
 [55]
 [49]
 [46]
 [55]
 [57]
 [54]
 [57]
 [51]
 [49]
 [57]
 [57]
 [57]
 [57]
 [57]
 [57]
 [45]
 [48]
 [32]
 [54]
 [55]
 [55]
 [49]
 [46]
 [55]
 [57]
 [55]
 [48]
 [52]
 [51]
 [45]
 [49]] 
------------------------ Dataset: ICc ------------------------
shape: (27, 1), dtype: uint16
Data:[[54]
 [50]
 [56]
 [52]
 [46]
 [53]
 [56]
 [53]
 [49]
 [48]
 [50]
 [45]
 [48]
 [32]
 [54]
 [50]
 [56]
 [52]
 [46]
 [53]
 [55]
 [52]
 [53]
 [49]
 [51]
 [45]
 [49]] 
------------------------ Dataset: ICd ------------------------
shape: (27, 1), dtype: uint16
Data:[[54]
 [51]
 [48]
 [48]
 [46]
 [51]
 [52]
 [54]
 [50]
 [52]
 [53]
 [45]
 [48]
 [32]
 [54]
 [51]
 [48]
 [48]
 [46]
 [51]
 [53]
 [48]
 [48]
 [54]
 [56]
 [45]
 [49]] 
------------------------ Dataset: ICe ------------------------
shape: (26, 1), dtype: uint16
Data:[[54]
 [51]
 [49]
 [54]
 [46]
 [50]
 [48]
 [57]
 [57]
 [49]
 [45]
 [48]
 [32]
 [54]
 [51]
 [49]
 [54]
 [46]
 [50]
 [49]
 [51]
 [57]
 [55]
 [54]
 [45]
 [49]] 
------------------------ Dataset: ICf ------------------------
shape: (26, 1), dtype: uint16
Data:[[54]
 [51]
 [51]
 [50]
 [46]
 [48]
 [52]
 [50]
 [50]
 [56]
 [45]
 [48]
 [32]
 [54]
 [51]
 [51]
 [50]
 [46]
 [48]
 [52]
 [48]
 [49]
 [51]
 [54]
 [45]
 [49]] 
------------------------ Dataset: ICg ------------------------
shape: (33, 1), dtype: uint16
Data:[[54]
 [52]
 [57]
 [55]
 [46]
 [49]
 [57]
 [56]
 [49]
 [56]
 [52]
 [57]
 [57]
 [57]
 [57]
 [57]
 [57]
 [45]
 [48]
 [32]
 [54]
 [52]
 [57]
 [55]
 [46]
 [49]
 [57]
 [52]
 [52]
 [56]
 [53]
 [45]
 [49]] 
------------------------ Dataset: ICh ------------------------
shape: (34, 1), dtype: uint16
Data:[[54]
 [53]
 [49]
 [50]
 [46]
 [57]
 [57]
 [52]
 [56]
 [52]
 [50]
 [57]
 [57]
 [57]
 [57]
 [57]
 [57]
 [53]
 [45]
 [48]
 [32]
 [54]
 [53]
 [49]
 [50]
 [46]
 [57]
 [57]
 [53]
 [48]
 [51]
 [50]
 [45]
 [49]] 
------------------------ Dataset: ICi ------------------------
shape: (27, 1), dtype: uint16
Data:[[54]
 [53]
 [50]
 [56]
 [46]
 [55]
 [57]
 [55]
 [57]
 [54]
 [56]
 [45]
 [48]
 [32]
 [54]
 [53]
 [50]
 [56]
 [46]
 [56]
 [48]
 [49]
 [57]
 [52]
 [54]
 [45]
 [49]] 
------------------------ Dataset: ICj ------------------------
shape: (27, 1), dtype: uint16
Data:[[54]
 [48]
 [50]
 [52]
 [46]
 [51]
 [55]
 [55]
 [55]
 [55]
 [56]
 [45]
 [48]
 [32]
 [54]
 [48]
 [50]
 [52]
 [46]
 [51]
 [55]
 [51]
 [55]
 [51]
 [52]
 [45]
 [49]] 
------------------------ Dataset: ICk ------------------------
shape: (34, 1), dtype: uint16
Data:[[54]
 [48]
 [52]
 [48]
 [46]
 [49]
 [50]
 [53]
 [56]
 [56]
 [52]
 [57]
 [57]
 [57]
 [57]
 [57]
 [57]
 [53]
 [45]
 [48]
 [32]
 [54]
 [48]
 [52]
 [48]
 [46]
 [49]
 [49]
 [55]
 [55]
 [56]
 [57]
 [45]
 [49]] 
------------------------ Dataset: ICl ------------------------
shape: (33, 1), dtype: uint16
Data:[[54]
 [48]
 [53]
 [53]
 [46]
 [55]
 [56]
 [57]
 [55]
 [51]
 [57]
 [57]
 [57]
 [57]
 [57]
 [57]
 [57]
 [45]
 [48]
 [32]
 [54]
 [48]
 [53]
 [53]
 [46]
 [55]
 [56]
 [53]
 [56]
 [55]
 [54]
 [45]
 [49]] 
------------------------ Dataset: ICm ------------------------
shape: (33, 1), dtype: uint16
Data:[[54]
 [48]
 [55]
 [49]
 [46]
 [55]
 [50]
 [53]
 [56]
 [48]
 [50]
 [57]
 [57]
 [57]
 [57]
 [57]
 [57]
 [45]
 [48]
 [32]
 [54]
 [48]
 [55]
 [49]
 [46]
 [55]
 [51]
 [48]
 [50]
 [54]
 [49]
 [45]
 [49]] 
------------------------ Dataset: ICn ------------------------
shape: (33, 1), dtype: uint16
Data:[[53]
 [54]
 [51]
 [50]
 [46]
 [54]
 [48]
 [49]
 [54]
 [49]
 [56]
 [45]
 [48]
 [32]
 [53]
 [54]
 [51]
 [50]
 [46]
 [54]
 [48]
 [53]
 [54]
 [55]
 [48]
 [57]
 [57]
 [57]
 [57]
 [57]
 [57]
 [45]
 [49]] 
------------------------ Dataset: ICo ------------------------
shape: (26, 1), dtype: uint16
Data:[[53]
 [54]
 [52]
 [56]
 [46]
 [50]
 [56]
 [52]
 [52]
 [51]
 [45]
 [48]
 [32]
 [53]
 [54]
 [52]
 [56]
 [46]
 [50]
 [56]
 [56]
 [49]
 [56]
 [57]
 [45]
 [49]] 
------------------------ Dataset: ICp ------------------------
shape: (27, 1), dtype: uint16
Data:[[53]
 [54]
 [54]
 [52]
 [46]
 [48]
 [49]
 [51]
 [54]
 [53]
 [50]
 [45]
 [48]
 [32]
 [53]
 [54]
 [54]
 [52]
 [46]
 [48]
 [49]
 [55]
 [55]
 [53]
 [55]
 [45]
 [49]] 
------------------------ Dataset: ICq ------------------------
shape: (34, 1), dtype: uint16
Data:[[53]
 [54]
 [55]
 [57]
 [46]
 [55]
 [54]
 [57]
 [56]
 [51]
 [53]
 [57]
 [57]
 [57]
 [57]
 [57]
 [57]
 [53]
 [45]
 [48]
 [32]
 [53]
 [54]
 [55]
 [57]
 [46]
 [55]
 [54]
 [54]
 [55]
 [54]
 [49]
 [45]
 [49]] 
------------------------ Dataset: ICr ------------------------
shape: (26, 1), dtype: uint16
Data:[[53]
 [56]
 [48]
 [54]
 [46]
 [48]
 [54]
 [49]
 [55]
 [52]
 [45]
 [48]
 [32]
 [53]
 [56]
 [48]
 [54]
 [46]
 [48]
 [55]
 [49]
 [52]
 [56]
 [56]
 [45]
 [49]] 
------------------------ Dataset: ICs ------------------------
shape: (39, 1), dtype: uint16
Data:[[54]
 [52]
 [49]
 [56]
 [46]
 [56]
 [50]
 [54]
 [48]
 [49]
 [51]
 [57]
 [57]
 [57]
 [57]
 [57]
 [57]
 [45]
 [48]
 [32]
 [54]
 [52]
 [49]
 [56]
 [46]
 [56]
 [50]
 [50]
 [48]
 [48]
 [50]
 [57]
 [57]
 [57]
 [57]
 [57]
 [57]
 [45]
 [49]] 
------------------------ Dataset: ICt ------------------------
shape: (33, 1), dtype: uint16
Data:[[54]
 [54]
 [49]
 [48]
 [46]
 [57]
 [51]
 [52]
 [49]
 [52]
 [52]
 [45]
 [48]
 [32]
 [54]
 [54]
 [49]
 [48]
 [46]
 [57]
 [51]
 [48]
 [48]
 [51]
 [49]
 [57]
 [57]
 [57]
 [57]
 [57]
 [57]
 [45]
 [49]] 
------------------------ Dataset: ICu ------------------------
shape: (26, 1), dtype: uint16
Data:[[54]
 [54]
 [50]
 [54]
 [46]
 [56]
 [52]
 [54]
 [48]
 [55]
 [45]
 [48]
 [32]
 [54]
 [54]
 [50]
 [54]
 [46]
 [56]
 [52]
 [51]
 [49]
 [57]
 [51]
 [45]
 [49]] 
------------------------ Dataset: ICv ------------------------
shape: (33, 1), dtype: uint16
Data:[[54]
 [54]
 [52]
 [50]
 [46]
 [54]
 [49]
 [56]
 [49]
 [52]
 [54]
 [57]
 [57]
 [57]
 [57]
 [57]
 [57]
 [45]
 [48]
 [32]
 [54]
 [54]
 [52]
 [50]
 [46]
 [54]
 [50]
 [54]
 [50]
 [52]
 [57]
 [45]
 [49]] 
------------------------ Dataset: ICw ------------------------
shape: (13, 1), dtype: uint16
Data:[[54]
 [54]
 [53]
 [56]
 [46]
 [51]
 [50]
 [55]
 [57]
 [49]
 [51]
 [45]
 [49]] 
------------------------ Dataset: ICx ------------------------
shape: (32, 1), dtype: uint16
Data:[[54]
 [54]
 [55]
 [52]
 [46]
 [50]
 [49]
 [56]
 [53]
 [49]
 [57]
 [57]
 [57]
 [57]
 [57]
 [57]
 [57]
 [45]
 [48]
 [32]
 [54]
 [54]
 [55]
 [52]
 [46]
 [50]
 [49]
 [52]
 [54]
 [49]
 [45]
 [49]] 
------------------------ Dataset: ICy ------------------------
shape: (27, 1), dtype: uint16
Data:[[54]
 [54]
 [57]
 [48]
 [46]
 [49]
 [51]
 [48]
 [48]
 [51]
 [54]
 [45]
 [48]
 [32]
 [54]
 [54]
 [57]
 [48]
 [46]
 [49]
 [50]
 [53]
 [57]
 [57]
 [54]
 [45]
 [49]] 
------------------------ Dataset: ICz ------------------------
shape: (39, 1), dtype: uint16
Data:[[53]
 [57]
 [48]
 [56]
 [46]
 [48]
 [50]
 [49]
 [56]
 [55]
 [57]
 [57]
 [57]
 [57]
 [57]
 [57]
 [57]
 [45]
 [48]
 [32]
 [53]
 [57]
 [48]
 [56]
 [46]
 [48]
 [49]
 [55]
 [56]
 [48]
 [57]
 [57]
 [57]
 [57]
 [57]
 [57]
 [57]
 [45]
 [49]] 
------------------------ Dataset: ID ------------------------
