shape: (1, 6), dtype: uint32
Data:[[3707764736          2          1          1        480          1]] 
------------------------ Dataset: 7hb ------------------------
shape: (33, 1), dtype: uint16
Data:[[54]
 [55]
 [54]
 [54]
 [46]
 [53]
 [52]
 [57]
 [55]
 [52]
 [52]
 [57]
 [57]
 [57]
 [57]
 [57]
 [57]
 [45]
 [48]
 [32]
 [54]
 [55]
 [54]
 [54]
 [46]
 [53]
 [52]
 [56]
 [56]
 [55]
 [49]
 [45]
 [49]] 
------------------------ Dataset: 7hc ------------------------
shape: (39, 1), dtype: uint16
Data:[[54]
 [50]
 [55]
 [57]
 [46]
 [51]
 [52]
 [49]
 [57]
 [57]
 [56]
 [57]
 [57]
 [57]
 [57]
 [57]
 [57]
 [45]
 [48]
 [32]
 [54]
 [50]
 [55]
 [57]
 [46]
 [51]
 [51]
 [55]
 [57]
 [51]
 [51]
 [57]
 [57]
 [57]
 [57]
 [57]
 [57]
 [45]
 [49]] 
------------------------ Dataset: 7hd ------------------------
shape: (32, 1), dtype: uint16
Data:[[54]
 [50]
 [57]
 [53]
 [46]
 [49]
 [49]
 [54]
 [52]
 [51]
 [50]
 [57]
 [57]
 [57]
 [57]
 [57]
 [57]
 [45]
 [48]
 [32]
 [54]
 [50]
 [57]
 [53]
 [46]
 [49]
 [49]
 [55]
 [48]
 [53]
 [45]
 [49]] 
------------------------ Dataset: 7he ------------------------
shape: (27, 1), dtype: uint16
Data:[[54]
 [51]
 [49]
 [48]
 [46]
 [57]
 [52]
 [56]
 [48]
 [50]
 [53]
 [45]
 [48]
 [32]
 [54]
 [51]
 [49]
 [48]
 [46]
 [57]
 [51]
 [57]
 [52]
 [54]
 [56]
 [45]
 [49]] 
------------------------ Dataset: 7hf ------------------------
shape: (33, 1), dtype: uint16
Data:[[54]
 [51]
 [50]
 [54]
 [46]
 [56]
 [49]
 [52]
 [54]
 [51]
 [51]
 [57]
 [57]
 [57]
 [57]
 [57]
 [57]
 [45]
 [48]
 [32]
 [54]
 [51]
 [50]
 [54]
 [46]
 [56]
 [49]
 [48]
 [48]
 [49]
 [55]
 [45]
 [49]] 
------------------------ Dataset: 7hg ------------------------
shape: (33, 1), dtype: uint16
Data:[[54]
 [51]
 [52]
 [50]
 [46]
 [54]
 [49]
 [51]
 [57]
 [57]
 [56]
 [57]
 [57]
 [57]
 [57]
 [57]
 [57]
 [45]
 [48]
 [32]
 [54]
 [51]
 [52]
 [50]
 [46]
 [54]
 [49]
 [48]
 [48]
 [49]
 [54]
 [45]
 [49]] 
------------------------ Dataset: 7hh ------------------------
shape: (26, 1), dtype: uint16
Data:[[54]
 [53]
 [48]
 [55]
 [46]
 [55]
 [50]
 [53]
 [55]
 [55]
 [45]
 [48]
 [32]
 [54]
 [53]
 [48]
 [55]
 [46]
 [55]
 [50]
 [51]
 [54]
 [50]
 [57]
 [45]
 [49]] 
------------------------ Dataset: 7hi ------------------------
shape: (27, 1), dtype: uint16
Data:[[54]
 [53]
 [50]
 [51]
 [46]
 [53]
 [52]
 [53]
 [57]
 [55]
 [53]
 [45]
 [48]
 [32]
 [54]
 [53]
 [50]
 [51]
 [46]
 [53]
 [52]
 [57]
 [57]
 [56]
 [54]
 [45]
 [49]] 
------------------------ Dataset: 7hj ------------------------
shape: (32, 1), dtype: uint16
Data:[[54]
 [48]
 [49]
 [57]
 [46]
 [49]
 [50]
 [53]
 [55]
 [52]
 [52]
 [57]
 [57]
 [57]
 [57]
 [57]
 [57]
 [45]
 [48]
 [32]
 [54]
 [48]
 [49]
 [57]
 [46]
 [49]
 [50]
 [50]
 [50]
 [52]
 [45]
 [49]] 
------------------------ Dataset: 7hk ------------------------
shape: (33, 1), dtype: uint16
Data:[[54]
 [48]
 [51]
 [52]
 [46]
 [57]
 [50]
 [50]
 [57]
 [55]
 [57]
 [57]
 [57]
 [57]
 [57]
 [57]
 [57]
 [45]
 [48]
 [32]
 [54]
 [48]
 [51]
 [52]
 [46]
 [57]
 [51]
 [48]
 [57]
 [54]
 [53]
 [45]
 [49]] 
------------------------ Dataset: 7hl ------------------------
shape: (34, 1), dtype: uint16
Data:[[54]
 [48]
 [53]
 [48]
 [46]
 [53]
 [52]
 [53]
 [55]
 [53]
 [53]
 [57]
 [57]
 [57]
 [57]
 [57]
 [57]
 [53]
 [45]
 [48]
 [32]
 [54]
 [48]
 [53]
 [48]
 [46]
 [53]
 [53]
 [48]
 [50]
 [48]
 [49]
 [45]
 [49]] 
------------------------ Dataset: 7hm ------------------------
shape: (33, 1), dtype: uint16
Data:[[54]
 [48]
 [54]
 [54]
 [46]
 [52]
 [52]
 [49]
 [56]
 [56]
 [54]
 [45]
 [48]
 [32]
 [54]
 [48]
 [54]
 [54]
 [46]
 [52]
 [52]
 [53]
 [55]
 [54]
 [54]
 [57]
 [57]
 [57]
 [57]
 [57]
 [57]
 [45]
 [49]] 
------------------------ Dataset: 7hn ------------------------
shape: (27, 1), dtype: uint16
Data:[[54]
 [48]
 [56]
 [50]
 [46]
 [51]
 [54]
 [57]
 [55]
 [56]
 [50]
 [45]
 [48]
 [32]
 [54]
 [48]
 [56]
 [50]
 [46]
 [51]
 [55]
 [51]
 [56]
 [55]
 [50]
 [45]
 [49]] 
------------------------ Dataset: 7ho ------------------------
shape: (27, 1), dtype: uint16
Data:[[53]
 [54]
 [52]
 [51]
 [46]
 [48]
 [54]
 [53]
 [53]
 [51]
 [53]
 [45]
 [48]
 [32]
 [53]
 [54]
 [52]
 [51]
 [46]
 [48]
 [54]
 [49]
 [53]
 [57]
 [52]
 [45]
 [49]] 
------------------------ Dataset: 7hp ------------------------
shape: (27, 1), dtype: uint16
Data:[[53]
 [54]
 [53]
 [56]
 [46]
 [56]
 [49]
 [55]
 [55]
 [55]
 [49]
 [45]
 [48]
 [32]
 [53]
 [54]
 [53]
 [56]
 [46]
 [56]
 [49]
 [51]
 [53]
 [55]
 [57]
 [45]
 [49]] 
------------------------ Dataset: 7hq ------------------------
shape: (27, 1), dtype: uint16
Data:[[53]
 [54]
 [55]
 [52]
 [46]
 [53]
 [49]
 [56]
 [52]
 [56]
 [51]
 [45]
 [48]
 [32]
 [53]
 [54]
 [55]
 [52]
 [46]
 [53]
 [50]
 [53]
 [54]
 [57]
 [52]
 [45]
 [49]] 
------------------------ Dataset: 7hr ------------------------
shape: (33, 1), dtype: uint16
Data:[[53]
 [54]
 [57]
 [48]
 [46]
 [51]
 [48]
 [51]
 [49]
 [51]
 [53]
 [57]
 [57]
 [57]
 [57]
 [57]
 [57]
 [53]
 [45]
 [48]
 [32]
 [53]
 [54]
 [57]
 [48]
 [46]
 [50]
 [57]
 [55]
 [54]
 [56]
 [45]
 [49]] 
------------------------ Dataset: 7hs ------------------------
shape: (33, 1), dtype: uint16
Data:[[54]
 [52]
 [49]
 [51]
 [46]
 [53]
 [56]
 [48]
 [57]
 [52]
 [51]
 [57]
 [57]
 [57]
 [57]
 [57]
 [57]
 [45]
 [48]
 [32]
 [54]
 [52]
 [49]
 [51]
 [46]
 [53]
 [54]
 [57]
 [57]
 [57]
 [50]
 [45]
 [49]] 
------------------------ Dataset: 7ht ------------------------
shape: (33, 1), dtype: uint16
Data:[[54]
 [54]
 [48]
 [53]
 [46]
 [54]
 [51]
 [56]
 [48]
 [48]
 [56]
 [57]
 [57]
 [57]
 [57]
 [57]
 [57]
 [45]
 [48]
 [32]
 [54]
 [54]
 [48]
 [53]
 [46]
 [54]
 [51]
 [52]
 [48]
 [51]
 [55]
 [45]
 [49]] 
------------------------ Dataset: 7hu ------------------------
shape: (32, 1), dtype: uint16
Data:[[54]
 [54]
 [50]
 [49]
 [46]
 [54]
 [50]
 [51]
 [57]
 [55]
 [45]
 [48]
 [32]
 [54]
 [54]
 [50]
 [49]
 [46]
 [54]
 [50]
 [56]
 [49]
 [57]
 [55]
 [57]
 [57]
 [57]
 [57]
 [57]
 [57]
 [45]
 [49]] 
------------------------ Dataset: 7hv ------------------------
shape: (26, 1), dtype: uint16
Data:[[54]
 [54]
 [51]
 [55]
 [46]
 [52]
 [53]
 [52]
 [55]
 [52]
 [55]
 [45]
 [48]
 [32]
 [54]
 [54]
 [51]
 [55]
 [46]
 [52]
 [53]
 [48]
 [55]
 [56]
 [45]
 [49]] 
------------------------ Dataset: 7hw ------------------------
shape: (13, 1), dtype: uint16
Data:[[54]
 [54]
 [53]
 [51]
 [46]
 [48]
 [53]
 [52]
 [48]
 [55]
 [49]
 [45]
 [48]] 
------------------------ Dataset: 7hx ------------------------
shape: (33, 1), dtype: uint16
Data:[[54]
 [54]
 [54]
 [56]
 [46]
 [57]
 [51]
 [52]
 [48]
 [51]
 [50]
 [45]
 [48]
 [32]
 [54]
 [54]
 [54]
 [56]
 [46]
 [57]
 [51]
 [56]
 [48]
 [53]
 [54]
 [57]
 [57]
 [57]
 [57]
 [57]
 [57]
 [45]
 [49]] 
------------------------ Dataset: 7hy ------------------------
shape: (26, 1), dtype: uint16
Data:[[54]
 [54]
 [56]
 [52]
 [46]
 [56]
 [51]
 [48]
 [48]
 [49]
 [45]
 [48]
 [32]
 [54]
 [54]
 [56]
 [52]
 [46]
 [56]
 [51]
 [52]
 [48]
 [50]
 [57]
 [45]
 [49]] 
------------------------ Dataset: 7hz ------------------------
shape: (39, 1), dtype: uint16
Data:[[53]
 [57]
 [48]
 [50]
 [46]
 [55]
 [54]
 [49]
 [55]
 [51]
 [50]
 [57]
 [57]
 [57]
 [57]
 [57]
 [57]
 [45]
 [48]
 [32]
 [53]
 [57]
 [48]
 [50]
 [46]
 [55]
 [54]
 [55]
 [48]
 [50]
 [55]
 [57]
 [57]
 [57]
 [57]
 [57]
 [57]
 [45]
 [49]] 
------------------------ Dataset: 7i ------------------------
