shape: (1, 6), dtype: uint32
Data:[[3707764736          2          1          1        723          1]] 
------------------------ Dataset: 9lb ------------------------
shape: (27, 1), dtype: uint16
Data:[[54]
 [55]
 [54]
 [55]
 [46]
 [53]
 [55]
 [48]
 [50]
 [50]
 [57]
 [45]
 [48]
 [32]
 [54]
 [55]
 [54]
 [55]
 [46]
 [53]
 [54]
 [54]
 [51]
 [53]
 [52]
 [45]
 [49]] 
------------------------ Dataset: 9lc ------------------------
shape: (41, 1), dtype: uint16
Data:[[54]
 [50]
 [56]
 [48]
 [46]
 [51]
 [52]
 [57]
 [56]
 [53]
 [52]
 [57]
 [57]
 [57]
 [57]
 [57]
 [57]
 [53]
 [45]
 [48]
 [32]
 [54]
 [50]
 [56]
 [48]
 [46]
 [51]
 [52]
 [57]
 [56]
 [54]
 [50]
 [57]
 [57]
 [57]
 [57]
 [57]
 [57]
 [53]
 [45]
 [49]] 
------------------------ Dataset: 9ld ------------------------
shape: (33, 1), dtype: uint16
Data:[[54]
 [50]
 [57]
 [54]
 [46]
 [49]
 [50]
 [53]
 [57]
 [53]
 [57]
 [57]
 [57]
 [57]
 [57]
 [57]
 [57]
 [45]
 [48]
 [32]
 [54]
 [50]
 [57]
 [54]
 [46]
 [49]
 [50]
 [57]
 [57]
 [57]
 [51]
 [45]
 [49]] 
------------------------ Dataset: 9le ------------------------
shape: (33, 1), dtype: uint16
Data:[[54]
 [51]
 [49]
 [49]
 [46]
 [57]
 [54]
 [53]
 [56]
 [57]
 [57]
 [57]
 [57]
 [57]
 [57]
 [57]
 [57]
 [45]
 [48]
 [32]
 [54]
 [51]
 [49]
 [49]
 [46]
 [57]
 [55]
 [56]
 [56]
 [57]
 [57]
 [45]
 [49]] 
------------------------ Dataset: 9lf ------------------------
shape: (34, 1), dtype: uint16
Data:[[54]
 [51]
 [50]
 [55]
 [46]
 [56]
 [52]
 [54]
 [51]
 [54]
 [55]
 [57]
 [57]
 [57]
 [57]
 [57]
 [57]
 [53]
 [45]
 [48]
 [32]
 [54]
 [51]
 [50]
 [55]
 [46]
 [56]
 [53]
 [48]
 [51]
 [51]
 [52]
 [45]
 [49]] 
------------------------ Dataset: 9lg ------------------------
shape: (33, 1), dtype: uint16
Data:[[54]
 [51]
 [52]
 [51]
 [46]
 [54]
 [54]
 [49]
 [57]
 [49]
 [48]
 [57]
 [57]
 [57]
 [57]
 [57]
 [57]
 [45]
 [48]
 [32]
 [54]
 [51]
 [52]
 [51]
 [46]
 [54]
 [54]
 [54]
 [48]
 [56]
 [53]
 [45]
 [49]] 
------------------------ Dataset: 9lh ------------------------
shape: (39, 1), dtype: uint16
Data:[[54]
 [53]
 [48]
 [56]
 [46]
 [55]
 [53]
 [53]
 [50]
 [49]
 [55]
 [57]
 [57]
 [57]
 [57]
 [57]
 [57]
 [45]
 [48]
 [32]
 [54]
 [53]
 [48]
 [56]
 [46]
 [55]
 [53]
 [56]
 [52]
 [54]
 [53]
 [57]
 [57]
 [57]
 [57]
 [57]
 [57]
 [45]
 [49]] 
------------------------ Dataset: 9li ------------------------
shape: (27, 1), dtype: uint16
Data:[[54]
 [53]
 [50]
 [52]
 [46]
 [53]
 [54]
 [57]
 [51]
 [56]
 [54]
 [45]
 [48]
 [32]
 [54]
 [53]
 [50]
 [52]
 [46]
 [53]
 [55]
 [52]
 [56]
 [55]
 [49]
 [45]
 [49]] 
------------------------ Dataset: 9lj ------------------------
shape: (33, 1), dtype: uint16
Data:[[54]
 [48]
 [50]
 [48]
 [46]
 [49]
 [52]
 [49]
 [55]
 [53]
 [54]
 [57]
 [57]
 [57]
 [57]
 [57]
 [57]
 [45]
 [48]
 [32]
 [54]
 [48]
 [50]
 [48]
 [46]
 [49]
 [52]
 [53]
 [54]
 [56]
 [57]
 [45]
 [49]] 
------------------------ Dataset: 9lk ------------------------
shape: (32, 1), dtype: uint16
Data:[[54]
 [48]
 [51]
 [53]
 [46]
 [57]
 [54]
 [53]
 [56]
 [55]
 [56]
 [57]
 [57]
 [57]
 [57]
 [57]
 [57]
 [45]
 [48]
 [32]
 [54]
 [48]
 [51]
 [53]
 [46]
 [57]
 [54]
 [49]
 [56]
 [55]
 [45]
 [49]] 
------------------------ Dataset: 9ll ------------------------
shape: (27, 1), dtype: uint16
Data:[[54]
 [48]
 [53]
 [49]
 [46]
 [53]
 [54]
 [49]
 [56]
 [48]
 [52]
 [45]
 [48]
 [32]
 [54]
 [48]
 [53]
 [49]
 [46]
 [53]
 [54]
 [54]
 [53]
 [57]
 [55]
 [45]
 [49]] 
------------------------ Dataset: 9lm ------------------------
shape: (34, 1), dtype: uint16
Data:[[54]
 [48]
 [54]
 [55]
 [46]
 [52]
 [54]
 [53]
 [55]
 [57]
 [57]
 [45]
 [48]
 [32]
 [54]
 [48]
 [54]
 [55]
 [46]
 [52]
 [54]
 [57]
 [55]
 [57]
 [56]
 [57]
 [57]
 [57]
 [57]
 [57]
 [57]
 [53]
 [45]
 [49]] 
------------------------ Dataset: 9ln ------------------------
shape: (34, 1), dtype: uint16
Data:[[54]
 [48]
 [56]
 [51]
 [46]
 [52]
 [49]
 [56]
 [48]
 [51]
 [54]
 [57]
 [57]
 [57]
 [57]
 [57]
 [57]
 [53]
 [45]
 [48]
 [32]
 [54]
 [48]
 [56]
 [51]
 [46]
 [52]
 [50]
 [50]
 [48]
 [49]
 [55]
 [45]
 [49]] 
------------------------ Dataset: 9lo ------------------------
shape: (27, 1), dtype: uint16
Data:[[53]
 [54]
 [52]
 [52]
 [46]
 [48]
 [57]
 [48]
 [48]
 [55]
 [50]
 [45]
 [48]
 [32]
 [53]
 [54]
 [52]
 [52]
 [46]
 [48]
 [56]
 [53]
 [55]
 [50]
 [52]
 [45]
 [49]] 
------------------------ Dataset: 9lp ------------------------
shape: (27, 1), dtype: uint16
Data:[[53]
 [54]
 [53]
 [57]
 [46]
 [56]
 [51]
 [51]
 [53]
 [51]
 [50]
 [45]
 [48]
 [32]
 [53]
 [54]
 [53]
 [57]
 [46]
 [56]
 [51]
 [55]
 [53]
 [56]
 [57]
 [45]
 [49]] 
------------------------ Dataset: 9lq ------------------------
shape: (27, 1), dtype: uint16
Data:[[53]
 [54]
 [55]
 [53]
 [46]
 [53]
 [53]
 [50]
 [50]
 [51]
 [49]
 [45]
 [48]
 [32]
 [53]
 [54]
 [55]
 [53]
 [46]
 [53]
 [52]
 [55]
 [50]
 [54]
 [54]
 [45]
 [49]] 
------------------------ Dataset: 9lr ------------------------
shape: (27, 1), dtype: uint16
Data:[[53]
 [54]
 [57]
 [49]
 [46]
 [51]
 [50]
 [56]
 [48]
 [48]
 [57]
 [45]
 [48]
 [32]
 [53]
 [54]
 [57]
 [49]
 [46]
 [51]
 [50]
 [55]
 [55]
 [57]
 [57]
 [45]
 [49]] 
------------------------ Dataset: 9ls ------------------------
shape: (27, 1), dtype: uint16
Data:[[54]
 [52]
 [49]
 [52]
 [46]
 [53]
 [57]
 [48]
 [48]
 [51]
 [49]
 [45]
 [48]
 [32]
 [54]
 [52]
 [49]
 [52]
 [46]
 [53]
 [57]
 [52]
 [48]
 [54]
 [57]
 [45]
 [49]] 
------------------------ Dataset: 9lt ------------------------
shape: (40, 1), dtype: uint16
Data:[[54]
 [54]
 [48]
 [54]
 [46]
 [54]
 [55]
 [50]
 [52]
 [52]
 [50]
 [57]
 [57]
 [57]
 [57]
 [57]
 [57]
 [53]
 [45]
 [48]
 [32]
 [54]
 [54]
 [48]
 [54]
 [46]
 [54]
 [55]
 [50]
 [53]
 [52]
 [57]
 [57]
 [57]
 [57]
 [57]
 [57]
 [57]
 [45]
 [49]] 
------------------------ Dataset: 9lu ------------------------
shape: (40, 1), dtype: uint16
Data:[[54]
 [54]
 [50]
 [50]
 [46]
 [54]
 [50]
 [54]
 [50]
 [51]
 [51]
 [57]
 [57]
 [57]
 [57]
 [57]
 [57]
 [45]
 [48]
 [32]
 [54]
 [54]
 [50]
 [50]
 [46]
 [54]
 [51]
 [49]
 [49]
 [48]
 [52]
 [57]
 [57]
 [57]
 [57]
 [57]
 [57]
 [53]
 [45]
 [49]] 
------------------------ Dataset: 9lv ------------------------
shape: (33, 1), dtype: uint16
Data:[[54]
 [54]
 [51]
 [56]
 [46]
 [52]
 [55]
 [52]
 [50]
 [48]
 [56]
 [45]
 [48]
 [32]
 [54]
 [54]
 [51]
 [56]
 [46]
 [52]
 [55]
 [56]
 [49]
 [57]
 [48]
 [57]
 [57]
 [57]
 [57]
 [57]
 [57]
 [45]
 [49]] 
------------------------ Dataset: 9lw ------------------------
shape: (26, 1), dtype: uint16
Data:[[54]
 [54]
 [53]
 [52]
 [46]
 [48]
 [54]
 [50]
 [49]
 [50]
 [52]
 [45]
 [48]
 [32]
 [54]
 [54]
 [53]
 [52]
 [46]
 [48]
 [54]
 [55]
 [52]
 [56]
 [45]
 [49]] 
------------------------ Dataset: 9lx ------------------------
shape: (34, 1), dtype: uint16
Data:[[54]
 [54]
 [54]
 [57]
 [46]
 [57]
 [53]
 [48]
 [48]
 [54]
 [52]
 [45]
 [48]
 [32]
 [54]
 [54]
 [54]
 [57]
 [46]
 [57]
 [52]
 [54]
 [50]
 [56]
 [48]
 [57]
 [57]
 [57]
 [57]
 [57]
 [57]
 [53]
 [45]
 [49]] 
------------------------ Dataset: 9ly ------------------------
shape: (13, 1), dtype: uint16
Data:[[54]
 [54]
 [56]
 [53]
 [46]
 [56]
 [55]
 [56]
 [48]
 [50]
 [53]
 [45]
 [48]] 
------------------------ Dataset: 9lz ------------------------
shape: (40, 1), dtype: uint16
Data:[[53]
 [57]
 [48]
 [51]
 [46]
 [55]
 [57]
 [52]
 [49]
 [49]
 [56]
 [57]
 [57]
 [57]
 [57]
 [57]
 [57]
 [45]
 [48]
 [32]
 [53]
 [57]
 [48]
 [51]
 [46]
 [55]
 [57]
 [55]
 [56]
 [49]
 [48]
 [57]
 [57]
 [57]
 [57]
 [57]
 [57]
 [53]
 [45]
 [49]] 
------------------------ Dataset: 9m ------------------------
