shape: (1, 6), dtype: uint32
Data:[[3707764736          2          1          1       1296          1]] 
------------------------ Dataset: Bvb ------------------------
shape: (13, 1), dtype: uint16
Data:[[54]
 [55]
 [54]
 [57]
 [46]
 [57]
 [57]
 [48]
 [49]
 [54]
 [57]
 [45]
 [48]] 
------------------------ Dataset: Bvc ------------------------
shape: (33, 1), dtype: uint16
Data:[[54]
 [50]
 [56]
 [50]
 [46]
 [55]
 [55]
 [51]
 [57]
 [56]
 [56]
 [57]
 [57]
 [57]
 [57]
 [57]
 [57]
 [45]
 [48]
 [32]
 [54]
 [50]
 [56]
 [50]
 [46]
 [55]
 [54]
 [57]
 [56]
 [56]
 [51]
 [45]
 [49]] 
------------------------ Dataset: Bvd ------------------------
shape: (34, 1), dtype: uint16
Data:[[54]
 [50]
 [57]
 [56]
 [46]
 [53]
 [51]
 [48]
 [48]
 [50]
 [50]
 [45]
 [48]
 [32]
 [54]
 [50]
 [57]
 [56]
 [46]
 [53]
 [50]
 [53]
 [57]
 [53]
 [53]
 [57]
 [57]
 [57]
 [57]
 [57]
 [57]
 [53]
 [45]
 [49]] 
------------------------ Dataset: Bve ------------------------
shape: (33, 1), dtype: uint16
Data:[[54]
 [51]
 [49]
 [52]
 [46]
 [52]
 [48]
 [57]
 [57]
 [57]
 [45]
 [48]
 [32]
 [54]
 [51]
 [49]
 [52]
 [46]
 [52]
 [49]
 [52]
 [48]
 [48]
 [49]
 [57]
 [57]
 [57]
 [57]
 [57]
 [57]
 [53]
 [45]
 [49]] 
------------------------ Dataset: Bvf ------------------------
shape: (27, 1), dtype: uint16
Data:[[54]
 [51]
 [51]
 [48]
 [46]
 [50]
 [51]
 [51]
 [56]
 [56]
 [57]
 [45]
 [48]
 [32]
 [54]
 [51]
 [51]
 [48]
 [46]
 [50]
 [51]
 [55]
 [56]
 [56]
 [54]
 [45]
 [49]] 
------------------------ Dataset: Bvg ------------------------
shape: (40, 1), dtype: uint16
Data:[[54]
 [51]
 [52]
 [54]
 [46]
 [48]
 [55]
 [51]
 [57]
 [54]
 [51]
 [57]
 [57]
 [57]
 [57]
 [57]
 [57]
 [45]
 [48]
 [32]
 [54]
 [51]
 [52]
 [54]
 [46]
 [48]
 [55]
 [55]
 [57]
 [53]
 [54]
 [57]
 [57]
 [57]
 [57]
 [57]
 [57]
 [53]
 [45]
 [49]] 
------------------------ Dataset: Bvh ------------------------
shape: (33, 1), dtype: uint16
Data:[[54]
 [53]
 [49]
 [49]
 [46]
 [49]
 [52]
 [57]
 [57]
 [56]
 [53]
 [57]
 [57]
 [57]
 [57]
 [57]
 [57]
 [45]
 [48]
 [32]
 [54]
 [53]
 [49]
 [49]
 [46]
 [49]
 [52]
 [54]
 [49]
 [53]
 [57]
 [45]
 [49]] 
------------------------ Dataset: Bvi ------------------------
shape: (33, 1), dtype: uint16
Data:[[54]
 [53]
 [50]
 [54]
 [46]
 [57]
 [57]
 [56]
 [48]
 [53]
 [55]
 [57]
 [57]
 [57]
 [57]
 [57]
 [57]
 [45]
 [48]
 [32]
 [54]
 [53]
 [50]
 [54]
 [46]
 [57]
 [57]
 [52]
 [48]
 [50]
 [56]
 [45]
 [49]] 
------------------------ Dataset: Bvj ------------------------
shape: (27, 1), dtype: uint16
Data:[[54]
 [48]
 [50]
 [50]
 [46]
 [53]
 [55]
 [57]
 [55]
 [51]
 [51]
 [45]
 [48]
 [32]
 [54]
 [48]
 [50]
 [50]
 [46]
 [53]
 [55]
 [57]
 [57]
 [53]
 [55]
 [45]
 [49]] 
------------------------ Dataset: Bvk ------------------------
shape: (39, 1), dtype: uint16
Data:[[54]
 [48]
 [51]
 [56]
 [46]
 [51]
 [52]
 [53]
 [55]
 [56]
 [54]
 [57]
 [57]
 [57]
 [57]
 [57]
 [57]
 [45]
 [48]
 [32]
 [54]
 [48]
 [51]
 [56]
 [46]
 [51]
 [52]
 [49]
 [56]
 [48]
 [53]
 [57]
 [57]
 [57]
 [57]
 [57]
 [57]
 [45]
 [49]] 
------------------------ Dataset: Bvl ------------------------
shape: (33, 1), dtype: uint16
Data:[[54]
 [48]
 [53]
 [51]
 [46]
 [57]
 [56]
 [57]
 [56]
 [51]
 [57]
 [45]
 [48]
 [32]
 [54]
 [48]
 [53]
 [51]
 [46]
 [57]
 [57]
 [57]
 [49]
 [53]
 [54]
 [57]
 [57]
 [57]
 [57]
 [57]
 [57]
 [45]
 [49]] 
------------------------ Dataset: Bvm ------------------------
shape: (34, 1), dtype: uint16
Data:[[54]
 [48]
 [54]
 [57]
 [46]
 [57]
 [48]
 [50]
 [49]
 [53]
 [54]
 [57]
 [57]
 [57]
 [57]
 [57]
 [57]
 [53]
 [45]
 [48]
 [32]
 [54]
 [48]
 [54]
 [57]
 [46]
 [56]
 [57]
 [56]
 [54]
 [53]
 [53]
 [45]
 [49]] 
------------------------ Dataset: Bvn ------------------------
shape: (1, 17991), dtype: float64
Data:[[-0.42204835 -0.4219152  -0.42123145 ... -0.30111613 -0.30111613
  -0.30179116]] 
------------------------ Dataset: Bvo ------------------------
shape: (40, 1), dtype: uint16
Data:[[53]
 [54]
 [52]
 [54]
 [46]
 [52]
 [56]
 [53]
 [52]
 [57]
 [56]
 [57]
 [57]
 [57]
 [57]
 [57]
 [57]
 [45]
 [48]
 [32]
 [53]
 [54]
 [52]
 [54]
 [46]
 [52]
 [56]
 [53]
 [53]
 [48]
 [57]
 [57]
 [57]
 [57]
 [57]
 [57]
 [57]
 [53]
 [45]
 [49]] 
------------------------ Dataset: Bvp ------------------------
shape: (33, 1), dtype: uint16
Data:[[53]
 [54]
 [54]
 [50]
 [46]
 [50]
 [50]
 [49]
 [54]
 [52]
 [51]
 [45]
 [48]
 [32]
 [53]
 [54]
 [54]
 [50]
 [46]
 [50]
 [50]
 [53]
 [56]
 [51]
 [55]
 [57]
 [57]
 [57]
 [57]
 [57]
 [57]
 [45]
 [49]] 
------------------------ Dataset: Bvq ------------------------
shape: (39, 1), dtype: uint16
Data:[[53]
 [54]
 [55]
 [55]
 [46]
 [57]
 [52]
 [50]
 [49]
 [50]
 [51]
 [57]
 [57]
 [57]
 [57]
 [57]
 [57]
 [45]
 [48]
 [32]
 [53]
 [54]
 [55]
 [55]
 [46]
 [57]
 [52]
 [54]
 [48]
 [53]
 [57]
 [57]
 [57]
 [57]
 [57]
 [57]
 [57]
 [45]
 [49]] 
------------------------ Dataset: Bvr ------------------------
shape: (33, 1), dtype: uint16
Data:[[53]
 [54]
 [57]
 [51]
 [46]
 [55]
 [48]
 [53]
 [53]
 [54]
 [57]
 [45]
 [48]
 [32]
 [53]
 [54]
 [57]
 [51]
 [46]
 [55]
 [48]
 [53]
 [55]
 [49]
 [50]
 [57]
 [57]
 [57]
 [57]
 [57]
 [57]
 [45]
 [49]] 
------------------------ Dataset: Bvs ------------------------
shape: (33, 1), dtype: uint16
Data:[[54]
 [52]
 [49]
 [55]
 [46]
 [48]
 [51]
 [50]
 [48]
 [48]
 [53]
 [45]
 [48]
 [32]
 [54]
 [52]
 [49]
 [55]
 [46]
 [48]
 [50]
 [54]
 [48]
 [51]
 [53]
 [57]
 [57]
 [57]
 [57]
 [57]
 [57]
 [45]
 [49]] 
------------------------ Dataset: Bvt ------------------------
shape: (34, 1), dtype: uint16
Data:[[54]
 [54]
 [48]
 [57]
 [46]
 [49]
 [49]
 [48]
 [48]
 [48]
 [57]
 [45]
 [48]
 [32]
 [54]
 [54]
 [48]
 [57]
 [46]
 [49]
 [49]
 [52]
 [48]
 [56]
 [50]
 [57]
 [57]
 [57]
 [57]
 [57]
 [57]
 [53]
 [45]
 [49]] 
------------------------ Dataset: Bvu ------------------------
shape: (27, 1), dtype: uint16
Data:[[54]
 [54]
 [50]
 [53]
 [46]
 [48]
 [51]
 [56]
 [48]
 [55]
 [52]
 [45]
 [48]
 [32]
 [54]
 [54]
 [50]
 [53]
 [46]
 [48]
 [52]
 [50]
 [49]
 [49]
 [49]
 [45]
 [49]] 
------------------------ Dataset: Bvv ------------------------
shape: (27, 1), dtype: uint16
Data:[[54]
 [54]
 [52]
 [48]
 [46]
 [56]
 [52]
 [56]
 [57]
 [53]
 [51]
 [45]
 [48]
 [32]
 [54]
 [54]
 [52]
 [48]
 [46]
 [56]
 [52]
 [54]
 [49]
 [52]
 [56]
 [45]
 [49]] 
------------------------ Dataset: Bvw ------------------------
shape: (27, 1), dtype: uint16
Data:[[54]
 [54]
 [53]
 [54]
 [46]
 [52]
 [56]
 [51]
 [53]
 [50]
 [57]
 [45]
 [48]
 [32]
 [54]
 [54]
 [53]
 [54]
 [46]
 [52]
 [55]
 [57]
 [49]
 [54]
 [51]
 [45]
 [49]] 
------------------------ Dataset: Bvx ------------------------
shape: (26, 1), dtype: uint16
Data:[[54]
 [54]
 [55]
 [50]
 [46]
 [51]
 [56]
 [54]
 [50]
 [55]
 [50]
 [45]
 [48]
 [32]
 [54]
 [54]
 [55]
 [50]
 [46]
 [51]
 [56]
 [53]
 [48]
 [53]
 [45]
 [49]] 
------------------------ Dataset: Bvy ------------------------
shape: (34, 1), dtype: uint16
Data:[[54]
 [54]
 [56]
 [56]
 [46]
 [50]
 [56]
 [51]
 [48]
 [48]
 [51]
 [45]
 [48]
 [32]
 [54]
 [54]
 [56]
 [56]
 [46]
 [50]
 [56]
 [54]
 [51]
 [48]
 [57]
 [57]
 [57]
 [57]
 [57]
 [57]
 [57]
 [53]
 [45]
 [49]] 
------------------------ Dataset: Bvz ------------------------
shape: (27, 1), dtype: uint16
Data:[[53]
 [57]
 [48]
 [54]
 [46]
 [49]
 [56]
 [57]
 [56]
 [49]
 [54]
 [45]
 [48]
 [32]
 [53]
 [57]
 [48]
 [54]
 [46]
 [49]
 [57]
 [51]
 [55]
 [50]
 [49]
 [45]
 [49]] 
------------------------ Dataset: Bw ------------------------
