shape: (1, 6), dtype: uint32
Data:[[3707764736          2          1          1       1144          1]] 
------------------------ Dataset: 6sb ------------------------
shape: (13, 1), dtype: uint16
Data:[[54]
 [55]
 [54]
 [57]
 [46]
 [51]
 [54]
 [57]
 [50]
 [51]
 [50]
 [45]
 [49]] 
------------------------ Dataset: 6sc ------------------------
shape: (34, 1), dtype: uint16
Data:[[54]
 [50]
 [56]
 [50]
 [46]
 [49]
 [50]
 [53]
 [57]
 [50]
 [49]
 [45]
 [48]
 [32]
 [54]
 [50]
 [56]
 [50]
 [46]
 [49]
 [50]
 [57]
 [57]
 [51]
 [56]
 [57]
 [57]
 [57]
 [57]
 [57]
 [57]
 [53]
 [45]
 [49]] 
------------------------ Dataset: 6sd ------------------------
shape: (40, 1), dtype: uint16
Data:[[54]
 [50]
 [57]
 [55]
 [46]
 [56]
 [57]
 [52]
 [48]
 [53]
 [48]
 [57]
 [57]
 [57]
 [57]
 [57]
 [57]
 [45]
 [48]
 [32]
 [54]
 [50]
 [57]
 [55]
 [46]
 [56]
 [57]
 [48]
 [48]
 [48]
 [50]
 [57]
 [57]
 [57]
 [57]
 [57]
 [57]
 [53]
 [45]
 [49]] 
------------------------ Dataset: 6se ------------------------
shape: (27, 1), dtype: uint16
Data:[[54]
 [51]
 [49]
 [51]
 [46]
 [55]
 [55]
 [51]
 [56]
 [53]
 [54]
 [45]
 [48]
 [32]
 [54]
 [51]
 [49]
 [51]
 [46]
 [55]
 [55]
 [48]
 [52]
 [49]
 [55]
 [45]
 [49]] 
------------------------ Dataset: 6sf ------------------------
shape: (27, 1), dtype: uint16
Data:[[54]
 [51]
 [50]
 [57]
 [46]
 [53]
 [57]
 [55]
 [57]
 [55]
 [56]
 [45]
 [48]
 [32]
 [54]
 [51]
 [50]
 [57]
 [46]
 [54]
 [48]
 [50]
 [49]
 [50]
 [54]
 [45]
 [49]] 
------------------------ Dataset: 6sg ------------------------
shape: (32, 1), dtype: uint16
Data:[[54]
 [51]
 [52]
 [53]
 [46]
 [52]
 [51]
 [55]
 [56]
 [54]
 [53]
 [57]
 [57]
 [57]
 [57]
 [57]
 [57]
 [45]
 [48]
 [32]
 [54]
 [51]
 [52]
 [53]
 [46]
 [52]
 [51]
 [51]
 [57]
 [52]
 [45]
 [49]] 
------------------------ Dataset: 6sh ------------------------
shape: (34, 1), dtype: uint16
Data:[[54]
 [53]
 [49]
 [48]
 [46]
 [53]
 [50]
 [49]
 [57]
 [53]
 [50]
 [45]
 [48]
 [32]
 [54]
 [53]
 [49]
 [48]
 [46]
 [53]
 [49]
 [55]
 [57]
 [56]
 [52]
 [57]
 [57]
 [57]
 [57]
 [57]
 [57]
 [53]
 [45]
 [49]] 
------------------------ Dataset: 6si ------------------------
shape: (27, 1), dtype: uint16
Data:[[54]
 [53]
 [50]
 [54]
 [46]
 [51]
 [51]
 [56]
 [55]
 [56]
 [56]
 [45]
 [48]
 [32]
 [54]
 [53]
 [50]
 [54]
 [46]
 [51]
 [51]
 [52]
 [52]
 [56]
 [51]
 [45]
 [49]] 
------------------------ Dataset: 6sj ------------------------
shape: (33, 1), dtype: uint16
Data:[[54]
 [48]
 [50]
 [49]
 [46]
 [57]
 [51]
 [51]
 [55]
 [49]
 [55]
 [57]
 [57]
 [57]
 [57]
 [57]
 [57]
 [45]
 [48]
 [32]
 [54]
 [48]
 [50]
 [49]
 [46]
 [57]
 [51]
 [55]
 [57]
 [49]
 [56]
 [45]
 [49]] 
------------------------ Dataset: 6sk ------------------------
shape: (13, 1), dtype: uint16
Data:[[54]
 [48]
 [51]
 [55]
 [46]
 [55]
 [49]
 [48]
 [52]
 [48]
 [51]
 [45]
 [49]] 
------------------------ Dataset: 6sl ------------------------
shape: (33, 1), dtype: uint16
Data:[[54]
 [48]
 [53]
 [51]
 [46]
 [51]
 [53]
 [51]
 [55]
 [55]
 [51]
 [57]
 [57]
 [57]
 [57]
 [57]
 [57]
 [45]
 [48]
 [32]
 [54]
 [48]
 [53]
 [51]
 [46]
 [51]
 [53]
 [57]
 [48]
 [57]
 [56]
 [45]
 [49]] 
------------------------ Dataset: 6sm ------------------------
shape: (27, 1), dtype: uint16
Data:[[54]
 [48]
 [54]
 [57]
 [46]
 [50]
 [53]
 [56]
 [49]
 [54]
 [57]
 [45]
 [48]
 [32]
 [54]
 [48]
 [54]
 [57]
 [46]
 [50]
 [54]
 [50]
 [49]
 [55]
 [53]
 [45]
 [49]] 
------------------------ Dataset: 6sn ------------------------
shape: (27, 1), dtype: uint16
Data:[[54]
 [48]
 [56]
 [53]
 [46]
 [49]
 [54]
 [53]
 [55]
 [55]
 [57]
 [45]
 [48]
 [32]
 [54]
 [48]
 [56]
 [53]
 [46]
 [49]
 [54]
 [53]
 [56]
 [54]
 [50]
 [45]
 [49]] 
------------------------ Dataset: 6so ------------------------
shape: (27, 1), dtype: uint16
Data:[[53]
 [54]
 [52]
 [53]
 [46]
 [56]
 [52]
 [49]
 [55]
 [56]
 [54]
 [45]
 [48]
 [32]
 [53]
 [54]
 [52]
 [53]
 [46]
 [56]
 [51]
 [55]
 [56]
 [48]
 [57]
 [45]
 [49]] 
------------------------ Dataset: 6sp ------------------------
shape: (26, 1), dtype: uint16
Data:[[53]
 [54]
 [54]
 [49]
 [46]
 [53]
 [57]
 [51]
 [53]
 [55]
 [45]
 [48]
 [32]
 [53]
 [54]
 [54]
 [49]
 [46]
 [53]
 [57]
 [55]
 [54]
 [48]
 [50]
 [45]
 [49]] 
------------------------ Dataset: 6sq ------------------------
shape: (34, 1), dtype: uint16
Data:[[53]
 [54]
 [55]
 [55]
 [46]
 [50]
 [57]
 [51]
 [54]
 [50]
 [54]
 [45]
 [48]
 [32]
 [53]
 [54]
 [55]
 [55]
 [46]
 [50]
 [56]
 [57]
 [54]
 [50]
 [55]
 [57]
 [57]
 [57]
 [57]
 [57]
 [57]
 [53]
 [45]
 [49]] 
------------------------ Dataset: 6sr ------------------------
shape: (13, 1), dtype: uint16
Data:[[53]
 [54]
 [57]
 [51]
 [46]
 [48]
 [54]
 [57]
 [56]
 [48]
 [49]
 [45]
 [48]] 
------------------------ Dataset: 6ss ------------------------
shape: (27, 1), dtype: uint16
Data:[[54]
 [52]
 [49]
 [54]
 [46]
 [51]
 [56]
 [54]
 [55]
 [56]
 [54]
 [45]
 [48]
 [32]
 [54]
 [52]
 [49]
 [54]
 [46]
 [51]
 [56]
 [54]
 [55]
 [56]
 [54]
 [45]
 [49]] 
------------------------ Dataset: 6st ------------------------
shape: (33, 1), dtype: uint16
Data:[[54]
 [54]
 [48]
 [56]
 [46]
 [52]
 [55]
 [48]
 [48]
 [57]
 [48]
 [57]
 [57]
 [57]
 [57]
 [57]
 [57]
 [45]
 [48]
 [32]
 [54]
 [54]
 [48]
 [56]
 [46]
 [52]
 [54]
 [54]
 [48]
 [57]
 [51]
 [45]
 [49]] 
------------------------ Dataset: 6su ------------------------
shape: (39, 1), dtype: uint16
Data:[[54]
 [54]
 [50]
 [52]
 [46]
 [51]
 [57]
 [55]
 [57]
 [56]
 [54]
 [57]
 [57]
 [57]
 [57]
 [57]
 [57]
 [45]
 [48]
 [32]
 [54]
 [54]
 [50]
 [52]
 [46]
 [51]
 [56]
 [57]
 [57]
 [57]
 [49]
 [57]
 [57]
 [57]
 [57]
 [57]
 [57]
 [45]
 [49]] 
------------------------ Dataset: 6sv ------------------------
shape: (27, 1), dtype: uint16
Data:[[54]
 [54]
 [52]
 [48]
 [46]
 [50]
 [49]
 [52]
 [50]
 [56]
 [52]
 [45]
 [48]
 [32]
 [54]
 [54]
 [52]
 [48]
 [46]
 [50]
 [49]
 [48]
 [49]
 [49]
 [55]
 [45]
 [49]] 
------------------------ Dataset: 6sw ------------------------
shape: (26, 1), dtype: uint16
Data:[[54]
 [54]
 [53]
 [53]
 [46]
 [56]
 [53]
 [52]
 [49]
 [53]
 [56]
 [45]
 [48]
 [32]
 [54]
 [54]
 [53]
 [53]
 [46]
 [56]
 [53]
 [48]
 [49]
 [50]
 [45]
 [49]] 
------------------------ Dataset: 6sx ------------------------
shape: (33, 1), dtype: uint16
Data:[[54]
 [54]
 [55]
 [49]
 [46]
 [55]
 [51]
 [52]
 [48]
 [57]
 [48]
 [57]
 [57]
 [57]
 [57]
 [57]
 [57]
 [45]
 [48]
 [32]
 [54]
 [54]
 [55]
 [49]
 [46]
 [55]
 [51]
 [56]
 [49]
 [48]
 [52]
 [45]
 [49]] 
------------------------ Dataset: 6sy ------------------------
shape: (40, 1), dtype: uint16
Data:[[54]
 [54]
 [56]
 [55]
 [46]
 [54]
 [52]
 [54]
 [52]
 [54]
 [51]
 [57]
 [57]
 [57]
 [57]
 [57]
 [57]
 [53]
 [45]
 [48]
 [32]
 [54]
 [54]
 [56]
 [55]
 [46]
 [54]
 [52]
 [50]
 [51]
 [56]
 [55]
 [57]
 [57]
 [57]
 [57]
 [57]
 [57]
 [45]
 [49]] 
------------------------ Dataset: 6sz ------------------------
shape: (33, 1), dtype: uint16
Data:[[53]
 [57]
 [48]
 [53]
 [46]
 [53]
 [52]
 [53]
 [55]
 [55]
 [51]
 [57]
 [57]
 [57]
 [57]
 [57]
 [57]
 [45]
 [48]
 [32]
 [53]
 [57]
 [48]
 [53]
 [46]
 [53]
 [52]
 [57]
 [56]
 [51]
 [53]
 [45]
 [49]] 
------------------------ Dataset: 6t ------------------------
