shape: (1, 6), dtype: uint32
Data:[[3707764736          2          1          1        582          1]] 
------------------------ Dataset: Njb ------------------------
shape: (32, 1), dtype: uint16
Data:[[54]
 [55]
 [54]
 [54]
 [46]
 [57]
 [54]
 [50]
 [53]
 [51]
 [54]
 [57]
 [57]
 [57]
 [57]
 [57]
 [57]
 [45]
 [48]
 [32]
 [54]
 [55]
 [54]
 [54]
 [46]
 [57]
 [55]
 [48]
 [50]
 [54]
 [45]
 [49]] 
------------------------ Dataset: Njc ------------------------
shape: (32, 1), dtype: uint16
Data:[[54]
 [50]
 [55]
 [57]
 [46]
 [55]
 [54]
 [49]
 [57]
 [52]
 [52]
 [57]
 [57]
 [57]
 [57]
 [57]
 [57]
 [45]
 [48]
 [32]
 [54]
 [50]
 [55]
 [57]
 [46]
 [55]
 [54]
 [53]
 [57]
 [50]
 [45]
 [49]] 
------------------------ Dataset: Njd ------------------------
shape: (33, 1), dtype: uint16
Data:[[54]
 [50]
 [57]
 [53]
 [46]
 [53]
 [51]
 [55]
 [56]
 [50]
 [45]
 [48]
 [32]
 [54]
 [50]
 [57]
 [53]
 [46]
 [53]
 [51]
 [51]
 [56]
 [51]
 [50]
 [57]
 [57]
 [57]
 [57]
 [57]
 [57]
 [53]
 [45]
 [49]] 
------------------------ Dataset: Nje ------------------------
shape: (27, 1), dtype: uint16
Data:[[54]
 [51]
 [49]
 [49]
 [46]
 [51]
 [55]
 [55]
 [56]
 [56]
 [51]
 [45]
 [48]
 [32]
 [54]
 [51]
 [49]
 [49]
 [46]
 [51]
 [55]
 [52]
 [50]
 [50]
 [51]
 [45]
 [49]] 
------------------------ Dataset: Njf ------------------------
shape: (27, 1), dtype: uint16
Data:[[54]
 [51]
 [50]
 [55]
 [46]
 [50]
 [53]
 [55]
 [57]
 [56]
 [57]
 [45]
 [48]
 [32]
 [54]
 [51]
 [50]
 [55]
 [46]
 [50]
 [53]
 [51]
 [57]
 [54]
 [56]
 [45]
 [49]] 
------------------------ Dataset: Njg ------------------------
shape: (34, 1), dtype: uint16
Data:[[54]
 [51]
 [52]
 [51]
 [46]
 [48]
 [53]
 [56]
 [48]
 [49]
 [57]
 [57]
 [57]
 [57]
 [57]
 [57]
 [57]
 [53]
 [45]
 [48]
 [32]
 [54]
 [51]
 [52]
 [51]
 [46]
 [48]
 [53]
 [52]
 [48]
 [52]
 [56]
 [45]
 [49]] 
------------------------ Dataset: Njh ------------------------
shape: (27, 1), dtype: uint16
Data:[[54]
 [53]
 [48]
 [56]
 [46]
 [49]
 [53]
 [56]
 [53]
 [56]
 [52]
 [45]
 [48]
 [32]
 [54]
 [53]
 [48]
 [56]
 [46]
 [49]
 [53]
 [56]
 [50]
 [48]
 [56]
 [45]
 [49]] 
------------------------ Dataset: Nji ------------------------
shape: (27, 1), dtype: uint16
Data:[[54]
 [53]
 [50]
 [51]
 [46]
 [57]
 [56]
 [50]
 [48]
 [55]
 [53]
 [45]
 [48]
 [32]
 [54]
 [53]
 [50]
 [51]
 [46]
 [57]
 [55]
 [56]
 [48]
 [50]
 [57]
 [45]
 [49]] 
------------------------ Dataset: Njj ------------------------
shape: (25, 1), dtype: uint16
Data:[[54]
 [48]
 [49]
 [57]
 [46]
 [53]
 [52]
 [57]
 [56]
 [48]
 [51]
 [45]
 [48]
 [32]
 [54]
 [48]
 [49]
 [57]
 [46]
 [53]
 [52]
 [57]
 [56]
 [45]
 [49]] 
------------------------ Dataset: Njk ------------------------
shape: (26, 1), dtype: uint16
Data:[[54]
 [48]
 [51]
 [53]
 [46]
 [51]
 [53]
 [57]
 [49]
 [54]
 [50]
 [45]
 [48]
 [32]
 [54]
 [48]
 [51]
 [53]
 [46]
 [51]
 [54]
 [53]
 [49]
 [53]
 [45]
 [49]] 
------------------------ Dataset: Njl ------------------------
shape: (33, 1), dtype: uint16
Data:[[54]
 [48]
 [53]
 [48]
 [46]
 [57]
 [56]
 [54]
 [49]
 [50]
 [51]
 [45]
 [48]
 [32]
 [54]
 [48]
 [53]
 [48]
 [46]
 [57]
 [56]
 [53]
 [54]
 [52]
 [48]
 [57]
 [57]
 [57]
 [57]
 [57]
 [57]
 [45]
 [49]] 
------------------------ Dataset: Njm ------------------------
shape: (33, 1), dtype: uint16
Data:[[54]
 [48]
 [54]
 [54]
 [46]
 [56]
 [55]
 [56]
 [50]
 [56]
 [56]
 [57]
 [57]
 [57]
 [57]
 [57]
 [57]
 [45]
 [48]
 [32]
 [54]
 [48]
 [54]
 [54]
 [46]
 [56]
 [55]
 [52]
 [56]
 [53]
 [57]
 [45]
 [49]] 
------------------------ Dataset: Njn ------------------------
shape: (33, 1), dtype: uint16
Data:[[54]
 [48]
 [56]
 [50]
 [46]
 [56]
 [48]
 [51]
 [50]
 [48]
 [49]
 [45]
 [48]
 [32]
 [54]
 [48]
 [56]
 [50]
 [46]
 [56]
 [49]
 [49]
 [50]
 [52]
 [48]
 [57]
 [57]
 [57]
 [57]
 [57]
 [57]
 [45]
 [49]] 
------------------------ Dataset: Njo ------------------------
shape: (33, 1), dtype: uint16
Data:[[53]
 [54]
 [52]
 [51]
 [46]
 [52]
 [57]
 [52]
 [56]
 [49]
 [53]
 [45]
 [48]
 [32]
 [53]
 [54]
 [52]
 [51]
 [46]
 [52]
 [57]
 [57]
 [53]
 [54]
 [50]
 [57]
 [57]
 [57]
 [57]
 [57]
 [57]
 [45]
 [49]] 
------------------------ Dataset: Njp ------------------------
shape: (33, 1), dtype: uint16
Data:[[53]
 [54]
 [53]
 [57]
 [46]
 [50]
 [51]
 [55]
 [53]
 [56]
 [56]
 [57]
 [57]
 [57]
 [57]
 [57]
 [57]
 [45]
 [48]
 [32]
 [53]
 [54]
 [53]
 [57]
 [46]
 [50]
 [52]
 [49]
 [54]
 [50]
 [53]
 [45]
 [49]] 
------------------------ Dataset: Njq ------------------------
shape: (33, 1), dtype: uint16
Data:[[53]
 [54]
 [55]
 [52]
 [46]
 [57]
 [53]
 [51]
 [53]
 [57]
 [50]
 [57]
 [57]
 [57]
 [57]
 [57]
 [57]
 [45]
 [48]
 [32]
 [53]
 [54]
 [55]
 [52]
 [46]
 [57]
 [53]
 [55]
 [54]
 [48]
 [53]
 [45]
 [49]] 
------------------------ Dataset: Njr ------------------------
shape: (33, 1), dtype: uint16
Data:[[53]
 [54]
 [57]
 [48]
 [46]
 [55]
 [51]
 [57]
 [51]
 [55]
 [50]
 [45]
 [48]
 [32]
 [53]
 [54]
 [57]
 [48]
 [46]
 [55]
 [52]
 [52]
 [56]
 [50]
 [56]
 [57]
 [57]
 [57]
 [57]
 [57]
 [57]
 [45]
 [49]] 
------------------------ Dataset: Njs ------------------------
shape: (34, 1), dtype: uint16
Data:[[54]
 [52]
 [49]
 [51]
 [46]
 [57]
 [57]
 [55]
 [57]
 [49]
 [48]
 [57]
 [57]
 [57]
 [57]
 [57]
 [57]
 [53]
 [45]
 [48]
 [32]
 [54]
 [52]
 [49]
 [51]
 [46]
 [57]
 [57]
 [52]
 [48]
 [50]
 [56]
 [45]
 [49]] 
------------------------ Dataset: Njt ------------------------
shape: (34, 1), dtype: uint16
Data:[[54]
 [54]
 [48]
 [54]
 [46]
 [48]
 [56]
 [49]
 [55]
 [55]
 [49]
 [45]
 [48]
 [32]
 [54]
 [54]
 [48]
 [54]
 [46]
 [48]
 [56]
 [49]
 [52]
 [56]
 [54]
 [57]
 [57]
 [57]
 [57]
 [57]
 [57]
 [53]
 [45]
 [49]] 
------------------------ Dataset: Nju ------------------------
shape: (26, 1), dtype: uint16
Data:[[54]
 [54]
 [50]
 [50]
 [46]
 [48]
 [52]
 [50]
 [48]
 [49]
 [50]
 [45]
 [48]
 [32]
 [54]
 [54]
 [50]
 [50]
 [46]
 [48]
 [51]
 [56]
 [48]
 [50]
 [45]
 [49]] 
------------------------ Dataset: Njv ------------------------
shape: (39, 1), dtype: uint16
Data:[[54]
 [54]
 [51]
 [55]
 [46]
 [56]
 [57]
 [48]
 [50]
 [53]
 [55]
 [57]
 [57]
 [57]
 [57]
 [57]
 [57]
 [45]
 [48]
 [32]
 [54]
 [54]
 [51]
 [55]
 [46]
 [56]
 [56]
 [54]
 [52]
 [48]
 [55]
 [57]
 [57]
 [57]
 [57]
 [57]
 [57]
 [45]
 [49]] 
------------------------ Dataset: Njw ------------------------
shape: (27, 1), dtype: uint16
Data:[[54]
 [54]
 [53]
 [51]
 [46]
 [52]
 [56]
 [50]
 [49]
 [51]
 [54]
 [45]
 [48]
 [32]
 [54]
 [54]
 [53]
 [51]
 [46]
 [52]
 [55]
 [56]
 [49]
 [50]
 [57]
 [45]
 [49]] 
------------------------ Dataset: Njx ------------------------
shape: (34, 1), dtype: uint16
Data:[[54]
 [54]
 [54]
 [57]
 [46]
 [51]
 [54]
 [55]
 [56]
 [56]
 [57]
 [57]
 [57]
 [57]
 [57]
 [57]
 [57]
 [53]
 [45]
 [48]
 [32]
 [54]
 [54]
 [54]
 [57]
 [46]
 [51]
 [53]
 [56]
 [50]
 [52]
 [54]
 [45]
 [49]] 
------------------------ Dataset: Njy ------------------------
shape: (34, 1), dtype: uint16
Data:[[54]
 [54]
 [56]
 [53]
 [46]
 [50]
 [56]
 [57]
 [49]
 [53]
 [52]
 [57]
 [57]
 [57]
 [57]
 [57]
 [57]
 [53]
 [45]
 [48]
 [32]
 [54]
 [54]
 [56]
 [53]
 [46]
 [50]
 [55]
 [56]
 [48]
 [52]
 [53]
 [45]
 [49]] 
------------------------ Dataset: Njz ------------------------
shape: (40, 1), dtype: uint16
Data:[[53]
 [57]
 [48]
 [51]
 [46]
 [50]
 [48]
 [54]
 [50]
 [48]
 [52]
 [57]
 [57]
 [57]
 [57]
 [57]
 [57]
 [53]
 [45]
 [48]
 [32]
 [53]
 [57]
 [48]
 [51]
 [46]
 [50]
 [48]
 [53]
 [49]
 [56]
 [48]
 [57]
 [57]
 [57]
 [57]
 [57]
 [57]
 [45]
 [49]] 
------------------------ Dataset: Nk ------------------------
