shape: (1, 6), dtype: uint32
Data:[[3707764736          2          1          1        157          1]] 
------------------------ Dataset: Lcb ------------------------
shape: (39, 1), dtype: uint16
Data:[[54]
 [55]
 [54]
 [53]
 [46]
 [49]
 [53]
 [56]
 [49]
 [56]
 [55]
 [57]
 [57]
 [57]
 [57]
 [57]
 [57]
 [45]
 [48]
 [32]
 [54]
 [55]
 [54]
 [53]
 [46]
 [49]
 [54]
 [50]
 [49]
 [52]
 [49]
 [57]
 [57]
 [57]
 [57]
 [57]
 [57]
 [45]
 [49]] 
------------------------ Dataset: Lcc ------------------------
shape: (33, 1), dtype: uint16
Data:[[54]
 [55]
 [56]
 [49]
 [46]
 [48]
 [49]
 [56]
 [49]
 [49]
 [56]
 [57]
 [57]
 [57]
 [57]
 [57]
 [57]
 [45]
 [48]
 [32]
 [54]
 [55]
 [56]
 [49]
 [46]
 [48]
 [49]
 [56]
 [49]
 [49]
 [56]
 [45]
 [49]] 
------------------------ Dataset: Lcd ------------------------
shape: (33, 1), dtype: uint16
Data:[[54]
 [50]
 [57]
 [51]
 [46]
 [55]
 [54]
 [52]
 [55]
 [56]
 [49]
 [45]
 [48]
 [32]
 [54]
 [50]
 [57]
 [51]
 [46]
 [55]
 [54]
 [53]
 [57]
 [51]
 [52]
 [57]
 [57]
 [57]
 [57]
 [57]
 [57]
 [45]
 [49]] 
------------------------ Dataset: Lce ------------------------
shape: (33, 1), dtype: uint16
Data:[[54]
 [51]
 [48]
 [57]
 [46]
 [53]
 [57]
 [56]
 [56]
 [55]
 [45]
 [48]
 [32]
 [54]
 [51]
 [48]
 [57]
 [46]
 [53]
 [56]
 [57]
 [56]
 [53]
 [50]
 [57]
 [57]
 [57]
 [57]
 [57]
 [57]
 [53]
 [45]
 [49]] 
------------------------ Dataset: Lcf ------------------------
shape: (26, 1), dtype: uint16
Data:[[54]
 [51]
 [50]
 [53]
 [46]
 [52]
 [50]
 [53]
 [57]
 [52]
 [45]
 [48]
 [32]
 [54]
 [51]
 [50]
 [53]
 [46]
 [52]
 [50]
 [49]
 [57]
 [56]
 [56]
 [45]
 [49]] 
------------------------ Dataset: Lcg ------------------------
shape: (27, 1), dtype: uint16
Data:[[54]
 [51]
 [52]
 [49]
 [46]
 [50]
 [54]
 [56]
 [53]
 [57]
 [51]
 [45]
 [48]
 [32]
 [54]
 [51]
 [52]
 [49]
 [46]
 [50]
 [54]
 [55]
 [54]
 [55]
 [52]
 [45]
 [49]] 
------------------------ Dataset: Lch ------------------------
shape: (33, 1), dtype: uint16
Data:[[54]
 [53]
 [48]
 [54]
 [46]
 [51]
 [55]
 [53]
 [52]
 [57]
 [54]
 [45]
 [48]
 [32]
 [54]
 [53]
 [48]
 [54]
 [46]
 [51]
 [55]
 [53]
 [53]
 [50]
 [54]
 [57]
 [57]
 [57]
 [57]
 [57]
 [57]
 [45]
 [49]] 
------------------------ Dataset: Lci ------------------------
shape: (33, 1), dtype: uint16
Data:[[54]
 [53]
 [50]
 [50]
 [46]
 [49]
 [56]
 [50]
 [49]
 [48]
 [56]
 [57]
 [57]
 [57]
 [57]
 [57]
 [57]
 [45]
 [48]
 [32]
 [54]
 [53]
 [50]
 [50]
 [46]
 [49]
 [56]
 [53]
 [57]
 [57]
 [55]
 [45]
 [49]] 
------------------------ Dataset: Lcj ------------------------
shape: (27, 1), dtype: uint16
Data:[[54]
 [48]
 [49]
 [55]
 [46]
 [55]
 [54]
 [49]
 [55]
 [53]
 [56]
 [45]
 [48]
 [32]
 [54]
 [48]
 [49]
 [55]
 [46]
 [55]
 [54]
 [53]
 [57]
 [48]
 [49]
 [45]
 [49]] 
------------------------ Dataset: Lck ------------------------
shape: (39, 1), dtype: uint16
Data:[[54]
 [48]
 [51]
 [51]
 [46]
 [53]
 [55]
 [52]
 [48]
 [51]
 [51]
 [57]
 [57]
 [57]
 [57]
 [57]
 [57]
 [45]
 [48]
 [32]
 [54]
 [48]
 [51]
 [51]
 [46]
 [53]
 [55]
 [51]
 [57]
 [51]
 [52]
 [57]
 [57]
 [57]
 [57]
 [57]
 [57]
 [45]
 [49]] 
------------------------ Dataset: Lcl ------------------------
shape: (27, 1), dtype: uint16
Data:[[54]
 [48]
 [52]
 [57]
 [46]
 [49]
 [55]
 [51]
 [55]
 [48]
 [49]
 [45]
 [48]
 [32]
 [54]
 [48]
 [52]
 [57]
 [46]
 [49]
 [55]
 [55]
 [55]
 [50]
 [52]
 [45]
 [49]] 
------------------------ Dataset: Lcm ------------------------
shape: (13, 1), dtype: uint16
Data:[[54]
 [48]
 [54]
 [53]
 [46]
 [48]
 [53]
 [57]
 [57]
 [50]
 [56]
 [45]
 [49]] 
------------------------ Dataset: Lcn ------------------------
shape: (27, 1), dtype: uint16
Data:[[54]
 [48]
 [56]
 [48]
 [46]
 [57]
 [54]
 [53]
 [55]
 [54]
 [55]
 [45]
 [48]
 [32]
 [54]
 [48]
 [56]
 [48]
 [46]
 [57]
 [54]
 [57]
 [55]
 [50]
 [56]
 [45]
 [49]] 
------------------------ Dataset: Lco ------------------------
shape: (27, 1), dtype: uint16
Data:[[53]
 [54]
 [52]
 [49]
 [46]
 [55]
 [49]
 [55]
 [53]
 [49]
 [49]
 [45]
 [48]
 [32]
 [53]
 [54]
 [52]
 [49]
 [46]
 [55]
 [49]
 [51]
 [53]
 [49]
 [54]
 [45]
 [49]] 
------------------------ Dataset: Lcp ------------------------
shape: (24, 1), dtype: uint16
Data:[[53]
 [54]
 [53]
 [55]
 [46]
 [52]
 [53]
 [51]
 [54]
 [54]
 [52]
 [45]
 [48]
 [32]
 [53]
 [54]
 [53]
 [55]
 [46]
 [52]
 [53]
 [56]
 [45]
 [49]] 
------------------------ Dataset: Lcq ------------------------
shape: (40, 1), dtype: uint16
Data:[[53]
 [54]
 [55]
 [51]
 [46]
 [49]
 [55]
 [55]
 [48]
 [50]
 [50]
 [57]
 [57]
 [57]
 [57]
 [57]
 [57]
 [45]
 [48]
 [32]
 [53]
 [54]
 [55]
 [51]
 [46]
 [49]
 [56]
 [48]
 [56]
 [51]
 [53]
 [57]
 [57]
 [57]
 [57]
 [57]
 [57]
 [53]
 [45]
 [49]] 
------------------------ Dataset: Lcr ------------------------
shape: (33, 1), dtype: uint16
Data:[[53]
 [54]
 [56]
 [56]
 [46]
 [57]
 [50]
 [57]
 [53]
 [49]
 [56]
 [45]
 [48]
 [32]
 [53]
 [54]
 [56]
 [56]
 [46]
 [57]
 [51]
 [51]
 [53]
 [51]
 [50]
 [57]
 [57]
 [57]
 [57]
 [57]
 [57]
 [45]
 [49]] 
------------------------ Dataset: Lcs ------------------------
shape: (27, 1), dtype: uint16
Data:[[53]
 [56]
 [49]
 [53]
 [46]
 [50]
 [48]
 [50]
 [54]
 [54]
 [51]
 [45]
 [48]
 [32]
 [53]
 [56]
 [49]
 [53]
 [46]
 [50]
 [48]
 [48]
 [57]
 [53]
 [57]
 [45]
 [49]] 
------------------------ Dataset: Lct ------------------------
shape: (34, 1), dtype: uint16
Data:[[54]
 [54]
 [48]
 [52]
 [46]
 [50]
 [56]
 [50]
 [52]
 [56]
 [51]
 [45]
 [48]
 [32]
 [54]
 [54]
 [48]
 [52]
 [46]
 [50]
 [56]
 [54]
 [51]
 [50]
 [53]
 [57]
 [57]
 [57]
 [57]
 [57]
 [57]
 [53]
 [45]
 [49]] 
------------------------ Dataset: Lcu ------------------------
shape: (26, 1), dtype: uint16
Data:[[54]
 [54]
 [50]
 [48]
 [46]
 [50]
 [52]
 [55]
 [55]
 [54]
 [50]
 [45]
 [48]
 [32]
 [54]
 [54]
 [50]
 [48]
 [46]
 [50]
 [53]
 [48]
 [48]
 [57]
 [45]
 [49]] 
------------------------ Dataset: Lcv ------------------------
shape: (27, 1), dtype: uint16
Data:[[54]
 [54]
 [51]
 [54]
 [46]
 [49]
 [48]
 [55]
 [52]
 [53]
 [52]
 [45]
 [48]
 [32]
 [54]
 [54]
 [51]
 [54]
 [46]
 [49]
 [48]
 [55]
 [55]
 [51]
 [49]
 [45]
 [49]] 
------------------------ Dataset: Lcw ------------------------
shape: (39, 1), dtype: uint16
Data:[[54]
 [54]
 [53]
 [49]
 [46]
 [55]
 [48]
 [54]
 [52]
 [48]
 [53]
 [57]
 [57]
 [57]
 [57]
 [57]
 [57]
 [45]
 [48]
 [32]
 [54]
 [54]
 [53]
 [49]
 [46]
 [54]
 [57]
 [57]
 [48]
 [50]
 [53]
 [57]
 [57]
 [57]
 [57]
 [57]
 [57]
 [45]
 [49]] 
------------------------ Dataset: Lcx ------------------------
shape: (33, 1), dtype: uint16
Data:[[54]
 [54]
 [54]
 [55]
 [46]
 [53]
 [53]
 [52]
 [48]
 [52]
 [48]
 [57]
 [57]
 [57]
 [57]
 [57]
 [57]
 [45]
 [48]
 [32]
 [54]
 [54]
 [54]
 [55]
 [46]
 [53]
 [53]
 [48]
 [49]
 [48]
 [57]
 [45]
 [49]] 
------------------------ Dataset: Lcy ------------------------
shape: (33, 1), dtype: uint16
Data:[[54]
 [54]
 [56]
 [51]
 [46]
 [52]
 [55]
 [52]
 [52]
 [54]
 [51]
 [45]
 [48]
 [32]
 [54]
 [54]
 [56]
 [51]
 [46]
 [52]
 [55]
 [56]
 [49]
 [52]
 [50]
 [57]
 [57]
 [57]
 [57]
 [57]
 [57]
 [45]
 [49]] 
------------------------ Dataset: Lcz ------------------------
shape: (33, 1), dtype: uint16
Data:[[53]
 [57]
 [48]
 [49]
 [46]
 [51]
 [56]
 [57]
 [55]
 [56]
 [49]
 [45]
 [48]
 [32]
 [53]
 [57]
 [48]
 [49]
 [46]
 [51]
 [57]
 [52]
 [57]
 [54]
 [54]
 [57]
 [57]
 [57]
 [57]
 [57]
 [57]
 [45]
 [49]] 
------------------------ Dataset: Ld ------------------------
