shape: (1, 6), dtype: uint32
Data:[[3707764736          2          1          1       1979          1]] 
------------------------ Dataset: SGb ------------------------
shape: (33, 1), dtype: uint16
Data:[[54]
 [55]
 [55]
 [50]
 [46]
 [56]
 [53]
 [52]
 [49]
 [52]
 [52]
 [57]
 [57]
 [57]
 [57]
 [57]
 [57]
 [45]
 [48]
 [32]
 [54]
 [55]
 [55]
 [50]
 [46]
 [56]
 [53]
 [48]
 [49]
 [50]
 [52]
 [45]
 [49]] 
------------------------ Dataset: SGc ------------------------
shape: (27, 1), dtype: uint16
Data:[[54]
 [50]
 [56]
 [53]
 [46]
 [54]
 [52]
 [53]
 [56]
 [54]
 [52]
 [45]
 [48]
 [32]
 [54]
 [50]
 [56]
 [53]
 [46]
 [54]
 [52]
 [49]
 [57]
 [49]
 [52]
 [45]
 [49]] 
------------------------ Dataset: SGd ------------------------
shape: (25, 1), dtype: uint16
Data:[[54]
 [51]
 [48]
 [49]
 [46]
 [52]
 [48]
 [51]
 [48]
 [57]
 [51]
 [45]
 [48]
 [32]
 [54]
 [51]
 [48]
 [49]
 [46]
 [52]
 [48]
 [51]
 [50]
 [45]
 [49]] 
------------------------ Dataset: SGe ------------------------
shape: (27, 1), dtype: uint16
Data:[[54]
 [51]
 [49]
 [55]
 [46]
 [50]
 [55]
 [54]
 [53]
 [48]
 [56]
 [45]
 [48]
 [32]
 [54]
 [51]
 [49]
 [55]
 [46]
 [50]
 [55]
 [54]
 [53]
 [48]
 [56]
 [45]
 [49]] 
------------------------ Dataset: SGf ------------------------
shape: (33, 1), dtype: uint16
Data:[[54]
 [51]
 [51]
 [51]
 [46]
 [49]
 [48]
 [53]
 [56]
 [57]
 [50]
 [45]
 [48]
 [32]
 [54]
 [51]
 [51]
 [51]
 [46]
 [49]
 [49]
 [48]
 [48]
 [57]
 [53]
 [57]
 [57]
 [57]
 [57]
 [57]
 [57]
 [45]
 [49]] 
------------------------ Dataset: SGg ------------------------
shape: (40, 1), dtype: uint16
Data:[[54]
 [52]
 [57]
 [56]
 [46]
 [50]
 [53]
 [56]
 [54]
 [51]
 [52]
 [57]
 [57]
 [57]
 [57]
 [57]
 [57]
 [45]
 [48]
 [32]
 [54]
 [52]
 [57]
 [56]
 [46]
 [50]
 [53]
 [52]
 [51]
 [53]
 [53]
 [57]
 [57]
 [57]
 [57]
 [57]
 [57]
 [53]
 [45]
 [49]] 
------------------------ Dataset: SGh ------------------------
shape: (27, 1), dtype: uint16
Data:[[54]
 [53]
 [49]
 [52]
 [46]
 [48]
 [53]
 [51]
 [57]
 [57]
 [55]
 [45]
 [48]
 [32]
 [54]
 [53]
 [49]
 [52]
 [46]
 [48]
 [53]
 [56]
 [48]
 [55]
 [56]
 [45]
 [49]] 
------------------------ Dataset: SGi ------------------------
shape: (33, 1), dtype: uint16
Data:[[54]
 [53]
 [50]
 [57]
 [46]
 [56]
 [54]
 [50]
 [49]
 [56]
 [53]
 [57]
 [57]
 [57]
 [57]
 [57]
 [57]
 [45]
 [48]
 [32]
 [54]
 [53]
 [50]
 [57]
 [46]
 [56]
 [53]
 [56]
 [49]
 [49]
 [56]
 [45]
 [49]] 
------------------------ Dataset: SGj ------------------------
shape: (33, 1), dtype: uint16
Data:[[54]
 [48]
 [50]
 [53]
 [46]
 [52]
 [50]
 [48]
 [53]
 [57]
 [56]
 [45]
 [48]
 [32]
 [54]
 [48]
 [50]
 [53]
 [46]
 [52]
 [50]
 [56]
 [54]
 [52]
 [50]
 [57]
 [57]
 [57]
 [57]
 [57]
 [57]
 [45]
 [49]] 
------------------------ Dataset: SGk ------------------------
shape: (27, 1), dtype: uint16
Data:[[54]
 [48]
 [52]
 [49]
 [46]
 [49]
 [54]
 [49]
 [55]
 [55]
 [56]
 [45]
 [48]
 [32]
 [54]
 [48]
 [52]
 [49]
 [46]
 [49]
 [54]
 [53]
 [56]
 [50]
 [52]
 [45]
 [49]] 
------------------------ Dataset: SGl ------------------------
shape: (27, 1), dtype: uint16
Data:[[54]
 [48]
 [53]
 [54]
 [46]
 [56]
 [56]
 [53]
 [55]
 [57]
 [55]
 [45]
 [48]
 [32]
 [54]
 [48]
 [53]
 [54]
 [46]
 [56]
 [56]
 [49]
 [55]
 [55]
 [51]
 [45]
 [49]] 
------------------------ Dataset: SGm ------------------------
shape: (33, 1), dtype: uint16
Data:[[54]
 [48]
 [55]
 [50]
 [46]
 [55]
 [56]
 [49]
 [56]
 [51]
 [51]
 [57]
 [57]
 [57]
 [57]
 [57]
 [57]
 [45]
 [48]
 [32]
 [54]
 [48]
 [55]
 [50]
 [46]
 [55]
 [55]
 [55]
 [56]
 [53]
 [57]
 [45]
 [49]] 
------------------------ Dataset: SGn ------------------------
shape: (13, 1), dtype: uint16
Data:[[53]
 [54]
 [51]
 [51]
 [46]
 [54]
 [52]
 [57]
 [55]
 [51]
 [52]
 [45]
 [48]] 
------------------------ Dataset: SGo ------------------------
shape: (33, 1), dtype: uint16
Data:[[53]
 [54]
 [52]
 [57]
 [46]
 [51]
 [51]
 [51]
 [53]
 [53]
 [49]
 [45]
 [48]
 [32]
 [53]
 [54]
 [52]
 [57]
 [46]
 [51]
 [51]
 [51]
 [54]
 [55]
 [53]
 [57]
 [57]
 [57]
 [57]
 [57]
 [57]
 [45]
 [49]] 
------------------------ Dataset: SGp ------------------------
shape: (34, 1), dtype: uint16
Data:[[53]
 [54]
 [54]
 [53]
 [46]
 [48]
 [54]
 [49]
 [54]
 [49]
 [57]
 [57]
 [57]
 [57]
 [57]
 [57]
 [57]
 [53]
 [45]
 [48]
 [32]
 [53]
 [54]
 [54]
 [53]
 [46]
 [48]
 [54]
 [53]
 [53]
 [56]
 [54]
 [45]
 [49]] 
------------------------ Dataset: SGq ------------------------
shape: (33, 1), dtype: uint16
Data:[[53]
 [54]
 [56]
 [48]
 [46]
 [56]
 [49]
 [55]
 [49]
 [51]
 [49]
 [57]
 [57]
 [57]
 [57]
 [57]
 [57]
 [45]
 [48]
 [32]
 [53]
 [54]
 [56]
 [48]
 [46]
 [56]
 [50]
 [48]
 [50]
 [50]
 [51]
 [45]
 [49]] 
------------------------ Dataset: SGr ------------------------
shape: (31, 1), dtype: uint16
Data:[[53]
 [56]
 [48]
 [55]
 [46]
 [49]
 [49]
 [56]
 [50]
 [45]
 [48]
 [32]
 [53]
 [56]
 [48]
 [55]
 [46]
 [49]
 [50]
 [53]
 [53]
 [56]
 [56]
 [57]
 [57]
 [57]
 [57]
 [57]
 [57]
 [45]
 [49]] 
------------------------ Dataset: SGs ------------------------
shape: (33, 1), dtype: uint16
Data:[[54]
 [52]
 [49]
 [57]
 [46]
 [56]
 [57]
 [55]
 [57]
 [49]
 [57]
 [57]
 [57]
 [57]
 [57]
 [57]
 [57]
 [45]
 [48]
 [32]
 [54]
 [52]
 [49]
 [57]
 [46]
 [56]
 [57]
 [51]
 [57]
 [55]
 [53]
 [45]
 [49]] 
------------------------ Dataset: SGt ------------------------
shape: (27, 1), dtype: uint16
Data:[[54]
 [54]
 [49]
 [49]
 [46]
 [57]
 [57]
 [56]
 [48]
 [48]
 [51]
 [45]
 [48]
 [32]
 [54]
 [54]
 [49]
 [50]
 [46]
 [48]
 [48]
 [49]
 [57]
 [56]
 [53]
 [45]
 [49]] 
------------------------ Dataset: SGu ------------------------
shape: (26, 1), dtype: uint16
Data:[[54]
 [54]
 [50]
 [55]
 [46]
 [57]
 [49]
 [48]
 [48]
 [56]
 [45]
 [48]
 [32]
 [54]
 [54]
 [50]
 [55]
 [46]
 [57]
 [49]
 [52]
 [49]
 [51]
 [56]
 [45]
 [49]] 
------------------------ Dataset: SGv ------------------------
shape: (26, 1), dtype: uint16
Data:[[54]
 [54]
 [52]
 [51]
 [46]
 [54]
 [54]
 [50]
 [48]
 [57]
 [45]
 [48]
 [32]
 [54]
 [54]
 [52]
 [51]
 [46]
 [54]
 [54]
 [54]
 [48]
 [57]
 [53]
 [45]
 [49]] 
------------------------ Dataset: SGw ------------------------
shape: (27, 1), dtype: uint16
Data:[[54]
 [54]
 [53]
 [57]
 [46]
 [52]
 [48]
 [50]
 [48]
 [52]
 [53]
 [45]
 [48]
 [32]
 [54]
 [54]
 [53]
 [57]
 [46]
 [52]
 [48]
 [54]
 [49]
 [48]
 [49]
 [45]
 [49]] 
------------------------ Dataset: SGx ------------------------
shape: (27, 1), dtype: uint16
Data:[[54]
 [54]
 [55]
 [53]
 [46]
 [50]
 [56]
 [48]
 [49]
 [52]
 [53]
 [45]
 [48]
 [32]
 [54]
 [54]
 [55]
 [53]
 [46]
 [50]
 [56]
 [54]
 [52]
 [54]
 [55]
 [45]
 [49]] 
------------------------ Dataset: SGy ------------------------
shape: (27, 1), dtype: uint16
Data:[[54]
 [54]
 [57]
 [49]
 [46]
 [49]
 [57]
 [52]
 [48]
 [56]
 [50]
 [45]
 [48]
 [32]
 [54]
 [54]
 [57]
 [49]
 [46]
 [49]
 [57]
 [50]
 [53]
 [51]
 [54]
 [45]
 [49]] 
------------------------ Dataset: SGz ------------------------
shape: (39, 1), dtype: uint16
Data:[[53]
 [57]
 [48]
 [57]
 [46]
 [48]
 [54]
 [50]
 [50]
 [50]
 [54]
 [57]
 [57]
 [57]
 [57]
 [57]
 [57]
 [45]
 [48]
 [32]
 [53]
 [57]
 [48]
 [57]
 [46]
 [48]
 [54]
 [53]
 [56]
 [54]
 [51]
 [57]
 [57]
 [57]
 [57]
 [57]
 [57]
 [45]
 [49]] 
------------------------ Dataset: SH ------------------------
