shape: (1, 6), dtype: uint32
Data:[[3707764736          2          1          1       1863          1]] 
------------------------ Dataset: YEb ------------------------
shape: (33, 1), dtype: uint16
Data:[[54]
 [55]
 [55]
 [50]
 [46]
 [51]
 [54]
 [51]
 [52]
 [50]
 [56]
 [45]
 [48]
 [32]
 [54]
 [55]
 [55]
 [50]
 [46]
 [51]
 [53]
 [56]
 [49]
 [51]
 [54]
 [57]
 [57]
 [57]
 [57]
 [57]
 [57]
 [45]
 [49]] 
------------------------ Dataset: YEc ------------------------
shape: (34, 1), dtype: uint16
Data:[[54]
 [50]
 [56]
 [53]
 [46]
 [49]
 [52]
 [53]
 [57]
 [53]
 [48]
 [57]
 [57]
 [57]
 [57]
 [57]
 [57]
 [53]
 [45]
 [48]
 [32]
 [54]
 [50]
 [56]
 [53]
 [46]
 [49]
 [52]
 [49]
 [57]
 [49]
 [55]
 [45]
 [49]] 
------------------------ Dataset: YEd ------------------------
shape: (27, 1), dtype: uint16
Data:[[54]
 [51]
 [48]
 [48]
 [46]
 [57]
 [50]
 [53]
 [56]
 [53]
 [56]
 [45]
 [48]
 [32]
 [54]
 [51]
 [48]
 [48]
 [46]
 [57]
 [50]
 [53]
 [56]
 [55]
 [55]
 [45]
 [49]] 
------------------------ Dataset: YEe ------------------------
shape: (27, 1), dtype: uint16
Data:[[54]
 [51]
 [49]
 [54]
 [46]
 [55]
 [57]
 [49]
 [53]
 [56]
 [53]
 [45]
 [48]
 [32]
 [54]
 [51]
 [49]
 [54]
 [46]
 [55]
 [56]
 [54]
 [48]
 [48]
 [53]
 [45]
 [49]] 
------------------------ Dataset: YEf ------------------------
shape: (33, 1), dtype: uint16
Data:[[54]
 [51]
 [51]
 [50]
 [46]
 [54]
 [50]
 [49]
 [57]
 [50]
 [49]
 [57]
 [57]
 [57]
 [57]
 [57]
 [57]
 [45]
 [48]
 [32]
 [54]
 [51]
 [51]
 [50]
 [46]
 [54]
 [49]
 [56]
 [48]
 [57]
 [55]
 [45]
 [49]] 
------------------------ Dataset: YEg ------------------------
shape: (34, 1), dtype: uint16
Data:[[54]
 [52]
 [57]
 [55]
 [46]
 [55]
 [55]
 [52]
 [55]
 [48]
 [55]
 [45]
 [48]
 [32]
 [54]
 [52]
 [57]
 [55]
 [46]
 [55]
 [55]
 [48]
 [57]
 [54]
 [54]
 [57]
 [57]
 [57]
 [57]
 [57]
 [57]
 [53]
 [45]
 [49]] 
------------------------ Dataset: YEh ------------------------
shape: (27, 1), dtype: uint16
Data:[[54]
 [53]
 [49]
 [51]
 [46]
 [53]
 [55]
 [48]
 [54]
 [48]
 [50]
 [45]
 [48]
 [32]
 [54]
 [53]
 [49]
 [51]
 [46]
 [53]
 [55]
 [52]
 [49]
 [48]
 [50]
 [45]
 [49]] 
------------------------ Dataset: YEi ------------------------
shape: (27, 1), dtype: uint16
Data:[[54]
 [53]
 [50]
 [57]
 [46]
 [51]
 [56]
 [54]
 [48]
 [50]
 [56]
 [45]
 [48]
 [32]
 [54]
 [53]
 [50]
 [57]
 [46]
 [51]
 [56]
 [50]
 [56]
 [48]
 [50]
 [45]
 [49]] 
------------------------ Dataset: YEj ------------------------
shape: (27, 1), dtype: uint16
Data:[[54]
 [48]
 [50]
 [52]
 [46]
 [57]
 [52]
 [54]
 [49]
 [49]
 [50]
 [45]
 [48]
 [32]
 [54]
 [48]
 [50]
 [52]
 [46]
 [57]
 [52]
 [55]
 [56]
 [49]
 [56]
 [45]
 [49]] 
------------------------ Dataset: YEk ------------------------
shape: (27, 1), dtype: uint16
Data:[[54]
 [48]
 [52]
 [48]
 [46]
 [54]
 [57]
 [49]
 [56]
 [56]
 [49]
 [45]
 [48]
 [32]
 [54]
 [48]
 [52]
 [48]
 [46]
 [54]
 [57]
 [50]
 [48]
 [50]
 [54]
 [45]
 [49]] 
------------------------ Dataset: YEl ------------------------
shape: (39, 1), dtype: uint16
Data:[[54]
 [48]
 [53]
 [54]
 [46]
 [51]
 [57]
 [51]
 [56]
 [56]
 [49]
 [57]
 [57]
 [57]
 [57]
 [57]
 [57]
 [45]
 [48]
 [32]
 [54]
 [48]
 [53]
 [54]
 [46]
 [51]
 [56]
 [57]
 [55]
 [53]
 [55]
 [57]
 [57]
 [57]
 [57]
 [57]
 [57]
 [45]
 [49]] 
------------------------ Dataset: YEm ------------------------
shape: (27, 1), dtype: uint16
Data:[[54]
 [48]
 [55]
 [50]
 [46]
 [50]
 [57]
 [49]
 [55]
 [54]
 [50]
 [45]
 [48]
 [32]
 [54]
 [48]
 [55]
 [50]
 [46]
 [50]
 [57]
 [52]
 [50]
 [51]
 [49]
 [45]
 [49]] 
------------------------ Dataset: YEn ------------------------
shape: (27, 1), dtype: uint16
Data:[[53]
 [54]
 [51]
 [51]
 [46]
 [49]
 [55]
 [51]
 [55]
 [55]
 [49]
 [45]
 [48]
 [32]
 [53]
 [54]
 [51]
 [51]
 [46]
 [49]
 [55]
 [55]
 [56]
 [52]
 [50]
 [45]
 [49]] 
------------------------ Dataset: YEo ------------------------
shape: (27, 1), dtype: uint16
Data:[[53]
 [54]
 [52]
 [56]
 [46]
 [56]
 [53]
 [48]
 [55]
 [56]
 [57]
 [45]
 [48]
 [32]
 [53]
 [54]
 [52]
 [56]
 [46]
 [56]
 [53]
 [48]
 [57]
 [55]
 [49]
 [45]
 [49]] 
------------------------ Dataset: YEp ------------------------
shape: (27, 1), dtype: uint16
Data:[[53]
 [54]
 [54]
 [52]
 [46]
 [53]
 [56]
 [55]
 [56]
 [56]
 [50]
 [45]
 [48]
 [32]
 [53]
 [54]
 [54]
 [52]
 [46]
 [53]
 [57]
 [48]
 [48]
 [51]
 [54]
 [45]
 [49]] 
------------------------ Dataset: YEq ------------------------
shape: (27, 1), dtype: uint16
Data:[[53]
 [54]
 [56]
 [48]
 [46]
 [51]
 [51]
 [48]
 [57]
 [56]
 [57]
 [45]
 [48]
 [32]
 [53]
 [54]
 [56]
 [48]
 [46]
 [51]
 [51]
 [53]
 [50]
 [50]
 [51]
 [45]
 [49]] 
------------------------ Dataset: YEr ------------------------
shape: (27, 1), dtype: uint16
Data:[[53]
 [56]
 [48]
 [54]
 [46]
 [54]
 [50]
 [54]
 [53]
 [51]
 [51]
 [45]
 [48]
 [32]
 [53]
 [56]
 [48]
 [54]
 [46]
 [54]
 [51]
 [49]
 [55]
 [56]
 [56]
 [45]
 [49]] 
------------------------ Dataset: YEs ------------------------
shape: (34, 1), dtype: uint16
Data:[[54]
 [52]
 [49]
 [57]
 [46]
 [52]
 [49]
 [51]
 [57]
 [49]
 [52]
 [45]
 [48]
 [32]
 [54]
 [52]
 [49]
 [57]
 [46]
 [52]
 [49]
 [56]
 [53]
 [54]
 [56]
 [57]
 [57]
 [57]
 [57]
 [57]
 [57]
 [53]
 [45]
 [49]] 
------------------------ Dataset: YEt ------------------------
shape: (39, 1), dtype: uint16
Data:[[54]
 [54]
 [49]
 [49]
 [46]
 [53]
 [48]
 [54]
 [49]
 [48]
 [54]
 [57]
 [57]
 [57]
 [57]
 [57]
 [57]
 [45]
 [48]
 [32]
 [54]
 [54]
 [49]
 [49]
 [46]
 [53]
 [49]
 [48]
 [48]
 [57]
 [51]
 [57]
 [57]
 [57]
 [57]
 [57]
 [57]
 [45]
 [49]] 
------------------------ Dataset: YEu ------------------------
shape: (40, 1), dtype: uint16
Data:[[54]
 [54]
 [50]
 [55]
 [46]
 [52]
 [50]
 [54]
 [48]
 [54]
 [57]
 [57]
 [57]
 [57]
 [57]
 [57]
 [57]
 [53]
 [45]
 [48]
 [32]
 [54]
 [54]
 [50]
 [55]
 [46]
 [52]
 [51]
 [49]
 [51]
 [52]
 [53]
 [57]
 [57]
 [57]
 [57]
 [57]
 [57]
 [45]
 [49]] 
------------------------ Dataset: YEv ------------------------
shape: (39, 1), dtype: uint16
Data:[[54]
 [54]
 [52]
 [51]
 [46]
 [49]
 [56]
 [54]
 [48]
 [57]
 [53]
 [57]
 [57]
 [57]
 [57]
 [57]
 [57]
 [45]
 [48]
 [32]
 [54]
 [54]
 [52]
 [51]
 [46]
 [49]
 [57]
 [48]
 [51]
 [48]
 [50]
 [57]
 [57]
 [57]
 [57]
 [57]
 [57]
 [45]
 [49]] 
------------------------ Dataset: YEw ------------------------
shape: (27, 1), dtype: uint16
Data:[[54]
 [54]
 [53]
 [56]
 [46]
 [57]
 [51]
 [50]
 [57]
 [51]
 [50]
 [45]
 [48]
 [32]
 [54]
 [54]
 [53]
 [56]
 [46]
 [57]
 [51]
 [54]
 [52]
 [49]
 [53]
 [45]
 [49]] 
------------------------ Dataset: YEx ------------------------
shape: (33, 1), dtype: uint16
Data:[[54]
 [54]
 [55]
 [52]
 [46]
 [55]
 [56]
 [50]
 [48]
 [50]
 [54]
 [57]
 [57]
 [57]
 [57]
 [57]
 [57]
 [45]
 [48]
 [32]
 [54]
 [54]
 [55]
 [52]
 [46]
 [55]
 [55]
 [56]
 [48]
 [49]
 [53]
 [45]
 [49]] 
------------------------ Dataset: YEy ------------------------
shape: (27, 1), dtype: uint16
Data:[[54]
 [54]
 [57]
 [48]
 [46]
 [55]
 [49]
 [48]
 [48]
 [50]
 [51]
 [45]
 [48]
 [32]
 [54]
 [54]
 [57]
 [48]
 [46]
 [55]
 [48]
 [54]
 [52]
 [51]
 [55]
 [45]
 [49]] 
------------------------ Dataset: YEz ------------------------
shape: (33, 1), dtype: uint16
Data:[[53]
 [57]
 [48]
 [56]
 [46]
 [53]
 [56]
 [53]
 [54]
 [56]
 [57]
 [45]
 [48]
 [32]
 [53]
 [57]
 [48]
 [56]
 [46]
 [53]
 [56]
 [57]
 [55]
 [49]
 [50]
 [57]
 [57]
 [57]
 [57]
 [57]
 [57]
 [45]
 [49]] 
------------------------ Dataset: YF ------------------------
