shape: (1, 6), dtype: uint32
Data:[[3707764736          2          1          1       1723          1]] 
------------------------ Dataset: FCb ------------------------
shape: (26, 1), dtype: uint16
Data:[[54]
 [55]
 [55]
 [49]
 [46]
 [55]
 [56]
 [50]
 [54]
 [51]
 [45]
 [48]
 [32]
 [54]
 [55]
 [55]
 [49]
 [46]
 [55]
 [55]
 [56]
 [57]
 [56]
 [56]
 [45]
 [49]] 
------------------------ Dataset: FCc ------------------------
shape: (33, 1), dtype: uint16
Data:[[54]
 [50]
 [56]
 [52]
 [46]
 [53]
 [53]
 [57]
 [49]
 [56]
 [52]
 [45]
 [48]
 [32]
 [54]
 [50]
 [56]
 [52]
 [46]
 [53]
 [54]
 [55]
 [50]
 [56]
 [55]
 [57]
 [57]
 [57]
 [57]
 [57]
 [57]
 [45]
 [49]] 
------------------------ Dataset: FCd ------------------------
shape: (39, 1), dtype: uint16
Data:[[54]
 [51]
 [48]
 [48]
 [46]
 [51]
 [52]
 [49]
 [49]
 [57]
 [53]
 [57]
 [57]
 [57]
 [57]
 [57]
 [57]
 [45]
 [48]
 [32]
 [54]
 [51]
 [48]
 [48]
 [46]
 [51]
 [51]
 [56]
 [56]
 [52]
 [55]
 [57]
 [57]
 [57]
 [57]
 [57]
 [57]
 [45]
 [49]] 
------------------------ Dataset: FCe ------------------------
shape: (27, 1), dtype: uint16
Data:[[54]
 [51]
 [49]
 [54]
 [46]
 [50]
 [48]
 [50]
 [49]
 [49]
 [55]
 [45]
 [48]
 [32]
 [54]
 [51]
 [49]
 [54]
 [46]
 [49]
 [57]
 [57]
 [52]
 [50]
 [53]
 [45]
 [49]] 
------------------------ Dataset: FCf ------------------------
shape: (26, 1), dtype: uint16
Data:[[54]
 [51]
 [51]
 [50]
 [46]
 [48]
 [51]
 [49]
 [57]
 [55]
 [53]
 [45]
 [48]
 [32]
 [54]
 [51]
 [51]
 [50]
 [46]
 [48]
 [51]
 [53]
 [49]
 [52]
 [45]
 [49]] 
------------------------ Dataset: FCg ------------------------
shape: (25, 1), dtype: uint16
Data:[[54]
 [52]
 [57]
 [55]
 [46]
 [49]
 [56]
 [50]
 [50]
 [52]
 [45]
 [48]
 [32]
 [54]
 [52]
 [57]
 [55]
 [46]
 [49]
 [56]
 [54]
 [49]
 [51]
 [45]
 [49]] 
------------------------ Dataset: FCh ------------------------
shape: (39, 1), dtype: uint16
Data:[[54]
 [53]
 [49]
 [50]
 [46]
 [57]
 [54]
 [57]
 [56]
 [54]
 [55]
 [57]
 [57]
 [57]
 [57]
 [57]
 [57]
 [45]
 [48]
 [32]
 [54]
 [53]
 [49]
 [50]
 [46]
 [57]
 [54]
 [51]
 [52]
 [52]
 [49]
 [57]
 [57]
 [57]
 [57]
 [57]
 [57]
 [45]
 [49]] 
------------------------ Dataset: FCi ------------------------
shape: (33, 1), dtype: uint16
Data:[[54]
 [53]
 [50]
 [56]
 [46]
 [55]
 [56]
 [57]
 [57]
 [51]
 [51]
 [45]
 [48]
 [32]
 [54]
 [53]
 [50]
 [56]
 [46]
 [55]
 [56]
 [53]
 [57]
 [56]
 [57]
 [57]
 [57]
 [57]
 [57]
 [57]
 [57]
 [45]
 [49]] 
------------------------ Dataset: FCj ------------------------
shape: (27, 1), dtype: uint16
Data:[[54]
 [48]
 [50]
 [52]
 [46]
 [51]
 [54]
 [49]
 [55]
 [55]
 [57]
 [45]
 [48]
 [32]
 [54]
 [48]
 [50]
 [52]
 [46]
 [51]
 [54]
 [53]
 [54]
 [57]
 [54]
 [45]
 [49]] 
------------------------ Dataset: FCk ------------------------
shape: (33, 1), dtype: uint16
Data:[[54]
 [48]
 [52]
 [48]
 [46]
 [49]
 [49]
 [48]
 [49]
 [55]
 [53]
 [45]
 [48]
 [32]
 [54]
 [48]
 [52]
 [48]
 [46]
 [49]
 [49]
 [48]
 [49]
 [50]
 [52]
 [57]
 [57]
 [57]
 [57]
 [57]
 [57]
 [45]
 [49]] 
------------------------ Dataset: FCl ------------------------
shape: (27, 1), dtype: uint16
Data:[[54]
 [48]
 [53]
 [53]
 [46]
 [55]
 [55]
 [53]
 [53]
 [52]
 [57]
 [45]
 [48]
 [32]
 [54]
 [48]
 [53]
 [53]
 [46]
 [55]
 [55]
 [55]
 [57]
 [48]
 [53]
 [45]
 [49]] 
------------------------ Dataset: FCm ------------------------
shape: (33, 1), dtype: uint16
Data:[[54]
 [48]
 [55]
 [49]
 [46]
 [55]
 [49]
 [55]
 [55]
 [57]
 [57]
 [45]
 [48]
 [32]
 [54]
 [48]
 [55]
 [49]
 [46]
 [55]
 [49]
 [51]
 [55]
 [51]
 [57]
 [57]
 [57]
 [57]
 [57]
 [57]
 [57]
 [45]
 [49]] 
------------------------ Dataset: FCn ------------------------
shape: (33, 1), dtype: uint16
Data:[[53]
 [54]
 [51]
 [50]
 [46]
 [53]
 [57]
 [51]
 [54]
 [52]
 [53]
 [57]
 [57]
 [57]
 [57]
 [57]
 [57]
 [45]
 [48]
 [32]
 [53]
 [54]
 [51]
 [50]
 [46]
 [53]
 [56]
 [57]
 [53]
 [51]
 [55]
 [45]
 [49]] 
------------------------ Dataset: FCo ------------------------
shape: (27, 1), dtype: uint16
Data:[[53]
 [54]
 [52]
 [56]
 [46]
 [50]
 [55]
 [48]
 [49]
 [48]
 [54]
 [45]
 [48]
 [32]
 [53]
 [54]
 [52]
 [56]
 [46]
 [50]
 [54]
 [54]
 [56]
 [48]
 [57]
 [45]
 [49]] 
------------------------ Dataset: FCp ------------------------
shape: (33, 1), dtype: uint16
Data:[[53]
 [54]
 [54]
 [52]
 [46]
 [48]
 [48]
 [53]
 [56]
 [48]
 [51]
 [45]
 [48]
 [32]
 [53]
 [54]
 [54]
 [52]
 [46]
 [48]
 [48]
 [50]
 [57]
 [54]
 [48]
 [57]
 [57]
 [57]
 [57]
 [57]
 [57]
 [45]
 [49]] 
------------------------ Dataset: FCq ------------------------
shape: (27, 1), dtype: uint16
Data:[[53]
 [54]
 [55]
 [57]
 [46]
 [55]
 [52]
 [57]
 [54]
 [49]
 [50]
 [45]
 [48]
 [32]
 [53]
 [54]
 [55]
 [57]
 [46]
 [55]
 [53]
 [51]
 [55]
 [50]
 [49]
 [45]
 [49]] 
------------------------ Dataset: FCr ------------------------
shape: (40, 1), dtype: uint16
Data:[[53]
 [56]
 [48]
 [54]
 [46]
 [48]
 [53]
 [51]
 [57]
 [49]
 [54]
 [57]
 [57]
 [57]
 [57]
 [57]
 [57]
 [45]
 [48]
 [32]
 [53]
 [56]
 [48]
 [54]
 [46]
 [48]
 [53]
 [49]
 [54]
 [51]
 [51]
 [57]
 [57]
 [57]
 [57]
 [57]
 [57]
 [53]
 [45]
 [49]] 
------------------------ Dataset: FCs ------------------------
shape: (27, 1), dtype: uint16
Data:[[54]
 [52]
 [49]
 [56]
 [46]
 [56]
 [49]
 [49]
 [57]
 [54]
 [56]
 [45]
 [48]
 [32]
 [54]
 [52]
 [49]
 [56]
 [46]
 [56]
 [49]
 [53]
 [50]
 [53]
 [52]
 [45]
 [49]] 
------------------------ Dataset: FCt ------------------------
shape: (26, 1), dtype: uint16
Data:[[54]
 [54]
 [49]
 [48]
 [46]
 [57]
 [50]
 [50]
 [48]
 [55]
 [45]
 [48]
 [32]
 [54]
 [54]
 [49]
 [48]
 [46]
 [57]
 [50]
 [52]
 [53]
 [49]
 [54]
 [45]
 [49]] 
------------------------ Dataset: FCu ------------------------
shape: (27, 1), dtype: uint16
Data:[[54]
 [54]
 [50]
 [54]
 [46]
 [56]
 [51]
 [48]
 [48]
 [49]
 [54]
 [45]
 [48]
 [32]
 [54]
 [54]
 [50]
 [54]
 [46]
 [56]
 [51]
 [52]
 [48]
 [50]
 [55]
 [45]
 [49]] 
------------------------ Dataset: FCv ------------------------
shape: (34, 1), dtype: uint16
Data:[[54]
 [54]
 [52]
 [50]
 [46]
 [54]
 [49]
 [48]
 [48]
 [54]
 [51]
 [45]
 [48]
 [32]
 [54]
 [54]
 [52]
 [50]
 [46]
 [54]
 [48]
 [54]
 [49]
 [56]
 [57]
 [57]
 [57]
 [57]
 [57]
 [57]
 [57]
 [53]
 [45]
 [49]] 
------------------------ Dataset: FCw ------------------------
shape: (27, 1), dtype: uint16
Data:[[54]
 [54]
 [53]
 [56]
 [46]
 [51]
 [49]
 [52]
 [48]
 [57]
 [56]
 [45]
 [48]
 [32]
 [54]
 [54]
 [53]
 [56]
 [46]
 [51]
 [49]
 [56]
 [48]
 [51]
 [54]
 [45]
 [49]] 
------------------------ Dataset: FCx ------------------------
shape: (27, 1), dtype: uint16
Data:[[54]
 [54]
 [55]
 [52]
 [46]
 [50]
 [48]
 [55]
 [56]
 [51]
 [49]
 [45]
 [48]
 [32]
 [54]
 [54]
 [55]
 [52]
 [46]
 [50]
 [48]
 [56]
 [48]
 [54]
 [55]
 [45]
 [49]] 
------------------------ Dataset: FCy ------------------------
shape: (33, 1), dtype: uint16
Data:[[54]
 [54]
 [57]
 [48]
 [46]
 [49]
 [49]
 [52]
 [49]
 [49]
 [51]
 [45]
 [48]
 [32]
 [54]
 [54]
 [57]
 [48]
 [46]
 [49]
 [49]
 [56]
 [48]
 [50]
 [56]
 [57]
 [57]
 [57]
 [57]
 [57]
 [57]
 [45]
 [49]] 
------------------------ Dataset: FCz ------------------------
shape: (27, 1), dtype: uint16
Data:[[53]
 [57]
 [48]
 [56]
 [46]
 [48]
 [48]
 [53]
 [57]
 [48]
 [50]
 [45]
 [48]
 [32]
 [53]
 [57]
 [48]
 [56]
 [46]
 [48]
 [48]
 [57]
 [55]
 [51]
 [53]
 [45]
 [49]] 
------------------------ Dataset: FD ------------------------
