shape: (1, 6), dtype: uint32
Data:[[3707764736          2          1          1         26          1]] 
------------------------ Dataset: B0 ------------------------
shape: (27, 1), dtype: uint16
Data:[[54]
 [55]
 [54]
 [52]
 [46]
 [51]
 [54]
 [55]
 [48]
 [53]
 [53]
 [45]
 [48]
 [32]
 [54]
 [55]
 [54]
 [52]
 [46]
 [51]
 [55]
 [48]
 [57]
 [48]
 [50]
 [45]
 [49]] 
------------------------ Dataset: B0b ------------------------
shape: (32, 1), dtype: uint16
Data:[[54]
 [55]
 [56]
 [48]
 [46]
 [49]
 [57]
 [56]
 [48]
 [56]
 [45]
 [48]
 [32]
 [54]
 [55]
 [56]
 [48]
 [46]
 [50]
 [48]
 [50]
 [51]
 [57]
 [49]
 [57]
 [57]
 [57]
 [57]
 [57]
 [57]
 [45]
 [49]] 
------------------------ Dataset: B0c ------------------------
shape: (33, 1), dtype: uint16
Data:[[54]
 [50]
 [57]
 [50]
 [46]
 [57]
 [53]
 [51]
 [57]
 [56]
 [55]
 [57]
 [57]
 [57]
 [57]
 [57]
 [57]
 [45]
 [48]
 [32]
 [54]
 [50]
 [57]
 [50]
 [46]
 [57]
 [53]
 [48]
 [48]
 [57]
 [52]
 [45]
 [49]] 
------------------------ Dataset: B0d ------------------------
shape: (27, 1), dtype: uint16
Data:[[54]
 [51]
 [48]
 [56]
 [46]
 [55]
 [54]
 [57]
 [56]
 [49]
 [57]
 [45]
 [48]
 [32]
 [54]
 [51]
 [48]
 [56]
 [46]
 [55]
 [55]
 [52]
 [48]
 [48]
 [49]
 [45]
 [49]] 
------------------------ Dataset: B0e ------------------------
shape: (27, 1), dtype: uint16
Data:[[54]
 [51]
 [50]
 [52]
 [46]
 [54]
 [49]
 [48]
 [48]
 [50]
 [53]
 [45]
 [48]
 [32]
 [54]
 [51]
 [50]
 [52]
 [46]
 [53]
 [57]
 [56]
 [48]
 [53]
 [57]
 [45]
 [49]] 
------------------------ Dataset: B0f ------------------------
shape: (33, 1), dtype: uint16
Data:[[54]
 [51]
 [52]
 [48]
 [46]
 [52]
 [53]
 [56]
 [50]
 [56]
 [56]
 [45]
 [48]
 [32]
 [54]
 [51]
 [52]
 [48]
 [46]
 [52]
 [53]
 [51]
 [57]
 [57]
 [56]
 [57]
 [57]
 [57]
 [57]
 [57]
 [57]
 [45]
 [49]] 
------------------------ Dataset: B0g ------------------------
shape: (33, 1), dtype: uint16
Data:[[54]
 [53]
 [48]
 [53]
 [46]
 [53]
 [53]
 [56]
 [49]
 [54]
 [51]
 [45]
 [48]
 [32]
 [54]
 [53]
 [48]
 [53]
 [46]
 [53]
 [54]
 [50]
 [48]
 [54]
 [55]
 [57]
 [57]
 [57]
 [57]
 [57]
 [57]
 [45]
 [49]] 
------------------------ Dataset: B0h ------------------------
shape: (33, 1), dtype: uint16
Data:[[54]
 [53]
 [50]
 [49]
 [46]
 [51]
 [56]
 [50]
 [49]
 [53]
 [55]
 [57]
 [57]
 [57]
 [57]
 [57]
 [57]
 [45]
 [48]
 [32]
 [54]
 [53]
 [50]
 [49]
 [46]
 [51]
 [56]
 [54]
 [48]
 [50]
 [50]
 [45]
 [49]] 
------------------------ Dataset: B0i ------------------------
shape: (39, 1), dtype: uint16
Data:[[54]
 [48]
 [49]
 [54]
 [46]
 [57]
 [51]
 [55]
 [55]
 [52]
 [52]
 [57]
 [57]
 [57]
 [57]
 [57]
 [57]
 [45]
 [48]
 [32]
 [54]
 [48]
 [49]
 [54]
 [46]
 [57]
 [52]
 [49]
 [55]
 [52]
 [50]
 [57]
 [57]
 [57]
 [57]
 [57]
 [57]
 [45]
 [49]] 
------------------------ Dataset: B0j ------------------------
shape: (40, 1), dtype: uint16
Data:[[54]
 [48]
 [51]
 [50]
 [46]
 [55]
 [56]
 [48]
 [48]
 [49]
 [55]
 [57]
 [57]
 [57]
 [57]
 [57]
 [57]
 [53]
 [45]
 [48]
 [32]
 [54]
 [48]
 [51]
 [50]
 [46]
 [55]
 [56]
 [51]
 [54]
 [49]
 [49]
 [57]
 [57]
 [57]
 [57]
 [57]
 [57]
 [45]
 [49]] 
------------------------ Dataset: B0k ------------------------
shape: (34, 1), dtype: uint16
Data:[[54]
 [48]
 [52]
 [56]
 [46]
 [51]
 [53]
 [55]
 [55]
 [53]
 [56]
 [57]
 [57]
 [57]
 [57]
 [57]
 [57]
 [53]
 [45]
 [48]
 [32]
 [54]
 [48]
 [52]
 [56]
 [46]
 [51]
 [54]
 [49]
 [55]
 [57]
 [56]
 [45]
 [49]] 
------------------------ Dataset: B0l ------------------------
shape: (33, 1), dtype: uint16
Data:[[54]
 [48]
 [54]
 [52]
 [46]
 [50]
 [51]
 [55]
 [55]
 [51]
 [56]
 [57]
 [57]
 [57]
 [57]
 [57]
 [57]
 [45]
 [48]
 [32]
 [54]
 [48]
 [54]
 [52]
 [46]
 [50]
 [52]
 [49]
 [55]
 [50]
 [55]
 [45]
 [49]] 
------------------------ Dataset: B0m ------------------------
shape: (27, 1), dtype: uint16
Data:[[54]
 [48]
 [56]
 [48]
 [46]
 [49]
 [50]
 [51]
 [51]
 [57]
 [53]
 [45]
 [48]
 [32]
 [54]
 [48]
 [56]
 [48]
 [46]
 [49]
 [50]
 [57]
 [52]
 [53]
 [54]
 [45]
 [49]] 
------------------------ Dataset: B0n ------------------------
shape: (27, 1), dtype: uint16
Data:[[53]
 [54]
 [52]
 [48]
 [46]
 [57]
 [49]
 [54]
 [57]
 [51]
 [55]
 [45]
 [48]
 [32]
 [53]
 [54]
 [52]
 [48]
 [46]
 [57]
 [50]
 [50]
 [49]
 [53]
 [52]
 [45]
 [49]] 
------------------------ Dataset: B0o ------------------------
shape: (34, 1), dtype: uint16
Data:[[53]
 [54]
 [53]
 [54]
 [46]
 [54]
 [53]
 [51]
 [56]
 [49]
 [51]
 [45]
 [48]
 [32]
 [53]
 [54]
 [53]
 [54]
 [46]
 [54]
 [53]
 [55]
 [55]
 [57]
 [53]
 [57]
 [57]
 [57]
 [57]
 [57]
 [57]
 [53]
 [45]
 [49]] 
------------------------ Dataset: B0p ------------------------
shape: (33, 1), dtype: uint16
Data:[[53]
 [54]
 [55]
 [50]
 [46]
 [51]
 [53]
 [55]
 [53]
 [55]
 [49]
 [45]
 [48]
 [32]
 [53]
 [54]
 [55]
 [50]
 [46]
 [51]
 [53]
 [51]
 [53]
 [55]
 [50]
 [57]
 [57]
 [57]
 [57]
 [57]
 [57]
 [45]
 [49]] 
------------------------ Dataset: B0q ------------------------
shape: (27, 1), dtype: uint16
Data:[[53]
 [54]
 [56]
 [56]
 [46]
 [49]
 [52]
 [50]
 [53]
 [49]
 [52]
 [45]
 [48]
 [32]
 [53]
 [54]
 [56]
 [56]
 [46]
 [49]
 [52]
 [48]
 [54]
 [55]
 [49]
 [45]
 [49]] 
------------------------ Dataset: B0r ------------------------
shape: (27, 1), dtype: uint16
Data:[[53]
 [56]
 [49]
 [52]
 [46]
 [51]
 [57]
 [48]
 [55]
 [49]
 [51]
 [45]
 [48]
 [32]
 [53]
 [56]
 [49]
 [52]
 [46]
 [51]
 [56]
 [56]
 [56]
 [55]
 [57]
 [45]
 [49]] 
------------------------ Dataset: B0s ------------------------
shape: (26, 1), dtype: uint16
Data:[[54]
 [54]
 [48]
 [51]
 [46]
 [52]
 [50]
 [57]
 [57]
 [53]
 [45]
 [48]
 [32]
 [54]
 [54]
 [48]
 [51]
 [46]
 [52]
 [50]
 [54]
 [48]
 [52]
 [57]
 [45]
 [49]] 
------------------------ Dataset: B0t ------------------------
shape: (33, 1), dtype: uint16
Data:[[54]
 [54]
 [49]
 [57]
 [46]
 [52]
 [48]
 [53]
 [57]
 [57]
 [55]
 [57]
 [57]
 [57]
 [57]
 [57]
 [57]
 [45]
 [48]
 [32]
 [54]
 [54]
 [49]
 [57]
 [46]
 [52]
 [49]
 [48]
 [48]
 [53]
 [57]
 [45]
 [49]] 
------------------------ Dataset: B0u ------------------------
shape: (34, 1), dtype: uint16
Data:[[54]
 [54]
 [51]
 [53]
 [46]
 [51]
 [48]
 [50]
 [49]
 [50]
 [50]
 [57]
 [57]
 [57]
 [57]
 [57]
 [57]
 [53]
 [45]
 [48]
 [32]
 [54]
 [54]
 [51]
 [53]
 [46]
 [50]
 [57]
 [56]
 [48]
 [54]
 [52]
 [45]
 [49]] 
------------------------ Dataset: B0v ------------------------
shape: (33, 1), dtype: uint16
Data:[[54]
 [54]
 [53]
 [48]
 [46]
 [56]
 [54]
 [54]
 [48]
 [57]
 [51]
 [45]
 [48]
 [32]
 [54]
 [54]
 [53]
 [48]
 [46]
 [56]
 [55]
 [48]
 [48]
 [50]
 [52]
 [57]
 [57]
 [57]
 [57]
 [57]
 [57]
 [45]
 [49]] 
------------------------ Dataset: B0w ------------------------
shape: (27, 1), dtype: uint16
Data:[[54]
 [54]
 [54]
 [54]
 [46]
 [55]
 [51]
 [48]
 [49]
 [54]
 [53]
 [45]
 [48]
 [32]
 [54]
 [54]
 [54]
 [54]
 [46]
 [55]
 [50]
 [54]
 [49]
 [54]
 [52]
 [45]
 [49]] 
------------------------ Dataset: B0x ------------------------
shape: (34, 1), dtype: uint16
Data:[[54]
 [54]
 [56]
 [50]
 [46]
 [54]
 [55]
 [48]
 [52]
 [55]
 [50]
 [45]
 [48]
 [32]
 [54]
 [54]
 [56]
 [50]
 [46]
 [54]
 [55]
 [53]
 [56]
 [52]
 [54]
 [57]
 [57]
 [57]
 [57]
 [57]
 [57]
 [53]
 [45]
 [49]] 
------------------------ Dataset: B0y ------------------------
shape: (32, 1), dtype: uint16
Data:[[53]
 [57]
 [48]
 [48]
 [46]
 [53]
 [56]
 [49]
 [54]
 [57]
 [45]
 [48]
 [32]
 [53]
 [57]
 [48]
 [48]
 [46]
 [53]
 [56]
 [53]
 [54]
 [56]
 [53]
 [57]
 [57]
 [57]
 [57]
 [57]
 [57]
 [45]
 [49]] 
------------------------ Dataset: B0z ------------------------
shape: (27, 1), dtype: uint16
Data:[[53]
 [57]
 [49]
 [54]
 [46]
 [52]
 [53]
 [54]
 [48]
 [50]
 [52]
 [45]
 [48]
 [32]
 [53]
 [57]
 [49]
 [54]
 [46]
 [52]
 [53]
 [53]
 [57]
 [53]
 [55]
 [45]
 [49]] 
------------------------ Dataset: B1 ------------------------
shape: (33, 1), dtype: uint16
Data:[[54]
 [55]
 [54]
 [50]
 [46]
 [48]
 [53]
 [56]
 [55]
 [49]
 [55]
 [45]
 [48]
 [32]
 [54]
 [55]
 [54]
 [50]
 [46]
 [48]
 [53]
 [54]
 [51]
 [56]
 [56]
 [57]
 [57]
 [57]
 [57]
 [57]
 [57]
 [45]
 [49]] 
------------------------ Dataset: B1b ------------------------
shape: (33, 1), dtype: uint16
Data:[[54]
 [55]
 [55]
 [55]
 [46]
 [56]
 [57]
 [48]
 [51]
 [48]
 [53]
 [57]
 [57]
 [57]
 [57]
 [57]
 [57]
 [45]
 [48]
 [32]
 [54]
 [55]
 [55]
 [55]
 [46]
 [56]
 [57]
 [52]
 [49]
 [52]
 [55]
 [45]
 [49]] 
------------------------ Dataset: B1c ------------------------
shape: (33, 1), dtype: uint16
Data:[[54]
 [50]
 [57]
 [48]
 [46]
 [54]
 [55]
 [56]
 [51]
 [55]
 [54]
 [57]
 [57]
 [57]
 [57]
 [57]
 [57]
 [45]
 [48]
 [32]
 [54]
 [50]
 [57]
 [48]
 [46]
 [54]
 [55]
 [56]
 [51]
 [51]
 [54]
 [45]
 [49]] 
------------------------ Dataset: B1d ------------------------
shape: (33, 1), dtype: uint16
Data:[[54]
 [51]
 [48]
 [54]
 [46]
 [53]
 [48]
 [49]
 [56]
 [56]
 [54]
 [45]
 [48]
 [32]
 [54]
 [51]
 [48]
 [54]
 [46]
 [52]
 [57]
 [55]
 [57]
 [49]
 [53]
 [57]
 [57]
 [57]
 [57]
 [57]
 [57]
 [45]
 [49]] 
------------------------ Dataset: B1e ------------------------
shape: (33, 1), dtype: uint16
Data:[[54]
 [51]
 [50]
 [50]
 [46]
 [50]
 [55]
 [55]
 [56]
 [48]
 [48]
 [57]
 [57]
 [57]
 [57]
 [57]
 [57]
 [45]
 [48]
 [32]
 [54]
 [51]
 [50]
 [50]
 [46]
 [50]
 [56]
 [51]
 [49]
 [53]
 [49]
 [45]
 [49]] 
------------------------ Dataset: B1f ------------------------
shape: (12, 1), dtype: uint16
Data:[[54]
 [51]
 [51]
 [56]
 [46]
 [49]
 [52]
 [49]
 [57]
 [57]
 [45]
 [48]] 
------------------------ Dataset: B1g ------------------------
shape: (39, 1), dtype: uint16
Data:[[54]
 [53]
 [48]
 [51]
 [46]
 [50]
 [53]
 [56]
 [48]
 [48]
 [56]
 [57]
 [57]
 [57]
 [57]
 [57]
 [57]
 [45]
 [48]
 [32]
 [54]
 [53]
 [48]
 [51]
 [46]
 [50]
 [53]
 [52]
 [48]
 [55]
 [48]
 [57]
 [57]
 [57]
 [57]
 [57]
 [57]
 [45]
 [49]] 
------------------------ Dataset: B1h ------------------------
shape: (33, 1), dtype: uint16
Data:[[54]
 [53]
 [49]
 [57]
 [46]
 [48]
 [54]
 [53]
 [57]
 [56]
 [55]
 [57]
 [57]
 [57]
 [57]
 [57]
 [57]
 [45]
 [48]
 [32]
 [54]
 [53]
 [49]
 [57]
 [46]
 [48]
 [54]
 [57]
 [57]
 [55]
 [51]
 [45]
 [49]] 
------------------------ Dataset: B1i ------------------------
shape: (32, 1), dtype: uint16
Data:[[54]
 [48]
 [49]
 [52]
 [46]
 [54]
 [49]
 [51]
 [57]
 [56]
 [45]
 [48]
 [32]
 [54]
 [48]
 [49]
 [52]
 [46]
 [54]
 [49]
 [55]
 [57]
 [53]
 [51]
 [57]
 [57]
 [57]
 [57]
 [57]
 [57]
 [45]
 [49]] 
------------------------ Dataset: B1j ------------------------
shape: (33, 1), dtype: uint16
Data:[[54]
 [48]
 [51]
 [48]
 [46]
 [52]
 [55]
 [55]
 [55]
 [55]
 [54]
 [45]
 [48]
 [32]
 [54]
 [48]
 [51]
 [48]
 [46]
 [52]
 [55]
 [52]
 [50]
 [49]
 [55]
 [57]
 [57]
 [57]
 [57]
 [57]
 [57]
 [45]
 [49]] 
------------------------ Dataset: B1k ------------------------
shape: (33, 1), dtype: uint16
Data:[[54]
 [48]
 [52]
 [54]
 [46]
 [48]
 [57]
 [55]
 [57]
 [56]
 [57]
 [57]
 [57]
 [57]
 [57]
 [57]
 [57]
 [45]
 [48]
 [32]
 [54]
 [48]
 [52]
 [54]
 [46]
 [48]
 [57]
 [52]
 [48]
 [48]
 [56]
 [45]
 [49]] 
------------------------ Dataset: B1l ------------------------
shape: (33, 1), dtype: uint16
Data:[[54]
 [48]
 [54]
 [49]
 [46]
 [57]
 [52]
 [57]
 [55]
 [49]
 [56]
 [57]
 [57]
 [57]
 [57]
 [57]
 [57]
 [45]
 [48]
 [32]
 [54]
 [48]
 [54]
 [49]
 [46]
 [57]
 [52]
 [51]
 [49]
 [53]
 [50]
 [45]
 [49]] 
------------------------ Dataset: B1m ------------------------
shape: (33, 1), dtype: uint16
Data:[[54]
 [48]
 [55]
 [55]
 [46]
 [56]
 [49]
 [55]
 [55]
 [53]
 [55]
 [57]
 [57]
 [57]
 [57]
 [57]
 [57]
 [45]
 [48]
 [32]
 [54]
 [48]
 [55]
 [55]
 [46]
 [56]
 [50]
 [49]
 [55]
 [53]
 [50]
 [45]
 [49]] 
------------------------ Dataset: B1n ------------------------
shape: (40, 1), dtype: uint16
Data:[[53]
 [54]
 [51]
 [56]
 [46]
 [54]
 [51]
 [55]
 [54]
 [56]
 [51]
 [57]
 [57]
 [57]
 [57]
 [57]
 [57]
 [45]
 [48]
 [32]
 [53]
 [54]
 [51]
 [56]
 [46]
 [54]
 [52]
 [49]
 [54]
 [51]
 [48]
 [57]
 [57]
 [57]
 [57]
 [57]
 [57]
 [53]
 [45]
 [49]] 
------------------------ Dataset: B1o ------------------------
shape: (27, 1), dtype: uint16
Data:[[53]
 [54]
 [53]
 [52]
 [46]
 [51]
 [54]
 [49]
 [53]
 [56]
 [53]
 [45]
 [48]
 [32]
 [53]
 [54]
 [53]
 [52]
 [46]
 [51]
 [53]
 [55]
 [54]
 [48]
 [55]
 [45]
 [49]] 
------------------------ Dataset: B1p ------------------------
shape: (27, 1), dtype: uint16
Data:[[53]
 [54]
 [55]
 [48]
 [46]
 [48]
 [55]
 [49]
 [49]
 [48]
 [56]
 [45]
 [48]
 [32]
 [53]
 [54]
 [55]
 [48]
 [46]
 [48]
 [55]
 [48]
 [55]
 [50]
 [51]
 [45]
 [49]] 
------------------------ Dataset: B1q ------------------------
shape: (33, 1), dtype: uint16
Data:[[53]
 [54]
 [56]
 [53]
 [46]
 [56]
 [53]
 [55]
 [56]
 [54]
 [50]
 [57]
 [57]
 [57]
 [57]
 [57]
 [57]
 [45]
 [48]
 [32]
 [53]
 [54]
 [56]
 [53]
 [46]
 [56]
 [53]
 [51]
 [55]
 [56]
 [49]
 [45]
 [49]] 
------------------------ Dataset: B1r ------------------------
shape: (33, 1), dtype: uint16
Data:[[53]
 [56]
 [49]
 [50]
 [46]
 [48]
 [57]
 [55]
 [55]
 [53]
 [54]
 [45]
 [48]
 [32]
 [53]
 [56]
 [49]
 [50]
 [46]
 [49]
 [48]
 [49]
 [56]
 [53]
 [53]
 [57]
 [57]
 [57]
 [57]
 [57]
 [57]
 [45]
 [49]] 
------------------------ Dataset: B1s ------------------------
shape: (27, 1), dtype: uint16
Data:[[54]
 [54]
 [48]
 [49]
 [46]
 [49]
 [54]
 [50]
 [48]
 [55]
 [52]
 [45]
 [48]
 [32]
 [54]
 [54]
 [48]
 [49]
 [46]
 [49]
 [53]
 [56]
 [48]
 [55]
 [51]
 [45]
 [49]] 
------------------------ Dataset: B1t ------------------------
shape: (26, 1), dtype: uint16
Data:[[54]
 [54]
 [49]
 [55]
 [46]
 [48]
 [57]
 [48]
 [48]
 [54]
 [51]
 [45]
 [48]
 [32]
 [54]
 [54]
 [49]
 [55]
 [46]
 [48]
 [56]
 [54]
 [48]
 [54]
 [45]
 [49]] 
------------------------ Dataset: B1u ------------------------
shape: (34, 1), dtype: uint16
Data:[[54]
 [54]
 [51]
 [50]
 [46]
 [57]
 [55]
 [56]
 [50]
 [48]
 [49]
 [45]
 [48]
 [32]
 [54]
 [54]
 [51]
 [50]
 [46]
 [57]
 [55]
 [52]
 [48]
 [52]
 [56]
 [57]
 [57]
 [57]
 [57]
 [57]
 [57]
 [53]
 [45]
 [49]] 
------------------------ Dataset: B1v ------------------------
shape: (39, 1), dtype: uint16
Data:[[54]
 [54]
 [52]
 [56]
 [46]
 [53]
 [57]
 [56]
 [51]
 [50]
 [53]
 [57]
 [57]
 [57]
 [57]
 [57]
 [57]
 [45]
 [48]
 [32]
 [54]
 [54]
 [52]
 [56]
 [46]
 [53]
 [57]
 [52]
 [51]
 [55]
 [54]
 [57]
 [57]
 [57]
 [57]
 [57]
 [57]
 [45]
 [49]] 
------------------------ Dataset: B1w ------------------------
shape: (39, 1), dtype: uint16
Data:[[54]
 [54]
 [54]
 [52]
 [46]
 [52]
 [50]
 [51]
 [50]
 [48]
 [50]
 [57]
 [57]
 [57]
 [57]
 [57]
 [57]
 [45]
 [48]
 [32]
 [54]
 [54]
 [54]
 [52]
 [46]
 [52]
 [50]
 [51]
 [49]
 [52]
 [48]
 [57]
 [57]
 [57]
 [57]
 [57]
 [57]
 [45]
 [49]] 
------------------------ Dataset: B1x ------------------------
shape: (33, 1), dtype: uint16
Data:[[54]
 [54]
 [56]
 [48]
 [46]
 [51]
 [53]
 [48]
 [50]
 [51]
 [53]
 [57]
 [57]
 [57]
 [57]
 [57]
 [57]
 [45]
 [48]
 [32]
 [54]
 [54]
 [56]
 [48]
 [46]
 [51]
 [52]
 [54]
 [49]
 [51]
 [54]
 [45]
 [49]] 
------------------------ Dataset: B1y ------------------------
shape: (34, 1), dtype: uint16
Data:[[53]
 [56]
 [57]
 [56]
 [46]
 [50]
 [57]
 [56]
 [50]
 [53]
 [51]
 [45]
 [48]
 [32]
 [53]
 [56]
 [57]
 [56]
 [46]
 [50]
 [57]
 [56]
 [49]
 [49]
 [49]
 [57]
 [57]
 [57]
 [57]
 [57]
 [57]
 [53]
 [45]
 [49]] 
------------------------ Dataset: B1z ------------------------
shape: (41, 1), dtype: uint16
Data:[[53]
 [57]
 [49]
 [52]
 [46]
 [49]
 [51]
 [55]
 [55]
 [50]
 [57]
 [57]
 [57]
 [57]
 [57]
 [57]
 [57]
 [53]
 [45]
 [48]
 [32]
 [53]
 [57]
 [49]
 [52]
 [46]
 [49]
 [52]
 [50]
 [51]
 [49]
 [53]
 [57]
 [57]
 [57]
 [57]
 [57]
 [57]
 [53]
 [45]
 [49]] 
------------------------ Dataset: B2 ------------------------
shape: (27, 1), dtype: uint16
Data:[[54]
 [55]
 [54]
 [50]
 [46]
 [51]
 [49]
 [56]
 [57]
 [53]
 [56]
 [45]
 [48]
 [32]
 [54]
 [55]
 [54]
 [50]
 [46]
 [51]
 [50]
 [48]
 [50]
 [57]
 [54]
 [45]
 [49]] 
------------------------ Dataset: B2b ------------------------
shape: (34, 1), dtype: uint16
Data:[[54]
 [55]
 [55]
 [56]
 [46]
 [49]
 [51]
 [56]
 [50]
 [50]
 [54]
 [57]
 [57]
 [57]
 [57]
 [57]
 [57]
 [53]
 [45]
 [48]
 [32]
 [54]
 [55]
 [55]
 [56]
 [46]
 [49]
 [52]
 [50]
 [50]
 [55]
 [50]
 [45]
 [49]] 
------------------------ Dataset: B2c ------------------------
shape: (25, 1), dtype: uint16
Data:[[54]
 [50]
 [57]
 [48]
 [46]
 [57]
 [50]
 [57]
 [57]
 [45]
 [48]
 [32]
 [54]
 [50]
 [57]
 [48]
 [46]
 [57]
 [50]
 [53]
 [57]
 [53]
 [56]
 [45]
 [49]] 
------------------------ Dataset: B2d ------------------------
shape: (39, 1), dtype: uint16
Data:[[54]
 [51]
 [48]
 [54]
 [46]
 [55]
 [54]
 [49]
 [57]
 [56]
 [50]
 [57]
 [57]
 [57]
 [57]
 [57]
 [57]
 [45]
 [48]
 [32]
 [54]
 [51]
 [48]
 [54]
 [46]
 [55]
 [54]
 [54]
 [48]
 [50]
 [50]
 [57]
 [57]
 [57]
 [57]
 [57]
 [57]
 [45]
 [49]] 
------------------------ Dataset: B2e ------------------------
shape: (27, 1), dtype: uint16
Data:[[54]
 [51]
 [50]
 [50]
 [46]
 [53]
 [51]
 [55]
 [57]
 [51]
 [57]
 [45]
 [48]
 [32]
 [54]
 [51]
 [50]
 [50]
 [46]
 [53]
 [52]
 [49]
 [57]
 [51]
 [55]
 [45]
 [49]] 
------------------------ Dataset: B2f ------------------------
shape: (27, 1), dtype: uint16
Data:[[54]
 [51]
 [51]
 [56]
 [46]
 [51]
 [57]
 [52]
 [49]
 [49]
 [50]
 [45]
 [48]
 [32]
 [54]
 [51]
 [51]
 [56]
 [46]
 [51]
 [57]
 [56]
 [48]
 [48]
 [52]
 [45]
 [49]] 
------------------------ Dataset: B2g ------------------------
shape: (33, 1), dtype: uint16
Data:[[54]
 [53]
 [48]
 [51]
 [46]
 [53]
 [49]
 [48]
 [48]
 [52]
 [56]
 [45]
 [48]
 [32]
 [54]
 [53]
 [48]
 [51]
 [46]
 [53]
 [48]
 [54]
 [48]
 [57]
 [56]
 [57]
 [57]
 [57]
 [57]
 [57]
 [57]
 [45]
 [49]] 
------------------------ Dataset: B2h ------------------------
shape: (27, 1), dtype: uint16
Data:[[54]
 [53]
 [49]
 [57]
 [46]
 [51]
 [52]
 [50]
 [48]
 [48]
 [57]
 [45]
 [48]
 [32]
 [54]
 [53]
 [49]
 [57]
 [46]
 [51]
 [51]
 [56]
 [48]
 [53]
 [55]
 [45]
 [49]] 
------------------------ Dataset: B2i ------------------------
shape: (19, 1), dtype: uint16
Data:[[54]
 [48]
 [49]
 [52]
 [46]
 [56]
 [55]
 [50]
 [50]
 [50]
 [55]
 [57]
 [57]
 [57]
 [57]
 [57]
 [57]
 [45]
 [49]] 
------------------------ Dataset: B2j ------------------------
shape: (27, 1), dtype: uint16
Data:[[54]
 [48]
 [51]
 [48]
 [46]
 [55]
 [50]
 [53]
 [55]
 [53]
 [54]
 [45]
 [48]
 [32]
 [54]
 [48]
 [51]
 [48]
 [46]
 [55]
 [50]
 [53]
 [55]
 [54]
 [49]
 [45]
 [49]] 
------------------------ Dataset: B2k ------------------------
shape: (19, 1), dtype: uint16
Data:[[54]
 [48]
 [52]
 [54]
 [46]
 [51]
 [52]
 [53]
 [56]
 [57]
 [49]
 [57]
 [57]
 [57]
 [57]
 [57]
 [57]
 [45]
 [49]] 
------------------------ Dataset: B2l ------------------------
shape: (33, 1), dtype: uint16
Data:[[54]
 [48]
 [54]
 [50]
 [46]
 [49]
 [57]
 [55]
 [54]
 [54]
 [56]
 [57]
 [57]
 [57]
 [57]
 [57]
 [57]
 [45]
 [48]
 [32]
 [54]
 [48]
 [54]
 [50]
 [46]
 [49]
 [57]
 [51]
 [55]
 [53]
 [55]
 [45]
 [49]] 
------------------------ Dataset: B2m ------------------------
shape: (27, 1), dtype: uint16
Data:[[54]
 [48]
 [55]
 [56]
 [46]
 [48]
 [54]
 [57]
 [56]
 [51]
 [52]
 [45]
 [48]
 [32]
 [54]
 [48]
 [55]
 [56]
 [46]
 [48]
 [55]
 [51]
 [56]
 [54]
 [54]
 [45]
 [49]] 
------------------------ Dataset: B2n ------------------------
shape: (27, 1), dtype: uint16
Data:[[53]
 [54]
 [51]
 [56]
 [46]
 [56]
 [56]
 [53]
 [55]
 [50]
 [50]
 [45]
 [48]
 [32]
 [53]
 [54]
 [51]
 [56]
 [46]
 [56]
 [56]
 [57]
 [53]
 [55]
 [52]
 [45]
 [49]] 
------------------------ Dataset: B2o ------------------------
shape: (34, 1), dtype: uint16
Data:[[53]
 [54]
 [53]
 [52]
 [46]
 [54]
 [50]
 [53]
 [56]
 [54]
 [53]
 [45]
 [48]
 [32]
 [53]
 [54]
 [53]
 [52]
 [46]
 [54]
 [50]
 [49]
 [50]
 [52]
 [55]
 [57]
 [57]
 [57]
 [57]
 [57]
 [57]
 [53]
 [45]
 [49]] 
------------------------ Dataset: B2p ------------------------
shape: (27, 1), dtype: uint16
Data:[[53]
 [54]
 [55]
 [48]
 [46]
 [51]
 [50]
 [52]
 [56]
 [50]
 [54]
 [45]
 [48]
 [32]
 [53]
 [54]
 [55]
 [48]
 [46]
 [51]
 [50]
 [57]
 [53]
 [53]
 [51]
 [45]
 [49]] 
------------------------ Dataset: B2q ------------------------
shape: (33, 1), dtype: uint16
Data:[[53]
 [54]
 [56]
 [54]
 [46]
 [49]
 [48]
 [53]
 [56]
 [56]
 [55]
 [45]
 [48]
 [32]
 [53]
 [54]
 [56]
 [54]
 [46]
 [49]
 [48]
 [51]
 [48]
 [55]
 [50]
 [57]
 [57]
 [57]
 [57]
 [57]
 [57]
 [45]
 [49]] 
------------------------ Dataset: B2r ------------------------
shape: (34, 1), dtype: uint16
Data:[[53]
 [56]
 [49]
 [50]
 [46]
 [51]
 [53]
 [51]
 [55]
 [48]
 [52]
 [57]
 [57]
 [57]
 [57]
 [57]
 [57]
 [53]
 [45]
 [48]
 [32]
 [53]
 [56]
 [49]
 [50]
 [46]
 [51]
 [52]
 [57]
 [54]
 [57]
 [53]
 [45]
 [49]] 
------------------------ Dataset: B2s ------------------------
shape: (27, 1), dtype: uint16
Data:[[54]
 [54]
 [48]
 [49]
 [46]
 [52]
 [49]
 [48]
 [49]
 [52]
 [53]
 [45]
 [48]
 [32]
 [54]
 [54]
 [48]
 [49]
 [46]
 [52]
 [48]
 [55]
 [54]
 [55]
 [51]
 [45]
 [49]] 
------------------------ Dataset: B2t ------------------------
shape: (40, 1), dtype: uint16
Data:[[54]
 [54]
 [49]
 [55]
 [46]
 [51]
 [52]
 [56]
 [51]
 [54]
 [51]
 [57]
 [57]
 [57]
 [57]
 [57]
 [57]
 [53]
 [45]
 [48]
 [32]
 [54]
 [54]
 [49]
 [55]
 [46]
 [51]
 [52]
 [55]
 [56]
 [57]
 [53]
 [57]
 [57]
 [57]
 [57]
 [57]
 [57]
 [45]
 [49]] 
------------------------ Dataset: B2u ------------------------
shape: (33, 1), dtype: uint16
Data:[[54]
 [54]
 [51]
 [51]
 [46]
 [50]
 [50]
 [54]
 [50]
 [52]
 [45]
 [48]
 [32]
 [54]
 [54]
 [51]
 [51]
 [46]
 [50]
 [51]
 [48]
 [53]
 [50]
 [56]
 [57]
 [57]
 [57]
 [57]
 [57]
 [57]
 [53]
 [45]
 [49]] 
------------------------ Dataset: B2v ------------------------
shape: (27, 1), dtype: uint16
Data:[[54]
 [54]
 [52]
 [56]
 [46]
 [56]
 [53]
 [52]
 [57]
 [48]
 [54]
 [45]
 [48]
 [32]
 [54]
 [54]
 [52]
 [56]
 [46]
 [56]
 [52]
 [54]
 [51]
 [57]
 [57]
 [45]
 [49]] 
------------------------ Dataset: B2w ------------------------
shape: (13, 1), dtype: uint16
Data:[[54]
 [54]
 [54]
 [52]
 [46]
 [54]
 [56]
 [50]
 [48]
 [57]
 [52]
 [45]
 [48]] 
------------------------ Dataset: B2x ------------------------
shape: (33, 1), dtype: uint16
Data:[[54]
 [54]
 [56]
 [48]
 [46]
 [54]
 [49]
 [52]
 [54]
 [52]
 [45]
 [48]
 [32]
 [54]
 [54]
 [56]
 [48]
 [46]
 [54]
 [49]
 [55]
 [55]
 [48]
 [57]
 [57]
 [57]
 [57]
 [57]
 [57]
 [57]
 [53]
 [45]
 [49]] 
------------------------ Dataset: B2y ------------------------
shape: (27, 1), dtype: uint16
Data:[[53]
 [56]
 [57]
 [56]
 [46]
 [53]
 [53]
 [57]
 [51]
 [55]
 [50]
 [45]
 [48]
 [32]
 [53]
 [56]
 [57]
 [56]
 [46]
 [53]
 [53]
 [48]
 [54]
 [52]
 [55]
 [45]
 [49]] 
------------------------ Dataset: B2z ------------------------
shape: (25, 1), dtype: uint16
Data:[[53]
 [57]
 [49]
 [52]
 [46]
 [51]
 [57]
 [52]
 [49]
 [54]
 [53]
 [45]
 [48]
 [32]
 [53]
 [57]
 [49]
 [52]
 [46]
 [51]
 [56]
 [53]
 [55]
 [45]
 [49]] 
------------------------ Dataset: B3 ------------------------
shape: (26, 1), dtype: uint16
Data:[[54]
 [55]
 [54]
 [50]
 [46]
 [53]
 [54]
 [54]
 [49]
 [57]
 [57]
 [45]
 [48]
 [32]
 [54]
 [55]
 [54]
 [50]
 [46]
 [53]
 [54]
 [50]
 [49]
 [50]
 [45]
 [49]] 
------------------------ Dataset: B3b ------------------------
shape: (27, 1), dtype: uint16
Data:[[54]
 [55]
 [55]
 [56]
 [46]
 [52]
 [49]
 [52]
 [52]
 [54]
 [55]
 [45]
 [48]
 [32]
 [54]
 [55]
 [55]
 [56]
 [46]
 [52]
 [49]
 [48]
 [49]
 [53]
 [51]
 [45]
 [49]] 
------------------------ Dataset: B3c ------------------------
shape: (27, 1), dtype: uint16
Data:[[54]
 [50]
 [57]
 [49]
 [46]
 [49]
 [56]
 [57]
 [56]
 [51]
 [50]
 [45]
 [48]
 [32]
 [54]
 [50]
 [57]
 [49]
 [46]
 [49]
 [56]
 [50]
 [50]
 [50]
 [51]
 [45]
 [49]] 
------------------------ Dataset: B3d ------------------------
shape: (34, 1), dtype: uint16
Data:[[54]
 [51]
 [48]
 [55]
 [46]
 [48]
 [49]
 [55]
 [56]
 [50]
 [48]
 [57]
 [57]
 [57]
 [57]
 [57]
 [57]
 [53]
 [45]
 [48]
 [32]
 [54]
 [51]
 [48]
 [55]
 [46]
 [48]
 [49]
 [48]
 [48]
 [52]
 [53]
 [45]
 [49]] 
------------------------ Dataset: B3e ------------------------
shape: (34, 1), dtype: uint16
Data:[[54]
 [51]
 [50]
 [50]
 [46]
 [55]
 [57]
 [52]
 [48]
 [49]
 [52]
 [57]
 [57]
 [57]
 [57]
 [57]
 [57]
 [53]
 [45]
 [48]
 [32]
 [54]
 [51]
 [50]
 [50]
 [46]
 [55]
 [57]
 [56]
 [48]
 [50]
 [49]
 [45]
 [49]] 
------------------------ Dataset: B3f ------------------------
shape: (25, 1), dtype: uint16
Data:[[54]
 [51]
 [51]
 [56]
 [46]
 [54]
 [54]
 [52]
 [51]
 [53]
 [51]
 [45]
 [48]
 [32]
 [54]
 [51]
 [51]
 [56]
 [46]
 [54]
 [55]
 [54]
 [50]
 [45]
 [49]] 
------------------------ Dataset: B3g ------------------------
shape: (40, 1), dtype: uint16
Data:[[54]
 [53]
 [48]
 [51]
 [46]
 [55]
 [55]
 [53]
 [56]
 [57]
 [48]
 [57]
 [57]
 [57]
 [57]
 [57]
 [57]
 [45]
 [48]
 [32]
 [54]
 [53]
 [48]
 [51]
 [46]
 [55]
 [55]
 [53]
 [54]
 [56]
 [57]
 [57]
 [57]
 [57]
 [57]
 [57]
 [57]
 [53]
 [45]
 [49]] 
------------------------ Dataset: B3h ------------------------
shape: (26, 1), dtype: uint16
Data:[[54]
 [53]
 [49]
 [57]
 [46]
 [53]
 [57]
 [57]
 [52]
 [55]
 [45]
 [48]
 [32]
 [54]
 [53]
 [49]
 [57]
 [46]
 [53]
 [57]
 [53]
 [57]
 [53]
 [51]
 [45]
 [49]] 
------------------------ Dataset: B3i ------------------------
shape: (32, 1), dtype: uint16
Data:[[54]
 [48]
 [49]
 [53]
 [46]
 [49]
 [51]
 [48]
 [57]
 [49]
 [56]
 [57]
 [57]
 [57]
 [57]
 [57]
 [57]
 [45]
 [48]
 [32]
 [54]
 [48]
 [49]
 [53]
 [46]
 [49]
 [50]
 [55]
 [53]
 [54]
 [45]
 [49]] 
------------------------ Dataset: B3j ------------------------
shape: (33, 1), dtype: uint16
Data:[[54]
 [48]
 [51]
 [48]
 [46]
 [57]
 [56]
 [53]
 [55]
 [56]
 [51]
 [45]
 [48]
 [32]
 [54]
 [48]
 [51]
 [48]
 [46]
 [57]
 [56]
 [49]
 [56]
 [49]
 [50]
 [57]
 [57]
 [57]
 [57]
 [57]
 [57]
 [45]
 [49]] 
------------------------ Dataset: B3k ------------------------
shape: (33, 1), dtype: uint16
Data:[[54]
 [48]
 [52]
 [54]
 [46]
 [53]
 [57]
 [57]
 [51]
 [55]
 [56]
 [45]
 [48]
 [32]
 [54]
 [48]
 [52]
 [54]
 [46]
 [53]
 [57]
 [57]
 [49]
 [53]
 [48]
 [57]
 [57]
 [57]
 [57]
 [57]
 [57]
 [45]
 [49]] 
------------------------ Dataset: B3l ------------------------
shape: (26, 1), dtype: uint16
Data:[[54]
 [48]
 [54]
 [50]
 [46]
 [52]
 [54]
 [49]
 [56]
 [50]
 [52]
 [45]
 [48]
 [32]
 [54]
 [48]
 [54]
 [50]
 [46]
 [52]
 [54]
 [53]
 [56]
 [49]
 [45]
 [49]] 
------------------------ Dataset: B3m ------------------------
shape: (33, 1), dtype: uint16
Data:[[54]
 [48]
 [55]
 [56]
 [46]
 [51]
 [49]
 [55]
 [56]
 [49]
 [52]
 [57]
 [57]
 [57]
 [57]
 [57]
 [57]
 [45]
 [48]
 [32]
 [54]
 [48]
 [55]
 [56]
 [46]
 [51]
 [50]
 [49]
 [55]
 [56]
 [49]
 [45]
 [49]] 
------------------------ Dataset: B3n ------------------------
shape: (32, 1), dtype: uint16
Data:[[53]
 [54]
 [51]
 [57]
 [46]
 [49]
 [51]
 [55]
 [57]
 [50]
 [53]
 [57]
 [57]
 [57]
 [57]
 [57]
 [57]
 [45]
 [48]
 [32]
 [53]
 [54]
 [51]
 [57]
 [46]
 [49]
 [52]
 [49]
 [57]
 [54]
 [45]
 [49]] 
------------------------ Dataset: B3o ------------------------
shape: (27, 1), dtype: uint16
Data:[[53]
 [54]
 [53]
 [52]
 [46]
 [56]
 [55]
 [53]
 [48]
 [56]
 [56]
 [45]
 [48]
 [32]
 [53]
 [54]
 [53]
 [52]
 [46]
 [56]
 [55]
 [50]
 [48]
 [57]
 [51]
 [45]
 [49]] 
------------------------ Dataset: B3p ------------------------
shape: (34, 1), dtype: uint16
Data:[[53]
 [54]
 [55]
 [48]
 [46]
 [53]
 [55]
 [52]
 [57]
 [57]
 [48]
 [57]
 [57]
 [57]
 [57]
 [57]
 [57]
 [53]
 [45]
 [48]
 [32]
 [53]
 [54]
 [55]
 [48]
 [46]
 [53]
 [55]
 [55]
 [54]
 [55]
 [54]
 [45]
 [49]] 
------------------------ Dataset: B3q ------------------------
shape: (41, 1), dtype: uint16
Data:[[53]
 [54]
 [56]
 [54]
 [46]
 [51]
 [53]
 [55]
 [54]
 [50]
 [49]
 [57]
 [57]
 [57]
 [57]
 [57]
 [57]
 [53]
 [45]
 [48]
 [32]
 [53]
 [54]
 [56]
 [54]
 [46]
 [51]
 [53]
 [52]
 [49]
 [54]
 [54]
 [57]
 [57]
 [57]
 [57]
 [57]
 [57]
 [53]
 [45]
 [49]] 
------------------------ Dataset: B3r ------------------------
shape: (27, 1), dtype: uint16
Data:[[53]
 [56]
 [49]
 [50]
 [46]
 [54]
 [49]
 [51]
 [54]
 [48]
 [57]
 [45]
 [48]
 [32]
 [53]
 [56]
 [49]
 [50]
 [46]
 [54]
 [48]
 [57]
 [54]
 [55]
 [56]
 [45]
 [49]] 
------------------------ Dataset: B3s ------------------------
shape: (33, 1), dtype: uint16
Data:[[54]
 [54]
 [48]
 [49]
 [46]
 [54]
 [54]
 [50]
 [48]
 [53]
 [48]
 [57]
 [57]
 [57]
 [57]
 [57]
 [57]
 [45]
 [48]
 [32]
 [54]
 [54]
 [48]
 [49]
 [46]
 [54]
 [55]
 [50]
 [55]
 [56]
 [53]
 [45]
 [49]] 
------------------------ Dataset: B3t ------------------------
shape: (32, 1), dtype: uint16
Data:[[54]
 [54]
 [49]
 [55]
 [46]
 [53]
 [57]
 [56]
 [48]
 [53]
 [45]
 [48]
 [32]
 [54]
 [54]
 [49]
 [55]
 [46]
 [53]
 [57]
 [52]
 [48]
 [57]
 [54]
 [57]
 [57]
 [57]
 [57]
 [57]
 [57]
 [45]
 [49]] 
------------------------ Dataset: B3u ------------------------
shape: (33, 1), dtype: uint16
Data:[[54]
 [54]
 [51]
 [51]
 [46]
 [52]
 [56]
 [55]
 [49]
 [49]
 [53]
 [57]
 [57]
 [57]
 [57]
 [57]
 [57]
 [45]
 [48]
 [32]
 [54]
 [54]
 [51]
 [51]
 [46]
 [52]
 [56]
 [57]
 [50]
 [57]
 [49]
 [45]
 [49]] 
------------------------ Dataset: B3v ------------------------
shape: (33, 1), dtype: uint16
Data:[[54]
 [54]
 [52]
 [57]
 [46]
 [48]
 [57]
 [56]
 [50]
 [50]
 [56]
 [57]
 [57]
 [57]
 [57]
 [57]
 [57]
 [45]
 [48]
 [32]
 [54]
 [54]
 [52]
 [57]
 [46]
 [48]
 [57]
 [52]
 [49]
 [49]
 [50]
 [45]
 [49]] 
------------------------ Dataset: B3w ------------------------
shape: (34, 1), dtype: uint16
Data:[[54]
 [54]
 [54]
 [52]
 [46]
 [57]
 [51]
 [48]
 [48]
 [50]
 [51]
 [45]
 [48]
 [32]
 [54]
 [54]
 [54]
 [52]
 [46]
 [57]
 [51]
 [52]
 [48]
 [56]
 [51]
 [57]
 [57]
 [57]
 [57]
 [57]
 [57]
 [53]
 [45]
 [49]] 
------------------------ Dataset: B3x ------------------------
shape: (33, 1), dtype: uint16
Data:[[54]
 [54]
 [56]
 [48]
 [46]
 [56]
 [54]
 [57]
 [50]
 [49]
 [51]
 [57]
 [57]
 [57]
 [57]
 [57]
 [57]
 [45]
 [48]
 [32]
 [54]
 [54]
 [56]
 [48]
 [46]
 [56]
 [54]
 [57]
 [49]
 [48]
 [54]
 [45]
 [49]] 
------------------------ Dataset: B3y ------------------------
shape: (33, 1), dtype: uint16
Data:[[53]
 [56]
 [57]
 [56]
 [46]
 [56]
 [48]
 [53]
 [56]
 [51]
 [50]
 [57]
 [57]
 [57]
 [57]
 [57]
 [57]
 [45]
 [48]
 [32]
 [53]
 [56]
 [57]
 [56]
 [46]
 [56]
 [48]
 [49]
 [57]
 [49]
 [49]
 [45]
 [49]] 
------------------------ Dataset: B3z ------------------------
shape: (34, 1), dtype: uint16
Data:[[53]
 [57]
 [49]
 [52]
 [46]
 [54]
 [52]
 [53]
 [55]
 [49]
 [51]
 [45]
 [48]
 [32]
 [53]
 [57]
 [49]
 [52]
 [46]
 [54]
 [52]
 [57]
 [54]
 [54]
 [48]
 [57]
 [57]
 [57]
 [57]
 [57]
 [57]
 [53]
 [45]
 [49]] 
------------------------ Dataset: B4 ------------------------
shape: (34, 1), dtype: uint16
Data:[[54]
 [55]
 [54]
 [50]
 [46]
 [56]
 [51]
 [49]
 [50]
 [48]
 [52]
 [57]
 [57]
 [57]
 [57]
 [57]
 [57]
 [53]
 [45]
 [48]
 [32]
 [54]
 [55]
 [54]
 [50]
 [46]
 [56]
 [51]
 [52]
 [53]
 [55]
 [53]
 [45]
 [49]] 
------------------------ Dataset: B4b ------------------------
shape: (34, 1), dtype: uint16
Data:[[54]
 [55]
 [55]
 [56]
 [46]
 [54]
 [54]
 [50]
 [57]
 [54]
 [52]
 [57]
 [57]
 [57]
 [57]
 [57]
 [57]
 [53]
 [45]
 [48]
 [32]
 [54]
 [55]
 [55]
 [56]
 [46]
 [54]
 [54]
 [51]
 [48]
 [48]
 [54]
 [45]
 [49]] 
------------------------ Dataset: B4c ------------------------
shape: (25, 1), dtype: uint16
Data:[[54]
 [50]
 [57]
 [49]
 [46]
 [52]
 [51]
 [49]
 [53]
 [45]
 [48]
 [32]
 [54]
 [50]
 [57]
 [49]
 [46]
 [52]
 [51]
 [52]
 [57]
 [56]
 [53]
 [45]
 [49]] 
------------------------ Dataset: B4d ------------------------
shape: (26, 1), dtype: uint16
Data:[[54]
 [51]
 [48]
 [55]
 [46]
 [50]
 [54]
 [49]
 [56]
 [52]
 [49]
 [45]
 [48]
 [32]
 [54]
 [51]
 [48]
 [55]
 [46]
 [50]
 [55]
 [48]
 [52]
 [51]
 [45]
 [49]] 
------------------------ Dataset: B4e ------------------------
shape: (27, 1), dtype: uint16
Data:[[54]
 [51]
 [50]
 [51]
 [46]
 [48]
 [52]
 [53]
 [56]
 [55]
 [51]
 [45]
 [48]
 [32]
 [54]
 [51]
 [50]
 [51]
 [46]
 [48]
 [52]
 [57]
 [57]
 [50]
 [57]
 [45]
 [49]] 
------------------------ Dataset: B4f ------------------------
shape: (27, 1), dtype: uint16
Data:[[54]
 [51]
 [51]
 [56]
 [46]
 [57]
 [50]
 [49]
 [55]
 [49]
 [51]
 [45]
 [48]
 [32]
 [54]
 [51]
 [51]
 [56]
 [46]
 [57]
 [49]
 [51]
 [57]
 [57]
 [56]
 [45]
 [49]] 
------------------------ Dataset: B4g ------------------------
shape: (33, 1), dtype: uint16
Data:[[54]
 [53]
 [48]
 [52]
 [46]
 [48]
 [50]
 [54]
 [50]
 [52]
 [53]
 [57]
 [57]
 [57]
 [57]
 [57]
 [57]
 [45]
 [48]
 [32]
 [54]
 [53]
 [48]
 [52]
 [46]
 [48]
 [50]
 [50]
 [53]
 [49]
 [51]
 [45]
 [49]] 
------------------------ Dataset: B4h ------------------------
shape: (27, 1), dtype: uint16
Data:[[54]
 [53]
 [49]
 [57]
 [46]
 [56]
 [52]
 [57]
 [57]
 [53]
 [53]
 [45]
 [48]
 [32]
 [54]
 [53]
 [49]
 [57]
 [46]
 [56]
 [53]
 [52]
 [49]
 [48]
 [52]
 [45]
 [49]] 
------------------------ Dataset: B4i ------------------------
shape: (27, 1), dtype: uint16
Data:[[54]
 [48]
 [49]
 [53]
 [46]
 [51]
 [57]
 [55]
 [56]
 [52]
 [52]
 [45]
 [48]
 [32]
 [54]
 [48]
 [49]
 [53]
 [46]
 [51]
 [57]
 [51]
 [57]
 [54]
 [49]
 [45]
 [49]] 
------------------------ Dataset: B4j ------------------------
shape: (39, 1), dtype: uint16
Data:[[54]
 [48]
 [51]
 [49]
 [46]
 [50]
 [52]
 [49]
 [55]
 [48]
 [49]
 [57]
 [57]
 [57]
 [57]
 [57]
 [57]
 [45]
 [48]
 [32]
 [54]
 [48]
 [51]
 [49]
 [46]
 [50]
 [52]
 [49]
 [56]
 [49]
 [57]
 [57]
 [57]
 [57]
 [57]
 [57]
 [57]
 [45]
 [49]] 
------------------------ Dataset: B4k ------------------------
shape: (34, 1), dtype: uint16
Data:[[54]
 [48]
 [52]
 [54]
 [46]
 [56]
 [52]
 [57]
 [57]
 [48]
 [53]
 [57]
 [57]
 [57]
 [57]
 [57]
 [57]
 [53]
 [45]
 [48]
 [32]
 [54]
 [48]
 [52]
 [54]
 [46]
 [56]
 [52]
 [53]
 [56]
 [54]
 [57]
 [45]
 [49]] 
------------------------ Dataset: B4l ------------------------
shape: (34, 1), dtype: uint16
Data:[[54]
 [48]
 [54]
 [50]
 [46]
 [55]
 [49]
 [53]
 [53]
 [57]
 [57]
 [45]
 [48]
 [32]
 [54]
 [48]
 [54]
 [50]
 [46]
 [55]
 [50]
 [49]
 [53]
 [52]
 [55]
 [57]
 [57]
 [57]
 [57]
 [57]
 [57]
 [53]
 [45]
 [49]] 
------------------------ Dataset: B4m ------------------------
shape: (26, 1), dtype: uint16
Data:[[54]
 [48]
 [55]
 [56]
 [46]
 [53]
 [55]
 [55]
 [57]
 [52]
 [45]
 [48]
 [32]
 [54]
 [48]
 [55]
 [56]
 [46]
 [53]
 [55]
 [51]
 [55]
 [56]
 [51]
 [45]
 [49]] 
------------------------ Dataset: B4n ------------------------
shape: (32, 1), dtype: uint16
Data:[[53]
 [54]
 [51]
 [57]
 [46]
 [51]
 [56]
 [53]
 [53]
 [54]
 [51]
 [57]
 [57]
 [57]
 [57]
 [57]
 [57]
 [45]
 [48]
 [32]
 [53]
 [54]
 [51]
 [57]
 [46]
 [51]
 [56]
 [57]
 [53]
 [56]
 [45]
 [49]] 
------------------------ Dataset: B4o ------------------------
shape: (34, 1), dtype: uint16
Data:[[53]
 [54]
 [53]
 [53]
 [46]
 [49]
 [50]
 [53]
 [53]
 [54]
 [51]
 [45]
 [48]
 [32]
 [53]
 [54]
 [53]
 [53]
 [46]
 [49]
 [50]
 [51]
 [54]
 [54]
 [53]
 [57]
 [57]
 [57]
 [57]
 [57]
 [57]
 [53]
 [45]
 [49]] 
------------------------ Dataset: B4p ------------------------
shape: (34, 1), dtype: uint16
Data:[[53]
 [54]
 [55]
 [48]
 [46]
 [56]
 [51]
 [56]
 [53]
 [51]
 [50]
 [45]
 [48]
 [32]
 [53]
 [54]
 [55]
 [48]
 [46]
 [56]
 [51]
 [48]
 [51]
 [57]
 [48]
 [57]
 [57]
 [57]
 [57]
 [57]
 [57]
 [53]
 [45]
 [49]] 
------------------------ Dataset: B4q ------------------------
shape: (26, 1), dtype: uint16
Data:[[53]
 [54]
 [56]
 [54]
 [46]
 [54]
 [49]
 [51]
 [56]
 [56]
 [45]
 [48]
 [32]
 [53]
 [54]
 [56]
 [54]
 [46]
 [54]
 [49]
 [55]
 [53]
 [57]
 [56]
 [45]
 [49]] 
------------------------ Dataset: B4r ------------------------
shape: (33, 1), dtype: uint16
Data:[[53]
 [56]
 [49]
 [50]
 [46]
 [56]
 [54]
 [50]
 [53]
 [53]
 [48]
 [57]
 [57]
 [57]
 [57]
 [57]
 [57]
 [45]
 [48]
 [32]
 [53]
 [56]
 [49]
 [50]
 [46]
 [56]
 [54]
 [53]
 [55]
 [55]
 [52]
 [45]
 [49]] 
------------------------ Dataset: B4s ------------------------
shape: (19, 1), dtype: uint16
Data:[[54]
 [54]
 [48]
 [49]
 [46]
 [57]
 [49]
 [51]
 [52]
 [50]
 [56]
 [57]
 [57]
 [57]
 [57]
 [57]
 [57]
 [45]
 [48]] 
------------------------ Dataset: B4t ------------------------
shape: (27, 1), dtype: uint16
Data:[[54]
 [54]
 [49]
 [55]
 [46]
 [56]
 [53]
 [54]
 [48]
 [54]
 [55]
 [45]
 [48]
 [32]
 [54]
 [54]
 [49]
 [55]
 [46]
 [56]
 [53]
 [54]
 [48]
 [54]
 [53]
 [45]
 [49]] 
------------------------ Dataset: B4u ------------------------
shape: (33, 1), dtype: uint16
Data:[[54]
 [54]
 [51]
 [51]
 [46]
 [55]
 [52]
 [50]
 [55]
 [48]
 [53]
 [45]
 [48]
 [32]
 [54]
 [54]
 [51]
 [51]
 [46]
 [55]
 [52]
 [51]
 [51]
 [56]
 [51]
 [57]
 [57]
 [57]
 [57]
 [57]
 [57]
 [45]
 [49]] 
------------------------ Dataset: B4v ------------------------
shape: (33, 1), dtype: uint16
Data:[[54]
 [54]
 [52]
 [57]
 [46]
 [51]
 [53]
 [48]
 [51]
 [53]
 [57]
 [45]
 [48]
 [32]
 [54]
 [54]
 [52]
 [57]
 [46]
 [51]
 [52]
 [55]
 [51]
 [56]
 [55]
 [57]
 [57]
 [57]
 [57]
 [57]
 [57]
 [45]
 [49]] 
------------------------ Dataset: B4w ------------------------
shape: (34, 1), dtype: uint16
Data:[[54]
 [54]
 [54]
 [53]
 [46]
 [49]
 [57]
 [49]
 [51]
 [52]
 [50]
 [57]
 [57]
 [57]
 [57]
 [57]
 [57]
 [53]
 [45]
 [48]
 [32]
 [54]
 [54]
 [54]
 [53]
 [46]
 [49]
 [57]
 [52]
 [48]
 [52]
 [52]
 [45]
 [49]] 
------------------------ Dataset: B4x ------------------------
shape: (13, 1), dtype: uint16
Data:[[54]
 [54]
 [56]
 [49]
 [46]
 [49]
 [50]
 [55]
 [52]
 [57]
 [56]
 [45]
 [49]] 
------------------------ Dataset: B4y ------------------------
shape: (13, 1), dtype: uint16
Data:[[53]
 [56]
 [57]
 [57]
 [46]
 [48]
 [53]
 [55]
 [54]
 [57]
 [52]
 [45]
 [48]] 
------------------------ Dataset: B4z ------------------------
shape: (13, 1), dtype: uint16
Data:[[53]
 [57]
 [49]
 [52]
 [46]
 [57]
 [49]
 [50]
 [48]
 [52]
 [55]
 [45]
 [49]] 
------------------------ Dataset: B5 ------------------------
shape: (27, 1), dtype: uint16
Data:[[54]
 [55]
 [54]
 [51]
 [46]
 [48]
 [57]
 [51]
 [51]
 [52]
 [51]
 [45]
 [48]
 [32]
 [54]
 [55]
 [54]
 [51]
 [46]
 [48]
 [57]
 [51]
 [49]
 [56]
 [50]
 [45]
 [49]] 
------------------------ Dataset: B5b ------------------------
shape: (27, 1), dtype: uint16
Data:[[54]
 [55]
 [55]
 [56]
 [46]
 [57]
 [49]
 [52]
 [50]
 [54]
 [55]
 [45]
 [48]
 [32]
 [54]
 [55]
 [55]
 [56]
 [46]
 [57]
 [49]
 [48]
 [49]
 [56]
 [54]
 [45]
 [49]] 
------------------------ Dataset: B5c ------------------------
shape: (27, 1), dtype: uint16
Data:[[54]
 [50]
 [57]
 [49]
 [46]
 [54]
 [57]
 [48]
 [48]
 [55]
 [52]
 [45]
 [48]
 [32]
 [54]
 [50]
 [57]
 [49]
 [46]
 [54]
 [57]
 [51]
 [57]
 [53]
 [50]
 [45]
 [49]] 
------------------------ Dataset: B5d ------------------------
shape: (26, 1), dtype: uint16
Data:[[54]
 [51]
 [48]
 [55]
 [46]
 [53]
 [49]
 [51]
 [56]
 [54]
 [45]
 [48]
 [32]
 [54]
 [51]
 [48]
 [55]
 [46]
 [53]
 [50]
 [52]
 [56]
 [53]
 [49]
 [45]
 [49]] 
------------------------ Dataset: B5e ------------------------
shape: (39, 1), dtype: uint16
Data:[[54]
 [51]
 [50]
 [51]
 [46]
 [51]
 [48]
 [57]
 [56]
 [53]
 [54]
 [57]
 [57]
 [57]
 [57]
 [57]
 [57]
 [45]
 [48]
 [32]
 [54]
 [51]
 [50]
 [51]
 [46]
 [51]
 [48]
 [53]
 [56]
 [57]
 [54]
 [57]
 [57]
 [57]
 [57]
 [57]
 [57]
 [45]
 [49]] 
------------------------ Dataset: B5f ------------------------
shape: (13, 1), dtype: uint16
Data:[[54]
 [51]
 [51]
 [57]
 [46]
 [49]
 [55]
 [50]
 [53]
 [55]
 [54]
 [45]
 [49]] 
------------------------ Dataset: B5g ------------------------
shape: (27, 1), dtype: uint16
Data:[[54]
 [53]
 [48]
 [52]
 [46]
 [50]
 [56]
 [57]
 [57]
 [53]
 [50]
 [45]
 [48]
 [32]
 [54]
 [53]
 [48]
 [52]
 [46]
 [50]
 [56]
 [57]
 [57]
 [53]
 [49]
 [45]
 [49]] 
------------------------ Dataset: B5h ------------------------
shape: (33, 1), dtype: uint16
Data:[[54]
 [53]
 [50]
 [48]
 [46]
 [48]
 [57]
 [55]
 [57]
 [52]
 [54]
 [57]
 [57]
 [57]
 [57]
 [57]
 [57]
 [45]
 [48]
 [32]
 [54]
 [53]
 [50]
 [48]
 [46]
 [49]
 [48]
 [51]
 [52]
 [50]
 [54]
 [45]
 [49]] 
------------------------ Dataset: B5i ------------------------
shape: (33, 1), dtype: uint16
Data:[[54]
 [48]
 [49]
 [53]
 [46]
 [54]
 [54]
 [57]
 [57]
 [48]
 [56]
 [57]
 [57]
 [57]
 [57]
 [57]
 [57]
 [45]
 [48]
 [32]
 [54]
 [48]
 [49]
 [53]
 [46]
 [54]
 [54]
 [53]
 [56]
 [53]
 [50]
 [45]
 [49]] 
------------------------ Dataset: B5j ------------------------
shape: (20, 1), dtype: uint16
Data:[[54]
 [48]
 [51]
 [49]
 [46]
 [53]
 [48]
 [53]
 [55]
 [52]
 [52]
 [57]
 [57]
 [57]
 [57]
 [57]
 [57]
 [53]
 [45]
 [49]] 
------------------------ Dataset: B5k ------------------------
shape: (33, 1), dtype: uint16
Data:[[54]
 [48]
 [52]
 [55]
 [46]
 [49]
 [48]
 [53]
 [48]
 [49]
 [53]
 [45]
 [48]
 [32]
 [54]
 [48]
 [52]
 [55]
 [46]
 [49]
 [48]
 [52]
 [56]
 [55]
 [53]
 [57]
 [57]
 [57]
 [57]
 [57]
 [57]
 [45]
 [49]] 
------------------------ Dataset: B5l ------------------------
shape: (27, 1), dtype: uint16
Data:[[54]
 [48]
 [54]
 [50]
 [46]
 [57]
 [55]
 [48]
 [49]
 [49]
 [53]
 [45]
 [48]
 [32]
 [54]
 [48]
 [54]
 [50]
 [46]
 [57]
 [54]
 [57]
 [57]
 [53]
 [57]
 [45]
 [49]] 
------------------------ Dataset: B5m ------------------------
shape: (32, 1), dtype: uint16
Data:[[54]
 [48]
 [55]
 [56]
 [46]
 [56]
 [50]
 [53]
 [55]
 [57]
 [51]
 [57]
 [57]
 [57]
 [57]
 [57]
 [57]
 [45]
 [48]
 [32]
 [54]
 [48]
 [55]
 [56]
 [46]
 [56]
 [50]
 [49]
 [55]
 [57]
 [45]
 [49]] 
------------------------ Dataset: B5n ------------------------
shape: (27, 1), dtype: uint16
Data:[[53]
 [54]
 [51]
 [57]
 [46]
 [54]
 [51]
 [55]
 [53]
 [55]
 [56]
 [45]
 [48]
 [32]
 [53]
 [54]
 [51]
 [57]
 [46]
 [54]
 [52]
 [49]
 [53]
 [55]
 [49]
 [45]
 [49]] 
------------------------ Dataset: B5o ------------------------
shape: (27, 1), dtype: uint16
Data:[[53]
 [54]
 [53]
 [53]
 [46]
 [51]
 [54]
 [57]
 [55]
 [50]
 [49]
 [45]
 [48]
 [32]
 [53]
 [54]
 [53]
 [53]
 [46]
 [51]
 [54]
 [57]
 [55]
 [50]
 [49]
 [45]
 [49]] 
------------------------ Dataset: B5p ------------------------
shape: (33, 1), dtype: uint16
Data:[[53]
 [54]
 [55]
 [49]
 [46]
 [48]
 [56]
 [56]
 [48]
 [54]
 [55]
 [45]
 [48]
 [32]
 [53]
 [54]
 [55]
 [49]
 [46]
 [48]
 [57]
 [50]
 [52]
 [53]
 [53]
 [57]
 [57]
 [57]
 [57]
 [57]
 [57]
 [45]
 [49]] 
------------------------ Dataset: B5q ------------------------
shape: (27, 1), dtype: uint16
Data:[[53]
 [54]
 [56]
 [54]
 [46]
 [56]
 [55]
 [51]
 [54]
 [53]
 [57]
 [45]
 [48]
 [32]
 [53]
 [54]
 [56]
 [54]
 [46]
 [56]
 [55]
 [55]
 [55]
 [48]
 [53]
 [45]
 [49]] 
------------------------ Dataset: B5r ------------------------
shape: (34, 1), dtype: uint16
Data:[[53]
 [56]
 [49]
 [51]
 [46]
 [49]
 [50]
 [49]
 [55]
 [49]
 [49]
 [45]
 [48]
 [32]
 [53]
 [56]
 [49]
 [51]
 [46]
 [49]
 [49]
 [55]
 [54]
 [57]
 [48]
 [57]
 [57]
 [57]
 [57]
 [57]
 [57]
 [53]
 [45]
 [49]] 
------------------------ Dataset: B5s ------------------------
shape: (39, 1), dtype: uint16
Data:[[54]
 [54]
 [48]
 [50]
 [46]
 [49]
 [54]
 [50]
 [48]
 [54]
 [49]
 [57]
 [57]
 [57]
 [57]
 [57]
 [57]
 [45]
 [48]
 [32]
 [54]
 [54]
 [48]
 [50]
 [46]
 [49]
 [54]
 [54]
 [48]
 [49]
 [51]
 [57]
 [57]
 [57]
 [57]
 [57]
 [57]
 [45]
 [49]] 
------------------------ Dataset: B5t ------------------------
shape: (33, 1), dtype: uint16
Data:[[54]
 [54]
 [49]
 [56]
 [46]
 [49]
 [48]
 [57]
 [48]
 [51]
 [54]
 [45]
 [48]
 [32]
 [54]
 [54]
 [49]
 [56]
 [46]
 [49]
 [48]
 [57]
 [48]
 [51]
 [54]
 [57]
 [57]
 [57]
 [57]
 [57]
 [57]
 [45]
 [49]] 
------------------------ Dataset: B5u ------------------------
shape: (27, 1), dtype: uint16
Data:[[54]
 [54]
 [51]
 [51]
 [46]
 [57]
 [56]
 [54]
 [49]
 [57]
 [52]
 [45]
 [48]
 [32]
 [54]
 [54]
 [51]
 [51]
 [46]
 [57]
 [56]
 [50]
 [50]
 [51]
 [49]
 [45]
 [49]] 
------------------------ Dataset: B5v ------------------------
shape: (33, 1), dtype: uint16
Data:[[54]
 [54]
 [52]
 [57]
 [46]
 [54]
 [48]
 [49]
 [54]
 [51]
 [53]
 [45]
 [48]
 [32]
 [54]
 [54]
 [52]
 [57]
 [46]
 [53]
 [57]
 [52]
 [49]
 [53]
 [56]
 [57]
 [57]
 [57]
 [57]
 [57]
 [57]
 [45]
 [49]] 
------------------------ Dataset: B5w ------------------------
shape: (33, 1), dtype: uint16
Data:[[54]
 [54]
 [54]
 [53]
 [46]
 [52]
 [52]
 [54]
 [51]
 [50]
 [53]
 [57]
 [57]
 [57]
 [57]
 [57]
 [57]
 [45]
 [48]
 [32]
 [54]
 [54]
 [54]
 [53]
 [46]
 [52]
 [53]
 [48]
 [49]
 [48]
 [55]
 [45]
 [49]] 
------------------------ Dataset: B5x ------------------------
shape: (33, 1), dtype: uint16
Data:[[54]
 [54]
 [56]
 [49]
 [46]
 [51]
 [57]
 [49]
 [54]
 [57]
 [52]
 [45]
 [48]
 [32]
 [54]
 [54]
 [56]
 [49]
 [46]
 [51]
 [57]
 [52]
 [49]
 [56]
 [50]
 [57]
 [57]
 [57]
 [57]
 [57]
 [57]
 [45]
 [49]] 
------------------------ Dataset: B5y ------------------------
shape: (20, 1), dtype: uint16
Data:[[53]
 [56]
 [57]
 [57]
 [46]
 [51]
 [48]
 [53]
 [55]
 [48]
 [54]
 [57]
 [57]
 [57]
 [57]
 [57]
 [57]
 [53]
 [45]
 [48]] 
------------------------ Dataset: B5z ------------------------
shape: (34, 1), dtype: uint16
Data:[[53]
 [57]
 [49]
 [53]
 [46]
 [49]
 [54]
 [57]
 [56]
 [51]
 [54]
 [57]
 [57]
 [57]
 [57]
 [57]
 [57]
 [53]
 [45]
 [48]
 [32]
 [53]
 [57]
 [49]
 [53]
 [46]
 [49]
 [55]
 [51]
 [55]
 [52]
 [50]
 [45]
 [49]] 
------------------------ Dataset: B6 ------------------------
shape: (33, 1), dtype: uint16
Data:[[54]
 [55]
 [54]
 [51]
 [46]
 [51]
 [53]
 [51]
 [54]
 [53]
 [55]
 [45]
 [48]
 [32]
 [54]
 [55]
 [54]
 [51]
 [46]
 [51]
 [53]
 [51]
 [53]
 [57]
 [54]
 [57]
 [57]
 [57]
 [57]
 [57]
 [57]
 [45]
 [49]] 
------------------------ Dataset: B6b ------------------------
shape: (26, 1), dtype: uint16
Data:[[54]
 [55]
 [55]
 [57]
 [46]
 [49]
 [57]
 [50]
 [50]
 [54]
 [45]
 [48]
 [32]
 [54]
 [55]
 [55]
 [57]
 [46]
 [49]
 [57]
 [50]
 [51]
 [50]
 [55]
 [45]
 [49]] 
------------------------ Dataset: B6c ------------------------
shape: (27, 1), dtype: uint16
Data:[[54]
 [50]
 [57]
 [49]
 [46]
 [57]
 [52]
 [48]
 [56]
 [48]
 [50]
 [45]
 [48]
 [32]
 [54]
 [50]
 [57]
 [49]
 [46]
 [57]
 [52]
 [49]
 [57]
 [57]
 [49]
 [45]
 [49]] 
------------------------ Dataset: B6d ------------------------
shape: (33, 1), dtype: uint16
Data:[[54]
 [51]
 [48]
 [55]
 [46]
 [55]
 [54]
 [49]
 [56]
 [57]
 [54]
 [57]
 [57]
 [57]
 [57]
 [57]
 [57]
 [45]
 [48]
 [32]
 [54]
 [51]
 [48]
 [55]
 [46]
 [55]
 [54]
 [53]
 [57]
 [55]
 [49]
 [45]
 [49]] 
------------------------ Dataset: B6e ------------------------
shape: (33, 1), dtype: uint16
Data:[[54]
 [51]
 [50]
 [51]
 [46]
 [53]
 [56]
 [53]
 [56]
 [57]
 [50]
 [45]
 [48]
 [32]
 [54]
 [51]
 [50]
 [51]
 [46]
 [53]
 [57]
 [52]
 [53]
 [54]
 [57]
 [57]
 [57]
 [57]
 [57]
 [57]
 [57]
 [45]
 [49]] 
------------------------ Dataset: B6f ------------------------
shape: (39, 1), dtype: uint16
Data:[[54]
 [51]
 [51]
 [57]
 [46]
 [52]
 [52]
 [49]
 [57]
 [48]
 [51]
 [57]
 [57]
 [57]
 [57]
 [57]
 [57]
 [45]
 [48]
 [32]
 [54]
 [51]
 [51]
 [57]
 [46]
 [52]
 [52]
 [53]
 [57]
 [48]
 [54]
 [57]
 [57]
 [57]
 [57]
 [57]
 [57]
 [45]
 [49]] 
------------------------ Dataset: B6g ------------------------
shape: (27, 1), dtype: uint16
Data:[[54]
 [53]
 [48]
 [52]
 [46]
 [53]
 [52]
 [57]
 [57]
 [57]
 [51]
 [45]
 [48]
 [32]
 [54]
 [53]
 [48]
 [52]
 [46]
 [53]
 [52]
 [54]
 [48]
 [51]
 [55]
 [45]
 [49]] 
------------------------ Dataset: B6h ------------------------
shape: (27, 1), dtype: uint16
Data:[[54]
 [53]
 [50]
 [48]
 [46]
 [51]
 [54]
 [51]
 [50]
 [51]
 [55]
 [45]
 [48]
 [32]
 [54]
 [53]
 [50]
 [48]
 [46]
 [51]
 [53]
 [54]
 [57]
 [48]
 [53]
 [45]
 [49]] 
------------------------ Dataset: B6i ------------------------
shape: (27, 1), dtype: uint16
Data:[[54]
 [48]
 [49]
 [53]
 [46]
 [57]
 [50]
 [49]
 [54]
 [57]
 [55]
 [45]
 [48]
 [32]
 [54]
 [48]
 [49]
 [53]
 [46]
 [57]
 [49]
 [56]
 [51]
 [52]
 [50]
 [45]
 [49]] 
------------------------ Dataset: B6j ------------------------
shape: (27, 1), dtype: uint16
Data:[[54]
 [48]
 [51]
 [49]
 [46]
 [55]
 [54]
 [49]
 [56]
 [57]
 [53]
 [45]
 [48]
 [32]
 [54]
 [48]
 [51]
 [49]
 [46]
 [55]
 [53]
 [55]
 [55]
 [57]
 [52]
 [45]
 [49]] 
------------------------ Dataset: B6k ------------------------
shape: (34, 1), dtype: uint16
Data:[[54]
 [48]
 [52]
 [55]
 [46]
 [51]
 [52]
 [57]
 [56]
 [50]
 [52]
 [45]
 [48]
 [32]
 [54]
 [48]
 [52]
 [55]
 [46]
 [51]
 [52]
 [53]
 [56]
 [52]
 [51]
 [57]
 [57]
 [57]
 [57]
 [57]
 [57]
 [53]
 [45]
 [49]] 
------------------------ Dataset: B6l ------------------------
shape: (25, 1), dtype: uint16
Data:[[54]
 [48]
 [54]
 [51]
 [46]
 [50]
 [50]
 [50]
 [53]
 [45]
 [48]
 [32]
 [54]
 [48]
 [54]
 [51]
 [46]
 [50]
 [50]
 [55]
 [48]
 [51]
 [56]
 [45]
 [49]] 
------------------------ Dataset: B6m ------------------------
shape: (27, 1), dtype: uint16
Data:[[54]
 [48]
 [55]
 [57]
 [46]
 [48]
 [56]
 [53]
 [55]
 [54]
 [51]
 [45]
 [48]
 [32]
 [54]
 [48]
 [55]
 [57]
 [46]
 [48]
 [57]
 [48]
 [57]
 [52]
 [50]
 [45]
 [49]] 
------------------------ Dataset: B6n ------------------------
shape: (40, 1), dtype: uint16
Data:[[53]
 [54]
 [51]
 [57]
 [46]
 [56]
 [57]
 [51]
 [55]
 [51]
 [49]
 [57]
 [57]
 [57]
 [57]
 [57]
 [57]
 [53]
 [45]
 [48]
 [32]
 [53]
 [54]
 [51]
 [57]
 [46]
 [56]
 [56]
 [57]
 [55]
 [54]
 [56]
 [57]
 [57]
 [57]
 [57]
 [57]
 [57]
 [45]
 [49]] 
------------------------ Dataset: B6o ------------------------
shape: (33, 1), dtype: uint16
Data:[[53]
 [54]
 [53]
 [53]
 [46]
 [54]
 [50]
 [57]
 [53]
 [51]
 [53]
 [45]
 [48]
 [32]
 [53]
 [54]
 [53]
 [53]
 [46]
 [54]
 [50]
 [53]
 [53]
 [55]
 [50]
 [57]
 [57]
 [57]
 [57]
 [57]
 [57]
 [45]
 [49]] 
------------------------ Dataset: B6p ------------------------
shape: (27, 1), dtype: uint16
Data:[[53]
 [54]
 [55]
 [49]
 [46]
 [51]
 [52]
 [57]
 [53]
 [48]
 [54]
 [45]
 [48]
 [32]
 [53]
 [54]
 [55]
 [49]
 [46]
 [51]
 [52]
 [53]
 [53]
 [57]
 [51]
 [45]
 [49]] 
------------------------ Dataset: B6q ------------------------
shape: (33, 1), dtype: uint16
Data:[[53]
 [54]
 [56]
 [55]
 [46]
 [49]
 [50]
 [49]
 [56]
 [48]
 [56]
 [57]
 [57]
 [57]
 [57]
 [57]
 [57]
 [45]
 [48]
 [32]
 [53]
 [54]
 [56]
 [55]
 [46]
 [49]
 [50]
 [53]
 [53]
 [52]
 [51]
 [45]
 [49]] 
------------------------ Dataset: B6r ------------------------
shape: (34, 1), dtype: uint16
Data:[[53]
 [56]
 [49]
 [51]
 [46]
 [51]
 [54]
 [57]
 [54]
 [49]
 [49]
 [45]
 [48]
 [32]
 [53]
 [56]
 [49]
 [51]
 [46]
 [51]
 [54]
 [57]
 [54]
 [50]
 [55]
 [57]
 [57]
 [57]
 [57]
 [57]
 [57]
 [53]
 [45]
 [49]] 
------------------------ Dataset: B6s ------------------------
shape: (40, 1), dtype: uint16
Data:[[54]
 [54]
 [48]
 [50]
 [46]
 [52]
 [49]
 [48]
 [50]
 [54]
 [52]
 [57]
 [57]
 [57]
 [57]
 [57]
 [57]
 [53]
 [45]
 [48]
 [32]
 [54]
 [54]
 [48]
 [50]
 [46]
 [52]
 [49]
 [52]
 [49]
 [49]
 [54]
 [57]
 [57]
 [57]
 [57]
 [57]
 [57]
 [45]
 [49]] 
------------------------ Dataset: B6t ------------------------
shape: (33, 1), dtype: uint16
Data:[[54]
 [54]
 [49]
 [56]
 [46]
 [51]
 [56]
 [50]
 [49]
 [54]
 [50]
 [57]
 [57]
 [57]
 [57]
 [57]
 [57]
 [45]
 [48]
 [32]
 [54]
 [54]
 [49]
 [56]
 [46]
 [51]
 [56]
 [54]
 [53]
 [48]
 [57]
 [45]
 [49]] 
------------------------ Dataset: B6u ------------------------
shape: (27, 1), dtype: uint16
Data:[[54]
 [54]
 [51]
 [52]
 [46]
 [50]
 [52]
 [50]
 [48]
 [48]
 [50]
 [45]
 [48]
 [32]
 [54]
 [54]
 [51]
 [52]
 [46]
 [50]
 [51]
 [52]
 [53]
 [49]
 [49]
 [45]
 [49]] 
------------------------ Dataset: B6v ------------------------
shape: (33, 1), dtype: uint16
Data:[[54]
 [54]
 [52]
 [57]
 [46]
 [56]
 [53]
 [48]
 [48]
 [51]
 [54]
 [57]
 [57]
 [57]
 [57]
 [57]
 [57]
 [45]
 [48]
 [32]
 [54]
 [54]
 [52]
 [57]
 [46]
 [56]
 [53]
 [52]
 [49]
 [50]
 [50]
 [45]
 [49]] 
------------------------ Dataset: B6w ------------------------
shape: (12, 1), dtype: uint16
Data:[[54]
 [54]
 [54]
 [53]
 [46]
 [54]
 [57]
 [56]
 [49]
 [54]
 [45]
 [48]] 
------------------------ Dataset: B6x ------------------------
shape: (27, 1), dtype: uint16
Data:[[54]
 [54]
 [56]
 [49]
 [46]
 [54]
 [53]
 [49]
 [55]
 [51]
 [57]
 [45]
 [48]
 [32]
 [54]
 [54]
 [56]
 [49]
 [46]
 [54]
 [52]
 [55]
 [51]
 [51]
 [49]
 [45]
 [49]] 
------------------------ Dataset: B6y ------------------------
shape: (39, 1), dtype: uint16
Data:[[53]
 [56]
 [57]
 [57]
 [46]
 [53]
 [54]
 [55]
 [54]
 [55]
 [55]
 [57]
 [57]
 [57]
 [57]
 [57]
 [57]
 [45]
 [48]
 [32]
 [53]
 [56]
 [57]
 [57]
 [46]
 [53]
 [55]
 [48]
 [56]
 [56]
 [50]
 [57]
 [57]
 [57]
 [57]
 [57]
 [57]
 [45]
 [49]] 
------------------------ Dataset: B6z ------------------------
shape: (39, 1), dtype: uint16
Data:[[53]
 [57]
 [49]
 [53]
 [46]
 [52]
 [51]
 [50]
 [56]
 [57]
 [56]
 [57]
 [57]
 [57]
 [57]
 [57]
 [57]
 [45]
 [48]
 [32]
 [53]
 [57]
 [49]
 [53]
 [46]
 [52]
 [51]
 [51]
 [57]
 [53]
 [54]
 [57]
 [57]
 [57]
 [57]
 [57]
 [57]
 [45]
 [49]] 
------------------------ Dataset: B7 ------------------------
shape: (27, 1), dtype: uint16
Data:[[54]
 [55]
 [54]
 [51]
 [46]
 [53]
 [57]
 [56]
 [49]
 [55]
 [52]
 [45]
 [48]
 [32]
 [54]
 [55]
 [54]
 [51]
 [46]
 [53]
 [57]
 [52]
 [49]
 [56]
 [55]
 [45]
 [49]] 
------------------------ Dataset: B7b ------------------------
shape: (20, 1), dtype: uint16
Data:[[54]
 [55]
 [55]
 [57]
 [46]
 [52]
 [51]
 [55]
 [48]
 [51]
 [56]
 [57]
 [57]
 [57]
 [57]
 [57]
 [57]
 [53]
 [45]
 [48]] 
------------------------ Dataset: B7c ------------------------
shape: (33, 1), dtype: uint16
Data:[[54]
 [50]
 [57]
 [50]
 [46]
 [49]
 [57]
 [56]
 [50]
 [50]
 [55]
 [57]
 [57]
 [57]
 [57]
 [57]
 [57]
 [45]
 [48]
 [32]
 [54]
 [50]
 [57]
 [50]
 [46]
 [49]
 [57]
 [52]
 [50]
 [56]
 [49]
 [45]
 [49]] 
------------------------ Dataset: B7d ------------------------
shape: (27, 1), dtype: uint16
Data:[[54]
 [51]
 [48]
 [56]
 [46]
 [48]
 [50]
 [57]
 [49]
 [54]
 [53]
 [45]
 [48]
 [32]
 [54]
 [51]
 [48]
 [56]
 [46]
 [48]
 [50]
 [56]
 [55]
 [53]
 [57]
 [45]
 [49]] 
------------------------ Dataset: B7e ------------------------
shape: (27, 1), dtype: uint16
Data:[[54]
 [51]
 [50]
 [51]
 [46]
 [56]
 [52]
 [49]
 [57]
 [54]
 [57]
 [45]
 [48]
 [32]
 [54]
 [51]
 [50]
 [51]
 [46]
 [56]
 [52]
 [49]
 [57]
 [53]
 [55]
 [45]
 [49]] 
------------------------ Dataset: B7f ------------------------
shape: (27, 1), dtype: uint16
Data:[[54]
 [51]
 [51]
 [57]
 [46]
 [54]
 [57]
 [48]
 [48]
 [49]
 [52]
 [45]
 [48]
 [32]
 [54]
 [51]
 [51]
 [57]
 [46]
 [54]
 [57]
 [51]
 [57]
 [52]
 [55]
 [45]
 [49]] 
------------------------ Dataset: B7g ------------------------
shape: (27, 1), dtype: uint16
Data:[[54]
 [53]
 [48]
 [52]
 [46]
 [56]
 [48]
 [50]
 [49]
 [53]
 [49]
 [45]
 [48]
 [32]
 [54]
 [53]
 [48]
 [52]
 [46]
 [55]
 [57]
 [56]
 [50]
 [54]
 [55]
 [45]
 [49]] 
------------------------ Dataset: B7h ------------------------
shape: (33, 1), dtype: uint16
Data:[[54]
 [53]
 [50]
 [48]
 [46]
 [54]
 [49]
 [52]
 [49]
 [52]
 [49]
 [57]
 [57]
 [57]
 [57]
 [57]
 [57]
 [45]
 [48]
 [32]
 [54]
 [53]
 [50]
 [48]
 [46]
 [54]
 [49]
 [48]
 [54]
 [56]
 [57]
 [45]
 [49]] 
------------------------ Dataset: B7i ------------------------
shape: (33, 1), dtype: uint16
Data:[[54]
 [48]
 [49]
 [54]
 [46]
 [49]
 [55]
 [55]
 [57]
 [52]
 [51]
 [45]
 [48]
 [32]
 [54]
 [48]
 [49]
 [54]
 [46]
 [49]
 [55]
 [51]
 [56]
 [56]
 [55]
 [57]
 [57]
 [57]
 [57]
 [57]
 [57]
 [45]
 [49]] 
------------------------ Dataset: B7j ------------------------
shape: (33, 1), dtype: uint16
Data:[[54]
 [48]
 [51]
 [50]
 [46]
 [48]
 [48]
 [57]
 [55]
 [54]
 [51]
 [57]
 [57]
 [57]
 [57]
 [57]
 [57]
 [45]
 [48]
 [32]
 [54]
 [48]
 [51]
 [50]
 [46]
 [48]
 [48]
 [53]
 [55]
 [55]
 [56]
 [45]
 [49]] 
------------------------ Dataset: B7k ------------------------
shape: (33, 1), dtype: uint16
Data:[[54]
 [48]
 [52]
 [55]
 [46]
 [53]
 [57]
 [56]
 [48]
 [51]
 [45]
 [48]
 [32]
 [54]
 [48]
 [52]
 [55]
 [46]
 [53]
 [57]
 [55]
 [56]
 [50]
 [51]
 [57]
 [57]
 [57]
 [57]
 [57]
 [57]
 [53]
 [45]
 [49]] 
------------------------ Dataset: B7l ------------------------
shape: (27, 1), dtype: uint16
Data:[[54]
 [48]
 [54]
 [51]
 [46]
 [52]
 [56]
 [57]
 [56]
 [49]
 [50]
 [45]
 [48]
 [32]
 [54]
 [48]
 [54]
 [51]
 [46]
 [52]
 [55]
 [55]
 [55]
 [55]
 [52]
 [45]
 [49]] 
------------------------ Dataset: B7m ------------------------
shape: (33, 1), dtype: uint16
Data:[[54]
 [48]
 [55]
 [57]
 [46]
 [51]
 [53]
 [55]
 [54]
 [57]
 [56]
 [45]
 [48]
 [32]
 [54]
 [48]
 [55]
 [57]
 [46]
 [51]
 [52]
 [57]
 [56]
 [49]
 [57]
 [57]
 [57]
 [57]
 [57]
 [57]
 [57]
 [45]
 [49]] 
------------------------ Dataset: B7n ------------------------
shape: (33, 1), dtype: uint16
Data:[[53]
 [54]
 [52]
 [48]
 [46]
 [49]
 [53]
 [51]
 [56]
 [51]
 [50]
 [45]
 [48]
 [32]
 [53]
 [54]
 [52]
 [48]
 [46]
 [49]
 [53]
 [48]
 [51]
 [51]
 [52]
 [57]
 [57]
 [57]
 [57]
 [57]
 [57]
 [45]
 [49]] 
------------------------ Dataset: B7o ------------------------
shape: (27, 1), dtype: uint16
Data:[[53]
 [54]
 [53]
 [53]
 [46]
 [56]
 [56]
 [55]
 [52]
 [50]
 [50]
 [45]
 [48]
 [32]
 [53]
 [54]
 [53]
 [53]
 [46]
 [56]
 [56]
 [55]
 [51]
 [52]
 [57]
 [45]
 [49]] 
------------------------ Dataset: B7p ------------------------
shape: (27, 1), dtype: uint16
Data:[[53]
 [54]
 [55]
 [49]
 [46]
 [54]
 [49]
 [50]
 [56]
 [51]
 [50]
 [45]
 [48]
 [32]
 [53]
 [54]
 [55]
 [49]
 [46]
 [54]
 [48]
 [57]
 [57]
 [48]
 [49]
 [45]
 [49]] 
------------------------ Dataset: B7q ------------------------
shape: (33, 1), dtype: uint16
Data:[[53]
 [54]
 [56]
 [55]
 [46]
 [51]
 [56]
 [50]
 [52]
 [48]
 [49]
 [57]
 [57]
 [57]
 [57]
 [57]
 [57]
 [45]
 [48]
 [32]
 [53]
 [54]
 [56]
 [55]
 [46]
 [51]
 [55]
 [57]
 [53]
 [50]
 [51]
 [45]
 [49]] 
------------------------ Dataset: B7r ------------------------
shape: (33, 1), dtype: uint16
Data:[[53]
 [56]
 [49]
 [51]
 [46]
 [54]
 [50]
 [49]
 [54]
 [54]
 [48]
 [57]
 [57]
 [57]
 [57]
 [57]
 [57]
 [45]
 [48]
 [32]
 [53]
 [56]
 [49]
 [51]
 [46]
 [54]
 [49]
 [55]
 [54]
 [50]
 [55]
 [45]
 [49]] 
------------------------ Dataset: B7s ------------------------
shape: (27, 1), dtype: uint16
Data:[[54]
 [54]
 [48]
 [50]
 [46]
 [54]
 [55]
 [54]
 [53]
 [51]
 [51]
 [45]
 [48]
 [32]
 [54]
 [54]
 [48]
 [50]
 [46]
 [54]
 [56]
 [50]
 [51]
 [56]
 [49]
 [45]
 [49]] 
------------------------ Dataset: B7t ------------------------
shape: (34, 1), dtype: uint16
Data:[[54]
 [54]
 [49]
 [56]
 [46]
 [54]
 [51]
 [51]
 [51]
 [48]
 [55]
 [45]
 [48]
 [32]
 [54]
 [54]
 [49]
 [56]
 [46]
 [54]
 [51]
 [51]
 [57]
 [56]
 [52]
 [57]
 [57]
 [57]
 [57]
 [57]
 [57]
 [53]
 [45]
 [49]] 
------------------------ Dataset: B7u ------------------------
shape: (39, 1), dtype: uint16
Data:[[54]
 [54]
 [51]
 [52]
 [46]
 [52]
 [56]
 [54]
 [49]
 [50]
 [49]
 [57]
 [57]
 [57]
 [57]
 [57]
 [57]
 [45]
 [48]
 [32]
 [54]
 [54]
 [51]
 [52]
 [46]
 [52]
 [57]
 [48]
 [49]
 [52]
 [51]
 [57]
 [57]
 [57]
 [57]
 [57]
 [57]
 [45]
 [49]] 
------------------------ Dataset: B7v ------------------------
shape: (32, 1), dtype: uint16
Data:[[54]
 [54]
 [53]
 [48]
 [46]
 [48]
 [57]
 [56]
 [49]
 [56]
 [53]
 [57]
 [57]
 [57]
 [57]
 [57]
 [57]
 [45]
 [48]
 [32]
 [54]
 [54]
 [53]
 [48]
 [46]
 [49]
 [48]
 [56]
 [57]
 [56]
 [45]
 [49]] 
------------------------ Dataset: B7w ------------------------
shape: (39, 1), dtype: uint16
Data:[[54]
 [54]
 [54]
 [53]
 [46]
 [57]
 [52]
 [54]
 [48]
 [52]
 [51]
 [57]
 [57]
 [57]
 [57]
 [57]
 [57]
 [45]
 [48]
 [32]
 [54]
 [54]
 [54]
 [53]
 [46]
 [57]
 [53]
 [51]
 [49]
 [54]
 [50]
 [57]
 [57]
 [57]
 [57]
 [57]
 [57]
 [45]
 [49]] 
------------------------ Dataset: B7x ------------------------
shape: (33, 1), dtype: uint16
Data:[[54]
 [54]
 [56]
 [49]
 [46]
 [56]
 [57]
 [57]
 [51]
 [57]
 [57]
 [57]
 [57]
 [57]
 [57]
 [57]
 [57]
 [45]
 [48]
 [32]
 [54]
 [54]
 [56]
 [49]
 [46]
 [56]
 [57]
 [57]
 [52]
 [54]
 [57]
 [45]
 [49]] 
------------------------ Dataset: B7y ------------------------
shape: (33, 1), dtype: uint16
Data:[[53]
 [56]
 [57]
 [57]
 [46]
 [56]
 [50]
 [52]
 [54]
 [50]
 [57]
 [45]
 [48]
 [32]
 [53]
 [56]
 [57]
 [57]
 [46]
 [56]
 [50]
 [52]
 [52]
 [57]
 [56]
 [57]
 [57]
 [57]
 [57]
 [57]
 [57]
 [45]
 [49]] 
------------------------ Dataset: B7z ------------------------
shape: (27, 1), dtype: uint16
Data:[[53]
 [57]
 [49]
 [53]
 [46]
 [54]
 [56]
 [53]
 [55]
 [48]
 [53]
 [45]
 [48]
 [32]
 [53]
 [57]
 [49]
 [53]
 [46]
 [54]
 [56]
 [57]
 [55]
 [48]
 [56]
 [45]
 [49]] 
------------------------ Dataset: B8 ------------------------
shape: (27, 1), dtype: uint16
Data:[[54]
 [55]
 [54]
 [51]
 [46]
 [56]
 [53]
 [56]
 [49]
 [55]
 [57]
 [45]
 [48]
 [32]
 [54]
 [55]
 [54]
 [51]
 [46]
 [56]
 [53]
 [52]
 [49]
 [56]
 [54]
 [45]
 [49]] 
------------------------ Dataset: B8b ------------------------
shape: (27, 1), dtype: uint16
Data:[[54]
 [55]
 [55]
 [57]
 [46]
 [54]
 [57]
 [56]
 [57]
 [53]
 [55]
 [45]
 [48]
 [32]
 [54]
 [55]
 [55]
 [57]
 [46]
 [54]
 [57]
 [52]
 [49]
 [57]
 [50]
 [45]
 [49]] 
------------------------ Dataset: B8c ------------------------
shape: (27, 1), dtype: uint16
Data:[[54]
 [50]
 [57]
 [50]
 [46]
 [52]
 [52]
 [54]
 [49]
 [48]
 [56]
 [45]
 [48]
 [32]
 [54]
 [50]
 [57]
 [50]
 [46]
 [52]
 [52]
 [57]
 [57]
 [50]
 [51]
 [45]
 [49]] 
------------------------ Dataset: B8d ------------------------
shape: (13, 1), dtype: uint16
Data:[[54]
 [51]
 [48]
 [56]
 [46]
 [50]
 [55]
 [49]
 [57]
 [52]
 [54]
 [45]
 [49]] 
------------------------ Dataset: B8e ------------------------
shape: (27, 1), dtype: uint16
Data:[[54]
 [51]
 [50]
 [52]
 [46]
 [48]
 [57]
 [51]
 [57]
 [54]
 [57]
 [45]
 [48]
 [32]
 [54]
 [51]
 [50]
 [52]
 [46]
 [48]
 [56]
 [57]
 [57]
 [49]
 [54]
 [45]
 [49]] 
------------------------ Dataset: B8f ------------------------
shape: (34, 1), dtype: uint16
Data:[[54]
 [51]
 [51]
 [57]
 [46]
 [57]
 [53]
 [56]
 [48]
 [49]
 [52]
 [45]
 [48]
 [32]
 [54]
 [51]
 [51]
 [57]
 [46]
 [57]
 [53]
 [51]
 [56]
 [57]
 [49]
 [57]
 [57]
 [57]
 [57]
 [57]
 [57]
 [53]
 [45]
 [49]] 
------------------------ Dataset: B8g ------------------------
shape: (27, 1), dtype: uint16
Data:[[54]
 [53]
 [48]
 [53]
 [46]
 [48]
 [52]
 [57]
 [57]
 [56]
 [57]
 [45]
 [48]
 [32]
 [54]
 [53]
 [48]
 [53]
 [46]
 [48]
 [52]
 [54]
 [53]
 [51]
 [51]
 [45]
 [49]] 
------------------------ Dataset: B8h ------------------------
shape: (33, 1), dtype: uint16
Data:[[54]
 [53]
 [50]
 [48]
 [46]
 [56]
 [54]
 [56]
 [56]
 [57]
 [51]
 [45]
 [48]
 [32]
 [54]
 [53]
 [50]
 [48]
 [46]
 [56]
 [55]
 [48]
 [51]
 [48]
 [54]
 [57]
 [57]
 [57]
 [57]
 [57]
 [57]
 [45]
 [49]] 
------------------------ Dataset: B8i ------------------------
shape: (27, 1), dtype: uint16
Data:[[54]
 [48]
 [49]
 [54]
 [46]
 [52]
 [50]
 [57]
 [55]
 [56]
 [51]
 [45]
 [48]
 [32]
 [54]
 [48]
 [49]
 [54]
 [46]
 [52]
 [50]
 [53]
 [55]
 [49]
 [55]
 [45]
 [49]] 
------------------------ Dataset: B8j ------------------------
shape: (34, 1), dtype: uint16
Data:[[54]
 [48]
 [51]
 [50]
 [46]
 [50]
 [54]
 [49]
 [57]
 [57]
 [51]
 [57]
 [57]
 [57]
 [57]
 [57]
 [57]
 [53]
 [45]
 [48]
 [32]
 [54]
 [48]
 [51]
 [50]
 [46]
 [50]
 [53]
 [55]
 [55]
 [56]
 [55]
 [45]
 [49]] 
------------------------ Dataset: B8k ------------------------
shape: (33, 1), dtype: uint16
Data:[[54]
 [48]
 [52]
 [55]
 [46]
 [56]
 [52]
 [57]
 [55]
 [48]
 [53]
 [45]
 [48]
 [32]
 [54]
 [48]
 [52]
 [55]
 [46]
 [56]
 [52]
 [53]
 [55]
 [54]
 [55]
 [57]
 [57]
 [57]
 [57]
 [57]
 [57]
 [45]
 [49]] 
------------------------ Dataset: B8l ------------------------
shape: (33, 1), dtype: uint16
Data:[[54]
 [48]
 [54]
 [51]
 [46]
 [55]
 [52]
 [50]
 [50]
 [49]
 [52]
 [45]
 [48]
 [32]
 [54]
 [48]
 [54]
 [51]
 [46]
 [55]
 [52]
 [48]
 [57]
 [48]
 [51]
 [57]
 [57]
 [57]
 [57]
 [57]
 [57]
 [45]
 [49]] 
------------------------ Dataset: B8m ------------------------
shape: (34, 1), dtype: uint16
Data:[[54]
 [48]
 [55]
 [57]
 [46]
 [54]
 [48]
 [55]
 [53]
 [49]
 [54]
 [57]
 [57]
 [57]
 [57]
 [57]
 [57]
 [53]
 [45]
 [48]
 [32]
 [54]
 [48]
 [55]
 [57]
 [46]
 [54]
 [48]
 [56]
 [56]
 [54]
 [57]
 [45]
 [49]] 
------------------------ Dataset: B8n ------------------------
shape: (33, 1), dtype: uint16
Data:[[53]
 [54]
 [52]
 [48]
 [46]
 [52]
 [48]
 [49]
 [54]
 [53]
 [51]
 [45]
 [48]
 [32]
 [53]
 [54]
 [52]
 [48]
 [46]
 [52]
 [48]
 [49]
 [54]
 [53]
 [51]
 [57]
 [57]
 [57]
 [57]
 [57]
 [57]
 [45]
 [49]] 
------------------------ Dataset: B8o ------------------------
shape: (41, 1), dtype: uint16
Data:[[53]
 [54]
 [53]
 [54]
 [46]
 [49]
 [52]
 [57]
 [52]
 [50]
 [49]
 [57]
 [57]
 [57]
 [57]
 [57]
 [57]
 [53]
 [45]
 [48]
 [32]
 [53]
 [54]
 [53]
 [54]
 [46]
 [49]
 [53]
 [50]
 [51]
 [55]
 [57]
 [57]
 [57]
 [57]
 [57]
 [57]
 [57]
 [53]
 [45]
 [49]] 
------------------------ Dataset: B8p ------------------------
shape: (39, 1), dtype: uint16
Data:[[53]
 [54]
 [55]
 [49]
 [46]
 [56]
 [53]
 [55]
 [53]
 [56]
 [56]
 [57]
 [57]
 [57]
 [57]
 [57]
 [57]
 [45]
 [48]
 [32]
 [53]
 [54]
 [55]
 [49]
 [46]
 [56]
 [53]
 [51]
 [53]
 [53]
 [56]
 [57]
 [57]
 [57]
 [57]
 [57]
 [57]
 [45]
 [49]] 
------------------------ Dataset: B8q ------------------------
shape: (27, 1), dtype: uint16
Data:[[53]
 [54]
 [56]
 [55]
 [46]
 [54]
 [51]
 [55]
 [48]
 [48]
 [49]
 [45]
 [48]
 [32]
 [53]
 [54]
 [56]
 [55]
 [46]
 [54]
 [51]
 [54]
 [53]
 [48]
 [54]
 [45]
 [49]] 
------------------------ Dataset: B8r ------------------------
shape: (27, 1), dtype: uint16
Data:[[53]
 [56]
 [49]
 [51]
 [46]
 [56]
 [55]
 [55]
 [54]
 [48]
 [51]
 [45]
 [48]
 [32]
 [53]
 [56]
 [49]
 [51]
 [46]
 [56]
 [54]
 [57]
 [56]
 [56]
 [49]
 [45]
 [49]] 
------------------------ Dataset: B8s ------------------------
shape: (27, 1), dtype: uint16
Data:[[54]
 [54]
 [48]
 [50]
 [46]
 [57]
 [51]
 [52]
 [48]
 [51]
 [57]
 [45]
 [48]
 [32]
 [54]
 [54]
 [48]
 [50]
 [46]
 [57]
 [51]
 [52]
 [48]
 [56]
 [51]
 [45]
 [49]] 
------------------------ Dataset: B8t ------------------------
shape: (39, 1), dtype: uint16
Data:[[54]
 [54]
 [49]
 [56]
 [46]
 [56]
 [57]
 [57]
 [51]
 [48]
 [53]
 [57]
 [57]
 [57]
 [57]
 [57]
 [57]
 [45]
 [48]
 [32]
 [54]
 [54]
 [49]
 [56]
 [46]
 [57]
 [48]
 [51]
 [51]
 [54]
 [55]
 [57]
 [57]
 [57]
 [57]
 [57]
 [57]
 [45]
 [49]] 
------------------------ Dataset: B8u ------------------------
shape: (26, 1), dtype: uint16
Data:[[54]
 [54]
 [51]
 [52]
 [46]
 [55]
 [54]
 [50]
 [48]
 [52]
 [45]
 [48]
 [32]
 [54]
 [54]
 [51]
 [52]
 [46]
 [55]
 [53]
 [56]
 [49]
 [50]
 [51]
 [45]
 [49]] 
------------------------ Dataset: B8v ------------------------
shape: (34, 1), dtype: uint16
Data:[[54]
 [54]
 [53]
 [48]
 [46]
 [51]
 [53]
 [56]
 [50]
 [50]
 [56]
 [57]
 [57]
 [57]
 [57]
 [57]
 [57]
 [53]
 [45]
 [48]
 [32]
 [54]
 [54]
 [53]
 [48]
 [46]
 [51]
 [54]
 [50]
 [49]
 [57]
 [54]
 [45]
 [49]] 
------------------------ Dataset: B8w ------------------------
shape: (27, 1), dtype: uint16
Data:[[54]
 [54]
 [54]
 [54]
 [46]
 [50]
 [50]
 [50]
 [50]
 [52]
 [50]
 [45]
 [48]
 [32]
 [54]
 [54]
 [54]
 [54]
 [46]
 [50]
 [49]
 [56]
 [51]
 [49]
 [53]
 [45]
 [49]] 
------------------------ Dataset: B8x ------------------------
shape: (39, 1), dtype: uint16
Data:[[54]
 [54]
 [56]
 [50]
 [46]
 [49]
 [53]
 [56]
 [50]
 [48]
 [48]
 [57]
 [57]
 [57]
 [57]
 [57]
 [57]
 [45]
 [48]
 [32]
 [54]
 [54]
 [56]
 [50]
 [46]
 [49]
 [53]
 [52]
 [50]
 [55]
 [48]
 [57]
 [57]
 [57]
 [57]
 [57]
 [57]
 [45]
 [49]] 
------------------------ Dataset: B8y ------------------------
shape: (33, 1), dtype: uint16
Data:[[53]
 [57]
 [48]
 [48]
 [46]
 [48]
 [55]
 [52]
 [49]
 [49]
 [51]
 [45]
 [48]
 [32]
 [53]
 [57]
 [48]
 [48]
 [46]
 [48]
 [55]
 [48]
 [51]
 [50]
 [51]
 [57]
 [57]
 [57]
 [57]
 [57]
 [57]
 [45]
 [49]] 
------------------------ Dataset: B8z ------------------------
shape: (27, 1), dtype: uint16
Data:[[53]
 [57]
 [49]
 [53]
 [46]
 [57]
 [52]
 [57]
 [53]
 [52]
 [57]
 [45]
 [48]
 [32]
 [53]
 [57]
 [49]
 [53]
 [46]
 [57]
 [53]
 [52]
 [50]
 [57]
 [54]
 [45]
 [49]] 
------------------------ Dataset: B9 ------------------------
shape: (27, 1), dtype: uint16
Data:[[54]
 [55]
 [54]
 [52]
 [46]
 [49]
 [50]
 [50]
 [52]
 [55]
 [50]
 [45]
 [48]
 [32]
 [54]
 [55]
 [54]
 [52]
 [46]
 [49]
 [49]
 [53]
 [54]
 [49]
 [51]
 [45]
 [49]] 
------------------------ Dataset: B9b ------------------------
shape: (27, 1), dtype: uint16
Data:[[54]
 [55]
 [55]
 [57]
 [46]
 [57]
 [52]
 [54]
 [51]
 [57]
 [56]
 [45]
 [48]
 [32]
 [54]
 [55]
 [55]
 [57]
 [46]
 [57]
 [52]
 [50]
 [49]
 [49]
 [55]
 [45]
 [49]] 
------------------------ Dataset: B9c ------------------------
shape: (34, 1), dtype: uint16
Data:[[54]
 [50]
 [57]
 [50]
 [46]
 [54]
 [57]
 [55]
 [57]
 [53]
 [49]
 [57]
 [57]
 [57]
 [57]
 [57]
 [57]
 [53]
 [45]
 [48]
 [32]
 [54]
 [50]
 [57]
 [50]
 [46]
 [55]
 [48]
 [49]
 [57]
 [54]
 [54]
 [45]
 [49]] 
------------------------ Dataset: B9d ------------------------
shape: (40, 1), dtype: uint16
Data:[[54]
 [51]
 [48]
 [56]
 [46]
 [53]
 [50]
 [49]
 [57]
 [49]
 [57]
 [57]
 [57]
 [57]
 [57]
 [57]
 [57]
 [45]
 [48]
 [32]
 [54]
 [51]
 [48]
 [56]
 [46]
 [53]
 [49]
 [55]
 [56]
 [51]
 [57]
 [57]
 [57]
 [57]
 [57]
 [57]
 [57]
 [53]
 [45]
 [49]] 
------------------------ Dataset: B9e ------------------------
shape: (26, 1), dtype: uint16
Data:[[54]
 [51]
 [50]
 [52]
 [46]
 [51]
 [52]
 [53]
 [57]
 [54]
 [45]
 [48]
 [32]
 [54]
 [51]
 [50]
 [52]
 [46]
 [51]
 [52]
 [49]
 [57]
 [48]
 [54]
 [45]
 [49]] 
------------------------ Dataset: B9f ------------------------
shape: (27, 1), dtype: uint16
Data:[[54]
 [51]
 [52]
 [48]
 [46]
 [50]
 [48]
 [56]
 [53]
 [51]
 [56]
 [45]
 [48]
 [32]
 [54]
 [51]
 [52]
 [48]
 [46]
 [50]
 [48]
 [56]
 [53]
 [52]
 [57]
 [45]
 [49]] 
------------------------ Dataset: B9g ------------------------
shape: (34, 1), dtype: uint16
Data:[[54]
 [53]
 [48]
 [53]
 [46]
 [51]
 [49]
 [48]
 [50]
 [54]
 [53]
 [57]
 [57]
 [57]
 [57]
 [57]
 [57]
 [53]
 [45]
 [48]
 [32]
 [54]
 [53]
 [48]
 [53]
 [46]
 [51]
 [48]
 [55]
 [48]
 [50]
 [57]
 [45]
 [49]] 
------------------------ Dataset: B9h ------------------------
shape: (27, 1), dtype: uint16
Data:[[54]
 [53]
 [50]
 [49]
 [46]
 [49]
 [49]
 [51]
 [57]
 [56]
 [50]
 [45]
 [48]
 [32]
 [54]
 [53]
 [50]
 [49]
 [46]
 [49]
 [50]
 [50]
 [54]
 [48]
 [51]
 [45]
 [49]] 
------------------------ Dataset: B9i ------------------------
shape: (26, 1), dtype: uint16
Data:[[54]
 [48]
 [49]
 [54]
 [46]
 [54]
 [56]
 [54]
 [48]
 [54]
 [45]
 [48]
 [32]
 [54]
 [48]
 [49]
 [54]
 [46]
 [54]
 [57]
 [53]
 [49]
 [55]
 [56]
 [45]
 [49]] 
------------------------ Dataset: B9j ------------------------
shape: (34, 1), dtype: uint16
Data:[[54]
 [48]
 [51]
 [50]
 [46]
 [53]
 [50]
 [54]
 [50]
 [48]
 [55]
 [45]
 [48]
 [32]
 [54]
 [48]
 [51]
 [50]
 [46]
 [53]
 [51]
 [49]
 [49]
 [49]
 [54]
 [57]
 [57]
 [57]
 [57]
 [57]
 [57]
 [53]
 [45]
 [49]] 
------------------------ Dataset: B9k ------------------------
shape: (33, 1), dtype: uint16
Data:[[54]
 [48]
 [52]
 [56]
 [46]
 [49]
 [49]
 [48]
 [49]
 [51]
 [52]
 [45]
 [48]
 [32]
 [54]
 [48]
 [52]
 [56]
 [46]
 [49]
 [49]
 [52]
 [51]
 [52]
 [53]
 [57]
 [57]
 [57]
 [57]
 [57]
 [57]
 [45]
 [49]] 
------------------------ Dataset: B9l ------------------------
shape: (26, 1), dtype: uint16
Data:[[54]
 [48]
 [54]
 [51]
 [46]
 [57]
 [56]
 [57]
 [55]
 [49]
 [45]
 [48]
 [32]
 [54]
 [48]
 [54]
 [51]
 [46]
 [57]
 [56]
 [53]
 [56]
 [48]
 [51]
 [45]
 [49]] 
------------------------ Dataset: B9m ------------------------
shape: (33, 1), dtype: uint16
Data:[[54]
 [48]
 [55]
 [57]
 [46]
 [56]
 [53]
 [55]
 [56]
 [55]
 [48]
 [57]
 [57]
 [57]
 [57]
 [57]
 [57]
 [45]
 [48]
 [32]
 [54]
 [48]
 [55]
 [57]
 [46]
 [56]
 [54]
 [53]
 [55]
 [55]
 [57]
 [45]
 [49]] 
------------------------ Dataset: B9n ------------------------
shape: (33, 1), dtype: uint16
Data:[[53]
 [54]
 [52]
 [48]
 [46]
 [54]
 [54]
 [49]
 [53]
 [49]
 [48]
 [57]
 [57]
 [57]
 [57]
 [57]
 [57]
 [45]
 [48]
 [32]
 [53]
 [54]
 [52]
 [48]
 [46]
 [54]
 [54]
 [57]
 [55]
 [49]
 [50]
 [45]
 [49]] 
------------------------ Dataset: B9o ------------------------
shape: (27, 1), dtype: uint16
Data:[[53]
 [54]
 [53]
 [54]
 [46]
 [52]
 [49]
 [50]
 [53]
 [54]
 [53]
 [45]
 [48]
 [32]
 [53]
 [54]
 [53]
 [54]
 [46]
 [52]
 [49]
 [50]
 [52]
 [52]
 [50]
 [45]
 [49]] 
------------------------ Dataset: B9p ------------------------
shape: (33, 1), dtype: uint16
Data:[[53]
 [54]
 [55]
 [50]
 [46]
 [49]
 [49]
 [52]
 [52]
 [53]
 [55]
 [45]
 [48]
 [32]
 [53]
 [54]
 [55]
 [50]
 [46]
 [49]
 [48]
 [57]
 [54]
 [55]
 [51]
 [57]
 [57]
 [57]
 [57]
 [57]
 [57]
 [45]
 [49]] 
------------------------ Dataset: B9q ------------------------
shape: (27, 1), dtype: uint16
Data:[[53]
 [54]
 [56]
 [55]
 [46]
 [56]
 [56]
 [49]
 [53]
 [57]
 [55]
 [45]
 [48]
 [32]
 [53]
 [54]
 [56]
 [55]
 [46]
 [56]
 [55]
 [56]
 [48]
 [50]
 [50]
 [45]
 [49]] 
------------------------ Dataset: B9r ------------------------
shape: (27, 1), dtype: uint16
Data:[[53]
 [56]
 [49]
 [52]
 [46]
 [49]
 [50]
 [57]
 [57]
 [51]
 [52]
 [45]
 [48]
 [32]
 [53]
 [56]
 [49]
 [52]
 [46]
 [49]
 [50]
 [54]
 [57]
 [56]
 [51]
 [45]
 [49]] 
------------------------ Dataset: B9s ------------------------
shape: (27, 1), dtype: uint16
Data:[[54]
 [54]
 [48]
 [51]
 [46]
 [49]
 [55]
 [56]
 [48]
 [54]
 [52]
 [45]
 [48]
 [32]
 [54]
 [54]
 [48]
 [51]
 [46]
 [49]
 [55]
 [52]
 [50]
 [54]
 [49]
 [45]
 [49]] 
------------------------ Dataset: B9t ------------------------
shape: (34, 1), dtype: uint16
Data:[[54]
 [54]
 [49]
 [57]
 [46]
 [49]
 [53]
 [53]
 [50]
 [50]
 [54]
 [45]
 [48]
 [32]
 [54]
 [54]
 [49]
 [57]
 [46]
 [49]
 [53]
 [56]
 [49]
 [53]
 [53]
 [57]
 [57]
 [57]
 [57]
 [57]
 [57]
 [53]
 [45]
 [49]] 
------------------------ Dataset: B9u ------------------------
shape: (39, 1), dtype: uint16
Data:[[54]
 [54]
 [51]
 [53]
 [46]
 [48]
 [50]
 [54]
 [48]
 [49]
 [49]
 [57]
 [57]
 [57]
 [57]
 [57]
 [57]
 [45]
 [48]
 [32]
 [54]
 [54]
 [51]
 [53]
 [46]
 [48]
 [51]
 [48]
 [48]
 [49]
 [49]
 [57]
 [57]
 [57]
 [57]
 [57]
 [57]
 [45]
 [49]] 
------------------------ Dataset: B9v ------------------------
shape: (34, 1), dtype: uint16
Data:[[54]
 [54]
 [53]
 [48]
 [46]
 [54]
 [49]
 [56]
 [49]
 [52]
 [56]
 [45]
 [48]
 [32]
 [54]
 [54]
 [53]
 [48]
 [46]
 [54]
 [49]
 [52]
 [56]
 [49]
 [48]
 [57]
 [57]
 [57]
 [57]
 [57]
 [57]
 [53]
 [45]
 [49]] 
------------------------ Dataset: B9w ------------------------
shape: (32, 1), dtype: uint16
Data:[[54]
 [54]
 [54]
 [54]
 [46]
 [52]
 [54]
 [57]
 [57]
 [56]
 [45]
 [48]
 [32]
 [54]
 [54]
 [54]
 [54]
 [46]
 [52]
 [54]
 [57]
 [57]
 [56]
 [48]
 [57]
 [57]
 [57]
 [57]
 [57]
 [57]
 [45]
 [49]] 
------------------------ Dataset: B9x ------------------------
shape: (40, 1), dtype: uint16
Data:[[54]
 [54]
 [56]
 [50]
 [46]
 [52]
 [49]
 [57]
 [49]
 [55]
 [50]
 [57]
 [57]
 [57]
 [57]
 [57]
 [57]
 [45]
 [48]
 [32]
 [54]
 [54]
 [56]
 [50]
 [46]
 [52]
 [50]
 [50]
 [51]
 [57]
 [49]
 [57]
 [57]
 [57]
 [57]
 [57]
 [57]
 [53]
 [45]
 [49]] 
------------------------ Dataset: B9y ------------------------
shape: (27, 1), dtype: uint16
Data:[[53]
 [57]
 [48]
 [48]
 [46]
 [51]
 [50]
 [57]
 [54]
 [55]
 [53]
 [45]
 [48]
 [32]
 [53]
 [57]
 [48]
 [48]
 [46]
 [51]
 [50]
 [49]
 [54]
 [57]
 [57]
 [45]
 [49]] 
------------------------ Dataset: B9z ------------------------
shape: (33, 1), dtype: uint16
Data:[[53]
 [57]
 [49]
 [54]
 [46]
 [50]
 [48]
 [53]
 [53]
 [53]
 [52]
 [45]
 [48]
 [32]
 [53]
 [57]
 [49]
 [54]
 [46]
 [49]
 [57]
 [52]
 [56]
 [52]
 [50]
 [57]
 [57]
 [57]
 [57]
 [57]
 [57]
 [45]
 [49]] 
------------------------ Dataset: BA ------------------------
