shape: (1, 6), dtype: uint32
Data:[[3707764736          2          1          1       1675          1]] 
------------------------ Dataset: RBb ------------------------
shape: (33, 1), dtype: uint16
Data:[[54]
 [55]
 [55]
 [49]
 [46]
 [53]
 [55]
 [48]
 [49]
 [49]
 [54]
 [45]
 [48]
 [32]
 [54]
 [55]
 [55]
 [49]
 [46]
 [53]
 [55]
 [52]
 [49]
 [52]
 [51]
 [57]
 [57]
 [57]
 [57]
 [57]
 [57]
 [45]
 [49]] 
------------------------ Dataset: RBc ------------------------
shape: (33, 1), dtype: uint16
Data:[[54]
 [50]
 [56]
 [52]
 [46]
 [51]
 [53]
 [52]
 [49]
 [57]
 [55]
 [45]
 [48]
 [32]
 [54]
 [50]
 [56]
 [52]
 [46]
 [51]
 [53]
 [55]
 [57]
 [48]
 [53]
 [57]
 [57]
 [57]
 [57]
 [57]
 [57]
 [45]
 [49]] 
------------------------ Dataset: RBd ------------------------
shape: (39, 1), dtype: uint16
Data:[[54]
 [51]
 [48]
 [48]
 [46]
 [49]
 [50]
 [50]
 [53]
 [54]
 [48]
 [57]
 [57]
 [57]
 [57]
 [57]
 [57]
 [45]
 [48]
 [32]
 [54]
 [51]
 [48]
 [48]
 [46]
 [49]
 [49]
 [57]
 [56]
 [48]
 [57]
 [57]
 [57]
 [57]
 [57]
 [57]
 [57]
 [45]
 [49]] 
------------------------ Dataset: RBe ------------------------
shape: (33, 1), dtype: uint16
Data:[[54]
 [51]
 [49]
 [54]
 [46]
 [48]
 [48]
 [52]
 [52]
 [55]
 [51]
 [57]
 [57]
 [57]
 [57]
 [57]
 [57]
 [45]
 [48]
 [32]
 [54]
 [51]
 [49]
 [53]
 [46]
 [57]
 [57]
 [57]
 [55]
 [53]
 [50]
 [45]
 [49]] 
------------------------ Dataset: RBf ------------------------
shape: (34, 1), dtype: uint16
Data:[[54]
 [51]
 [51]
 [49]
 [46]
 [56]
 [50]
 [53]
 [56]
 [54]
 [51]
 [57]
 [57]
 [57]
 [57]
 [57]
 [57]
 [53]
 [45]
 [48]
 [32]
 [54]
 [51]
 [51]
 [49]
 [46]
 [56]
 [50]
 [57]
 [56]
 [50]
 [56]
 [45]
 [49]] 
------------------------ Dataset: RBg ------------------------
shape: (13, 1), dtype: uint16
Data:[[54]
 [52]
 [57]
 [54]
 [46]
 [57]
 [56]
 [49]
 [57]
 [55]
 [54]
 [45]
 [48]] 
------------------------ Dataset: RBh ------------------------
shape: (13, 1), dtype: uint16
Data:[[54]
 [53]
 [49]
 [50]
 [46]
 [55]
 [53]
 [55]
 [57]
 [57]
 [50]
 [45]
 [48]] 
------------------------ Dataset: RBi ------------------------
shape: (33, 1), dtype: uint16
Data:[[54]
 [53]
 [50]
 [56]
 [46]
 [53]
 [56]
 [54]
 [48]
 [54]
 [54]
 [57]
 [57]
 [57]
 [57]
 [57]
 [57]
 [45]
 [48]
 [32]
 [54]
 [53]
 [50]
 [56]
 [46]
 [53]
 [55]
 [55]
 [57]
 [52]
 [55]
 [45]
 [49]] 
------------------------ Dataset: RBj ------------------------
shape: (34, 1), dtype: uint16
Data:[[54]
 [48]
 [50]
 [52]
 [46]
 [49]
 [53]
 [55]
 [56]
 [51]
 [48]
 [57]
 [57]
 [57]
 [57]
 [57]
 [57]
 [53]
 [45]
 [48]
 [32]
 [54]
 [48]
 [50]
 [52]
 [46]
 [49]
 [54]
 [49]
 [55]
 [51]
 [56]
 [45]
 [49]] 
------------------------ Dataset: RBk ------------------------
shape: (30, 1), dtype: uint16
Data:[[54]
 [48]
 [51]
 [57]
 [46]
 [57]
 [49]
 [48]
 [52]
 [52]
 [54]
 [57]
 [57]
 [57]
 [57]
 [57]
 [57]
 [45]
 [48]
 [32]
 [54]
 [48]
 [51]
 [57]
 [46]
 [57]
 [48]
 [54]
 [45]
 [49]] 
------------------------ Dataset: RBl ------------------------
shape: (33, 1), dtype: uint16
Data:[[54]
 [48]
 [53]
 [53]
 [46]
 [53]
 [55]
 [51]
 [55]
 [49]
 [57]
 [57]
 [57]
 [57]
 [57]
 [57]
 [57]
 [45]
 [48]
 [32]
 [54]
 [48]
 [53]
 [53]
 [46]
 [53]
 [55]
 [55]
 [56]
 [49]
 [54]
 [45]
 [49]] 
------------------------ Dataset: RBm ------------------------
shape: (33, 1), dtype: uint16
Data:[[54]
 [48]
 [55]
 [49]
 [46]
 [53]
 [50]
 [53]
 [55]
 [49]
 [50]
 [45]
 [48]
 [32]
 [54]
 [48]
 [55]
 [49]
 [46]
 [53]
 [50]
 [49]
 [56]
 [48]
 [52]
 [57]
 [57]
 [57]
 [57]
 [57]
 [57]
 [45]
 [49]] 
------------------------ Dataset: RBn ------------------------
shape: (27, 1), dtype: uint16
Data:[[53]
 [54]
 [51]
 [50]
 [46]
 [51]
 [56]
 [49]
 [53]
 [55]
 [52]
 [45]
 [48]
 [32]
 [53]
 [54]
 [51]
 [50]
 [46]
 [51]
 [55]
 [55]
 [53]
 [53]
 [52]
 [45]
 [49]] 
------------------------ Dataset: RBo ------------------------
shape: (33, 1), dtype: uint16
Data:[[53]
 [54]
 [52]
 [56]
 [46]
 [48]
 [54]
 [57]
 [55]
 [54]
 [54]
 [45]
 [48]
 [32]
 [53]
 [54]
 [52]
 [56]
 [46]
 [48]
 [54]
 [53]
 [54]
 [55]
 [53]
 [57]
 [57]
 [57]
 [57]
 [57]
 [57]
 [45]
 [49]] 
------------------------ Dataset: RBp ------------------------
shape: (33, 1), dtype: uint16
Data:[[53]
 [54]
 [54]
 [51]
 [46]
 [56]
 [48]
 [51]
 [50]
 [50]
 [53]
 [45]
 [48]
 [32]
 [53]
 [54]
 [54]
 [51]
 [46]
 [56]
 [48]
 [51]
 [50]
 [49]
 [50]
 [57]
 [57]
 [57]
 [57]
 [57]
 [57]
 [45]
 [49]] 
------------------------ Dataset: RBq ------------------------
shape: (33, 1), dtype: uint16
Data:[[53]
 [54]
 [55]
 [57]
 [46]
 [53]
 [52]
 [53]
 [54]
 [48]
 [55]
 [57]
 [57]
 [57]
 [57]
 [57]
 [57]
 [45]
 [48]
 [32]
 [53]
 [54]
 [55]
 [57]
 [46]
 [53]
 [52]
 [49]
 [54]
 [51]
 [53]
 [45]
 [49]] 
------------------------ Dataset: RBr ------------------------
shape: (33, 1), dtype: uint16
Data:[[53]
 [56]
 [48]
 [53]
 [46]
 [56]
 [52]
 [56]
 [55]
 [52]
 [49]
 [45]
 [48]
 [32]
 [53]
 [56]
 [48]
 [53]
 [46]
 [56]
 [53]
 [52]
 [48]
 [57]
 [56]
 [57]
 [57]
 [57]
 [57]
 [57]
 [57]
 [45]
 [49]] 
------------------------ Dataset: RBs ------------------------
shape: (40, 1), dtype: uint16
Data:[[54]
 [52]
 [49]
 [56]
 [46]
 [54]
 [48]
 [54]
 [50]
 [53]
 [51]
 [57]
 [57]
 [57]
 [57]
 [57]
 [57]
 [45]
 [48]
 [32]
 [54]
 [52]
 [49]
 [56]
 [46]
 [54]
 [49]
 [48]
 [48]
 [50]
 [48]
 [57]
 [57]
 [57]
 [57]
 [57]
 [57]
 [53]
 [45]
 [49]] 
------------------------ Dataset: RBt ------------------------
shape: (39, 1), dtype: uint16
Data:[[54]
 [54]
 [49]
 [48]
 [46]
 [55]
 [48]
 [54]
 [48]
 [48]
 [50]
 [57]
 [57]
 [57]
 [57]
 [57]
 [57]
 [45]
 [48]
 [32]
 [54]
 [54]
 [49]
 [48]
 [46]
 [55]
 [49]
 [48]
 [49]
 [49]
 [56]
 [57]
 [57]
 [57]
 [57]
 [57]
 [57]
 [45]
 [49]] 
------------------------ Dataset: RBu ------------------------
shape: (27, 1), dtype: uint16
Data:[[54]
 [54]
 [50]
 [54]
 [46]
 [54]
 [50]
 [55]
 [49]
 [50]
 [50]
 [45]
 [48]
 [32]
 [54]
 [54]
 [50]
 [54]
 [46]
 [54]
 [51]
 [49]
 [55]
 [49]
 [56]
 [45]
 [49]] 
------------------------ Dataset: RBv ------------------------
shape: (40, 1), dtype: uint16
Data:[[54]
 [54]
 [52]
 [50]
 [46]
 [52]
 [49]
 [49]
 [56]
 [56]
 [57]
 [57]
 [57]
 [57]
 [57]
 [57]
 [57]
 [45]
 [48]
 [32]
 [54]
 [54]
 [52]
 [50]
 [46]
 [52]
 [48]
 [55]
 [54]
 [53]
 [48]
 [57]
 [57]
 [57]
 [57]
 [57]
 [57]
 [53]
 [45]
 [49]] 
------------------------ Dataset: RBw ------------------------
shape: (33, 1), dtype: uint16
Data:[[54]
 [54]
 [53]
 [56]
 [46]
 [49]
 [49]
 [57]
 [53]
 [53]
 [52]
 [45]
 [48]
 [32]
 [54]
 [54]
 [53]
 [56]
 [46]
 [49]
 [50]
 [49]
 [52]
 [53]
 [49]
 [57]
 [57]
 [57]
 [57]
 [57]
 [57]
 [45]
 [49]] 
------------------------ Dataset: RBx ------------------------
shape: (27, 1), dtype: uint16
Data:[[54]
 [54]
 [55]
 [52]
 [46]
 [48]
 [48]
 [48]
 [52]
 [53]
 [54]
 [45]
 [48]
 [32]
 [54]
 [54]
 [55]
 [51]
 [46]
 [57]
 [57]
 [53]
 [56]
 [57]
 [56]
 [45]
 [49]] 
------------------------ Dataset: RBy ------------------------
shape: (40, 1), dtype: uint16
Data:[[54]
 [54]
 [56]
 [57]
 [46]
 [57]
 [49]
 [54]
 [50]
 [49]
 [55]
 [57]
 [57]
 [57]
 [57]
 [57]
 [57]
 [45]
 [48]
 [32]
 [54]
 [54]
 [56]
 [57]
 [46]
 [57]
 [50]
 [49]
 [50]
 [54]
 [56]
 [57]
 [57]
 [57]
 [57]
 [57]
 [57]
 [53]
 [45]
 [49]] 
------------------------ Dataset: RBz ------------------------
shape: (39, 1), dtype: uint16
Data:[[53]
 [57]
 [48]
 [55]
 [46]
 [56]
 [48]
 [49]
 [56]
 [51]
 [52]
 [57]
 [57]
 [57]
 [57]
 [57]
 [57]
 [45]
 [48]
 [32]
 [53]
 [57]
 [48]
 [55]
 [46]
 [56]
 [48]
 [57]
 [54]
 [56]
 [55]
 [57]
 [57]
 [57]
 [57]
 [57]
 [57]
 [45]
 [49]] 
------------------------ Dataset: RC ------------------------
