shape: (1, 6), dtype: uint32
Data:[[3707764736          2          1          1        556          1]] 
------------------------ Dataset: mjb ------------------------
shape: (40, 1), dtype: uint16
Data:[[54]
 [55]
 [54]
 [54]
 [46]
 [56]
 [54]
 [48]
 [48]
 [53]
 [50]
 [57]
 [57]
 [57]
 [57]
 [57]
 [57]
 [45]
 [48]
 [32]
 [54]
 [55]
 [54]
 [54]
 [46]
 [56]
 [53]
 [57]
 [53]
 [50]
 [51]
 [57]
 [57]
 [57]
 [57]
 [57]
 [57]
 [53]
 [45]
 [49]] 
------------------------ Dataset: mjc ------------------------
shape: (40, 1), dtype: uint16
Data:[[54]
 [50]
 [55]
 [57]
 [46]
 [54]
 [53]
 [55]
 [57]
 [50]
 [54]
 [57]
 [57]
 [57]
 [57]
 [57]
 [57]
 [45]
 [48]
 [32]
 [54]
 [50]
 [55]
 [57]
 [46]
 [54]
 [53]
 [51]
 [57]
 [50]
 [49]
 [57]
 [57]
 [57]
 [57]
 [57]
 [57]
 [53]
 [45]
 [49]] 
------------------------ Dataset: mjd ------------------------
shape: (27, 1), dtype: uint16
Data:[[54]
 [50]
 [57]
 [53]
 [46]
 [52]
 [50]
 [54]
 [54]
 [53]
 [57]
 [45]
 [48]
 [32]
 [54]
 [50]
 [57]
 [53]
 [46]
 [52]
 [50]
 [57]
 [56]
 [51]
 [55]
 [45]
 [49]] 
------------------------ Dataset: mje ------------------------
shape: (26, 1), dtype: uint16
Data:[[54]
 [51]
 [49]
 [49]
 [46]
 [50]
 [53]
 [56]
 [49]
 [50]
 [49]
 [45]
 [48]
 [32]
 [54]
 [51]
 [49]
 [49]
 [46]
 [50]
 [53]
 [51]
 [56]
 [57]
 [45]
 [49]] 
------------------------ Dataset: mjf ------------------------
shape: (41, 1), dtype: uint16
Data:[[54]
 [51]
 [50]
 [55]
 [46]
 [49]
 [52]
 [50]
 [55]
 [52]
 [53]
 [57]
 [57]
 [57]
 [57]
 [57]
 [57]
 [53]
 [45]
 [48]
 [32]
 [54]
 [51]
 [50]
 [55]
 [46]
 [49]
 [53]
 [48]
 [53]
 [55]
 [57]
 [57]
 [57]
 [57]
 [57]
 [57]
 [57]
 [53]
 [45]
 [49]] 
------------------------ Dataset: mjg ------------------------
shape: (33, 1), dtype: uint16
Data:[[54]
 [51]
 [52]
 [50]
 [46]
 [57]
 [52]
 [51]
 [55]
 [51]
 [53]
 [57]
 [57]
 [57]
 [57]
 [57]
 [57]
 [45]
 [48]
 [32]
 [54]
 [51]
 [52]
 [50]
 [46]
 [57]
 [52]
 [56]
 [51]
 [50]
 [49]
 [45]
 [49]] 
------------------------ Dataset: mjh ------------------------
shape: (33, 1), dtype: uint16
Data:[[54]
 [53]
 [48]
 [56]
 [46]
 [48]
 [51]
 [51]
 [57]
 [57]
 [48]
 [57]
 [57]
 [57]
 [57]
 [57]
 [57]
 [45]
 [48]
 [32]
 [54]
 [53]
 [48]
 [56]
 [46]
 [48]
 [51]
 [51]
 [57]
 [57]
 [53]
 [45]
 [49]] 
------------------------ Dataset: mji ------------------------
shape: (33, 1), dtype: uint16
Data:[[54]
 [53]
 [50]
 [51]
 [46]
 [56]
 [54]
 [53]
 [57]
 [52]
 [51]
 [45]
 [48]
 [32]
 [54]
 [53]
 [50]
 [51]
 [46]
 [56]
 [54]
 [57]
 [57]
 [51]
 [56]
 [57]
 [57]
 [57]
 [57]
 [57]
 [57]
 [45]
 [49]] 
------------------------ Dataset: mjj ------------------------
shape: (34, 1), dtype: uint16
Data:[[54]
 [48]
 [49]
 [57]
 [46]
 [52]
 [51]
 [55]
 [55]
 [55]
 [54]
 [45]
 [48]
 [32]
 [54]
 [48]
 [49]
 [57]
 [46]
 [52]
 [52]
 [49]
 [55]
 [53]
 [51]
 [57]
 [57]
 [57]
 [57]
 [57]
 [57]
 [53]
 [45]
 [49]] 
------------------------ Dataset: mjk ------------------------
shape: (33, 1), dtype: uint16
Data:[[54]
 [48]
 [51]
 [53]
 [46]
 [50]
 [53]
 [51]
 [54]
 [52]
 [45]
 [48]
 [32]
 [54]
 [48]
 [51]
 [53]
 [46]
 [50]
 [52]
 [57]
 [54]
 [57]
 [52]
 [57]
 [57]
 [57]
 [57]
 [57]
 [57]
 [53]
 [45]
 [49]] 
------------------------ Dataset: mjl ------------------------
shape: (33, 1), dtype: uint16
Data:[[54]
 [48]
 [53]
 [48]
 [46]
 [56]
 [55]
 [51]
 [54]
 [57]
 [55]
 [57]
 [57]
 [57]
 [57]
 [57]
 [57]
 [45]
 [48]
 [32]
 [54]
 [48]
 [53]
 [48]
 [46]
 [56]
 [54]
 [54]
 [51]
 [48]
 [49]
 [45]
 [49]] 
------------------------ Dataset: mjm ------------------------
shape: (32, 1), dtype: uint16
Data:[[54]
 [48]
 [54]
 [54]
 [46]
 [55]
 [54]
 [57]
 [54]
 [55]
 [45]
 [48]
 [32]
 [54]
 [48]
 [54]
 [54]
 [46]
 [55]
 [54]
 [49]
 [55]
 [57]
 [49]
 [57]
 [57]
 [57]
 [57]
 [57]
 [57]
 [45]
 [49]] 
------------------------ Dataset: mjn ------------------------
shape: (27, 1), dtype: uint16
Data:[[54]
 [48]
 [56]
 [50]
 [46]
 [54]
 [57]
 [51]
 [56]
 [57]
 [57]
 [45]
 [48]
 [32]
 [54]
 [48]
 [56]
 [50]
 [46]
 [54]
 [56]
 [57]
 [57]
 [51]
 [57]
 [45]
 [49]] 
------------------------ Dataset: mjo ------------------------
shape: (33, 1), dtype: uint16
Data:[[53]
 [54]
 [52]
 [51]
 [46]
 [51]
 [56]
 [57]
 [54]
 [54]
 [51]
 [57]
 [57]
 [57]
 [57]
 [57]
 [57]
 [45]
 [48]
 [32]
 [53]
 [54]
 [52]
 [51]
 [46]
 [51]
 [56]
 [53]
 [56]
 [57]
 [52]
 [45]
 [49]] 
------------------------ Dataset: mjp ------------------------
shape: (27, 1), dtype: uint16
Data:[[53]
 [54]
 [53]
 [57]
 [46]
 [49]
 [50]
 [57]
 [53]
 [56]
 [53]
 [45]
 [48]
 [32]
 [53]
 [54]
 [53]
 [57]
 [46]
 [49]
 [50]
 [57]
 [53]
 [57]
 [51]
 [45]
 [49]] 
------------------------ Dataset: mjq ------------------------
shape: (33, 1), dtype: uint16
Data:[[53]
 [54]
 [55]
 [52]
 [46]
 [56]
 [53]
 [53]
 [57]
 [55]
 [52]
 [57]
 [57]
 [57]
 [57]
 [57]
 [57]
 [53]
 [45]
 [48]
 [32]
 [53]
 [54]
 [55]
 [52]
 [46]
 [56]
 [53]
 [54]
 [51]
 [57]
 [45]
 [49]] 
------------------------ Dataset: mjr ------------------------
shape: (39, 1), dtype: uint16
Data:[[53]
 [54]
 [57]
 [48]
 [46]
 [54]
 [49]
 [55]
 [54]
 [50]
 [53]
 [57]
 [57]
 [57]
 [57]
 [57]
 [57]
 [45]
 [48]
 [32]
 [53]
 [54]
 [57]
 [48]
 [46]
 [54]
 [49]
 [51]
 [53]
 [55]
 [52]
 [57]
 [57]
 [57]
 [57]
 [57]
 [57]
 [45]
 [49]] 
------------------------ Dataset: mjs ------------------------
shape: (13, 1), dtype: uint16
Data:[[54]
 [52]
 [49]
 [51]
 [46]
 [56]
 [56]
 [54]
 [51]
 [52]
 [51]
 [45]
 [48]] 
------------------------ Dataset: mjt ------------------------
shape: (27, 1), dtype: uint16
Data:[[54]
 [54]
 [48]
 [53]
 [46]
 [57]
 [54]
 [55]
 [57]
 [48]
 [54]
 [45]
 [48]
 [32]
 [54]
 [54]
 [48]
 [53]
 [46]
 [57]
 [55]
 [49]
 [53]
 [49]
 [54]
 [45]
 [49]] 
------------------------ Dataset: mju ------------------------
shape: (26, 1), dtype: uint16
Data:[[54]
 [54]
 [50]
 [49]
 [46]
 [57]
 [51]
 [52]
 [57]
 [48]
 [50]
 [45]
 [48]
 [32]
 [54]
 [54]
 [50]
 [49]
 [46]
 [57]
 [52]
 [49]
 [51]
 [57]
 [45]
 [49]] 
------------------------ Dataset: mjv ------------------------
shape: (39, 1), dtype: uint16
Data:[[54]
 [54]
 [51]
 [55]
 [46]
 [55]
 [56]
 [50]
 [55]
 [53]
 [55]
 [57]
 [57]
 [57]
 [57]
 [57]
 [57]
 [45]
 [48]
 [32]
 [54]
 [54]
 [51]
 [55]
 [46]
 [55]
 [56]
 [51]
 [49]
 [54]
 [56]
 [57]
 [57]
 [57]
 [57]
 [57]
 [57]
 [45]
 [49]] 
------------------------ Dataset: mjw ------------------------
shape: (34, 1), dtype: uint16
Data:[[54]
 [54]
 [53]
 [51]
 [46]
 [51]
 [54]
 [54]
 [50]
 [48]
 [55]
 [57]
 [57]
 [57]
 [57]
 [57]
 [57]
 [53]
 [45]
 [48]
 [32]
 [54]
 [54]
 [53]
 [51]
 [46]
 [51]
 [55]
 [52]
 [48]
 [56]
 [57]
 [45]
 [49]] 
------------------------ Dataset: mjx ------------------------
shape: (27, 1), dtype: uint16
Data:[[54]
 [54]
 [54]
 [57]
 [46]
 [50]
 [52]
 [54]
 [50]
 [53]
 [53]
 [45]
 [48]
 [32]
 [54]
 [54]
 [54]
 [57]
 [46]
 [50]
 [53]
 [48]
 [49]
 [48]
 [55]
 [45]
 [49]] 
------------------------ Dataset: mjy ------------------------
shape: (27, 1), dtype: uint16
Data:[[54]
 [54]
 [56]
 [53]
 [46]
 [49]
 [55]
 [52]
 [49]
 [54]
 [56]
 [45]
 [48]
 [32]
 [54]
 [54]
 [56]
 [53]
 [46]
 [49]
 [54]
 [54]
 [49]
 [48]
 [49]
 [45]
 [49]] 
------------------------ Dataset: mjz ------------------------
shape: (27, 1), dtype: uint16
Data:[[53]
 [57]
 [48]
 [51]
 [46]
 [48]
 [56]
 [50]
 [49]
 [52]
 [49]
 [45]
 [48]
 [32]
 [53]
 [57]
 [48]
 [51]
 [46]
 [48]
 [56]
 [53]
 [54]
 [56]
 [57]
 [45]
 [49]] 
------------------------ Dataset: mk ------------------------
