shape: (1, 6), dtype: uint32
Data:[[3707764736          2          1          1        107          1]] 
------------------------ Dataset: Wbb ------------------------
shape: (26, 1), dtype: uint16
Data:[[54]
 [55]
 [54]
 [52]
 [46]
 [57]
 [53]
 [52]
 [49]
 [56]
 [45]
 [48]
 [32]
 [54]
 [55]
 [54]
 [52]
 [46]
 [57]
 [53]
 [48]
 [50]
 [50]
 [57]
 [45]
 [49]] 
------------------------ Dataset: Wbc ------------------------
shape: (27, 1), dtype: uint16
Data:[[54]
 [55]
 [56]
 [48]
 [46]
 [56]
 [49]
 [48]
 [49]
 [49]
 [51]
 [45]
 [48]
 [32]
 [54]
 [55]
 [56]
 [48]
 [46]
 [56]
 [49]
 [52]
 [51]
 [49]
 [56]
 [45]
 [49]] 
------------------------ Dataset: Wbd ------------------------
shape: (33, 1), dtype: uint16
Data:[[54]
 [50]
 [57]
 [51]
 [46]
 [53]
 [54]
 [50]
 [53]
 [56]
 [51]
 [45]
 [48]
 [32]
 [54]
 [50]
 [57]
 [51]
 [46]
 [53]
 [53]
 [57]
 [53]
 [57]
 [48]
 [57]
 [57]
 [57]
 [57]
 [57]
 [57]
 [45]
 [49]] 
------------------------ Dataset: Wbe ------------------------
shape: (27, 1), dtype: uint16
Data:[[54]
 [51]
 [48]
 [57]
 [46]
 [51]
 [56]
 [56]
 [48]
 [57]
 [55]
 [45]
 [48]
 [32]
 [54]
 [51]
 [48]
 [57]
 [46]
 [51]
 [55]
 [53]
 [50]
 [49]
 [57]
 [45]
 [49]] 
------------------------ Dataset: Wbf ------------------------
shape: (27, 1), dtype: uint16
Data:[[54]
 [51]
 [50]
 [53]
 [46]
 [49]
 [57]
 [56]
 [51]
 [48]
 [52]
 [45]
 [48]
 [32]
 [54]
 [51]
 [50]
 [53]
 [46]
 [50]
 [48]
 [49]
 [57]
 [50]
 [57]
 [45]
 [49]] 
------------------------ Dataset: Wbg ------------------------
shape: (27, 1), dtype: uint16
Data:[[54]
 [51]
 [52]
 [49]
 [46]
 [48]
 [52]
 [55]
 [51]
 [57]
 [51]
 [45]
 [48]
 [32]
 [54]
 [51]
 [52]
 [49]
 [46]
 [48]
 [53]
 [51]
 [49]
 [55]
 [56]
 [45]
 [49]] 
------------------------ Dataset: Wbh ------------------------
shape: (19, 1), dtype: uint16
Data:[[54]
 [53]
 [48]
 [54]
 [46]
 [49]
 [53]
 [53]
 [55]
 [57]
 [54]
 [57]
 [57]
 [57]
 [57]
 [57]
 [57]
 [45]
 [49]] 
------------------------ Dataset: Wbi ------------------------
shape: (33, 1), dtype: uint16
Data:[[54]
 [53]
 [50]
 [49]
 [46]
 [57]
 [55]
 [48]
 [48]
 [50]
 [54]
 [45]
 [48]
 [32]
 [54]
 [53]
 [50]
 [49]
 [46]
 [57]
 [55]
 [52]
 [48]
 [52]
 [50]
 [57]
 [57]
 [57]
 [57]
 [57]
 [57]
 [45]
 [49]] 
------------------------ Dataset: Wbj ------------------------
shape: (27, 1), dtype: uint16
Data:[[54]
 [48]
 [49]
 [55]
 [46]
 [53]
 [53]
 [48]
 [48]
 [55]
 [50]
 [45]
 [48]
 [32]
 [54]
 [48]
 [49]
 [55]
 [46]
 [53]
 [53]
 [51]
 [57]
 [49]
 [49]
 [45]
 [49]] 
------------------------ Dataset: Wbk ------------------------
shape: (34, 1), dtype: uint16
Data:[[54]
 [48]
 [51]
 [51]
 [46]
 [51]
 [54]
 [54]
 [49]
 [50]
 [49]
 [45]
 [48]
 [32]
 [54]
 [48]
 [51]
 [51]
 [46]
 [51]
 [54]
 [57]
 [55]
 [57]
 [49]
 [57]
 [57]
 [57]
 [57]
 [57]
 [57]
 [53]
 [45]
 [49]] 
------------------------ Dataset: Wbl ------------------------
shape: (40, 1), dtype: uint16
Data:[[54]
 [48]
 [52]
 [56]
 [46]
 [57]
 [54]
 [52]
 [48]
 [48]
 [53]
 [57]
 [57]
 [57]
 [57]
 [57]
 [57]
 [45]
 [48]
 [32]
 [54]
 [48]
 [52]
 [56]
 [46]
 [57]
 [55]
 [48]
 [49]
 [50]
 [51]
 [57]
 [57]
 [57]
 [57]
 [57]
 [57]
 [53]
 [45]
 [49]] 
------------------------ Dataset: Wbm ------------------------
shape: (27, 1), dtype: uint16
Data:[[54]
 [48]
 [54]
 [52]
 [46]
 [56]
 [52]
 [57]
 [55]
 [54]
 [56]
 [45]
 [48]
 [32]
 [54]
 [48]
 [54]
 [52]
 [46]
 [56]
 [52]
 [57]
 [55]
 [56]
 [49]
 [45]
 [49]] 
------------------------ Dataset: Wbn ------------------------
shape: (33, 1), dtype: uint16
Data:[[54]
 [48]
 [56]
 [48]
 [46]
 [55]
 [52]
 [53]
 [55]
 [51]
 [49]
 [45]
 [48]
 [32]
 [54]
 [48]
 [56]
 [48]
 [46]
 [55]
 [52]
 [53]
 [55]
 [50]
 [56]
 [57]
 [57]
 [57]
 [57]
 [57]
 [57]
 [45]
 [49]] 
------------------------ Dataset: Wbo ------------------------
shape: (33, 1), dtype: uint16
Data:[[53]
 [54]
 [52]
 [49]
 [46]
 [53]
 [48]
 [49]
 [53]
 [50]
 [51]
 [45]
 [48]
 [32]
 [53]
 [54]
 [52]
 [49]
 [46]
 [52]
 [57]
 [55]
 [53]
 [55]
 [52]
 [57]
 [57]
 [57]
 [57]
 [57]
 [57]
 [45]
 [49]] 
------------------------ Dataset: Wbp ------------------------
shape: (27, 1), dtype: uint16
Data:[[53]
 [54]
 [53]
 [55]
 [46]
 [50]
 [52]
 [57]
 [53]
 [51]
 [56]
 [45]
 [48]
 [32]
 [53]
 [54]
 [53]
 [55]
 [46]
 [50]
 [52]
 [57]
 [53]
 [51]
 [53]
 [45]
 [49]] 
------------------------ Dataset: Wbq ------------------------
shape: (27, 1), dtype: uint16
Data:[[53]
 [54]
 [55]
 [50]
 [46]
 [57]
 [53]
 [51]
 [53]
 [50]
 [53]
 [45]
 [48]
 [32]
 [53]
 [54]
 [55]
 [50]
 [46]
 [57]
 [53]
 [55]
 [53]
 [53]
 [56]
 [45]
 [49]] 
------------------------ Dataset: Wbr ------------------------
shape: (41, 1), dtype: uint16
Data:[[53]
 [54]
 [56]
 [56]
 [46]
 [55]
 [50]
 [49]
 [54]
 [51]
 [51]
 [57]
 [57]
 [57]
 [57]
 [57]
 [57]
 [53]
 [45]
 [48]
 [32]
 [53]
 [54]
 [56]
 [56]
 [46]
 [55]
 [50]
 [53]
 [54]
 [54]
 [56]
 [57]
 [57]
 [57]
 [57]
 [57]
 [57]
 [53]
 [45]
 [49]] 
------------------------ Dataset: Wbs ------------------------
shape: (33, 1), dtype: uint16
Data:[[53]
 [56]
 [49]
 [52]
 [46]
 [57]
 [56]
 [53]
 [54]
 [52]
 [48]
 [57]
 [57]
 [57]
 [57]
 [57]
 [57]
 [45]
 [48]
 [32]
 [53]
 [56]
 [49]
 [52]
 [46]
 [57]
 [56]
 [57]
 [54]
 [50]
 [55]
 [45]
 [49]] 
------------------------ Dataset: Wbt ------------------------
shape: (34, 1), dtype: uint16
Data:[[54]
 [54]
 [48]
 [52]
 [46]
 [48]
 [53]
 [56]
 [50]
 [53]
 [48]
 [57]
 [57]
 [57]
 [57]
 [57]
 [57]
 [53]
 [45]
 [48]
 [32]
 [54]
 [54]
 [48]
 [52]
 [46]
 [48]
 [53]
 [52]
 [51]
 [55]
 [53]
 [45]
 [49]] 
------------------------ Dataset: Wbu ------------------------
shape: (33, 1), dtype: uint16
Data:[[54]
 [54]
 [50]
 [48]
 [46]
 [48]
 [52]
 [50]
 [48]
 [55]
 [57]
 [45]
 [48]
 [32]
 [54]
 [54]
 [50]
 [48]
 [46]
 [48]
 [51]
 [56]
 [51]
 [50]
 [54]
 [57]
 [57]
 [57]
 [57]
 [57]
 [57]
 [45]
 [49]] 
------------------------ Dataset: Wbv ------------------------
shape: (27, 1), dtype: uint16
Data:[[54]
 [54]
 [51]
 [53]
 [46]
 [56]
 [57]
 [49]
 [56]
 [48]
 [57]
 [45]
 [48]
 [32]
 [54]
 [54]
 [51]
 [53]
 [46]
 [56]
 [57]
 [50]
 [49]
 [52]
 [50]
 [45]
 [49]] 
------------------------ Dataset: Wbw ------------------------
shape: (33, 1), dtype: uint16
Data:[[54]
 [54]
 [53]
 [49]
 [46]
 [52]
 [55]
 [48]
 [49]
 [57]
 [55]
 [45]
 [48]
 [32]
 [54]
 [54]
 [53]
 [49]
 [46]
 [52]
 [54]
 [55]
 [56]
 [53]
 [48]
 [57]
 [57]
 [57]
 [57]
 [57]
 [57]
 [45]
 [49]] 
------------------------ Dataset: Wbx ------------------------
shape: (27, 1), dtype: uint16
Data:[[54]
 [54]
 [54]
 [55]
 [46]
 [51]
 [49]
 [56]
 [49]
 [48]
 [49]
 [45]
 [48]
 [32]
 [54]
 [54]
 [54]
 [55]
 [46]
 [51]
 [50]
 [50]
 [50]
 [57]
 [55]
 [45]
 [49]] 
------------------------ Dataset: Wby ------------------------
shape: (27, 1), dtype: uint16
Data:[[54]
 [54]
 [56]
 [51]
 [46]
 [50]
 [54]
 [50]
 [48]
 [55]
 [51]
 [45]
 [48]
 [32]
 [54]
 [54]
 [56]
 [51]
 [46]
 [50]
 [54]
 [54]
 [50]
 [49]
 [51]
 [45]
 [49]] 
------------------------ Dataset: Wbz ------------------------
shape: (33, 1), dtype: uint16
Data:[[53]
 [57]
 [48]
 [49]
 [46]
 [49]
 [55]
 [55]
 [55]
 [53]
 [51]
 [57]
 [57]
 [57]
 [57]
 [57]
 [57]
 [45]
 [48]
 [32]
 [53]
 [57]
 [48]
 [49]
 [46]
 [49]
 [56]
 [49]
 [55]
 [51]
 [52]
 [45]
 [49]] 
------------------------ Dataset: Wc ------------------------
