shape: (1, 6), dtype: uint32
Data:[[3707764736          2          1          1        521          1]] 
------------------------ Dataset: Nib ------------------------
shape: (34, 1), dtype: uint16
Data:[[54]
 [55]
 [54]
 [54]
 [46]
 [55]
 [49]
 [54]
 [57]
 [54]
 [57]
 [57]
 [57]
 [57]
 [57]
 [57]
 [57]
 [53]
 [45]
 [48]
 [32]
 [54]
 [55]
 [54]
 [54]
 [46]
 [55]
 [50]
 [48]
 [49]
 [51]
 [53]
 [45]
 [49]] 
------------------------ Dataset: Nic ------------------------
shape: (33, 1), dtype: uint16
Data:[[54]
 [50]
 [55]
 [57]
 [46]
 [53]
 [49]
 [52]
 [49]
 [51]
 [57]
 [57]
 [57]
 [57]
 [57]
 [57]
 [57]
 [45]
 [48]
 [32]
 [54]
 [50]
 [55]
 [57]
 [46]
 [53]
 [49]
 [55]
 [56]
 [56]
 [50]
 [45]
 [49]] 
------------------------ Dataset: Nid ------------------------
shape: (27, 1), dtype: uint16
Data:[[54]
 [50]
 [57]
 [53]
 [46]
 [50]
 [56]
 [53]
 [56]
 [56]
 [55]
 [45]
 [48]
 [32]
 [54]
 [50]
 [57]
 [53]
 [46]
 [50]
 [56]
 [50]
 [50]
 [56]
 [57]
 [45]
 [49]] 
------------------------ Dataset: Nie ------------------------
shape: (33, 1), dtype: uint16
Data:[[54]
 [51]
 [49]
 [49]
 [46]
 [49]
 [49]
 [48]
 [49]
 [51]
 [50]
 [57]
 [57]
 [57]
 [57]
 [57]
 [57]
 [45]
 [48]
 [32]
 [54]
 [51]
 [49]
 [49]
 [46]
 [49]
 [49]
 [52]
 [48]
 [48]
 [54]
 [45]
 [49]] 
------------------------ Dataset: Nif ------------------------
shape: (33, 1), dtype: uint16
Data:[[54]
 [51]
 [50]
 [54]
 [46]
 [57]
 [56]
 [57]
 [57]
 [57]
 [52]
 [45]
 [48]
 [32]
 [54]
 [51]
 [50]
 [54]
 [46]
 [57]
 [56]
 [54]
 [48]
 [51]
 [53]
 [57]
 [57]
 [57]
 [57]
 [57]
 [57]
 [45]
 [49]] 
------------------------ Dataset: Nig ------------------------
shape: (27, 1), dtype: uint16
Data:[[54]
 [51]
 [52]
 [50]
 [46]
 [55]
 [57]
 [56]
 [54]
 [54]
 [52]
 [45]
 [48]
 [32]
 [54]
 [51]
 [52]
 [50]
 [46]
 [55]
 [57]
 [52]
 [52]
 [55]
 [53]
 [45]
 [49]] 
------------------------ Dataset: Nih ------------------------
shape: (33, 1), dtype: uint16
Data:[[54]
 [53]
 [48]
 [55]
 [46]
 [56]
 [56]
 [57]
 [57]
 [50]
 [57]
 [57]
 [57]
 [57]
 [57]
 [57]
 [57]
 [45]
 [48]
 [32]
 [54]
 [53]
 [48]
 [55]
 [46]
 [56]
 [57]
 [52]
 [48]
 [54]
 [54]
 [45]
 [49]] 
------------------------ Dataset: Nii ------------------------
shape: (34, 1), dtype: uint16
Data:[[54]
 [53]
 [50]
 [51]
 [46]
 [55]
 [50]
 [56]
 [55]
 [54]
 [51]
 [57]
 [57]
 [57]
 [57]
 [57]
 [57]
 [53]
 [45]
 [48]
 [32]
 [54]
 [53]
 [50]
 [51]
 [46]
 [55]
 [50]
 [50]
 [48]
 [49]
 [49]
 [45]
 [49]] 
------------------------ Dataset: Nij ------------------------
shape: (27, 1), dtype: uint16
Data:[[54]
 [48]
 [49]
 [57]
 [46]
 [51]
 [48]
 [53]
 [51]
 [53]
 [49]
 [45]
 [48]
 [32]
 [54]
 [48]
 [49]
 [57]
 [46]
 [51]
 [48]
 [49]
 [52]
 [55]
 [52]
 [45]
 [49]] 
------------------------ Dataset: Nik ------------------------
shape: (34, 1), dtype: uint16
Data:[[54]
 [48]
 [51]
 [53]
 [46]
 [49]
 [48]
 [49]
 [55]
 [50]
 [52]
 [45]
 [48]
 [32]
 [54]
 [48]
 [51]
 [53]
 [46]
 [48]
 [57]
 [55]
 [55]
 [50]
 [49]
 [57]
 [57]
 [57]
 [57]
 [57]
 [57]
 [53]
 [45]
 [49]] 
------------------------ Dataset: Nil ------------------------
shape: (33, 1), dtype: uint16
Data:[[54]
 [48]
 [53]
 [48]
 [46]
 [55]
 [50]
 [57]
 [57]
 [54]
 [54]
 [57]
 [57]
 [57]
 [57]
 [57]
 [57]
 [45]
 [48]
 [32]
 [54]
 [48]
 [53]
 [48]
 [46]
 [55]
 [50]
 [56]
 [51]
 [56]
 [54]
 [45]
 [49]] 
------------------------ Dataset: Nim ------------------------
shape: (33, 1), dtype: uint16
Data:[[54]
 [48]
 [54]
 [54]
 [46]
 [54]
 [50]
 [53]
 [55]
 [57]
 [52]
 [45]
 [48]
 [32]
 [54]
 [48]
 [54]
 [54]
 [46]
 [54]
 [50]
 [49]
 [55]
 [56]
 [49]
 [57]
 [57]
 [57]
 [57]
 [57]
 [57]
 [45]
 [49]] 
------------------------ Dataset: Nin ------------------------
shape: (34, 1), dtype: uint16
Data:[[54]
 [48]
 [56]
 [50]
 [46]
 [53]
 [52]
 [53]
 [55]
 [49]
 [52]
 [45]
 [48]
 [32]
 [54]
 [48]
 [56]
 [50]
 [46]
 [53]
 [52]
 [49]
 [55]
 [52]
 [52]
 [57]
 [57]
 [57]
 [57]
 [57]
 [57]
 [53]
 [45]
 [49]] 
------------------------ Dataset: Nio ------------------------
shape: (40, 1), dtype: uint16
Data:[[53]
 [54]
 [52]
 [51]
 [46]
 [50]
 [52]
 [57]
 [53]
 [54]
 [53]
 [57]
 [57]
 [57]
 [57]
 [57]
 [57]
 [53]
 [45]
 [48]
 [32]
 [53]
 [54]
 [52]
 [51]
 [46]
 [50]
 [52]
 [49]
 [56]
 [48]
 [54]
 [57]
 [57]
 [57]
 [57]
 [57]
 [57]
 [45]
 [49]] 
------------------------ Dataset: Nip ------------------------
shape: (33, 1), dtype: uint16
Data:[[53]
 [54]
 [53]
 [56]
 [46]
 [57]
 [56]
 [53]
 [54]
 [53]
 [54]
 [57]
 [57]
 [57]
 [57]
 [57]
 [57]
 [45]
 [48]
 [32]
 [53]
 [54]
 [53]
 [56]
 [46]
 [57]
 [56]
 [57]
 [54]
 [49]
 [51]
 [45]
 [49]] 
------------------------ Dataset: Niq ------------------------
shape: (33, 1), dtype: uint16
Data:[[53]
 [54]
 [55]
 [52]
 [46]
 [54]
 [57]
 [55]
 [53]
 [57]
 [49]
 [45]
 [48]
 [32]
 [53]
 [54]
 [55]
 [52]
 [46]
 [54]
 [57]
 [51]
 [54]
 [48]
 [57]
 [57]
 [57]
 [57]
 [57]
 [57]
 [57]
 [45]
 [49]] 
------------------------ Dataset: Nir ------------------------
shape: (33, 1), dtype: uint16
Data:[[53]
 [54]
 [57]
 [48]
 [46]
 [52]
 [55]
 [55]
 [53]
 [51]
 [56]
 [45]
 [48]
 [32]
 [53]
 [54]
 [57]
 [48]
 [46]
 [52]
 [54]
 [57]
 [55]
 [49]
 [55]
 [57]
 [57]
 [57]
 [57]
 [57]
 [57]
 [45]
 [49]] 
------------------------ Dataset: Nis ------------------------
shape: (27, 1), dtype: uint16
Data:[[54]
 [52]
 [49]
 [51]
 [46]
 [55]
 [52]
 [57]
 [56]
 [55]
 [56]
 [45]
 [48]
 [32]
 [54]
 [52]
 [49]
 [51]
 [46]
 [55]
 [52]
 [53]
 [57]
 [50]
 [49]
 [45]
 [49]] 
------------------------ Dataset: Nit ------------------------
shape: (27, 1), dtype: uint16
Data:[[54]
 [54]
 [48]
 [53]
 [46]
 [56]
 [49]
 [52]
 [53]
 [52]
 [55]
 [45]
 [48]
 [32]
 [54]
 [54]
 [48]
 [53]
 [46]
 [56]
 [49]
 [53]
 [50]
 [48]
 [56]
 [45]
 [49]] 
------------------------ Dataset: Niu ------------------------
shape: (33, 1), dtype: uint16
Data:[[54]
 [54]
 [50]
 [49]
 [46]
 [55]
 [57]
 [56]
 [54]
 [50]
 [45]
 [48]
 [32]
 [54]
 [54]
 [50]
 [49]
 [46]
 [55]
 [57]
 [51]
 [55]
 [51]
 [50]
 [57]
 [57]
 [57]
 [57]
 [57]
 [57]
 [53]
 [45]
 [49]] 
------------------------ Dataset: Niv ------------------------
shape: (34, 1), dtype: uint16
Data:[[54]
 [54]
 [51]
 [55]
 [46]
 [54]
 [52]
 [50]
 [50]
 [49]
 [55]
 [45]
 [48]
 [32]
 [54]
 [54]
 [51]
 [55]
 [46]
 [54]
 [51]
 [56]
 [51]
 [49]
 [50]
 [57]
 [57]
 [57]
 [57]
 [57]
 [57]
 [53]
 [45]
 [49]] 
------------------------ Dataset: Niw ------------------------
shape: (19, 1), dtype: uint16
Data:[[54]
 [54]
 [53]
 [51]
 [46]
 [50]
 [50]
 [54]
 [49]
 [52]
 [54]
 [57]
 [57]
 [57]
 [57]
 [57]
 [57]
 [45]
 [49]] 
------------------------ Dataset: Nix ------------------------
shape: (13, 1), dtype: uint16
Data:[[54]
 [54]
 [54]
 [57]
 [46]
 [49]
 [48]
 [54]
 [52]
 [52]
 [55]
 [45]
 [49]] 
------------------------ Dataset: Niy ------------------------
shape: (27, 1), dtype: uint16
Data:[[54]
 [54]
 [56]
 [53]
 [46]
 [48]
 [50]
 [50]
 [49]
 [56]
 [51]
 [45]
 [48]
 [32]
 [54]
 [54]
 [56]
 [53]
 [46]
 [48]
 [49]
 [56]
 [49]
 [54]
 [49]
 [45]
 [49]] 
------------------------ Dataset: Niz ------------------------
shape: (39, 1), dtype: uint16
Data:[[53]
 [57]
 [48]
 [50]
 [46]
 [57]
 [52]
 [53]
 [54]
 [57]
 [52]
 [57]
 [57]
 [57]
 [57]
 [57]
 [57]
 [45]
 [48]
 [32]
 [53]
 [57]
 [48]
 [50]
 [46]
 [57]
 [52]
 [49]
 [57]
 [49]
 [57]
 [57]
 [57]
 [57]
 [57]
 [57]
 [57]
 [45]
 [49]] 
------------------------ Dataset: Nj ------------------------
