shape: (1, 6), dtype: uint32
Data:[[3707764736          2          1          1        350          1]] 
------------------------ Dataset: Xfb ------------------------
shape: (26, 1), dtype: uint16
Data:[[54]
 [55]
 [54]
 [53]
 [46]
 [57]
 [56]
 [54]
 [49]
 [52]
 [45]
 [48]
 [32]
 [54]
 [55]
 [54]
 [53]
 [46]
 [57]
 [56]
 [51]
 [49]
 [56]
 [49]
 [45]
 [49]] 
------------------------ Dataset: Xfc ------------------------
shape: (34, 1), dtype: uint16
Data:[[54]
 [55]
 [56]
 [49]
 [46]
 [56]
 [51]
 [52]
 [49]
 [56]
 [54]
 [57]
 [57]
 [57]
 [57]
 [57]
 [57]
 [53]
 [45]
 [48]
 [32]
 [54]
 [55]
 [56]
 [49]
 [46]
 [56]
 [51]
 [48]
 [50]
 [49]
 [53]
 [45]
 [49]] 
------------------------ Dataset: Xfd ------------------------
shape: (27, 1), dtype: uint16
Data:[[54]
 [50]
 [57]
 [52]
 [46]
 [53]
 [55]
 [56]
 [49]
 [50]
 [52]
 [45]
 [48]
 [32]
 [54]
 [50]
 [57]
 [52]
 [46]
 [53]
 [55]
 [51]
 [56]
 [54]
 [54]
 [45]
 [49]] 
------------------------ Dataset: Xfe ------------------------
shape: (39, 1), dtype: uint16
Data:[[54]
 [51]
 [49]
 [48]
 [46]
 [52]
 [48]
 [48]
 [55]
 [50]
 [54]
 [57]
 [57]
 [57]
 [57]
 [57]
 [57]
 [45]
 [48]
 [32]
 [54]
 [51]
 [49]
 [48]
 [46]
 [52]
 [48]
 [49]
 [48]
 [50]
 [55]
 [57]
 [57]
 [57]
 [57]
 [57]
 [57]
 [45]
 [49]] 
------------------------ Dataset: Xff ------------------------
shape: (33, 1), dtype: uint16
Data:[[54]
 [51]
 [50]
 [54]
 [46]
 [50]
 [54]
 [50]
 [54]
 [48]
 [50]
 [45]
 [48]
 [32]
 [54]
 [51]
 [50]
 [54]
 [46]
 [50]
 [54]
 [49]
 [51]
 [54]
 [57]
 [57]
 [57]
 [57]
 [57]
 [57]
 [57]
 [45]
 [49]] 
------------------------ Dataset: Xfg ------------------------
shape: (27, 1), dtype: uint16
Data:[[54]
 [51]
 [52]
 [50]
 [46]
 [48]
 [55]
 [56]
 [48]
 [55]
 [57]
 [45]
 [48]
 [32]
 [54]
 [51]
 [52]
 [50]
 [46]
 [48]
 [55]
 [51]
 [48]
 [52]
 [52]
 [45]
 [49]] 
------------------------ Dataset: Xfh ------------------------
shape: (27, 1), dtype: uint16
Data:[[54]
 [53]
 [48]
 [55]
 [46]
 [49]
 [56]
 [50]
 [48]
 [53]
 [54]
 [45]
 [48]
 [32]
 [54]
 [53]
 [48]
 [55]
 [46]
 [49]
 [56]
 [54]
 [48]
 [49]
 [49]
 [45]
 [49]] 
------------------------ Dataset: Xfi ------------------------
shape: (27, 1), dtype: uint16
Data:[[54]
 [53]
 [50]
 [51]
 [46]
 [48]
 [48]
 [54]
 [51]
 [52]
 [50]
 [45]
 [48]
 [32]
 [54]
 [53]
 [50]
 [51]
 [46]
 [48]
 [48]
 [53]
 [50]
 [48]
 [54]
 [45]
 [49]] 
------------------------ Dataset: Xfj ------------------------
shape: (33, 1), dtype: uint16
Data:[[54]
 [48]
 [49]
 [56]
 [46]
 [53]
 [54]
 [54]
 [48]
 [48]
 [51]
 [57]
 [57]
 [57]
 [57]
 [57]
 [57]
 [45]
 [48]
 [32]
 [54]
 [48]
 [49]
 [56]
 [46]
 [53]
 [55]
 [51]
 [57]
 [52]
 [50]
 [45]
 [49]] 
------------------------ Dataset: Xfk ------------------------
shape: (27, 1), dtype: uint16
Data:[[54]
 [48]
 [51]
 [52]
 [46]
 [51]
 [55]
 [53]
 [57]
 [52]
 [50]
 [45]
 [48]
 [32]
 [54]
 [48]
 [51]
 [52]
 [46]
 [51]
 [55]
 [51]
 [53]
 [53]
 [54]
 [45]
 [49]] 
------------------------ Dataset: Xfl ------------------------
shape: (27, 1), dtype: uint16
Data:[[54]
 [48]
 [53]
 [48]
 [46]
 [48]
 [48]
 [50]
 [53]
 [49]
 [49]
 [45]
 [48]
 [32]
 [54]
 [48]
 [53]
 [48]
 [46]
 [48]
 [48]
 [50]
 [52]
 [52]
 [55]
 [45]
 [49]] 
------------------------ Dataset: Xfm ------------------------
shape: (19, 1), dtype: uint16
Data:[[54]
 [48]
 [54]
 [53]
 [46]
 [56]
 [56]
 [49]
 [56]
 [52]
 [56]
 [57]
 [57]
 [57]
 [57]
 [57]
 [57]
 [45]
 [49]] 
------------------------ Dataset: Xfn ------------------------
shape: (27, 1), dtype: uint16
Data:[[54]
 [48]
 [56]
 [49]
 [46]
 [56]
 [51]
 [48]
 [57]
 [53]
 [54]
 [45]
 [48]
 [32]
 [54]
 [48]
 [56]
 [49]
 [46]
 [56]
 [51]
 [49]
 [49]
 [50]
 [54]
 [45]
 [49]] 
------------------------ Dataset: Xfo ------------------------
shape: (33, 1), dtype: uint16
Data:[[53]
 [54]
 [52]
 [50]
 [46]
 [53]
 [50]
 [53]
 [53]
 [52]
 [57]
 [57]
 [57]
 [57]
 [57]
 [57]
 [57]
 [45]
 [48]
 [32]
 [53]
 [54]
 [52]
 [50]
 [46]
 [53]
 [50]
 [57]
 [52]
 [56]
 [53]
 [45]
 [49]] 
------------------------ Dataset: Xfp ------------------------
shape: (27, 1), dtype: uint16
Data:[[53]
 [54]
 [53]
 [56]
 [46]
 [50]
 [55]
 [55]
 [53]
 [49]
 [51]
 [45]
 [48]
 [32]
 [53]
 [54]
 [53]
 [56]
 [46]
 [50]
 [55]
 [51]
 [53]
 [54]
 [51]
 [45]
 [49]] 
------------------------ Dataset: Xfq ------------------------
shape: (27, 1), dtype: uint16
Data:[[53]
 [54]
 [55]
 [51]
 [46]
 [57]
 [55]
 [55]
 [54]
 [53]
 [56]
 [45]
 [48]
 [32]
 [53]
 [54]
 [55]
 [51]
 [46]
 [57]
 [56]
 [49]
 [53]
 [57]
 [52]
 [45]
 [49]] 
------------------------ Dataset: Xfr ------------------------
shape: (27, 1), dtype: uint16
Data:[[53]
 [54]
 [56]
 [57]
 [46]
 [55]
 [53]
 [51]
 [54]
 [53]
 [54]
 [45]
 [48]
 [32]
 [53]
 [54]
 [56]
 [57]
 [46]
 [55]
 [52]
 [57]
 [54]
 [51]
 [53]
 [45]
 [49]] 
------------------------ Dataset: Xfs ------------------------
shape: (33, 1), dtype: uint16
Data:[[54]
 [52]
 [49]
 [51]
 [46]
 [48]
 [51]
 [48]
 [49]
 [49]
 [51]
 [57]
 [57]
 [57]
 [57]
 [57]
 [57]
 [45]
 [48]
 [32]
 [54]
 [52]
 [49]
 [51]
 [46]
 [48]
 [50]
 [53]
 [57]
 [54]
 [50]
 [45]
 [49]] 
------------------------ Dataset: Xft ------------------------
shape: (41, 1), dtype: uint16
Data:[[54]
 [54]
 [48]
 [53]
 [46]
 [48]
 [57]
 [51]
 [55]
 [51]
 [52]
 [57]
 [57]
 [57]
 [57]
 [57]
 [57]
 [53]
 [45]
 [48]
 [32]
 [54]
 [54]
 [48]
 [53]
 [46]
 [48]
 [56]
 [57]
 [53]
 [55]
 [56]
 [57]
 [57]
 [57]
 [57]
 [57]
 [57]
 [53]
 [45]
 [49]] 
------------------------ Dataset: Xfu ------------------------
shape: (40, 1), dtype: uint16
Data:[[54]
 [54]
 [50]
 [49]
 [46]
 [48]
 [54]
 [55]
 [52]
 [53]
 [49]
 [57]
 [57]
 [57]
 [57]
 [57]
 [57]
 [45]
 [48]
 [32]
 [54]
 [54]
 [50]
 [49]
 [46]
 [48]
 [54]
 [53]
 [51]
 [49]
 [51]
 [57]
 [57]
 [57]
 [57]
 [57]
 [57]
 [53]
 [45]
 [49]] 
------------------------ Dataset: Xfv ------------------------
shape: (34, 1), dtype: uint16
Data:[[54]
 [54]
 [51]
 [54]
 [46]
 [57]
 [49]
 [53]
 [55]
 [56]
 [50]
 [57]
 [57]
 [57]
 [57]
 [57]
 [57]
 [53]
 [45]
 [48]
 [32]
 [54]
 [54]
 [51]
 [54]
 [46]
 [57]
 [49]
 [56]
 [51]
 [49]
 [53]
 [45]
 [49]] 
------------------------ Dataset: Xfw ------------------------
shape: (27, 1), dtype: uint16
Data:[[54]
 [54]
 [53]
 [50]
 [46]
 [53]
 [48]
 [54]
 [48]
 [52]
 [50]
 [45]
 [48]
 [32]
 [54]
 [54]
 [53]
 [50]
 [46]
 [53]
 [48]
 [50]
 [48]
 [54]
 [56]
 [45]
 [49]] 
------------------------ Dataset: Xfx ------------------------
shape: (27, 1), dtype: uint16
Data:[[54]
 [54]
 [54]
 [56]
 [46]
 [51]
 [54]
 [54]
 [51]
 [48]
 [49]
 [45]
 [48]
 [32]
 [54]
 [54]
 [54]
 [56]
 [46]
 [51]
 [54]
 [54]
 [51]
 [49]
 [52]
 [45]
 [49]] 
------------------------ Dataset: Xfy ------------------------
shape: (39, 1), dtype: uint16
Data:[[54]
 [54]
 [56]
 [52]
 [46]
 [50]
 [57]
 [56]
 [49]
 [50]
 [52]
 [57]
 [57]
 [57]
 [57]
 [57]
 [57]
 [45]
 [48]
 [32]
 [54]
 [54]
 [56]
 [52]
 [46]
 [50]
 [57]
 [52]
 [51]
 [53]
 [50]
 [57]
 [57]
 [57]
 [57]
 [57]
 [57]
 [45]
 [49]] 
------------------------ Dataset: Xfz ------------------------
shape: (39, 1), dtype: uint16
Data:[[53]
 [57]
 [48]
 [50]
 [46]
 [50]
 [48]
 [57]
 [56]
 [51]
 [54]
 [57]
 [57]
 [57]
 [57]
 [57]
 [57]
 [45]
 [48]
 [32]
 [53]
 [57]
 [48]
 [50]
 [46]
 [50]
 [49]
 [55]
 [56]
 [56]
 [50]
 [57]
 [57]
 [57]
 [57]
 [57]
 [57]
 [45]
 [49]] 
------------------------ Dataset: Xg ------------------------
