shape: (1, 6), dtype: uint32
Data:[[3707764736          2          1          1       1375          1]] 
------------------------ Dataset: Uwb ------------------------
shape: (19, 1), dtype: uint16
Data:[[54]
 [55]
 [55]
 [48]
 [46]
 [51]
 [50]
 [54]
 [48]
 [56]
 [56]
 [57]
 [57]
 [57]
 [57]
 [57]
 [57]
 [45]
 [49]] 
------------------------ Dataset: Uwc ------------------------
shape: (33, 1), dtype: uint16
Data:[[54]
 [50]
 [56]
 [51]
 [46]
 [48]
 [57]
 [51]
 [57]
 [56]
 [56]
 [45]
 [48]
 [32]
 [54]
 [50]
 [56]
 [51]
 [46]
 [48]
 [57]
 [55]
 [56]
 [54]
 [56]
 [57]
 [57]
 [57]
 [57]
 [57]
 [57]
 [45]
 [49]] 
------------------------ Dataset: Uwd ------------------------
shape: (33, 1), dtype: uint16
Data:[[54]
 [50]
 [57]
 [56]
 [46]
 [56]
 [55]
 [55]
 [57]
 [48]
 [57]
 [45]
 [48]
 [32]
 [54]
 [50]
 [57]
 [56]
 [46]
 [56]
 [56]
 [50]
 [57]
 [48]
 [54]
 [57]
 [57]
 [57]
 [57]
 [57]
 [57]
 [45]
 [49]] 
------------------------ Dataset: Uwe ------------------------
shape: (27, 1), dtype: uint16
Data:[[54]
 [51]
 [49]
 [52]
 [46]
 [55]
 [52]
 [49]
 [57]
 [54]
 [52]
 [45]
 [48]
 [32]
 [54]
 [51]
 [49]
 [52]
 [46]
 [55]
 [51]
 [56]
 [50]
 [52]
 [51]
 [45]
 [49]] 
------------------------ Dataset: Uwf ------------------------
shape: (34, 1), dtype: uint16
Data:[[54]
 [51]
 [51]
 [48]
 [46]
 [53]
 [55]
 [54]
 [50]
 [52]
 [57]
 [45]
 [48]
 [32]
 [54]
 [51]
 [51]
 [48]
 [46]
 [53]
 [55]
 [51]
 [51]
 [53]
 [52]
 [57]
 [57]
 [57]
 [57]
 [57]
 [57]
 [53]
 [45]
 [49]] 
------------------------ Dataset: Uwg ------------------------
shape: (34, 1), dtype: uint16
Data:[[54]
 [51]
 [52]
 [54]
 [46]
 [52]
 [49]
 [51]
 [56]
 [52]
 [53]
 [57]
 [57]
 [57]
 [57]
 [57]
 [57]
 [53]
 [45]
 [48]
 [32]
 [54]
 [51]
 [52]
 [54]
 [46]
 [52]
 [48]
 [57]
 [57]
 [57]
 [55]
 [45]
 [49]] 
------------------------ Dataset: Uwh ------------------------
shape: (27, 1), dtype: uint16
Data:[[54]
 [53]
 [49]
 [49]
 [46]
 [53]
 [48]
 [52]
 [52]
 [50]
 [57]
 [45]
 [48]
 [32]
 [54]
 [53]
 [49]
 [49]
 [46]
 [53]
 [48]
 [52]
 [53]
 [49]
 [53]
 [45]
 [49]] 
------------------------ Dataset: Uwi ------------------------
shape: (33, 1), dtype: uint16
Data:[[54]
 [53]
 [50]
 [55]
 [46]
 [51]
 [51]
 [48]
 [48]
 [55]
 [50]
 [45]
 [48]
 [32]
 [54]
 [53]
 [50]
 [55]
 [46]
 [51]
 [50]
 [54]
 [48]
 [55]
 [50]
 [57]
 [57]
 [57]
 [57]
 [57]
 [57]
 [45]
 [49]] 
------------------------ Dataset: Uwj ------------------------
shape: (34, 1), dtype: uint16
Data:[[54]
 [48]
 [50]
 [50]
 [46]
 [57]
 [48]
 [54]
 [49]
 [51]
 [50]
 [57]
 [57]
 [57]
 [57]
 [57]
 [57]
 [53]
 [45]
 [48]
 [32]
 [54]
 [48]
 [50]
 [50]
 [46]
 [57]
 [48]
 [55]
 [51]
 [51]
 [53]
 [45]
 [49]] 
------------------------ Dataset: Uwk ------------------------
shape: (33, 1), dtype: uint16
Data:[[54]
 [48]
 [51]
 [56]
 [46]
 [54]
 [54]
 [54]
 [48]
 [48]
 [50]
 [57]
 [57]
 [57]
 [57]
 [57]
 [57]
 [45]
 [48]
 [32]
 [54]
 [48]
 [51]
 [56]
 [46]
 [54]
 [55]
 [51]
 [55]
 [54]
 [52]
 [45]
 [49]] 
------------------------ Dataset: Uwl ------------------------
shape: (33, 1), dtype: uint16
Data:[[54]
 [48]
 [53]
 [52]
 [46]
 [51]
 [50]
 [49]
 [55]
 [49]
 [57]
 [45]
 [48]
 [32]
 [54]
 [48]
 [53]
 [52]
 [46]
 [51]
 [49]
 [55]
 [56]
 [53]
 [55]
 [57]
 [57]
 [57]
 [57]
 [57]
 [57]
 [45]
 [49]] 
------------------------ Dataset: Uwm ------------------------
shape: (34, 1), dtype: uint16
Data:[[54]
 [48]
 [55]
 [48]
 [46]
 [50]
 [54]
 [49]
 [57]
 [48]
 [55]
 [45]
 [48]
 [32]
 [54]
 [48]
 [55]
 [48]
 [46]
 [50]
 [54]
 [51]
 [54]
 [53]
 [54]
 [57]
 [57]
 [57]
 [57]
 [57]
 [57]
 [53]
 [45]
 [49]] 
------------------------ Dataset: Uwn ------------------------
shape: (27, 1), dtype: uint16
Data:[[53]
 [54]
 [51]
 [49]
 [46]
 [49]
 [52]
 [50]
 [55]
 [52]
 [52]
 [45]
 [48]
 [32]
 [53]
 [54]
 [51]
 [49]
 [46]
 [49]
 [51]
 [55]
 [55]
 [51]
 [57]
 [45]
 [49]] 
------------------------ Dataset: Uwo ------------------------
shape: (33, 1), dtype: uint16
Data:[[53]
 [54]
 [52]
 [54]
 [46]
 [56]
 [49]
 [48]
 [57]
 [51]
 [54]
 [57]
 [57]
 [57]
 [57]
 [57]
 [57]
 [45]
 [48]
 [32]
 [53]
 [54]
 [52]
 [54]
 [46]
 [56]
 [49]
 [52]
 [51]
 [49]
 [51]
 [45]
 [49]] 
------------------------ Dataset: Uwp ------------------------
shape: (27, 1), dtype: uint16
Data:[[53]
 [54]
 [54]
 [50]
 [46]
 [53]
 [53]
 [51]
 [54]
 [50]
 [56]
 [45]
 [48]
 [32]
 [53]
 [54]
 [54]
 [50]
 [46]
 [53]
 [52]
 [57]
 [55]
 [56]
 [52]
 [45]
 [49]] 
------------------------ Dataset: Uwq ------------------------
shape: (34, 1), dtype: uint16
Data:[[53]
 [54]
 [55]
 [56]
 [46]
 [50]
 [57]
 [49]
 [55]
 [48]
 [49]
 [57]
 [57]
 [57]
 [57]
 [57]
 [57]
 [53]
 [45]
 [48]
 [32]
 [53]
 [54]
 [55]
 [56]
 [46]
 [50]
 [57]
 [54]
 [52]
 [55]
 [55]
 [45]
 [49]] 
------------------------ Dataset: Uwr ------------------------
shape: (27, 1), dtype: uint16
Data:[[53]
 [54]
 [57]
 [52]
 [46]
 [48]
 [50]
 [57]
 [53]
 [54]
 [53]
 [45]
 [48]
 [32]
 [53]
 [54]
 [57]
 [52]
 [46]
 [48]
 [51]
 [51]
 [53]
 [57]
 [55]
 [45]
 [49]] 
------------------------ Dataset: Uws ------------------------
shape: (40, 1), dtype: uint16
Data:[[54]
 [52]
 [49]
 [55]
 [46]
 [51]
 [53]
 [51]
 [57]
 [54]
 [55]
 [57]
 [57]
 [57]
 [57]
 [57]
 [57]
 [45]
 [48]
 [32]
 [54]
 [52]
 [49]
 [55]
 [46]
 [51]
 [53]
 [52]
 [48]
 [50]
 [57]
 [57]
 [57]
 [57]
 [57]
 [57]
 [57]
 [53]
 [45]
 [49]] 
------------------------ Dataset: Uwt ------------------------
shape: (27, 1), dtype: uint16
Data:[[54]
 [54]
 [48]
 [57]
 [46]
 [52]
 [52]
 [54]
 [51]
 [54]
 [53]
 [45]
 [48]
 [32]
 [54]
 [54]
 [48]
 [57]
 [46]
 [52]
 [52]
 [54]
 [51]
 [52]
 [51]
 [45]
 [49]] 
------------------------ Dataset: Uwu ------------------------
shape: (33, 1), dtype: uint16
Data:[[54]
 [54]
 [50]
 [53]
 [46]
 [51]
 [57]
 [53]
 [52]
 [50]
 [48]
 [57]
 [57]
 [57]
 [57]
 [57]
 [57]
 [45]
 [48]
 [32]
 [54]
 [54]
 [50]
 [53]
 [46]
 [51]
 [57]
 [49]
 [50]
 [54]
 [50]
 [45]
 [49]] 
------------------------ Dataset: Uwv ------------------------
shape: (33, 1), dtype: uint16
Data:[[54]
 [54]
 [52]
 [49]
 [46]
 [49]
 [54]
 [54]
 [48]
 [50]
 [57]
 [57]
 [57]
 [57]
 [57]
 [57]
 [57]
 [45]
 [48]
 [32]
 [54]
 [54]
 [52]
 [49]
 [46]
 [49]
 [55]
 [48]
 [49]
 [52]
 [52]
 [45]
 [49]] 
------------------------ Dataset: Uww ------------------------
shape: (33, 1), dtype: uint16
Data:[[54]
 [54]
 [53]
 [54]
 [46]
 [56]
 [49]
 [53]
 [53]
 [48]
 [49]
 [57]
 [57]
 [57]
 [57]
 [57]
 [57]
 [53]
 [45]
 [48]
 [32]
 [54]
 [54]
 [53]
 [54]
 [46]
 [56]
 [49]
 [49]
 [51]
 [54]
 [45]
 [49]] 
------------------------ Dataset: Uwx ------------------------
shape: (34, 1), dtype: uint16
Data:[[54]
 [54]
 [55]
 [50]
 [46]
 [55]
 [51]
 [51]
 [52]
 [48]
 [53]
 [45]
 [48]
 [32]
 [54]
 [54]
 [55]
 [50]
 [46]
 [55]
 [51]
 [51]
 [50]
 [48]
 [52]
 [57]
 [57]
 [57]
 [57]
 [57]
 [57]
 [53]
 [45]
 [49]] 
------------------------ Dataset: Uwy ------------------------
shape: (39, 1), dtype: uint16
Data:[[54]
 [54]
 [56]
 [56]
 [46]
 [54]
 [52]
 [51]
 [56]
 [51]
 [56]
 [57]
 [57]
 [57]
 [57]
 [57]
 [57]
 [45]
 [48]
 [32]
 [54]
 [54]
 [56]
 [56]
 [46]
 [54]
 [52]
 [51]
 [50]
 [57]
 [53]
 [57]
 [57]
 [57]
 [57]
 [57]
 [57]
 [45]
 [49]] 
------------------------ Dataset: Uwz ------------------------
shape: (27, 1), dtype: uint16
Data:[[53]
 [57]
 [48]
 [54]
 [46]
 [53]
 [50]
 [54]
 [52]
 [49]
 [52]
 [45]
 [48]
 [32]
 [53]
 [57]
 [48]
 [54]
 [46]
 [53]
 [49]
 [56]
 [57]
 [54]
 [52]
 [45]
 [49]] 
------------------------ Dataset: Ux ------------------------
