shape: (1, 6), dtype: uint32
Data:[[3707764736          2          1          1        447          1]] 
------------------------ Dataset: zhb ------------------------
shape: (26, 1), dtype: uint16
Data:[[54]
 [55]
 [54]
 [54]
 [46]
 [52]
 [48]
 [54]
 [49]
 [56]
 [53]
 [45]
 [48]
 [32]
 [54]
 [55]
 [54]
 [54]
 [46]
 [52]
 [48]
 [50]
 [49]
 [54]
 [45]
 [49]] 
------------------------ Dataset: zhc ------------------------
shape: (27, 1), dtype: uint16
Data:[[54]
 [50]
 [55]
 [57]
 [46]
 [50]
 [48]
 [53]
 [57]
 [53]
 [49]
 [45]
 [48]
 [32]
 [54]
 [50]
 [55]
 [57]
 [46]
 [50]
 [48]
 [57]
 [57]
 [53]
 [54]
 [45]
 [49]] 
------------------------ Dataset: zhd ------------------------
shape: (27, 1), dtype: uint16
Data:[[54]
 [50]
 [57]
 [52]
 [46]
 [57]
 [56]
 [49]
 [57]
 [49]
 [52]
 [45]
 [48]
 [32]
 [54]
 [50]
 [57]
 [52]
 [46]
 [57]
 [55]
 [55]
 [57]
 [52]
 [54]
 [45]
 [49]] 
------------------------ Dataset: zhe ------------------------
shape: (26, 1), dtype: uint16
Data:[[54]
 [51]
 [49]
 [48]
 [46]
 [56]
 [48]
 [54]
 [48]
 [57]
 [45]
 [48]
 [32]
 [54]
 [51]
 [49]
 [48]
 [46]
 [56]
 [49]
 [48]
 [48]
 [50]
 [50]
 [45]
 [49]] 
------------------------ Dataset: zhf ------------------------
shape: (27, 1), dtype: uint16
Data:[[54]
 [51]
 [50]
 [54]
 [46]
 [54]
 [54]
 [53]
 [56]
 [49]
 [57]
 [45]
 [48]
 [32]
 [54]
 [51]
 [50]
 [54]
 [46]
 [54]
 [53]
 [55]
 [57]
 [56]
 [51]
 [45]
 [49]] 
------------------------ Dataset: zhg ------------------------
shape: (40, 1), dtype: uint16
Data:[[54]
 [51]
 [52]
 [50]
 [46]
 [52]
 [55]
 [51]
 [57]
 [55]
 [53]
 [57]
 [57]
 [57]
 [57]
 [57]
 [57]
 [45]
 [48]
 [32]
 [54]
 [51]
 [52]
 [50]
 [46]
 [52]
 [55]
 [55]
 [57]
 [56]
 [52]
 [57]
 [57]
 [57]
 [57]
 [57]
 [57]
 [53]
 [45]
 [49]] 
------------------------ Dataset: zhh ------------------------
shape: (40, 1), dtype: uint16
Data:[[54]
 [53]
 [48]
 [55]
 [46]
 [53]
 [56]
 [55]
 [57]
 [54]
 [51]
 [57]
 [57]
 [57]
 [57]
 [57]
 [57]
 [45]
 [48]
 [32]
 [54]
 [53]
 [48]
 [55]
 [46]
 [53]
 [57]
 [50]
 [55]
 [53]
 [57]
 [57]
 [57]
 [57]
 [57]
 [57]
 [57]
 [53]
 [45]
 [49]] 
------------------------ Dataset: zhi ------------------------
shape: (33, 1), dtype: uint16
Data:[[54]
 [53]
 [50]
 [51]
 [46]
 [52]
 [48]
 [53]
 [57]
 [54]
 [56]
 [45]
 [48]
 [32]
 [54]
 [53]
 [50]
 [51]
 [46]
 [52]
 [49]
 [48]
 [48]
 [55]
 [56]
 [57]
 [57]
 [57]
 [57]
 [57]
 [57]
 [45]
 [49]] 
------------------------ Dataset: zhj ------------------------
shape: (27, 1), dtype: uint16
Data:[[54]
 [48]
 [49]
 [56]
 [46]
 [57]
 [57]
 [49]
 [57]
 [48]
 [53]
 [45]
 [48]
 [32]
 [54]
 [48]
 [49]
 [56]
 [46]
 [57]
 [56]
 [49]
 [55]
 [54]
 [52]
 [45]
 [49]] 
------------------------ Dataset: zhk ------------------------
shape: (27, 1), dtype: uint16
Data:[[54]
 [48]
 [51]
 [52]
 [46]
 [55]
 [57]
 [53]
 [53]
 [56]
 [55]
 [45]
 [48]
 [32]
 [54]
 [48]
 [51]
 [52]
 [46]
 [55]
 [56]
 [57]
 [55]
 [55]
 [57]
 [45]
 [49]] 
------------------------ Dataset: zhl ------------------------
shape: (27, 1), dtype: uint16
Data:[[54]
 [48]
 [53]
 [48]
 [46]
 [52]
 [48]
 [53]
 [55]
 [49]
 [51]
 [45]
 [48]
 [32]
 [54]
 [48]
 [53]
 [48]
 [46]
 [52]
 [49]
 [51]
 [56]
 [50]
 [49]
 [45]
 [49]] 
------------------------ Dataset: zhm ------------------------
shape: (33, 1), dtype: uint16
Data:[[54]
 [48]
 [54]
 [54]
 [46]
 [51]
 [49]
 [49]
 [52]
 [56]
 [55]
 [57]
 [57]
 [57]
 [57]
 [57]
 [57]
 [45]
 [48]
 [32]
 [54]
 [48]
 [54]
 [54]
 [46]
 [51]
 [49]
 [48]
 [54]
 [54]
 [50]
 [45]
 [49]] 
------------------------ Dataset: zhn ------------------------
shape: (33, 1), dtype: uint16
Data:[[54]
 [48]
 [56]
 [50]
 [46]
 [50]
 [52]
 [50]
 [52]
 [56]
 [51]
 [45]
 [48]
 [32]
 [54]
 [48]
 [56]
 [50]
 [46]
 [50]
 [51]
 [57]
 [49]
 [48]
 [51]
 [57]
 [57]
 [57]
 [57]
 [57]
 [57]
 [45]
 [49]] 
------------------------ Dataset: zho ------------------------
shape: (33, 1), dtype: uint16
Data:[[53]
 [54]
 [52]
 [50]
 [46]
 [57]
 [51]
 [48]
 [49]
 [51]
 [54]
 [45]
 [48]
 [32]
 [53]
 [54]
 [52]
 [50]
 [46]
 [57]
 [51]
 [52]
 [48]
 [52]
 [53]
 [57]
 [57]
 [57]
 [57]
 [57]
 [57]
 [45]
 [49]] 
------------------------ Dataset: zhp ------------------------
shape: (39, 1), dtype: uint16
Data:[[53]
 [54]
 [53]
 [56]
 [46]
 [54]
 [55]
 [56]
 [57]
 [50]
 [55]
 [57]
 [57]
 [57]
 [57]
 [57]
 [57]
 [45]
 [48]
 [32]
 [53]
 [54]
 [53]
 [56]
 [46]
 [54]
 [55]
 [56]
 [57]
 [51]
 [50]
 [57]
 [57]
 [57]
 [57]
 [57]
 [57]
 [45]
 [49]] 
------------------------ Dataset: zhq ------------------------
shape: (33, 1), dtype: uint16
Data:[[53]
 [54]
 [55]
 [52]
 [46]
 [51]
 [56]
 [57]
 [57]
 [49]
 [56]
 [57]
 [57]
 [57]
 [57]
 [57]
 [57]
 [45]
 [48]
 [32]
 [53]
 [54]
 [55]
 [52]
 [46]
 [51]
 [56]
 [54]
 [48]
 [49]
 [53]
 [45]
 [49]] 
------------------------ Dataset: zhr ------------------------
shape: (25, 1), dtype: uint16
Data:[[53]
 [54]
 [57]
 [48]
 [46]
 [49]
 [54]
 [53]
 [53]
 [53]
 [45]
 [48]
 [32]
 [53]
 [54]
 [57]
 [48]
 [46]
 [49]
 [54]
 [49]
 [53]
 [56]
 [45]
 [49]] 
------------------------ Dataset: zhs ------------------------
shape: (27, 1), dtype: uint16
Data:[[54]
 [52]
 [49]
 [51]
 [46]
 [52]
 [52]
 [53]
 [56]
 [49]
 [52]
 [45]
 [48]
 [32]
 [54]
 [52]
 [49]
 [51]
 [46]
 [52]
 [52]
 [49]
 [57]
 [49]
 [51]
 [45]
 [49]] 
------------------------ Dataset: zht ------------------------
shape: (39, 1), dtype: uint16
Data:[[54]
 [54]
 [48]
 [53]
 [46]
 [53]
 [48]
 [50]
 [50]
 [55]
 [56]
 [57]
 [57]
 [57]
 [57]
 [57]
 [57]
 [45]
 [48]
 [32]
 [54]
 [54]
 [48]
 [53]
 [46]
 [53]
 [48]
 [54]
 [49]
 [49]
 [55]
 [57]
 [57]
 [57]
 [57]
 [57]
 [57]
 [45]
 [49]] 
------------------------ Dataset: zhu ------------------------
shape: (33, 1), dtype: uint16
Data:[[54]
 [54]
 [50]
 [49]
 [46]
 [52]
 [55]
 [56]
 [48]
 [57]
 [45]
 [48]
 [32]
 [54]
 [54]
 [50]
 [49]
 [46]
 [52]
 [55]
 [52]
 [51]
 [57]
 [50]
 [57]
 [57]
 [57]
 [57]
 [57]
 [57]
 [53]
 [45]
 [49]] 
------------------------ Dataset: zhv ------------------------
shape: (33, 1), dtype: uint16
Data:[[54]
 [54]
 [51]
 [55]
 [46]
 [51]
 [49]
 [56]
 [48]
 [54]
 [52]
 [45]
 [48]
 [32]
 [54]
 [54]
 [51]
 [55]
 [46]
 [51]
 [50]
 [50]
 [51]
 [55]
 [48]
 [57]
 [57]
 [57]
 [57]
 [57]
 [57]
 [45]
 [49]] 
------------------------ Dataset: zhw ------------------------
shape: (27, 1), dtype: uint16
Data:[[54]
 [54]
 [53]
 [50]
 [46]
 [57]
 [50]
 [50]
 [54]
 [49]
 [56]
 [45]
 [48]
 [32]
 [54]
 [54]
 [53]
 [50]
 [46]
 [57]
 [50]
 [50]
 [54]
 [49]
 [56]
 [45]
 [49]] 
------------------------ Dataset: zhx ------------------------
shape: (32, 1), dtype: uint16
Data:[[54]
 [54]
 [54]
 [56]
 [46]
 [55]
 [57]
 [52]
 [49]
 [56]
 [45]
 [48]
 [32]
 [54]
 [54]
 [54]
 [56]
 [46]
 [55]
 [57]
 [48]
 [48]
 [51]
 [50]
 [57]
 [57]
 [57]
 [57]
 [57]
 [57]
 [45]
 [49]] 
------------------------ Dataset: zhy ------------------------
shape: (39, 1), dtype: uint16
Data:[[54]
 [54]
 [56]
 [52]
 [46]
 [54]
 [57]
 [57]
 [48]
 [51]
 [54]
 [57]
 [57]
 [57]
 [57]
 [57]
 [57]
 [45]
 [48]
 [32]
 [54]
 [54]
 [56]
 [52]
 [46]
 [54]
 [57]
 [56]
 [57]
 [53]
 [48]
 [57]
 [57]
 [57]
 [57]
 [57]
 [57]
 [45]
 [49]] 
------------------------ Dataset: zhz ------------------------
shape: (27, 1), dtype: uint16
Data:[[53]
 [57]
 [48]
 [50]
 [46]
 [54]
 [51]
 [51]
 [54]
 [57]
 [57]
 [45]
 [48]
 [32]
 [53]
 [57]
 [48]
 [50]
 [46]
 [54]
 [51]
 [48]
 [53]
 [48]
 [53]
 [45]
 [49]] 
------------------------ Dataset: zi ------------------------
