shape: (1, 6), dtype: uint32
Data:[[3707764736          2          1          1       1793          1]] 
------------------------ Dataset: ODb ------------------------
shape: (27, 1), dtype: uint16
Data:[[54]
 [55]
 [55]
 [50]
 [46]
 [48]
 [55]
 [48]
 [49]
 [50]
 [55]
 [45]
 [48]
 [32]
 [54]
 [55]
 [55]
 [50]
 [46]
 [48]
 [54]
 [54]
 [52]
 [52]
 [51]
 [45]
 [49]] 
------------------------ Dataset: ODc ------------------------
shape: (33, 1), dtype: uint16
Data:[[54]
 [50]
 [56]
 [52]
 [46]
 [56]
 [53]
 [52]
 [54]
 [49]
 [55]
 [45]
 [48]
 [32]
 [54]
 [50]
 [56]
 [52]
 [46]
 [56]
 [53]
 [52]
 [52]
 [51]
 [55]
 [57]
 [57]
 [57]
 [57]
 [57]
 [57]
 [45]
 [49]] 
------------------------ Dataset: ODd ------------------------
shape: (27, 1), dtype: uint16
Data:[[54]
 [51]
 [48]
 [48]
 [46]
 [54]
 [50]
 [50]
 [53]
 [54]
 [56]
 [45]
 [48]
 [32]
 [54]
 [51]
 [48]
 [48]
 [46]
 [54]
 [50]
 [54]
 [57]
 [55]
 [50]
 [45]
 [49]] 
------------------------ Dataset: ODe ------------------------
shape: (27, 1), dtype: uint16
Data:[[54]
 [51]
 [49]
 [54]
 [46]
 [52]
 [56]
 [55]
 [51]
 [50]
 [52]
 [45]
 [48]
 [32]
 [54]
 [51]
 [49]
 [54]
 [46]
 [52]
 [57]
 [49]
 [51]
 [48]
 [49]
 [45]
 [49]] 
------------------------ Dataset: ODf ------------------------
shape: (27, 1), dtype: uint16
Data:[[54]
 [51]
 [51]
 [50]
 [46]
 [51]
 [49]
 [56]
 [49]
 [53]
 [55]
 [45]
 [48]
 [32]
 [54]
 [51]
 [51]
 [50]
 [46]
 [51]
 [49]
 [52]
 [49]
 [57]
 [56]
 [45]
 [49]] 
------------------------ Dataset: ODg ------------------------
shape: (13, 1), dtype: uint16
Data:[[54]
 [52]
 [57]
 [55]
 [46]
 [52]
 [54]
 [57]
 [57]
 [56]
 [53]
 [45]
 [49]] 
------------------------ Dataset: ODh ------------------------
shape: (27, 1), dtype: uint16
Data:[[54]
 [53]
 [49]
 [51]
 [46]
 [50]
 [56]
 [50]
 [48]
 [49]
 [50]
 [45]
 [48]
 [32]
 [54]
 [53]
 [49]
 [51]
 [46]
 [50]
 [56]
 [53]
 [57]
 [52]
 [54]
 [45]
 [49]] 
------------------------ Dataset: ODi ------------------------
shape: (27, 1), dtype: uint16
Data:[[54]
 [53]
 [50]
 [57]
 [46]
 [48]
 [57]
 [48]
 [55]
 [53]
 [55]
 [45]
 [48]
 [32]
 [54]
 [53]
 [50]
 [57]
 [46]
 [48]
 [56]
 [54]
 [49]
 [52]
 [49]
 [45]
 [49]] 
------------------------ Dataset: ODj ------------------------
shape: (33, 1), dtype: uint16
Data:[[54]
 [48]
 [50]
 [52]
 [46]
 [54]
 [52]
 [57]
 [55]
 [49]
 [54]
 [45]
 [48]
 [32]
 [54]
 [48]
 [50]
 [52]
 [46]
 [54]
 [52]
 [57]
 [54]
 [56]
 [49]
 [57]
 [57]
 [57]
 [57]
 [57]
 [57]
 [45]
 [49]] 
------------------------ Dataset: ODk ------------------------
shape: (33, 1), dtype: uint16
Data:[[54]
 [48]
 [52]
 [48]
 [46]
 [51]
 [57]
 [52]
 [48]
 [54]
 [56]
 [45]
 [48]
 [32]
 [54]
 [48]
 [52]
 [48]
 [46]
 [51]
 [57]
 [55]
 [57]
 [52]
 [56]
 [57]
 [57]
 [57]
 [57]
 [57]
 [57]
 [45]
 [49]] 
------------------------ Dataset: ODl ------------------------
shape: (13, 1), dtype: uint16
Data:[[54]
 [48]
 [53]
 [54]
 [46]
 [48]
 [56]
 [50]
 [51]
 [52]
 [53]
 [45]
 [48]] 
------------------------ Dataset: ODm ------------------------
shape: (27, 1), dtype: uint16
Data:[[54]
 [48]
 [55]
 [50]
 [46]
 [48]
 [48]
 [49]
 [56]
 [50]
 [52]
 [45]
 [48]
 [32]
 [54]
 [48]
 [55]
 [50]
 [46]
 [48]
 [48]
 [54]
 [51]
 [49]
 [57]
 [45]
 [49]] 
------------------------ Dataset: ODn ------------------------
shape: (40, 1), dtype: uint16
Data:[[53]
 [54]
 [51]
 [50]
 [46]
 [56]
 [56]
 [50]
 [48]
 [55]
 [49]
 [57]
 [57]
 [57]
 [57]
 [57]
 [57]
 [45]
 [48]
 [32]
 [53]
 [54]
 [51]
 [50]
 [46]
 [56]
 [55]
 [55]
 [53]
 [51]
 [49]
 [57]
 [57]
 [57]
 [57]
 [57]
 [57]
 [53]
 [45]
 [49]] 
------------------------ Dataset: ODo ------------------------
shape: (34, 1), dtype: uint16
Data:[[53]
 [54]
 [52]
 [56]
 [46]
 [53]
 [54]
 [49]
 [53]
 [54]
 [56]
 [57]
 [57]
 [57]
 [57]
 [57]
 [57]
 [53]
 [45]
 [48]
 [32]
 [53]
 [54]
 [52]
 [56]
 [46]
 [53]
 [53]
 [55]
 [53]
 [56]
 [56]
 [45]
 [49]] 
------------------------ Dataset: ODp ------------------------
shape: (33, 1), dtype: uint16
Data:[[53]
 [54]
 [54]
 [52]
 [46]
 [50]
 [57]
 [51]
 [53]
 [51]
 [56]
 [57]
 [57]
 [57]
 [57]
 [57]
 [57]
 [45]
 [48]
 [32]
 [53]
 [54]
 [54]
 [52]
 [46]
 [50]
 [57]
 [51]
 [53]
 [51]
 [51]
 [45]
 [49]] 
------------------------ Dataset: ODq ------------------------
shape: (27, 1), dtype: uint16
Data:[[53]
 [54]
 [56]
 [48]
 [46]
 [48]
 [51]
 [55]
 [55]
 [53]
 [49]
 [45]
 [48]
 [32]
 [53]
 [54]
 [56]
 [48]
 [46]
 [48]
 [51]
 [51]
 [55]
 [57]
 [55]
 [45]
 [49]] 
------------------------ Dataset: ODr ------------------------
shape: (39, 1), dtype: uint16
Data:[[53]
 [56]
 [48]
 [54]
 [46]
 [51]
 [51]
 [51]
 [54]
 [53]
 [49]
 [57]
 [57]
 [57]
 [57]
 [57]
 [57]
 [45]
 [48]
 [32]
 [53]
 [56]
 [48]
 [54]
 [46]
 [51]
 [52]
 [49]
 [54]
 [54]
 [50]
 [57]
 [57]
 [57]
 [57]
 [57]
 [57]
 [45]
 [49]] 
------------------------ Dataset: ODs ------------------------
shape: (27, 1), dtype: uint16
Data:[[54]
 [52]
 [49]
 [57]
 [46]
 [49]
 [49]
 [51]
 [57]
 [53]
 [55]
 [45]
 [48]
 [32]
 [54]
 [52]
 [49]
 [57]
 [46]
 [49]
 [50]
 [48]
 [53]
 [49]
 [56]
 [45]
 [49]] 
------------------------ Dataset: ODt ------------------------
shape: (25, 1), dtype: uint16
Data:[[54]
 [54]
 [49]
 [49]
 [46]
 [50]
 [49]
 [52]
 [48]
 [54]
 [50]
 [45]
 [48]
 [32]
 [54]
 [54]
 [49]
 [49]
 [46]
 [50]
 [50]
 [53]
 [53]
 [45]
 [49]] 
------------------------ Dataset: ODu ------------------------
shape: (34, 1), dtype: uint16
Data:[[54]
 [54]
 [50]
 [55]
 [46]
 [49]
 [49]
 [56]
 [48]
 [57]
 [55]
 [45]
 [48]
 [32]
 [54]
 [54]
 [50]
 [55]
 [46]
 [49]
 [49]
 [52]
 [48]
 [52]
 [55]
 [57]
 [57]
 [57]
 [57]
 [57]
 [57]
 [53]
 [45]
 [49]] 
------------------------ Dataset: ODv ------------------------
shape: (27, 1), dtype: uint16
Data:[[54]
 [54]
 [52]
 [50]
 [46]
 [56]
 [57]
 [52]
 [50]
 [55]
 [54]
 [45]
 [48]
 [32]
 [54]
 [54]
 [52]
 [50]
 [46]
 [56]
 [57]
 [56]
 [49]
 [51]
 [57]
 [45]
 [49]] 
------------------------ Dataset: ODw ------------------------
shape: (34, 1), dtype: uint16
Data:[[54]
 [54]
 [53]
 [56]
 [46]
 [54]
 [50]
 [50]
 [54]
 [48]
 [49]
 [45]
 [48]
 [32]
 [54]
 [54]
 [53]
 [56]
 [46]
 [54]
 [50]
 [54]
 [49]
 [50]
 [54]
 [57]
 [57]
 [57]
 [57]
 [57]
 [57]
 [53]
 [45]
 [49]] 
------------------------ Dataset: ODx ------------------------
shape: (13, 1), dtype: uint16
Data:[[54]
 [54]
 [55]
 [52]
 [46]
 [52]
 [57]
 [49]
 [51]
 [48]
 [57]
 [45]
 [49]] 
------------------------ Dataset: ODy ------------------------
shape: (39, 1), dtype: uint16
Data:[[54]
 [54]
 [57]
 [48]
 [46]
 [52]
 [48]
 [55]
 [50]
 [50]
 [50]
 [57]
 [57]
 [57]
 [57]
 [57]
 [57]
 [45]
 [48]
 [32]
 [54]
 [54]
 [57]
 [48]
 [46]
 [52]
 [48]
 [50]
 [50]
 [49]
 [50]
 [57]
 [57]
 [57]
 [57]
 [57]
 [57]
 [45]
 [49]] 
------------------------ Dataset: ODz ------------------------
shape: (20, 1), dtype: uint16
Data:[[53]
 [57]
 [48]
 [56]
 [46]
 [50]
 [57]
 [51]
 [55]
 [51]
 [50]
 [57]
 [57]
 [57]
 [57]
 [57]
 [57]
 [53]
 [45]
 [49]] 
------------------------ Dataset: OE ------------------------
