shape: (1, 6), dtype: uint32
Data:[[3707764736          2          1          1       1656          1]] 
------------------------ Dataset: yBb ------------------------
shape: (41, 1), dtype: uint16
Data:[[54]
 [55]
 [55]
 [49]
 [46]
 [52]
 [57]
 [56]
 [50]
 [54]
 [50]
 [57]
 [57]
 [57]
 [57]
 [57]
 [57]
 [53]
 [45]
 [48]
 [32]
 [54]
 [55]
 [55]
 [49]
 [46]
 [52]
 [57]
 [52]
 [50]
 [49]
 [54]
 [57]
 [57]
 [57]
 [57]
 [57]
 [57]
 [53]
 [45]
 [49]] 
------------------------ Dataset: yBc ------------------------
shape: (33, 1), dtype: uint16
Data:[[54]
 [50]
 [56]
 [52]
 [46]
 [50]
 [56]
 [49]
 [56]
 [52]
 [52]
 [45]
 [48]
 [32]
 [54]
 [50]
 [56]
 [52]
 [46]
 [50]
 [55]
 [55]
 [57]
 [53]
 [54]
 [57]
 [57]
 [57]
 [57]
 [57]
 [57]
 [45]
 [49]] 
------------------------ Dataset: yBd ------------------------
shape: (13, 1), dtype: uint16
Data:[[54]
 [51]
 [48]
 [48]
 [46]
 [48]
 [52]
 [49]
 [56]
 [52]
 [50]
 [45]
 [48]] 
------------------------ Dataset: yBe ------------------------
shape: (39, 1), dtype: uint16
Data:[[54]
 [51]
 [49]
 [53]
 [46]
 [57]
 [50]
 [49]
 [55]
 [57]
 [55]
 [57]
 [57]
 [57]
 [57]
 [57]
 [57]
 [45]
 [48]
 [32]
 [54]
 [51]
 [49]
 [53]
 [46]
 [57]
 [50]
 [54]
 [50]
 [53]
 [52]
 [57]
 [57]
 [57]
 [57]
 [57]
 [57]
 [45]
 [49]] 
------------------------ Dataset: yBf ------------------------
shape: (27, 1), dtype: uint16
Data:[[54]
 [51]
 [51]
 [49]
 [46]
 [55]
 [52]
 [57]
 [56]
 [53]
 [57]
 [45]
 [48]
 [32]
 [54]
 [51]
 [51]
 [49]
 [46]
 [55]
 [52]
 [54]
 [48]
 [53]
 [56]
 [45]
 [49]] 
------------------------ Dataset: yBg ------------------------
shape: (39, 1), dtype: uint16
Data:[[54]
 [52]
 [57]
 [54]
 [46]
 [57]
 [49]
 [48]
 [49]
 [54]
 [52]
 [57]
 [57]
 [57]
 [57]
 [57]
 [57]
 [45]
 [48]
 [32]
 [54]
 [52]
 [57]
 [54]
 [46]
 [57]
 [48]
 [54]
 [48]
 [52]
 [51]
 [57]
 [57]
 [57]
 [57]
 [57]
 [57]
 [45]
 [49]] 
------------------------ Dataset: yBh ------------------------
shape: (13, 1), dtype: uint16
Data:[[54]
 [53]
 [49]
 [50]
 [46]
 [54]
 [56]
 [50]
 [53]
 [51]
 [55]
 [45]
 [48]] 
------------------------ Dataset: yBi ------------------------
shape: (33, 1), dtype: uint16
Data:[[54]
 [53]
 [50]
 [56]
 [46]
 [53]
 [48]
 [54]
 [54]
 [53]
 [54]
 [45]
 [48]
 [32]
 [54]
 [53]
 [50]
 [56]
 [46]
 [53]
 [48]
 [51]
 [54]
 [53]
 [57]
 [57]
 [57]
 [57]
 [57]
 [57]
 [57]
 [45]
 [49]] 
------------------------ Dataset: yBj ------------------------
shape: (33, 1), dtype: uint16
Data:[[54]
 [48]
 [50]
 [52]
 [46]
 [48]
 [55]
 [55]
 [55]
 [56]
 [52]
 [45]
 [48]
 [32]
 [54]
 [48]
 [50]
 [52]
 [46]
 [48]
 [55]
 [51]
 [55]
 [55]
 [56]
 [57]
 [57]
 [57]
 [57]
 [57]
 [57]
 [45]
 [49]] 
------------------------ Dataset: yBk ------------------------
shape: (33, 1), dtype: uint16
Data:[[54]
 [48]
 [51]
 [57]
 [46]
 [56]
 [50]
 [57]
 [57]
 [48]
 [54]
 [45]
 [48]
 [32]
 [54]
 [48]
 [51]
 [57]
 [46]
 [56]
 [51]
 [52]
 [52]
 [48]
 [54]
 [57]
 [57]
 [57]
 [57]
 [57]
 [57]
 [45]
 [49]] 
------------------------ Dataset: yBl ------------------------
shape: (27, 1), dtype: uint16
Data:[[54]
 [48]
 [53]
 [53]
 [46]
 [52]
 [57]
 [56]
 [48]
 [49]
 [54]
 [45]
 [48]
 [32]
 [54]
 [48]
 [53]
 [53]
 [46]
 [52]
 [57]
 [56]
 [48]
 [48]
 [56]
 [45]
 [49]] 
------------------------ Dataset: yBm ------------------------
shape: (27, 1), dtype: uint16
Data:[[54]
 [48]
 [55]
 [49]
 [46]
 [52]
 [51]
 [51]
 [55]
 [49]
 [52]
 [45]
 [48]
 [32]
 [54]
 [48]
 [55]
 [49]
 [46]
 [52]
 [51]
 [51]
 [55]
 [51]
 [53]
 [45]
 [49]] 
------------------------ Dataset: yBn ------------------------
shape: (26, 1), dtype: uint16
Data:[[53]
 [54]
 [51]
 [50]
 [46]
 [51]
 [48]
 [49]
 [54]
 [52]
 [45]
 [48]
 [32]
 [53]
 [54]
 [51]
 [50]
 [46]
 [51]
 [48]
 [53]
 [53]
 [56]
 [49]
 [45]
 [49]] 
------------------------ Dataset: yBo ------------------------
shape: (27, 1), dtype: uint16
Data:[[53]
 [54]
 [52]
 [55]
 [46]
 [57]
 [56]
 [57]
 [54]
 [56]
 [53]
 [45]
 [48]
 [32]
 [53]
 [54]
 [52]
 [55]
 [46]
 [57]
 [57]
 [51]
 [55]
 [55]
 [50]
 [45]
 [49]] 
------------------------ Dataset: yBp ------------------------
shape: (33, 1), dtype: uint16
Data:[[53]
 [54]
 [54]
 [51]
 [46]
 [55]
 [50]
 [49]
 [54]
 [48]
 [54]
 [45]
 [48]
 [32]
 [53]
 [54]
 [54]
 [51]
 [46]
 [55]
 [50]
 [53]
 [53]
 [57]
 [48]
 [57]
 [57]
 [57]
 [57]
 [57]
 [57]
 [45]
 [49]] 
------------------------ Dataset: yBq ------------------------
shape: (33, 1), dtype: uint16
Data:[[53]
 [54]
 [55]
 [57]
 [46]
 [52]
 [54]
 [53]
 [53]
 [52]
 [57]
 [45]
 [48]
 [32]
 [53]
 [54]
 [55]
 [57]
 [46]
 [52]
 [55]
 [53]
 [57]
 [57]
 [56]
 [57]
 [57]
 [57]
 [57]
 [57]
 [57]
 [45]
 [49]] 
------------------------ Dataset: yBr ------------------------
shape: (27, 1), dtype: uint16
Data:[[53]
 [56]
 [48]
 [53]
 [46]
 [55]
 [55]
 [49]
 [57]
 [51]
 [50]
 [45]
 [48]
 [32]
 [53]
 [56]
 [48]
 [53]
 [46]
 [55]
 [55]
 [52]
 [49]
 [48]
 [54]
 [45]
 [49]] 
------------------------ Dataset: yBs ------------------------
shape: (27, 1), dtype: uint16
Data:[[54]
 [52]
 [49]
 [56]
 [46]
 [53]
 [50]
 [55]
 [52]
 [48]
 [50]
 [45]
 [48]
 [32]
 [54]
 [52]
 [49]
 [56]
 [46]
 [53]
 [50]
 [49]
 [57]
 [48]
 [53]
 [45]
 [49]] 
------------------------ Dataset: yBt ------------------------
shape: (33, 1), dtype: uint16
Data:[[54]
 [54]
 [49]
 [48]
 [46]
 [54]
 [49]
 [56]
 [49]
 [57]
 [50]
 [57]
 [57]
 [57]
 [57]
 [57]
 [57]
 [45]
 [48]
 [32]
 [54]
 [54]
 [49]
 [48]
 [46]
 [54]
 [49]
 [52]
 [48]
 [50]
 [51]
 [45]
 [49]] 
------------------------ Dataset: yBu ------------------------
shape: (33, 1), dtype: uint16
Data:[[54]
 [54]
 [50]
 [54]
 [46]
 [53]
 [53]
 [51]
 [57]
 [55]
 [56]
 [57]
 [57]
 [57]
 [57]
 [57]
 [57]
 [45]
 [48]
 [32]
 [54]
 [54]
 [50]
 [54]
 [46]
 [53]
 [52]
 [57]
 [57]
 [54]
 [55]
 [45]
 [49]] 
------------------------ Dataset: yBv ------------------------
shape: (40, 1), dtype: uint16
Data:[[54]
 [54]
 [52]
 [50]
 [46]
 [51]
 [51]
 [56]
 [49]
 [48]
 [53]
 [57]
 [57]
 [57]
 [57]
 [57]
 [57]
 [45]
 [48]
 [32]
 [54]
 [54]
 [52]
 [50]
 [46]
 [51]
 [50]
 [54]
 [49]
 [50]
 [57]
 [57]
 [57]
 [57]
 [57]
 [57]
 [57]
 [53]
 [45]
 [49]] 
------------------------ Dataset: yBw ------------------------
shape: (33, 1), dtype: uint16
Data:[[54]
 [54]
 [53]
 [56]
 [46]
 [48]
 [51]
 [56]
 [50]
 [50]
 [55]
 [57]
 [57]
 [57]
 [57]
 [57]
 [57]
 [45]
 [48]
 [32]
 [54]
 [54]
 [53]
 [56]
 [46]
 [48]
 [51]
 [52]
 [51]
 [57]
 [53]
 [45]
 [49]] 
------------------------ Dataset: yBx ------------------------
shape: (33, 1), dtype: uint16
Data:[[54]
 [54]
 [55]
 [51]
 [46]
 [57]
 [49]
 [49]
 [51]
 [57]
 [53]
 [45]
 [48]
 [32]
 [54]
 [54]
 [55]
 [51]
 [46]
 [57]
 [49]
 [52]
 [52]
 [55]
 [51]
 [57]
 [57]
 [57]
 [57]
 [57]
 [57]
 [45]
 [49]] 
------------------------ Dataset: yBy ------------------------
shape: (27, 1), dtype: uint16
Data:[[54]
 [54]
 [56]
 [57]
 [46]
 [56]
 [51]
 [48]
 [50]
 [54]
 [53]
 [45]
 [48]
 [32]
 [54]
 [54]
 [56]
 [57]
 [46]
 [56]
 [50]
 [54]
 [49]
 [48]
 [53]
 [45]
 [49]] 
------------------------ Dataset: yBz ------------------------
shape: (40, 1), dtype: uint16
Data:[[53]
 [57]
 [48]
 [55]
 [46]
 [55]
 [50]
 [57]
 [54]
 [54]
 [51]
 [57]
 [57]
 [57]
 [57]
 [57]
 [57]
 [53]
 [45]
 [48]
 [32]
 [53]
 [57]
 [48]
 [55]
 [46]
 [55]
 [50]
 [53]
 [55]
 [56]
 [54]
 [57]
 [57]
 [57]
 [57]
 [57]
 [57]
 [45]
 [49]] 
------------------------ Dataset: yC ------------------------
