shape: (1, 6), dtype: uint32
Data:[[3707764736          2          1          1        113          1]] 
------------------------ Dataset: 3bb ------------------------
shape: (34, 1), dtype: uint16
Data:[[54]
 [55]
 [54]
 [52]
 [46]
 [57]
 [55]
 [56]
 [51]
 [48]
 [51]
 [45]
 [48]
 [32]
 [54]
 [55]
 [54]
 [52]
 [46]
 [57]
 [55]
 [53]
 [52]
 [50]
 [49]
 [57]
 [57]
 [57]
 [57]
 [57]
 [57]
 [53]
 [45]
 [49]] 
------------------------ Dataset: 3bc ------------------------
shape: (33, 1), dtype: uint16
Data:[[54]
 [55]
 [56]
 [48]
 [46]
 [56]
 [51]
 [52]
 [50]
 [48]
 [49]
 [45]
 [48]
 [32]
 [54]
 [55]
 [56]
 [48]
 [46]
 [56]
 [51]
 [56]
 [49]
 [52]
 [48]
 [57]
 [57]
 [57]
 [57]
 [57]
 [57]
 [45]
 [49]] 
------------------------ Dataset: 3bd ------------------------
shape: (33, 1), dtype: uint16
Data:[[54]
 [50]
 [57]
 [51]
 [46]
 [53]
 [56]
 [53]
 [57]
 [53]
 [49]
 [57]
 [57]
 [57]
 [57]
 [57]
 [57]
 [45]
 [48]
 [32]
 [54]
 [50]
 [57]
 [51]
 [46]
 [53]
 [56]
 [50]
 [48]
 [55]
 [52]
 [45]
 [49]] 
------------------------ Dataset: 3be ------------------------
shape: (33, 1), dtype: uint16
Data:[[54]
 [51]
 [48]
 [57]
 [46]
 [52]
 [49]
 [52]
 [57]
 [55]
 [50]
 [45]
 [48]
 [32]
 [54]
 [51]
 [48]
 [57]
 [46]
 [52]
 [49]
 [57]
 [48]
 [53]
 [52]
 [57]
 [57]
 [57]
 [57]
 [57]
 [57]
 [45]
 [49]] 
------------------------ Dataset: 3bf ------------------------
shape: (33, 1), dtype: uint16
Data:[[54]
 [51]
 [50]
 [53]
 [46]
 [50]
 [50]
 [55]
 [54]
 [57]
 [56]
 [45]
 [48]
 [32]
 [54]
 [51]
 [50]
 [53]
 [46]
 [50]
 [51]
 [48]
 [57]
 [49]
 [50]
 [57]
 [57]
 [57]
 [57]
 [57]
 [57]
 [45]
 [49]] 
------------------------ Dataset: 3bg ------------------------
shape: (27, 1), dtype: uint16
Data:[[54]
 [51]
 [52]
 [49]
 [46]
 [48]
 [56]
 [48]
 [52]
 [52]
 [57]
 [45]
 [48]
 [32]
 [54]
 [51]
 [52]
 [49]
 [46]
 [48]
 [56]
 [52]
 [49]
 [50]
 [57]
 [45]
 [49]] 
------------------------ Dataset: 3bh ------------------------
shape: (39, 1), dtype: uint16
Data:[[54]
 [53]
 [48]
 [54]
 [46]
 [49]
 [57]
 [57]
 [51]
 [56]
 [53]
 [57]
 [57]
 [57]
 [57]
 [57]
 [57]
 [45]
 [48]
 [32]
 [54]
 [53]
 [48]
 [54]
 [46]
 [49]
 [57]
 [51]
 [55]
 [57]
 [52]
 [57]
 [57]
 [57]
 [57]
 [57]
 [57]
 [45]
 [49]] 
------------------------ Dataset: 3bi ------------------------
shape: (33, 1), dtype: uint16
Data:[[54]
 [53]
 [50]
 [49]
 [46]
 [57]
 [57]
 [51]
 [57]
 [55]
 [52]
 [57]
 [57]
 [57]
 [57]
 [57]
 [57]
 [45]
 [48]
 [32]
 [54]
 [53]
 [50]
 [49]
 [46]
 [57]
 [57]
 [56]
 [48]
 [54]
 [51]
 [45]
 [49]] 
------------------------ Dataset: 3bj ------------------------
shape: (27, 1), dtype: uint16
Data:[[54]
 [48]
 [49]
 [55]
 [46]
 [53]
 [55]
 [51]
 [56]
 [56]
 [50]
 [45]
 [48]
 [32]
 [54]
 [48]
 [49]
 [55]
 [46]
 [53]
 [55]
 [55]
 [55]
 [57]
 [49]
 [45]
 [49]] 
------------------------ Dataset: 3bk ------------------------
shape: (34, 1), dtype: uint16
Data:[[54]
 [48]
 [51]
 [51]
 [46]
 [51]
 [56]
 [57]
 [56]
 [50]
 [52]
 [45]
 [48]
 [32]
 [54]
 [48]
 [51]
 [51]
 [46]
 [51]
 [57]
 [51]
 [55]
 [53]
 [53]
 [57]
 [57]
 [57]
 [57]
 [57]
 [57]
 [53]
 [45]
 [49]] 
------------------------ Dataset: 3bl ------------------------
shape: (33, 1), dtype: uint16
Data:[[54]
 [48]
 [52]
 [56]
 [46]
 [57]
 [57]
 [51]
 [56]
 [49]
 [51]
 [57]
 [57]
 [57]
 [57]
 [57]
 [57]
 [53]
 [45]
 [48]
 [32]
 [54]
 [48]
 [52]
 [56]
 [46]
 [57]
 [56]
 [53]
 [56]
 [54]
 [45]
 [49]] 
------------------------ Dataset: 3bm ------------------------
shape: (39, 1), dtype: uint16
Data:[[54]
 [48]
 [54]
 [52]
 [46]
 [56]
 [55]
 [51]
 [57]
 [54]
 [51]
 [57]
 [57]
 [57]
 [57]
 [57]
 [57]
 [45]
 [48]
 [32]
 [54]
 [48]
 [54]
 [52]
 [46]
 [56]
 [55]
 [51]
 [56]
 [53]
 [56]
 [57]
 [57]
 [57]
 [57]
 [57]
 [57]
 [45]
 [49]] 
------------------------ Dataset: 3bn ------------------------
shape: (27, 1), dtype: uint16
Data:[[54]
 [48]
 [56]
 [48]
 [46]
 [55]
 [54]
 [57]
 [56]
 [56]
 [51]
 [45]
 [48]
 [32]
 [54]
 [48]
 [56]
 [48]
 [46]
 [55]
 [54]
 [57]
 [56]
 [51]
 [53]
 [45]
 [49]] 
------------------------ Dataset: 3bo ------------------------
shape: (13, 1), dtype: uint16
Data:[[53]
 [54]
 [52]
 [49]
 [46]
 [53]
 [50]
 [56]
 [51]
 [56]
 [53]
 [45]
 [49]] 
------------------------ Dataset: 3bp ------------------------
shape: (39, 1), dtype: uint16
Data:[[53]
 [54]
 [53]
 [55]
 [46]
 [50]
 [55]
 [51]
 [54]
 [55]
 [54]
 [57]
 [57]
 [57]
 [57]
 [57]
 [57]
 [45]
 [48]
 [32]
 [53]
 [54]
 [53]
 [55]
 [46]
 [50]
 [55]
 [51]
 [57]
 [49]
 [48]
 [57]
 [57]
 [57]
 [57]
 [57]
 [57]
 [45]
 [49]] 
------------------------ Dataset: 3bq ------------------------
shape: (33, 1), dtype: uint16
Data:[[53]
 [54]
 [55]
 [50]
 [46]
 [57]
 [55]
 [55]
 [56]
 [50]
 [50]
 [57]
 [57]
 [57]
 [57]
 [57]
 [57]
 [45]
 [48]
 [32]
 [53]
 [54]
 [55]
 [50]
 [46]
 [57]
 [56]
 [49]
 [54]
 [54]
 [55]
 [45]
 [49]] 
------------------------ Dataset: 3br ------------------------
shape: (27, 1), dtype: uint16
Data:[[53]
 [54]
 [56]
 [56]
 [46]
 [55]
 [52]
 [53]
 [54]
 [48]
 [52]
 [45]
 [48]
 [32]
 [53]
 [54]
 [56]
 [56]
 [46]
 [55]
 [52]
 [57]
 [53]
 [57]
 [50]
 [45]
 [49]] 
------------------------ Dataset: 3bs ------------------------
shape: (34, 1), dtype: uint16
Data:[[53]
 [56]
 [49]
 [53]
 [46]
 [48]
 [48]
 [57]
 [54]
 [52]
 [53]
 [57]
 [57]
 [57]
 [57]
 [57]
 [57]
 [53]
 [45]
 [48]
 [32]
 [53]
 [56]
 [49]
 [53]
 [46]
 [48]
 [49]
 [53]
 [51]
 [53]
 [51]
 [45]
 [49]] 
------------------------ Dataset: 3bt ------------------------
shape: (33, 1), dtype: uint16
Data:[[54]
 [54]
 [48]
 [52]
 [46]
 [48]
 [56]
 [52]
 [55]
 [55]
 [49]
 [57]
 [57]
 [57]
 [57]
 [57]
 [57]
 [45]
 [48]
 [32]
 [54]
 [54]
 [48]
 [52]
 [46]
 [48]
 [55]
 [56]
 [50]
 [49]
 [53]
 [45]
 [49]] 
------------------------ Dataset: 3bu ------------------------
shape: (33, 1), dtype: uint16
Data:[[54]
 [54]
 [50]
 [48]
 [46]
 [48]
 [54]
 [54]
 [48]
 [52]
 [57]
 [57]
 [57]
 [57]
 [57]
 [57]
 [57]
 [45]
 [48]
 [32]
 [54]
 [54]
 [50]
 [48]
 [46]
 [48]
 [54]
 [50]
 [48]
 [53]
 [55]
 [45]
 [49]] 
------------------------ Dataset: 3bv ------------------------
shape: (33, 1), dtype: uint16
Data:[[54]
 [54]
 [51]
 [53]
 [46]
 [57]
 [48]
 [54]
 [53]
 [50]
 [57]
 [57]
 [57]
 [57]
 [57]
 [57]
 [57]
 [45]
 [48]
 [32]
 [54]
 [54]
 [51]
 [53]
 [46]
 [57]
 [49]
 [48]
 [49]
 [56]
 [50]
 [45]
 [49]] 
------------------------ Dataset: 3bw ------------------------
shape: (39, 1), dtype: uint16
Data:[[54]
 [54]
 [53]
 [49]
 [46]
 [52]
 [57]
 [52]
 [49]
 [51]
 [56]
 [57]
 [57]
 [57]
 [57]
 [57]
 [57]
 [45]
 [48]
 [32]
 [54]
 [54]
 [53]
 [49]
 [46]
 [52]
 [57]
 [48]
 [48]
 [54]
 [50]
 [57]
 [57]
 [57]
 [57]
 [57]
 [57]
 [45]
 [49]] 
------------------------ Dataset: 3bx ------------------------
shape: (27, 1), dtype: uint16
Data:[[54]
 [54]
 [54]
 [55]
 [46]
 [51]
 [54]
 [50]
 [56]
 [52]
 [51]
 [45]
 [48]
 [32]
 [54]
 [54]
 [54]
 [55]
 [46]
 [51]
 [56]
 [48]
 [52]
 [52]
 [54]
 [45]
 [49]] 
------------------------ Dataset: 3by ------------------------
shape: (27, 1), dtype: uint16
Data:[[54]
 [54]
 [56]
 [51]
 [46]
 [50]
 [56]
 [54]
 [48]
 [53]
 [57]
 [45]
 [48]
 [32]
 [54]
 [54]
 [56]
 [51]
 [46]
 [50]
 [57]
 [52]
 [48]
 [54]
 [57]
 [45]
 [49]] 
------------------------ Dataset: 3bz ------------------------
shape: (40, 1), dtype: uint16
Data:[[53]
 [57]
 [48]
 [49]
 [46]
 [50]
 [48]
 [49]
 [55]
 [55]
 [52]
 [57]
 [57]
 [57]
 [57]
 [57]
 [57]
 [53]
 [45]
 [48]
 [32]
 [53]
 [57]
 [48]
 [49]
 [46]
 [50]
 [48]
 [53]
 [54]
 [54]
 [49]
 [57]
 [57]
 [57]
 [57]
 [57]
 [57]
 [45]
 [49]] 
------------------------ Dataset: 3c ------------------------
