shape: (1, 6), dtype: uint32
Data:[[3707764736          2          1          1        868          1]] 
------------------------ Dataset: wob ------------------------
shape: (26, 1), dtype: uint16
Data:[[54]
 [55]
 [54]
 [56]
 [46]
 [49]
 [56]
 [54]
 [51]
 [48]
 [54]
 [45]
 [48]
 [32]
 [54]
 [55]
 [54]
 [56]
 [46]
 [49]
 [56]
 [50]
 [57]
 [51]
 [45]
 [49]] 
------------------------ Dataset: woc ------------------------
shape: (40, 1), dtype: uint16
Data:[[54]
 [50]
 [56]
 [48]
 [46]
 [57]
 [53]
 [56]
 [52]
 [48]
 [55]
 [57]
 [57]
 [57]
 [57]
 [57]
 [57]
 [53]
 [45]
 [48]
 [32]
 [54]
 [50]
 [56]
 [48]
 [46]
 [57]
 [53]
 [55]
 [56]
 [49]
 [56]
 [57]
 [57]
 [57]
 [57]
 [57]
 [57]
 [45]
 [49]] 
------------------------ Dataset: wod ------------------------
shape: (34, 1), dtype: uint16
Data:[[54]
 [50]
 [57]
 [54]
 [46]
 [55]
 [52]
 [51]
 [51]
 [50]
 [52]
 [57]
 [57]
 [57]
 [57]
 [57]
 [57]
 [53]
 [45]
 [48]
 [32]
 [54]
 [50]
 [57]
 [54]
 [46]
 [55]
 [52]
 [51]
 [51]
 [53]
 [56]
 [45]
 [49]] 
------------------------ Dataset: woe ------------------------
shape: (27, 1), dtype: uint16
Data:[[54]
 [51]
 [49]
 [50]
 [46]
 [53]
 [54]
 [57]
 [57]
 [52]
 [55]
 [45]
 [48]
 [32]
 [54]
 [51]
 [49]
 [50]
 [46]
 [53]
 [54]
 [54]
 [48]
 [56]
 [54]
 [45]
 [49]] 
------------------------ Dataset: wof ------------------------
shape: (33, 1), dtype: uint16
Data:[[54]
 [51]
 [50]
 [56]
 [46]
 [52]
 [52]
 [49]
 [57]
 [52]
 [57]
 [57]
 [57]
 [57]
 [57]
 [57]
 [57]
 [45]
 [48]
 [32]
 [54]
 [51]
 [50]
 [56]
 [46]
 [52]
 [52]
 [54]
 [52]
 [52]
 [57]
 [45]
 [49]] 
------------------------ Dataset: wog ------------------------
shape: (39, 1), dtype: uint16
Data:[[54]
 [51]
 [52]
 [52]
 [46]
 [50]
 [54]
 [55]
 [54]
 [56]
 [56]
 [57]
 [57]
 [57]
 [57]
 [57]
 [57]
 [45]
 [48]
 [32]
 [54]
 [51]
 [52]
 [52]
 [46]
 [50]
 [55]
 [54]
 [54]
 [54]
 [57]
 [57]
 [57]
 [57]
 [57]
 [57]
 [57]
 [45]
 [49]] 
------------------------ Dataset: woh ------------------------
shape: (27, 1), dtype: uint16
Data:[[54]
 [53]
 [48]
 [57]
 [46]
 [51]
 [54]
 [54]
 [48]
 [49]
 [53]
 [45]
 [48]
 [32]
 [54]
 [53]
 [48]
 [57]
 [46]
 [51]
 [54]
 [49]
 [57]
 [55]
 [55]
 [45]
 [49]] 
------------------------ Dataset: woi ------------------------
shape: (33, 1), dtype: uint16
Data:[[54]
 [53]
 [50]
 [53]
 [46]
 [49]
 [55]
 [51]
 [57]
 [55]
 [51]
 [57]
 [57]
 [57]
 [57]
 [57]
 [57]
 [45]
 [48]
 [32]
 [54]
 [53]
 [50]
 [53]
 [46]
 [49]
 [55]
 [48]
 [48]
 [57]
 [51]
 [45]
 [49]] 
------------------------ Dataset: woj ------------------------
shape: (33, 1), dtype: uint16
Data:[[54]
 [48]
 [50]
 [48]
 [46]
 [55]
 [54]
 [57]
 [55]
 [53]
 [57]
 [57]
 [57]
 [57]
 [57]
 [57]
 [57]
 [45]
 [48]
 [32]
 [54]
 [48]
 [50]
 [48]
 [46]
 [55]
 [54]
 [54]
 [48]
 [52]
 [52]
 [45]
 [49]] 
------------------------ Dataset: wok ------------------------
shape: (33, 1), dtype: uint16
Data:[[54]
 [48]
 [51]
 [54]
 [46]
 [53]
 [54]
 [49]
 [55]
 [49]
 [55]
 [45]
 [48]
 [32]
 [54]
 [48]
 [51]
 [54]
 [46]
 [53]
 [53]
 [55]
 [55]
 [53]
 [48]
 [57]
 [57]
 [57]
 [57]
 [57]
 [57]
 [45]
 [49]] 
------------------------ Dataset: wol ------------------------
shape: (33, 1), dtype: uint16
Data:[[54]
 [48]
 [53]
 [50]
 [46]
 [49]
 [54]
 [53]
 [55]
 [51]
 [51]
 [57]
 [57]
 [57]
 [57]
 [57]
 [57]
 [45]
 [48]
 [32]
 [54]
 [48]
 [53]
 [50]
 [46]
 [49]
 [54]
 [50]
 [52]
 [50]
 [57]
 [45]
 [49]] 
------------------------ Dataset: wom ------------------------
shape: (39, 1), dtype: uint16
Data:[[54]
 [48]
 [54]
 [56]
 [46]
 [48]
 [55]
 [55]
 [56]
 [49]
 [51]
 [57]
 [57]
 [57]
 [57]
 [57]
 [57]
 [45]
 [48]
 [32]
 [54]
 [48]
 [54]
 [56]
 [46]
 [48]
 [56]
 [49]
 [55]
 [54]
 [50]
 [57]
 [57]
 [57]
 [57]
 [57]
 [57]
 [45]
 [49]] 
------------------------ Dataset: won ------------------------
shape: (27, 1), dtype: uint16
Data:[[54]
 [48]
 [56]
 [52]
 [46]
 [48]
 [49]
 [52]
 [54]
 [49]
 [55]
 [45]
 [48]
 [32]
 [54]
 [48]
 [56]
 [52]
 [46]
 [48]
 [50]
 [49]
 [56]
 [48]
 [49]
 [45]
 [49]] 
------------------------ Dataset: woo ------------------------
shape: (34, 1), dtype: uint16
Data:[[53]
 [54]
 [52]
 [52]
 [46]
 [54]
 [57]
 [55]
 [52]
 [57]
 [49]
 [45]
 [48]
 [32]
 [53]
 [54]
 [52]
 [52]
 [46]
 [54]
 [57]
 [51]
 [53]
 [49]
 [56]
 [57]
 [57]
 [57]
 [57]
 [57]
 [57]
 [53]
 [45]
 [49]] 
------------------------ Dataset: wop ------------------------
shape: (27, 1), dtype: uint16
Data:[[53]
 [54]
 [54]
 [48]
 [46]
 [52]
 [52]
 [53]
 [53]
 [50]
 [50]
 [45]
 [48]
 [32]
 [53]
 [54]
 [54]
 [48]
 [46]
 [52]
 [52]
 [49]
 [54]
 [54]
 [54]
 [45]
 [49]] 
------------------------ Dataset: woq ------------------------
shape: (27, 1), dtype: uint16
Data:[[53]
 [54]
 [55]
 [54]
 [46]
 [49]
 [52]
 [49]
 [54]
 [53]
 [51]
 [45]
 [48]
 [32]
 [53]
 [54]
 [55]
 [54]
 [46]
 [49]
 [51]
 [55]
 [53]
 [56]
 [54]
 [45]
 [49]] 
------------------------ Dataset: wor ------------------------
shape: (27, 1), dtype: uint16
Data:[[53]
 [54]
 [57]
 [49]
 [46]
 [57]
 [50]
 [53]
 [55]
 [51]
 [56]
 [45]
 [48]
 [32]
 [53]
 [54]
 [57]
 [49]
 [46]
 [57]
 [50]
 [57]
 [53]
 [52]
 [53]
 [45]
 [49]] 
------------------------ Dataset: wos ------------------------
shape: (34, 1), dtype: uint16
Data:[[54]
 [52]
 [49]
 [53]
 [46]
 [50]
 [48]
 [50]
 [48]
 [53]
 [51]
 [45]
 [48]
 [32]
 [54]
 [52]
 [49]
 [53]
 [46]
 [50]
 [48]
 [54]
 [48]
 [53]
 [57]
 [57]
 [57]
 [57]
 [57]
 [57]
 [57]
 [53]
 [45]
 [49]] 
------------------------ Dataset: wot ------------------------
shape: (27, 1), dtype: uint16
Data:[[54]
 [54]
 [48]
 [55]
 [46]
 [51]
 [48]
 [48]
 [51]
 [55]
 [50]
 [45]
 [48]
 [32]
 [54]
 [54]
 [48]
 [55]
 [46]
 [51]
 [48]
 [48]
 [53]
 [48]
 [50]
 [45]
 [49]] 
------------------------ Dataset: wou ------------------------
shape: (34, 1), dtype: uint16
Data:[[54]
 [54]
 [50]
 [51]
 [46]
 [50]
 [52]
 [50]
 [49]
 [55]
 [55]
 [57]
 [57]
 [57]
 [57]
 [57]
 [57]
 [53]
 [45]
 [48]
 [32]
 [54]
 [54]
 [50]
 [51]
 [46]
 [50]
 [51]
 [53]
 [51]
 [54]
 [52]
 [45]
 [49]] 
------------------------ Dataset: wov ------------------------
shape: (33, 1), dtype: uint16
Data:[[54]
 [54]
 [51]
 [57]
 [46]
 [48]
 [55]
 [48]
 [49]
 [56]
 [51]
 [45]
 [48]
 [32]
 [54]
 [54]
 [51]
 [57]
 [46]
 [48]
 [55]
 [52]
 [50]
 [56]
 [56]
 [57]
 [57]
 [57]
 [57]
 [57]
 [57]
 [45]
 [49]] 
------------------------ Dataset: wow ------------------------
shape: (33, 1), dtype: uint16
Data:[[54]
 [54]
 [53]
 [52]
 [46]
 [54]
 [56]
 [54]
 [57]
 [51]
 [45]
 [48]
 [32]
 [54]
 [54]
 [53]
 [52]
 [46]
 [54]
 [56]
 [55]
 [51]
 [50]
 [51]
 [57]
 [57]
 [57]
 [57]
 [57]
 [57]
 [53]
 [45]
 [49]] 
------------------------ Dataset: wox ------------------------
shape: (40, 1), dtype: uint16
Data:[[54]
 [54]
 [55]
 [48]
 [46]
 [53]
 [55]
 [56]
 [51]
 [51]
 [50]
 [57]
 [57]
 [57]
 [57]
 [57]
 [57]
 [53]
 [45]
 [48]
 [32]
 [54]
 [54]
 [55]
 [48]
 [46]
 [53]
 [55]
 [54]
 [50]
 [57]
 [48]
 [57]
 [57]
 [57]
 [57]
 [57]
 [57]
 [45]
 [49]] 
------------------------ Dataset: woy ------------------------
shape: (27, 1), dtype: uint16
Data:[[54]
 [54]
 [56]
 [54]
 [46]
 [52]
 [56]
 [50]
 [50]
 [50]
 [56]
 [45]
 [48]
 [32]
 [54]
 [54]
 [56]
 [54]
 [46]
 [52]
 [56]
 [54]
 [49]
 [53]
 [53]
 [45]
 [49]] 
------------------------ Dataset: woz ------------------------
shape: (27, 1), dtype: uint16
Data:[[53]
 [57]
 [48]
 [52]
 [46]
 [51]
 [57]
 [55]
 [54]
 [55]
 [49]
 [45]
 [48]
 [32]
 [53]
 [57]
 [48]
 [52]
 [46]
 [52]
 [48]
 [49]
 [55]
 [51]
 [52]
 [45]
 [49]] 
------------------------ Dataset: wp ------------------------
