shape: (1, 6), dtype: uint32
Data:[[3707764736          2          1          1        315          1]] 
------------------------ Dataset: nfb ------------------------
shape: (25, 1), dtype: uint16
Data:[[54]
 [55]
 [54]
 [53]
 [46]
 [56]
 [52]
 [54]
 [49]
 [54]
 [45]
 [48]
 [32]
 [54]
 [55]
 [54]
 [53]
 [46]
 [56]
 [51]
 [56]
 [49]
 [49]
 [45]
 [49]] 
------------------------ Dataset: nfc ------------------------
shape: (33, 1), dtype: uint16
Data:[[54]
 [55]
 [56]
 [49]
 [46]
 [54]
 [57]
 [48]
 [49]
 [50]
 [49]
 [45]
 [48]
 [32]
 [54]
 [55]
 [56]
 [49]
 [46]
 [54]
 [56]
 [54]
 [49]
 [49]
 [54]
 [57]
 [57]
 [57]
 [57]
 [57]
 [57]
 [45]
 [49]] 
------------------------ Dataset: nfd ------------------------
shape: (39, 1), dtype: uint16
Data:[[54]
 [50]
 [57]
 [52]
 [46]
 [52]
 [51]
 [52]
 [48]
 [50]
 [51]
 [57]
 [57]
 [57]
 [57]
 [57]
 [57]
 [45]
 [48]
 [32]
 [54]
 [50]
 [57]
 [52]
 [46]
 [52]
 [50]
 [57]
 [56]
 [53]
 [49]
 [57]
 [57]
 [57]
 [57]
 [57]
 [57]
 [45]
 [49]] 
------------------------ Dataset: nfe ------------------------
shape: (27, 1), dtype: uint16
Data:[[54]
 [51]
 [49]
 [48]
 [46]
 [50]
 [53]
 [52]
 [56]
 [50]
 [52]
 [45]
 [48]
 [32]
 [54]
 [51]
 [49]
 [48]
 [46]
 [50]
 [53]
 [57]
 [49]
 [54]
 [56]
 [45]
 [49]] 
------------------------ Dataset: nff ------------------------
shape: (39, 1), dtype: uint16
Data:[[54]
 [51]
 [50]
 [54]
 [46]
 [49]
 [48]
 [49]
 [56]
 [55]
 [52]
 [57]
 [57]
 [57]
 [57]
 [57]
 [57]
 [45]
 [48]
 [32]
 [54]
 [51]
 [50]
 [54]
 [46]
 [48]
 [57]
 [55]
 [57]
 [48]
 [54]
 [57]
 [57]
 [57]
 [57]
 [57]
 [57]
 [45]
 [49]] 
------------------------ Dataset: nfg ------------------------
shape: (34, 1), dtype: uint16
Data:[[54]
 [51]
 [52]
 [49]
 [46]
 [57]
 [50]
 [53]
 [56]
 [56]
 [57]
 [57]
 [57]
 [57]
 [57]
 [57]
 [57]
 [53]
 [45]
 [48]
 [32]
 [54]
 [51]
 [52]
 [49]
 [46]
 [57]
 [51]
 [48]
 [49]
 [48]
 [49]
 [45]
 [49]] 
------------------------ Dataset: nfh ------------------------
shape: (33, 1), dtype: uint16
Data:[[54]
 [53]
 [48]
 [55]
 [46]
 [48]
 [51]
 [53]
 [48]
 [50]
 [52]
 [45]
 [48]
 [32]
 [54]
 [53]
 [48]
 [55]
 [46]
 [48]
 [51]
 [56]
 [56]
 [48]
 [52]
 [57]
 [57]
 [57]
 [57]
 [57]
 [57]
 [45]
 [49]] 
------------------------ Dataset: nfi ------------------------
shape: (27, 1), dtype: uint16
Data:[[54]
 [53]
 [50]
 [50]
 [46]
 [56]
 [53]
 [48]
 [54]
 [52]
 [54]
 [45]
 [48]
 [32]
 [54]
 [53]
 [50]
 [50]
 [46]
 [56]
 [53]
 [52]
 [49]
 [52]
 [55]
 [45]
 [49]] 
------------------------ Dataset: nfj ------------------------
shape: (27, 1), dtype: uint16
Data:[[54]
 [48]
 [49]
 [56]
 [46]
 [52]
 [50]
 [49]
 [55]
 [56]
 [49]
 [45]
 [48]
 [32]
 [54]
 [48]
 [49]
 [56]
 [46]
 [52]
 [50]
 [53]
 [56]
 [52]
 [54]
 [45]
 [49]] 
------------------------ Dataset: nfk ------------------------
shape: (27, 1), dtype: uint16
Data:[[54]
 [48]
 [51]
 [52]
 [46]
 [50]
 [50]
 [57]
 [54]
 [55]
 [57]
 [45]
 [48]
 [32]
 [54]
 [48]
 [51]
 [52]
 [46]
 [50]
 [50]
 [53]
 [55]
 [56]
 [49]
 [45]
 [49]] 
------------------------ Dataset: nfl ------------------------
shape: (33, 1), dtype: uint16
Data:[[54]
 [48]
 [52]
 [57]
 [46]
 [56]
 [53]
 [48]
 [48]
 [57]
 [48]
 [57]
 [57]
 [57]
 [57]
 [57]
 [57]
 [45]
 [48]
 [32]
 [54]
 [48]
 [52]
 [57]
 [46]
 [56]
 [54]
 [48]
 [49]
 [54]
 [55]
 [45]
 [49]] 
------------------------ Dataset: nfm ------------------------
shape: (27, 1), dtype: uint16
Data:[[54]
 [48]
 [54]
 [53]
 [46]
 [55]
 [51]
 [55]
 [55]
 [57]
 [56]
 [45]
 [48]
 [32]
 [54]
 [48]
 [54]
 [53]
 [46]
 [55]
 [51]
 [51]
 [56]
 [48]
 [51]
 [45]
 [49]] 
------------------------ Dataset: nfn ------------------------
shape: (27, 1), dtype: uint16
Data:[[54]
 [48]
 [56]
 [49]
 [46]
 [54]
 [55]
 [51]
 [55]
 [53]
 [56]
 [45]
 [48]
 [32]
 [54]
 [48]
 [56]
 [49]
 [46]
 [54]
 [56]
 [49]
 [55]
 [57]
 [54]
 [45]
 [49]] 
------------------------ Dataset: nfo ------------------------
shape: (27, 1), dtype: uint16
Data:[[53]
 [54]
 [52]
 [50]
 [46]
 [51]
 [56]
 [50]
 [51]
 [51]
 [49]
 [45]
 [48]
 [32]
 [53]
 [54]
 [52]
 [50]
 [46]
 [51]
 [56]
 [54]
 [53]
 [55]
 [56]
 [45]
 [49]] 
------------------------ Dataset: nfp ------------------------
shape: (27, 1), dtype: uint16
Data:[[53]
 [54]
 [53]
 [56]
 [46]
 [49]
 [50]
 [57]
 [53]
 [56]
 [56]
 [45]
 [48]
 [32]
 [53]
 [54]
 [53]
 [56]
 [46]
 [49]
 [50]
 [53]
 [53]
 [52]
 [55]
 [45]
 [49]] 
------------------------ Dataset: nfq ------------------------
shape: (33, 1), dtype: uint16
Data:[[53]
 [54]
 [55]
 [51]
 [46]
 [56]
 [51]
 [51]
 [53]
 [56]
 [55]
 [45]
 [48]
 [32]
 [53]
 [54]
 [55]
 [51]
 [46]
 [56]
 [51]
 [55]
 [53]
 [52]
 [57]
 [57]
 [57]
 [57]
 [57]
 [57]
 [57]
 [45]
 [49]] 
------------------------ Dataset: nfr ------------------------
shape: (33, 1), dtype: uint16
Data:[[53]
 [54]
 [56]
 [57]
 [46]
 [54]
 [48]
 [57]
 [53]
 [52]
 [49]
 [57]
 [57]
 [57]
 [57]
 [57]
 [57]
 [45]
 [48]
 [32]
 [53]
 [54]
 [56]
 [57]
 [46]
 [54]
 [48]
 [53]
 [53]
 [50]
 [50]
 [45]
 [49]] 
------------------------ Dataset: nfs ------------------------
shape: (33, 1), dtype: uint16
Data:[[54]
 [52]
 [49]
 [50]
 [46]
 [56]
 [56]
 [54]
 [49]
 [48]
 [54]
 [57]
 [57]
 [57]
 [57]
 [57]
 [57]
 [45]
 [48]
 [32]
 [54]
 [52]
 [49]
 [50]
 [46]
 [56]
 [56]
 [50]
 [57]
 [55]
 [49]
 [45]
 [49]] 
------------------------ Dataset: nft ------------------------
shape: (26, 1), dtype: uint16
Data:[[54]
 [54]
 [48]
 [52]
 [46]
 [57]
 [52]
 [53]
 [57]
 [53]
 [57]
 [45]
 [48]
 [32]
 [54]
 [54]
 [48]
 [52]
 [46]
 [57]
 [52]
 [50]
 [48]
 [49]
 [45]
 [49]] 
------------------------ Dataset: nfu ------------------------
shape: (33, 1), dtype: uint16
Data:[[54]
 [54]
 [50]
 [48]
 [46]
 [57]
 [50]
 [50]
 [48]
 [55]
 [49]
 [45]
 [48]
 [32]
 [54]
 [54]
 [50]
 [48]
 [46]
 [57]
 [49]
 [56]
 [50]
 [52]
 [53]
 [57]
 [57]
 [57]
 [57]
 [57]
 [57]
 [45]
 [49]] 
------------------------ Dataset: nfv ------------------------
shape: (25, 1), dtype: uint16
Data:[[54]
 [54]
 [51]
 [54]
 [46]
 [55]
 [55]
 [49]
 [54]
 [55]
 [45]
 [48]
 [32]
 [54]
 [54]
 [51]
 [54]
 [46]
 [55]
 [55]
 [54]
 [50]
 [53]
 [45]
 [49]] 
------------------------ Dataset: nfw ------------------------
shape: (12, 1), dtype: uint16
Data:[[54]
 [54]
 [53]
 [50]
 [46]
 [51]
 [53]
 [52]
 [49]
 [50]
 [45]
 [49]] 
------------------------ Dataset: nfx ------------------------
shape: (34, 1), dtype: uint16
Data:[[54]
 [54]
 [54]
 [56]
 [46]
 [50]
 [50]
 [55]
 [52]
 [50]
 [53]
 [57]
 [57]
 [57]
 [57]
 [57]
 [57]
 [53]
 [45]
 [48]
 [32]
 [54]
 [54]
 [54]
 [56]
 [46]
 [50]
 [50]
 [52]
 [55]
 [53]
 [54]
 [45]
 [49]] 
------------------------ Dataset: nfy ------------------------
shape: (19, 1), dtype: uint16
Data:[[54]
 [54]
 [56]
 [52]
 [46]
 [49]
 [51]
 [48]
 [48]
 [57]
 [54]
 [57]
 [57]
 [57]
 [57]
 [57]
 [57]
 [45]
 [49]] 
------------------------ Dataset: nfz ------------------------
shape: (39, 1), dtype: uint16
Data:[[53]
 [57]
 [48]
 [50]
 [46]
 [48]
 [54]
 [53]
 [56]
 [51]
 [49]
 [57]
 [57]
 [57]
 [57]
 [57]
 [57]
 [45]
 [48]
 [32]
 [53]
 [57]
 [48]
 [50]
 [46]
 [48]
 [54]
 [49]
 [56]
 [48]
 [57]
 [57]
 [57]
 [57]
 [57]
 [57]
 [57]
 [45]
 [49]] 
------------------------ Dataset: ng ------------------------
