shape: (1, 6), dtype: uint32
Data:[[3707764736          2          1          1       1264          1]] 
------------------------ Dataset: 5ub ------------------------
shape: (13, 1), dtype: uint16
Data:[[54]
 [55]
 [54]
 [57]
 [46]
 [56]
 [54]
 [48]
 [53]
 [56]
 [54]
 [45]
 [49]] 
------------------------ Dataset: 5uc ------------------------
shape: (27, 1), dtype: uint16
Data:[[54]
 [50]
 [56]
 [50]
 [46]
 [54]
 [50]
 [53]
 [56]
 [51]
 [55]
 [45]
 [48]
 [32]
 [54]
 [50]
 [56]
 [50]
 [46]
 [54]
 [50]
 [57]
 [57]
 [49]
 [52]
 [45]
 [49]] 
------------------------ Dataset: 5ud ------------------------
shape: (33, 1), dtype: uint16
Data:[[54]
 [50]
 [57]
 [56]
 [46]
 [51]
 [57]
 [52]
 [48]
 [56]
 [53]
 [57]
 [57]
 [57]
 [57]
 [57]
 [57]
 [45]
 [48]
 [32]
 [54]
 [50]
 [57]
 [56]
 [46]
 [51]
 [57]
 [48]
 [48]
 [56]
 [56]
 [45]
 [49]] 
------------------------ Dataset: 5ue ------------------------
shape: (19, 1), dtype: uint16
Data:[[54]
 [51]
 [49]
 [52]
 [46]
 [50]
 [55]
 [55]
 [57]
 [55]
 [50]
 [57]
 [57]
 [57]
 [57]
 [57]
 [57]
 [45]
 [49]] 
------------------------ Dataset: 5uf ------------------------
shape: (27, 1), dtype: uint16
Data:[[54]
 [51]
 [51]
 [48]
 [46]
 [49]
 [48]
 [53]
 [57]
 [56]
 [52]
 [45]
 [48]
 [32]
 [54]
 [51]
 [51]
 [48]
 [46]
 [49]
 [48]
 [49]
 [57]
 [56]
 [54]
 [45]
 [49]] 
------------------------ Dataset: 5ug ------------------------
shape: (27, 1), dtype: uint16
Data:[[54]
 [51]
 [52]
 [53]
 [46]
 [57]
 [52]
 [54]
 [57]
 [55]
 [51]
 [45]
 [48]
 [32]
 [54]
 [51]
 [52]
 [53]
 [46]
 [57]
 [52]
 [54]
 [56]
 [51]
 [56]
 [45]
 [49]] 
------------------------ Dataset: 5uh ------------------------
shape: (32, 1), dtype: uint16
Data:[[54]
 [53]
 [49]
 [49]
 [46]
 [48]
 [49]
 [52]
 [48]
 [52]
 [45]
 [48]
 [32]
 [54]
 [53]
 [49]
 [49]
 [46]
 [48]
 [49]
 [56]
 [49]
 [54]
 [57]
 [57]
 [57]
 [57]
 [57]
 [57]
 [57]
 [45]
 [49]] 
------------------------ Dataset: 5ui ------------------------
shape: (27, 1), dtype: uint16
Data:[[54]
 [53]
 [50]
 [54]
 [46]
 [56]
 [54]
 [50]
 [48]
 [49]
 [51]
 [45]
 [48]
 [32]
 [54]
 [53]
 [50]
 [54]
 [46]
 [56]
 [54]
 [54]
 [48]
 [53]
 [51]
 [45]
 [49]] 
------------------------ Dataset: 5uj ------------------------
shape: (27, 1), dtype: uint16
Data:[[54]
 [48]
 [50]
 [50]
 [46]
 [52]
 [51]
 [51]
 [56]
 [49]
 [55]
 [45]
 [48]
 [32]
 [54]
 [48]
 [50]
 [50]
 [46]
 [52]
 [51]
 [55]
 [55]
 [52]
 [54]
 [45]
 [49]] 
------------------------ Dataset: 5uk ------------------------
shape: (26, 1), dtype: uint16
Data:[[54]
 [48]
 [51]
 [56]
 [46]
 [50]
 [48]
 [53]
 [57]
 [57]
 [52]
 [45]
 [48]
 [32]
 [54]
 [48]
 [51]
 [56]
 [46]
 [50]
 [49]
 [52]
 [50]
 [51]
 [45]
 [49]] 
------------------------ Dataset: 5ul ------------------------
shape: (33, 1), dtype: uint16
Data:[[54]
 [48]
 [53]
 [51]
 [46]
 [56]
 [54]
 [49]
 [55]
 [55]
 [52]
 [57]
 [57]
 [57]
 [57]
 [57]
 [57]
 [45]
 [48]
 [32]
 [54]
 [48]
 [53]
 [51]
 [46]
 [56]
 [53]
 [55]
 [55]
 [57]
 [56]
 [45]
 [49]] 
------------------------ Dataset: 5um ------------------------
shape: (33, 1), dtype: uint16
Data:[[54]
 [48]
 [54]
 [57]
 [46]
 [55]
 [53]
 [55]
 [56]
 [57]
 [56]
 [57]
 [57]
 [57]
 [57]
 [57]
 [57]
 [45]
 [48]
 [32]
 [54]
 [48]
 [54]
 [57]
 [46]
 [55]
 [54]
 [49]
 [56]
 [57]
 [56]
 [45]
 [49]] 
------------------------ Dataset: 5un ------------------------
shape: (27, 1), dtype: uint16
Data:[[54]
 [48]
 [56]
 [53]
 [46]
 [54]
 [54]
 [49]
 [56]
 [48]
 [54]
 [45]
 [48]
 [32]
 [54]
 [48]
 [56]
 [53]
 [46]
 [54]
 [54]
 [53]
 [55]
 [55]
 [52]
 [45]
 [49]] 
------------------------ Dataset: 5uo ------------------------
shape: (39, 1), dtype: uint16
Data:[[53]
 [54]
 [52]
 [54]
 [46]
 [51]
 [52]
 [57]
 [54]
 [48]
 [49]
 [57]
 [57]
 [57]
 [57]
 [57]
 [57]
 [45]
 [48]
 [32]
 [53]
 [54]
 [52]
 [54]
 [46]
 [51]
 [53]
 [51]
 [55]
 [51]
 [51]
 [57]
 [57]
 [57]
 [57]
 [57]
 [57]
 [45]
 [49]] 
------------------------ Dataset: 5up ------------------------
shape: (33, 1), dtype: uint16
Data:[[53]
 [54]
 [54]
 [50]
 [46]
 [48]
 [57]
 [51]
 [53]
 [54]
 [55]
 [57]
 [57]
 [57]
 [57]
 [57]
 [57]
 [45]
 [48]
 [32]
 [53]
 [54]
 [54]
 [50]
 [46]
 [48]
 [56]
 [57]
 [53]
 [57]
 [49]
 [45]
 [49]] 
------------------------ Dataset: 5uq ------------------------
shape: (27, 1), dtype: uint16
Data:[[53]
 [54]
 [55]
 [55]
 [46]
 [56]
 [48]
 [57]
 [54]
 [52]
 [54]
 [45]
 [48]
 [32]
 [53]
 [54]
 [55]
 [55]
 [46]
 [56]
 [48]
 [57]
 [54]
 [52]
 [52]
 [45]
 [49]] 
------------------------ Dataset: 5ur ------------------------
shape: (34, 1), dtype: uint16
Data:[[53]
 [54]
 [57]
 [51]
 [46]
 [53]
 [54]
 [57]
 [53]
 [50]
 [52]
 [45]
 [48]
 [32]
 [53]
 [54]
 [57]
 [51]
 [46]
 [53]
 [55]
 [51]
 [53]
 [56]
 [53]
 [57]
 [57]
 [57]
 [57]
 [57]
 [57]
 [53]
 [45]
 [49]] 
------------------------ Dataset: 5us ------------------------
shape: (33, 1), dtype: uint16
Data:[[54]
 [52]
 [49]
 [54]
 [46]
 [56]
 [56]
 [53]
 [56]
 [56]
 [51]
 [45]
 [48]
 [32]
 [54]
 [52]
 [49]
 [54]
 [46]
 [56]
 [57]
 [51]
 [57]
 [51]
 [50]
 [57]
 [57]
 [57]
 [57]
 [57]
 [57]
 [45]
 [49]] 
------------------------ Dataset: 5ut ------------------------
shape: (27, 1), dtype: uint16
Data:[[54]
 [54]
 [48]
 [56]
 [46]
 [57]
 [56]
 [55]
 [53]
 [48]
 [50]
 [45]
 [48]
 [32]
 [54]
 [54]
 [48]
 [56]
 [46]
 [57]
 [56]
 [55]
 [54]
 [49]
 [49]
 [45]
 [49]] 
------------------------ Dataset: 5uu ------------------------
shape: (27, 1), dtype: uint16
Data:[[54]
 [54]
 [50]
 [52]
 [46]
 [57]
 [49]
 [48]
 [48]
 [57]
 [52]
 [45]
 [48]
 [32]
 [54]
 [54]
 [50]
 [52]
 [46]
 [57]
 [48]
 [54]
 [49]
 [56]
 [51]
 [45]
 [49]] 
------------------------ Dataset: 5uv ------------------------
shape: (34, 1), dtype: uint16
Data:[[54]
 [54]
 [52]
 [48]
 [46]
 [55]
 [48]
 [54]
 [50]
 [53]
 [53]
 [57]
 [57]
 [57]
 [57]
 [57]
 [57]
 [53]
 [45]
 [48]
 [32]
 [54]
 [54]
 [52]
 [48]
 [46]
 [55]
 [49]
 [48]
 [50]
 [50]
 [51]
 [45]
 [49]] 
------------------------ Dataset: 5uw ------------------------
shape: (33, 1), dtype: uint16
Data:[[54]
 [54]
 [53]
 [54]
 [46]
 [51]
 [52]
 [54]
 [48]
 [49]
 [55]
 [57]
 [57]
 [57]
 [57]
 [57]
 [57]
 [45]
 [48]
 [32]
 [54]
 [54]
 [53]
 [54]
 [46]
 [51]
 [53]
 [48]
 [48]
 [52]
 [50]
 [45]
 [49]] 
------------------------ Dataset: 5ux ------------------------
shape: (33, 1), dtype: uint16
Data:[[54]
 [54]
 [55]
 [50]
 [46]
 [50]
 [53]
 [48]
 [48]
 [57]
 [51]
 [45]
 [48]
 [32]
 [54]
 [54]
 [55]
 [50]
 [46]
 [50]
 [53]
 [52]
 [48]
 [57]
 [52]
 [57]
 [57]
 [57]
 [57]
 [57]
 [57]
 [45]
 [49]] 
------------------------ Dataset: 5uy ------------------------
shape: (33, 1), dtype: uint16
Data:[[54]
 [54]
 [56]
 [56]
 [46]
 [49]
 [53]
 [56]
 [48]
 [50]
 [51]
 [45]
 [48]
 [32]
 [54]
 [54]
 [56]
 [56]
 [46]
 [49]
 [53]
 [56]
 [49]
 [52]
 [52]
 [57]
 [57]
 [57]
 [57]
 [57]
 [57]
 [45]
 [49]] 
------------------------ Dataset: 5uz ------------------------
shape: (26, 1), dtype: uint16
Data:[[53]
 [57]
 [48]
 [54]
 [46]
 [48]
 [54]
 [49]
 [54]
 [53]
 [49]
 [45]
 [48]
 [32]
 [53]
 [57]
 [48]
 [54]
 [46]
 [48]
 [53]
 [55]
 [55]
 [57]
 [45]
 [49]] 
------------------------ Dataset: 5v ------------------------
