shape: (1, 6), dtype: uint32
Data:[[3707764736          2          1          1        351          1]] 
------------------------ Dataset: Yfb ------------------------
shape: (25, 1), dtype: uint16
Data:[[54]
 [55]
 [54]
 [53]
 [46]
 [57]
 [56]
 [54]
 [49]
 [52]
 [45]
 [48]
 [32]
 [54]
 [55]
 [54]
 [53]
 [46]
 [57]
 [57]
 [48]
 [48]
 [55]
 [45]
 [49]] 
------------------------ Dataset: Yfc ------------------------
shape: (41, 1), dtype: uint16
Data:[[54]
 [55]
 [56]
 [49]
 [46]
 [56]
 [51]
 [52]
 [49]
 [56]
 [54]
 [57]
 [57]
 [57]
 [57]
 [57]
 [57]
 [53]
 [45]
 [48]
 [32]
 [54]
 [55]
 [56]
 [49]
 [46]
 [56]
 [51]
 [56]
 [49]
 [56]
 [57]
 [57]
 [57]
 [57]
 [57]
 [57]
 [57]
 [53]
 [45]
 [49]] 
------------------------ Dataset: Yfd ------------------------
shape: (33, 1), dtype: uint16
Data:[[54]
 [50]
 [57]
 [52]
 [46]
 [53]
 [55]
 [56]
 [49]
 [50]
 [52]
 [45]
 [48]
 [32]
 [54]
 [50]
 [57]
 [52]
 [46]
 [53]
 [56]
 [50]
 [50]
 [52]
 [54]
 [57]
 [57]
 [57]
 [57]
 [57]
 [57]
 [45]
 [49]] 
------------------------ Dataset: Yfe ------------------------
shape: (33, 1), dtype: uint16
Data:[[54]
 [51]
 [49]
 [48]
 [46]
 [52]
 [48]
 [53]
 [48]
 [56]
 [49]
 [45]
 [48]
 [32]
 [54]
 [51]
 [49]
 [48]
 [46]
 [52]
 [48]
 [49]
 [48]
 [50]
 [55]
 [57]
 [57]
 [57]
 [57]
 [57]
 [57]
 [45]
 [49]] 
------------------------ Dataset: Yff ------------------------
shape: (25, 1), dtype: uint16
Data:[[54]
 [51]
 [50]
 [54]
 [46]
 [50]
 [54]
 [50]
 [54]
 [48]
 [50]
 [45]
 [48]
 [32]
 [54]
 [51]
 [50]
 [54]
 [46]
 [50]
 [54]
 [54]
 [49]
 [45]
 [49]] 
------------------------ Dataset: Yfg ------------------------
shape: (27, 1), dtype: uint16
Data:[[54]
 [51]
 [52]
 [50]
 [46]
 [48]
 [55]
 [56]
 [48]
 [55]
 [57]
 [45]
 [48]
 [32]
 [54]
 [51]
 [52]
 [50]
 [46]
 [48]
 [55]
 [56]
 [48]
 [54]
 [50]
 [45]
 [49]] 
------------------------ Dataset: Yfh ------------------------
shape: (27, 1), dtype: uint16
Data:[[54]
 [53]
 [48]
 [55]
 [46]
 [49]
 [57]
 [48]
 [50]
 [56]
 [56]
 [45]
 [48]
 [32]
 [54]
 [53]
 [48]
 [55]
 [46]
 [49]
 [56]
 [54]
 [48]
 [49]
 [49]
 [45]
 [49]] 
------------------------ Dataset: Yfi ------------------------
shape: (33, 1), dtype: uint16
Data:[[54]
 [53]
 [50]
 [51]
 [46]
 [48]
 [48]
 [54]
 [51]
 [52]
 [50]
 [45]
 [48]
 [32]
 [54]
 [53]
 [50]
 [51]
 [46]
 [48]
 [49]
 [48]
 [54]
 [51]
 [51]
 [57]
 [57]
 [57]
 [57]
 [57]
 [57]
 [45]
 [49]] 
------------------------ Dataset: Yfj ------------------------
shape: (34, 1), dtype: uint16
Data:[[54]
 [48]
 [49]
 [56]
 [46]
 [53]
 [55]
 [51]
 [57]
 [51]
 [55]
 [57]
 [57]
 [57]
 [57]
 [57]
 [57]
 [53]
 [45]
 [48]
 [32]
 [54]
 [48]
 [49]
 [56]
 [46]
 [53]
 [55]
 [51]
 [57]
 [52]
 [50]
 [45]
 [49]] 
------------------------ Dataset: Yfk ------------------------
shape: (27, 1), dtype: uint16
Data:[[54]
 [48]
 [51]
 [52]
 [46]
 [51]
 [55]
 [53]
 [57]
 [52]
 [50]
 [45]
 [48]
 [32]
 [54]
 [48]
 [51]
 [52]
 [46]
 [51]
 [55]
 [55]
 [57]
 [48]
 [51]
 [45]
 [49]] 
------------------------ Dataset: Yfl ------------------------
shape: (27, 1), dtype: uint16
Data:[[54]
 [48]
 [53]
 [48]
 [46]
 [48]
 [48]
 [50]
 [53]
 [49]
 [49]
 [45]
 [48]
 [32]
 [54]
 [48]
 [53]
 [48]
 [46]
 [48]
 [49]
 [48]
 [49]
 [55]
 [57]
 [45]
 [49]] 
------------------------ Dataset: Yfm ------------------------
shape: (19, 1), dtype: uint16
Data:[[54]
 [48]
 [54]
 [53]
 [46]
 [56]
 [56]
 [53]
 [55]
 [48]
 [48]
 [57]
 [57]
 [57]
 [57]
 [57]
 [57]
 [45]
 [48]] 
------------------------ Dataset: Yfn ------------------------
shape: (33, 1), dtype: uint16
Data:[[54]
 [48]
 [56]
 [49]
 [46]
 [56]
 [51]
 [56]
 [49]
 [50]
 [52]
 [57]
 [57]
 [57]
 [57]
 [57]
 [57]
 [45]
 [48]
 [32]
 [54]
 [48]
 [56]
 [49]
 [46]
 [56]
 [51]
 [49]
 [49]
 [50]
 [54]
 [45]
 [49]] 
------------------------ Dataset: Yfo ------------------------
shape: (27, 1), dtype: uint16
Data:[[53]
 [54]
 [52]
 [50]
 [46]
 [53]
 [51]
 [51]
 [53]
 [52]
 [49]
 [45]
 [48]
 [32]
 [53]
 [54]
 [52]
 [50]
 [46]
 [53]
 [50]
 [57]
 [52]
 [56]
 [53]
 [45]
 [49]] 
------------------------ Dataset: Yfp ------------------------
shape: (27, 1), dtype: uint16
Data:[[53]
 [54]
 [53]
 [56]
 [46]
 [50]
 [55]
 [55]
 [53]
 [49]
 [51]
 [45]
 [48]
 [32]
 [53]
 [54]
 [53]
 [56]
 [46]
 [50]
 [56]
 [49]
 [53]
 [53]
 [54]
 [45]
 [49]] 
------------------------ Dataset: Yfq ------------------------
shape: (27, 1), dtype: uint16
Data:[[53]
 [54]
 [55]
 [51]
 [46]
 [57]
 [56]
 [53]
 [53]
 [57]
 [52]
 [45]
 [48]
 [32]
 [53]
 [54]
 [55]
 [51]
 [46]
 [57]
 [56]
 [49]
 [53]
 [57]
 [52]
 [45]
 [49]] 
------------------------ Dataset: Yfr ------------------------
shape: (27, 1), dtype: uint16
Data:[[53]
 [54]
 [56]
 [57]
 [46]
 [55]
 [53]
 [51]
 [54]
 [53]
 [54]
 [45]
 [48]
 [32]
 [53]
 [54]
 [56]
 [57]
 [46]
 [55]
 [53]
 [55]
 [54]
 [54]
 [55]
 [45]
 [49]] 
------------------------ Dataset: Yfs ------------------------
shape: (40, 1), dtype: uint16
Data:[[54]
 [52]
 [49]
 [51]
 [46]
 [48]
 [51]
 [48]
 [49]
 [49]
 [51]
 [57]
 [57]
 [57]
 [57]
 [57]
 [57]
 [45]
 [48]
 [32]
 [54]
 [52]
 [49]
 [51]
 [46]
 [48]
 [51]
 [52]
 [48]
 [50]
 [56]
 [57]
 [57]
 [57]
 [57]
 [57]
 [57]
 [53]
 [45]
 [49]] 
------------------------ Dataset: Yft ------------------------
shape: (40, 1), dtype: uint16
Data:[[54]
 [54]
 [48]
 [53]
 [46]
 [48]
 [57]
 [51]
 [55]
 [51]
 [52]
 [57]
 [57]
 [57]
 [57]
 [57]
 [57]
 [53]
 [45]
 [48]
 [32]
 [54]
 [54]
 [48]
 [53]
 [46]
 [49]
 [48]
 [53]
 [55]
 [49]
 [56]
 [57]
 [57]
 [57]
 [57]
 [57]
 [57]
 [45]
 [49]] 
------------------------ Dataset: Yfu ------------------------
shape: (39, 1), dtype: uint16
Data:[[54]
 [54]
 [50]
 [49]
 [46]
 [48]
 [54]
 [55]
 [52]
 [53]
 [49]
 [57]
 [57]
 [57]
 [57]
 [57]
 [57]
 [45]
 [48]
 [32]
 [54]
 [54]
 [50]
 [49]
 [46]
 [48]
 [55]
 [48]
 [52]
 [55]
 [54]
 [57]
 [57]
 [57]
 [57]
 [57]
 [57]
 [45]
 [49]] 
------------------------ Dataset: Yfv ------------------------
shape: (27, 1), dtype: uint16
Data:[[54]
 [54]
 [51]
 [54]
 [46]
 [57]
 [50]
 [50]
 [51]
 [50]
 [53]
 [45]
 [48]
 [32]
 [54]
 [54]
 [51]
 [54]
 [46]
 [57]
 [49]
 [56]
 [51]
 [49]
 [53]
 [45]
 [49]] 
------------------------ Dataset: Yfw ------------------------
shape: (27, 1), dtype: uint16
Data:[[54]
 [54]
 [53]
 [50]
 [46]
 [53]
 [48]
 [54]
 [48]
 [52]
 [50]
 [45]
 [48]
 [32]
 [54]
 [54]
 [53]
 [50]
 [46]
 [53]
 [49]
 [48]
 [48]
 [54]
 [56]
 [45]
 [49]] 
------------------------ Dataset: Yfx ------------------------
shape: (27, 1), dtype: uint16
Data:[[54]
 [54]
 [54]
 [56]
 [46]
 [51]
 [55]
 [57]
 [54]
 [56]
 [55]
 [45]
 [48]
 [32]
 [54]
 [54]
 [54]
 [56]
 [46]
 [51]
 [54]
 [54]
 [51]
 [49]
 [52]
 [45]
 [49]] 
------------------------ Dataset: Yfy ------------------------
shape: (33, 1), dtype: uint16
Data:[[54]
 [54]
 [56]
 [52]
 [46]
 [50]
 [57]
 [56]
 [49]
 [50]
 [52]
 [57]
 [57]
 [57]
 [57]
 [57]
 [57]
 [45]
 [48]
 [32]
 [54]
 [54]
 [56]
 [52]
 [46]
 [51]
 [48]
 [50]
 [49]
 [52]
 [54]
 [45]
 [49]] 
------------------------ Dataset: Yfz ------------------------
shape: (39, 1), dtype: uint16
Data:[[53]
 [57]
 [48]
 [50]
 [46]
 [50]
 [49]
 [55]
 [56]
 [56]
 [50]
 [57]
 [57]
 [57]
 [57]
 [57]
 [57]
 [45]
 [48]
 [32]
 [53]
 [57]
 [48]
 [50]
 [46]
 [50]
 [49]
 [55]
 [56]
 [56]
 [50]
 [57]
 [57]
 [57]
 [57]
 [57]
 [57]
 [45]
 [49]] 
------------------------ Dataset: Yg ------------------------
