shape: (1, 6), dtype: uint32
Data:[[3707764736          2          1          1        516          1]] 
------------------------ Dataset: Hib ------------------------
shape: (33, 1), dtype: uint16
Data:[[54]
 [55]
 [54]
 [54]
 [46]
 [54]
 [57]
 [48]
 [48]
 [56]
 [52]
 [45]
 [48]
 [32]
 [54]
 [55]
 [54]
 [54]
 [46]
 [54]
 [57]
 [52]
 [49]
 [52]
 [57]
 [57]
 [57]
 [57]
 [57]
 [57]
 [57]
 [45]
 [49]] 
------------------------ Dataset: Hic ------------------------
shape: (33, 1), dtype: uint16
Data:[[54]
 [50]
 [55]
 [57]
 [46]
 [52]
 [56]
 [57]
 [56]
 [54]
 [56]
 [45]
 [48]
 [32]
 [54]
 [50]
 [55]
 [57]
 [46]
 [52]
 [57]
 [51]
 [56]
 [56]
 [48]
 [57]
 [57]
 [57]
 [57]
 [57]
 [57]
 [45]
 [49]] 
------------------------ Dataset: Hid ------------------------
shape: (27, 1), dtype: uint16
Data:[[54]
 [50]
 [57]
 [53]
 [46]
 [50]
 [54]
 [49]
 [57]
 [48]
 [49]
 [45]
 [48]
 [32]
 [54]
 [50]
 [57]
 [53]
 [46]
 [50]
 [53]
 [55]
 [57]
 [56]
 [49]
 [45]
 [49]] 
------------------------ Dataset: Hie ------------------------
shape: (27, 1), dtype: uint16
Data:[[54]
 [51]
 [49]
 [49]
 [46]
 [48]
 [56]
 [56]
 [52]
 [55]
 [57]
 [45]
 [48]
 [32]
 [54]
 [51]
 [49]
 [49]
 [46]
 [48]
 [57]
 [48]
 [51]
 [57]
 [49]
 [45]
 [49]] 
------------------------ Dataset: Hif ------------------------
shape: (33, 1), dtype: uint16
Data:[[54]
 [51]
 [50]
 [54]
 [46]
 [57]
 [54]
 [53]
 [56]
 [56]
 [51]
 [57]
 [57]
 [57]
 [57]
 [57]
 [57]
 [45]
 [48]
 [32]
 [54]
 [51]
 [50]
 [54]
 [46]
 [57]
 [54]
 [50]
 [49]
 [50]
 [55]
 [45]
 [49]] 
------------------------ Dataset: Hig ------------------------
shape: (33, 1), dtype: uint16
Data:[[54]
 [51]
 [52]
 [50]
 [46]
 [55]
 [55]
 [52]
 [49]
 [52]
 [52]
 [45]
 [48]
 [32]
 [54]
 [51]
 [52]
 [50]
 [46]
 [55]
 [55]
 [48]
 [50]
 [55]
 [56]
 [57]
 [57]
 [57]
 [57]
 [57]
 [57]
 [45]
 [49]] 
------------------------ Dataset: Hih ------------------------
shape: (33, 1), dtype: uint16
Data:[[54]
 [53]
 [48]
 [55]
 [46]
 [56]
 [54]
 [53]
 [57]
 [52]
 [49]
 [57]
 [57]
 [57]
 [57]
 [57]
 [57]
 [45]
 [48]
 [32]
 [54]
 [53]
 [48]
 [55]
 [46]
 [56]
 [54]
 [57]
 [57]
 [51]
 [54]
 [45]
 [49]] 
------------------------ Dataset: Hii ------------------------
shape: (27, 1), dtype: uint16
Data:[[54]
 [53]
 [50]
 [51]
 [46]
 [54]
 [57]
 [56]
 [48]
 [49]
 [52]
 [45]
 [48]
 [32]
 [54]
 [53]
 [50]
 [51]
 [46]
 [54]
 [57]
 [51]
 [57]
 [55]
 [50]
 [45]
 [49]] 
------------------------ Dataset: Hij ------------------------
shape: (27, 1), dtype: uint16
Data:[[54]
 [48]
 [49]
 [57]
 [46]
 [50]
 [55]
 [55]
 [54]
 [56]
 [57]
 [45]
 [48]
 [32]
 [54]
 [48]
 [49]
 [57]
 [46]
 [50]
 [55]
 [51]
 [55]
 [50]
 [57]
 [45]
 [49]] 
------------------------ Dataset: Hik ------------------------
shape: (27, 1), dtype: uint16
Data:[[54]
 [48]
 [51]
 [53]
 [46]
 [48]
 [55]
 [56]
 [48]
 [53]
 [53]
 [45]
 [48]
 [32]
 [54]
 [48]
 [51]
 [53]
 [46]
 [48]
 [55]
 [51]
 [55]
 [55]
 [55]
 [45]
 [49]] 
------------------------ Dataset: Hil ------------------------
shape: (33, 1), dtype: uint16
Data:[[54]
 [48]
 [53]
 [48]
 [46]
 [55]
 [48]
 [54]
 [53]
 [54]
 [52]
 [57]
 [57]
 [57]
 [57]
 [57]
 [57]
 [53]
 [45]
 [48]
 [32]
 [54]
 [48]
 [53]
 [48]
 [46]
 [55]
 [48]
 [51]
 [54]
 [54]
 [45]
 [49]] 
------------------------ Dataset: Him ------------------------
shape: (33, 1), dtype: uint16
Data:[[54]
 [48]
 [54]
 [54]
 [46]
 [54]
 [48]
 [49]
 [55]
 [52]
 [56]
 [57]
 [57]
 [57]
 [57]
 [57]
 [57]
 [53]
 [45]
 [48]
 [32]
 [54]
 [48]
 [54]
 [54]
 [46]
 [53]
 [57]
 [55]
 [55]
 [56]
 [45]
 [49]] 
------------------------ Dataset: Hin ------------------------
shape: (34, 1), dtype: uint16
Data:[[54]
 [48]
 [56]
 [50]
 [46]
 [53]
 [49]
 [56]
 [54]
 [50]
 [54]
 [57]
 [57]
 [57]
 [57]
 [57]
 [57]
 [53]
 [45]
 [48]
 [32]
 [54]
 [48]
 [56]
 [50]
 [46]
 [53]
 [50]
 [53]
 [55]
 [56]
 [50]
 [45]
 [49]] 
------------------------ Dataset: Hio ------------------------
shape: (33, 1), dtype: uint16
Data:[[53]
 [54]
 [52]
 [51]
 [46]
 [50]
 [50]
 [55]
 [55]
 [52]
 [52]
 [45]
 [48]
 [32]
 [53]
 [54]
 [52]
 [51]
 [46]
 [50]
 [50]
 [52]
 [55]
 [56]
 [49]
 [57]
 [57]
 [57]
 [57]
 [57]
 [57]
 [45]
 [49]] 
------------------------ Dataset: Hip ------------------------
shape: (33, 1), dtype: uint16
Data:[[53]
 [54]
 [53]
 [56]
 [46]
 [57]
 [54]
 [49]
 [53]
 [53]
 [53]
 [57]
 [57]
 [57]
 [57]
 [57]
 [57]
 [45]
 [48]
 [32]
 [53]
 [54]
 [53]
 [56]
 [46]
 [57]
 [54]
 [53]
 [53]
 [50]
 [51]
 [45]
 [49]] 
------------------------ Dataset: Hiq ------------------------
shape: (33, 1), dtype: uint16
Data:[[53]
 [54]
 [55]
 [52]
 [46]
 [54]
 [55]
 [52]
 [53]
 [49]
 [51]
 [45]
 [48]
 [32]
 [53]
 [54]
 [55]
 [52]
 [46]
 [54]
 [54]
 [57]
 [55]
 [53]
 [48]
 [57]
 [57]
 [57]
 [57]
 [57]
 [57]
 [45]
 [49]] 
------------------------ Dataset: Hir ------------------------
shape: (27, 1), dtype: uint16
Data:[[53]
 [54]
 [57]
 [48]
 [46]
 [52]
 [52]
 [54]
 [54]
 [51]
 [49]
 [45]
 [48]
 [32]
 [53]
 [54]
 [57]
 [48]
 [46]
 [52]
 [53]
 [52]
 [48]
 [53]
 [52]
 [45]
 [49]] 
------------------------ Dataset: His ------------------------
shape: (27, 1), dtype: uint16
Data:[[54]
 [52]
 [49]
 [51]
 [46]
 [55]
 [50]
 [53]
 [56]
 [55]
 [55]
 [45]
 [48]
 [32]
 [54]
 [52]
 [49]
 [51]
 [46]
 [55]
 [50]
 [49]
 [57]
 [54]
 [53]
 [45]
 [49]] 
------------------------ Dataset: Hit ------------------------
shape: (33, 1), dtype: uint16
Data:[[54]
 [54]
 [48]
 [53]
 [46]
 [55]
 [56]
 [53]
 [57]
 [57]
 [55]
 [57]
 [57]
 [57]
 [57]
 [57]
 [57]
 [45]
 [48]
 [32]
 [54]
 [54]
 [48]
 [53]
 [46]
 [55]
 [57]
 [48]
 [48]
 [49]
 [54]
 [45]
 [49]] 
------------------------ Dataset: Hiu ------------------------
shape: (27, 1), dtype: uint16
Data:[[54]
 [54]
 [50]
 [49]
 [46]
 [55]
 [54]
 [57]
 [57]
 [56]
 [56]
 [45]
 [48]
 [32]
 [54]
 [54]
 [50]
 [49]
 [46]
 [55]
 [54]
 [54]
 [48]
 [53]
 [53]
 [45]
 [49]] 
------------------------ Dataset: Hiv ------------------------
shape: (26, 1), dtype: uint16
Data:[[54]
 [54]
 [51]
 [55]
 [46]
 [54]
 [49]
 [56]
 [51]
 [57]
 [45]
 [48]
 [32]
 [54]
 [54]
 [51]
 [55]
 [46]
 [54]
 [49]
 [53]
 [55]
 [50]
 [53]
 [45]
 [49]] 
------------------------ Dataset: Hiw ------------------------
shape: (34, 1), dtype: uint16
Data:[[54]
 [54]
 [53]
 [51]
 [46]
 [50]
 [48]
 [54]
 [48]
 [57]
 [54]
 [45]
 [48]
 [32]
 [54]
 [54]
 [53]
 [51]
 [46]
 [50]
 [48]
 [50]
 [49]
 [53]
 [56]
 [57]
 [57]
 [57]
 [57]
 [57]
 [57]
 [53]
 [45]
 [49]] 
------------------------ Dataset: Hix ------------------------
shape: (13, 1), dtype: uint16
Data:[[54]
 [54]
 [54]
 [57]
 [46]
 [48]
 [56]
 [50]
 [53]
 [51]
 [49]
 [45]
 [49]] 
------------------------ Dataset: Hiy ------------------------
shape: (33, 1), dtype: uint16
Data:[[54]
 [54]
 [56]
 [52]
 [46]
 [57]
 [57]
 [56]
 [50]
 [48]
 [48]
 [57]
 [57]
 [57]
 [57]
 [57]
 [57]
 [45]
 [48]
 [32]
 [54]
 [54]
 [56]
 [52]
 [46]
 [57]
 [57]
 [52]
 [49]
 [52]
 [57]
 [45]
 [49]] 
------------------------ Dataset: Hiz ------------------------
shape: (33, 1), dtype: uint16
Data:[[53]
 [57]
 [48]
 [50]
 [46]
 [57]
 [50]
 [49]
 [55]
 [54]
 [50]
 [45]
 [48]
 [32]
 [53]
 [57]
 [48]
 [50]
 [46]
 [57]
 [49]
 [55]
 [55]
 [52]
 [56]
 [57]
 [57]
 [57]
 [57]
 [57]
 [57]
 [45]
 [49]] 
------------------------ Dataset: Hj ------------------------
