shape: (1, 6), dtype: uint32
Data:[[3707764736          2          1          1        379          1]] 
------------------------ Dataset: rgb ------------------------
shape: (27, 1), dtype: uint16
Data:[[54]
 [55]
 [54]
 [54]
 [46]
 [49]
 [49]
 [54]
 [56]
 [56]
 [52]
 [45]
 [48]
 [32]
 [54]
 [55]
 [54]
 [54]
 [46]
 [49]
 [48]
 [54]
 [50]
 [54]
 [55]
 [45]
 [49]] 
------------------------ Dataset: rgc ------------------------
shape: (10, 1), dtype: uint16
Data:[[110]
 [111]
 [114]
 [109]
 [ 95]
 [112]
 [111]
 [115]
 [ 95]
 [121]] 
------------------------ Dataset: rgd ------------------------
shape: (39, 1), dtype: uint16
Data:[[54]
 [50]
 [57]
 [52]
 [46]
 [54]
 [57]
 [55]
 [57]
 [54]
 [57]
 [57]
 [57]
 [57]
 [57]
 [57]
 [57]
 [45]
 [48]
 [32]
 [54]
 [50]
 [57]
 [52]
 [46]
 [54]
 [57]
 [51]
 [56]
 [55]
 [50]
 [57]
 [57]
 [57]
 [57]
 [57]
 [57]
 [45]
 [49]] 
------------------------ Dataset: rge ------------------------
shape: (26, 1), dtype: uint16
Data:[[54]
 [51]
 [49]
 [48]
 [46]
 [53]
 [49]
 [51]
 [57]
 [52]
 [45]
 [48]
 [32]
 [54]
 [51]
 [49]
 [48]
 [46]
 [53]
 [49]
 [55]
 [56]
 [57]
 [52]
 [45]
 [49]] 
------------------------ Dataset: rgf ------------------------
shape: (33, 1), dtype: uint16
Data:[[54]
 [51]
 [50]
 [54]
 [46]
 [51]
 [55]
 [55]
 [56]
 [56]
 [53]
 [45]
 [48]
 [32]
 [54]
 [51]
 [50]
 [54]
 [46]
 [51]
 [55]
 [51]
 [56]
 [57]
 [48]
 [57]
 [57]
 [57]
 [57]
 [57]
 [57]
 [45]
 [49]] 
------------------------ Dataset: rgg ------------------------
shape: (27, 1), dtype: uint16
Data:[[54]
 [51]
 [52]
 [50]
 [46]
 [49]
 [57]
 [52]
 [48]
 [56]
 [53]
 [45]
 [48]
 [32]
 [54]
 [51]
 [52]
 [50]
 [46]
 [49]
 [57]
 [56]
 [48]
 [52]
 [50]
 [45]
 [49]] 
------------------------ Dataset: rgh ------------------------
shape: (27, 1), dtype: uint16
Data:[[54]
 [53]
 [48]
 [55]
 [46]
 [51]
 [48]
 [50]
 [48]
 [51]
 [51]
 [45]
 [48]
 [32]
 [54]
 [53]
 [48]
 [55]
 [46]
 [51]
 [48]
 [54]
 [48]
 [49]
 [49]
 [45]
 [49]] 
------------------------ Dataset: rgi ------------------------
shape: (33, 1), dtype: uint16
Data:[[54]
 [53]
 [50]
 [51]
 [46]
 [49]
 [50]
 [54]
 [55]
 [50]
 [50]
 [57]
 [57]
 [57]
 [57]
 [57]
 [57]
 [45]
 [48]
 [32]
 [54]
 [53]
 [50]
 [51]
 [46]
 [49]
 [50]
 [51]
 [53]
 [54]
 [56]
 [45]
 [49]] 
------------------------ Dataset: rgj ------------------------
shape: (33, 1), dtype: uint16
Data:[[54]
 [48]
 [49]
 [56]
 [46]
 [54]
 [57]
 [56]
 [51]
 [48]
 [53]
 [57]
 [57]
 [57]
 [57]
 [57]
 [57]
 [45]
 [48]
 [32]
 [54]
 [48]
 [49]
 [56]
 [46]
 [55]
 [48]
 [49]
 [56]
 [50]
 [57]
 [45]
 [49]] 
------------------------ Dataset: rgk ------------------------
shape: (33, 1), dtype: uint16
Data:[[54]
 [48]
 [51]
 [52]
 [46]
 [53]
 [49]
 [55]
 [52]
 [56]
 [52]
 [57]
 [57]
 [57]
 [57]
 [57]
 [57]
 [45]
 [48]
 [32]
 [54]
 [48]
 [51]
 [52]
 [46]
 [53]
 [49]
 [55]
 [51]
 [49]
 [52]
 [45]
 [49]] 
------------------------ Dataset: rgl ------------------------
shape: (41, 1), dtype: uint16
Data:[[54]
 [48]
 [53]
 [48]
 [46]
 [49]
 [49]
 [55]
 [55]
 [53]
 [50]
 [57]
 [57]
 [57]
 [57]
 [57]
 [57]
 [53]
 [45]
 [48]
 [32]
 [54]
 [48]
 [53]
 [48]
 [46]
 [49]
 [50]
 [49]
 [56]
 [49]
 [52]
 [57]
 [57]
 [57]
 [57]
 [57]
 [57]
 [53]
 [45]
 [49]] 
------------------------ Dataset: rgm ------------------------
shape: (33, 1), dtype: uint16
Data:[[54]
 [48]
 [54]
 [54]
 [46]
 [48]
 [49]
 [52]
 [56]
 [51]
 [53]
 [57]
 [57]
 [57]
 [57]
 [57]
 [57]
 [45]
 [48]
 [32]
 [54]
 [48]
 [54]
 [54]
 [46]
 [48]
 [49]
 [49]
 [56]
 [56]
 [50]
 [45]
 [49]] 
------------------------ Dataset: rgn ------------------------
shape: (27, 1), dtype: uint16
Data:[[54]
 [48]
 [56]
 [49]
 [46]
 [57]
 [52]
 [57]
 [55]
 [54]
 [54]
 [45]
 [48]
 [32]
 [54]
 [48]
 [56]
 [49]
 [46]
 [57]
 [52]
 [53]
 [55]
 [48]
 [52]
 [45]
 [49]] 
------------------------ Dataset: rgo ------------------------
shape: (27, 1), dtype: uint16
Data:[[53]
 [54]
 [52]
 [50]
 [46]
 [54]
 [52]
 [53]
 [54]
 [49]
 [52]
 [45]
 [48]
 [32]
 [53]
 [54]
 [52]
 [50]
 [46]
 [54]
 [52]
 [57]
 [53]
 [56]
 [55]
 [45]
 [49]] 
------------------------ Dataset: rgp ------------------------
shape: (34, 1), dtype: uint16
Data:[[53]
 [54]
 [53]
 [56]
 [46]
 [51]
 [57]
 [54]
 [50]
 [48]
 [49]
 [45]
 [48]
 [32]
 [53]
 [54]
 [53]
 [56]
 [46]
 [52]
 [48]
 [49]
 [55]
 [54]
 [49]
 [57]
 [57]
 [57]
 [57]
 [57]
 [57]
 [53]
 [45]
 [49]] 
------------------------ Dataset: rgq ------------------------
shape: (39, 1), dtype: uint16
Data:[[53]
 [54]
 [55]
 [52]
 [46]
 [48]
 [57]
 [55]
 [53]
 [55]
 [56]
 [57]
 [57]
 [57]
 [57]
 [57]
 [57]
 [45]
 [48]
 [32]
 [53]
 [54]
 [55]
 [52]
 [46]
 [49]
 [48]
 [53]
 [54]
 [48]
 [56]
 [57]
 [57]
 [57]
 [57]
 [57]
 [57]
 [45]
 [49]] 
------------------------ Dataset: rgr ------------------------
shape: (27, 1), dtype: uint16
Data:[[53]
 [54]
 [56]
 [57]
 [46]
 [56]
 [55]
 [53]
 [57]
 [55]
 [55]
 [45]
 [48]
 [32]
 [53]
 [54]
 [56]
 [57]
 [46]
 [56]
 [55]
 [56]
 [48]
 [50]
 [55]
 [45]
 [49]] 
------------------------ Dataset: rgs ------------------------
shape: (33, 1), dtype: uint16
Data:[[54]
 [52]
 [49]
 [51]
 [46]
 [49]
 [53]
 [51]
 [57]
 [49]
 [53]
 [45]
 [48]
 [32]
 [54]
 [52]
 [49]
 [51]
 [46]
 [49]
 [53]
 [48]
 [52]
 [48]
 [57]
 [57]
 [57]
 [57]
 [57]
 [57]
 [57]
 [45]
 [49]] 
------------------------ Dataset: rgt ------------------------
shape: (33, 1), dtype: uint16
Data:[[54]
 [54]
 [48]
 [53]
 [46]
 [50]
 [49]
 [48]
 [48]
 [56]
 [56]
 [45]
 [48]
 [32]
 [54]
 [54]
 [48]
 [53]
 [46]
 [50]
 [49]
 [52]
 [49]
 [54]
 [49]
 [57]
 [57]
 [57]
 [57]
 [57]
 [57]
 [45]
 [49]] 
------------------------ Dataset: rgu ------------------------
shape: (33, 1), dtype: uint16
Data:[[54]
 [54]
 [50]
 [49]
 [46]
 [49]
 [57]
 [48]
 [48]
 [52]
 [57]
 [57]
 [57]
 [57]
 [57]
 [57]
 [57]
 [45]
 [48]
 [32]
 [54]
 [54]
 [50]
 [49]
 [46]
 [49]
 [56]
 [54]
 [48]
 [56]
 [54]
 [45]
 [49]] 
------------------------ Dataset: rgv ------------------------
shape: (33, 1), dtype: uint16
Data:[[54]
 [54]
 [51]
 [55]
 [46]
 [48]
 [52]
 [55]
 [52]
 [53]
 [50]
 [57]
 [57]
 [57]
 [57]
 [57]
 [57]
 [45]
 [48]
 [32]
 [54]
 [54]
 [51]
 [55]
 [46]
 [48]
 [51]
 [52]
 [48]
 [54]
 [50]
 [45]
 [49]] 
------------------------ Dataset: rgw ------------------------
shape: (41, 1), dtype: uint16
Data:[[54]
 [54]
 [53]
 [50]
 [46]
 [54]
 [50]
 [54]
 [48]
 [56]
 [51]
 [57]
 [57]
 [57]
 [57]
 [57]
 [57]
 [53]
 [45]
 [48]
 [32]
 [54]
 [54]
 [53]
 [50]
 [46]
 [54]
 [50]
 [50]
 [49]
 [48]
 [52]
 [57]
 [57]
 [57]
 [57]
 [57]
 [57]
 [53]
 [45]
 [49]] 
------------------------ Dataset: rgx ------------------------
shape: (33, 1), dtype: uint16
Data:[[54]
 [54]
 [54]
 [56]
 [46]
 [52]
 [57]
 [48]
 [49]
 [56]
 [54]
 [57]
 [57]
 [57]
 [57]
 [57]
 [57]
 [45]
 [48]
 [32]
 [54]
 [54]
 [54]
 [56]
 [46]
 [52]
 [56]
 [54]
 [48]
 [55]
 [50]
 [45]
 [49]] 
------------------------ Dataset: rgy ------------------------
shape: (26, 1), dtype: uint16
Data:[[54]
 [54]
 [56]
 [52]
 [46]
 [52]
 [49]
 [56]
 [57]
 [50]
 [45]
 [48]
 [32]
 [54]
 [54]
 [56]
 [52]
 [46]
 [52]
 [49]
 [52]
 [57]
 [57]
 [52]
 [45]
 [49]] 
------------------------ Dataset: rgz ------------------------
shape: (34, 1), dtype: uint16
Data:[[53]
 [57]
 [48]
 [50]
 [46]
 [51]
 [52]
 [49]
 [55]
 [49]
 [49]
 [57]
 [57]
 [57]
 [57]
 [57]
 [57]
 [53]
 [45]
 [48]
 [32]
 [53]
 [57]
 [48]
 [50]
 [46]
 [51]
 [51]
 [55]
 [55]
 [50]
 [55]
 [45]
 [49]] 
------------------------ Dataset: rh ------------------------
