shape: (1, 6), dtype: uint32
Data:[[3707764736          2          1          1       1456          1]] 
------------------------ Dataset: fyb ------------------------
shape: (33, 1), dtype: uint16
Data:[[54]
 [55]
 [55]
 [48]
 [46]
 [54]
 [54]
 [50]
 [48]
 [56]
 [53]
 [57]
 [57]
 [57]
 [57]
 [57]
 [57]
 [45]
 [48]
 [32]
 [54]
 [55]
 [55]
 [48]
 [46]
 [54]
 [54]
 [54]
 [56]
 [57]
 [57]
 [45]
 [49]] 
------------------------ Dataset: fyc ------------------------
shape: (33, 1), dtype: uint16
Data:[[54]
 [50]
 [56]
 [51]
 [46]
 [52]
 [51]
 [51]
 [57]
 [49]
 [45]
 [48]
 [32]
 [54]
 [50]
 [56]
 [51]
 [46]
 [52]
 [50]
 [57]
 [56]
 [57]
 [50]
 [57]
 [57]
 [57]
 [57]
 [57]
 [57]
 [53]
 [45]
 [49]] 
------------------------ Dataset: fyd ------------------------
shape: (40, 1), dtype: uint16
Data:[[54]
 [50]
 [57]
 [57]
 [46]
 [50]
 [49]
 [56]
 [48]
 [54]
 [55]
 [57]
 [57]
 [57]
 [57]
 [57]
 [57]
 [45]
 [48]
 [32]
 [54]
 [50]
 [57]
 [57]
 [46]
 [50]
 [49]
 [52]
 [55]
 [52]
 [50]
 [57]
 [57]
 [57]
 [57]
 [57]
 [57]
 [53]
 [45]
 [49]] 
------------------------ Dataset: fye ------------------------
shape: (33, 1), dtype: uint16
Data:[[54]
 [51]
 [49]
 [53]
 [46]
 [48]
 [56]
 [50]
 [50]
 [51]
 [56]
 [45]
 [48]
 [32]
 [54]
 [51]
 [49]
 [53]
 [46]
 [48]
 [56]
 [53]
 [57]
 [52]
 [53]
 [57]
 [57]
 [57]
 [57]
 [57]
 [57]
 [45]
 [49]] 
------------------------ Dataset: fyf ------------------------
shape: (27, 1), dtype: uint16
Data:[[54]
 [51]
 [51]
 [48]
 [46]
 [57]
 [48]
 [54]
 [49]
 [52]
 [50]
 [45]
 [48]
 [32]
 [54]
 [51]
 [51]
 [48]
 [46]
 [57]
 [48]
 [57]
 [57]
 [53]
 [53]
 [45]
 [49]] 
------------------------ Dataset: fyg ------------------------
shape: (33, 1), dtype: uint16
Data:[[54]
 [51]
 [52]
 [54]
 [46]
 [55]
 [52]
 [52]
 [52]
 [54]
 [56]
 [57]
 [57]
 [57]
 [57]
 [57]
 [57]
 [45]
 [48]
 [32]
 [54]
 [51]
 [52]
 [54]
 [46]
 [55]
 [52]
 [57]
 [57]
 [52]
 [49]
 [45]
 [49]] 
------------------------ Dataset: fyh ------------------------
shape: (33, 1), dtype: uint16
Data:[[54]
 [53]
 [49]
 [49]
 [46]
 [56]
 [51]
 [54]
 [48]
 [56]
 [45]
 [48]
 [32]
 [54]
 [53]
 [49]
 [49]
 [46]
 [56]
 [51]
 [56]
 [53]
 [49]
 [52]
 [57]
 [57]
 [57]
 [57]
 [57]
 [57]
 [53]
 [45]
 [49]] 
------------------------ Dataset: fyi ------------------------
shape: (27, 1), dtype: uint16
Data:[[54]
 [53]
 [50]
 [55]
 [46]
 [54]
 [54]
 [53]
 [57]
 [56]
 [53]
 [45]
 [48]
 [32]
 [54]
 [53]
 [50]
 [55]
 [46]
 [54]
 [54]
 [53]
 [57]
 [56]
 [53]
 [45]
 [49]] 
------------------------ Dataset: fyj ------------------------
shape: (34, 1), dtype: uint16
Data:[[54]
 [48]
 [50]
 [51]
 [46]
 [50]
 [53]
 [55]
 [56]
 [51]
 [55]
 [57]
 [57]
 [57]
 [57]
 [57]
 [57]
 [53]
 [45]
 [48]
 [32]
 [54]
 [48]
 [50]
 [51]
 [46]
 [50]
 [52]
 [54]
 [49]
 [52]
 [50]
 [45]
 [49]] 
------------------------ Dataset: fyk ------------------------
shape: (34, 1), dtype: uint16
Data:[[54]
 [48]
 [51]
 [57]
 [46]
 [48]
 [48]
 [53]
 [55]
 [55]
 [49]
 [57]
 [57]
 [57]
 [57]
 [57]
 [57]
 [53]
 [45]
 [48]
 [32]
 [54]
 [48]
 [51]
 [57]
 [46]
 [48]
 [48]
 [49]
 [56]
 [48]
 [53]
 [45]
 [49]] 
------------------------ Dataset: fyl ------------------------
shape: (33, 1), dtype: uint16
Data:[[54]
 [48]
 [53]
 [52]
 [46]
 [54]
 [54]
 [51]
 [53]
 [57]
 [50]
 [57]
 [57]
 [57]
 [57]
 [57]
 [57]
 [45]
 [48]
 [32]
 [54]
 [48]
 [53]
 [52]
 [46]
 [54]
 [53]
 [57]
 [54]
 [53]
 [57]
 [45]
 [49]] 
------------------------ Dataset: fym ------------------------
shape: (27, 1), dtype: uint16
Data:[[54]
 [48]
 [55]
 [48]
 [46]
 [53]
 [57]
 [56]
 [49]
 [54]
 [55]
 [45]
 [48]
 [32]
 [54]
 [48]
 [55]
 [48]
 [46]
 [54]
 [48]
 [51]
 [51]
 [54]
 [55]
 [45]
 [49]] 
------------------------ Dataset: fyn ------------------------
shape: (34, 1), dtype: uint16
Data:[[53]
 [54]
 [51]
 [49]
 [46]
 [52]
 [54]
 [57]
 [57]
 [57]
 [52]
 [57]
 [57]
 [57]
 [57]
 [57]
 [57]
 [53]
 [45]
 [48]
 [32]
 [53]
 [54]
 [51]
 [49]
 [46]
 [52]
 [55]
 [52]
 [48]
 [48]
 [55]
 [45]
 [49]] 
------------------------ Dataset: fyo ------------------------
shape: (26, 1), dtype: uint16
Data:[[53]
 [54]
 [52]
 [55]
 [46]
 [49]
 [52]
 [57]
 [52]
 [57]
 [45]
 [48]
 [32]
 [53]
 [54]
 [52]
 [55]
 [46]
 [49]
 [52]
 [53]
 [53]
 [54]
 [50]
 [45]
 [49]] 
------------------------ Dataset: fyp ------------------------
shape: (27, 1), dtype: uint16
Data:[[53]
 [54]
 [54]
 [50]
 [46]
 [56]
 [57]
 [51]
 [54]
 [55]
 [52]
 [45]
 [48]
 [32]
 [53]
 [54]
 [54]
 [50]
 [46]
 [56]
 [56]
 [57]
 [56]
 [52]
 [51]
 [45]
 [49]] 
------------------------ Dataset: fyq ------------------------
shape: (34, 1), dtype: uint16
Data:[[53]
 [54]
 [55]
 [56]
 [46]
 [54]
 [50]
 [53]
 [54]
 [53]
 [51]
 [57]
 [57]
 [57]
 [57]
 [57]
 [57]
 [53]
 [45]
 [48]
 [32]
 [53]
 [54]
 [55]
 [56]
 [46]
 [54]
 [50]
 [49]
 [54]
 [57]
 [55]
 [45]
 [49]] 
------------------------ Dataset: fyr ------------------------
shape: (33, 1), dtype: uint16
Data:[[53]
 [54]
 [57]
 [52]
 [46]
 [51]
 [55]
 [55]
 [55]
 [52]
 [48]
 [57]
 [57]
 [57]
 [57]
 [57]
 [57]
 [45]
 [48]
 [32]
 [53]
 [54]
 [57]
 [52]
 [46]
 [51]
 [55]
 [51]
 [53]
 [56]
 [57]
 [45]
 [49]] 
------------------------ Dataset: fys ------------------------
shape: (39, 1), dtype: uint16
Data:[[54]
 [52]
 [49]
 [55]
 [46]
 [54]
 [56]
 [54]
 [48]
 [48]
 [54]
 [57]
 [57]
 [57]
 [57]
 [57]
 [57]
 [45]
 [48]
 [32]
 [54]
 [52]
 [49]
 [55]
 [46]
 [54]
 [56]
 [57]
 [57]
 [57]
 [48]
 [57]
 [57]
 [57]
 [57]
 [57]
 [57]
 [45]
 [49]] 
------------------------ Dataset: fyt ------------------------
shape: (26, 1), dtype: uint16
Data:[[54]
 [54]
 [48]
 [57]
 [46]
 [55]
 [55]
 [56]
 [49]
 [50]
 [50]
 [45]
 [48]
 [32]
 [54]
 [54]
 [48]
 [57]
 [46]
 [55]
 [56]
 [51]
 [51]
 [55]
 [45]
 [49]] 
------------------------ Dataset: fyu ------------------------
shape: (27, 1), dtype: uint16
Data:[[54]
 [54]
 [50]
 [53]
 [46]
 [55]
 [50]
 [50]
 [48]
 [54]
 [56]
 [45]
 [48]
 [32]
 [54]
 [54]
 [50]
 [53]
 [46]
 [55]
 [50]
 [54]
 [49]
 [51]
 [50]
 [45]
 [49]] 
------------------------ Dataset: fyv ------------------------
shape: (41, 1), dtype: uint16
Data:[[54]
 [54]
 [52]
 [49]
 [46]
 [53]
 [48]
 [54]
 [49]
 [56]
 [50]
 [57]
 [57]
 [57]
 [57]
 [57]
 [57]
 [53]
 [45]
 [48]
 [32]
 [54]
 [54]
 [52]
 [49]
 [46]
 [53]
 [48]
 [50]
 [48]
 [56]
 [53]
 [57]
 [57]
 [57]
 [57]
 [57]
 [57]
 [53]
 [45]
 [49]] 
------------------------ Dataset: fyw ------------------------
shape: (27, 1), dtype: uint16
Data:[[54]
 [54]
 [53]
 [55]
 [46]
 [49]
 [56]
 [54]
 [48]
 [51]
 [56]
 [45]
 [48]
 [32]
 [54]
 [54]
 [53]
 [55]
 [46]
 [49]
 [56]
 [50]
 [48]
 [52]
 [54]
 [45]
 [49]] 
------------------------ Dataset: fyx ------------------------
shape: (27, 1), dtype: uint16
Data:[[54]
 [54]
 [55]
 [51]
 [46]
 [48]
 [56]
 [50]
 [51]
 [51]
 [50]
 [45]
 [48]
 [32]
 [54]
 [54]
 [55]
 [51]
 [46]
 [48]
 [55]
 [54]
 [52]
 [54]
 [50]
 [45]
 [49]] 
------------------------ Dataset: fyy ------------------------
shape: (34, 1), dtype: uint16
Data:[[54]
 [54]
 [56]
 [56]
 [46]
 [57]
 [57]
 [48]
 [55]
 [56]
 [56]
 [45]
 [48]
 [32]
 [54]
 [54]
 [56]
 [56]
 [46]
 [57]
 [56]
 [53]
 [56]
 [56]
 [53]
 [57]
 [57]
 [57]
 [57]
 [57]
 [57]
 [53]
 [45]
 [49]] 
------------------------ Dataset: fyz ------------------------
shape: (13, 1), dtype: uint16
Data:[[53]
 [57]
 [48]
 [54]
 [46]
 [56]
 [55]
 [51]
 [56]
 [49]
 [50]
 [45]
 [48]] 
------------------------ Dataset: fz ------------------------
