shape: (1, 6), dtype: uint32
Data:[[3707764736          2          1          1       1031          1]] 
------------------------ Dataset: drb ------------------------
shape: (13, 1), dtype: uint16
Data:[[54]
 [55]
 [54]
 [56]
 [46]
 [56]
 [53]
 [48]
 [50]
 [51]
 [55]
 [45]
 [48]] 
------------------------ Dataset: drc ------------------------
shape: (33, 1), dtype: uint16
Data:[[54]
 [50]
 [56]
 [49]
 [46]
 [54]
 [52]
 [57]
 [56]
 [53]
 [54]
 [45]
 [48]
 [32]
 [54]
 [50]
 [56]
 [49]
 [46]
 [54]
 [53]
 [51]
 [57]
 [49]
 [53]
 [57]
 [57]
 [57]
 [57]
 [57]
 [57]
 [45]
 [49]] 
------------------------ Dataset: drd ------------------------
shape: (40, 1), dtype: uint16
Data:[[54]
 [50]
 [57]
 [55]
 [46]
 [52]
 [49]
 [57]
 [50]
 [57]
 [54]
 [57]
 [57]
 [57]
 [57]
 [57]
 [57]
 [53]
 [45]
 [48]
 [32]
 [54]
 [50]
 [57]
 [55]
 [46]
 [52]
 [50]
 [51]
 [48]
 [53]
 [55]
 [57]
 [57]
 [57]
 [57]
 [57]
 [57]
 [45]
 [49]] 
------------------------ Dataset: dre ------------------------
shape: (26, 1), dtype: uint16
Data:[[54]
 [51]
 [49]
 [51]
 [46]
 [50]
 [57]
 [55]
 [56]
 [50]
 [56]
 [45]
 [48]
 [32]
 [54]
 [51]
 [49]
 [51]
 [46]
 [50]
 [57]
 [51]
 [56]
 [50]
 [45]
 [49]] 
------------------------ Dataset: drf ------------------------
shape: (27, 1), dtype: uint16
Data:[[54]
 [51]
 [50]
 [57]
 [46]
 [49]
 [51]
 [48]
 [48]
 [52]
 [55]
 [45]
 [48]
 [32]
 [54]
 [51]
 [50]
 [57]
 [46]
 [49]
 [51]
 [51]
 [57]
 [53]
 [49]
 [45]
 [49]] 
------------------------ Dataset: drg ------------------------
shape: (27, 1), dtype: uint16
Data:[[54]
 [51]
 [52]
 [52]
 [46]
 [57]
 [54]
 [55]
 [53]
 [53]
 [54]
 [45]
 [48]
 [32]
 [54]
 [51]
 [52]
 [52]
 [46]
 [57]
 [54]
 [54]
 [57]
 [50]
 [54]
 [45]
 [49]] 
------------------------ Dataset: drh ------------------------
shape: (33, 1), dtype: uint16
Data:[[54]
 [53]
 [49]
 [48]
 [46]
 [48]
 [52]
 [54]
 [48]
 [54]
 [54]
 [45]
 [48]
 [32]
 [54]
 [53]
 [49]
 [48]
 [46]
 [48]
 [53]
 [48]
 [48]
 [50]
 [54]
 [57]
 [57]
 [57]
 [57]
 [57]
 [57]
 [45]
 [49]] 
------------------------ Dataset: dri ------------------------
shape: (33, 1), dtype: uint16
Data:[[54]
 [53]
 [50]
 [53]
 [46]
 [56]
 [53]
 [52]
 [48]
 [49]
 [52]
 [45]
 [48]
 [32]
 [54]
 [53]
 [50]
 [53]
 [46]
 [56]
 [53]
 [55]
 [57]
 [56]
 [54]
 [57]
 [57]
 [57]
 [57]
 [57]
 [57]
 [45]
 [49]] 
------------------------ Dataset: drj ------------------------
shape: (40, 1), dtype: uint16
Data:[[54]
 [48]
 [50]
 [49]
 [46]
 [52]
 [54]
 [50]
 [49]
 [57]
 [53]
 [57]
 [57]
 [57]
 [57]
 [57]
 [57]
 [53]
 [45]
 [48]
 [32]
 [54]
 [48]
 [50]
 [49]
 [46]
 [52]
 [53]
 [51]
 [55]
 [49]
 [51]
 [57]
 [57]
 [57]
 [57]
 [57]
 [57]
 [45]
 [49]] 
------------------------ Dataset: drk ------------------------
shape: (27, 1), dtype: uint16
Data:[[54]
 [48]
 [51]
 [55]
 [46]
 [50]
 [50]
 [57]
 [57]
 [54]
 [51]
 [45]
 [48]
 [32]
 [54]
 [48]
 [51]
 [55]
 [46]
 [50]
 [51]
 [52]
 [55]
 [52]
 [54]
 [45]
 [49]] 
------------------------ Dataset: drl ------------------------
shape: (27, 1), dtype: uint16
Data:[[54]
 [48]
 [53]
 [50]
 [46]
 [56]
 [53]
 [51]
 [56]
 [49]
 [51]
 [45]
 [48]
 [32]
 [54]
 [48]
 [53]
 [50]
 [46]
 [56]
 [53]
 [55]
 [56]
 [53]
 [54]
 [45]
 [49]] 
------------------------ Dataset: drm ------------------------
shape: (24, 1), dtype: uint16
Data:[[54]
 [48]
 [54]
 [56]
 [46]
 [55]
 [55]
 [51]
 [55]
 [45]
 [48]
 [32]
 [54]
 [48]
 [54]
 [56]
 [46]
 [55]
 [55]
 [56]
 [54]
 [54]
 [45]
 [49]] 
------------------------ Dataset: drn ------------------------
shape: (33, 1), dtype: uint16
Data:[[54]
 [48]
 [56]
 [52]
 [46]
 [54]
 [57]
 [52]
 [54]
 [56]
 [54]
 [45]
 [48]
 [32]
 [54]
 [48]
 [56]
 [52]
 [46]
 [54]
 [57]
 [48]
 [51]
 [56]
 [53]
 [57]
 [57]
 [57]
 [57]
 [57]
 [57]
 [45]
 [49]] 
------------------------ Dataset: dro ------------------------
shape: (27, 1), dtype: uint16
Data:[[53]
 [54]
 [52]
 [53]
 [46]
 [51]
 [55]
 [51]
 [53]
 [56]
 [52]
 [45]
 [48]
 [32]
 [53]
 [54]
 [52]
 [53]
 [46]
 [51]
 [54]
 [57]
 [54]
 [51]
 [49]
 [45]
 [49]] 
------------------------ Dataset: drp ------------------------
shape: (33, 1), dtype: uint16
Data:[[53]
 [54]
 [54]
 [49]
 [46]
 [49]
 [50]
 [57]
 [56]
 [49]
 [52]
 [45]
 [48]
 [32]
 [53]
 [54]
 [54]
 [49]
 [46]
 [49]
 [51]
 [48]
 [49]
 [57]
 [48]
 [57]
 [57]
 [57]
 [57]
 [57]
 [57]
 [45]
 [49]] 
------------------------ Dataset: drq ------------------------
shape: (13, 1), dtype: uint16
Data:[[53]
 [54]
 [55]
 [54]
 [46]
 [56]
 [50]
 [48]
 [54]
 [55]
 [52]
 [45]
 [48]] 
------------------------ Dataset: drr ------------------------
shape: (32, 1), dtype: uint16
Data:[[53]
 [54]
 [57]
 [50]
 [46]
 [54]
 [48]
 [49]
 [54]
 [56]
 [45]
 [48]
 [32]
 [53]
 [54]
 [57]
 [50]
 [46]
 [54]
 [48]
 [54]
 [52]
 [53]
 [50]
 [57]
 [57]
 [57]
 [57]
 [57]
 [57]
 [45]
 [49]] 
------------------------ Dataset: drs ------------------------
shape: (33, 1), dtype: uint16
Data:[[54]
 [52]
 [49]
 [53]
 [46]
 [57]
 [48]
 [49]
 [57]
 [55]
 [54]
 [45]
 [48]
 [32]
 [54]
 [52]
 [49]
 [53]
 [46]
 [57]
 [49]
 [49]
 [51]
 [48]
 [54]
 [57]
 [57]
 [57]
 [57]
 [57]
 [57]
 [45]
 [49]] 
------------------------ Dataset: drt ------------------------
shape: (26, 1), dtype: uint16
Data:[[54]
 [54]
 [48]
 [55]
 [46]
 [57]
 [56]
 [54]
 [50]
 [50]
 [53]
 [45]
 [48]
 [32]
 [54]
 [54]
 [48]
 [55]
 [46]
 [57]
 [56]
 [57]
 [57]
 [57]
 [45]
 [49]] 
------------------------ Dataset: dru ------------------------
shape: (33, 1), dtype: uint16
Data:[[54]
 [54]
 [50]
 [51]
 [46]
 [57]
 [48]
 [54]
 [54]
 [49]
 [53]
 [57]
 [57]
 [57]
 [57]
 [57]
 [57]
 [45]
 [48]
 [32]
 [54]
 [54]
 [50]
 [51]
 [46]
 [57]
 [49]
 [48]
 [48]
 [55]
 [51]
 [45]
 [49]] 
------------------------ Dataset: drv ------------------------
shape: (27, 1), dtype: uint16
Data:[[54]
 [54]
 [51]
 [57]
 [46]
 [55]
 [52]
 [54]
 [48]
 [57]
 [49]
 [45]
 [48]
 [32]
 [54]
 [54]
 [51]
 [57]
 [46]
 [55]
 [52]
 [50]
 [49]
 [48]
 [55]
 [45]
 [49]] 
------------------------ Dataset: drw ------------------------
shape: (34, 1), dtype: uint16
Data:[[54]
 [54]
 [53]
 [53]
 [46]
 [51]
 [55]
 [48]
 [49]
 [53]
 [53]
 [45]
 [48]
 [32]
 [54]
 [54]
 [53]
 [53]
 [46]
 [51]
 [54]
 [54]
 [49]
 [53]
 [54]
 [57]
 [57]
 [57]
 [57]
 [57]
 [57]
 [53]
 [45]
 [49]] 
------------------------ Dataset: drx ------------------------
shape: (26, 1), dtype: uint16
Data:[[54]
 [54]
 [55]
 [49]
 [46]
 [50]
 [53]
 [57]
 [50]
 [50]
 [45]
 [48]
 [32]
 [54]
 [54]
 [55]
 [49]
 [46]
 [50]
 [54]
 [51]
 [53]
 [51]
 [49]
 [45]
 [49]] 
------------------------ Dataset: dry ------------------------
shape: (25, 1), dtype: uint16
Data:[[54]
 [54]
 [56]
 [55]
 [46]
 [49]
 [54]
 [50]
 [49]
 [45]
 [48]
 [32]
 [54]
 [54]
 [56]
 [55]
 [46]
 [49]
 [54]
 [54]
 [49]
 [48]
 [57]
 [45]
 [49]] 
------------------------ Dataset: drz ------------------------
shape: (27, 1), dtype: uint16
Data:[[53]
 [57]
 [48]
 [53]
 [46]
 [48]
 [55]
 [55]
 [54]
 [53]
 [53]
 [45]
 [48]
 [32]
 [53]
 [57]
 [48]
 [53]
 [46]
 [48]
 [56]
 [49]
 [56]
 [49]
 [49]
 [45]
 [49]] 
------------------------ Dataset: ds ------------------------
