shape: (1, 6), dtype: uint32
Data:[[3707764736          2          1          1       1970          1]] 
------------------------ Dataset: JGb ------------------------
shape: (26, 1), dtype: uint16
Data:[[54]
 [55]
 [55]
 [50]
 [46]
 [56]
 [49]
 [52]
 [50]
 [49]
 [57]
 [45]
 [48]
 [32]
 [54]
 [55]
 [55]
 [50]
 [46]
 [56]
 [49]
 [56]
 [49]
 [55]
 [45]
 [49]] 
------------------------ Dataset: JGc ------------------------
shape: (27, 1), dtype: uint16
Data:[[54]
 [50]
 [56]
 [53]
 [46]
 [54]
 [48]
 [53]
 [57]
 [55]
 [56]
 [45]
 [48]
 [32]
 [54]
 [50]
 [56]
 [53]
 [46]
 [54]
 [49]
 [48]
 [48]
 [56]
 [52]
 [45]
 [49]] 
------------------------ Dataset: JGd ------------------------
shape: (33, 1), dtype: uint16
Data:[[54]
 [51]
 [48]
 [49]
 [46]
 [51]
 [54]
 [50]
 [51]
 [48]
 [51]
 [57]
 [57]
 [57]
 [57]
 [57]
 [57]
 [45]
 [48]
 [32]
 [54]
 [51]
 [48]
 [49]
 [46]
 [51]
 [54]
 [54]
 [48]
 [53]
 [51]
 [45]
 [49]] 
------------------------ Dataset: JGe ------------------------
shape: (27, 1), dtype: uint16
Data:[[54]
 [51]
 [49]
 [55]
 [46]
 [50]
 [51]
 [52]
 [55]
 [53]
 [49]
 [45]
 [48]
 [32]
 [54]
 [51]
 [49]
 [55]
 [46]
 [50]
 [52]
 [50]
 [53]
 [56]
 [53]
 [45]
 [49]] 
------------------------ Dataset: JGf ------------------------
shape: (27, 1), dtype: uint16
Data:[[54]
 [51]
 [51]
 [51]
 [46]
 [48]
 [55]
 [53]
 [54]
 [55]
 [50]
 [45]
 [48]
 [32]
 [54]
 [51]
 [51]
 [51]
 [46]
 [48]
 [55]
 [52]
 [54]
 [55]
 [55]
 [45]
 [49]] 
------------------------ Dataset: JGg ------------------------
shape: (33, 1), dtype: uint16
Data:[[54]
 [52]
 [57]
 [56]
 [46]
 [50]
 [50]
 [50]
 [49]
 [51]
 [50]
 [45]
 [48]
 [32]
 [54]
 [52]
 [57]
 [56]
 [46]
 [50]
 [49]
 [54]
 [54]
 [57]
 [50]
 [57]
 [57]
 [57]
 [57]
 [57]
 [57]
 [45]
 [49]] 
------------------------ Dataset: JGh ------------------------
shape: (27, 1), dtype: uint16
Data:[[54]
 [53]
 [49]
 [52]
 [46]
 [48]
 [50]
 [56]
 [51]
 [51]
 [52]
 [45]
 [48]
 [32]
 [54]
 [53]
 [49]
 [52]
 [46]
 [48]
 [50]
 [50]
 [55]
 [54]
 [50]
 [45]
 [49]] 
------------------------ Dataset: JGi ------------------------
shape: (39, 1), dtype: uint16
Data:[[54]
 [53]
 [50]
 [57]
 [46]
 [56]
 [50]
 [50]
 [48]
 [49]
 [51]
 [57]
 [57]
 [57]
 [57]
 [57]
 [57]
 [45]
 [48]
 [32]
 [54]
 [53]
 [50]
 [57]
 [46]
 [56]
 [50]
 [54]
 [48]
 [53]
 [57]
 [57]
 [57]
 [57]
 [57]
 [57]
 [57]
 [45]
 [49]] 
------------------------ Dataset: JGj ------------------------
shape: (34, 1), dtype: uint16
Data:[[54]
 [48]
 [50]
 [53]
 [46]
 [51]
 [57]
 [49]
 [57]
 [54]
 [51]
 [57]
 [57]
 [57]
 [57]
 [57]
 [57]
 [53]
 [45]
 [48]
 [32]
 [54]
 [48]
 [50]
 [53]
 [46]
 [51]
 [56]
 [49]
 [55]
 [56]
 [56]
 [45]
 [49]] 
------------------------ Dataset: JGk ------------------------
shape: (27, 1), dtype: uint16
Data:[[54]
 [48]
 [52]
 [49]
 [46]
 [49]
 [50]
 [57]
 [57]
 [48]
 [55]
 [45]
 [48]
 [32]
 [54]
 [48]
 [52]
 [49]
 [46]
 [49]
 [50]
 [53]
 [56]
 [49]
 [54]
 [45]
 [49]] 
------------------------ Dataset: JGl ------------------------
shape: (27, 1), dtype: uint16
Data:[[54]
 [48]
 [53]
 [54]
 [46]
 [56]
 [52]
 [53]
 [55]
 [55]
 [50]
 [45]
 [48]
 [32]
 [54]
 [48]
 [53]
 [54]
 [46]
 [56]
 [52]
 [57]
 [56]
 [57]
 [52]
 [45]
 [49]] 
------------------------ Dataset: JGm ------------------------
shape: (32, 1), dtype: uint16
Data:[[54]
 [48]
 [55]
 [50]
 [46]
 [55]
 [52]
 [50]
 [48]
 [53]
 [45]
 [48]
 [32]
 [54]
 [48]
 [55]
 [50]
 [46]
 [55]
 [52]
 [53]
 [56]
 [52]
 [54]
 [57]
 [57]
 [57]
 [57]
 [57]
 [57]
 [45]
 [49]] 
------------------------ Dataset: JGn ------------------------
shape: (13, 1), dtype: uint16
Data:[[53]
 [54]
 [51]
 [51]
 [46]
 [54]
 [49]
 [51]
 [53]
 [56]
 [53]
 [45]
 [49]] 
------------------------ Dataset: JGo ------------------------
shape: (39, 1), dtype: uint16
Data:[[53]
 [54]
 [52]
 [57]
 [46]
 [51]
 [48]
 [49]
 [53]
 [49]
 [50]
 [57]
 [57]
 [57]
 [57]
 [57]
 [57]
 [45]
 [48]
 [32]
 [53]
 [54]
 [52]
 [57]
 [46]
 [50]
 [57]
 [51]
 [55]
 [53]
 [51]
 [57]
 [57]
 [57]
 [57]
 [57]
 [57]
 [45]
 [49]] 
------------------------ Dataset: JGp ------------------------
shape: (26, 1), dtype: uint16
Data:[[53]
 [54]
 [54]
 [53]
 [46]
 [48]
 [51]
 [48]
 [48]
 [48]
 [54]
 [45]
 [48]
 [32]
 [53]
 [54]
 [54]
 [53]
 [46]
 [48]
 [50]
 [54]
 [50]
 [50]
 [45]
 [49]] 
------------------------ Dataset: JGq ------------------------
shape: (27, 1), dtype: uint16
Data:[[53]
 [54]
 [56]
 [48]
 [46]
 [55]
 [56]
 [49]
 [53]
 [56]
 [53]
 [45]
 [48]
 [32]
 [53]
 [54]
 [56]
 [48]
 [46]
 [55]
 [55]
 [57]
 [52]
 [54]
 [54]
 [45]
 [49]] 
------------------------ Dataset: JGr ------------------------
shape: (27, 1), dtype: uint16
Data:[[53]
 [56]
 [48]
 [55]
 [46]
 [48]
 [56]
 [53]
 [55]
 [49]
 [55]
 [45]
 [48]
 [32]
 [53]
 [56]
 [48]
 [55]
 [46]
 [48]
 [56]
 [49]
 [55]
 [54]
 [55]
 [45]
 [49]] 
------------------------ Dataset: JGs ------------------------
shape: (40, 1), dtype: uint16
Data:[[54]
 [52]
 [49]
 [57]
 [46]
 [56]
 [53]
 [55]
 [57]
 [56]
 [54]
 [57]
 [57]
 [57]
 [57]
 [57]
 [57]
 [45]
 [48]
 [32]
 [54]
 [52]
 [49]
 [57]
 [46]
 [56]
 [54]
 [49]
 [56]
 [55]
 [57]
 [57]
 [57]
 [57]
 [57]
 [57]
 [57]
 [53]
 [45]
 [49]] 
------------------------ Dataset: JGt ------------------------
shape: (27, 1), dtype: uint16
Data:[[54]
 [54]
 [49]
 [49]
 [46]
 [57]
 [54]
 [54]
 [48]
 [54]
 [49]
 [45]
 [48]
 [32]
 [54]
 [54]
 [49]
 [49]
 [46]
 [57]
 [54]
 [50]
 [49]
 [52]
 [51]
 [45]
 [49]] 
------------------------ Dataset: JGu ------------------------
shape: (33, 1), dtype: uint16
Data:[[54]
 [54]
 [50]
 [55]
 [46]
 [56]
 [55]
 [56]
 [57]
 [54]
 [51]
 [45]
 [48]
 [32]
 [54]
 [54]
 [50]
 [55]
 [46]
 [56]
 [55]
 [56]
 [56]
 [48]
 [57]
 [57]
 [57]
 [57]
 [57]
 [57]
 [57]
 [45]
 [49]] 
------------------------ Dataset: JGv ------------------------
shape: (33, 1), dtype: uint16
Data:[[54]
 [54]
 [52]
 [51]
 [46]
 [54]
 [51]
 [48]
 [50]
 [50]
 [53]
 [45]
 [48]
 [32]
 [54]
 [54]
 [52]
 [51]
 [46]
 [54]
 [50]
 [54]
 [51]
 [48]
 [48]
 [57]
 [57]
 [57]
 [57]
 [57]
 [57]
 [45]
 [49]] 
------------------------ Dataset: JGw ------------------------
shape: (27, 1), dtype: uint16
Data:[[54]
 [54]
 [53]
 [57]
 [46]
 [51]
 [55]
 [48]
 [48]
 [57]
 [49]
 [45]
 [48]
 [32]
 [54]
 [54]
 [53]
 [57]
 [46]
 [51]
 [54]
 [54]
 [51]
 [49]
 [55]
 [45]
 [49]] 
------------------------ Dataset: JGx ------------------------
shape: (40, 1), dtype: uint16
Data:[[54]
 [54]
 [55]
 [53]
 [46]
 [50]
 [50]
 [54]
 [48]
 [52]
 [55]
 [57]
 [57]
 [57]
 [57]
 [57]
 [57]
 [53]
 [45]
 [48]
 [32]
 [54]
 [54]
 [55]
 [53]
 [46]
 [50]
 [51]
 [48]
 [50]
 [50]
 [55]
 [57]
 [57]
 [57]
 [57]
 [57]
 [57]
 [45]
 [49]] 
------------------------ Dataset: JGy ------------------------
shape: (33, 1), dtype: uint16
Data:[[54]
 [54]
 [57]
 [49]
 [46]
 [49]
 [52]
 [54]
 [53]
 [51]
 [53]
 [45]
 [48]
 [32]
 [54]
 [54]
 [57]
 [49]
 [46]
 [49]
 [53]
 [48]
 [51]
 [51]
 [49]
 [57]
 [57]
 [57]
 [57]
 [57]
 [57]
 [45]
 [49]] 
------------------------ Dataset: JGz ------------------------
shape: (27, 1), dtype: uint16
Data:[[53]
 [57]
 [48]
 [57]
 [46]
 [48]
 [51]
 [48]
 [49]
 [49]
 [51]
 [45]
 [48]
 [32]
 [53]
 [57]
 [48]
 [57]
 [46]
 [48]
 [50]
 [53]
 [56]
 [48]
 [57]
 [45]
 [49]] 
------------------------ Dataset: JH ------------------------
