shape: (1, 6), dtype: uint32
Data:[[3707764736          2          1          1       1450          1]] 
------------------------ Dataset: 0xb ------------------------
shape: (27, 1), dtype: uint16
Data:[[54]
 [55]
 [55]
 [48]
 [46]
 [54]
 [51]
 [52]
 [54]
 [55]
 [51]
 [45]
 [48]
 [32]
 [54]
 [55]
 [55]
 [48]
 [46]
 [54]
 [51]
 [56]
 [50]
 [53]
 [51]
 [45]
 [49]] 
------------------------ Dataset: 0xc ------------------------
shape: (40, 1), dtype: uint16
Data:[[54]
 [50]
 [56]
 [51]
 [46]
 [52]
 [48]
 [57]
 [57]
 [52]
 [55]
 [57]
 [57]
 [57]
 [57]
 [57]
 [57]
 [53]
 [45]
 [48]
 [32]
 [54]
 [50]
 [56]
 [51]
 [46]
 [52]
 [48]
 [54]
 [49]
 [54]
 [52]
 [57]
 [57]
 [57]
 [57]
 [57]
 [57]
 [45]
 [49]] 
------------------------ Dataset: 0xd ------------------------
shape: (33, 1), dtype: uint16
Data:[[54]
 [50]
 [57]
 [57]
 [46]
 [49]
 [57]
 [51]
 [57]
 [51]
 [54]
 [45]
 [48]
 [32]
 [54]
 [50]
 [57]
 [57]
 [46]
 [49]
 [56]
 [57]
 [57]
 [53]
 [53]
 [57]
 [57]
 [57]
 [57]
 [57]
 [57]
 [45]
 [49]] 
------------------------ Dataset: 0xe ------------------------
shape: (27, 1), dtype: uint16
Data:[[54]
 [51]
 [49]
 [53]
 [46]
 [48]
 [53]
 [56]
 [49]
 [48]
 [55]
 [45]
 [48]
 [32]
 [54]
 [51]
 [49]
 [53]
 [46]
 [48]
 [54]
 [54]
 [55]
 [54]
 [53]
 [45]
 [49]] 
------------------------ Dataset: 0xf ------------------------
shape: (34, 1), dtype: uint16
Data:[[54]
 [51]
 [51]
 [48]
 [46]
 [56]
 [57]
 [48]
 [48]
 [54]
 [56]
 [45]
 [48]
 [32]
 [54]
 [51]
 [51]
 [48]
 [46]
 [56]
 [55]
 [56]
 [49]
 [50]
 [50]
 [57]
 [57]
 [57]
 [57]
 [57]
 [57]
 [53]
 [45]
 [49]] 
------------------------ Dataset: 0xg ------------------------
shape: (27, 1), dtype: uint16
Data:[[54]
 [51]
 [52]
 [54]
 [46]
 [55]
 [50]
 [48]
 [54]
 [52]
 [54]
 [45]
 [48]
 [32]
 [54]
 [51]
 [52]
 [54]
 [46]
 [55]
 [50]
 [55]
 [48]
 [51]
 [50]
 [45]
 [49]] 
------------------------ Dataset: 0xh ------------------------
shape: (34, 1), dtype: uint16
Data:[[54]
 [53]
 [49]
 [49]
 [46]
 [56]
 [48]
 [53]
 [57]
 [52]
 [53]
 [57]
 [57]
 [57]
 [57]
 [57]
 [57]
 [53]
 [45]
 [48]
 [32]
 [54]
 [53]
 [49]
 [49]
 [46]
 [56]
 [49]
 [49]
 [51]
 [52]
 [53]
 [45]
 [49]] 
------------------------ Dataset: 0xi ------------------------
shape: (34, 1), dtype: uint16
Data:[[54]
 [53]
 [50]
 [55]
 [46]
 [54]
 [52]
 [52]
 [48]
 [49]
 [51]
 [57]
 [57]
 [57]
 [57]
 [57]
 [57]
 [53]
 [45]
 [48]
 [32]
 [54]
 [53]
 [50]
 [55]
 [46]
 [54]
 [52]
 [52]
 [55]
 [57]
 [50]
 [45]
 [49]] 
------------------------ Dataset: 0xj ------------------------
shape: (13, 1), dtype: uint16
Data:[[54]
 [48]
 [50]
 [51]
 [46]
 [50]
 [49]
 [53]
 [54]
 [48]
 [49]
 [45]
 [49]] 
------------------------ Dataset: 0xk ------------------------
shape: (33, 1), dtype: uint16
Data:[[54]
 [48]
 [51]
 [56]
 [46]
 [57]
 [56]
 [49]
 [56]
 [50]
 [53]
 [45]
 [48]
 [32]
 [54]
 [48]
 [51]
 [56]
 [46]
 [57]
 [55]
 [55]
 [57]
 [51]
 [48]
 [57]
 [57]
 [57]
 [57]
 [57]
 [57]
 [45]
 [49]] 
------------------------ Dataset: 0xl ------------------------
shape: (31, 1), dtype: uint16
Data:[[54]
 [48]
 [53]
 [52]
 [46]
 [54]
 [52]
 [48]
 [49]
 [45]
 [48]
 [32]
 [54]
 [48]
 [53]
 [52]
 [46]
 [54]
 [50]
 [56]
 [52]
 [57]
 [50]
 [57]
 [57]
 [57]
 [57]
 [57]
 [57]
 [45]
 [49]] 
------------------------ Dataset: 0xm ------------------------
shape: (33, 1), dtype: uint16
Data:[[54]
 [48]
 [55]
 [48]
 [46]
 [53]
 [56]
 [49]
 [55]
 [54]
 [56]
 [57]
 [57]
 [57]
 [57]
 [57]
 [57]
 [45]
 [48]
 [32]
 [54]
 [48]
 [55]
 [48]
 [46]
 [53]
 [56]
 [52]
 [54]
 [54]
 [52]
 [45]
 [49]] 
------------------------ Dataset: 0xn ------------------------
shape: (27, 1), dtype: uint16
Data:[[53]
 [54]
 [51]
 [49]
 [46]
 [52]
 [52]
 [54]
 [57]
 [52]
 [51]
 [45]
 [48]
 [32]
 [53]
 [54]
 [51]
 [49]
 [46]
 [52]
 [52]
 [57]
 [55]
 [49]
 [54]
 [45]
 [49]] 
------------------------ Dataset: 0xo ------------------------
shape: (27, 1), dtype: uint16
Data:[[53]
 [54]
 [52]
 [55]
 [46]
 [49]
 [50]
 [53]
 [52]
 [57]
 [57]
 [45]
 [48]
 [32]
 [53]
 [54]
 [52]
 [55]
 [46]
 [49]
 [50]
 [49]
 [53]
 [51]
 [50]
 [45]
 [49]] 
------------------------ Dataset: 0xp ------------------------
shape: (39, 1), dtype: uint16
Data:[[53]
 [54]
 [54]
 [50]
 [46]
 [56]
 [54]
 [57]
 [54]
 [54]
 [52]
 [57]
 [57]
 [57]
 [57]
 [57]
 [57]
 [45]
 [48]
 [32]
 [53]
 [54]
 [54]
 [50]
 [46]
 [56]
 [53]
 [57]
 [56]
 [57]
 [51]
 [57]
 [57]
 [57]
 [57]
 [57]
 [57]
 [45]
 [49]] 
------------------------ Dataset: 0xq ------------------------
shape: (27, 1), dtype: uint16
Data:[[53]
 [54]
 [55]
 [56]
 [46]
 [54]
 [48]
 [50]
 [53]
 [57]
 [52]
 [45]
 [48]
 [32]
 [53]
 [54]
 [55]
 [56]
 [46]
 [53]
 [57]
 [55]
 [55]
 [50]
 [51]
 [45]
 [49]] 
------------------------ Dataset: 0xr ------------------------
shape: (33, 1), dtype: uint16
Data:[[53]
 [54]
 [57]
 [52]
 [46]
 [51]
 [53]
 [51]
 [54]
 [49]
 [50]
 [57]
 [57]
 [57]
 [57]
 [57]
 [57]
 [45]
 [48]
 [32]
 [53]
 [54]
 [57]
 [52]
 [46]
 [51]
 [52]
 [57]
 [53]
 [54]
 [57]
 [45]
 [49]] 
------------------------ Dataset: 0xs ------------------------
shape: (33, 1), dtype: uint16
Data:[[54]
 [52]
 [49]
 [55]
 [46]
 [54]
 [54]
 [57]
 [53]
 [53]
 [49]
 [57]
 [57]
 [57]
 [57]
 [57]
 [57]
 [45]
 [48]
 [32]
 [54]
 [52]
 [49]
 [55]
 [46]
 [54]
 [54]
 [57]
 [56]
 [48]
 [56]
 [45]
 [49]] 
------------------------ Dataset: 0xt ------------------------
shape: (39, 1), dtype: uint16
Data:[[54]
 [54]
 [48]
 [57]
 [46]
 [55]
 [53]
 [52]
 [49]
 [53]
 [51]
 [57]
 [57]
 [57]
 [57]
 [57]
 [57]
 [45]
 [48]
 [32]
 [54]
 [54]
 [48]
 [57]
 [46]
 [55]
 [53]
 [56]
 [49]
 [49]
 [54]
 [57]
 [57]
 [57]
 [57]
 [57]
 [57]
 [45]
 [49]] 
------------------------ Dataset: 0xu ------------------------
shape: (33, 1), dtype: uint16
Data:[[54]
 [54]
 [50]
 [53]
 [46]
 [54]
 [57]
 [56]
 [48]
 [56]
 [50]
 [45]
 [48]
 [32]
 [54]
 [54]
 [50]
 [53]
 [46]
 [55]
 [48]
 [55]
 [57]
 [57]
 [56]
 [57]
 [57]
 [57]
 [57]
 [57]
 [57]
 [45]
 [49]] 
------------------------ Dataset: 0xv ------------------------
shape: (33, 1), dtype: uint16
Data:[[54]
 [54]
 [52]
 [49]
 [46]
 [52]
 [56]
 [50]
 [48]
 [55]
 [48]
 [57]
 [57]
 [57]
 [57]
 [57]
 [57]
 [45]
 [48]
 [32]
 [54]
 [54]
 [52]
 [49]
 [46]
 [52]
 [55]
 [56]
 [49]
 [52]
 [52]
 [45]
 [49]] 
------------------------ Dataset: 0xw ------------------------
shape: (33, 1), dtype: uint16
Data:[[54]
 [54]
 [53]
 [55]
 [46]
 [49]
 [54]
 [53]
 [52]
 [51]
 [48]
 [57]
 [57]
 [57]
 [57]
 [57]
 [57]
 [45]
 [48]
 [32]
 [54]
 [54]
 [53]
 [55]
 [46]
 [49]
 [54]
 [48]
 [57]
 [49]
 [54]
 [45]
 [49]] 
------------------------ Dataset: 0xx ------------------------
shape: (33, 1), dtype: uint16
Data:[[54]
 [54]
 [55]
 [51]
 [46]
 [48]
 [51]
 [56]
 [57]
 [52]
 [52]
 [57]
 [57]
 [57]
 [57]
 [57]
 [57]
 [45]
 [48]
 [32]
 [54]
 [54]
 [55]
 [51]
 [46]
 [48]
 [52]
 [55]
 [54]
 [57]
 [54]
 [45]
 [49]] 
------------------------ Dataset: 0xy ------------------------
shape: (39, 1), dtype: uint16
Data:[[54]
 [54]
 [56]
 [56]
 [46]
 [57]
 [52]
 [54]
 [49]
 [53]
 [54]
 [57]
 [57]
 [57]
 [57]
 [57]
 [57]
 [45]
 [48]
 [32]
 [54]
 [54]
 [56]
 [56]
 [46]
 [57]
 [53]
 [48]
 [48]
 [56]
 [54]
 [57]
 [57]
 [57]
 [57]
 [57]
 [57]
 [45]
 [49]] 
------------------------ Dataset: 0xz ------------------------
shape: (13, 1), dtype: uint16
Data:[[53]
 [57]
 [48]
 [54]
 [46]
 [56]
 [52]
 [57]
 [54]
 [56]
 [57]
 [45]
 [48]] 
------------------------ Dataset: 0y ------------------------
