shape: (1, 6), dtype: uint32
Data:[[3707764736          2          1          1         85          1]] 
------------------------ Dataset: Abb ------------------------
shape: (33, 1), dtype: uint16
Data:[[54]
 [55]
 [54]
 [52]
 [46]
 [56]
 [54]
 [54]
 [48]
 [54]
 [54]
 [45]
 [48]
 [32]
 [54]
 [55]
 [54]
 [52]
 [46]
 [56]
 [54]
 [50]
 [49]
 [53]
 [53]
 [57]
 [57]
 [57]
 [57]
 [57]
 [57]
 [45]
 [49]] 
------------------------ Dataset: Abc ------------------------
shape: (27, 1), dtype: uint16
Data:[[54]
 [55]
 [56]
 [48]
 [46]
 [55]
 [49]
 [52]
 [53]
 [55]
 [52]
 [45]
 [48]
 [32]
 [54]
 [55]
 [56]
 [48]
 [46]
 [55]
 [49]
 [56]
 [49]
 [54]
 [57]
 [45]
 [49]] 
------------------------ Dataset: Abd ------------------------
shape: (27, 1), dtype: uint16
Data:[[54]
 [50]
 [57]
 [51]
 [46]
 [52]
 [55]
 [48]
 [48]
 [51]
 [55]
 [45]
 [48]
 [32]
 [54]
 [50]
 [57]
 [51]
 [46]
 [52]
 [54]
 [57]
 [56]
 [57]
 [55]
 [45]
 [49]] 
------------------------ Dataset: Abe ------------------------
shape: (39, 1), dtype: uint16
Data:[[54]
 [51]
 [48]
 [57]
 [46]
 [50]
 [56]
 [53]
 [56]
 [50]
 [50]
 [57]
 [57]
 [57]
 [57]
 [57]
 [57]
 [45]
 [48]
 [32]
 [54]
 [51]
 [48]
 [57]
 [46]
 [50]
 [56]
 [57]
 [56]
 [56]
 [55]
 [57]
 [57]
 [57]
 [57]
 [57]
 [57]
 [45]
 [49]] 
------------------------ Dataset: Abf ------------------------
shape: (34, 1), dtype: uint16
Data:[[54]
 [51]
 [50]
 [53]
 [46]
 [49]
 [48]
 [49]
 [56]
 [54]
 [49]
 [57]
 [57]
 [57]
 [57]
 [57]
 [57]
 [53]
 [45]
 [48]
 [32]
 [54]
 [51]
 [50]
 [53]
 [46]
 [49]
 [48]
 [53]
 [57]
 [51]
 [49]
 [45]
 [49]] 
------------------------ Dataset: Abg ------------------------
shape: (25, 1), dtype: uint16
Data:[[54]
 [51]
 [52]
 [48]
 [46]
 [57]
 [53]
 [55]
 [56]
 [56]
 [45]
 [48]
 [32]
 [54]
 [51]
 [52]
 [48]
 [46]
 [57]
 [54]
 [50]
 [49]
 [52]
 [45]
 [49]] 
------------------------ Dataset: Abh ------------------------
shape: (25, 1), dtype: uint16
Data:[[54]
 [53]
 [48]
 [54]
 [46]
 [48]
 [54]
 [55]
 [56]
 [45]
 [48]
 [32]
 [54]
 [53]
 [48]
 [54]
 [46]
 [48]
 [55]
 [48]
 [49]
 [50]
 [52]
 [45]
 [49]] 
------------------------ Dataset: Abi ------------------------
shape: (33, 1), dtype: uint16
Data:[[54]
 [53]
 [50]
 [49]
 [46]
 [56]
 [56]
 [50]
 [48]
 [48]
 [49]
 [45]
 [48]
 [32]
 [54]
 [53]
 [50]
 [49]
 [46]
 [56]
 [56]
 [54]
 [48]
 [50]
 [48]
 [57]
 [57]
 [57]
 [57]
 [57]
 [57]
 [45]
 [49]] 
------------------------ Dataset: Abj ------------------------
shape: (27, 1), dtype: uint16
Data:[[54]
 [48]
 [49]
 [55]
 [46]
 [52]
 [51]
 [56]
 [49]
 [48]
 [52]
 [45]
 [48]
 [32]
 [54]
 [48]
 [49]
 [55]
 [46]
 [52]
 [51]
 [51]
 [55]
 [55]
 [57]
 [45]
 [49]] 
------------------------ Dataset: Abk ------------------------
shape: (27, 1), dtype: uint16
Data:[[54]
 [48]
 [51]
 [51]
 [46]
 [50]
 [56]
 [53]
 [57]
 [54]
 [49]
 [45]
 [48]
 [32]
 [54]
 [48]
 [51]
 [51]
 [46]
 [50]
 [55]
 [57]
 [54]
 [56]
 [54]
 [45]
 [49]] 
------------------------ Dataset: Abl ------------------------
shape: (34, 1), dtype: uint16
Data:[[54]
 [48]
 [52]
 [56]
 [46]
 [56]
 [55]
 [51]
 [56]
 [56]
 [48]
 [57]
 [57]
 [57]
 [57]
 [57]
 [57]
 [53]
 [45]
 [48]
 [32]
 [54]
 [48]
 [52]
 [56]
 [46]
 [56]
 [55]
 [55]
 [57]
 [56]
 [55]
 [45]
 [49]] 
------------------------ Dataset: Abm ------------------------
shape: (33, 1), dtype: uint16
Data:[[54]
 [48]
 [54]
 [52]
 [46]
 [55]
 [54]
 [49]
 [56]
 [49]
 [53]
 [57]
 [57]
 [57]
 [57]
 [57]
 [57]
 [45]
 [48]
 [32]
 [54]
 [48]
 [54]
 [52]
 [46]
 [55]
 [53]
 [55]
 [56]
 [50]
 [50]
 [45]
 [49]] 
------------------------ Dataset: Abn ------------------------
shape: (39, 1), dtype: uint16
Data:[[54]
 [48]
 [56]
 [48]
 [46]
 [54]
 [53]
 [55]
 [56]
 [52]
 [51]
 [57]
 [57]
 [57]
 [57]
 [57]
 [57]
 [45]
 [48]
 [32]
 [54]
 [48]
 [56]
 [48]
 [46]
 [54]
 [53]
 [51]
 [56]
 [57]
 [49]
 [57]
 [57]
 [57]
 [57]
 [57]
 [57]
 [45]
 [49]] 
------------------------ Dataset: Abo ------------------------
shape: (32, 1), dtype: uint16
Data:[[53]
 [54]
 [52]
 [49]
 [46]
 [52]
 [49]
 [51]
 [54]
 [49]
 [49]
 [57]
 [57]
 [57]
 [57]
 [57]
 [57]
 [45]
 [48]
 [32]
 [53]
 [54]
 [52]
 [49]
 [46]
 [52]
 [49]
 [48]
 [48]
 [56]
 [45]
 [49]] 
------------------------ Dataset: Abp ------------------------
shape: (27, 1), dtype: uint16
Data:[[53]
 [54]
 [53]
 [55]
 [46]
 [49]
 [54]
 [50]
 [49]
 [52]
 [54]
 [45]
 [48]
 [32]
 [53]
 [54]
 [53]
 [55]
 [46]
 [49]
 [54]
 [50]
 [49]
 [49]
 [50]
 [45]
 [49]] 
------------------------ Dataset: Abq ------------------------
shape: (33, 1), dtype: uint16
Data:[[53]
 [54]
 [55]
 [50]
 [46]
 [56]
 [54]
 [53]
 [54]
 [49]
 [56]
 [57]
 [57]
 [57]
 [57]
 [57]
 [57]
 [45]
 [48]
 [32]
 [53]
 [54]
 [55]
 [50]
 [46]
 [56]
 [54]
 [57]
 [54]
 [52]
 [53]
 [45]
 [49]] 
------------------------ Dataset: Abr ------------------------
shape: (26, 1), dtype: uint16
Data:[[53]
 [54]
 [56]
 [56]
 [46]
 [54]
 [51]
 [51]
 [55]
 [52]
 [52]
 [45]
 [48]
 [32]
 [53]
 [54]
 [56]
 [56]
 [46]
 [54]
 [51]
 [56]
 [50]
 [50]
 [45]
 [49]] 
------------------------ Dataset: Abs ------------------------
shape: (27, 1), dtype: uint16
Data:[[53]
 [56]
 [49]
 [52]
 [46]
 [56]
 [57]
 [55]
 [53]
 [57]
 [49]
 [45]
 [48]
 [32]
 [53]
 [56]
 [49]
 [52]
 [46]
 [57]
 [48]
 [49]
 [55]
 [49]
 [55]
 [45]
 [49]] 
------------------------ Dataset: Abt ------------------------
shape: (26, 1), dtype: uint16
Data:[[54]
 [54]
 [48]
 [51]
 [46]
 [57]
 [53]
 [52]
 [48]
 [50]
 [52]
 [45]
 [48]
 [32]
 [54]
 [54]
 [48]
 [51]
 [46]
 [57]
 [53]
 [48]
 [48]
 [54]
 [45]
 [49]] 
------------------------ Dataset: Abu ------------------------
shape: (39, 1), dtype: uint16
Data:[[54]
 [54]
 [49]
 [57]
 [46]
 [57]
 [53]
 [53]
 [53]
 [52]
 [53]
 [57]
 [57]
 [57]
 [57]
 [57]
 [57]
 [45]
 [48]
 [32]
 [54]
 [54]
 [49]
 [57]
 [46]
 [57]
 [53]
 [49]
 [53]
 [48]
 [50]
 [57]
 [57]
 [57]
 [57]
 [57]
 [57]
 [45]
 [49]] 
------------------------ Dataset: Abv ------------------------
shape: (27, 1), dtype: uint16
Data:[[54]
 [54]
 [51]
 [53]
 [46]
 [55]
 [57]
 [52]
 [48]
 [52]
 [56]
 [45]
 [48]
 [32]
 [54]
 [54]
 [51]
 [53]
 [46]
 [55]
 [57]
 [56]
 [49]
 [53]
 [49]
 [45]
 [49]] 
------------------------ Dataset: Abw ------------------------
shape: (33, 1), dtype: uint16
Data:[[54]
 [54]
 [53]
 [49]
 [46]
 [51]
 [56]
 [50]
 [48]
 [55]
 [54]
 [57]
 [57]
 [57]
 [57]
 [57]
 [57]
 [45]
 [48]
 [32]
 [54]
 [54]
 [53]
 [49]
 [46]
 [51]
 [55]
 [56]
 [48]
 [54]
 [50]
 [45]
 [49]] 
------------------------ Dataset: Abx ------------------------
shape: (27, 1), dtype: uint16
Data:[[54]
 [54]
 [54]
 [55]
 [46]
 [50]
 [51]
 [48]
 [49]
 [48]
 [51]
 [45]
 [48]
 [32]
 [54]
 [54]
 [54]
 [55]
 [46]
 [50]
 [51]
 [52]
 [49]
 [54]
 [50]
 [45]
 [49]] 
------------------------ Dataset: Aby ------------------------
shape: (33, 1), dtype: uint16
Data:[[54]
 [54]
 [56]
 [51]
 [46]
 [49]
 [55]
 [52]
 [49]
 [52]
 [50]
 [57]
 [57]
 [57]
 [57]
 [57]
 [57]
 [45]
 [48]
 [32]
 [54]
 [54]
 [56]
 [51]
 [46]
 [49]
 [55]
 [56]
 [49]
 [49]
 [50]
 [45]
 [49]] 
------------------------ Dataset: Abz ------------------------
shape: (33, 1), dtype: uint16
Data:[[53]
 [57]
 [48]
 [49]
 [46]
 [48]
 [56]
 [57]
 [57]
 [53]
 [57]
 [45]
 [48]
 [32]
 [53]
 [57]
 [48]
 [49]
 [46]
 [48]
 [57]
 [52]
 [49]
 [50]
 [54]
 [57]
 [57]
 [57]
 [57]
 [57]
 [57]
 [45]
 [49]] 
------------------------ Dataset: Ac ------------------------
