shape: (1, 6), dtype: uint32
Data:[[3707764736          2          1          1        229          1]] 
------------------------ Dataset: Xdb ------------------------
shape: (27, 1), dtype: uint16
Data:[[54]
 [55]
 [54]
 [53]
 [46]
 [52]
 [55]
 [48]
 [50]
 [49]
 [52]
 [45]
 [48]
 [32]
 [54]
 [55]
 [54]
 [53]
 [46]
 [52]
 [55]
 [52]
 [50]
 [52]
 [57]
 [45]
 [49]] 
------------------------ Dataset: Xdc ------------------------
shape: (33, 1), dtype: uint16
Data:[[54]
 [55]
 [56]
 [49]
 [46]
 [51]
 [49]
 [56]
 [48]
 [56]
 [56]
 [45]
 [48]
 [32]
 [54]
 [55]
 [56]
 [49]
 [46]
 [51]
 [49]
 [52]
 [49]
 [50]
 [53]
 [57]
 [57]
 [57]
 [57]
 [57]
 [57]
 [45]
 [49]] 
------------------------ Dataset: Xdd ------------------------
shape: (34, 1), dtype: uint16
Data:[[54]
 [50]
 [57]
 [52]
 [46]
 [48]
 [54]
 [57]
 [57]
 [48]
 [55]
 [45]
 [48]
 [32]
 [54]
 [50]
 [57]
 [52]
 [46]
 [48]
 [54]
 [53]
 [57]
 [57]
 [56]
 [57]
 [57]
 [57]
 [57]
 [57]
 [57]
 [53]
 [45]
 [49]] 
------------------------ Dataset: Xde ------------------------
shape: (27, 1), dtype: uint16
Data:[[54]
 [51]
 [48]
 [57]
 [46]
 [56]
 [57]
 [51]
 [56]
 [55]
 [53]
 [45]
 [48]
 [32]
 [54]
 [51]
 [48]
 [57]
 [46]
 [56]
 [57]
 [48]
 [48]
 [56]
 [50]
 [45]
 [49]] 
------------------------ Dataset: Xdf ------------------------
shape: (27, 1), dtype: uint16
Data:[[54]
 [51]
 [50]
 [53]
 [46]
 [55]
 [51]
 [57]
 [48]
 [48]
 [57]
 [45]
 [48]
 [32]
 [54]
 [51]
 [50]
 [53]
 [46]
 [55]
 [51]
 [57]
 [48]
 [48]
 [57]
 [45]
 [49]] 
------------------------ Dataset: Xdg ------------------------
shape: (33, 1), dtype: uint16
Data:[[54]
 [51]
 [52]
 [49]
 [46]
 [53]
 [55]
 [55]
 [57]
 [49]
 [56]
 [57]
 [57]
 [57]
 [57]
 [57]
 [57]
 [45]
 [48]
 [32]
 [54]
 [51]
 [52]
 [49]
 [46]
 [53]
 [55]
 [51]
 [57]
 [52]
 [49]
 [45]
 [49]] 
------------------------ Dataset: Xdh ------------------------
shape: (34, 1), dtype: uint16
Data:[[54]
 [53]
 [48]
 [54]
 [46]
 [54]
 [55]
 [52]
 [48]
 [49]
 [56]
 [45]
 [48]
 [32]
 [54]
 [53]
 [48]
 [54]
 [46]
 [54]
 [55]
 [55]
 [57]
 [55]
 [57]
 [57]
 [57]
 [57]
 [57]
 [57]
 [57]
 [53]
 [45]
 [49]] 
------------------------ Dataset: Xdi ------------------------
shape: (34, 1), dtype: uint16
Data:[[54]
 [53]
 [50]
 [50]
 [46]
 [52]
 [57]
 [51]
 [57]
 [51]
 [49]
 [45]
 [48]
 [32]
 [54]
 [53]
 [50]
 [50]
 [46]
 [52]
 [57]
 [51]
 [57]
 [51]
 [52]
 [57]
 [57]
 [57]
 [57]
 [57]
 [57]
 [53]
 [45]
 [49]] 
------------------------ Dataset: Xdj ------------------------
shape: (26, 1), dtype: uint16
Data:[[54]
 [48]
 [49]
 [56]
 [46]
 [48]
 [54]
 [53]
 [55]
 [49]
 [51]
 [45]
 [48]
 [32]
 [54]
 [48]
 [49]
 [56]
 [46]
 [48]
 [54]
 [49]
 [54]
 [55]
 [45]
 [49]] 
------------------------ Dataset: Xdk ------------------------
shape: (33, 1), dtype: uint16
Data:[[54]
 [48]
 [51]
 [51]
 [46]
 [56]
 [55]
 [51]
 [55]
 [51]
 [55]
 [45]
 [48]
 [32]
 [54]
 [48]
 [51]
 [51]
 [46]
 [56]
 [55]
 [48]
 [51]
 [57]
 [53]
 [57]
 [57]
 [57]
 [57]
 [57]
 [57]
 [45]
 [49]] 
------------------------ Dataset: Xdl ------------------------
shape: (33, 1), dtype: uint16
Data:[[54]
 [48]
 [52]
 [57]
 [46]
 [52]
 [55]
 [57]
 [51]
 [49]
 [54]
 [57]
 [57]
 [57]
 [57]
 [57]
 [57]
 [45]
 [48]
 [32]
 [54]
 [48]
 [52]
 [57]
 [46]
 [52]
 [56]
 [53]
 [55]
 [57]
 [54]
 [45]
 [49]] 
------------------------ Dataset: Xdm ------------------------
shape: (19, 1), dtype: uint16
Data:[[54]
 [48]
 [54]
 [53]
 [46]
 [51]
 [54]
 [53]
 [55]
 [53]
 [53]
 [57]
 [57]
 [57]
 [57]
 [57]
 [57]
 [45]
 [48]] 
------------------------ Dataset: Xdn ------------------------
shape: (27, 1), dtype: uint16
Data:[[54]
 [48]
 [56]
 [49]
 [46]
 [51]
 [48]
 [54]
 [56]
 [55]
 [50]
 [45]
 [48]
 [32]
 [54]
 [48]
 [56]
 [49]
 [46]
 [51]
 [48]
 [49]
 [56]
 [53]
 [56]
 [45]
 [49]] 
------------------------ Dataset: Xdo ------------------------
shape: (27, 1), dtype: uint16
Data:[[53]
 [54]
 [52]
 [50]
 [46]
 [48]
 [50]
 [53]
 [53]
 [48]
 [53]
 [45]
 [48]
 [32]
 [53]
 [54]
 [52]
 [50]
 [46]
 [48]
 [50]
 [49]
 [54]
 [51]
 [57]
 [45]
 [49]] 
------------------------ Dataset: Xdp ------------------------
shape: (27, 1), dtype: uint16
Data:[[53]
 [54]
 [53]
 [55]
 [46]
 [55]
 [53]
 [55]
 [55]
 [53]
 [54]
 [45]
 [48]
 [32]
 [53]
 [54]
 [53]
 [55]
 [46]
 [55]
 [53]
 [55]
 [55]
 [53]
 [54]
 [45]
 [49]] 
------------------------ Dataset: Xdq ------------------------
shape: (33, 1), dtype: uint16
Data:[[53]
 [54]
 [55]
 [51]
 [46]
 [52]
 [56]
 [49]
 [55]
 [51]
 [52]
 [57]
 [57]
 [57]
 [57]
 [57]
 [57]
 [45]
 [48]
 [32]
 [53]
 [54]
 [55]
 [51]
 [46]
 [52]
 [56]
 [51]
 [49]
 [53]
 [55]
 [45]
 [49]] 
------------------------ Dataset: Xdr ------------------------
shape: (33, 1), dtype: uint16
Data:[[53]
 [54]
 [56]
 [57]
 [46]
 [50]
 [53]
 [52]
 [49]
 [52]
 [48]
 [57]
 [57]
 [57]
 [57]
 [57]
 [57]
 [45]
 [48]
 [32]
 [53]
 [54]
 [56]
 [57]
 [46]
 [50]
 [52]
 [57]
 [53]
 [57]
 [49]
 [45]
 [49]] 
------------------------ Dataset: Xds ------------------------
shape: (1, 2446), dtype: float64
Data:[[15.87536932 15.87536932 15.87536932 ... 15.85217694 15.85217694
  15.85217694]] 
------------------------ Dataset: Xdt ------------------------
shape: (40, 1), dtype: uint16
Data:[[54]
 [54]
 [48]
 [52]
 [46]
 [53]
 [56]
 [50]
 [49]
 [50]
 [56]
 [57]
 [57]
 [57]
 [57]
 [57]
 [57]
 [45]
 [48]
 [32]
 [54]
 [54]
 [48]
 [52]
 [46]
 [53]
 [56]
 [54]
 [49]
 [49]
 [53]
 [57]
 [57]
 [57]
 [57]
 [57]
 [57]
 [53]
 [45]
 [49]] 
------------------------ Dataset: Xdu ------------------------
shape: (27, 1), dtype: uint16
Data:[[54]
 [54]
 [50]
 [48]
 [46]
 [53]
 [54]
 [54]
 [51]
 [52]
 [50]
 [45]
 [48]
 [32]
 [54]
 [54]
 [50]
 [48]
 [46]
 [53]
 [54]
 [50]
 [57]
 [50]
 [52]
 [45]
 [49]] 
------------------------ Dataset: Xdv ------------------------
shape: (40, 1), dtype: uint16
Data:[[54]
 [54]
 [51]
 [54]
 [46]
 [52]
 [48]
 [54]
 [54]
 [56]
 [48]
 [57]
 [57]
 [57]
 [57]
 [57]
 [57]
 [53]
 [45]
 [48]
 [32]
 [54]
 [54]
 [51]
 [54]
 [46]
 [52]
 [48]
 [50]
 [52]
 [53]
 [54]
 [57]
 [57]
 [57]
 [57]
 [57]
 [57]
 [45]
 [49]] 
------------------------ Dataset: Xdw ------------------------
shape: (33, 1), dtype: uint16
Data:[[54]
 [54]
 [53]
 [49]
 [46]
 [57]
 [57]
 [53]
 [51]
 [55]
 [54]
 [45]
 [48]
 [32]
 [54]
 [54]
 [53]
 [50]
 [46]
 [48]
 [48]
 [55]
 [56]
 [51]
 [49]
 [57]
 [57]
 [57]
 [57]
 [57]
 [57]
 [45]
 [49]] 
------------------------ Dataset: Xdx ------------------------
shape: (27, 1), dtype: uint16
Data:[[54]
 [54]
 [54]
 [55]
 [46]
 [56]
 [53]
 [49]
 [53]
 [49]
 [51]
 [45]
 [48]
 [32]
 [54]
 [54]
 [54]
 [55]
 [46]
 [56]
 [53]
 [49]
 [50]
 [52]
 [55]
 [45]
 [49]] 
------------------------ Dataset: Xdy ------------------------
shape: (33, 1), dtype: uint16
Data:[[54]
 [54]
 [56]
 [51]
 [46]
 [55]
 [55]
 [56]
 [51]
 [50]
 [49]
 [45]
 [48]
 [32]
 [54]
 [54]
 [56]
 [51]
 [46]
 [55]
 [55]
 [56]
 [49]
 [53]
 [50]
 [57]
 [57]
 [57]
 [57]
 [57]
 [57]
 [45]
 [49]] 
------------------------ Dataset: Xdz ------------------------
shape: (27, 1), dtype: uint16
Data:[[53]
 [57]
 [48]
 [49]
 [46]
 [55]
 [48]
 [49]
 [55]
 [55]
 [57]
 [45]
 [48]
 [32]
 [53]
 [57]
 [48]
 [49]
 [46]
 [55]
 [49]
 [48]
 [53]
 [49]
 [51]
 [45]
 [49]] 
------------------------ Dataset: Xe ------------------------
