shape: (1, 6), dtype: uint32
Data:[[3707764736          2          1          1        848          1]] 
------------------------ Dataset: cob ------------------------
shape: (27, 1), dtype: uint16
Data:[[54]
 [55]
 [54]
 [56]
 [46]
 [49]
 [48]
 [50]
 [50]
 [48]
 [54]
 [45]
 [48]
 [32]
 [54]
 [55]
 [54]
 [56]
 [46]
 [48]
 [57]
 [56]
 [49]
 [56]
 [55]
 [45]
 [49]] 
------------------------ Dataset: coc ------------------------
shape: (33, 1), dtype: uint16
Data:[[54]
 [50]
 [56]
 [48]
 [46]
 [56]
 [55]
 [56]
 [51]
 [49]
 [56]
 [45]
 [48]
 [32]
 [54]
 [50]
 [56]
 [48]
 [46]
 [56]
 [55]
 [52]
 [53]
 [54]
 [50]
 [57]
 [57]
 [57]
 [57]
 [57]
 [57]
 [45]
 [49]] 
------------------------ Dataset: cod ------------------------
shape: (39, 1), dtype: uint16
Data:[[54]
 [50]
 [57]
 [54]
 [46]
 [54]
 [53]
 [55]
 [57]
 [53]
 [48]
 [57]
 [57]
 [57]
 [57]
 [57]
 [57]
 [45]
 [48]
 [32]
 [54]
 [50]
 [57]
 [54]
 [46]
 [54]
 [53]
 [52]
 [51]
 [48]
 [55]
 [57]
 [57]
 [57]
 [57]
 [57]
 [57]
 [45]
 [49]] 
------------------------ Dataset: coe ------------------------
shape: (33, 1), dtype: uint16
Data:[[54]
 [51]
 [49]
 [50]
 [46]
 [52]
 [56]
 [57]
 [56]
 [54]
 [54]
 [57]
 [57]
 [57]
 [57]
 [57]
 [57]
 [45]
 [48]
 [32]
 [54]
 [51]
 [49]
 [50]
 [46]
 [52]
 [56]
 [53]
 [57]
 [54]
 [55]
 [45]
 [49]] 
------------------------ Dataset: cof ------------------------
shape: (27, 1), dtype: uint16
Data:[[54]
 [51]
 [50]
 [56]
 [46]
 [51]
 [54]
 [49]
 [56]
 [54]
 [53]
 [45]
 [48]
 [32]
 [54]
 [51]
 [50]
 [56]
 [46]
 [51]
 [54]
 [53]
 [56]
 [55]
 [56]
 [45]
 [49]] 
------------------------ Dataset: cog ------------------------
shape: (13, 1), dtype: uint16
Data:[[54]
 [51]
 [52]
 [52]
 [46]
 [49]
 [56]
 [53]
 [56]
 [51]
 [52]
 [45]
 [48]] 
------------------------ Dataset: coh ------------------------
shape: (27, 1), dtype: uint16
Data:[[54]
 [53]
 [48]
 [57]
 [46]
 [50]
 [56]
 [54]
 [48]
 [56]
 [50]
 [45]
 [48]
 [32]
 [54]
 [53]
 [48]
 [57]
 [46]
 [50]
 [56]
 [50]
 [49]
 [53]
 [51]
 [45]
 [49]] 
------------------------ Dataset: coi ------------------------
shape: (33, 1), dtype: uint16
Data:[[54]
 [53]
 [50]
 [53]
 [46]
 [48]
 [57]
 [56]
 [56]
 [55]
 [57]
 [45]
 [48]
 [32]
 [54]
 [53]
 [50]
 [53]
 [46]
 [48]
 [57]
 [53]
 [51]
 [55]
 [48]
 [57]
 [57]
 [57]
 [57]
 [57]
 [57]
 [45]
 [49]] 
------------------------ Dataset: coj ------------------------
shape: (33, 1), dtype: uint16
Data:[[54]
 [48]
 [50]
 [48]
 [46]
 [54]
 [57]
 [49]
 [50]
 [48]
 [55]
 [45]
 [48]
 [32]
 [54]
 [48]
 [50]
 [48]
 [46]
 [54]
 [56]
 [56]
 [51]
 [51]
 [56]
 [57]
 [57]
 [57]
 [57]
 [57]
 [57]
 [45]
 [49]] 
------------------------ Dataset: cok ------------------------
shape: (39, 1), dtype: uint16
Data:[[54]
 [48]
 [51]
 [54]
 [46]
 [52]
 [56]
 [51]
 [52]
 [51]
 [55]
 [57]
 [57]
 [57]
 [57]
 [57]
 [57]
 [45]
 [48]
 [32]
 [54]
 [48]
 [51]
 [54]
 [46]
 [52]
 [55]
 [57]
 [54]
 [55]
 [51]
 [57]
 [57]
 [57]
 [57]
 [57]
 [57]
 [45]
 [49]] 
------------------------ Dataset: col ------------------------
shape: (33, 1), dtype: uint16
Data:[[54]
 [48]
 [53]
 [50]
 [46]
 [48]
 [56]
 [54]
 [50]
 [51]
 [56]
 [57]
 [57]
 [57]
 [57]
 [57]
 [57]
 [45]
 [48]
 [32]
 [54]
 [48]
 [53]
 [50]
 [46]
 [48]
 [56]
 [50]
 [50]
 [56]
 [49]
 [45]
 [49]] 
------------------------ Dataset: com ------------------------
shape: (33, 1), dtype: uint16
Data:[[54]
 [48]
 [54]
 [55]
 [46]
 [57]
 [57]
 [50]
 [57]
 [56]
 [55]
 [45]
 [48]
 [32]
 [54]
 [48]
 [54]
 [55]
 [46]
 [57]
 [57]
 [50]
 [55]
 [56]
 [57]
 [57]
 [57]
 [57]
 [57]
 [57]
 [57]
 [45]
 [49]] 
------------------------ Dataset: con ------------------------
shape: (34, 1), dtype: uint16
Data:[[54]
 [48]
 [56]
 [51]
 [46]
 [57]
 [51]
 [51]
 [56]
 [53]
 [50]
 [45]
 [48]
 [32]
 [54]
 [48]
 [56]
 [51]
 [46]
 [57]
 [51]
 [55]
 [55]
 [57]
 [51]
 [57]
 [57]
 [57]
 [57]
 [57]
 [57]
 [53]
 [45]
 [49]] 
------------------------ Dataset: coo ------------------------
shape: (27, 1), dtype: uint16
Data:[[53]
 [54]
 [52]
 [52]
 [46]
 [54]
 [49]
 [52]
 [51]
 [50]
 [56]
 [45]
 [48]
 [32]
 [53]
 [54]
 [52]
 [52]
 [46]
 [54]
 [49]
 [52]
 [50]
 [51]
 [55]
 [45]
 [49]] 
------------------------ Dataset: cop ------------------------
shape: (33, 1), dtype: uint16
Data:[[53]
 [54]
 [54]
 [48]
 [46]
 [51]
 [54]
 [53]
 [54]
 [49]
 [51]
 [57]
 [57]
 [57]
 [57]
 [57]
 [57]
 [45]
 [48]
 [32]
 [53]
 [54]
 [54]
 [48]
 [46]
 [51]
 [54]
 [49]
 [53]
 [54]
 [54]
 [45]
 [49]] 
------------------------ Dataset: coq ------------------------
shape: (33, 1), dtype: uint16
Data:[[53]
 [54]
 [55]
 [54]
 [46]
 [48]
 [54]
 [49]
 [54]
 [48]
 [48]
 [57]
 [57]
 [57]
 [57]
 [57]
 [57]
 [45]
 [48]
 [32]
 [53]
 [54]
 [55]
 [54]
 [46]
 [48]
 [53]
 [55]
 [55]
 [56]
 [55]
 [45]
 [49]] 
------------------------ Dataset: cor ------------------------
shape: (33, 1), dtype: uint16
Data:[[53]
 [54]
 [57]
 [49]
 [46]
 [56]
 [52]
 [54]
 [56]
 [57]
 [56]
 [45]
 [48]
 [32]
 [53]
 [54]
 [57]
 [49]
 [46]
 [56]
 [52]
 [57]
 [57]
 [54]
 [52]
 [57]
 [57]
 [57]
 [57]
 [57]
 [57]
 [45]
 [49]] 
------------------------ Dataset: cos ------------------------
shape: (39, 1), dtype: uint16
Data:[[54]
 [52]
 [49]
 [53]
 [46]
 [49]
 [50]
 [50]
 [48]
 [51]
 [49]
 [57]
 [57]
 [57]
 [57]
 [57]
 [57]
 [45]
 [48]
 [32]
 [54]
 [52]
 [49]
 [53]
 [46]
 [49]
 [51]
 [50]
 [52]
 [57]
 [48]
 [57]
 [57]
 [57]
 [57]
 [57]
 [57]
 [45]
 [49]] 
------------------------ Dataset: cot ------------------------
shape: (27, 1), dtype: uint16
Data:[[54]
 [54]
 [48]
 [55]
 [46]
 [49]
 [56]
 [57]
 [57]
 [54]
 [49]
 [45]
 [48]
 [32]
 [54]
 [54]
 [48]
 [55]
 [46]
 [49]
 [57]
 [52]
 [48]
 [52]
 [49]
 [45]
 [49]] 
------------------------ Dataset: cou ------------------------
shape: (32, 1), dtype: uint16
Data:[[54]
 [54]
 [50]
 [51]
 [46]
 [49]
 [53]
 [56]
 [49]
 [48]
 [54]
 [57]
 [57]
 [57]
 [57]
 [57]
 [57]
 [45]
 [48]
 [32]
 [54]
 [54]
 [50]
 [51]
 [46]
 [49]
 [53]
 [52]
 [48]
 [57]
 [45]
 [49]] 
------------------------ Dataset: cov ------------------------
shape: (27, 1), dtype: uint16
Data:[[54]
 [54]
 [51]
 [56]
 [46]
 [57]
 [57]
 [48]
 [49]
 [49]
 [56]
 [45]
 [48]
 [32]
 [54]
 [54]
 [51]
 [56]
 [46]
 [57]
 [57]
 [52]
 [49]
 [50]
 [55]
 [45]
 [49]] 
------------------------ Dataset: cow ------------------------
shape: (40, 1), dtype: uint16
Data:[[54]
 [54]
 [53]
 [52]
 [46]
 [54]
 [48]
 [55]
 [52]
 [50]
 [50]
 [57]
 [57]
 [57]
 [57]
 [57]
 [57]
 [53]
 [45]
 [48]
 [32]
 [54]
 [54]
 [53]
 [52]
 [46]
 [54]
 [48]
 [55]
 [52]
 [49]
 [49]
 [57]
 [57]
 [57]
 [57]
 [57]
 [57]
 [45]
 [49]] 
------------------------ Dataset: cox ------------------------
shape: (34, 1), dtype: uint16
Data:[[54]
 [54]
 [55]
 [48]
 [46]
 [52]
 [57]
 [56]
 [49]
 [52]
 [49]
 [45]
 [48]
 [32]
 [54]
 [54]
 [55]
 [48]
 [46]
 [52]
 [57]
 [52]
 [49]
 [48]
 [54]
 [57]
 [57]
 [57]
 [57]
 [57]
 [57]
 [53]
 [45]
 [49]] 
------------------------ Dataset: coy ------------------------
shape: (27, 1), dtype: uint16
Data:[[54]
 [54]
 [56]
 [54]
 [46]
 [52]
 [48]
 [50]
 [48]
 [57]
 [56]
 [45]
 [48]
 [32]
 [54]
 [54]
 [56]
 [54]
 [46]
 [52]
 [49]
 [51]
 [57]
 [49]
 [50]
 [45]
 [49]] 
------------------------ Dataset: coz ------------------------
shape: (33, 1), dtype: uint16
Data:[[53]
 [57]
 [48]
 [52]
 [46]
 [51]
 [49]
 [55]
 [57]
 [53]
 [49]
 [57]
 [57]
 [57]
 [57]
 [57]
 [57]
 [45]
 [48]
 [32]
 [53]
 [57]
 [48]
 [52]
 [46]
 [51]
 [50]
 [49]
 [55]
 [55]
 [55]
 [45]
 [49]] 
------------------------ Dataset: cp ------------------------
