shape: (1, 6), dtype: uint32
Data:[[3707764736          2          1          1       1451          1]] 
------------------------ Dataset: ayb ------------------------
shape: (34, 1), dtype: uint16
Data:[[54]
 [55]
 [55]
 [48]
 [46]
 [54]
 [52]
 [50]
 [50]
 [50]
 [57]
 [57]
 [57]
 [57]
 [57]
 [57]
 [57]
 [53]
 [45]
 [48]
 [32]
 [54]
 [55]
 [55]
 [48]
 [46]
 [54]
 [51]
 [56]
 [50]
 [53]
 [51]
 [45]
 [49]] 
------------------------ Dataset: ayc ------------------------
shape: (40, 1), dtype: uint16
Data:[[54]
 [50]
 [56]
 [51]
 [46]
 [52]
 [48]
 [57]
 [57]
 [52]
 [55]
 [57]
 [57]
 [57]
 [57]
 [57]
 [57]
 [53]
 [45]
 [48]
 [32]
 [54]
 [50]
 [56]
 [51]
 [46]
 [52]
 [49]
 [51]
 [56]
 [57]
 [51]
 [57]
 [57]
 [57]
 [57]
 [57]
 [57]
 [45]
 [49]] 
------------------------ Dataset: ayd ------------------------
shape: (27, 1), dtype: uint16
Data:[[54]
 [50]
 [57]
 [57]
 [46]
 [49]
 [57]
 [51]
 [57]
 [51]
 [54]
 [45]
 [48]
 [32]
 [54]
 [50]
 [57]
 [57]
 [46]
 [49]
 [57]
 [55]
 [57]
 [53]
 [57]
 [45]
 [49]] 
------------------------ Dataset: aye ------------------------
shape: (33, 1), dtype: uint16
Data:[[54]
 [51]
 [49]
 [53]
 [46]
 [48]
 [54]
 [54]
 [55]
 [51]
 [57]
 [57]
 [57]
 [57]
 [57]
 [57]
 [57]
 [45]
 [48]
 [32]
 [54]
 [51]
 [49]
 [53]
 [46]
 [48]
 [54]
 [54]
 [55]
 [54]
 [53]
 [45]
 [49]] 
------------------------ Dataset: ayf ------------------------
shape: (26, 1), dtype: uint16
Data:[[54]
 [51]
 [51]
 [48]
 [46]
 [56]
 [57]
 [48]
 [48]
 [54]
 [56]
 [45]
 [48]
 [32]
 [54]
 [51]
 [51]
 [48]
 [46]
 [56]
 [56]
 [54]
 [48]
 [50]
 [45]
 [49]] 
------------------------ Dataset: ayg ------------------------
shape: (27, 1), dtype: uint16
Data:[[54]
 [51]
 [52]
 [54]
 [46]
 [55]
 [50]
 [55]
 [48]
 [48]
 [51]
 [45]
 [48]
 [32]
 [54]
 [51]
 [52]
 [54]
 [46]
 [55]
 [50]
 [55]
 [48]
 [51]
 [50]
 [45]
 [49]] 
------------------------ Dataset: ayh ------------------------
shape: (27, 1), dtype: uint16
Data:[[54]
 [53]
 [49]
 [49]
 [46]
 [56]
 [49]
 [54]
 [49]
 [49]
 [54]
 [45]
 [48]
 [32]
 [54]
 [53]
 [49]
 [49]
 [46]
 [56]
 [49]
 [49]
 [51]
 [52]
 [53]
 [45]
 [49]] 
------------------------ Dataset: ayi ------------------------
shape: (34, 1), dtype: uint16
Data:[[54]
 [53]
 [50]
 [55]
 [46]
 [54]
 [53]
 [48]
 [52]
 [55]
 [52]
 [57]
 [57]
 [57]
 [57]
 [57]
 [57]
 [53]
 [45]
 [48]
 [32]
 [54]
 [53]
 [50]
 [55]
 [46]
 [54]
 [52]
 [52]
 [55]
 [57]
 [50]
 [45]
 [49]] 
------------------------ Dataset: ayj ------------------------
shape: (34, 1), dtype: uint16
Data:[[54]
 [48]
 [50]
 [51]
 [46]
 [50]
 [51]
 [52]
 [55]
 [53]
 [57]
 [45]
 [48]
 [32]
 [54]
 [48]
 [50]
 [51]
 [46]
 [50]
 [51]
 [52]
 [56]
 [52]
 [48]
 [57]
 [57]
 [57]
 [57]
 [57]
 [57]
 [53]
 [45]
 [49]] 
------------------------ Dataset: ayk ------------------------
shape: (27, 1), dtype: uint16
Data:[[54]
 [48]
 [51]
 [56]
 [46]
 [57]
 [56]
 [49]
 [56]
 [50]
 [53]
 [45]
 [48]
 [32]
 [54]
 [48]
 [51]
 [56]
 [46]
 [57]
 [56]
 [53]
 [56]
 [52]
 [54]
 [45]
 [49]] 
------------------------ Dataset: ayl ------------------------
shape: (25, 1), dtype: uint16
Data:[[54]
 [48]
 [53]
 [52]
 [46]
 [54]
 [52]
 [48]
 [49]
 [45]
 [48]
 [32]
 [54]
 [48]
 [53]
 [52]
 [46]
 [54]
 [52]
 [49]
 [56]
 [51]
 [52]
 [45]
 [49]] 
------------------------ Dataset: aym ------------------------
shape: (34, 1), dtype: uint16
Data:[[54]
 [48]
 [55]
 [48]
 [46]
 [53]
 [56]
 [55]
 [52]
 [50]
 [54]
 [57]
 [57]
 [57]
 [57]
 [57]
 [57]
 [53]
 [45]
 [48]
 [32]
 [54]
 [48]
 [55]
 [48]
 [46]
 [53]
 [56]
 [52]
 [54]
 [54]
 [52]
 [45]
 [49]] 
------------------------ Dataset: ayn ------------------------
shape: (26, 1), dtype: uint16
Data:[[53]
 [54]
 [51]
 [49]
 [46]
 [52]
 [53]
 [51]
 [56]
 [49]
 [45]
 [48]
 [32]
 [53]
 [54]
 [51]
 [49]
 [46]
 [52]
 [52]
 [57]
 [55]
 [49]
 [54]
 [45]
 [49]] 
------------------------ Dataset: ayo ------------------------
shape: (27, 1), dtype: uint16
Data:[[53]
 [54]
 [52]
 [55]
 [46]
 [49]
 [50]
 [53]
 [52]
 [57]
 [57]
 [45]
 [48]
 [32]
 [53]
 [54]
 [52]
 [55]
 [46]
 [49]
 [50]
 [57]
 [54]
 [48]
 [57]
 [45]
 [49]] 
------------------------ Dataset: ayp ------------------------
shape: (33, 1), dtype: uint16
Data:[[53]
 [54]
 [54]
 [50]
 [46]
 [56]
 [54]
 [57]
 [54]
 [54]
 [52]
 [57]
 [57]
 [57]
 [57]
 [57]
 [57]
 [45]
 [48]
 [32]
 [53]
 [54]
 [54]
 [50]
 [46]
 [56]
 [55]
 [48]
 [57]
 [49]
 [49]
 [45]
 [49]] 
------------------------ Dataset: ayq ------------------------
shape: (33, 1), dtype: uint16
Data:[[53]
 [54]
 [55]
 [56]
 [46]
 [54]
 [48]
 [50]
 [53]
 [57]
 [52]
 [45]
 [48]
 [32]
 [53]
 [54]
 [55]
 [56]
 [46]
 [54]
 [48]
 [53]
 [56]
 [53]
 [56]
 [57]
 [57]
 [57]
 [57]
 [57]
 [57]
 [45]
 [49]] 
------------------------ Dataset: ayr ------------------------
shape: (33, 1), dtype: uint16
Data:[[53]
 [54]
 [57]
 [52]
 [46]
 [51]
 [53]
 [51]
 [54]
 [49]
 [50]
 [57]
 [57]
 [57]
 [57]
 [57]
 [57]
 [45]
 [48]
 [32]
 [53]
 [54]
 [57]
 [52]
 [46]
 [51]
 [53]
 [55]
 [54]
 [51]
 [49]
 [45]
 [49]] 
------------------------ Dataset: ays ------------------------
shape: (34, 1), dtype: uint16
Data:[[54]
 [52]
 [49]
 [55]
 [46]
 [54]
 [55]
 [50]
 [53]
 [55]
 [57]
 [57]
 [57]
 [57]
 [57]
 [57]
 [57]
 [53]
 [45]
 [48]
 [32]
 [54]
 [52]
 [49]
 [55]
 [46]
 [54]
 [54]
 [57]
 [56]
 [48]
 [56]
 [45]
 [49]] 
------------------------ Dataset: ayt ------------------------
shape: (40, 1), dtype: uint16
Data:[[54]
 [54]
 [48]
 [57]
 [46]
 [55]
 [54]
 [50]
 [48]
 [57]
 [53]
 [57]
 [57]
 [57]
 [57]
 [57]
 [57]
 [53]
 [45]
 [48]
 [32]
 [54]
 [54]
 [48]
 [57]
 [46]
 [55]
 [53]
 [56]
 [49]
 [49]
 [54]
 [57]
 [57]
 [57]
 [57]
 [57]
 [57]
 [45]
 [49]] 
------------------------ Dataset: ayu ------------------------
shape: (33, 1), dtype: uint16
Data:[[54]
 [54]
 [50]
 [53]
 [46]
 [55]
 [49]
 [49]
 [54]
 [49]
 [52]
 [45]
 [48]
 [32]
 [54]
 [54]
 [50]
 [53]
 [46]
 [55]
 [48]
 [55]
 [57]
 [57]
 [56]
 [57]
 [57]
 [57]
 [57]
 [57]
 [57]
 [45]
 [49]] 
------------------------ Dataset: ayv ------------------------
shape: (39, 1), dtype: uint16
Data:[[54]
 [54]
 [52]
 [49]
 [46]
 [52]
 [56]
 [50]
 [48]
 [55]
 [48]
 [57]
 [57]
 [57]
 [57]
 [57]
 [57]
 [45]
 [48]
 [32]
 [54]
 [54]
 [52]
 [49]
 [46]
 [52]
 [57]
 [49]
 [53]
 [56]
 [51]
 [57]
 [57]
 [57]
 [57]
 [57]
 [57]
 [45]
 [49]] 
------------------------ Dataset: ayw ------------------------
shape: (32, 1), dtype: uint16
Data:[[54]
 [54]
 [53]
 [55]
 [46]
 [49]
 [54]
 [53]
 [52]
 [51]
 [48]
 [57]
 [57]
 [57]
 [57]
 [57]
 [57]
 [45]
 [48]
 [32]
 [54]
 [54]
 [53]
 [55]
 [46]
 [49]
 [54]
 [54]
 [51]
 [52]
 [45]
 [49]] 
------------------------ Dataset: ayx ------------------------
shape: (27, 1), dtype: uint16
Data:[[54]
 [54]
 [55]
 [51]
 [46]
 [48]
 [52]
 [55]
 [54]
 [57]
 [54]
 [45]
 [48]
 [32]
 [54]
 [54]
 [55]
 [51]
 [46]
 [48]
 [52]
 [55]
 [54]
 [57]
 [54]
 [45]
 [49]] 
------------------------ Dataset: ayy ------------------------
shape: (33, 1), dtype: uint16
Data:[[54]
 [54]
 [56]
 [56]
 [46]
 [57]
 [53]
 [53]
 [51]
 [56]
 [50]
 [45]
 [48]
 [32]
 [54]
 [54]
 [56]
 [56]
 [46]
 [57]
 [53]
 [48]
 [48]
 [56]
 [54]
 [57]
 [57]
 [57]
 [57]
 [57]
 [57]
 [45]
 [49]] 
------------------------ Dataset: ayz ------------------------
shape: (13, 1), dtype: uint16
Data:[[53]
 [57]
 [48]
 [54]
 [46]
 [56]
 [53]
 [55]
 [54]
 [55]
 [50]
 [45]
 [48]] 
------------------------ Dataset: az ------------------------
