shape: (1, 6), dtype: uint32
Data:[[3707764736          2          1          1       1488          1]] 
------------------------ Dataset: Myb ------------------------
shape: (13, 1), dtype: uint16
Data:[[54]
 [55]
 [55]
 [48]
 [46]
 [56]
 [48]
 [50]
 [49]
 [53]
 [51]
 [45]
 [49]] 
------------------------ Dataset: Myc ------------------------
shape: (27, 1), dtype: uint16
Data:[[54]
 [50]
 [56]
 [51]
 [46]
 [53]
 [54]
 [57]
 [56]
 [54]
 [56]
 [45]
 [48]
 [32]
 [54]
 [50]
 [56]
 [51]
 [46]
 [53]
 [55]
 [51]
 [57]
 [51]
 [52]
 [45]
 [49]] 
------------------------ Dataset: Myd ------------------------
shape: (40, 1), dtype: uint16
Data:[[54]
 [50]
 [57]
 [57]
 [46]
 [51]
 [52]
 [54]
 [48]
 [51]
 [51]
 [57]
 [57]
 [57]
 [57]
 [57]
 [57]
 [45]
 [48]
 [32]
 [54]
 [50]
 [57]
 [57]
 [46]
 [51]
 [52]
 [57]
 [57]
 [51]
 [50]
 [57]
 [57]
 [57]
 [57]
 [57]
 [57]
 [53]
 [45]
 [49]] 
------------------------ Dataset: Mye ------------------------
shape: (34, 1), dtype: uint16
Data:[[54]
 [51]
 [49]
 [53]
 [46]
 [50]
 [49]
 [55]
 [56]
 [52]
 [57]
 [45]
 [48]
 [32]
 [54]
 [51]
 [49]
 [53]
 [46]
 [50]
 [49]
 [51]
 [56]
 [49]
 [53]
 [57]
 [57]
 [57]
 [57]
 [57]
 [57]
 [53]
 [45]
 [49]] 
------------------------ Dataset: Myf ------------------------
shape: (34, 1), dtype: uint16
Data:[[54]
 [51]
 [51]
 [49]
 [46]
 [48]
 [52]
 [51]
 [49]
 [57]
 [49]
 [45]
 [48]
 [32]
 [54]
 [51]
 [51]
 [49]
 [46]
 [48]
 [51]
 [56]
 [49]
 [54]
 [56]
 [57]
 [57]
 [57]
 [57]
 [57]
 [57]
 [53]
 [45]
 [49]] 
------------------------ Dataset: Myg ------------------------
shape: (33, 1), dtype: uint16
Data:[[54]
 [51]
 [52]
 [54]
 [46]
 [56]
 [56]
 [50]
 [49]
 [54]
 [50]
 [57]
 [57]
 [57]
 [57]
 [57]
 [57]
 [45]
 [48]
 [32]
 [54]
 [51]
 [52]
 [54]
 [46]
 [56]
 [56]
 [54]
 [48]
 [48]
 [51]
 [45]
 [49]] 
------------------------ Dataset: Myh ------------------------
shape: (33, 1), dtype: uint16
Data:[[54]
 [53]
 [49]
 [49]
 [46]
 [57]
 [54]
 [53]
 [57]
 [57]
 [51]
 [45]
 [48]
 [32]
 [54]
 [53]
 [49]
 [49]
 [46]
 [57]
 [54]
 [50]
 [48]
 [48]
 [49]
 [57]
 [57]
 [57]
 [57]
 [57]
 [57]
 [45]
 [49]] 
------------------------ Dataset: Myi ------------------------
shape: (27, 1), dtype: uint16
Data:[[54]
 [53]
 [50]
 [55]
 [46]
 [55]
 [57]
 [56]
 [48]
 [50]
 [52]
 [45]
 [48]
 [32]
 [54]
 [53]
 [50]
 [55]
 [46]
 [56]
 [48]
 [50]
 [48]
 [48]
 [51]
 [45]
 [49]] 
------------------------ Dataset: Myj ------------------------
shape: (26, 1), dtype: uint16
Data:[[54]
 [48]
 [50]
 [51]
 [46]
 [51]
 [56]
 [54]
 [50]
 [56]
 [56]
 [45]
 [48]
 [32]
 [54]
 [48]
 [50]
 [51]
 [46]
 [51]
 [56]
 [51]
 [52]
 [50]
 [45]
 [49]] 
------------------------ Dataset: Myk ------------------------
shape: (33, 1), dtype: uint16
Data:[[54]
 [48]
 [51]
 [57]
 [46]
 [49]
 [52]
 [53]
 [53]
 [54]
 [53]
 [57]
 [57]
 [57]
 [57]
 [57]
 [57]
 [45]
 [48]
 [32]
 [54]
 [48]
 [51]
 [57]
 [46]
 [49]
 [52]
 [50]
 [56]
 [49]
 [49]
 [45]
 [49]] 
------------------------ Dataset: Myl ------------------------
shape: (27, 1), dtype: uint16
Data:[[54]
 [48]
 [53]
 [52]
 [46]
 [55]
 [57]
 [49]
 [48]
 [54]
 [52]
 [45]
 [48]
 [32]
 [54]
 [48]
 [53]
 [52]
 [46]
 [55]
 [57]
 [52]
 [51]
 [48]
 [54]
 [45]
 [49]] 
------------------------ Dataset: Mym ------------------------
shape: (39, 1), dtype: uint16
Data:[[54]
 [48]
 [55]
 [48]
 [46]
 [55]
 [51]
 [54]
 [53]
 [53]
 [57]
 [57]
 [57]
 [57]
 [57]
 [57]
 [57]
 [45]
 [48]
 [32]
 [54]
 [48]
 [55]
 [48]
 [46]
 [55]
 [51]
 [54]
 [52]
 [51]
 [53]
 [57]
 [57]
 [57]
 [57]
 [57]
 [57]
 [45]
 [49]] 
------------------------ Dataset: Myn ------------------------
shape: (26, 1), dtype: uint16
Data:[[53]
 [54]
 [51]
 [49]
 [46]
 [54]
 [49]
 [48]
 [49]
 [50]
 [50]
 [45]
 [48]
 [32]
 [53]
 [54]
 [51]
 [49]
 [46]
 [54]
 [48]
 [53]
 [55]
 [49]
 [45]
 [49]] 
------------------------ Dataset: Myo ------------------------
shape: (33, 1), dtype: uint16
Data:[[53]
 [54]
 [52]
 [55]
 [46]
 [50]
 [55]
 [55]
 [54]
 [48]
 [57]
 [45]
 [48]
 [32]
 [53]
 [54]
 [52]
 [55]
 [46]
 [50]
 [56]
 [49]
 [53]
 [57]
 [49]
 [57]
 [57]
 [57]
 [57]
 [57]
 [57]
 [45]
 [49]] 
------------------------ Dataset: Myp ------------------------
shape: (27, 1), dtype: uint16
Data:[[53]
 [54]
 [54]
 [51]
 [46]
 [48]
 [50]
 [49]
 [54]
 [52]
 [56]
 [45]
 [48]
 [32]
 [53]
 [54]
 [54]
 [51]
 [46]
 [48]
 [49]
 [55]
 [54]
 [55]
 [50]
 [45]
 [49]] 
------------------------ Dataset: Myq ------------------------
shape: (27, 1), dtype: uint16
Data:[[53]
 [54]
 [55]
 [56]
 [46]
 [55]
 [54]
 [56]
 [56]
 [50]
 [50]
 [45]
 [48]
 [32]
 [53]
 [54]
 [55]
 [56]
 [46]
 [55]
 [54]
 [49]
 [49]
 [50]
 [52]
 [45]
 [49]] 
------------------------ Dataset: Myr ------------------------
shape: (27, 1), dtype: uint16
Data:[[53]
 [54]
 [57]
 [52]
 [46]
 [53]
 [49]
 [51]
 [55]
 [57]
 [53]
 [45]
 [48]
 [32]
 [53]
 [54]
 [57]
 [52]
 [46]
 [53]
 [48]
 [57]
 [54]
 [53]
 [53]
 [45]
 [49]] 
------------------------ Dataset: Mys ------------------------
shape: (40, 1), dtype: uint16
Data:[[54]
 [52]
 [49]
 [55]
 [46]
 [56]
 [51]
 [52]
 [48]
 [54]
 [53]
 [57]
 [57]
 [57]
 [57]
 [57]
 [57]
 [45]
 [48]
 [32]
 [54]
 [52]
 [49]
 [55]
 [46]
 [56]
 [50]
 [50]
 [51]
 [52]
 [57]
 [57]
 [57]
 [57]
 [57]
 [57]
 [57]
 [53]
 [45]
 [49]] 
------------------------ Dataset: Myt ------------------------
shape: (13, 1), dtype: uint16
Data:[[54]
 [54]
 [48]
 [57]
 [46]
 [57]
 [50]
 [50]
 [49]
 [52]
 [53]
 [45]
 [49]] 
------------------------ Dataset: Myu ------------------------
shape: (33, 1), dtype: uint16
Data:[[54]
 [54]
 [50]
 [53]
 [46]
 [56]
 [54]
 [50]
 [48]
 [54]
 [49]
 [57]
 [57]
 [57]
 [57]
 [57]
 [57]
 [45]
 [48]
 [32]
 [54]
 [54]
 [50]
 [53]
 [46]
 [56]
 [53]
 [56]
 [48]
 [54]
 [52]
 [45]
 [49]] 
------------------------ Dataset: Myv ------------------------
shape: (27, 1), dtype: uint16
Data:[[54]
 [54]
 [52]
 [49]
 [46]
 [54]
 [51]
 [52]
 [48]
 [50]
 [55]
 [45]
 [48]
 [32]
 [54]
 [54]
 [52]
 [49]
 [46]
 [54]
 [51]
 [56]
 [48]
 [57]
 [49]
 [45]
 [49]] 
------------------------ Dataset: Myw ------------------------
shape: (33, 1), dtype: uint16
Data:[[54]
 [54]
 [53]
 [55]
 [46]
 [51]
 [49]
 [56]
 [53]
 [55]
 [52]
 [57]
 [57]
 [57]
 [57]
 [57]
 [57]
 [45]
 [48]
 [32]
 [54]
 [54]
 [53]
 [55]
 [46]
 [51]
 [49]
 [56]
 [56]
 [51]
 [50]
 [45]
 [49]] 
------------------------ Dataset: Myx ------------------------
shape: (33, 1), dtype: uint16
Data:[[54]
 [54]
 [55]
 [51]
 [46]
 [50]
 [49]
 [51]
 [48]
 [52]
 [49]
 [57]
 [57]
 [57]
 [57]
 [57]
 [57]
 [45]
 [48]
 [32]
 [54]
 [54]
 [55]
 [51]
 [46]
 [50]
 [49]
 [52]
 [54]
 [52]
 [52]
 [45]
 [49]] 
------------------------ Dataset: Myy ------------------------
shape: (33, 1), dtype: uint16
Data:[[54]
 [54]
 [56]
 [57]
 [46]
 [49]
 [49]
 [52]
 [48]
 [51]
 [54]
 [57]
 [57]
 [57]
 [57]
 [57]
 [57]
 [45]
 [48]
 [32]
 [54]
 [54]
 [56]
 [57]
 [46]
 [49]
 [49]
 [56]
 [48]
 [49]
 [57]
 [45]
 [49]] 
------------------------ Dataset: Myz ------------------------
shape: (33, 1), dtype: uint16
Data:[[53]
 [57]
 [48]
 [55]
 [46]
 [48]
 [48]
 [53]
 [54]
 [51]
 [54]
 [57]
 [57]
 [57]
 [57]
 [57]
 [57]
 [45]
 [48]
 [32]
 [53]
 [57]
 [48]
 [55]
 [46]
 [48]
 [49]
 [55]
 [55]
 [56]
 [49]
 [45]
 [49]] 
------------------------ Dataset: Mz ------------------------
