shape: (1, 6), dtype: uint32
Data:[[3707764736          2          1          1        314          1]] 
------------------------ Dataset: mfb ------------------------
shape: (33, 1), dtype: uint16
Data:[[54]
 [55]
 [54]
 [53]
 [46]
 [56]
 [51]
 [52]
 [49]
 [48]
 [48]
 [57]
 [57]
 [57]
 [57]
 [57]
 [57]
 [53]
 [45]
 [48]
 [32]
 [54]
 [55]
 [54]
 [53]
 [46]
 [56]
 [51]
 [56]
 [49]
 [49]
 [45]
 [49]] 
------------------------ Dataset: mfc ------------------------
shape: (33, 1), dtype: uint16
Data:[[54]
 [55]
 [56]
 [49]
 [46]
 [54]
 [56]
 [50]
 [51]
 [48]
 [51]
 [45]
 [48]
 [32]
 [54]
 [55]
 [56]
 [49]
 [46]
 [54]
 [56]
 [54]
 [49]
 [49]
 [54]
 [57]
 [57]
 [57]
 [57]
 [57]
 [57]
 [45]
 [49]] 
------------------------ Dataset: mfd ------------------------
shape: (33, 1), dtype: uint16
Data:[[54]
 [50]
 [57]
 [52]
 [46]
 [52]
 [50]
 [53]
 [56]
 [52]
 [56]
 [45]
 [48]
 [32]
 [54]
 [50]
 [57]
 [52]
 [46]
 [52]
 [50]
 [57]
 [56]
 [53]
 [49]
 [57]
 [57]
 [57]
 [57]
 [57]
 [57]
 [45]
 [49]] 
------------------------ Dataset: mfe ------------------------
shape: (33, 1), dtype: uint16
Data:[[54]
 [51]
 [49]
 [48]
 [46]
 [50]
 [53]
 [52]
 [56]
 [50]
 [52]
 [45]
 [48]
 [32]
 [54]
 [51]
 [49]
 [48]
 [46]
 [50]
 [53]
 [52]
 [51]
 [49]
 [52]
 [57]
 [57]
 [57]
 [57]
 [57]
 [57]
 [45]
 [49]] 
------------------------ Dataset: mff ------------------------
shape: (33, 1), dtype: uint16
Data:[[54]
 [51]
 [50]
 [54]
 [46]
 [48]
 [57]
 [51]
 [57]
 [49]
 [56]
 [45]
 [48]
 [32]
 [54]
 [51]
 [50]
 [54]
 [46]
 [48]
 [57]
 [55]
 [57]
 [48]
 [54]
 [57]
 [57]
 [57]
 [57]
 [57]
 [57]
 [45]
 [49]] 
------------------------ Dataset: mfg ------------------------
shape: (40, 1), dtype: uint16
Data:[[54]
 [51]
 [52]
 [49]
 [46]
 [57]
 [50]
 [53]
 [56]
 [56]
 [57]
 [57]
 [57]
 [57]
 [57]
 [57]
 [57]
 [53]
 [45]
 [48]
 [32]
 [54]
 [51]
 [52]
 [49]
 [46]
 [57]
 [50]
 [49]
 [57]
 [54]
 [49]
 [57]
 [57]
 [57]
 [57]
 [57]
 [57]
 [45]
 [49]] 
------------------------ Dataset: mfh ------------------------
shape: (27, 1), dtype: uint16
Data:[[54]
 [53]
 [48]
 [55]
 [46]
 [48]
 [51]
 [53]
 [48]
 [50]
 [52]
 [45]
 [48]
 [32]
 [54]
 [53]
 [48]
 [55]
 [46]
 [48]
 [51]
 [48]
 [56]
 [48]
 [54]
 [45]
 [49]] 
------------------------ Dataset: mfi ------------------------
shape: (27, 1), dtype: uint16
Data:[[54]
 [53]
 [50]
 [50]
 [46]
 [56]
 [53]
 [48]
 [54]
 [52]
 [54]
 [45]
 [48]
 [32]
 [54]
 [53]
 [50]
 [50]
 [46]
 [56]
 [52]
 [54]
 [48]
 [55]
 [54]
 [45]
 [49]] 
------------------------ Dataset: mfj ------------------------
shape: (27, 1), dtype: uint16
Data:[[54]
 [48]
 [49]
 [56]
 [46]
 [52]
 [50]
 [49]
 [55]
 [56]
 [49]
 [45]
 [48]
 [32]
 [54]
 [48]
 [49]
 [56]
 [46]
 [52]
 [49]
 [56]
 [50]
 [54]
 [49]
 [45]
 [49]] 
------------------------ Dataset: mfk ------------------------
shape: (34, 1), dtype: uint16
Data:[[54]
 [48]
 [51]
 [52]
 [46]
 [50]
 [50]
 [49]
 [54]
 [56]
 [52]
 [57]
 [57]
 [57]
 [57]
 [57]
 [57]
 [53]
 [45]
 [48]
 [32]
 [54]
 [48]
 [51]
 [52]
 [46]
 [50]
 [50]
 [53]
 [55]
 [56]
 [49]
 [45]
 [49]] 
------------------------ Dataset: mfl ------------------------
shape: (33, 1), dtype: uint16
Data:[[54]
 [48]
 [52]
 [57]
 [46]
 [56]
 [53]
 [48]
 [48]
 [57]
 [48]
 [57]
 [57]
 [57]
 [57]
 [57]
 [57]
 [45]
 [48]
 [32]
 [54]
 [48]
 [52]
 [57]
 [46]
 [56]
 [52]
 [53]
 [56]
 [54]
 [52]
 [45]
 [49]] 
------------------------ Dataset: mfm ------------------------
shape: (27, 1), dtype: uint16
Data:[[54]
 [48]
 [54]
 [53]
 [46]
 [55]
 [50]
 [57]
 [56]
 [49]
 [50]
 [45]
 [48]
 [32]
 [54]
 [48]
 [54]
 [53]
 [46]
 [55]
 [51]
 [51]
 [56]
 [48]
 [51]
 [45]
 [49]] 
------------------------ Dataset: mfn ------------------------
shape: (27, 1), dtype: uint16
Data:[[54]
 [48]
 [56]
 [49]
 [46]
 [54]
 [55]
 [51]
 [55]
 [53]
 [56]
 [45]
 [48]
 [32]
 [54]
 [48]
 [56]
 [49]
 [46]
 [54]
 [55]
 [51]
 [55]
 [53]
 [53]
 [45]
 [49]] 
------------------------ Dataset: mfo ------------------------
shape: (27, 1), dtype: uint16
Data:[[53]
 [54]
 [52]
 [50]
 [46]
 [51]
 [56]
 [50]
 [51]
 [51]
 [49]
 [45]
 [48]
 [32]
 [53]
 [54]
 [52]
 [50]
 [46]
 [51]
 [55]
 [57]
 [51]
 [48]
 [52]
 [45]
 [49]] 
------------------------ Dataset: mfp ------------------------
shape: (34, 1), dtype: uint16
Data:[[53]
 [54]
 [53]
 [56]
 [46]
 [49]
 [50]
 [49]
 [53]
 [52]
 [56]
 [57]
 [57]
 [57]
 [57]
 [57]
 [57]
 [53]
 [45]
 [48]
 [32]
 [53]
 [54]
 [53]
 [56]
 [46]
 [49]
 [50]
 [53]
 [53]
 [52]
 [55]
 [45]
 [49]] 
------------------------ Dataset: mfq ------------------------
shape: (27, 1), dtype: uint16
Data:[[53]
 [54]
 [55]
 [51]
 [46]
 [56]
 [51]
 [51]
 [53]
 [56]
 [55]
 [45]
 [48]
 [32]
 [53]
 [54]
 [55]
 [51]
 [46]
 [56]
 [50]
 [57]
 [53]
 [53]
 [55]
 [45]
 [49]] 
------------------------ Dataset: mfr ------------------------
shape: (27, 1), dtype: uint16
Data:[[53]
 [54]
 [56]
 [57]
 [46]
 [54]
 [48]
 [50]
 [56]
 [57]
 [53]
 [45]
 [48]
 [32]
 [53]
 [54]
 [56]
 [57]
 [46]
 [54]
 [48]
 [53]
 [53]
 [50]
 [50]
 [45]
 [49]] 
------------------------ Dataset: mfs ------------------------
shape: (27, 1), dtype: uint16
Data:[[54]
 [52]
 [49]
 [50]
 [46]
 [56]
 [55]
 [56]
 [50]
 [50]
 [56]
 [45]
 [48]
 [32]
 [54]
 [52]
 [49]
 [50]
 [46]
 [56]
 [56]
 [50]
 [57]
 [55]
 [49]
 [45]
 [49]] 
------------------------ Dataset: mft ------------------------
shape: (26, 1), dtype: uint16
Data:[[54]
 [54]
 [48]
 [52]
 [46]
 [57]
 [51]
 [55]
 [57]
 [54]
 [52]
 [45]
 [48]
 [32]
 [54]
 [54]
 [48]
 [52]
 [46]
 [57]
 [52]
 [50]
 [48]
 [49]
 [45]
 [49]] 
------------------------ Dataset: mfu ------------------------
shape: (39, 1), dtype: uint16
Data:[[54]
 [54]
 [50]
 [48]
 [46]
 [57]
 [49]
 [52]
 [48]
 [50]
 [50]
 [57]
 [57]
 [57]
 [57]
 [57]
 [57]
 [45]
 [48]
 [32]
 [54]
 [54]
 [50]
 [48]
 [46]
 [57]
 [49]
 [56]
 [50]
 [52]
 [53]
 [57]
 [57]
 [57]
 [57]
 [57]
 [57]
 [45]
 [49]] 
------------------------ Dataset: mfv ------------------------
shape: (32, 1), dtype: uint16
Data:[[54]
 [54]
 [51]
 [54]
 [46]
 [55]
 [55]
 [49]
 [54]
 [55]
 [45]
 [48]
 [32]
 [54]
 [54]
 [51]
 [54]
 [46]
 [55]
 [54]
 [54]
 [52]
 [50]
 [48]
 [57]
 [57]
 [57]
 [57]
 [57]
 [57]
 [45]
 [49]] 
------------------------ Dataset: mfw ------------------------
shape: (13, 1), dtype: uint16
Data:[[54]
 [54]
 [53]
 [50]
 [46]
 [51]
 [53]
 [48]
 [49]
 [49]
 [50]
 [45]
 [48]] 
------------------------ Dataset: mfx ------------------------
shape: (27, 1), dtype: uint16
Data:[[54]
 [54]
 [54]
 [56]
 [46]
 [50]
 [49]
 [55]
 [53]
 [54]
 [53]
 [45]
 [48]
 [32]
 [54]
 [54]
 [54]
 [56]
 [46]
 [50]
 [50]
 [52]
 [55]
 [53]
 [54]
 [45]
 [49]] 
------------------------ Dataset: mfy ------------------------
shape: (13, 1), dtype: uint16
Data:[[54]
 [54]
 [56]
 [52]
 [46]
 [49]
 [50]
 [54]
 [50]
 [49]
 [52]
 [45]
 [48]] 
------------------------ Dataset: mfz ------------------------
shape: (33, 1), dtype: uint16
Data:[[53]
 [57]
 [48]
 [50]
 [46]
 [48]
 [53]
 [55]
 [54]
 [54]
 [54]
 [45]
 [48]
 [32]
 [53]
 [57]
 [48]
 [50]
 [46]
 [48]
 [54]
 [49]
 [56]
 [48]
 [57]
 [57]
 [57]
 [57]
 [57]
 [57]
 [57]
 [45]
 [49]] 
------------------------ Dataset: mg ------------------------
