shape: (1, 6), dtype: uint32
Data:[[3707764736          2          1          1        522          1]] 
------------------------ Dataset: Oib ------------------------
shape: (27, 1), dtype: uint16
Data:[[54]
 [55]
 [54]
 [54]
 [46]
 [55]
 [50]
 [50]
 [50]
 [56]
 [51]
 [45]
 [48]
 [32]
 [54]
 [55]
 [54]
 [54]
 [46]
 [55]
 [50]
 [48]
 [49]
 [51]
 [53]
 [45]
 [49]] 
------------------------ Dataset: Oic ------------------------
shape: (27, 1), dtype: uint16
Data:[[54]
 [50]
 [55]
 [57]
 [46]
 [53]
 [50]
 [49]
 [57]
 [50]
 [55]
 [45]
 [48]
 [32]
 [54]
 [50]
 [55]
 [57]
 [46]
 [53]
 [49]
 [55]
 [56]
 [56]
 [50]
 [45]
 [49]] 
------------------------ Dataset: Oid ------------------------
shape: (33, 1), dtype: uint16
Data:[[54]
 [50]
 [57]
 [53]
 [46]
 [50]
 [56]
 [53]
 [56]
 [56]
 [55]
 [45]
 [48]
 [32]
 [54]
 [50]
 [57]
 [53]
 [46]
 [50]
 [56]
 [57]
 [56]
 [50]
 [56]
 [57]
 [57]
 [57]
 [57]
 [57]
 [57]
 [45]
 [49]] 
------------------------ Dataset: Oie ------------------------
shape: (27, 1), dtype: uint16
Data:[[54]
 [51]
 [49]
 [49]
 [46]
 [49]
 [49]
 [56]
 [49]
 [49]
 [57]
 [45]
 [48]
 [32]
 [54]
 [51]
 [49]
 [49]
 [46]
 [49]
 [49]
 [52]
 [48]
 [48]
 [54]
 [45]
 [49]] 
------------------------ Dataset: Oif ------------------------
shape: (34, 1), dtype: uint16
Data:[[54]
 [51]
 [50]
 [54]
 [46]
 [57]
 [56]
 [57]
 [57]
 [57]
 [52]
 [45]
 [48]
 [32]
 [54]
 [51]
 [50]
 [54]
 [46]
 [57]
 [57]
 [51]
 [56]
 [56]
 [51]
 [57]
 [57]
 [57]
 [57]
 [57]
 [57]
 [53]
 [45]
 [49]] 
------------------------ Dataset: Oig ------------------------
shape: (33, 1), dtype: uint16
Data:[[54]
 [51]
 [52]
 [50]
 [46]
 [55]
 [57]
 [56]
 [54]
 [54]
 [52]
 [45]
 [48]
 [32]
 [54]
 [51]
 [52]
 [50]
 [46]
 [56]
 [48]
 [50]
 [48]
 [54]
 [48]
 [57]
 [57]
 [57]
 [57]
 [57]
 [57]
 [45]
 [49]] 
------------------------ Dataset: Oih ------------------------
shape: (27, 1), dtype: uint16
Data:[[54]
 [53]
 [48]
 [55]
 [46]
 [56]
 [57]
 [56]
 [48]
 [51]
 [52]
 [45]
 [48]
 [32]
 [54]
 [53]
 [48]
 [55]
 [46]
 [56]
 [57]
 [52]
 [48]
 [54]
 [54]
 [45]
 [49]] 
------------------------ Dataset: Oii ------------------------
shape: (34, 1), dtype: uint16
Data:[[54]
 [53]
 [50]
 [51]
 [46]
 [55]
 [50]
 [56]
 [55]
 [54]
 [51]
 [57]
 [57]
 [57]
 [57]
 [57]
 [57]
 [53]
 [45]
 [48]
 [32]
 [54]
 [53]
 [50]
 [51]
 [46]
 [55]
 [51]
 [53]
 [51]
 [48]
 [55]
 [45]
 [49]] 
------------------------ Dataset: Oij ------------------------
shape: (27, 1), dtype: uint16
Data:[[54]
 [48]
 [49]
 [57]
 [46]
 [51]
 [48]
 [53]
 [51]
 [53]
 [49]
 [45]
 [48]
 [32]
 [54]
 [48]
 [49]
 [57]
 [46]
 [51]
 [48]
 [55]
 [57]
 [48]
 [54]
 [45]
 [49]] 
------------------------ Dataset: Oik ------------------------
shape: (27, 1), dtype: uint16
Data:[[54]
 [48]
 [51]
 [53]
 [46]
 [49]
 [48]
 [49]
 [55]
 [50]
 [52]
 [45]
 [48]
 [32]
 [54]
 [48]
 [51]
 [53]
 [46]
 [49]
 [48]
 [53]
 [56]
 [48]
 [54]
 [45]
 [49]] 
------------------------ Dataset: Oil ------------------------
shape: (33, 1), dtype: uint16
Data:[[54]
 [48]
 [53]
 [48]
 [46]
 [55]
 [50]
 [57]
 [57]
 [54]
 [54]
 [57]
 [57]
 [57]
 [57]
 [57]
 [57]
 [45]
 [48]
 [32]
 [54]
 [48]
 [53]
 [48]
 [46]
 [55]
 [51]
 [51]
 [56]
 [51]
 [56]
 [45]
 [49]] 
------------------------ Dataset: Oim ------------------------
shape: (27, 1), dtype: uint16
Data:[[54]
 [48]
 [54]
 [54]
 [46]
 [54]
 [50]
 [53]
 [55]
 [57]
 [52]
 [45]
 [48]
 [32]
 [54]
 [48]
 [54]
 [54]
 [46]
 [54]
 [51]
 [48]
 [57]
 [57]
 [52]
 [45]
 [49]] 
------------------------ Dataset: Oin ------------------------
shape: (27, 1), dtype: uint16
Data:[[54]
 [48]
 [56]
 [50]
 [46]
 [53]
 [52]
 [53]
 [55]
 [49]
 [52]
 [45]
 [48]
 [32]
 [54]
 [48]
 [56]
 [50]
 [46]
 [53]
 [52]
 [57]
 [55]
 [50]
 [53]
 [45]
 [49]] 
------------------------ Dataset: Oio ------------------------
shape: (34, 1), dtype: uint16
Data:[[53]
 [54]
 [52]
 [51]
 [46]
 [50]
 [52]
 [57]
 [53]
 [54]
 [53]
 [57]
 [57]
 [57]
 [57]
 [57]
 [57]
 [53]
 [45]
 [48]
 [32]
 [53]
 [54]
 [52]
 [51]
 [46]
 [50]
 [52]
 [57]
 [54]
 [50]
 [52]
 [45]
 [49]] 
------------------------ Dataset: Oip ------------------------
shape: (34, 1), dtype: uint16
Data:[[53]
 [54]
 [53]
 [56]
 [46]
 [57]
 [57]
 [51]
 [53]
 [55]
 [52]
 [57]
 [57]
 [57]
 [57]
 [57]
 [57]
 [53]
 [45]
 [48]
 [32]
 [53]
 [54]
 [53]
 [56]
 [46]
 [57]
 [56]
 [57]
 [54]
 [49]
 [51]
 [45]
 [49]] 
------------------------ Dataset: Oiq ------------------------
shape: (33, 1), dtype: uint16
Data:[[53]
 [54]
 [55]
 [52]
 [46]
 [54]
 [57]
 [55]
 [53]
 [57]
 [49]
 [45]
 [48]
 [32]
 [53]
 [54]
 [55]
 [52]
 [46]
 [55]
 [48]
 [49]
 [53]
 [50]
 [54]
 [57]
 [57]
 [57]
 [57]
 [57]
 [57]
 [45]
 [49]] 
------------------------ Dataset: Oir ------------------------
shape: (27, 1), dtype: uint16
Data:[[53]
 [54]
 [57]
 [48]
 [46]
 [52]
 [55]
 [55]
 [53]
 [51]
 [56]
 [45]
 [48]
 [32]
 [53]
 [54]
 [57]
 [48]
 [46]
 [52]
 [55]
 [55]
 [53]
 [52]
 [50]
 [45]
 [49]] 
------------------------ Dataset: Ois ------------------------
shape: (27, 1), dtype: uint16
Data:[[54]
 [52]
 [49]
 [51]
 [46]
 [55]
 [52]
 [57]
 [56]
 [55]
 [56]
 [45]
 [48]
 [32]
 [54]
 [52]
 [49]
 [51]
 [46]
 [55]
 [53]
 [51]
 [57]
 [54]
 [56]
 [45]
 [49]] 
------------------------ Dataset: Oit ------------------------
shape: (33, 1), dtype: uint16
Data:[[54]
 [54]
 [48]
 [53]
 [46]
 [56]
 [49]
 [56]
 [50]
 [56]
 [52]
 [57]
 [57]
 [57]
 [57]
 [57]
 [57]
 [45]
 [48]
 [32]
 [54]
 [54]
 [48]
 [53]
 [46]
 [56]
 [49]
 [53]
 [50]
 [48]
 [56]
 [45]
 [49]] 
------------------------ Dataset: Oiu ------------------------
shape: (26, 1), dtype: uint16
Data:[[54]
 [54]
 [50]
 [49]
 [46]
 [55]
 [57]
 [56]
 [54]
 [50]
 [45]
 [48]
 [32]
 [54]
 [54]
 [50]
 [49]
 [46]
 [56]
 [48]
 [50]
 [50]
 [48]
 [55]
 [45]
 [49]] 
------------------------ Dataset: Oiv ------------------------
shape: (27, 1), dtype: uint16
Data:[[54]
 [54]
 [51]
 [55]
 [46]
 [54]
 [52]
 [50]
 [50]
 [49]
 [55]
 [45]
 [48]
 [32]
 [54]
 [54]
 [51]
 [55]
 [46]
 [54]
 [52]
 [54]
 [50]
 [51]
 [57]
 [45]
 [49]] 
------------------------ Dataset: Oiw ------------------------
shape: (13, 1), dtype: uint16
Data:[[54]
 [54]
 [53]
 [51]
 [46]
 [50]
 [51]
 [48]
 [50]
 [53]
 [54]
 [45]
 [48]] 
------------------------ Dataset: Oix ------------------------
shape: (12, 1), dtype: uint16
Data:[[54]
 [54]
 [54]
 [57]
 [46]
 [49]
 [49]
 [53]
 [56]
 [51]
 [45]
 [48]] 
------------------------ Dataset: Oiy ------------------------
shape: (26, 1), dtype: uint16
Data:[[54]
 [54]
 [56]
 [53]
 [46]
 [48]
 [50]
 [50]
 [49]
 [56]
 [51]
 [45]
 [48]
 [32]
 [54]
 [54]
 [56]
 [53]
 [46]
 [48]
 [50]
 [54]
 [49]
 [53]
 [45]
 [49]] 
------------------------ Dataset: Oiz ------------------------
shape: (33, 1), dtype: uint16
Data:[[53]
 [57]
 [48]
 [50]
 [46]
 [57]
 [52]
 [53]
 [54]
 [57]
 [52]
 [57]
 [57]
 [57]
 [57]
 [57]
 [57]
 [45]
 [48]
 [32]
 [53]
 [57]
 [48]
 [50]
 [46]
 [57]
 [52]
 [57]
 [55]
 [50]
 [57]
 [45]
 [49]] 
------------------------ Dataset: Oj ------------------------
