shape: (1, 6), dtype: uint32
Data:[[3707764736          2          1          1       1875          1]] 
------------------------ Dataset: aFb ------------------------
shape: (27, 1), dtype: uint16
Data:[[54]
 [55]
 [55]
 [50]
 [46]
 [52]
 [49]
 [56]
 [49]
 [56]
 [56]
 [45]
 [48]
 [32]
 [54]
 [55]
 [55]
 [50]
 [46]
 [52]
 [49]
 [52]
 [50]
 [48]
 [53]
 [45]
 [49]] 
------------------------ Dataset: aFc ------------------------
shape: (26, 1), dtype: uint16
Data:[[54]
 [50]
 [56]
 [53]
 [46]
 [49]
 [57]
 [51]
 [56]
 [57]
 [45]
 [48]
 [32]
 [54]
 [50]
 [56]
 [53]
 [46]
 [49]
 [56]
 [57]
 [57]
 [54]
 [51]
 [45]
 [49]] 
------------------------ Dataset: aFd ------------------------
shape: (27, 1), dtype: uint16
Data:[[54]
 [51]
 [48]
 [48]
 [46]
 [57]
 [55]
 [55]
 [56]
 [54]
 [56]
 [45]
 [48]
 [32]
 [54]
 [51]
 [48]
 [48]
 [46]
 [57]
 [55]
 [51]
 [56]
 [57]
 [57]
 [45]
 [49]] 
------------------------ Dataset: aFe ------------------------
shape: (33, 1), dtype: uint16
Data:[[54]
 [51]
 [49]
 [54]
 [46]
 [56]
 [53]
 [49]
 [48]
 [50]
 [45]
 [48]
 [32]
 [54]
 [51]
 [49]
 [54]
 [46]
 [56]
 [53]
 [49]
 [50]
 [53]
 [57]
 [57]
 [57]
 [57]
 [57]
 [57]
 [57]
 [53]
 [45]
 [49]] 
------------------------ Dataset: aFf ------------------------
shape: (33, 1), dtype: uint16
Data:[[54]
 [51]
 [51]
 [50]
 [46]
 [54]
 [54]
 [57]
 [57]
 [57]
 [57]
 [45]
 [48]
 [32]
 [54]
 [51]
 [51]
 [50]
 [46]
 [54]
 [54]
 [53]
 [57]
 [52]
 [51]
 [57]
 [57]
 [57]
 [57]
 [57]
 [57]
 [45]
 [49]] 
------------------------ Dataset: aFg ------------------------
shape: (27, 1), dtype: uint16
Data:[[54]
 [52]
 [57]
 [55]
 [46]
 [56]
 [50]
 [50]
 [49]
 [51]
 [55]
 [45]
 [48]
 [32]
 [54]
 [52]
 [57]
 [55]
 [46]
 [56]
 [49]
 [56]
 [49]
 [50]
 [56]
 [45]
 [49]] 
------------------------ Dataset: aFh ------------------------
shape: (33, 1), dtype: uint16
Data:[[54]
 [53]
 [49]
 [51]
 [46]
 [54]
 [49]
 [56]
 [48]
 [49]
 [55]
 [45]
 [48]
 [32]
 [54]
 [53]
 [49]
 [51]
 [46]
 [54]
 [50]
 [54]
 [48]
 [55]
 [55]
 [57]
 [57]
 [57]
 [57]
 [57]
 [57]
 [45]
 [49]] 
------------------------ Dataset: aFi ------------------------
shape: (33, 1), dtype: uint16
Data:[[54]
 [53]
 [50]
 [57]
 [46]
 [52]
 [51]
 [52]
 [48]
 [55]
 [54]
 [45]
 [48]
 [32]
 [54]
 [53]
 [50]
 [57]
 [46]
 [52]
 [51]
 [48]
 [51]
 [52]
 [51]
 [57]
 [57]
 [57]
 [57]
 [57]
 [57]
 [45]
 [49]] 
------------------------ Dataset: aFj ------------------------
shape: (33, 1), dtype: uint16
Data:[[54]
 [48]
 [50]
 [52]
 [46]
 [57]
 [56]
 [57]
 [56]
 [53]
 [53]
 [45]
 [48]
 [32]
 [54]
 [48]
 [50]
 [52]
 [46]
 [57]
 [57]
 [51]
 [56]
 [57]
 [54]
 [57]
 [57]
 [57]
 [57]
 [57]
 [57]
 [45]
 [49]] 
------------------------ Dataset: aFk ------------------------
shape: (33, 1), dtype: uint16
Data:[[54]
 [48]
 [52]
 [48]
 [46]
 [55]
 [52]
 [50]
 [49]
 [49]
 [49]
 [45]
 [48]
 [32]
 [54]
 [48]
 [52]
 [48]
 [46]
 [55]
 [52]
 [50]
 [50]
 [56]
 [57]
 [57]
 [57]
 [57]
 [57]
 [57]
 [57]
 [45]
 [49]] 
------------------------ Dataset: aFl ------------------------
shape: (26, 1), dtype: uint16
Data:[[54]
 [48]
 [53]
 [54]
 [46]
 [52]
 [52]
 [49]
 [55]
 [54]
 [57]
 [45]
 [48]
 [32]
 [54]
 [48]
 [53]
 [54]
 [46]
 [52]
 [52]
 [49]
 [55]
 [56]
 [45]
 [49]] 
------------------------ Dataset: aFm ------------------------
shape: (33, 1), dtype: uint16
Data:[[54]
 [48]
 [55]
 [50]
 [46]
 [51]
 [51]
 [55]
 [55]
 [55]
 [55]
 [45]
 [48]
 [32]
 [54]
 [48]
 [55]
 [50]
 [46]
 [51]
 [52]
 [54]
 [52]
 [55]
 [49]
 [57]
 [57]
 [57]
 [57]
 [57]
 [57]
 [45]
 [49]] 
------------------------ Dataset: aFn ------------------------
shape: (34, 1), dtype: uint16
Data:[[53]
 [54]
 [51]
 [51]
 [46]
 [50]
 [50]
 [51]
 [52]
 [56]
 [52]
 [45]
 [48]
 [32]
 [53]
 [54]
 [51]
 [51]
 [46]
 [50]
 [50]
 [53]
 [56]
 [54]
 [55]
 [57]
 [57]
 [57]
 [57]
 [57]
 [57]
 [53]
 [45]
 [49]] 
------------------------ Dataset: aFo ------------------------
shape: (39, 1), dtype: uint16
Data:[[53]
 [54]
 [52]
 [56]
 [46]
 [57]
 [48]
 [49]
 [54]
 [54]
 [49]
 [57]
 [57]
 [57]
 [57]
 [57]
 [57]
 [45]
 [48]
 [32]
 [53]
 [54]
 [52]
 [56]
 [46]
 [57]
 [48]
 [53]
 [54]
 [56]
 [51]
 [57]
 [57]
 [57]
 [57]
 [57]
 [57]
 [45]
 [49]] 
------------------------ Dataset: aFp ------------------------
shape: (27, 1), dtype: uint16
Data:[[53]
 [54]
 [54]
 [52]
 [46]
 [54]
 [51]
 [52]
 [56]
 [55]
 [54]
 [45]
 [48]
 [32]
 [53]
 [54]
 [54]
 [52]
 [46]
 [54]
 [51]
 [57]
 [55]
 [53]
 [54]
 [45]
 [49]] 
------------------------ Dataset: aFq ------------------------
shape: (33, 1), dtype: uint16
Data:[[53]
 [54]
 [56]
 [48]
 [46]
 [51]
 [55]
 [55]
 [54]
 [49]
 [57]
 [57]
 [57]
 [57]
 [57]
 [57]
 [57]
 [45]
 [48]
 [32]
 [53]
 [54]
 [56]
 [48]
 [46]
 [51]
 [56]
 [50]
 [52]
 [56]
 [50]
 [45]
 [49]] 
------------------------ Dataset: aFr ------------------------
shape: (33, 1), dtype: uint16
Data:[[53]
 [56]
 [48]
 [54]
 [46]
 [54]
 [55]
 [51]
 [54]
 [52]
 [53]
 [57]
 [57]
 [57]
 [57]
 [57]
 [57]
 [45]
 [48]
 [32]
 [53]
 [56]
 [48]
 [54]
 [46]
 [54]
 [56]
 [51]
 [56]
 [52]
 [49]
 [45]
 [49]] 
------------------------ Dataset: aFs ------------------------
shape: (33, 1), dtype: uint16
Data:[[54]
 [52]
 [49]
 [57]
 [46]
 [52]
 [54]
 [49]
 [56]
 [53]
 [57]
 [45]
 [48]
 [32]
 [54]
 [52]
 [49]
 [57]
 [46]
 [52]
 [54]
 [54]
 [56]
 [53]
 [48]
 [57]
 [57]
 [57]
 [57]
 [57]
 [57]
 [45]
 [49]] 
------------------------ Dataset: aFt ------------------------
shape: (27, 1), dtype: uint16
Data:[[54]
 [54]
 [49]
 [49]
 [46]
 [53]
 [53]
 [53]
 [52]
 [52]
 [55]
 [45]
 [48]
 [32]
 [54]
 [54]
 [49]
 [49]
 [46]
 [53]
 [53]
 [56]
 [50]
 [53]
 [50]
 [45]
 [49]] 
------------------------ Dataset: aFu ------------------------
shape: (33, 1), dtype: uint16
Data:[[54]
 [54]
 [50]
 [55]
 [46]
 [52]
 [55]
 [51]
 [57]
 [57]
 [52]
 [45]
 [48]
 [32]
 [54]
 [54]
 [50]
 [55]
 [46]
 [52]
 [56]
 [48]
 [48]
 [50]
 [48]
 [57]
 [57]
 [57]
 [57]
 [57]
 [57]
 [45]
 [49]] 
------------------------ Dataset: aFv ------------------------
shape: (34, 1), dtype: uint16
Data:[[54]
 [54]
 [52]
 [51]
 [46]
 [50]
 [51]
 [52]
 [49]
 [48]
 [52]
 [57]
 [57]
 [57]
 [57]
 [57]
 [57]
 [53]
 [45]
 [48]
 [32]
 [54]
 [54]
 [52]
 [51]
 [46]
 [50]
 [51]
 [56]
 [48]
 [56]
 [53]
 [45]
 [49]] 
------------------------ Dataset: aFw ------------------------
shape: (33, 1), dtype: uint16
Data:[[54]
 [54]
 [53]
 [56]
 [46]
 [57]
 [55]
 [52]
 [50]
 [49]
 [49]
 [45]
 [48]
 [32]
 [54]
 [54]
 [53]
 [56]
 [46]
 [57]
 [55]
 [56]
 [49]
 [49]
 [56]
 [57]
 [57]
 [57]
 [57]
 [57]
 [57]
 [45]
 [49]] 
------------------------ Dataset: aFx ------------------------
shape: (39, 1), dtype: uint16
Data:[[54]
 [54]
 [55]
 [52]
 [46]
 [56]
 [52]
 [53]
 [50]
 [52]
 [57]
 [57]
 [57]
 [57]
 [57]
 [57]
 [57]
 [45]
 [48]
 [32]
 [54]
 [54]
 [55]
 [52]
 [46]
 [56]
 [51]
 [56]
 [54]
 [56]
 [56]
 [57]
 [57]
 [57]
 [57]
 [57]
 [57]
 [45]
 [49]] 
------------------------ Dataset: aFy ------------------------
shape: (33, 1), dtype: uint16
Data:[[54]
 [54]
 [57]
 [48]
 [46]
 [55]
 [53]
 [56]
 [49]
 [48]
 [53]
 [57]
 [57]
 [57]
 [57]
 [57]
 [57]
 [45]
 [48]
 [32]
 [54]
 [54]
 [57]
 [48]
 [46]
 [55]
 [53]
 [52]
 [55]
 [49]
 [49]
 [45]
 [49]] 
------------------------ Dataset: aFz ------------------------
shape: (27, 1), dtype: uint16
Data:[[53]
 [57]
 [48]
 [56]
 [46]
 [54]
 [51]
 [51]
 [54]
 [55]
 [53]
 [45]
 [48]
 [32]
 [53]
 [57]
 [48]
 [56]
 [46]
 [54]
 [51]
 [55]
 [54]
 [56]
 [56]
 [45]
 [49]] 
------------------------ Dataset: aG ------------------------
