shape: (1, 6), dtype: uint32
Data:[[3707764736          2          1          1        399          1]] 
------------------------ Dataset: Lgb ------------------------
shape: (26, 1), dtype: uint16
Data:[[54]
 [55]
 [54]
 [54]
 [46]
 [49]
 [57]
 [48]
 [49]
 [51]
 [55]
 [45]
 [48]
 [32]
 [54]
 [55]
 [54]
 [54]
 [46]
 [49]
 [56]
 [54]
 [50]
 [52]
 [45]
 [49]] 
------------------------ Dataset: Lgc ------------------------
shape: (21, 1), dtype: object
Data:[[<HDF5 object reference>]
 [<HDF5 object reference>]
 [<HDF5 object reference>]
 [<HDF5 object reference>]
 [<HDF5 object reference>]
 [<HDF5 object reference>]
 [<HDF5 object reference>]
 [<HDF5 object reference>]
 [<HDF5 object reference>]
 [<HDF5 object reference>]
 [<HDF5 object reference>]
 [<HDF5 object reference>]
 [<HDF5 object reference>]
 [<HDF5 object reference>]
 [<HDF5 object reference>]
 [<HDF5 object reference>]
 [<HDF5 object reference>]
 [<HDF5 object reference>]
 [<HDF5 object reference>]
 [<HDF5 object reference>]
 [<HDF5 object reference>]] 
------------------------ Dataset: Lgd ------------------------
shape: (27, 1), dtype: uint16
Data:[[54]
 [50]
 [57]
 [52]
 [46]
 [55]
 [55]
 [56]
 [49]
 [53]
 [55]
 [45]
 [48]
 [32]
 [54]
 [50]
 [57]
 [52]
 [46]
 [55]
 [55]
 [53]
 [52]
 [49]
 [53]
 [45]
 [49]] 
------------------------ Dataset: Lge ------------------------
shape: (40, 1), dtype: uint16
Data:[[54]
 [51]
 [49]
 [48]
 [46]
 [53]
 [57]
 [51]
 [56]
 [55]
 [49]
 [57]
 [57]
 [57]
 [57]
 [57]
 [57]
 [53]
 [45]
 [48]
 [32]
 [54]
 [51]
 [49]
 [48]
 [46]
 [53]
 [57]
 [55]
 [56]
 [56]
 [52]
 [57]
 [57]
 [57]
 [57]
 [57]
 [57]
 [45]
 [49]] 
------------------------ Dataset: Lgf ------------------------
shape: (27, 1), dtype: uint16
Data:[[54]
 [51]
 [50]
 [54]
 [46]
 [52]
 [53]
 [55]
 [56]
 [53]
 [56]
 [45]
 [48]
 [32]
 [54]
 [51]
 [50]
 [54]
 [46]
 [52]
 [53]
 [52]
 [48]
 [48]
 [57]
 [45]
 [49]] 
------------------------ Dataset: Lgg ------------------------
shape: (25, 1), dtype: uint16
Data:[[54]
 [51]
 [52]
 [50]
 [46]
 [50]
 [55]
 [51]
 [56]
 [55]
 [56]
 [45]
 [48]
 [32]
 [54]
 [51]
 [52]
 [50]
 [46]
 [50]
 [55]
 [55]
 [57]
 [45]
 [49]] 
------------------------ Dataset: Lgh ------------------------
shape: (27, 1), dtype: uint16
Data:[[54]
 [53]
 [48]
 [55]
 [46]
 [51]
 [56]
 [55]
 [48]
 [55]
 [54]
 [45]
 [48]
 [32]
 [54]
 [53]
 [48]
 [55]
 [46]
 [51]
 [56]
 [55]
 [49]
 [54]
 [50]
 [45]
 [49]] 
------------------------ Dataset: Lgi ------------------------
shape: (32, 1), dtype: uint16
Data:[[54]
 [53]
 [50]
 [51]
 [46]
 [50]
 [48]
 [55]
 [51]
 [52]
 [45]
 [48]
 [32]
 [54]
 [53]
 [50]
 [51]
 [46]
 [50]
 [48]
 [49]
 [57]
 [52]
 [56]
 [57]
 [57]
 [57]
 [57]
 [57]
 [57]
 [45]
 [49]] 
------------------------ Dataset: Lgj ------------------------
shape: (34, 1), dtype: uint16
Data:[[54]
 [48]
 [49]
 [56]
 [46]
 [55]
 [55]
 [56]
 [49]
 [57]
 [56]
 [45]
 [48]
 [32]
 [54]
 [48]
 [49]
 [56]
 [46]
 [55]
 [56]
 [49]
 [56]
 [56]
 [55]
 [57]
 [57]
 [57]
 [57]
 [57]
 [57]
 [53]
 [45]
 [49]] 
------------------------ Dataset: Lgk ------------------------
shape: (27, 1), dtype: uint16
Data:[[54]
 [48]
 [51]
 [52]
 [46]
 [53]
 [57]
 [51]
 [56]
 [57]
 [55]
 [45]
 [48]
 [32]
 [54]
 [48]
 [51]
 [52]
 [46]
 [53]
 [56]
 [57]
 [57]
 [54]
 [49]
 [45]
 [49]] 
------------------------ Dataset: Lgl ------------------------
shape: (27, 1), dtype: uint16
Data:[[54]
 [48]
 [53]
 [48]
 [46]
 [50]
 [48]
 [53]
 [57]
 [57]
 [51]
 [45]
 [48]
 [32]
 [54]
 [48]
 [53]
 [48]
 [46]
 [50]
 [48]
 [57]
 [55]
 [51]
 [57]
 [45]
 [49]] 
------------------------ Dataset: Lgm ------------------------
shape: (33, 1), dtype: uint16
Data:[[54]
 [48]
 [54]
 [54]
 [46]
 [48]
 [57]
 [51]
 [55]
 [57]
 [48]
 [57]
 [57]
 [57]
 [57]
 [57]
 [57]
 [45]
 [48]
 [32]
 [54]
 [48]
 [54]
 [54]
 [46]
 [48]
 [56]
 [57]
 [55]
 [50]
 [53]
 [45]
 [49]] 
------------------------ Dataset: Lgn ------------------------
shape: (33, 1), dtype: uint16
Data:[[54]
 [48]
 [56]
 [50]
 [46]
 [48]
 [50]
 [57]
 [56]
 [52]
 [50]
 [45]
 [48]
 [32]
 [54]
 [48]
 [56]
 [50]
 [46]
 [48]
 [50]
 [55]
 [51]
 [50]
 [50]
 [57]
 [57]
 [57]
 [57]
 [57]
 [57]
 [45]
 [49]] 
------------------------ Dataset: Lgo ------------------------
shape: (34, 1), dtype: uint16
Data:[[53]
 [54]
 [52]
 [50]
 [46]
 [55]
 [50]
 [53]
 [55]
 [50]
 [51]
 [45]
 [48]
 [32]
 [53]
 [54]
 [52]
 [50]
 [46]
 [55]
 [51]
 [51]
 [54]
 [51]
 [49]
 [57]
 [57]
 [57]
 [57]
 [57]
 [57]
 [53]
 [45]
 [49]] 
------------------------ Dataset: Lgp ------------------------
shape: (27, 1), dtype: uint16
Data:[[53]
 [54]
 [53]
 [56]
 [46]
 [52]
 [55]
 [55]
 [55]
 [49]
 [50]
 [45]
 [48]
 [32]
 [53]
 [54]
 [53]
 [56]
 [46]
 [52]
 [55]
 [51]
 [56]
 [52]
 [49]
 [45]
 [49]] 
------------------------ Dataset: Lgq ------------------------
shape: (40, 1), dtype: uint16
Data:[[53]
 [54]
 [55]
 [52]
 [46]
 [49]
 [56]
 [56]
 [57]
 [49]
 [48]
 [57]
 [57]
 [57]
 [57]
 [57]
 [57]
 [45]
 [48]
 [32]
 [53]
 [54]
 [55]
 [52]
 [46]
 [49]
 [57]
 [49]
 [48]
 [57]
 [50]
 [57]
 [57]
 [57]
 [57]
 [57]
 [57]
 [53]
 [45]
 [49]] 
------------------------ Dataset: Lgr ------------------------
shape: (27, 1), dtype: uint16
Data:[[53]
 [54]
 [56]
 [57]
 [46]
 [57]
 [54]
 [49]
 [53]
 [55]
 [57]
 [45]
 [48]
 [32]
 [53]
 [54]
 [56]
 [57]
 [46]
 [57]
 [53]
 [51]
 [53]
 [48]
 [54]
 [45]
 [49]] 
------------------------ Dataset: Lgs ------------------------
shape: (33, 1), dtype: uint16
Data:[[54]
 [52]
 [49]
 [51]
 [46]
 [50]
 [51]
 [52]
 [48]
 [50]
 [51]
 [45]
 [48]
 [32]
 [54]
 [52]
 [49]
 [51]
 [46]
 [50]
 [50]
 [57]
 [57]
 [48]
 [52]
 [57]
 [57]
 [57]
 [57]
 [57]
 [57]
 [45]
 [49]] 
------------------------ Dataset: Lgt ------------------------
shape: (33, 1), dtype: uint16
Data:[[54]
 [54]
 [48]
 [53]
 [46]
 [51]
 [49]
 [48]
 [49]
 [49]
 [55]
 [57]
 [57]
 [57]
 [57]
 [57]
 [57]
 [45]
 [48]
 [32]
 [54]
 [54]
 [48]
 [53]
 [46]
 [51]
 [48]
 [51]
 [54]
 [48]
 [52]
 [45]
 [49]] 
------------------------ Dataset: Lgu ------------------------
shape: (33, 1), dtype: uint16
Data:[[54]
 [54]
 [50]
 [49]
 [46]
 [50]
 [55]
 [56]
 [48]
 [53]
 [51]
 [45]
 [48]
 [32]
 [54]
 [54]
 [50]
 [49]
 [46]
 [50]
 [55]
 [52]
 [49]
 [49]
 [52]
 [57]
 [57]
 [57]
 [57]
 [57]
 [57]
 [45]
 [49]] 
------------------------ Dataset: Lgv ------------------------
shape: (32, 1), dtype: uint16
Data:[[54]
 [54]
 [51]
 [55]
 [46]
 [49]
 [49]
 [56]
 [48]
 [53]
 [45]
 [48]
 [32]
 [54]
 [54]
 [51]
 [55]
 [46]
 [49]
 [50]
 [50]
 [48]
 [52]
 [55]
 [57]
 [57]
 [57]
 [57]
 [57]
 [57]
 [45]
 [49]] 
------------------------ Dataset: Lgw ------------------------
shape: (26, 1), dtype: uint16
Data:[[54]
 [54]
 [53]
 [50]
 [46]
 [55]
 [50]
 [50]
 [50]
 [50]
 [45]
 [48]
 [32]
 [54]
 [54]
 [53]
 [50]
 [46]
 [55]
 [50]
 [49]
 [52]
 [50]
 [53]
 [45]
 [49]] 
------------------------ Dataset: Lgx ------------------------
shape: (26, 1), dtype: uint16
Data:[[54]
 [54]
 [54]
 [56]
 [46]
 [53]
 [56]
 [53]
 [48]
 [49]
 [45]
 [48]
 [32]
 [54]
 [54]
 [54]
 [56]
 [46]
 [53]
 [57]
 [48]
 [53]
 [52]
 [52]
 [45]
 [49]] 
------------------------ Dataset: Lgy ------------------------
shape: (27, 1), dtype: uint16
Data:[[54]
 [54]
 [56]
 [52]
 [46]
 [52]
 [57]
 [56]
 [48]
 [51]
 [53]
 [45]
 [48]
 [32]
 [54]
 [54]
 [56]
 [52]
 [46]
 [52]
 [57]
 [52]
 [48]
 [52]
 [54]
 [45]
 [49]] 
------------------------ Dataset: Lgz ------------------------
shape: (34, 1), dtype: uint16
Data:[[53]
 [57]
 [48]
 [50]
 [46]
 [52]
 [50]
 [49]
 [54]
 [55]
 [53]
 [45]
 [48]
 [32]
 [53]
 [57]
 [48]
 [50]
 [46]
 [52]
 [49]
 [55]
 [54]
 [48]
 [57]
 [57]
 [57]
 [57]
 [57]
 [57]
 [57]
 [53]
 [45]
 [49]] 
------------------------ Dataset: Lh ------------------------
