shape: (1, 6), dtype: uint32
Data:[[3707764736          2          1          1        917          1]] 
------------------------ Dataset: kpb ------------------------
shape: (27, 1), dtype: uint16
Data:[[54]
 [55]
 [54]
 [56]
 [46]
 [51]
 [56]
 [50]
 [49]
 [48]
 [53]
 [45]
 [48]
 [32]
 [54]
 [55]
 [54]
 [56]
 [46]
 [51]
 [56]
 [50]
 [49]
 [50]
 [52]
 [45]
 [49]] 
------------------------ Dataset: kpc ------------------------
shape: (13, 1), dtype: uint16
Data:[[54]
 [50]
 [56]
 [49]
 [46]
 [49]
 [53]
 [55]
 [57]
 [54]
 [54]
 [45]
 [48]] 
------------------------ Dataset: kpd ------------------------
shape: (27, 1), dtype: uint16
Data:[[54]
 [50]
 [57]
 [54]
 [46]
 [57]
 [52]
 [50]
 [50]
 [49]
 [49]
 [45]
 [48]
 [32]
 [54]
 [50]
 [57]
 [54]
 [46]
 [57]
 [51]
 [56]
 [48]
 [52]
 [56]
 [45]
 [49]] 
------------------------ Dataset: kpe ------------------------
shape: (27, 1), dtype: uint16
Data:[[54]
 [51]
 [49]
 [50]
 [46]
 [56]
 [48]
 [53]
 [57]
 [53]
 [50]
 [45]
 [48]
 [32]
 [54]
 [51]
 [49]
 [50]
 [46]
 [56]
 [49]
 [48]
 [48]
 [48]
 [55]
 [45]
 [49]] 
------------------------ Dataset: kpf ------------------------
shape: (27, 1), dtype: uint16
Data:[[54]
 [51]
 [50]
 [56]
 [46]
 [54]
 [53]
 [52]
 [48]
 [55]
 [54]
 [45]
 [48]
 [32]
 [54]
 [51]
 [50]
 [56]
 [46]
 [54]
 [53]
 [49]
 [49]
 [49]
 [53]
 [45]
 [49]] 
------------------------ Dataset: kpg ------------------------
shape: (32, 1), dtype: uint16
Data:[[54]
 [51]
 [52]
 [52]
 [46]
 [52]
 [54]
 [57]
 [57]
 [55]
 [53]
 [57]
 [57]
 [57]
 [57]
 [57]
 [57]
 [45]
 [48]
 [32]
 [54]
 [51]
 [52]
 [52]
 [46]
 [52]
 [55]
 [53]
 [50]
 [51]
 [45]
 [49]] 
------------------------ Dataset: kph ------------------------
shape: (33, 1), dtype: uint16
Data:[[54]
 [53]
 [48]
 [57]
 [46]
 [53]
 [55]
 [48]
 [48]
 [49]
 [49]
 [57]
 [57]
 [57]
 [57]
 [57]
 [57]
 [45]
 [48]
 [32]
 [54]
 [53]
 [48]
 [57]
 [46]
 [53]
 [55]
 [52]
 [48]
 [52]
 [51]
 [45]
 [49]] 
------------------------ Dataset: kpi ------------------------
shape: (33, 1), dtype: uint16
Data:[[54]
 [53]
 [50]
 [53]
 [46]
 [51]
 [55]
 [56]
 [48]
 [53]
 [55]
 [45]
 [48]
 [32]
 [54]
 [53]
 [50]
 [53]
 [46]
 [51]
 [55]
 [52]
 [49]
 [51]
 [50]
 [57]
 [57]
 [57]
 [57]
 [57]
 [57]
 [45]
 [49]] 
------------------------ Dataset: kpj ------------------------
shape: (34, 1), dtype: uint16
Data:[[54]
 [48]
 [50]
 [48]
 [46]
 [57]
 [56]
 [49]
 [55]
 [54]
 [57]
 [45]
 [48]
 [32]
 [54]
 [48]
 [50]
 [48]
 [46]
 [57]
 [55]
 [56]
 [49]
 [52]
 [53]
 [57]
 [57]
 [57]
 [57]
 [57]
 [57]
 [53]
 [45]
 [49]] 
------------------------ Dataset: kpk ------------------------
shape: (32, 1), dtype: uint16
Data:[[54]
 [48]
 [51]
 [54]
 [46]
 [55]
 [54]
 [51]
 [50]
 [53]
 [56]
 [57]
 [57]
 [57]
 [57]
 [57]
 [57]
 [45]
 [48]
 [32]
 [54]
 [48]
 [51]
 [54]
 [46]
 [55]
 [54]
 [51]
 [49]
 [53]
 [45]
 [49]] 
------------------------ Dataset: kpl ------------------------
shape: (34, 1), dtype: uint16
Data:[[54]
 [48]
 [53]
 [50]
 [46]
 [51]
 [56]
 [53]
 [55]
 [51]
 [51]
 [57]
 [57]
 [57]
 [57]
 [57]
 [57]
 [53]
 [45]
 [48]
 [32]
 [54]
 [48]
 [53]
 [50]
 [46]
 [51]
 [56]
 [49]
 [57]
 [55]
 [57]
 [45]
 [49]] 
------------------------ Dataset: kpm ------------------------
shape: (27, 1), dtype: uint16
Data:[[54]
 [48]
 [54]
 [56]
 [46]
 [50]
 [56]
 [49]
 [57]
 [54]
 [52]
 [45]
 [48]
 [32]
 [54]
 [48]
 [54]
 [56]
 [46]
 [50]
 [57]
 [50]
 [51]
 [49]
 [54]
 [45]
 [49]] 
------------------------ Dataset: kpn ------------------------
shape: (27, 1), dtype: uint16
Data:[[54]
 [48]
 [56]
 [52]
 [46]
 [50]
 [49]
 [55]
 [57]
 [49]
 [55]
 [45]
 [48]
 [32]
 [54]
 [48]
 [56]
 [52]
 [46]
 [50]
 [50]
 [49]
 [55]
 [54]
 [55]
 [45]
 [49]] 
------------------------ Dataset: kpo ------------------------
shape: (27, 1), dtype: uint16
Data:[[53]
 [54]
 [52]
 [52]
 [46]
 [56]
 [57]
 [57]
 [52]
 [53]
 [53]
 [45]
 [48]
 [32]
 [53]
 [54]
 [52]
 [52]
 [46]
 [57]
 [48]
 [55]
 [48]
 [49]
 [51]
 [45]
 [49]] 
------------------------ Dataset: kpp ------------------------
shape: (27, 1), dtype: uint16
Data:[[53]
 [54]
 [54]
 [48]
 [46]
 [54]
 [52]
 [57]
 [54]
 [54]
 [53]
 [45]
 [48]
 [32]
 [53]
 [54]
 [54]
 [48]
 [46]
 [54]
 [52]
 [53]
 [55]
 [49]
 [49]
 [45]
 [49]] 
------------------------ Dataset: kpq ------------------------
shape: (33, 1), dtype: uint16
Data:[[53]
 [54]
 [55]
 [54]
 [46]
 [51]
 [52]
 [50]
 [56]
 [49]
 [53]
 [57]
 [57]
 [57]
 [57]
 [57]
 [57]
 [45]
 [48]
 [32]
 [53]
 [54]
 [55]
 [54]
 [46]
 [51]
 [51]
 [57]
 [52]
 [52]
 [51]
 [45]
 [49]] 
------------------------ Dataset: kpr ------------------------
shape: (27, 1), dtype: uint16
Data:[[53]
 [54]
 [57]
 [50]
 [46]
 [49]
 [50]
 [53]
 [55]
 [55]
 [56]
 [45]
 [48]
 [32]
 [53]
 [54]
 [57]
 [50]
 [46]
 [49]
 [51]
 [48]
 [48]
 [51]
 [52]
 [45]
 [49]] 
------------------------ Dataset: kps ------------------------
shape: (27, 1), dtype: uint16
Data:[[54]
 [52]
 [49]
 [53]
 [46]
 [52]
 [51]
 [53]
 [52]
 [52]
 [50]
 [45]
 [48]
 [32]
 [54]
 [52]
 [49]
 [53]
 [46]
 [52]
 [50]
 [50]
 [51]
 [52]
 [52]
 [45]
 [49]] 
------------------------ Dataset: kpt ------------------------
shape: (33, 1), dtype: uint16
Data:[[54]
 [54]
 [48]
 [55]
 [46]
 [52]
 [57]
 [52]
 [49]
 [55]
 [48]
 [57]
 [57]
 [57]
 [57]
 [57]
 [57]
 [45]
 [48]
 [32]
 [54]
 [54]
 [48]
 [55]
 [46]
 [52]
 [57]
 [48]
 [49]
 [50]
 [51]
 [45]
 [49]] 
------------------------ Dataset: kpu ------------------------
shape: (41, 1), dtype: uint16
Data:[[54]
 [54]
 [50]
 [51]
 [46]
 [52]
 [51]
 [56]
 [49]
 [48]
 [50]
 [57]
 [57]
 [57]
 [57]
 [57]
 [57]
 [53]
 [45]
 [48]
 [32]
 [54]
 [54]
 [50]
 [51]
 [46]
 [52]
 [51]
 [52]
 [53]
 [52]
 [53]
 [57]
 [57]
 [57]
 [57]
 [57]
 [57]
 [53]
 [45]
 [49]] 
------------------------ Dataset: kpv ------------------------
shape: (27, 1), dtype: uint16
Data:[[54]
 [54]
 [51]
 [57]
 [46]
 [50]
 [56]
 [48]
 [51]
 [50]
 [56]
 [45]
 [48]
 [32]
 [54]
 [54]
 [51]
 [57]
 [46]
 [50]
 [56]
 [48]
 [51]
 [49]
 [52]
 [45]
 [49]] 
------------------------ Dataset: kpw ------------------------
shape: (27, 1), dtype: uint16
Data:[[54]
 [54]
 [53]
 [52]
 [46]
 [56]
 [56]
 [54]
 [49]
 [57]
 [57]
 [45]
 [48]
 [32]
 [54]
 [54]
 [53]
 [52]
 [46]
 [56]
 [57]
 [48]
 [50]
 [50]
 [52]
 [45]
 [49]] 
------------------------ Dataset: kpx ------------------------
shape: (33, 1), dtype: uint16
Data:[[54]
 [54]
 [55]
 [48]
 [46]
 [55]
 [57]
 [51]
 [54]
 [56]
 [56]
 [45]
 [48]
 [32]
 [54]
 [54]
 [55]
 [48]
 [46]
 [55]
 [56]
 [54]
 [49]
 [49]
 [53]
 [57]
 [57]
 [57]
 [57]
 [57]
 [57]
 [45]
 [49]] 
------------------------ Dataset: kpy ------------------------
shape: (27, 1), dtype: uint16
Data:[[54]
 [54]
 [56]
 [54]
 [46]
 [54]
 [56]
 [54]
 [51]
 [52]
 [50]
 [45]
 [48]
 [32]
 [54]
 [54]
 [56]
 [54]
 [46]
 [54]
 [57]
 [48]
 [50]
 [49]
 [53]
 [45]
 [49]] 
------------------------ Dataset: kpz ------------------------
shape: (27, 1), dtype: uint16
Data:[[53]
 [57]
 [48]
 [52]
 [46]
 [54]
 [48]
 [50]
 [49]
 [54]
 [55]
 [45]
 [48]
 [32]
 [53]
 [57]
 [48]
 [52]
 [46]
 [54]
 [48]
 [54]
 [49]
 [52]
 [54]
 [45]
 [49]] 
------------------------ Dataset: kq ------------------------
