shape: (1, 6), dtype: uint32
Data:[[3707764736          2          1          1        493          1]] 
------------------------ Dataset: kib ------------------------
shape: (27, 1), dtype: uint16
Data:[[54]
 [55]
 [54]
 [54]
 [46]
 [54]
 [48]
 [50]
 [49]
 [52]
 [53]
 [45]
 [48]
 [32]
 [54]
 [55]
 [54]
 [54]
 [46]
 [53]
 [57]
 [56]
 [50]
 [49]
 [50]
 [45]
 [49]] 
------------------------ Dataset: kic ------------------------
shape: (33, 1), dtype: uint16
Data:[[54]
 [50]
 [55]
 [57]
 [46]
 [51]
 [57]
 [55]
 [56]
 [53]
 [54]
 [45]
 [48]
 [32]
 [54]
 [50]
 [55]
 [57]
 [46]
 [51]
 [57]
 [51]
 [56]
 [56]
 [54]
 [57]
 [57]
 [57]
 [57]
 [57]
 [57]
 [45]
 [49]] 
------------------------ Dataset: kid ------------------------
shape: (26, 1), dtype: uint16
Data:[[54]
 [50]
 [57]
 [53]
 [46]
 [49]
 [54]
 [54]
 [48]
 [49]
 [53]
 [45]
 [48]
 [32]
 [54]
 [50]
 [57]
 [53]
 [46]
 [49]
 [54]
 [57]
 [57]
 [52]
 [45]
 [49]] 
------------------------ Dataset: kie ------------------------
shape: (25, 1), dtype: uint16
Data:[[54]
 [51]
 [49]
 [48]
 [46]
 [57]
 [57]
 [55]
 [56]
 [56]
 [45]
 [48]
 [32]
 [54]
 [51]
 [49]
 [48]
 [46]
 [57]
 [57]
 [51]
 [57]
 [53]
 [45]
 [49]] 
------------------------ Dataset: kif ------------------------
shape: (27, 1), dtype: uint16
Data:[[54]
 [51]
 [50]
 [54]
 [46]
 [56]
 [54]
 [57]
 [57]
 [49]
 [54]
 [45]
 [48]
 [32]
 [54]
 [51]
 [50]
 [54]
 [46]
 [56]
 [54]
 [53]
 [57]
 [51]
 [53]
 [45]
 [49]] 
------------------------ Dataset: kig ------------------------
shape: (27, 1), dtype: uint16
Data:[[54]
 [51]
 [52]
 [50]
 [46]
 [54]
 [55]
 [48]
 [54]
 [48]
 [54]
 [45]
 [48]
 [32]
 [54]
 [51]
 [52]
 [50]
 [46]
 [54]
 [54]
 [54]
 [56]
 [55]
 [56]
 [45]
 [49]] 
------------------------ Dataset: kih ------------------------
shape: (33, 1), dtype: uint16
Data:[[54]
 [53]
 [48]
 [55]
 [46]
 [55]
 [55]
 [56]
 [48]
 [54]
 [49]
 [57]
 [57]
 [57]
 [57]
 [57]
 [57]
 [45]
 [48]
 [32]
 [54]
 [53]
 [48]
 [55]
 [46]
 [55]
 [55]
 [52]
 [48]
 [49]
 [53]
 [45]
 [49]] 
------------------------ Dataset: kii ------------------------
shape: (33, 1), dtype: uint16
Data:[[54]
 [53]
 [50]
 [51]
 [46]
 [54]
 [48]
 [50]
 [54]
 [52]
 [53]
 [57]
 [57]
 [57]
 [57]
 [57]
 [57]
 [45]
 [48]
 [32]
 [54]
 [53]
 [50]
 [51]
 [46]
 [54]
 [48]
 [54]
 [54]
 [53]
 [56]
 [45]
 [49]] 
------------------------ Dataset: kij ------------------------
shape: (27, 1), dtype: uint16
Data:[[54]
 [48]
 [49]
 [57]
 [46]
 [49]
 [56]
 [54]
 [55]
 [49]
 [55]
 [45]
 [48]
 [32]
 [54]
 [48]
 [49]
 [57]
 [46]
 [49]
 [56]
 [57]
 [55]
 [57]
 [49]
 [45]
 [49]] 
------------------------ Dataset: kik ------------------------
shape: (27, 1), dtype: uint16
Data:[[54]
 [48]
 [51]
 [52]
 [46]
 [57]
 [56]
 [53]
 [55]
 [57]
 [53]
 [45]
 [48]
 [32]
 [54]
 [48]
 [51]
 [52]
 [46]
 [57]
 [55]
 [55]
 [57]
 [49]
 [52]
 [45]
 [49]] 
------------------------ Dataset: kil ------------------------
shape: (39, 1), dtype: uint16
Data:[[54]
 [48]
 [53]
 [48]
 [46]
 [54]
 [48]
 [49]
 [55]
 [56]
 [48]
 [57]
 [57]
 [57]
 [57]
 [57]
 [57]
 [45]
 [48]
 [32]
 [54]
 [48]
 [53]
 [48]
 [46]
 [54]
 [48]
 [53]
 [55]
 [54]
 [49]
 [57]
 [57]
 [57]
 [57]
 [57]
 [57]
 [45]
 [49]] 
------------------------ Dataset: kim ------------------------
shape: (34, 1), dtype: uint16
Data:[[54]
 [48]
 [54]
 [54]
 [46]
 [53]
 [48]
 [54]
 [51]
 [57]
 [55]
 [57]
 [57]
 [57]
 [57]
 [57]
 [57]
 [53]
 [45]
 [48]
 [32]
 [54]
 [48]
 [54]
 [54]
 [46]
 [53]
 [48]
 [56]
 [50]
 [52]
 [53]
 [45]
 [49]] 
------------------------ Dataset: kin ------------------------
shape: (40, 1), dtype: uint16
Data:[[54]
 [48]
 [56]
 [50]
 [46]
 [52]
 [50]
 [53]
 [55]
 [54]
 [56]
 [57]
 [57]
 [57]
 [57]
 [57]
 [57]
 [53]
 [45]
 [48]
 [32]
 [54]
 [48]
 [56]
 [50]
 [46]
 [52]
 [50]
 [57]
 [55]
 [53]
 [50]
 [57]
 [57]
 [57]
 [57]
 [57]
 [57]
 [45]
 [49]] 
------------------------ Dataset: kio ------------------------
shape: (27, 1), dtype: uint16
Data:[[53]
 [54]
 [52]
 [51]
 [46]
 [49]
 [50]
 [49]
 [53]
 [50]
 [51]
 [45]
 [48]
 [32]
 [53]
 [54]
 [52]
 [51]
 [46]
 [49]
 [49]
 [56]
 [53]
 [54]
 [53]
 [45]
 [49]] 
------------------------ Dataset: kip ------------------------
shape: (33, 1), dtype: uint16
Data:[[53]
 [54]
 [53]
 [56]
 [46]
 [56]
 [55]
 [51]
 [53]
 [52]
 [54]
 [57]
 [57]
 [57]
 [57]
 [57]
 [57]
 [45]
 [48]
 [32]
 [53]
 [54]
 [53]
 [56]
 [46]
 [56]
 [54]
 [57]
 [53]
 [53]
 [55]
 [45]
 [49]] 
------------------------ Dataset: kiq ------------------------
shape: (27, 1), dtype: uint16
Data:[[53]
 [54]
 [55]
 [52]
 [46]
 [53]
 [56]
 [49]
 [53]
 [57]
 [49]
 [45]
 [48]
 [32]
 [53]
 [54]
 [55]
 [52]
 [46]
 [53]
 [55]
 [51]
 [54]
 [56]
 [49]
 [45]
 [49]] 
------------------------ Dataset: kir ------------------------
shape: (32, 1), dtype: uint16
Data:[[53]
 [54]
 [57]
 [48]
 [46]
 [51]
 [53]
 [55]
 [53]
 [57]
 [52]
 [57]
 [57]
 [57]
 [57]
 [57]
 [57]
 [53]
 [45]
 [48]
 [32]
 [53]
 [54]
 [57]
 [48]
 [46]
 [51]
 [53]
 [51]
 [55]
 [45]
 [49]] 
------------------------ Dataset: kis ------------------------
shape: (33, 1), dtype: uint16
Data:[[54]
 [52]
 [49]
 [51]
 [46]
 [54]
 [50]
 [57]
 [57]
 [52]
 [51]
 [57]
 [57]
 [57]
 [57]
 [57]
 [57]
 [45]
 [48]
 [32]
 [54]
 [52]
 [49]
 [51]
 [46]
 [54]
 [51]
 [52]
 [48]
 [51]
 [52]
 [45]
 [49]] 
------------------------ Dataset: kit ------------------------
shape: (27, 1), dtype: uint16
Data:[[54]
 [54]
 [48]
 [53]
 [46]
 [54]
 [57]
 [52]
 [48]
 [51]
 [49]
 [45]
 [48]
 [32]
 [54]
 [54]
 [48]
 [53]
 [46]
 [54]
 [57]
 [52]
 [48]
 [52]
 [49]
 [45]
 [49]] 
------------------------ Dataset: kiu ------------------------
shape: (33, 1), dtype: uint16
Data:[[54]
 [54]
 [50]
 [49]
 [46]
 [54]
 [55]
 [52]
 [49]
 [54]
 [57]
 [57]
 [57]
 [57]
 [57]
 [57]
 [57]
 [45]
 [48]
 [32]
 [54]
 [54]
 [50]
 [49]
 [46]
 [54]
 [55]
 [56]
 [49]
 [50]
 [52]
 [45]
 [49]] 
------------------------ Dataset: kiv ------------------------
shape: (32, 1), dtype: uint16
Data:[[54]
 [54]
 [51]
 [55]
 [46]
 [53]
 [48]
 [57]
 [57]
 [57]
 [57]
 [57]
 [57]
 [57]
 [57]
 [57]
 [57]
 [45]
 [48]
 [32]
 [54]
 [54]
 [51]
 [55]
 [46]
 [53]
 [49]
 [48]
 [48]
 [49]
 [45]
 [49]] 
------------------------ Dataset: kiw ------------------------
shape: (13, 1), dtype: uint16
Data:[[54]
 [54]
 [53]
 [51]
 [46]
 [49]
 [49]
 [48]
 [50]
 [48]
 [50]
 [45]
 [48]] 
------------------------ Dataset: kix ------------------------
shape: (33, 1), dtype: uint16
Data:[[54]
 [54]
 [54]
 [56]
 [46]
 [57]
 [57]
 [50]
 [52]
 [55]
 [49]
 [45]
 [48]
 [32]
 [54]
 [54]
 [54]
 [56]
 [46]
 [57]
 [57]
 [52]
 [55]
 [48]
 [55]
 [57]
 [57]
 [57]
 [57]
 [57]
 [57]
 [45]
 [49]] 
------------------------ Dataset: kiy ------------------------
shape: (33, 1), dtype: uint16
Data:[[54]
 [54]
 [56]
 [52]
 [46]
 [57]
 [48]
 [54]
 [53]
 [52]
 [48]
 [57]
 [57]
 [57]
 [57]
 [57]
 [57]
 [45]
 [48]
 [32]
 [54]
 [54]
 [56]
 [52]
 [46]
 [57]
 [48]
 [55]
 [48]
 [49]
 [50]
 [45]
 [49]] 
------------------------ Dataset: kiz ------------------------
shape: (27, 1), dtype: uint16
Data:[[53]
 [57]
 [48]
 [50]
 [46]
 [56]
 [50]
 [53]
 [56]
 [48]
 [52]
 [45]
 [48]
 [32]
 [53]
 [57]
 [48]
 [50]
 [46]
 [56]
 [50]
 [57]
 [54]
 [53]
 [56]
 [45]
 [49]] 
------------------------ Dataset: kj ------------------------
