shape: (1, 6), dtype: uint32
Data:[[3707764736          2          1          1        441          1]] 
------------------------ Dataset: thb ------------------------
shape: (33, 1), dtype: uint16
Data:[[54]
 [55]
 [54]
 [54]
 [46]
 [51]
 [56]
 [51]
 [57]
 [48]
 [48]
 [57]
 [57]
 [57]
 [57]
 [57]
 [57]
 [45]
 [48]
 [32]
 [54]
 [55]
 [54]
 [54]
 [46]
 [51]
 [56]
 [51]
 [54]
 [51]
 [50]
 [45]
 [49]] 
------------------------ Dataset: thc ------------------------
shape: (33, 1), dtype: uint16
Data:[[54]
 [50]
 [55]
 [57]
 [46]
 [49]
 [56]
 [50]
 [48]
 [56]
 [54]
 [57]
 [57]
 [57]
 [57]
 [57]
 [57]
 [45]
 [48]
 [32]
 [54]
 [50]
 [55]
 [57]
 [46]
 [49]
 [56]
 [53]
 [57]
 [56]
 [50]
 [45]
 [49]] 
------------------------ Dataset: thd ------------------------
shape: (27, 1), dtype: uint16
Data:[[54]
 [50]
 [57]
 [52]
 [46]
 [57]
 [53]
 [56]
 [48]
 [52]
 [51]
 [45]
 [48]
 [32]
 [54]
 [50]
 [57]
 [52]
 [46]
 [57]
 [53]
 [52]
 [48]
 [53]
 [50]
 [45]
 [49]] 
------------------------ Dataset: the ------------------------
shape: (33, 1), dtype: uint16
Data:[[54]
 [51]
 [49]
 [48]
 [46]
 [55]
 [57]
 [48]
 [51]
 [48]
 [56]
 [45]
 [48]
 [32]
 [54]
 [51]
 [49]
 [48]
 [46]
 [55]
 [55]
 [55]
 [57]
 [53]
 [51]
 [57]
 [57]
 [57]
 [57]
 [57]
 [57]
 [45]
 [49]] 
------------------------ Dataset: thf ------------------------
shape: (27, 1), dtype: uint16
Data:[[54]
 [51]
 [50]
 [54]
 [46]
 [54]
 [52]
 [49]
 [56]
 [55]
 [55]
 [45]
 [48]
 [32]
 [54]
 [51]
 [50]
 [54]
 [46]
 [54]
 [51]
 [51]
 [57]
 [55]
 [51]
 [45]
 [49]] 
------------------------ Dataset: thg ------------------------
shape: (27, 1), dtype: uint16
Data:[[54]
 [51]
 [52]
 [50]
 [46]
 [52]
 [53]
 [53]
 [50]
 [51]
 [49]
 [45]
 [48]
 [32]
 [54]
 [51]
 [52]
 [50]
 [46]
 [52]
 [53]
 [53]
 [50]
 [51]
 [49]
 [45]
 [49]] 
------------------------ Dataset: thh ------------------------
shape: (34, 1), dtype: uint16
Data:[[54]
 [53]
 [48]
 [55]
 [46]
 [53]
 [53]
 [56]
 [48]
 [49]
 [57]
 [45]
 [48]
 [32]
 [54]
 [53]
 [48]
 [55]
 [46]
 [53]
 [54]
 [54]
 [48]
 [52]
 [49]
 [57]
 [57]
 [57]
 [57]
 [57]
 [57]
 [53]
 [45]
 [49]] 
------------------------ Dataset: thi ------------------------
shape: (27, 1), dtype: uint16
Data:[[54]
 [53]
 [50]
 [51]
 [46]
 [51]
 [56]
 [49]
 [57]
 [52]
 [53]
 [45]
 [48]
 [32]
 [54]
 [53]
 [50]
 [51]
 [46]
 [51]
 [56]
 [53]
 [57]
 [54]
 [49]
 [45]
 [49]] 
------------------------ Dataset: thj ------------------------
shape: (34, 1), dtype: uint16
Data:[[54]
 [48]
 [49]
 [56]
 [46]
 [57]
 [54]
 [51]
 [48]
 [50]
 [49]
 [45]
 [48]
 [32]
 [54]
 [48]
 [49]
 [56]
 [46]
 [57]
 [54]
 [48]
 [50]
 [57]
 [51]
 [57]
 [57]
 [57]
 [57]
 [57]
 [57]
 [53]
 [45]
 [49]] 
------------------------ Dataset: thk ------------------------
shape: (26, 1), dtype: uint16
Data:[[54]
 [48]
 [51]
 [52]
 [46]
 [55]
 [55]
 [48]
 [48]
 [57]
 [51]
 [45]
 [48]
 [32]
 [54]
 [48]
 [51]
 [52]
 [46]
 [55]
 [54]
 [53]
 [56]
 [49]
 [45]
 [49]] 
------------------------ Dataset: thl ------------------------
shape: (27, 1), dtype: uint16
Data:[[54]
 [48]
 [53]
 [48]
 [46]
 [51]
 [56]
 [49]
 [55]
 [51]
 [52]
 [45]
 [48]
 [32]
 [54]
 [48]
 [53]
 [48]
 [46]
 [51]
 [56]
 [57]
 [55]
 [49]
 [55]
 [45]
 [49]] 
------------------------ Dataset: thm ------------------------
shape: (27, 1), dtype: uint16
Data:[[54]
 [48]
 [54]
 [54]
 [46]
 [50]
 [56]
 [51]
 [52]
 [57]
 [53]
 [45]
 [48]
 [32]
 [54]
 [48]
 [54]
 [54]
 [46]
 [50]
 [56]
 [48]
 [53]
 [51]
 [50]
 [45]
 [49]] 
------------------------ Dataset: thn ------------------------
shape: (27, 1), dtype: uint16
Data:[[54]
 [48]
 [56]
 [50]
 [46]
 [50]
 [49]
 [57]
 [53]
 [55]
 [55]
 [45]
 [48]
 [32]
 [54]
 [48]
 [56]
 [50]
 [46]
 [50]
 [49]
 [52]
 [54]
 [52]
 [52]
 [45]
 [49]] 
------------------------ Dataset: tho ------------------------
shape: (27, 1), dtype: uint16
Data:[[53]
 [54]
 [52]
 [50]
 [46]
 [57]
 [48]
 [54]
 [51]
 [55]
 [54]
 [45]
 [48]
 [32]
 [53]
 [54]
 [52]
 [50]
 [46]
 [57]
 [49]
 [49]
 [49]
 [57]
 [51]
 [45]
 [49]] 
------------------------ Dataset: thp ------------------------
shape: (27, 1), dtype: uint16
Data:[[53]
 [54]
 [53]
 [56]
 [46]
 [54]
 [53]
 [51]
 [53]
 [48]
 [51]
 [45]
 [48]
 [32]
 [53]
 [54]
 [53]
 [56]
 [46]
 [54]
 [53]
 [51]
 [53]
 [48]
 [54]
 [45]
 [49]] 
------------------------ Dataset: thq ------------------------
shape: (27, 1), dtype: uint16
Data:[[53]
 [54]
 [55]
 [52]
 [46]
 [51]
 [54]
 [49]
 [50]
 [57]
 [54]
 [45]
 [48]
 [32]
 [53]
 [54]
 [55]
 [52]
 [46]
 [51]
 [55]
 [55]
 [49]
 [52]
 [56]
 [45]
 [49]] 
------------------------ Dataset: thr ------------------------
shape: (33, 1), dtype: uint16
Data:[[53]
 [54]
 [57]
 [48]
 [46]
 [49]
 [52]
 [51]
 [50]
 [52]
 [52]
 [57]
 [57]
 [57]
 [57]
 [57]
 [57]
 [45]
 [48]
 [32]
 [53]
 [54]
 [57]
 [48]
 [46]
 [49]
 [51]
 [55]
 [54]
 [48]
 [56]
 [45]
 [49]] 
------------------------ Dataset: ths ------------------------
shape: (27, 1), dtype: uint16
Data:[[54]
 [52]
 [49]
 [51]
 [46]
 [52]
 [49]
 [56]
 [48]
 [51]
 [50]
 [45]
 [48]
 [32]
 [54]
 [52]
 [49]
 [51]
 [46]
 [52]
 [49]
 [54]
 [53]
 [51]
 [55]
 [45]
 [49]] 
------------------------ Dataset: tht ------------------------
shape: (33, 1), dtype: uint16
Data:[[54]
 [54]
 [48]
 [53]
 [46]
 [52]
 [55]
 [56]
 [49]
 [52]
 [50]
 [57]
 [57]
 [57]
 [57]
 [57]
 [57]
 [45]
 [48]
 [32]
 [54]
 [54]
 [48]
 [53]
 [46]
 [52]
 [56]
 [50]
 [48]
 [54]
 [54]
 [45]
 [49]] 
------------------------ Dataset: thu ------------------------
shape: (40, 1), dtype: uint16
Data:[[54]
 [54]
 [50]
 [49]
 [46]
 [52]
 [53]
 [52]
 [49]
 [49]
 [49]
 [57]
 [57]
 [57]
 [57]
 [57]
 [57]
 [45]
 [48]
 [32]
 [54]
 [54]
 [50]
 [49]
 [46]
 [52]
 [53]
 [48]
 [53]
 [49]
 [52]
 [57]
 [57]
 [57]
 [57]
 [57]
 [57]
 [53]
 [45]
 [49]] 
------------------------ Dataset: thv ------------------------
shape: (34, 1), dtype: uint16
Data:[[54]
 [54]
 [51]
 [55]
 [46]
 [50]
 [57]
 [52]
 [49]
 [50]
 [49]
 [45]
 [48]
 [32]
 [54]
 [54]
 [51]
 [55]
 [46]
 [50]
 [57]
 [56]
 [49]
 [49]
 [57]
 [57]
 [57]
 [57]
 [57]
 [57]
 [57]
 [53]
 [45]
 [49]] 
------------------------ Dataset: thw ------------------------
shape: (33, 1), dtype: uint16
Data:[[54]
 [54]
 [53]
 [50]
 [46]
 [56]
 [57]
 [49]
 [49]
 [57]
 [52]
 [57]
 [57]
 [57]
 [57]
 [57]
 [57]
 [45]
 [48]
 [32]
 [54]
 [54]
 [53]
 [50]
 [46]
 [56]
 [57]
 [53]
 [56]
 [51]
 [57]
 [45]
 [49]] 
------------------------ Dataset: thx ------------------------
shape: (32, 1), dtype: uint16
Data:[[54]
 [54]
 [54]
 [56]
 [46]
 [55]
 [55]
 [48]
 [49]
 [56]
 [52]
 [57]
 [57]
 [57]
 [57]
 [57]
 [57]
 [45]
 [48]
 [32]
 [54]
 [54]
 [54]
 [56]
 [46]
 [55]
 [54]
 [54]
 [48]
 [57]
 [45]
 [49]] 
------------------------ Dataset: thy ------------------------
shape: (27, 1), dtype: uint16
Data:[[54]
 [54]
 [56]
 [52]
 [46]
 [54]
 [55]
 [52]
 [48]
 [52]
 [53]
 [45]
 [48]
 [32]
 [54]
 [54]
 [56]
 [52]
 [46]
 [54]
 [55]
 [48]
 [48]
 [52]
 [51]
 [45]
 [49]] 
------------------------ Dataset: thz ------------------------
shape: (27, 1), dtype: uint16
Data:[[53]
 [57]
 [48]
 [50]
 [46]
 [53]
 [57]
 [57]
 [48]
 [50]
 [54]
 [45]
 [48]
 [32]
 [53]
 [57]
 [48]
 [50]
 [46]
 [53]
 [57]
 [51]
 [55]
 [56]
 [52]
 [45]
 [49]] 
------------------------ Dataset: ti ------------------------
