shape: (1, 6), dtype: uint32
Data:[[3707764736          2          1          1       1923          1]] 
------------------------ Dataset: YFb ------------------------
shape: (41, 1), dtype: uint16
Data:[[54]
 [55]
 [55]
 [50]
 [46]
 [54]
 [50]
 [57]
 [48]
 [53]
 [55]
 [57]
 [57]
 [57]
 [57]
 [57]
 [57]
 [53]
 [45]
 [48]
 [32]
 [54]
 [55]
 [55]
 [50]
 [46]
 [54]
 [49]
 [56]
 [56]
 [52]
 [56]
 [57]
 [57]
 [57]
 [57]
 [57]
 [57]
 [53]
 [45]
 [49]] 
------------------------ Dataset: YFc ------------------------
shape: (27, 1), dtype: uint16
Data:[[54]
 [50]
 [56]
 [53]
 [46]
 [52]
 [49]
 [57]
 [48]
 [49]
 [57]
 [45]
 [48]
 [32]
 [54]
 [50]
 [56]
 [53]
 [46]
 [52]
 [49]
 [52]
 [56]
 [51]
 [53]
 [45]
 [49]] 
------------------------ Dataset: YFd ------------------------
shape: (27, 1), dtype: uint16
Data:[[54]
 [51]
 [48]
 [49]
 [46]
 [49]
 [55]
 [57]
 [48]
 [55]
 [53]
 [45]
 [48]
 [32]
 [54]
 [51]
 [48]
 [49]
 [46]
 [49]
 [55]
 [53]
 [54]
 [57]
 [50]
 [45]
 [49]] 
------------------------ Dataset: YFe ------------------------
shape: (27, 1), dtype: uint16
Data:[[54]
 [51]
 [49]
 [55]
 [46]
 [48]
 [52]
 [57]
 [57]
 [50]
 [49]
 [45]
 [48]
 [32]
 [54]
 [51]
 [49]
 [55]
 [46]
 [48]
 [52]
 [53]
 [57]
 [53]
 [53]
 [45]
 [49]] 
------------------------ Dataset: YFf ------------------------
shape: (26, 1), dtype: uint16
Data:[[54]
 [51]
 [51]
 [50]
 [46]
 [56]
 [55]
 [55]
 [51]
 [53]
 [45]
 [48]
 [32]
 [54]
 [51]
 [51]
 [50]
 [46]
 [56]
 [55]
 [49]
 [51]
 [56]
 [54]
 [45]
 [49]] 
------------------------ Dataset: YFg ------------------------
shape: (27, 1), dtype: uint16
Data:[[54]
 [52]
 [57]
 [56]
 [46]
 [48]
 [51]
 [49]
 [48]
 [53]
 [54]
 [45]
 [48]
 [32]
 [54]
 [52]
 [57]
 [56]
 [46]
 [48]
 [51]
 [49]
 [49]
 [48]
 [55]
 [45]
 [49]] 
------------------------ Dataset: YFh ------------------------
shape: (27, 1), dtype: uint16
Data:[[54]
 [53]
 [49]
 [51]
 [46]
 [56]
 [51]
 [50]
 [50]
 [55]
 [54]
 [45]
 [48]
 [32]
 [54]
 [53]
 [49]
 [51]
 [46]
 [56]
 [51]
 [55]
 [50]
 [49]
 [51]
 [45]
 [49]] 
------------------------ Dataset: YFi ------------------------
shape: (41, 1), dtype: uint16
Data:[[54]
 [53]
 [50]
 [57]
 [46]
 [54]
 [51]
 [55]
 [57]
 [55]
 [57]
 [57]
 [57]
 [57]
 [57]
 [57]
 [57]
 [53]
 [45]
 [48]
 [32]
 [54]
 [53]
 [50]
 [57]
 [46]
 [54]
 [51]
 [52]
 [53]
 [55]
 [53]
 [57]
 [57]
 [57]
 [57]
 [57]
 [57]
 [53]
 [45]
 [49]] 
------------------------ Dataset: YFj ------------------------
shape: (26, 1), dtype: uint16
Data:[[54]
 [48]
 [50]
 [53]
 [46]
 [49]
 [57]
 [51]
 [56]
 [52]
 [55]
 [45]
 [48]
 [32]
 [54]
 [48]
 [50]
 [53]
 [46]
 [49]
 [57]
 [55]
 [56]
 [51]
 [45]
 [49]] 
------------------------ Dataset: YFk ------------------------
shape: (33, 1), dtype: uint16
Data:[[54]
 [48]
 [52]
 [48]
 [46]
 [57]
 [51]
 [51]
 [55]
 [55]
 [57]
 [57]
 [57]
 [57]
 [57]
 [57]
 [57]
 [45]
 [48]
 [32]
 [54]
 [48]
 [52]
 [48]
 [46]
 [57]
 [51]
 [55]
 [56]
 [57]
 [57]
 [45]
 [49]] 
------------------------ Dataset: YFl ------------------------
shape: (40, 1), dtype: uint16
Data:[[54]
 [48]
 [53]
 [54]
 [46]
 [54]
 [54]
 [49]
 [54]
 [53]
 [48]
 [57]
 [57]
 [57]
 [57]
 [57]
 [57]
 [45]
 [48]
 [32]
 [54]
 [48]
 [53]
 [54]
 [46]
 [54]
 [54]
 [49]
 [48]
 [51]
 [53]
 [57]
 [57]
 [57]
 [57]
 [57]
 [57]
 [53]
 [45]
 [49]] 
------------------------ Dataset: YFm ------------------------
shape: (33, 1), dtype: uint16
Data:[[54]
 [48]
 [55]
 [50]
 [46]
 [53]
 [53]
 [55]
 [55]
 [48]
 [52]
 [45]
 [48]
 [32]
 [54]
 [48]
 [55]
 [50]
 [46]
 [53]
 [53]
 [51]
 [55]
 [56]
 [50]
 [57]
 [57]
 [57]
 [57]
 [57]
 [57]
 [45]
 [49]] 
------------------------ Dataset: YFn ------------------------
shape: (33, 1), dtype: uint16
Data:[[53]
 [54]
 [51]
 [51]
 [46]
 [52]
 [50]
 [57]
 [53]
 [50]
 [49]
 [57]
 [57]
 [57]
 [57]
 [57]
 [57]
 [45]
 [48]
 [32]
 [53]
 [54]
 [51]
 [51]
 [46]
 [52]
 [50]
 [49]
 [53]
 [52]
 [49]
 [45]
 [49]] 
------------------------ Dataset: YFo ------------------------
shape: (33, 1), dtype: uint16
Data:[[53]
 [54]
 [52]
 [57]
 [46]
 [49]
 [49]
 [49]
 [50]
 [54]
 [54]
 [57]
 [57]
 [57]
 [57]
 [57]
 [57]
 [45]
 [48]
 [32]
 [53]
 [54]
 [52]
 [57]
 [46]
 [49]
 [49]
 [50]
 [54]
 [54]
 [57]
 [45]
 [49]] 
------------------------ Dataset: YFp ------------------------
shape: (33, 1), dtype: uint16
Data:[[53]
 [54]
 [54]
 [52]
 [46]
 [56]
 [52]
 [50]
 [52]
 [52]
 [52]
 [45]
 [48]
 [32]
 [53]
 [54]
 [54]
 [52]
 [46]
 [56]
 [52]
 [51]
 [56]
 [50]
 [50]
 [57]
 [57]
 [57]
 [57]
 [57]
 [57]
 [45]
 [49]] 
------------------------ Dataset: YFq ------------------------
shape: (27, 1), dtype: uint16
Data:[[53]
 [54]
 [56]
 [48]
 [46]
 [53]
 [56]
 [53]
 [53]
 [52]
 [50]
 [45]
 [48]
 [32]
 [53]
 [54]
 [56]
 [48]
 [46]
 [53]
 [57]
 [48]
 [51]
 [50]
 [52]
 [45]
 [49]] 
------------------------ Dataset: YFr ------------------------
shape: (33, 1), dtype: uint16
Data:[[53]
 [56]
 [48]
 [54]
 [46]
 [56]
 [57]
 [51]
 [56]
 [55]
 [51]
 [57]
 [57]
 [57]
 [57]
 [57]
 [57]
 [45]
 [48]
 [32]
 [53]
 [56]
 [48]
 [54]
 [46]
 [56]
 [56]
 [57]
 [56]
 [52]
 [56]
 [45]
 [49]] 
------------------------ Dataset: YFs ------------------------
shape: (33, 1), dtype: uint16
Data:[[54]
 [52]
 [49]
 [57]
 [46]
 [54]
 [54]
 [57]
 [57]
 [53]
 [49]
 [57]
 [57]
 [57]
 [57]
 [57]
 [57]
 [45]
 [48]
 [32]
 [54]
 [52]
 [49]
 [57]
 [46]
 [54]
 [54]
 [57]
 [57]
 [56]
 [49]
 [45]
 [49]] 
------------------------ Dataset: YFt ------------------------
shape: (24, 1), dtype: uint16
Data:[[54]
 [54]
 [49]
 [49]
 [46]
 [55]
 [53]
 [57]
 [45]
 [48]
 [32]
 [54]
 [54]
 [49]
 [49]
 [46]
 [55]
 [53]
 [57]
 [49]
 [55]
 [52]
 [45]
 [49]] 
------------------------ Dataset: YFu ------------------------
shape: (33, 1), dtype: uint16
Data:[[54]
 [54]
 [50]
 [55]
 [46]
 [54]
 [55]
 [55]
 [48]
 [53]
 [50]
 [57]
 [57]
 [57]
 [57]
 [57]
 [57]
 [45]
 [48]
 [32]
 [54]
 [54]
 [50]
 [55]
 [46]
 [54]
 [56]
 [50]
 [48]
 [49]
 [51]
 [45]
 [49]] 
------------------------ Dataset: YFv ------------------------
shape: (33, 1), dtype: uint16
Data:[[54]
 [54]
 [52]
 [51]
 [46]
 [52]
 [51]
 [52]
 [50]
 [48]
 [51]
 [45]
 [48]
 [32]
 [54]
 [54]
 [52]
 [51]
 [46]
 [52]
 [51]
 [56]
 [51]
 [56]
 [54]
 [57]
 [57]
 [57]
 [57]
 [57]
 [57]
 [45]
 [49]] 
------------------------ Dataset: YFw ------------------------
shape: (19, 1), dtype: uint16
Data:[[54]
 [54]
 [53]
 [57]
 [46]
 [49]
 [55]
 [56]
 [57]
 [55]
 [56]
 [57]
 [57]
 [57]
 [57]
 [57]
 [57]
 [45]
 [48]] 
------------------------ Dataset: YFx ------------------------
shape: (27, 1), dtype: uint16
Data:[[54]
 [54]
 [55]
 [53]
 [46]
 [48]
 [52]
 [51]
 [54]
 [53]
 [49]
 [45]
 [48]
 [32]
 [54]
 [54]
 [55]
 [53]
 [46]
 [48]
 [52]
 [51]
 [54]
 [49]
 [57]
 [45]
 [49]] 
------------------------ Dataset: YFy ------------------------
shape: (33, 1), dtype: uint16
Data:[[54]
 [54]
 [57]
 [48]
 [46]
 [57]
 [54]
 [50]
 [56]
 [55]
 [54]
 [45]
 [48]
 [32]
 [54]
 [54]
 [57]
 [48]
 [46]
 [57]
 [54]
 [48]
 [49]
 [52]
 [53]
 [57]
 [57]
 [57]
 [57]
 [57]
 [57]
 [45]
 [49]] 
------------------------ Dataset: YFz ------------------------
shape: (27, 1), dtype: uint16
Data:[[53]
 [57]
 [48]
 [56]
 [46]
 [56]
 [51]
 [55]
 [55]
 [51]
 [57]
 [45]
 [48]
 [32]
 [53]
 [57]
 [48]
 [56]
 [46]
 [56]
 [52]
 [50]
 [50]
 [51]
 [55]
 [45]
 [49]] 
------------------------ Dataset: YG ------------------------
