shape: (1, 6), dtype: uint32
Data:[[3707764736          2          1          1       1282          1]] 
------------------------ Dataset: nvb ------------------------
shape: (13, 1), dtype: uint16
Data:[[54]
 [55]
 [54]
 [57]
 [46]
 [57]
 [51]
 [52]
 [51]
 [56]
 [57]
 [45]
 [48]] 
------------------------ Dataset: nvc ------------------------
shape: (27, 1), dtype: uint16
Data:[[54]
 [50]
 [56]
 [50]
 [46]
 [55]
 [50]
 [50]
 [52]
 [50]
 [52]
 [45]
 [48]
 [32]
 [54]
 [50]
 [56]
 [50]
 [46]
 [55]
 [50]
 [51]
 [49]
 [55]
 [55]
 [45]
 [49]] 
------------------------ Dataset: nvd ------------------------
shape: (27, 1), dtype: uint16
Data:[[54]
 [50]
 [57]
 [56]
 [46]
 [52]
 [55]
 [52]
 [49]
 [50]
 [50]
 [45]
 [48]
 [32]
 [54]
 [50]
 [57]
 [56]
 [46]
 [52]
 [55]
 [48]
 [51]
 [53]
 [54]
 [45]
 [49]] 
------------------------ Dataset: nve ------------------------
shape: (13, 1), dtype: uint16
Data:[[54]
 [51]
 [49]
 [52]
 [46]
 [51]
 [53]
 [54]
 [49]
 [51]
 [50]
 [45]
 [48]] 
------------------------ Dataset: nvf ------------------------
shape: (27, 1), dtype: uint16
Data:[[54]
 [51]
 [51]
 [48]
 [46]
 [49]
 [55]
 [55]
 [56]
 [54]
 [50]
 [45]
 [48]
 [32]
 [54]
 [51]
 [51]
 [48]
 [46]
 [49]
 [56]
 [49]
 [57]
 [49]
 [49]
 [45]
 [49]] 
------------------------ Dataset: nvg ------------------------
shape: (40, 1), dtype: uint16
Data:[[54]
 [51]
 [52]
 [54]
 [46]
 [48]
 [49]
 [55]
 [57]
 [55]
 [51]
 [57]
 [57]
 [57]
 [57]
 [57]
 [57]
 [45]
 [48]
 [32]
 [54]
 [51]
 [52]
 [54]
 [46]
 [48]
 [50]
 [56]
 [49]
 [49]
 [53]
 [57]
 [57]
 [57]
 [57]
 [57]
 [57]
 [53]
 [45]
 [49]] 
------------------------ Dataset: nvh ------------------------
shape: (34, 1), dtype: uint16
Data:[[54]
 [53]
 [49]
 [49]
 [46]
 [48]
 [57]
 [51]
 [57]
 [52]
 [57]
 [57]
 [57]
 [57]
 [57]
 [57]
 [57]
 [53]
 [45]
 [48]
 [32]
 [54]
 [53]
 [49]
 [49]
 [46]
 [48]
 [56]
 [57]
 [57]
 [54]
 [54]
 [45]
 [49]] 
------------------------ Dataset: nvi ------------------------
shape: (27, 1), dtype: uint16
Data:[[54]
 [53]
 [50]
 [54]
 [46]
 [57]
 [52]
 [49]
 [57]
 [52]
 [53]
 [45]
 [48]
 [32]
 [54]
 [53]
 [50]
 [54]
 [46]
 [57]
 [51]
 [55]
 [57]
 [57]
 [55]
 [45]
 [49]] 
------------------------ Dataset: nvj ------------------------
shape: (27, 1), dtype: uint16
Data:[[54]
 [48]
 [50]
 [50]
 [46]
 [53]
 [49]
 [51]
 [56]
 [48]
 [51]
 [45]
 [48]
 [32]
 [54]
 [48]
 [50]
 [50]
 [46]
 [53]
 [48]
 [57]
 [57]
 [54]
 [49]
 [45]
 [49]] 
------------------------ Dataset: nvk ------------------------
shape: (39, 1), dtype: uint16
Data:[[54]
 [48]
 [51]
 [56]
 [46]
 [50]
 [56]
 [57]
 [57]
 [52]
 [54]
 [57]
 [57]
 [57]
 [57]
 [57]
 [57]
 [45]
 [48]
 [32]
 [54]
 [48]
 [51]
 [56]
 [46]
 [50]
 [56]
 [53]
 [56]
 [52]
 [49]
 [57]
 [57]
 [57]
 [57]
 [57]
 [57]
 [45]
 [49]] 
------------------------ Dataset: nvl ------------------------
shape: (27, 1), dtype: uint16
Data:[[54]
 [48]
 [53]
 [51]
 [46]
 [57]
 [52]
 [48]
 [55]
 [51]
 [55]
 [45]
 [48]
 [32]
 [54]
 [48]
 [53]
 [51]
 [46]
 [57]
 [52]
 [54]
 [52]
 [52]
 [53]
 [45]
 [49]] 
------------------------ Dataset: nvm ------------------------
shape: (26, 1), dtype: uint16
Data:[[54]
 [48]
 [54]
 [57]
 [46]
 [56]
 [51]
 [57]
 [49]
 [52]
 [45]
 [48]
 [32]
 [54]
 [48]
 [54]
 [57]
 [46]
 [56]
 [51]
 [51]
 [56]
 [57]
 [56]
 [45]
 [49]] 
------------------------ Dataset: nvn ------------------------
shape: (26, 1), dtype: uint16
Data:[[54]
 [48]
 [56]
 [53]
 [46]
 [55]
 [52]
 [50]
 [51]
 [49]
 [51]
 [45]
 [48]
 [32]
 [54]
 [48]
 [56]
 [53]
 [46]
 [55]
 [52]
 [54]
 [52]
 [49]
 [45]
 [49]] 
------------------------ Dataset: nvo ------------------------
shape: (27, 1), dtype: uint16
Data:[[53]
 [54]
 [52]
 [54]
 [46]
 [52]
 [50]
 [57]
 [54]
 [57]
 [56]
 [45]
 [48]
 [32]
 [53]
 [54]
 [52]
 [54]
 [46]
 [52]
 [50]
 [53]
 [56]
 [54]
 [55]
 [45]
 [49]] 
------------------------ Dataset: nvp ------------------------
shape: (40, 1), dtype: uint16
Data:[[53]
 [54]
 [54]
 [50]
 [46]
 [49]
 [54]
 [53]
 [53]
 [54]
 [49]
 [57]
 [57]
 [57]
 [57]
 [57]
 [57]
 [45]
 [48]
 [32]
 [53]
 [54]
 [54]
 [50]
 [46]
 [49]
 [54]
 [57]
 [53]
 [57]
 [55]
 [57]
 [57]
 [57]
 [57]
 [57]
 [57]
 [53]
 [45]
 [49]] 
------------------------ Dataset: nvq ------------------------
shape: (27, 1), dtype: uint16
Data:[[53]
 [54]
 [55]
 [55]
 [46]
 [56]
 [56]
 [53]
 [54]
 [52]
 [52]
 [45]
 [48]
 [32]
 [53]
 [54]
 [55]
 [55]
 [46]
 [56]
 [56]
 [57]
 [54]
 [53]
 [50]
 [45]
 [49]] 
------------------------ Dataset: nvr ------------------------
shape: (34, 1), dtype: uint16
Data:[[53]
 [54]
 [57]
 [51]
 [46]
 [54]
 [53]
 [50]
 [52]
 [48]
 [55]
 [45]
 [48]
 [32]
 [53]
 [54]
 [57]
 [51]
 [46]
 [54]
 [52]
 [57]
 [54]
 [54]
 [48]
 [57]
 [57]
 [57]
 [57]
 [57]
 [57]
 [53]
 [45]
 [49]] 
------------------------ Dataset: nvs ------------------------
shape: (34, 1), dtype: uint16
Data:[[54]
 [52]
 [49]
 [54]
 [46]
 [57]
 [54]
 [57]
 [57]
 [54]
 [51]
 [45]
 [48]
 [32]
 [54]
 [52]
 [49]
 [54]
 [46]
 [57]
 [54]
 [54]
 [51]
 [55]
 [56]
 [57]
 [57]
 [57]
 [57]
 [57]
 [57]
 [53]
 [45]
 [49]] 
------------------------ Dataset: nvt ------------------------
shape: (33, 1), dtype: uint16
Data:[[54]
 [54]
 [48]
 [57]
 [46]
 [48]
 [53]
 [52]
 [49]
 [49]
 [50]
 [57]
 [57]
 [57]
 [57]
 [57]
 [57]
 [45]
 [48]
 [32]
 [54]
 [54]
 [48]
 [57]
 [46]
 [48]
 [53]
 [56]
 [48]
 [53]
 [56]
 [45]
 [49]] 
------------------------ Dataset: nvu ------------------------
shape: (39, 1), dtype: uint16
Data:[[54]
 [54]
 [50]
 [52]
 [46]
 [57]
 [56]
 [50]
 [50]
 [50]
 [56]
 [57]
 [57]
 [57]
 [57]
 [57]
 [57]
 [45]
 [48]
 [32]
 [54]
 [54]
 [50]
 [52]
 [46]
 [57]
 [56]
 [54]
 [48]
 [57]
 [55]
 [57]
 [57]
 [57]
 [57]
 [57]
 [57]
 [45]
 [49]] 
------------------------ Dataset: nvv ------------------------
shape: (39, 1), dtype: uint16
Data:[[54]
 [54]
 [52]
 [48]
 [46]
 [55]
 [56]
 [54]
 [48]
 [53]
 [54]
 [57]
 [57]
 [57]
 [57]
 [57]
 [57]
 [45]
 [48]
 [32]
 [54]
 [54]
 [52]
 [48]
 [46]
 [55]
 [56]
 [54]
 [48]
 [53]
 [54]
 [57]
 [57]
 [57]
 [57]
 [57]
 [57]
 [45]
 [49]] 
------------------------ Dataset: nvw ------------------------
shape: (27, 1), dtype: uint16
Data:[[54]
 [54]
 [53]
 [54]
 [46]
 [52]
 [50]
 [54]
 [49]
 [52]
 [49]
 [45]
 [48]
 [32]
 [54]
 [54]
 [53]
 [54]
 [46]
 [52]
 [50]
 [50]
 [50]
 [49]
 [53]
 [45]
 [49]] 
------------------------ Dataset: nvx ------------------------
shape: (33, 1), dtype: uint16
Data:[[54]
 [54]
 [55]
 [50]
 [46]
 [51]
 [51]
 [50]
 [48]
 [55]
 [55]
 [57]
 [57]
 [57]
 [57]
 [57]
 [57]
 [53]
 [45]
 [48]
 [32]
 [54]
 [54]
 [55]
 [50]
 [46]
 [51]
 [50]
 [55]
 [51]
 [56]
 [45]
 [49]] 
------------------------ Dataset: nvy ------------------------
shape: (33, 1), dtype: uint16
Data:[[54]
 [54]
 [56]
 [56]
 [46]
 [50]
 [50]
 [54]
 [48]
 [55]
 [49]
 [57]
 [57]
 [57]
 [57]
 [57]
 [57]
 [53]
 [45]
 [48]
 [32]
 [54]
 [54]
 [56]
 [56]
 [46]
 [50]
 [51]
 [48]
 [49]
 [56]
 [45]
 [49]] 
------------------------ Dataset: nvz ------------------------
shape: (33, 1), dtype: uint16
Data:[[53]
 [57]
 [48]
 [54]
 [46]
 [49]
 [51]
 [51]
 [55]
 [54]
 [53]
 [45]
 [48]
 [32]
 [53]
 [57]
 [48]
 [54]
 [46]
 [49]
 [51]
 [55]
 [55]
 [56]
 [56]
 [57]
 [57]
 [57]
 [57]
 [57]
 [57]
 [45]
 [49]] 
------------------------ Dataset: nw ------------------------
