shape: (1, 6), dtype: uint32
Data:[[3707764736          2          1          1       1716          1]] 
------------------------ Dataset: xCb ------------------------
shape: (34, 1), dtype: uint16
Data:[[54]
 [55]
 [55]
 [49]
 [46]
 [55]
 [52]
 [50]
 [49]
 [54]
 [54]
 [45]
 [48]
 [32]
 [54]
 [55]
 [55]
 [49]
 [46]
 [55]
 [52]
 [54]
 [57]
 [53]
 [57]
 [57]
 [57]
 [57]
 [57]
 [57]
 [57]
 [53]
 [45]
 [49]] 
------------------------ Dataset: xCc ------------------------
shape: (33, 1), dtype: uint16
Data:[[54]
 [50]
 [56]
 [52]
 [46]
 [53]
 [50]
 [49]
 [56]
 [48]
 [55]
 [45]
 [48]
 [32]
 [54]
 [50]
 [56]
 [52]
 [46]
 [53]
 [50]
 [54]
 [49]
 [48]
 [56]
 [57]
 [57]
 [57]
 [57]
 [57]
 [57]
 [45]
 [49]] 
------------------------ Dataset: xCd ------------------------
shape: (27, 1), dtype: uint16
Data:[[54]
 [51]
 [48]
 [48]
 [46]
 [50]
 [57]
 [55]
 [56]
 [49]
 [50]
 [45]
 [48]
 [32]
 [54]
 [51]
 [48]
 [48]
 [46]
 [50]
 [57]
 [53]
 [49]
 [50]
 [49]
 [45]
 [49]] 
------------------------ Dataset: xCe ------------------------
shape: (27, 1), dtype: uint16
Data:[[54]
 [51]
 [49]
 [54]
 [46]
 [49]
 [54]
 [57]
 [57]
 [56]
 [51]
 [45]
 [48]
 [32]
 [54]
 [51]
 [49]
 [54]
 [46]
 [49]
 [54]
 [54]
 [56]
 [52]
 [54]
 [45]
 [49]] 
------------------------ Dataset: xCf ------------------------
shape: (40, 1), dtype: uint16
Data:[[54]
 [51]
 [51]
 [49]
 [46]
 [57]
 [57]
 [51]
 [57]
 [51]
 [52]
 [57]
 [57]
 [57]
 [57]
 [57]
 [57]
 [53]
 [45]
 [48]
 [32]
 [54]
 [51]
 [51]
 [49]
 [46]
 [57]
 [57]
 [57]
 [50]
 [53]
 [48]
 [57]
 [57]
 [57]
 [57]
 [57]
 [57]
 [45]
 [49]] 
------------------------ Dataset: xCg ------------------------
shape: (27, 1), dtype: uint16
Data:[[54]
 [52]
 [57]
 [55]
 [46]
 [49]
 [53]
 [52]
 [54]
 [50]
 [49]
 [45]
 [48]
 [32]
 [54]
 [52]
 [57]
 [55]
 [46]
 [49]
 [54]
 [49]
 [56]
 [54]
 [57]
 [45]
 [49]] 
------------------------ Dataset: xCh ------------------------
shape: (33, 1), dtype: uint16
Data:[[54]
 [53]
 [49]
 [50]
 [46]
 [57]
 [51]
 [52]
 [50]
 [49]
 [52]
 [45]
 [48]
 [32]
 [54]
 [53]
 [49]
 [50]
 [46]
 [57]
 [51]
 [48]
 [48]
 [49]
 [53]
 [57]
 [57]
 [57]
 [57]
 [57]
 [57]
 [45]
 [49]] 
------------------------ Dataset: xCi ------------------------
shape: (27, 1), dtype: uint16
Data:[[54]
 [53]
 [50]
 [56]
 [46]
 [55]
 [53]
 [56]
 [48]
 [49]
 [51]
 [45]
 [48]
 [32]
 [54]
 [53]
 [50]
 [56]
 [46]
 [55]
 [53]
 [52]
 [48]
 [53]
 [55]
 [45]
 [49]] 
------------------------ Dataset: xCj ------------------------
shape: (33, 1), dtype: uint16
Data:[[54]
 [48]
 [50]
 [52]
 [46]
 [51]
 [50]
 [57]
 [55]
 [51]
 [57]
 [57]
 [57]
 [57]
 [57]
 [57]
 [57]
 [45]
 [48]
 [32]
 [54]
 [48]
 [50]
 [52]
 [46]
 [51]
 [51]
 [51]
 [55]
 [51]
 [54]
 [45]
 [49]] 
------------------------ Dataset: xCk ------------------------
shape: (33, 1), dtype: uint16
Data:[[54]
 [48]
 [52]
 [48]
 [46]
 [48]
 [55]
 [55]
 [55]
 [55]
 [56]
 [57]
 [57]
 [57]
 [57]
 [57]
 [57]
 [45]
 [48]
 [32]
 [54]
 [48]
 [52]
 [48]
 [46]
 [48]
 [55]
 [55]
 [55]
 [56]
 [52]
 [45]
 [49]] 
------------------------ Dataset: xCl ------------------------
shape: (27, 1), dtype: uint16
Data:[[54]
 [48]
 [53]
 [53]
 [46]
 [55]
 [52]
 [49]
 [55]
 [52]
 [51]
 [45]
 [48]
 [32]
 [54]
 [48]
 [53]
 [53]
 [46]
 [55]
 [52]
 [53]
 [55]
 [50]
 [54]
 [45]
 [49]] 
------------------------ Dataset: xCm ------------------------
shape: (33, 1), dtype: uint16
Data:[[54]
 [48]
 [55]
 [49]
 [46]
 [54]
 [56]
 [53]
 [55]
 [57]
 [52]
 [45]
 [48]
 [32]
 [54]
 [48]
 [55]
 [49]
 [46]
 [54]
 [56]
 [49]
 [55]
 [55]
 [50]
 [57]
 [57]
 [57]
 [57]
 [57]
 [57]
 [45]
 [49]] 
------------------------ Dataset: xCn ------------------------
shape: (27, 1), dtype: uint16
Data:[[53]
 [54]
 [51]
 [50]
 [46]
 [53]
 [54]
 [52]
 [54]
 [52]
 [54]
 [45]
 [48]
 [32]
 [53]
 [54]
 [51]
 [50]
 [46]
 [53]
 [54]
 [49]
 [51]
 [54]
 [54]
 [45]
 [49]] 
------------------------ Dataset: xCo ------------------------
shape: (33, 1), dtype: uint16
Data:[[53]
 [54]
 [52]
 [56]
 [46]
 [50]
 [51]
 [56]
 [53]
 [51]
 [57]
 [57]
 [57]
 [57]
 [57]
 [57]
 [57]
 [45]
 [48]
 [32]
 [53]
 [54]
 [52]
 [56]
 [46]
 [50]
 [51]
 [51]
 [55]
 [48]
 [51]
 [45]
 [49]] 
------------------------ Dataset: xCp ------------------------
shape: (33, 1), dtype: uint16
Data:[[53]
 [54]
 [54]
 [51]
 [46]
 [57]
 [55]
 [53]
 [57]
 [53]
 [55]
 [45]
 [48]
 [32]
 [53]
 [54]
 [54]
 [51]
 [46]
 [57]
 [55]
 [48]
 [48]
 [48]
 [50]
 [57]
 [57]
 [57]
 [57]
 [57]
 [57]
 [45]
 [49]] 
------------------------ Dataset: xCq ------------------------
shape: (27, 1), dtype: uint16
Data:[[53]
 [54]
 [55]
 [57]
 [46]
 [55]
 [50]
 [49]
 [56]
 [54]
 [56]
 [45]
 [48]
 [32]
 [53]
 [54]
 [55]
 [57]
 [46]
 [55]
 [49]
 [52]
 [53]
 [51]
 [57]
 [45]
 [49]] 
------------------------ Dataset: xCr ------------------------
shape: (33, 1), dtype: uint16
Data:[[53]
 [56]
 [48]
 [54]
 [46]
 [48]
 [50]
 [53]
 [53]
 [57]
 [55]
 [45]
 [48]
 [32]
 [53]
 [56]
 [48]
 [54]
 [46]
 [48]
 [49]
 [57]
 [55]
 [52]
 [51]
 [57]
 [57]
 [57]
 [57]
 [57]
 [57]
 [45]
 [49]] 
------------------------ Dataset: xCs ------------------------
shape: (27, 1), dtype: uint16
Data:[[54]
 [52]
 [49]
 [56]
 [46]
 [55]
 [55]
 [56]
 [55]
 [52]
 [54]
 [45]
 [48]
 [32]
 [54]
 [52]
 [49]
 [56]
 [46]
 [55]
 [56]
 [51]
 [54]
 [57]
 [57]
 [45]
 [49]] 
------------------------ Dataset: xCt ------------------------
shape: (27, 1), dtype: uint16
Data:[[54]
 [54]
 [49]
 [48]
 [46]
 [56]
 [56]
 [54]
 [49]
 [55]
 [56]
 [45]
 [48]
 [32]
 [54]
 [54]
 [49]
 [48]
 [46]
 [56]
 [57]
 [48]
 [48]
 [53]
 [53]
 [45]
 [49]] 
------------------------ Dataset: xCu ------------------------
shape: (27, 1), dtype: uint16
Data:[[54]
 [54]
 [50]
 [54]
 [46]
 [56]
 [48]
 [50]
 [54]
 [56]
 [54]
 [45]
 [48]
 [32]
 [54]
 [54]
 [50]
 [54]
 [46]
 [56]
 [48]
 [51]
 [53]
 [49]
 [51]
 [45]
 [49]] 
------------------------ Dataset: xCv ------------------------
shape: (27, 1), dtype: uint16
Data:[[54]
 [54]
 [52]
 [50]
 [46]
 [53]
 [56]
 [51]
 [49]
 [56]
 [54]
 [45]
 [48]
 [32]
 [54]
 [54]
 [52]
 [50]
 [46]
 [53]
 [55]
 [57]
 [56]
 [54]
 [50]
 [45]
 [49]] 
------------------------ Dataset: xCw ------------------------
shape: (34, 1), dtype: uint16
Data:[[54]
 [54]
 [53]
 [56]
 [46]
 [50]
 [56]
 [50]
 [48]
 [57]
 [49]
 [57]
 [57]
 [57]
 [57]
 [57]
 [57]
 [53]
 [45]
 [48]
 [32]
 [54]
 [54]
 [53]
 [56]
 [46]
 [50]
 [56]
 [54]
 [48]
 [56]
 [56]
 [45]
 [49]] 
------------------------ Dataset: xCx ------------------------
shape: (27, 1), dtype: uint16
Data:[[54]
 [54]
 [55]
 [52]
 [46]
 [49]
 [54]
 [50]
 [49]
 [51]
 [57]
 [45]
 [48]
 [32]
 [54]
 [54]
 [55]
 [52]
 [46]
 [49]
 [53]
 [56]
 [48]
 [56]
 [49]
 [45]
 [49]] 
------------------------ Dataset: xCy ------------------------
shape: (33, 1), dtype: uint16
Data:[[54]
 [54]
 [57]
 [48]
 [46]
 [48]
 [56]
 [50]
 [48]
 [57]
 [45]
 [48]
 [32]
 [54]
 [54]
 [57]
 [48]
 [46]
 [48]
 [56]
 [54]
 [49]
 [53]
 [56]
 [57]
 [57]
 [57]
 [57]
 [57]
 [57]
 [53]
 [45]
 [49]] 
------------------------ Dataset: xCz ------------------------
shape: (27, 1), dtype: uint16
Data:[[53]
 [57]
 [48]
 [55]
 [46]
 [57]
 [55]
 [51]
 [54]
 [55]
 [50]
 [45]
 [48]
 [32]
 [53]
 [57]
 [48]
 [55]
 [46]
 [57]
 [55]
 [55]
 [55]
 [50]
 [50]
 [45]
 [49]] 
------------------------ Dataset: xD ------------------------
