shape: (1, 6), dtype: uint32
Data:[[3707764736          2          1          1       1207          1]] 
------------------------ Dataset: 9tb ------------------------
shape: (41, 1), dtype: uint16
Data:[[54]
 [55]
 [54]
 [57]
 [46]
 [54]
 [50]
 [54]
 [49]
 [56]
 [53]
 [57]
 [57]
 [57]
 [57]
 [57]
 [57]
 [53]
 [45]
 [48]
 [32]
 [54]
 [55]
 [54]
 [57]
 [46]
 [54]
 [50]
 [50]
 [48]
 [57]
 [54]
 [57]
 [57]
 [57]
 [57]
 [57]
 [57]
 [53]
 [45]
 [49]] 
------------------------ Dataset: 9tc ------------------------
shape: (25, 1), dtype: uint16
Data:[[54]
 [50]
 [56]
 [50]
 [46]
 [51]
 [57]
 [52]
 [48]
 [52]
 [55]
 [45]
 [48]
 [32]
 [54]
 [50]
 [56]
 [50]
 [46]
 [51]
 [57]
 [55]
 [57]
 [45]
 [49]] 
------------------------ Dataset: 9td ------------------------
shape: (33, 1), dtype: uint16
Data:[[54]
 [50]
 [57]
 [56]
 [46]
 [49]
 [53]
 [55]
 [56]
 [57]
 [49]
 [57]
 [57]
 [57]
 [57]
 [57]
 [57]
 [45]
 [48]
 [32]
 [54]
 [50]
 [57]
 [56]
 [46]
 [49]
 [53]
 [56]
 [48]
 [55]
 [54]
 [45]
 [49]] 
------------------------ Dataset: 9te ------------------------
shape: (32, 1), dtype: uint16
Data:[[54]
 [51]
 [49]
 [52]
 [46]
 [48]
 [52]
 [54]
 [53]
 [56]
 [50]
 [57]
 [57]
 [57]
 [57]
 [57]
 [57]
 [45]
 [48]
 [32]
 [54]
 [51]
 [49]
 [52]
 [46]
 [48]
 [52]
 [54]
 [53]
 [50]
 [45]
 [49]] 
------------------------ Dataset: 9tf ------------------------
shape: (33, 1), dtype: uint16
Data:[[54]
 [51]
 [50]
 [57]
 [46]
 [56]
 [54]
 [49]
 [56]
 [55]
 [51]
 [57]
 [57]
 [57]
 [57]
 [57]
 [57]
 [45]
 [48]
 [32]
 [54]
 [51]
 [50]
 [57]
 [46]
 [56]
 [53]
 [56]
 [50]
 [56]
 [54]
 [45]
 [49]] 
------------------------ Dataset: 9tg ------------------------
shape: (32, 1), dtype: uint16
Data:[[54]
 [51]
 [52]
 [53]
 [46]
 [55]
 [48]
 [57]
 [57]
 [57]
 [52]
 [57]
 [57]
 [57]
 [57]
 [57]
 [57]
 [45]
 [48]
 [32]
 [54]
 [51]
 [52]
 [53]
 [46]
 [55]
 [48]
 [53]
 [57]
 [52]
 [45]
 [49]] 
------------------------ Dataset: 9th ------------------------
shape: (33, 1), dtype: uint16
Data:[[54]
 [53]
 [49]
 [48]
 [46]
 [55]
 [56]
 [51]
 [53]
 [51]
 [54]
 [57]
 [57]
 [57]
 [57]
 [57]
 [57]
 [45]
 [48]
 [32]
 [54]
 [53]
 [49]
 [48]
 [46]
 [55]
 [56]
 [52]
 [56]
 [50]
 [51]
 [45]
 [49]] 
------------------------ Dataset: 9ti ------------------------
shape: (33, 1), dtype: uint16
Data:[[54]
 [53]
 [50]
 [54]
 [46]
 [54]
 [49]
 [48]
 [48]
 [52]
 [57]
 [57]
 [57]
 [57]
 [57]
 [57]
 [57]
 [45]
 [48]
 [32]
 [54]
 [53]
 [50]
 [54]
 [46]
 [54]
 [48]
 [54]
 [50]
 [49]
 [51]
 [45]
 [49]] 
------------------------ Dataset: 9tj ------------------------
shape: (13, 1), dtype: uint16
Data:[[54]
 [48]
 [50]
 [50]
 [46]
 [49]
 [57]
 [55]
 [56]
 [57]
 [49]
 [45]
 [48]] 
------------------------ Dataset: 9tk ------------------------
shape: (40, 1), dtype: uint16
Data:[[54]
 [48]
 [51]
 [55]
 [46]
 [57]
 [55]
 [51]
 [55]
 [52]
 [55]
 [57]
 [57]
 [57]
 [57]
 [57]
 [57]
 [45]
 [48]
 [32]
 [54]
 [48]
 [51]
 [55]
 [46]
 [57]
 [55]
 [55]
 [56]
 [50]
 [56]
 [57]
 [57]
 [57]
 [57]
 [57]
 [57]
 [53]
 [45]
 [49]] 
------------------------ Dataset: 9tl ------------------------
shape: (33, 1), dtype: uint16
Data:[[54]
 [48]
 [53]
 [51]
 [46]
 [54]
 [50]
 [53]
 [54]
 [56]
 [56]
 [57]
 [57]
 [57]
 [57]
 [57]
 [57]
 [53]
 [45]
 [48]
 [32]
 [54]
 [48]
 [53]
 [51]
 [46]
 [54]
 [50]
 [53]
 [54]
 [57]
 [45]
 [49]] 
------------------------ Dataset: 9tm ------------------------
shape: (27, 1), dtype: uint16
Data:[[54]
 [48]
 [54]
 [57]
 [46]
 [53]
 [50]
 [49]
 [56]
 [54]
 [53]
 [45]
 [48]
 [32]
 [54]
 [48]
 [54]
 [57]
 [46]
 [53]
 [50]
 [57]
 [56]
 [53]
 [56]
 [45]
 [49]] 
------------------------ Dataset: 9tn ------------------------
shape: (40, 1), dtype: uint16
Data:[[54]
 [48]
 [56]
 [53]
 [46]
 [52]
 [50]
 [55]
 [49]
 [54]
 [53]
 [57]
 [57]
 [57]
 [57]
 [57]
 [57]
 [53]
 [45]
 [48]
 [32]
 [54]
 [48]
 [56]
 [53]
 [46]
 [52]
 [50]
 [55]
 [48]
 [54]
 [53]
 [57]
 [57]
 [57]
 [57]
 [57]
 [57]
 [45]
 [49]] 
------------------------ Dataset: 9to ------------------------
shape: (41, 1), dtype: uint16
Data:[[53]
 [54]
 [52]
 [54]
 [46]
 [49]
 [49]
 [55]
 [53]
 [50]
 [57]
 [57]
 [57]
 [57]
 [57]
 [57]
 [57]
 [53]
 [45]
 [48]
 [32]
 [53]
 [54]
 [52]
 [54]
 [46]
 [49]
 [50]
 [49]
 [55]
 [51]
 [54]
 [57]
 [57]
 [57]
 [57]
 [57]
 [57]
 [53]
 [45]
 [49]] 
------------------------ Dataset: 9tp ------------------------
shape: (27, 1), dtype: uint16
Data:[[53]
 [54]
 [54]
 [49]
 [46]
 [56]
 [53]
 [55]
 [52]
 [57]
 [49]
 [45]
 [48]
 [32]
 [53]
 [54]
 [54]
 [49]
 [46]
 [56]
 [53]
 [51]
 [53]
 [49]
 [55]
 [45]
 [49]] 
------------------------ Dataset: 9tq ------------------------
shape: (27, 1), dtype: uint16
Data:[[53]
 [54]
 [55]
 [55]
 [46]
 [53]
 [54]
 [49]
 [53]
 [53]
 [55]
 [45]
 [48]
 [32]
 [53]
 [54]
 [55]
 [55]
 [46]
 [53]
 [53]
 [55]
 [53]
 [56]
 [57]
 [45]
 [49]] 
------------------------ Dataset: 9tr ------------------------
shape: (13, 1), dtype: uint16
Data:[[53]
 [54]
 [57]
 [51]
 [46]
 [51]
 [51]
 [55]
 [55]
 [55]
 [56]
 [45]
 [48]] 
------------------------ Dataset: 9ts ------------------------
shape: (32, 1), dtype: uint16
Data:[[54]
 [52]
 [49]
 [54]
 [46]
 [54]
 [53]
 [53]
 [55]
 [54]
 [45]
 [48]
 [32]
 [54]
 [52]
 [49]
 [54]
 [46]
 [54]
 [53]
 [49]
 [49]
 [53]
 [54]
 [57]
 [57]
 [57]
 [57]
 [57]
 [57]
 [45]
 [49]] 
------------------------ Dataset: 9tt ------------------------
shape: (13, 1), dtype: uint16
Data:[[54]
 [54]
 [48]
 [56]
 [46]
 [55]
 [51]
 [48]
 [48]
 [54]
 [56]
 [45]
 [48]] 
------------------------ Dataset: 9tu ------------------------
shape: (34, 1), dtype: uint16
Data:[[54]
 [54]
 [50]
 [52]
 [46]
 [54]
 [54]
 [52]
 [49]
 [56]
 [57]
 [57]
 [57]
 [57]
 [57]
 [57]
 [57]
 [53]
 [45]
 [48]
 [32]
 [54]
 [54]
 [50]
 [52]
 [46]
 [54]
 [55]
 [48]
 [50]
 [48]
 [56]
 [45]
 [49]] 
------------------------ Dataset: 9tv ------------------------
shape: (13, 1), dtype: uint16
Data:[[54]
 [54]
 [52]
 [48]
 [46]
 [52]
 [55]
 [57]
 [54]
 [49]
 [57]
 [45]
 [48]] 
------------------------ Dataset: 9tw ------------------------
shape: (27, 1), dtype: uint16
Data:[[54]
 [54]
 [53]
 [54]
 [46]
 [49]
 [49]
 [48]
 [48]
 [50]
 [56]
 [45]
 [48]
 [32]
 [54]
 [54]
 [53]
 [54]
 [46]
 [49]
 [49]
 [52]
 [49]
 [53]
 [50]
 [45]
 [49]] 
------------------------ Dataset: 9tx ------------------------
shape: (27, 1), dtype: uint16
Data:[[54]
 [54]
 [55]
 [50]
 [46]
 [48]
 [48]
 [54]
 [48]
 [57]
 [50]
 [45]
 [48]
 [32]
 [54]
 [54]
 [55]
 [50]
 [46]
 [48]
 [49]
 [48]
 [49]
 [49]
 [52]
 [45]
 [49]] 
------------------------ Dataset: 9ty ------------------------
shape: (33, 1), dtype: uint16
Data:[[54]
 [54]
 [56]
 [55]
 [46]
 [57]
 [48]
 [50]
 [54]
 [50]
 [45]
 [48]
 [32]
 [54]
 [54]
 [56]
 [55]
 [46]
 [57]
 [48]
 [54]
 [53]
 [48]
 [48]
 [57]
 [57]
 [57]
 [57]
 [57]
 [57]
 [53]
 [45]
 [49]] 
------------------------ Dataset: 9tz ------------------------
shape: (33, 1), dtype: uint16
Data:[[53]
 [57]
 [48]
 [53]
 [46]
 [56]
 [49]
 [55]
 [54]
 [54]
 [57]
 [57]
 [57]
 [57]
 [57]
 [57]
 [57]
 [45]
 [48]
 [32]
 [53]
 [57]
 [48]
 [53]
 [46]
 [56]
 [50]
 [49]
 [55]
 [55]
 [55]
 [45]
 [49]] 
------------------------ Dataset: 9u ------------------------
