shape: (1, 6), dtype: uint32
Data:[[3707764736          2          1          1        992          1]] 
------------------------ Dataset: zqb ------------------------
shape: (26, 1), dtype: uint16
Data:[[54]
 [55]
 [54]
 [56]
 [46]
 [54]
 [57]
 [48]
 [49]
 [53]
 [54]
 [45]
 [48]
 [32]
 [54]
 [55]
 [54]
 [56]
 [46]
 [55]
 [48]
 [48]
 [52]
 [50]
 [45]
 [49]] 
------------------------ Dataset: zqc ------------------------
shape: (27, 1), dtype: uint16
Data:[[54]
 [50]
 [56]
 [49]
 [46]
 [52]
 [56]
 [57]
 [57]
 [54]
 [50]
 [45]
 [48]
 [32]
 [54]
 [50]
 [56]
 [49]
 [46]
 [52]
 [57]
 [51]
 [56]
 [55]
 [55]
 [45]
 [49]] 
------------------------ Dataset: zqd ------------------------
shape: (34, 1), dtype: uint16
Data:[[54]
 [50]
 [57]
 [55]
 [46]
 [50]
 [53]
 [56]
 [55]
 [53]
 [51]
 [57]
 [57]
 [57]
 [57]
 [57]
 [57]
 [53]
 [45]
 [48]
 [32]
 [54]
 [50]
 [57]
 [55]
 [46]
 [50]
 [54]
 [51]
 [48]
 [53]
 [52]
 [45]
 [49]] 
------------------------ Dataset: zqe ------------------------
shape: (27, 1), dtype: uint16
Data:[[54]
 [51]
 [49]
 [51]
 [46]
 [49]
 [51]
 [55]
 [57]
 [54]
 [51]
 [45]
 [48]
 [32]
 [54]
 [51]
 [49]
 [51]
 [46]
 [49]
 [51]
 [51]
 [56]
 [55]
 [56]
 [45]
 [49]] 
------------------------ Dataset: zqf ------------------------
shape: (27, 1), dtype: uint16
Data:[[54]
 [51]
 [50]
 [56]
 [46]
 [57]
 [53]
 [56]
 [48]
 [53]
 [50]
 [45]
 [48]
 [32]
 [54]
 [51]
 [50]
 [56]
 [46]
 [57]
 [54]
 [53]
 [57]
 [52]
 [56]
 [45]
 [49]] 
------------------------ Dataset: zqg ------------------------
shape: (27, 1), dtype: uint16
Data:[[54]
 [51]
 [52]
 [52]
 [46]
 [55]
 [57]
 [55]
 [57]
 [55]
 [54]
 [45]
 [48]
 [32]
 [54]
 [51]
 [52]
 [52]
 [46]
 [55]
 [57]
 [52]
 [48]
 [56]
 [51]
 [45]
 [49]] 
------------------------ Dataset: zqh ------------------------
shape: (40, 1), dtype: uint16
Data:[[54]
 [53]
 [48]
 [57]
 [46]
 [56]
 [56]
 [50]
 [51]
 [52]
 [56]
 [57]
 [57]
 [57]
 [57]
 [57]
 [57]
 [53]
 [45]
 [48]
 [32]
 [54]
 [53]
 [48]
 [57]
 [46]
 [56]
 [57]
 [48]
 [48]
 [57]
 [56]
 [57]
 [57]
 [57]
 [57]
 [57]
 [57]
 [45]
 [49]] 
------------------------ Dataset: zqi ------------------------
shape: (33, 1), dtype: uint16
Data:[[54]
 [53]
 [50]
 [53]
 [46]
 [54]
 [57]
 [48]
 [48]
 [50]
 [48]
 [57]
 [57]
 [57]
 [57]
 [57]
 [57]
 [45]
 [48]
 [32]
 [54]
 [53]
 [50]
 [53]
 [46]
 [54]
 [57]
 [51]
 [57]
 [55]
 [54]
 [45]
 [49]] 
------------------------ Dataset: zqj ------------------------
shape: (33, 1), dtype: uint16
Data:[[54]
 [48]
 [50]
 [49]
 [46]
 [50]
 [57]
 [51]
 [57]
 [54]
 [56]
 [57]
 [57]
 [57]
 [57]
 [57]
 [57]
 [45]
 [48]
 [32]
 [54]
 [48]
 [50]
 [49]
 [46]
 [50]
 [56]
 [57]
 [56]
 [53]
 [52]
 [45]
 [49]] 
------------------------ Dataset: zqk ------------------------
shape: (39, 1), dtype: uint16
Data:[[54]
 [48]
 [51]
 [55]
 [46]
 [48]
 [55]
 [48]
 [49]
 [55]
 [53]
 [57]
 [57]
 [57]
 [57]
 [57]
 [57]
 [45]
 [48]
 [32]
 [54]
 [48]
 [51]
 [55]
 [46]
 [48]
 [55]
 [52]
 [48]
 [49]
 [52]
 [57]
 [57]
 [57]
 [57]
 [57]
 [57]
 [45]
 [49]] 
------------------------ Dataset: zql ------------------------
shape: (27, 1), dtype: uint16
Data:[[54]
 [48]
 [53]
 [50]
 [46]
 [54]
 [57]
 [53]
 [52]
 [57]
 [50]
 [45]
 [48]
 [32]
 [54]
 [48]
 [53]
 [50]
 [46]
 [54]
 [57]
 [56]
 [50]
 [56]
 [51]
 [45]
 [49]] 
------------------------ Dataset: zqm ------------------------
shape: (33, 1), dtype: uint16
Data:[[54]
 [48]
 [54]
 [56]
 [46]
 [54]
 [49]
 [49]
 [53]
 [57]
 [54]
 [45]
 [48]
 [32]
 [54]
 [48]
 [54]
 [56]
 [46]
 [54]
 [49]
 [55]
 [55]
 [56]
 [54]
 [57]
 [57]
 [57]
 [57]
 [57]
 [57]
 [45]
 [49]] 
------------------------ Dataset: zqn ------------------------
shape: (20, 1), dtype: uint16
Data:[[54]
 [48]
 [56]
 [52]
 [46]
 [53]
 [51]
 [48]
 [48]
 [54]
 [56]
 [57]
 [57]
 [57]
 [57]
 [57]
 [57]
 [53]
 [45]
 [48]] 
------------------------ Dataset: zqo ------------------------
shape: (27, 1), dtype: uint16
Data:[[53]
 [54]
 [52]
 [53]
 [46]
 [50]
 [49]
 [56]
 [57]
 [54]
 [49]
 [45]
 [48]
 [32]
 [53]
 [54]
 [52]
 [53]
 [46]
 [50]
 [49]
 [52]
 [54]
 [50]
 [51]
 [45]
 [49]] 
------------------------ Dataset: zqp ------------------------
shape: (27, 1), dtype: uint16
Data:[[53]
 [54]
 [54]
 [48]
 [46]
 [57]
 [54]
 [49]
 [55]
 [49]
 [54]
 [45]
 [48]
 [32]
 [53]
 [54]
 [54]
 [48]
 [46]
 [57]
 [54]
 [57]
 [55]
 [55]
 [53]
 [45]
 [49]] 
------------------------ Dataset: zqq ------------------------
shape: (34, 1), dtype: uint16
Data:[[53]
 [54]
 [55]
 [54]
 [46]
 [54]
 [53]
 [55]
 [53]
 [49]
 [53]
 [45]
 [48]
 [32]
 [53]
 [54]
 [55]
 [54]
 [46]
 [54]
 [54]
 [49]
 [54]
 [49]
 [56]
 [57]
 [57]
 [57]
 [57]
 [57]
 [57]
 [53]
 [45]
 [49]] 
------------------------ Dataset: zqr ------------------------
shape: (39, 1), dtype: uint16
Data:[[53]
 [54]
 [57]
 [50]
 [46]
 [52]
 [52]
 [50]
 [57]
 [49]
 [54]
 [57]
 [57]
 [57]
 [57]
 [57]
 [57]
 [45]
 [48]
 [32]
 [53]
 [54]
 [57]
 [50]
 [46]
 [52]
 [51]
 [55]
 [53]
 [56]
 [54]
 [57]
 [57]
 [57]
 [57]
 [57]
 [57]
 [45]
 [49]] 
------------------------ Dataset: zqs ------------------------
shape: (26, 1), dtype: uint16
Data:[[54]
 [52]
 [49]
 [53]
 [46]
 [55]
 [52]
 [50]
 [48]
 [49]
 [55]
 [45]
 [48]
 [32]
 [54]
 [52]
 [49]
 [53]
 [46]
 [55]
 [52]
 [54]
 [48]
 [49]
 [45]
 [49]] 
------------------------ Dataset: zqt ------------------------
shape: (31, 1), dtype: uint16
Data:[[54]
 [54]
 [48]
 [55]
 [46]
 [56]
 [49]
 [56]
 [48]
 [53]
 [56]
 [57]
 [57]
 [57]
 [57]
 [57]
 [57]
 [45]
 [48]
 [32]
 [54]
 [54]
 [48]
 [55]
 [46]
 [56]
 [50]
 [53]
 [53]
 [45]
 [49]] 
------------------------ Dataset: zqu ------------------------
shape: (27, 1), dtype: uint16
Data:[[54]
 [54]
 [50]
 [51]
 [46]
 [55]
 [52]
 [54]
 [48]
 [49]
 [50]
 [45]
 [48]
 [32]
 [54]
 [54]
 [50]
 [51]
 [46]
 [55]
 [53]
 [48]
 [48]
 [48]
 [55]
 [45]
 [49]] 
------------------------ Dataset: zqv ------------------------
shape: (33, 1), dtype: uint16
Data:[[54]
 [54]
 [51]
 [57]
 [46]
 [53]
 [56]
 [54]
 [51]
 [53]
 [54]
 [57]
 [57]
 [57]
 [57]
 [57]
 [57]
 [45]
 [48]
 [32]
 [54]
 [54]
 [51]
 [57]
 [46]
 [53]
 [56]
 [50]
 [51]
 [49]
 [51]
 [45]
 [49]] 
------------------------ Dataset: zqw ------------------------
shape: (33, 1), dtype: uint16
Data:[[54]
 [54]
 [53]
 [53]
 [46]
 [49]
 [57]
 [56]
 [50]
 [51]
 [50]
 [45]
 [48]
 [32]
 [54]
 [54]
 [53]
 [53]
 [46]
 [49]
 [57]
 [54]
 [50]
 [55]
 [52]
 [57]
 [57]
 [57]
 [57]
 [57]
 [57]
 [45]
 [49]] 
------------------------ Dataset: zqx ------------------------
shape: (33, 1), dtype: uint16
Data:[[54]
 [54]
 [55]
 [49]
 [46]
 [48]
 [57]
 [52]
 [50]
 [54]
 [51]
 [57]
 [57]
 [57]
 [57]
 [57]
 [57]
 [45]
 [48]
 [32]
 [54]
 [54]
 [55]
 [49]
 [46]
 [48]
 [57]
 [56]
 [49]
 [49]
 [54]
 [45]
 [49]] 
------------------------ Dataset: zqy ------------------------
shape: (27, 1), dtype: uint16
Data:[[54]
 [54]
 [56]
 [54]
 [46]
 [57]
 [57]
 [55]
 [51]
 [51]
 [53]
 [45]
 [48]
 [32]
 [54]
 [54]
 [56]
 [55]
 [46]
 [48]
 [48]
 [50]
 [50]
 [51]
 [53]
 [45]
 [49]] 
------------------------ Dataset: zqz ------------------------
shape: (33, 1), dtype: uint16
Data:[[53]
 [57]
 [48]
 [52]
 [46]
 [57]
 [49]
 [51]
 [54]
 [51]
 [53]
 [57]
 [57]
 [57]
 [57]
 [57]
 [57]
 [45]
 [48]
 [32]
 [53]
 [57]
 [48]
 [52]
 [46]
 [57]
 [48]
 [57]
 [55]
 [57]
 [51]
 [45]
 [49]] 
------------------------ Dataset: zr ------------------------
