shape: (1, 6), dtype: uint32
Data:[[3707764736          2          1          1        891          1]] 
------------------------ Dataset: Uob ------------------------
shape: (27, 1), dtype: uint16
Data:[[54]
 [55]
 [54]
 [56]
 [46]
 [50]
 [55]
 [56]
 [55]
 [53]
 [52]
 [45]
 [48]
 [32]
 [54]
 [55]
 [54]
 [56]
 [46]
 [50]
 [55]
 [53]
 [57]
 [48]
 [52]
 [45]
 [49]] 
------------------------ Dataset: Uoc ------------------------
shape: (13, 1), dtype: uint16
Data:[[54]
 [50]
 [56]
 [49]
 [46]
 [48]
 [53]
 [48]
 [48]
 [51]
 [54]
 [45]
 [49]] 
------------------------ Dataset: Uod ------------------------
shape: (33, 1), dtype: uint16
Data:[[54]
 [50]
 [57]
 [54]
 [46]
 [56]
 [51]
 [55]
 [57]
 [54]
 [56]
 [45]
 [48]
 [32]
 [54]
 [50]
 [57]
 [54]
 [46]
 [56]
 [51]
 [52]
 [48]
 [55]
 [56]
 [57]
 [57]
 [57]
 [57]
 [57]
 [57]
 [45]
 [49]] 
------------------------ Dataset: Uoe ------------------------
shape: (27, 1), dtype: uint16
Data:[[54]
 [51]
 [49]
 [50]
 [46]
 [55]
 [48]
 [50]
 [48]
 [48]
 [52]
 [45]
 [48]
 [32]
 [54]
 [51]
 [49]
 [50]
 [46]
 [55]
 [48]
 [53]
 [57]
 [57]
 [55]
 [45]
 [49]] 
------------------------ Dataset: Uof ------------------------
shape: (34, 1), dtype: uint16
Data:[[54]
 [51]
 [50]
 [56]
 [46]
 [53]
 [52]
 [53]
 [56]
 [52]
 [57]
 [57]
 [57]
 [57]
 [57]
 [57]
 [57]
 [53]
 [45]
 [48]
 [32]
 [54]
 [51]
 [50]
 [56]
 [46]
 [53]
 [51]
 [55]
 [56]
 [56]
 [51]
 [45]
 [49]] 
------------------------ Dataset: Uog ------------------------
shape: (27, 1), dtype: uint16
Data:[[54]
 [51]
 [52]
 [52]
 [46]
 [51]
 [54]
 [49]
 [56]
 [56]
 [55]
 [45]
 [48]
 [32]
 [54]
 [51]
 [52]
 [52]
 [46]
 [51]
 [54]
 [53]
 [57]
 [50]
 [55]
 [45]
 [49]] 
------------------------ Dataset: Uoh ------------------------
shape: (34, 1), dtype: uint16
Data:[[54]
 [53]
 [48]
 [57]
 [46]
 [52]
 [55]
 [50]
 [53]
 [57]
 [50]
 [57]
 [57]
 [57]
 [57]
 [57]
 [57]
 [53]
 [45]
 [48]
 [32]
 [54]
 [53]
 [48]
 [57]
 [46]
 [52]
 [55]
 [54]
 [55]
 [55]
 [50]
 [45]
 [49]] 
------------------------ Dataset: Uoi ------------------------
shape: (33, 1), dtype: uint16
Data:[[54]
 [53]
 [50]
 [53]
 [46]
 [50]
 [55]
 [51]
 [49]
 [50]
 [48]
 [57]
 [57]
 [57]
 [57]
 [57]
 [57]
 [45]
 [48]
 [32]
 [54]
 [53]
 [50]
 [53]
 [46]
 [50]
 [55]
 [48]
 [53]
 [54]
 [51]
 [45]
 [49]] 
------------------------ Dataset: Uoj ------------------------
shape: (39, 1), dtype: uint16
Data:[[54]
 [48]
 [50]
 [48]
 [46]
 [56]
 [54]
 [53]
 [55]
 [54]
 [54]
 [57]
 [57]
 [57]
 [57]
 [57]
 [57]
 [45]
 [48]
 [32]
 [54]
 [48]
 [50]
 [48]
 [46]
 [56]
 [54]
 [49]
 [55]
 [55]
 [49]
 [57]
 [57]
 [57]
 [57]
 [57]
 [57]
 [45]
 [49]] 
------------------------ Dataset: Uok ------------------------
shape: (40, 1), dtype: uint16
Data:[[54]
 [48]
 [51]
 [54]
 [46]
 [54]
 [53]
 [55]
 [55]
 [53]
 [50]
 [57]
 [57]
 [57]
 [57]
 [57]
 [57]
 [53]
 [45]
 [48]
 [32]
 [54]
 [48]
 [51]
 [54]
 [46]
 [54]
 [53]
 [51]
 [55]
 [53]
 [49]
 [57]
 [57]
 [57]
 [57]
 [57]
 [57]
 [45]
 [49]] 
------------------------ Dataset: Uol ------------------------
shape: (27, 1), dtype: uint16
Data:[[54]
 [48]
 [53]
 [50]
 [46]
 [50]
 [54]
 [57]
 [55]
 [48]
 [56]
 [45]
 [48]
 [32]
 [54]
 [48]
 [53]
 [50]
 [46]
 [50]
 [54]
 [57]
 [55]
 [50]
 [50]
 [45]
 [49]] 
------------------------ Dataset: Uom ------------------------
shape: (33, 1), dtype: uint16
Data:[[54]
 [48]
 [54]
 [56]
 [46]
 [49]
 [56]
 [49]
 [55]
 [49]
 [45]
 [48]
 [32]
 [54]
 [48]
 [54]
 [56]
 [46]
 [49]
 [55]
 [51]
 [56]
 [50]
 [51]
 [57]
 [57]
 [57]
 [57]
 [57]
 [57]
 [53]
 [45]
 [49]] 
------------------------ Dataset: Uon ------------------------
shape: (27, 1), dtype: uint16
Data:[[54]
 [48]
 [56]
 [52]
 [46]
 [49]
 [50]
 [49]
 [49]
 [56]
 [50]
 [45]
 [48]
 [32]
 [54]
 [48]
 [56]
 [52]
 [46]
 [49]
 [50]
 [52]
 [48]
 [54]
 [53]
 [45]
 [49]] 
------------------------ Dataset: Uoo ------------------------
shape: (27, 1), dtype: uint16
Data:[[53]
 [54]
 [52]
 [52]
 [46]
 [55]
 [57]
 [51]
 [53]
 [56]
 [55]
 [45]
 [48]
 [32]
 [53]
 [54]
 [52]
 [52]
 [46]
 [55]
 [57]
 [57]
 [48]
 [57]
 [54]
 [45]
 [49]] 
------------------------ Dataset: Uop ------------------------
shape: (26, 1), dtype: uint16
Data:[[53]
 [54]
 [54]
 [48]
 [46]
 [53]
 [52]
 [49]
 [54]
 [54]
 [45]
 [48]
 [32]
 [53]
 [54]
 [54]
 [48]
 [46]
 [53]
 [52]
 [49]
 [54]
 [53]
 [55]
 [45]
 [49]] 
------------------------ Dataset: Uoq ------------------------
shape: (25, 1), dtype: uint16
Data:[[53]
 [54]
 [55]
 [54]
 [46]
 [50]
 [51]
 [56]
 [54]
 [53]
 [57]
 [45]
 [48]
 [32]
 [53]
 [54]
 [55]
 [54]
 [46]
 [50]
 [51]
 [52]
 [55]
 [45]
 [49]] 
------------------------ Dataset: Uor ------------------------
shape: (27, 1), dtype: uint16
Data:[[53]
 [54]
 [57]
 [50]
 [46]
 [48]
 [50]
 [51]
 [51]
 [56]
 [57]
 [45]
 [48]
 [32]
 [53]
 [54]
 [57]
 [50]
 [46]
 [48]
 [51]
 [48]
 [50]
 [49]
 [51]
 [45]
 [49]] 
------------------------ Dataset: Uos ------------------------
shape: (27, 1), dtype: uint16
Data:[[54]
 [52]
 [49]
 [53]
 [46]
 [50]
 [57]
 [55]
 [57]
 [56]
 [50]
 [45]
 [48]
 [32]
 [54]
 [52]
 [49]
 [53]
 [46]
 [51]
 [48]
 [49]
 [57]
 [57]
 [56]
 [45]
 [49]] 
------------------------ Dataset: Uot ------------------------
shape: (39, 1), dtype: uint16
Data:[[54]
 [54]
 [48]
 [55]
 [46]
 [51]
 [57]
 [48]
 [48]
 [48]
 [55]
 [57]
 [57]
 [57]
 [57]
 [57]
 [57]
 [45]
 [48]
 [32]
 [54]
 [54]
 [48]
 [55]
 [46]
 [51]
 [56]
 [54]
 [49]
 [49]
 [52]
 [57]
 [57]
 [57]
 [57]
 [57]
 [57]
 [45]
 [49]] 
------------------------ Dataset: Uou ------------------------
shape: (34, 1), dtype: uint16
Data:[[54]
 [54]
 [50]
 [51]
 [46]
 [51]
 [51]
 [54]
 [55]
 [57]
 [50]
 [57]
 [57]
 [57]
 [57]
 [57]
 [57]
 [53]
 [45]
 [48]
 [32]
 [54]
 [54]
 [50]
 [51]
 [46]
 [51]
 [51]
 [49]
 [52]
 [48]
 [52]
 [45]
 [49]] 
------------------------ Dataset: Uov ------------------------
shape: (27, 1), dtype: uint16
Data:[[54]
 [54]
 [51]
 [57]
 [46]
 [49]
 [54]
 [54]
 [51]
 [55]
 [50]
 [45]
 [48]
 [32]
 [54]
 [54]
 [51]
 [57]
 [46]
 [49]
 [55]
 [49]
 [54]
 [48]
 [56]
 [45]
 [49]] 
------------------------ Dataset: Uow ------------------------
shape: (33, 1), dtype: uint16
Data:[[54]
 [54]
 [53]
 [52]
 [46]
 [55]
 [56]
 [49]
 [56]
 [57]
 [50]
 [45]
 [48]
 [32]
 [54]
 [54]
 [53]
 [52]
 [46]
 [55]
 [56]
 [54]
 [50]
 [48]
 [52]
 [57]
 [57]
 [57]
 [57]
 [57]
 [57]
 [45]
 [49]] 
------------------------ Dataset: Uox ------------------------
shape: (34, 1), dtype: uint16
Data:[[54]
 [54]
 [55]
 [48]
 [46]
 [54]
 [55]
 [52]
 [50]
 [54]
 [57]
 [45]
 [48]
 [32]
 [54]
 [54]
 [55]
 [48]
 [46]
 [54]
 [55]
 [52]
 [49]
 [52]
 [48]
 [57]
 [57]
 [57]
 [57]
 [57]
 [57]
 [53]
 [45]
 [49]] 
------------------------ Dataset: Uoy ------------------------
shape: (33, 1), dtype: uint16
Data:[[54]
 [54]
 [56]
 [54]
 [46]
 [53]
 [55]
 [56]
 [52]
 [54]
 [51]
 [45]
 [48]
 [32]
 [54]
 [54]
 [56]
 [54]
 [46]
 [53]
 [56]
 [54]
 [48]
 [51]
 [52]
 [57]
 [57]
 [57]
 [57]
 [57]
 [57]
 [45]
 [49]] 
------------------------ Dataset: Uoz ------------------------
shape: (33, 1), dtype: uint16
Data:[[53]
 [57]
 [48]
 [52]
 [46]
 [52]
 [57]
 [51]
 [55]
 [51]
 [55]
 [45]
 [48]
 [32]
 [53]
 [57]
 [48]
 [52]
 [46]
 [52]
 [57]
 [55]
 [55]
 [53]
 [49]
 [57]
 [57]
 [57]
 [57]
 [57]
 [57]
 [45]
 [49]] 
------------------------ Dataset: Up ------------------------

shape: (1, 6), dtype: uint32
Data:[[3707764736          2          1          1        892          1]] 
------------------------ Dataset: Vob ------------------------
shape: (27, 1), dtype: uint16
Data:[[54]
 [55]
 [54]
 [56]
 [46]
 [50]
 [55]
 [56]
 [55]
 [53]
 [52]
 [45]
 [48]
 [32]
 [54]
 [55]
 [54]
 [56]
 [46]
 [50]
 [56]
 [50]
 [52]
 [52]
 [53]
 [45]
 [49]] 
------------------------ Dataset: Voc ------------------------
shape: (19, 1), dtype: uint16
Data:[[54]
 [50]
 [56]
 [49]
 [46]
 [48]
 [53]
 [51]
 [57]
 [51]
 [53]
 [57]
 [57]
 [57]
 [57]
 [57]
 [57]
 [45]
 [48]] 
------------------------ Dataset: Vod ------------------------
shape: (27, 1), dtype: uint16
Data:[[54]
 [50]
 [57]
 [54]
 [46]
 [56]
 [51]
 [55]
 [57]
 [54]
 [56]
 [45]
 [48]
 [32]
 [54]
 [50]
 [57]
 [54]
 [46]
 [56]
 [52]
 [49]
 [57]
 [56]
 [53]
 [45]
 [49]] 
------------------------ Dataset: Voe ------------------------
shape: (27, 1), dtype: uint16
Data:[[54]
 [51]
 [49]
 [50]
 [46]
 [55]
 [48]
 [57]
 [57]
 [55]
 [54]
 [45]
 [48]
 [32]
 [54]
 [51]
 [49]
 [50]
 [46]
 [55]
 [48]
 [53]
 [57]
 [57]
 [55]
 [45]
 [49]] 
------------------------ Dataset: Vof ------------------------
shape: (41, 1), dtype: uint16
Data:[[54]
 [51]
 [50]
 [56]
 [46]
 [53]
 [52]
 [53]
 [56]
 [52]
 [57]
 [57]
 [57]
 [57]
 [57]
 [57]
 [57]
 [53]
 [45]
 [48]
 [32]
 [54]
 [51]
 [50]
 [56]
 [46]
 [53]
 [52]
 [53]
 [56]
 [52]
 [57]
 [57]
 [57]
 [57]
 [57]
 [57]
 [57]
 [53]
 [45]
 [49]] 
------------------------ Dataset: Vog ------------------------
shape: (27, 1), dtype: uint16
Data:[[54]
 [51]
 [52]
 [52]
 [46]
 [51]
 [54]
 [57]
 [56]
 [54]
 [51]
 [45]
 [48]
 [32]
 [54]
 [51]
 [52]
 [52]
 [46]
 [51]
 [54]
 [53]
 [57]
 [50]
 [55]
 [45]
 [49]] 
------------------------ Dataset: Voh ------------------------
shape: (33, 1), dtype: uint16
Data:[[54]
 [53]
 [48]
 [57]
 [46]
 [52]
 [55]
 [54]
 [55]
 [54]
 [52]
 [57]
 [57]
 [57]
 [57]
 [57]
 [57]
 [45]
 [48]
 [32]
 [54]
 [53]
 [48]
 [57]
 [46]
 [52]
 [55]
 [54]
 [55]
 [55]
 [50]
 [45]
 [49]] 
------------------------ Dataset: Voi ------------------------
shape: (33, 1), dtype: uint16
Data:[[54]
 [53]
 [50]
 [53]
 [46]
 [50]
 [55]
 [51]
 [49]
 [50]
 [48]
 [57]
 [57]
 [57]
 [57]
 [57]
 [57]
 [45]
 [48]
 [32]
 [54]
 [53]
 [50]
 [53]
 [46]
 [50]
 [55]
 [55]
 [55]
 [57]
 [53]
 [45]
 [49]] 
------------------------ Dataset: Voj ------------------------
shape: (33, 1), dtype: uint16
Data:[[54]
 [48]
 [50]
 [48]
 [46]
 [56]
 [54]
 [53]
 [55]
 [54]
 [54]
 [57]
 [57]
 [57]
 [57]
 [57]
 [57]
 [45]
 [48]
 [32]
 [54]
 [48]
 [50]
 [48]
 [46]
 [56]
 [54]
 [57]
 [55]
 [54]
 [57]
 [45]
 [49]] 
------------------------ Dataset: Vok ------------------------
shape: (34, 1), dtype: uint16
Data:[[54]
 [48]
 [51]
 [54]
 [46]
 [54]
 [53]
 [55]
 [55]
 [53]
 [50]
 [57]
 [57]
 [57]
 [57]
 [57]
 [57]
 [53]
 [45]
 [48]
 [32]
 [54]
 [48]
 [51]
 [54]
 [46]
 [54]
 [54]
 [50]
 [51]
 [54]
 [54]
 [45]
 [49]] 
------------------------ Dataset: Vol ------------------------
shape: (27, 1), dtype: uint16
Data:[[54]
 [48]
 [53]
 [50]
 [46]
 [50]
 [55]
 [55]
 [57]
 [52]
 [50]
 [45]
 [48]
 [32]
 [54]
 [48]
 [53]
 [50]
 [46]
 [50]
 [54]
 [57]
 [55]
 [50]
 [50]
 [45]
 [49]] 
------------------------ Dataset: Vom ------------------------
shape: (25, 1), dtype: uint16
Data:[[54]
 [48]
 [54]
 [56]
 [46]
 [49]
 [56]
 [49]
 [55]
 [49]
 [45]
 [48]
 [32]
 [54]
 [48]
 [54]
 [56]
 [46]
 [49]
 [56]
 [49]
 [56]
 [53]
 [45]
 [49]] 
------------------------ Dataset: Von ------------------------
shape: (33, 1), dtype: uint16
Data:[[54]
 [48]
 [56]
 [52]
 [46]
 [49]
 [50]
 [52]
 [51]
 [49]
 [53]
 [57]
 [57]
 [57]
 [57]
 [57]
 [57]
 [45]
 [48]
 [32]
 [54]
 [48]
 [56]
 [52]
 [46]
 [49]
 [50]
 [52]
 [48]
 [54]
 [53]
 [45]
 [49]] 
------------------------ Dataset: Voo ------------------------
shape: (27, 1), dtype: uint16
Data:[[53]
 [54]
 [52]
 [52]
 [46]
 [56]
 [48]
 [50]
 [50]
 [52]
 [55]
 [45]
 [48]
 [32]
 [53]
 [54]
 [52]
 [52]
 [46]
 [55]
 [57]
 [57]
 [48]
 [57]
 [54]
 [45]
 [49]] 
------------------------ Dataset: Vop ------------------------
shape: (26, 1), dtype: uint16
Data:[[53]
 [54]
 [54]
 [48]
 [46]
 [53]
 [52]
 [49]
 [54]
 [54]
 [45]
 [48]
 [32]
 [53]
 [54]
 [54]
 [48]
 [46]
 [53]
 [52]
 [57]
 [56]
 [53]
 [50]
 [45]
 [49]] 
------------------------ Dataset: Voq ------------------------
shape: (27, 1), dtype: uint16
Data:[[53]
 [54]
 [55]
 [54]
 [46]
 [50]
 [51]
 [56]
 [54]
 [53]
 [57]
 [45]
 [48]
 [32]
 [53]
 [54]
 [55]
 [54]
 [46]
 [50]
 [52]
 [50]
 [49]
 [48]
 [55]
 [45]
 [49]] 
------------------------ Dataset: Vor ------------------------
shape: (33, 1), dtype: uint16
Data:[[53]
 [54]
 [57]
 [50]
 [46]
 [48]
 [51]
 [52]
 [53]
 [53]
 [55]
 [57]
 [57]
 [57]
 [57]
 [57]
 [57]
 [45]
 [48]
 [32]
 [53]
 [54]
 [57]
 [50]
 [46]
 [48]
 [51]
 [48]
 [50]
 [49]
 [51]
 [45]
 [49]] 
------------------------ Dataset: Vos ------------------------
shape: (33, 1), dtype: uint16
Data:[[54]
 [52]
 [49]
 [53]
 [46]
 [51]
 [48]
 [55]
 [50]
 [53]
 [51]
 [57]
 [57]
 [57]
 [57]
 [57]
 [57]
 [45]
 [48]
 [32]
 [54]
 [52]
 [49]
 [53]
 [46]
 [51]
 [48]
 [49]
 [57]
 [57]
 [56]
 [45]
 [49]] 
------------------------ Dataset: Vot ------------------------
shape: (33, 1), dtype: uint16
Data:[[54]
 [54]
 [48]
 [55]
 [46]
 [51]
 [57]
 [48]
 [48]
 [48]
 [55]
 [57]
 [57]
 [57]
 [57]
 [57]
 [57]
 [45]
 [48]
 [32]
 [54]
 [54]
 [48]
 [55]
 [46]
 [51]
 [57]
 [52]
 [49]
 [48]
 [54]
 [45]
 [49]] 
------------------------ Dataset: Vou ------------------------
shape: (34, 1), dtype: uint16
Data:[[54]
 [54]
 [50]
 [51]
 [46]
 [51]
 [51]
 [54]
 [55]
 [57]
 [50]
 [57]
 [57]
 [57]
 [57]
 [57]
 [57]
 [53]
 [45]
 [48]
 [32]
 [54]
 [54]
 [50]
 [51]
 [46]
 [51]
 [51]
 [56]
 [52]
 [49]
 [55]
 [45]
 [49]] 
------------------------ Dataset: Vov ------------------------
shape: (33, 1), dtype: uint16
Data:[[54]
 [54]
 [51]
 [57]
 [46]
 [49]
 [55]
 [57]
 [54]
 [48]
 [49]
 [57]
 [57]
 [57]
 [57]
 [57]
 [57]
 [45]
 [48]
 [32]
 [54]
 [54]
 [51]
 [57]
 [46]
 [49]
 [55]
 [49]
 [54]
 [48]
 [56]
 [45]
 [49]] 
------------------------ Dataset: Vow ------------------------
shape: (39, 1), dtype: uint16
Data:[[54]
 [54]
 [53]
 [52]
 [46]
 [55]
 [56]
 [54]
 [50]
 [48]
 [52]
 [57]
 [57]
 [57]
 [57]
 [57]
 [57]
 [45]
 [48]
 [32]
 [54]
 [54]
 [53]
 [52]
 [46]
 [55]
 [56]
 [54]
 [50]
 [48]
 [52]
 [57]
 [57]
 [57]
 [57]
 [57]
 [57]
 [45]
 [49]] 
------------------------ Dataset: Vox ------------------------
shape: (27, 1), dtype: uint16
Data:[[54]
 [54]
 [55]
 [48]
 [46]
 [54]
 [55]
 [52]
 [50]
 [54]
 [57]
 [45]
 [48]
 [32]
 [54]
 [54]
 [55]
 [48]
 [46]
 [54]
 [56]
 [50]
 [48]
 [51]
 [55]
 [45]
 [49]] 
------------------------ Dataset: Voy ------------------------
shape: (40, 1), dtype: uint16
Data:[[54]
 [54]
 [56]
 [54]
 [46]
 [53]
 [56]
 [54]
 [48]
 [48]
 [53]
 [57]
 [57]
 [57]
 [57]
 [57]
 [57]
 [53]
 [45]
 [48]
 [32]
 [54]
 [54]
 [56]
 [54]
 [46]
 [53]
 [56]
 [54]
 [48]
 [51]
 [52]
 [57]
 [57]
 [57]
 [57]
 [57]
 [57]
 [45]
 [49]] 
------------------------ Dataset: Voz ------------------------
shape: (33, 1), dtype: uint16
Data:[[53]
 [57]
 [48]
 [52]
 [46]
 [53]
 [48]
 [49]
 [54]
 [54]
 [56]
 [45]
 [48]
 [32]
 [53]
 [57]
 [48]
 [52]
 [46]
 [52]
 [57]
 [55]
 [55]
 [53]
 [49]
 [57]
 [57]
 [57]
 [57]
 [57]
 [57]
 [45]
 [49]] 
------------------------ Dataset: Vp ------------------------

shape: (1, 6), dtype: uint32
Data:[[3707764736          2          1          1        893          1]] 
------------------------ Dataset: Wob ------------------------
shape: (33, 1), dtype: uint16
Data:[[54]
 [55]
 [54]
 [56]
 [46]
 [50]
 [56]
 [54]
 [49]
 [52]
 [50]
 [57]
 [57]
 [57]
 [57]
 [57]
 [57]
 [45]
 [48]
 [32]
 [54]
 [55]
 [54]
 [56]
 [46]
 [50]
 [56]
 [50]
 [52]
 [52]
 [53]
 [45]
 [49]] 
------------------------ Dataset: Woc ------------------------
shape: (13, 1), dtype: uint16
Data:[[54]
 [50]
 [56]
 [49]
 [46]
 [48]
 [53]
 [55]
 [57]
 [52]
 [49]
 [45]
 [49]] 
------------------------ Dataset: Wod ------------------------
shape: (33, 1), dtype: uint16
Data:[[54]
 [50]
 [57]
 [54]
 [46]
 [56]
 [52]
 [54]
 [48]
 [56]
 [52]
 [57]
 [57]
 [57]
 [57]
 [57]
 [57]
 [45]
 [48]
 [32]
 [54]
 [50]
 [57]
 [54]
 [46]
 [56]
 [52]
 [49]
 [57]
 [56]
 [53]
 [45]
 [49]] 
------------------------ Dataset: Woe ------------------------
shape: (27, 1), dtype: uint16
Data:[[54]
 [51]
 [49]
 [50]
 [46]
 [55]
 [48]
 [57]
 [57]
 [55]
 [54]
 [45]
 [48]
 [32]
 [54]
 [51]
 [49]
 [50]
 [46]
 [55]
 [49]
 [57]
 [57]
 [57]
 [57]
 [45]
 [49]] 
------------------------ Dataset: Wof ------------------------
shape: (34, 1), dtype: uint16
Data:[[54]
 [51]
 [50]
 [56]
 [46]
 [53]
 [52]
 [53]
 [56]
 [52]
 [57]
 [57]
 [57]
 [57]
 [57]
 [57]
 [57]
 [53]
 [45]
 [48]
 [32]
 [54]
 [51]
 [50]
 [56]
 [46]
 [53]
 [53]
 [56]
 [48]
 [52]
 [54]
 [45]
 [49]] 
------------------------ Dataset: Wog ------------------------
shape: (27, 1), dtype: uint16
Data:[[54]
 [51]
 [52]
 [52]
 [46]
 [51]
 [54]
 [57]
 [56]
 [54]
 [51]
 [45]
 [48]
 [32]
 [54]
 [51]
 [52]
 [52]
 [46]
 [51]
 [55]
 [55]
 [56]
 [54]
 [49]
 [45]
 [49]] 
------------------------ Dataset: Woh ------------------------
shape: (33, 1), dtype: uint16
Data:[[54]
 [53]
 [48]
 [57]
 [46]
 [52]
 [56]
 [50]
 [49]
 [55]
 [55]
 [57]
 [57]
 [57]
 [57]
 [57]
 [57]
 [45]
 [48]
 [32]
 [54]
 [53]
 [48]
 [57]
 [46]
 [52]
 [55]
 [54]
 [55]
 [55]
 [50]
 [45]
 [49]] 
------------------------ Dataset: Woi ------------------------
shape: (27, 1), dtype: uint16
Data:[[54]
 [53]
 [50]
 [53]
 [46]
 [50]
 [55]
 [56]
 [57]
 [54]
 [54]
 [45]
 [48]
 [32]
 [54]
 [53]
 [50]
 [53]
 [46]
 [50]
 [55]
 [55]
 [55]
 [57]
 [53]
 [45]
 [49]] 
------------------------ Dataset: Woj ------------------------
shape: (27, 1), dtype: uint16
Data:[[54]
 [48]
 [50]
 [48]
 [46]
 [56]
 [55]
 [51]
 [54]
 [56]
 [49]
 [45]
 [48]
 [32]
 [54]
 [48]
 [50]
 [48]
 [46]
 [56]
 [54]
 [57]
 [55]
 [54]
 [57]
 [45]
 [49]] 
------------------------ Dataset: Wok ------------------------
shape: (27, 1), dtype: uint16
Data:[[54]
 [48]
 [51]
 [54]
 [46]
 [54]
 [54]
 [53]
 [55]
 [57]
 [52]
 [45]
 [48]
 [32]
 [54]
 [48]
 [51]
 [54]
 [46]
 [54]
 [54]
 [50]
 [51]
 [54]
 [54]
 [45]
 [49]] 
------------------------ Dataset: Wol ------------------------
shape: (27, 1), dtype: uint16
Data:[[54]
 [48]
 [53]
 [50]
 [46]
 [50]
 [55]
 [55]
 [57]
 [52]
 [50]
 [45]
 [48]
 [32]
 [54]
 [48]
 [53]
 [50]
 [46]
 [50]
 [55]
 [55]
 [56]
 [53]
 [49]
 [45]
 [49]] 
------------------------ Dataset: Wom ------------------------
shape: (26, 1), dtype: uint16
Data:[[54]
 [48]
 [54]
 [56]
 [46]
 [49]
 [57]
 [51]
 [55]
 [53]
 [55]
 [45]
 [48]
 [32]
 [54]
 [48]
 [54]
 [56]
 [46]
 [49]
 [56]
 [49]
 [56]
 [53]
 [45]
 [49]] 
------------------------ Dataset: Won ------------------------
shape: (39, 1), dtype: uint16
Data:[[54]
 [48]
 [56]
 [52]
 [46]
 [49]
 [50]
 [52]
 [51]
 [49]
 [53]
 [57]
 [57]
 [57]
 [57]
 [57]
 [57]
 [45]
 [48]
 [32]
 [54]
 [48]
 [56]
 [52]
 [46]
 [49]
 [50]
 [55]
 [51]
 [53]
 [51]
 [57]
 [57]
 [57]
 [57]
 [57]
 [57]
 [45]
 [49]] 
------------------------ Dataset: Woo ------------------------
shape: (33, 1), dtype: uint16
Data:[[53]
 [54]
 [52]
 [52]
 [46]
 [56]
 [48]
 [50]
 [50]
 [52]
 [55]
 [45]
 [48]
 [32]
 [53]
 [54]
 [52]
 [52]
 [46]
 [56]
 [48]
 [53]
 [56]
 [52]
 [53]
 [57]
 [57]
 [57]
 [57]
 [57]
 [57]
 [45]
 [49]] 
------------------------ Dataset: Wop ------------------------
shape: (26, 1), dtype: uint16
Data:[[53]
 [54]
 [54]
 [48]
 [46]
 [53]
 [52]
 [57]
 [54]
 [56]
 [45]
 [48]
 [32]
 [53]
 [54]
 [54]
 [48]
 [46]
 [53]
 [52]
 [57]
 [56]
 [53]
 [50]
 [45]
 [49]] 
------------------------ Dataset: Woq ------------------------
shape: (33, 1), dtype: uint16
Data:[[53]
 [54]
 [55]
 [54]
 [46]
 [50]
 [52]
 [54]
 [50]
 [49]
 [55]
 [57]
 [57]
 [57]
 [57]
 [57]
 [57]
 [45]
 [48]
 [32]
 [53]
 [54]
 [55]
 [54]
 [46]
 [50]
 [52]
 [50]
 [49]
 [48]
 [55]
 [45]
 [49]] 
------------------------ Dataset: Wor ------------------------
shape: (33, 1), dtype: uint16
Data:[[53]
 [54]
 [57]
 [50]
 [46]
 [48]
 [51]
 [52]
 [53]
 [53]
 [55]
 [57]
 [57]
 [57]
 [57]
 [57]
 [57]
 [45]
 [48]
 [32]
 [53]
 [54]
 [57]
 [50]
 [46]
 [48]
 [52]
 [48]
 [54]
 [54]
 [49]
 [45]
 [49]] 
------------------------ Dataset: Wos ------------------------
shape: (32, 1), dtype: uint16
Data:[[54]
 [52]
 [49]
 [53]
 [46]
 [51]
 [48]
 [55]
 [50]
 [53]
 [51]
 [57]
 [57]
 [57]
 [57]
 [57]
 [57]
 [45]
 [48]
 [32]
 [54]
 [52]
 [49]
 [53]
 [46]
 [51]
 [49]
 [50]
 [48]
 [49]
 [45]
 [49]] 
------------------------ Dataset: Wot ------------------------
shape: (27, 1), dtype: uint16
Data:[[54]
 [54]
 [48]
 [55]
 [46]
 [51]
 [57]
 [56]
 [48]
 [55]
 [50]
 [45]
 [48]
 [32]
 [54]
 [54]
 [48]
 [55]
 [46]
 [51]
 [57]
 [52]
 [49]
 [48]
 [54]
 [45]
 [49]] 
------------------------ Dataset: Wou ------------------------
shape: (27, 1), dtype: uint16
Data:[[54]
 [54]
 [50]
 [51]
 [46]
 [51]
 [52]
 [50]
 [48]
 [51]
 [54]
 [45]
 [48]
 [32]
 [54]
 [54]
 [50]
 [51]
 [46]
 [51]
 [51]
 [56]
 [52]
 [49]
 [55]
 [45]
 [49]] 
------------------------ Dataset: Wov ------------------------
shape: (33, 1), dtype: uint16
Data:[[54]
 [54]
 [51]
 [57]
 [46]
 [49]
 [55]
 [57]
 [54]
 [48]
 [49]
 [57]
 [57]
 [57]
 [57]
 [57]
 [57]
 [45]
 [48]
 [32]
 [54]
 [54]
 [51]
 [57]
 [46]
 [49]
 [56]
 [55]
 [56]
 [51]
 [51]
 [45]
 [49]] 
------------------------ Dataset: Wow ------------------------
shape: (33, 1), dtype: uint16
Data:[[54]
 [54]
 [53]
 [52]
 [46]
 [55]
 [56]
 [54]
 [50]
 [48]
 [52]
 [57]
 [57]
 [57]
 [57]
 [57]
 [57]
 [45]
 [48]
 [32]
 [54]
 [54]
 [53]
 [52]
 [46]
 [55]
 [57]
 [52]
 [48]
 [53]
 [55]
 [45]
 [49]] 
------------------------ Dataset: Wox ------------------------
shape: (27, 1), dtype: uint16
Data:[[54]
 [54]
 [55]
 [48]
 [46]
 [54]
 [56]
 [50]
 [48]
 [50]
 [55]
 [45]
 [48]
 [32]
 [54]
 [54]
 [55]
 [48]
 [46]
 [54]
 [56]
 [50]
 [48]
 [51]
 [55]
 [45]
 [49]] 
------------------------ Dataset: Woy ------------------------
shape: (40, 1), dtype: uint16
Data:[[54]
 [54]
 [56]
 [54]
 [46]
 [53]
 [57]
 [53]
 [51]
 [53]
 [52]
 [57]
 [57]
 [57]
 [57]
 [57]
 [57]
 [53]
 [45]
 [48]
 [32]
 [54]
 [54]
 [56]
 [54]
 [46]
 [53]
 [56]
 [54]
 [48]
 [51]
 [52]
 [57]
 [57]
 [57]
 [57]
 [57]
 [57]
 [45]
 [49]] 
------------------------ Dataset: Woz ------------------------
shape: (33, 1), dtype: uint16
Data:[[53]
 [57]
 [48]
 [52]
 [46]
 [53]
 [48]
 [49]
 [54]
 [54]
 [56]
 [45]
 [48]
 [32]
 [53]
 [57]
 [48]
 [52]
 [46]
 [53]
 [48]
 [57]
 [54]
 [55]
 [52]
 [57]
 [57]
 [57]
 [57]
 [57]
 [57]
 [45]
 [49]] 
------------------------ Dataset: Wp ------------------------

shape: (1, 6), dtype: uint32
Data:[[3707764736          2          1          1        894          1]] 
------------------------ Dataset: Xob ------------------------
shape: (33, 1), dtype: uint16
Data:[[54]
 [55]
 [54]
 [56]
 [46]
 [50]
 [56]
 [54]
 [49]
 [52]
 [50]
 [57]
 [57]
 [57]
 [57]
 [57]
 [57]
 [45]
 [48]
 [32]
 [54]
 [55]
 [54]
 [56]
 [46]
 [50]
 [57]
 [48]
 [49]
 [54]
 [55]
 [45]
 [49]] 
------------------------ Dataset: Xoc ------------------------
shape: (19, 1), dtype: uint16
Data:[[54]
 [50]
 [56]
 [49]
 [46]
 [48]
 [54]
 [49]
 [56]
 [54]
 [51]
 [57]
 [57]
 [57]
 [57]
 [57]
 [57]
 [45]
 [48]] 
------------------------ Dataset: Xod ------------------------
shape: (39, 1), dtype: uint16
Data:[[54]
 [50]
 [57]
 [54]
 [46]
 [56]
 [52]
 [54]
 [48]
 [56]
 [52]
 [57]
 [57]
 [57]
 [57]
 [57]
 [57]
 [45]
 [48]
 [32]
 [54]
 [50]
 [57]
 [54]
 [46]
 [56]
 [53]
 [48]
 [57]
 [49]
 [53]
 [57]
 [57]
 [57]
 [57]
 [57]
 [57]
 [45]
 [49]] 
------------------------ Dataset: Xoe ------------------------
shape: (33, 1), dtype: uint16
Data:[[54]
 [51]
 [49]
 [50]
 [46]
 [55]
 [50]
 [53]
 [51]
 [54]
 [52]
 [57]
 [57]
 [57]
 [57]
 [57]
 [57]
 [45]
 [48]
 [32]
 [54]
 [51]
 [49]
 [50]
 [46]
 [55]
 [49]
 [57]
 [57]
 [57]
 [57]
 [45]
 [49]] 
------------------------ Dataset: Xof ------------------------
shape: (33, 1), dtype: uint16
Data:[[54]
 [51]
 [50]
 [56]
 [46]
 [53]
 [53]
 [56]
 [49]
 [55]
 [50]
 [57]
 [57]
 [57]
 [57]
 [57]
 [57]
 [45]
 [48]
 [32]
 [54]
 [51]
 [50]
 [56]
 [46]
 [53]
 [53]
 [56]
 [48]
 [52]
 [54]
 [45]
 [49]] 
------------------------ Dataset: Xog ------------------------
shape: (33, 1), dtype: uint16
Data:[[54]
 [51]
 [52]
 [52]
 [46]
 [51]
 [55]
 [55]
 [56]
 [53]
 [48]
 [57]
 [57]
 [57]
 [57]
 [57]
 [57]
 [45]
 [48]
 [32]
 [54]
 [51]
 [52]
 [52]
 [46]
 [51]
 [55]
 [55]
 [56]
 [54]
 [49]
 [45]
 [49]] 
------------------------ Dataset: Xoh ------------------------
shape: (39, 1), dtype: uint16
Data:[[54]
 [53]
 [48]
 [57]
 [46]
 [52]
 [56]
 [50]
 [49]
 [55]
 [55]
 [57]
 [57]
 [57]
 [57]
 [57]
 [57]
 [45]
 [48]
 [32]
 [54]
 [53]
 [48]
 [57]
 [46]
 [52]
 [56]
 [48]
 [57]
 [51]
 [54]
 [57]
 [57]
 [57]
 [57]
 [57]
 [57]
 [45]
 [49]] 
------------------------ Dataset: Xoi ------------------------
shape: (34, 1), dtype: uint16
Data:[[54]
 [53]
 [50]
 [53]
 [46]
 [50]
 [55]
 [56]
 [57]
 [54]
 [54]
 [45]
 [48]
 [32]
 [54]
 [53]
 [50]
 [53]
 [46]
 [50]
 [56]
 [50]
 [55]
 [49]
 [55]
 [57]
 [57]
 [57]
 [57]
 [57]
 [57]
 [53]
 [45]
 [49]] 
------------------------ Dataset: Xoj ------------------------
shape: (27, 1), dtype: uint16
Data:[[54]
 [48]
 [50]
 [48]
 [46]
 [56]
 [55]
 [51]
 [54]
 [56]
 [49]
 [45]
 [48]
 [32]
 [54]
 [48]
 [50]
 [48]
 [46]
 [56]
 [55]
 [55]
 [55]
 [53]
 [52]
 [45]
 [49]] 
------------------------ Dataset: Xok ------------------------
shape: (34, 1), dtype: uint16
Data:[[54]
 [48]
 [51]
 [54]
 [46]
 [54]
 [54]
 [53]
 [55]
 [57]
 [52]
 [45]
 [48]
 [32]
 [54]
 [48]
 [51]
 [54]
 [46]
 [54]
 [54]
 [57]
 [57]
 [50]
 [50]
 [57]
 [57]
 [57]
 [57]
 [57]
 [57]
 [53]
 [45]
 [49]] 
------------------------ Dataset: Xol ------------------------
shape: (27, 1), dtype: uint16
Data:[[54]
 [48]
 [53]
 [50]
 [46]
 [50]
 [55]
 [55]
 [57]
 [52]
 [50]
 [45]
 [48]
 [32]
 [54]
 [48]
 [53]
 [50]
 [46]
 [50]
 [56]
 [53]
 [56]
 [53]
 [57]
 [45]
 [49]] 
------------------------ Dataset: Xom ------------------------
shape: (34, 1), dtype: uint16
Data:[[54]
 [48]
 [54]
 [56]
 [46]
 [49]
 [57]
 [51]
 [55]
 [53]
 [55]
 [45]
 [48]
 [32]
 [54]
 [48]
 [54]
 [56]
 [46]
 [49]
 [57]
 [48]
 [50]
 [49]
 [57]
 [57]
 [57]
 [57]
 [57]
 [57]
 [57]
 [53]
 [45]
 [49]] 
------------------------ Dataset: Xon ------------------------
shape: (32, 1), dtype: uint16
Data:[[54]
 [48]
 [56]
 [52]
 [46]
 [49]
 [50]
 [57]
 [56]
 [55]
 [45]
 [48]
 [32]
 [54]
 [48]
 [56]
 [52]
 [46]
 [49]
 [50]
 [55]
 [51]
 [53]
 [51]
 [57]
 [57]
 [57]
 [57]
 [57]
 [57]
 [45]
 [49]] 
------------------------ Dataset: Xoo ------------------------
shape: (33, 1), dtype: uint16
Data:[[53]
 [54]
 [52]
 [52]
 [46]
 [56]
 [48]
 [57]
 [55]
 [55]
 [53]
 [45]
 [48]
 [32]
 [53]
 [54]
 [52]
 [52]
 [46]
 [56]
 [48]
 [53]
 [56]
 [52]
 [53]
 [57]
 [57]
 [57]
 [57]
 [57]
 [57]
 [45]
 [49]] 
------------------------ Dataset: Xop ------------------------
shape: (33, 1), dtype: uint16
Data:[[53]
 [54]
 [54]
 [48]
 [46]
 [53]
 [53]
 [55]
 [53]
 [55]
 [48]
 [57]
 [57]
 [57]
 [57]
 [57]
 [57]
 [45]
 [48]
 [32]
 [53]
 [54]
 [54]
 [48]
 [46]
 [53]
 [52]
 [57]
 [56]
 [53]
 [50]
 [45]
 [49]] 
------------------------ Dataset: Xoq ------------------------
shape: (33, 1), dtype: uint16
Data:[[53]
 [54]
 [55]
 [54]
 [46]
 [50]
 [52]
 [54]
 [50]
 [49]
 [55]
 [57]
 [57]
 [57]
 [57]
 [57]
 [57]
 [45]
 [48]
 [32]
 [53]
 [54]
 [55]
 [54]
 [46]
 [50]
 [53]
 [48]
 [49]
 [53]
 [51]
 [45]
 [49]] 
------------------------ Dataset: Xor ------------------------
shape: (27, 1), dtype: uint16
Data:[[53]
 [54]
 [57]
 [50]
 [46]
 [48]
 [52]
 [53]
 [48]
 [56]
 [56]
 [45]
 [48]
 [32]
 [53]
 [54]
 [57]
 [50]
 [46]
 [48]
 [52]
 [48]
 [54]
 [54]
 [49]
 [45]
 [49]] 
------------------------ Dataset: Xos ------------------------
shape: (26, 1), dtype: uint16
Data:[[54]
 [52]
 [49]
 [53]
 [46]
 [51]
 [50]
 [53]
 [51]
 [52]
 [50]
 [45]
 [48]
 [32]
 [54]
 [52]
 [49]
 [53]
 [46]
 [51]
 [49]
 [50]
 [48]
 [49]
 [45]
 [49]] 
------------------------ Dataset: Xot ------------------------
shape: (27, 1), dtype: uint16
Data:[[54]
 [54]
 [48]
 [55]
 [46]
 [51]
 [57]
 [56]
 [48]
 [55]
 [50]
 [45]
 [48]
 [32]
 [54]
 [54]
 [48]
 [55]
 [46]
 [52]
 [48]
 [50]
 [49]
 [48]
 [52]
 [45]
 [49]] 
------------------------ Dataset: Xou ------------------------
shape: (33, 1), dtype: uint16
Data:[[54]
 [54]
 [50]
 [51]
 [46]
 [51]
 [52]
 [50]
 [48]
 [51]
 [54]
 [45]
 [48]
 [32]
 [54]
 [54]
 [50]
 [51]
 [46]
 [51]
 [52]
 [54]
 [48]
 [51]
 [51]
 [57]
 [57]
 [57]
 [57]
 [57]
 [57]
 [45]
 [49]] 
------------------------ Dataset: Xov ------------------------
shape: (27, 1), dtype: uint16
Data:[[54]
 [54]
 [51]
 [57]
 [46]
 [49]
 [56]
 [55]
 [56]
 [51]
 [50]
 [45]
 [48]
 [32]
 [54]
 [54]
 [51]
 [57]
 [46]
 [49]
 [56]
 [55]
 [56]
 [51]
 [51]
 [45]
 [49]] 
------------------------ Dataset: Xow ------------------------
shape: (33, 1), dtype: uint16
Data:[[54]
 [54]
 [53]
 [52]
 [46]
 [55]
 [57]
 [52]
 [48]
 [51]
 [48]
 [57]
 [57]
 [57]
 [57]
 [57]
 [57]
 [45]
 [48]
 [32]
 [54]
 [54]
 [53]
 [52]
 [46]
 [55]
 [57]
 [52]
 [48]
 [53]
 [55]
 [45]
 [49]] 
------------------------ Dataset: Xox ------------------------
shape: (27, 1), dtype: uint16
Data:[[54]
 [54]
 [55]
 [48]
 [46]
 [54]
 [56]
 [57]
 [57]
 [57]
 [50]
 [45]
 [48]
 [32]
 [54]
 [54]
 [55]
 [48]
 [46]
 [54]
 [56]
 [50]
 [48]
 [51]
 [55]
 [45]
 [49]] 
------------------------ Dataset: Xoy ------------------------
shape: (40, 1), dtype: uint16
Data:[[54]
 [54]
 [56]
 [54]
 [46]
 [53]
 [57]
 [53]
 [51]
 [53]
 [52]
 [57]
 [57]
 [57]
 [57]
 [57]
 [57]
 [53]
 [45]
 [48]
 [32]
 [54]
 [54]
 [56]
 [54]
 [46]
 [53]
 [57]
 [53]
 [51]
 [53]
 [49]
 [57]
 [57]
 [57]
 [57]
 [57]
 [57]
 [45]
 [49]] 
------------------------ Dataset: Xoz ------------------------
shape: (33, 1), dtype: uint16
Data:[[53]
 [57]
 [48]
 [52]
 [46]
 [53]
 [48]
 [57]
 [54]
 [55]
 [52]
 [45]
 [48]
 [32]
 [53]
 [57]
 [48]
 [52]
 [46]
 [53]
 [48]
 [57]
 [54]
 [55]
 [52]
 [57]
 [57]
 [57]
 [57]
 [57]
 [57]
 [45]
 [49]] 
------------------------ Dataset: Xp ------------------------

shape: (1, 6), dtype: uint32
Data:[[3707764736          2          1          1        895          1]] 
------------------------ Dataset: Yob ------------------------
shape: (27, 1), dtype: uint16
Data:[[54]
 [55]
 [54]
 [56]
 [46]
 [50]
 [57]
 [52]
 [49]
 [51]
 [57]
 [45]
 [48]
 [32]
 [54]
 [55]
 [54]
 [56]
 [46]
 [50]
 [57]
 [48]
 [49]
 [54]
 [55]
 [45]
 [49]] 
------------------------ Dataset: Yoc ------------------------
shape: (20, 1), dtype: uint16
Data:[[54]
 [50]
 [56]
 [49]
 [46]
 [48]
 [54]
 [55]
 [50]
 [48]
 [55]
 [57]
 [57]
 [57]
 [57]
 [57]
 [57]
 [53]
 [45]
 [49]] 
------------------------ Dataset: Yod ------------------------
shape: (33, 1), dtype: uint16
Data:[[54]
 [50]
 [57]
 [54]
 [46]
 [56]
 [53]
 [52]
 [50]
 [56]
 [51]
 [45]
 [48]
 [32]
 [54]
 [50]
 [57]
 [54]
 [46]
 [56]
 [53]
 [48]
 [57]
 [49]
 [53]
 [57]
 [57]
 [57]
 [57]
 [57]
 [57]
 [45]
 [49]] 
------------------------ Dataset: Yoe ------------------------
shape: (33, 1), dtype: uint16
Data:[[54]
 [51]
 [49]
 [50]
 [46]
 [55]
 [50]
 [53]
 [51]
 [54]
 [52]
 [57]
 [57]
 [57]
 [57]
 [57]
 [57]
 [45]
 [48]
 [32]
 [54]
 [51]
 [49]
 [50]
 [46]
 [55]
 [50]
 [53]
 [52]
 [52]
 [57]
 [45]
 [49]] 
------------------------ Dataset: Yof ------------------------
shape: (33, 1), dtype: uint16
Data:[[54]
 [51]
 [50]
 [56]
 [46]
 [53]
 [53]
 [56]
 [49]
 [55]
 [50]
 [57]
 [57]
 [57]
 [57]
 [57]
 [57]
 [45]
 [48]
 [32]
 [54]
 [51]
 [50]
 [56]
 [46]
 [53]
 [54]
 [50]
 [49]
 [56]
 [51]
 [45]
 [49]] 
------------------------ Dataset: Yog ------------------------
shape: (33, 1), dtype: uint16
Data:[[54]
 [51]
 [52]
 [52]
 [46]
 [51]
 [56]
 [54]
 [49]
 [52]
 [49]
 [57]
 [57]
 [57]
 [57]
 [57]
 [57]
 [45]
 [48]
 [32]
 [54]
 [51]
 [52]
 [52]
 [46]
 [51]
 [55]
 [55]
 [56]
 [54]
 [49]
 [45]
 [49]] 
------------------------ Dataset: Yoh ------------------------
shape: (39, 1), dtype: uint16
Data:[[54]
 [53]
 [48]
 [57]
 [46]
 [52]
 [56]
 [50]
 [49]
 [55]
 [55]
 [57]
 [57]
 [57]
 [57]
 [57]
 [57]
 [45]
 [48]
 [32]
 [54]
 [53]
 [48]
 [57]
 [46]
 [52]
 [56]
 [54]
 [49]
 [54]
 [57]
 [57]
 [57]
 [57]
 [57]
 [57]
 [57]
 [45]
 [49]] 
------------------------ Dataset: Yoi ------------------------
shape: (34, 1), dtype: uint16
Data:[[54]
 [53]
 [50]
 [53]
 [46]
 [50]
 [56]
 [54]
 [52]
 [48]
 [50]
 [45]
 [48]
 [32]
 [54]
 [53]
 [50]
 [53]
 [46]
 [50]
 [56]
 [50]
 [55]
 [49]
 [55]
 [57]
 [57]
 [57]
 [57]
 [57]
 [57]
 [53]
 [45]
 [49]] 
------------------------ Dataset: Yoj ------------------------
shape: (27, 1), dtype: uint16
Data:[[54]
 [48]
 [50]
 [48]
 [46]
 [56]
 [56]
 [49]
 [54]
 [57]
 [53]
 [45]
 [48]
 [32]
 [54]
 [48]
 [50]
 [48]
 [46]
 [56]
 [55]
 [55]
 [55]
 [53]
 [52]
 [45]
 [49]] 
------------------------ Dataset: Yok ------------------------
shape: (33, 1), dtype: uint16
Data:[[54]
 [48]
 [51]
 [54]
 [46]
 [54]
 [55]
 [51]
 [56]
 [54]
 [45]
 [48]
 [32]
 [54]
 [48]
 [51]
 [54]
 [46]
 [54]
 [54]
 [57]
 [57]
 [50]
 [50]
 [57]
 [57]
 [57]
 [57]
 [57]
 [57]
 [53]
 [45]
 [49]] 
------------------------ Dataset: Yol ------------------------
shape: (27, 1), dtype: uint16
Data:[[54]
 [48]
 [53]
 [50]
 [46]
 [50]
 [56]
 [53]
 [56]
 [53]
 [49]
 [45]
 [48]
 [32]
 [54]
 [48]
 [53]
 [50]
 [46]
 [50]
 [56]
 [53]
 [56]
 [53]
 [57]
 [45]
 [49]] 
------------------------ Dataset: Yom ------------------------
shape: (34, 1), dtype: uint16
Data:[[54]
 [48]
 [54]
 [56]
 [46]
 [49]
 [57]
 [51]
 [55]
 [53]
 [55]
 [45]
 [48]
 [32]
 [54]
 [48]
 [54]
 [56]
 [46]
 [49]
 [57]
 [55]
 [55]
 [56]
 [55]
 [57]
 [57]
 [57]
 [57]
 [57]
 [57]
 [53]
 [45]
 [49]] 
------------------------ Dataset: Yon ------------------------
shape: (26, 1), dtype: uint16
Data:[[54]
 [48]
 [56]
 [52]
 [46]
 [49]
 [50]
 [57]
 [56]
 [55]
 [45]
 [48]
 [32]
 [54]
 [48]
 [56]
 [52]
 [46]
 [49]
 [51]
 [51]
 [57]
 [50]
 [57]
 [45]
 [49]] 
------------------------ Dataset: Yoo ------------------------
shape: (33, 1), dtype: uint16
Data:[[53]
 [54]
 [52]
 [52]
 [46]
 [56]
 [48]
 [57]
 [55]
 [55]
 [53]
 [45]
 [48]
 [32]
 [53]
 [54]
 [52]
 [52]
 [46]
 [56]
 [49]
 [51]
 [54]
 [50]
 [56]
 [57]
 [57]
 [57]
 [57]
 [57]
 [57]
 [45]
 [49]] 
------------------------ Dataset: Yop ------------------------
shape: (39, 1), dtype: uint16
Data:[[53]
 [54]
 [54]
 [48]
 [46]
 [53]
 [53]
 [55]
 [53]
 [55]
 [48]
 [57]
 [57]
 [57]
 [57]
 [57]
 [57]
 [45]
 [48]
 [32]
 [53]
 [54]
 [54]
 [48]
 [46]
 [53]
 [53]
 [55]
 [53]
 [56]
 [57]
 [57]
 [57]
 [57]
 [57]
 [57]
 [57]
 [45]
 [49]] 
------------------------ Dataset: Yoq ------------------------
shape: (27, 1), dtype: uint16
Data:[[53]
 [54]
 [55]
 [54]
 [46]
 [50]
 [53]
 [51]
 [55]
 [48]
 [55]
 [45]
 [48]
 [32]
 [53]
 [54]
 [55]
 [54]
 [46]
 [50]
 [53]
 [48]
 [49]
 [53]
 [51]
 [45]
 [49]] 
------------------------ Dataset: Yor ------------------------
shape: (33, 1), dtype: uint16
Data:[[53]
 [54]
 [57]
 [50]
 [46]
 [48]
 [52]
 [53]
 [48]
 [56]
 [56]
 [45]
 [48]
 [32]
 [53]
 [54]
 [57]
 [50]
 [46]
 [48]
 [52]
 [57]
 [51]
 [50]
 [53]
 [57]
 [57]
 [57]
 [57]
 [57]
 [57]
 [45]
 [49]] 
------------------------ Dataset: Yos ------------------------
shape: (13, 1), dtype: uint16
Data:[[54]
 [52]
 [49]
 [53]
 [46]
 [51]
 [50]
 [53]
 [51]
 [52]
 [50]
 [45]
 [48]] 
------------------------ Dataset: Yot ------------------------
shape: (27, 1), dtype: uint16
Data:[[54]
 [54]
 [48]
 [55]
 [46]
 [52]
 [49]
 [50]
 [51]
 [57]
 [52]
 [45]
 [48]
 [32]
 [54]
 [54]
 [48]
 [55]
 [46]
 [52]
 [48]
 [50]
 [49]
 [48]
 [52]
 [45]
 [49]] 
------------------------ Dataset: You ------------------------
shape: (33, 1), dtype: uint16
Data:[[54]
 [54]
 [50]
 [51]
 [46]
 [51]
 [53]
 [48]
 [48]
 [57]
 [51]
 [45]
 [48]
 [32]
 [54]
 [54]
 [50]
 [51]
 [46]
 [51]
 [52]
 [54]
 [48]
 [51]
 [51]
 [57]
 [57]
 [57]
 [57]
 [57]
 [57]
 [45]
 [49]] 
------------------------ Dataset: Yov ------------------------
shape: (27, 1), dtype: uint16
Data:[[54]
 [54]
 [51]
 [57]
 [46]
 [49]
 [57]
 [48]
 [56]
 [55]
 [51]
 [45]
 [48]
 [32]
 [54]
 [54]
 [51]
 [57]
 [46]
 [49]
 [56]
 [55]
 [56]
 [51]
 [51]
 [45]
 [49]] 
------------------------ Dataset: Yow ------------------------
shape: (27, 1), dtype: uint16
Data:[[54]
 [54]
 [53]
 [52]
 [46]
 [56]
 [48]
 [49]
 [57]
 [57]
 [53]
 [45]
 [48]
 [32]
 [54]
 [54]
 [53]
 [52]
 [46]
 [55]
 [57]
 [52]
 [48]
 [53]
 [55]
 [45]
 [49]] 
------------------------ Dataset: Yox ------------------------
shape: (27, 1), dtype: uint16
Data:[[54]
 [54]
 [55]
 [48]
 [46]
 [54]
 [56]
 [57]
 [57]
 [57]
 [50]
 [45]
 [48]
 [32]
 [54]
 [54]
 [55]
 [48]
 [46]
 [54]
 [56]
 [57]
 [57]
 [57]
 [50]
 [45]
 [49]] 
------------------------ Dataset: Yoy ------------------------
shape: (34, 1), dtype: uint16
Data:[[54]
 [54]
 [56]
 [54]
 [46]
 [53]
 [57]
 [53]
 [51]
 [53]
 [52]
 [57]
 [57]
 [57]
 [57]
 [57]
 [57]
 [53]
 [45]
 [48]
 [32]
 [54]
 [54]
 [56]
 [54]
 [46]
 [54]
 [48]
 [50]
 [52]
 [53]
 [49]
 [45]
 [49]] 
------------------------ Dataset: Yoz ------------------------
shape: (33, 1), dtype: uint16
Data:[[53]
 [57]
 [48]
 [52]
 [46]
 [53]
 [49]
 [55]
 [55]
 [48]
 [54]
 [45]
 [48]
 [32]
 [53]
 [57]
 [48]
 [52]
 [46]
 [53]
 [48]
 [57]
 [54]
 [55]
 [52]
 [57]
 [57]
 [57]
 [57]
 [57]
 [57]
 [45]
 [49]] 
------------------------ Dataset: Yp ------------------------

shape: (1, 6), dtype: uint32
Data:[[3707764736          2          1          1        896          1]] 
------------------------ Dataset: Zob ------------------------
shape: (27, 1), dtype: uint16
Data:[[54]
 [55]
 [54]
 [56]
 [46]
 [50]
 [57]
 [52]
 [49]
 [51]
 [57]
 [45]
 [48]
 [32]
 [54]
 [55]
 [54]
 [56]
 [46]
 [50]
 [57]
 [56]
 [49]
 [48]
 [50]
 [45]
 [49]] 
------------------------ Dataset: Zoc ------------------------
shape: (13, 1), dtype: uint16
Data:[[54]
 [50]
 [56]
 [49]
 [46]
 [48]
 [55]
 [49]
 [55]
 [56]
 [57]
 [45]
 [48]] 
------------------------ Dataset: Zod ------------------------
shape: (34, 1), dtype: uint16
Data:[[54]
 [50]
 [57]
 [54]
 [46]
 [56]
 [53]
 [52]
 [50]
 [56]
 [51]
 [45]
 [48]
 [32]
 [54]
 [50]
 [57]
 [54]
 [46]
 [56]
 [53]
 [56]
 [49]
 [51]
 [52]
 [57]
 [57]
 [57]
 [57]
 [57]
 [57]
 [53]
 [45]
 [49]] 
------------------------ Dataset: Zoe ------------------------
shape: (26, 1), dtype: uint16
Data:[[54]
 [51]
 [49]
 [50]
 [46]
 [55]
 [50]
 [56]
 [51]
 [51]
 [45]
 [48]
 [32]
 [54]
 [51]
 [49]
 [50]
 [46]
 [55]
 [50]
 [53]
 [52]
 [52]
 [57]
 [45]
 [49]] 
------------------------ Dataset: Zof ------------------------
shape: (33, 1), dtype: uint16
Data:[[54]
 [51]
 [50]
 [56]
 [46]
 [53]
 [54]
 [53]
 [56]
 [57]
 [56]
 [57]
 [57]
 [57]
 [57]
 [57]
 [57]
 [45]
 [48]
 [32]
 [54]
 [51]
 [50]
 [56]
 [46]
 [53]
 [54]
 [50]
 [49]
 [56]
 [51]
 [45]
 [49]] 
------------------------ Dataset: Zog ------------------------
shape: (40, 1), dtype: uint16
Data:[[54]
 [51]
 [52]
 [52]
 [46]
 [51]
 [56]
 [54]
 [49]
 [52]
 [49]
 [57]
 [57]
 [57]
 [57]
 [57]
 [57]
 [45]
 [48]
 [32]
 [54]
 [51]
 [52]
 [52]
 [46]
 [51]
 [56]
 [53]
 [57]
 [57]
 [49]
 [57]
 [57]
 [57]
 [57]
 [57]
 [57]
 [53]
 [45]
 [49]] 
------------------------ Dataset: Zoh ------------------------
shape: (33, 1), dtype: uint16
Data:[[54]
 [53]
 [48]
 [57]
 [46]
 [52]
 [56]
 [57]
 [57]
 [53]
 [50]
 [45]
 [48]
 [32]
 [54]
 [53]
 [48]
 [57]
 [46]
 [52]
 [56]
 [54]
 [49]
 [54]
 [57]
 [57]
 [57]
 [57]
 [57]
 [57]
 [57]
 [45]
 [49]] 
------------------------ Dataset: Zoi ------------------------
shape: (33, 1), dtype: uint16
Data:[[54]
 [53]
 [50]
 [53]
 [46]
 [50]
 [56]
 [54]
 [52]
 [48]
 [50]
 [45]
 [48]
 [32]
 [54]
 [53]
 [50]
 [53]
 [46]
 [50]
 [57]
 [52]
 [48]
 [54]
 [55]
 [57]
 [57]
 [57]
 [57]
 [57]
 [57]
 [45]
 [49]] 
------------------------ Dataset: Zoj ------------------------
shape: (27, 1), dtype: uint16
Data:[[54]
 [48]
 [50]
 [48]
 [46]
 [56]
 [56]
 [49]
 [54]
 [57]
 [53]
 [45]
 [48]
 [32]
 [54]
 [48]
 [50]
 [48]
 [46]
 [56]
 [56]
 [54]
 [48]
 [57]
 [51]
 [45]
 [49]] 
------------------------ Dataset: Zok ------------------------
shape: (32, 1), dtype: uint16
Data:[[54]
 [48]
 [51]
 [54]
 [46]
 [54]
 [55]
 [51]
 [56]
 [54]
 [45]
 [48]
 [32]
 [54]
 [48]
 [51]
 [54]
 [46]
 [54]
 [55]
 [55]
 [55]
 [50]
 [54]
 [57]
 [57]
 [57]
 [57]
 [57]
 [57]
 [45]
 [49]] 
------------------------ Dataset: Zol ------------------------
shape: (33, 1), dtype: uint16
Data:[[54]
 [48]
 [53]
 [50]
 [46]
 [50]
 [57]
 [55]
 [55]
 [55]
 [53]
 [57]
 [57]
 [57]
 [57]
 [57]
 [57]
 [45]
 [48]
 [32]
 [54]
 [48]
 [53]
 [50]
 [46]
 [50]
 [56]
 [53]
 [56]
 [53]
 [57]
 [45]
 [49]] 
------------------------ Dataset: Zom ------------------------
shape: (40, 1), dtype: uint16
Data:[[54]
 [48]
 [54]
 [56]
 [46]
 [50]
 [48]
 [49]
 [55]
 [55]
 [57]
 [57]
 [57]
 [57]
 [57]
 [57]
 [57]
 [45]
 [48]
 [32]
 [54]
 [48]
 [54]
 [56]
 [46]
 [49]
 [57]
 [55]
 [55]
 [56]
 [55]
 [57]
 [57]
 [57]
 [57]
 [57]
 [57]
 [53]
 [45]
 [49]] 
------------------------ Dataset: Zon ------------------------
shape: (27, 1), dtype: uint16
Data:[[54]
 [48]
 [56]
 [52]
 [46]
 [49]
 [51]
 [56]
 [54]
 [50]
 [49]
 [45]
 [48]
 [32]
 [54]
 [48]
 [56]
 [52]
 [46]
 [49]
 [51]
 [51]
 [57]
 [50]
 [57]
 [45]
 [49]] 
------------------------ Dataset: Zoo ------------------------
shape: (39, 1), dtype: uint16
Data:[[53]
 [54]
 [52]
 [52]
 [46]
 [56]
 [49]
 [55]
 [54]
 [50]
 [54]
 [57]
 [57]
 [57]
 [57]
 [57]
 [57]
 [45]
 [48]
 [32]
 [53]
 [54]
 [52]
 [52]
 [46]
 [56]
 [49]
 [51]
 [54]
 [50]
 [56]
 [57]
 [57]
 [57]
 [57]
 [57]
 [57]
 [45]
 [49]] 
------------------------ Dataset: Zop ------------------------
shape: (39, 1), dtype: uint16
Data:[[53]
 [54]
 [54]
 [48]
 [46]
 [53]
 [54]
 [54]
 [53]
 [56]
 [51]
 [57]
 [57]
 [57]
 [57]
 [57]
 [57]
 [45]
 [48]
 [32]
 [53]
 [54]
 [54]
 [48]
 [46]
 [53]
 [53]
 [55]
 [53]
 [56]
 [57]
 [57]
 [57]
 [57]
 [57]
 [57]
 [57]
 [45]
 [49]] 
------------------------ Dataset: Zoq ------------------------
shape: (34, 1), dtype: uint16
Data:[[53]
 [54]
 [55]
 [54]
 [46]
 [50]
 [53]
 [51]
 [55]
 [48]
 [55]
 [45]
 [48]
 [32]
 [53]
 [54]
 [55]
 [54]
 [46]
 [50]
 [53]
 [55]
 [54]
 [55]
 [51]
 [57]
 [57]
 [57]
 [57]
 [57]
 [57]
 [53]
 [45]
 [49]] 
------------------------ Dataset: Zor ------------------------
shape: (32, 1), dtype: uint16
Data:[[53]
 [54]
 [57]
 [50]
 [46]
 [48]
 [53]
 [49]
 [49]
 [54]
 [45]
 [48]
 [32]
 [53]
 [54]
 [57]
 [50]
 [46]
 [48]
 [52]
 [57]
 [51]
 [50]
 [53]
 [57]
 [57]
 [57]
 [57]
 [57]
 [57]
 [45]
 [49]] 
------------------------ Dataset: Zos ------------------------
shape: (26, 1), dtype: uint16
Data:[[54]
 [52]
 [49]
 [53]
 [46]
 [51]
 [52]
 [53]
 [48]
 [57]
 [57]
 [45]
 [48]
 [32]
 [54]
 [52]
 [49]
 [53]
 [46]
 [51]
 [52]
 [53]
 [49]
 [51]
 [45]
 [49]] 
------------------------ Dataset: Zot ------------------------
shape: (27, 1), dtype: uint16
Data:[[54]
 [54]
 [48]
 [55]
 [46]
 [52]
 [49]
 [50]
 [51]
 [57]
 [52]
 [45]
 [48]
 [32]
 [54]
 [54]
 [48]
 [55]
 [46]
 [52]
 [49]
 [50]
 [54]
 [57]
 [50]
 [45]
 [49]] 
------------------------ Dataset: Zou ------------------------
shape: (27, 1), dtype: uint16
Data:[[54]
 [54]
 [50]
 [51]
 [46]
 [51]
 [53]
 [48]
 [48]
 [57]
 [51]
 [45]
 [48]
 [32]
 [54]
 [54]
 [50]
 [51]
 [46]
 [51]
 [53]
 [52]
 [49]
 [52]
 [49]
 [45]
 [49]] 
------------------------ Dataset: Zov ------------------------
shape: (27, 1), dtype: uint16
Data:[[54]
 [54]
 [51]
 [57]
 [46]
 [49]
 [57]
 [48]
 [56]
 [55]
 [51]
 [45]
 [48]
 [32]
 [54]
 [54]
 [51]
 [57]
 [46]
 [49]
 [57]
 [48]
 [56]
 [55]
 [51]
 [45]
 [49]] 
------------------------ Dataset: Zow ------------------------
shape: (27, 1), dtype: uint16
Data:[[54]
 [54]
 [53]
 [52]
 [46]
 [56]
 [48]
 [49]
 [57]
 [57]
 [53]
 [45]
 [48]
 [32]
 [54]
 [54]
 [53]
 [52]
 [46]
 [56]
 [48]
 [49]
 [57]
 [57]
 [53]
 [45]
 [49]] 
------------------------ Dataset: Zox ------------------------
shape: (27, 1), dtype: uint16
Data:[[54]
 [54]
 [55]
 [48]
 [46]
 [54]
 [56]
 [57]
 [57]
 [57]
 [50]
 [45]
 [48]
 [32]
 [54]
 [54]
 [55]
 [48]
 [46]
 [55]
 [48]
 [48]
 [51]
 [52]
 [57]
 [45]
 [49]] 
------------------------ Dataset: Zoy ------------------------
shape: (27, 1), dtype: uint16
Data:[[54]
 [54]
 [56]
 [54]
 [46]
 [54]
 [48]
 [50]
 [51]
 [52]
 [49]
 [45]
 [48]
 [32]
 [54]
 [54]
 [56]
 [54]
 [46]
 [54]
 [48]
 [50]
 [52]
 [53]
 [49]
 [45]
 [49]] 
------------------------ Dataset: Zoz ------------------------
shape: (34, 1), dtype: uint16
Data:[[53]
 [57]
 [48]
 [52]
 [46]
 [53]
 [49]
 [55]
 [55]
 [48]
 [54]
 [45]
 [48]
 [32]
 [53]
 [57]
 [48]
 [52]
 [46]
 [53]
 [49]
 [55]
 [55]
 [53]
 [51]
 [57]
 [57]
 [57]
 [57]
 [57]
 [57]
 [53]
 [45]
 [49]] 
------------------------ Dataset: Zp ------------------------

shape: (1, 6), dtype: uint32
Data:[[3707764736          2          1          1        897          1]] 
------------------------ Dataset: 1ob ------------------------
shape: (25, 1), dtype: uint16
Data:[[54]
 [55]
 [54]
 [56]
 [46]
 [51]
 [48]
 [50]
 [50]
 [45]
 [48]
 [32]
 [54]
 [55]
 [54]
 [56]
 [46]
 [50]
 [57]
 [56]
 [49]
 [48]
 [50]
 [45]
 [49]] 
------------------------ Dataset: 1oc ------------------------
shape: (13, 1), dtype: uint16
Data:[[54]
 [50]
 [56]
 [49]
 [46]
 [48]
 [56]
 [49]
 [56]
 [56]
 [51]
 [45]
 [49]] 
------------------------ Dataset: 1od ------------------------
shape: (34, 1), dtype: uint16
Data:[[54]
 [50]
 [57]
 [54]
 [46]
 [56]
 [54]
 [49]
 [57]
 [48]
 [54]
 [45]
 [48]
 [32]
 [54]
 [50]
 [57]
 [54]
 [46]
 [56]
 [53]
 [56]
 [49]
 [51]
 [52]
 [57]
 [57]
 [57]
 [57]
 [57]
 [57]
 [53]
 [45]
 [49]] 
------------------------ Dataset: 1oe ------------------------
shape: (32, 1), dtype: uint16
Data:[[54]
 [51]
 [49]
 [50]
 [46]
 [55]
 [50]
 [56]
 [51]
 [51]
 [45]
 [48]
 [32]
 [54]
 [51]
 [49]
 [50]
 [46]
 [55]
 [51]
 [48]
 [53]
 [57]
 [53]
 [57]
 [57]
 [57]
 [57]
 [57]
 [57]
 [45]
 [49]] 
------------------------ Dataset: 1of ------------------------
shape: (33, 1), dtype: uint16
Data:[[54]
 [51]
 [50]
 [56]
 [46]
 [53]
 [54]
 [53]
 [56]
 [57]
 [56]
 [57]
 [57]
 [57]
 [57]
 [57]
 [57]
 [45]
 [48]
 [32]
 [54]
 [51]
 [50]
 [56]
 [46]
 [53]
 [54]
 [57]
 [57]
 [49]
 [53]
 [45]
 [49]] 
------------------------ Dataset: 1og ------------------------
shape: (33, 1), dtype: uint16
Data:[[54]
 [51]
 [52]
 [52]
 [46]
 [51]
 [56]
 [54]
 [49]
 [52]
 [49]
 [57]
 [57]
 [57]
 [57]
 [57]
 [57]
 [45]
 [48]
 [32]
 [54]
 [51]
 [52]
 [52]
 [46]
 [51]
 [57]
 [51]
 [57]
 [48]
 [50]
 [45]
 [49]] 
------------------------ Dataset: 1oh ------------------------
shape: (33, 1), dtype: uint16
Data:[[54]
 [53]
 [48]
 [57]
 [46]
 [52]
 [56]
 [57]
 [57]
 [53]
 [50]
 [45]
 [48]
 [32]
 [54]
 [53]
 [48]
 [57]
 [46]
 [52]
 [57]
 [51]
 [57]
 [57]
 [53]
 [57]
 [57]
 [57]
 [57]
 [57]
 [57]
 [45]
 [49]] 
------------------------ Dataset: 1oi ------------------------
shape: (33, 1), dtype: uint16
Data:[[54]
 [53]
 [50]
 [53]
 [46]
 [50]
 [57]
 [52]
 [48]
 [54]
 [55]
 [45]
 [48]
 [32]
 [54]
 [53]
 [50]
 [53]
 [46]
 [50]
 [57]
 [52]
 [48]
 [54]
 [55]
 [57]
 [57]
 [57]
 [57]
 [57]
 [57]
 [45]
 [49]] 
------------------------ Dataset: 1oj ------------------------
shape: (27, 1), dtype: uint16
Data:[[54]
 [48]
 [50]
 [48]
 [46]
 [56]
 [56]
 [57]
 [56]
 [54]
 [49]
 [45]
 [48]
 [32]
 [54]
 [48]
 [50]
 [48]
 [46]
 [56]
 [56]
 [54]
 [48]
 [57]
 [51]
 [45]
 [49]] 
------------------------ Dataset: 1ok ------------------------
shape: (33, 1), dtype: uint16
Data:[[54]
 [48]
 [51]
 [54]
 [46]
 [54]
 [56]
 [49]
 [55]
 [51]
 [49]
 [45]
 [48]
 [32]
 [54]
 [48]
 [51]
 [54]
 [46]
 [54]
 [55]
 [55]
 [55]
 [50]
 [54]
 [57]
 [57]
 [57]
 [57]
 [57]
 [57]
 [45]
 [49]] 
------------------------ Dataset: 1ol ------------------------
shape: (33, 1), dtype: uint16
Data:[[54]
 [48]
 [53]
 [50]
 [46]
 [50]
 [57]
 [55]
 [55]
 [55]
 [53]
 [57]
 [57]
 [57]
 [57]
 [57]
 [57]
 [45]
 [48]
 [32]
 [54]
 [48]
 [53]
 [50]
 [46]
 [50]
 [57]
 [51]
 [56]
 [52]
 [49]
 [45]
 [49]] 
------------------------ Dataset: 1om ------------------------
shape: (39, 1), dtype: uint16
Data:[[54]
 [48]
 [54]
 [56]
 [46]
 [50]
 [48]
 [49]
 [55]
 [55]
 [57]
 [57]
 [57]
 [57]
 [57]
 [57]
 [57]
 [45]
 [48]
 [32]
 [54]
 [48]
 [54]
 [56]
 [46]
 [50]
 [48]
 [53]
 [55]
 [55]
 [57]
 [57]
 [57]
 [57]
 [57]
 [57]
 [57]
 [45]
 [49]] 
------------------------ Dataset: 1on ------------------------
shape: (26, 1), dtype: uint16
Data:[[54]
 [48]
 [56]
 [52]
 [46]
 [49]
 [51]
 [56]
 [54]
 [50]
 [49]
 [45]
 [48]
 [32]
 [54]
 [48]
 [56]
 [52]
 [46]
 [49]
 [52]
 [56]
 [55]
 [51]
 [45]
 [49]] 
------------------------ Dataset: 1oo ------------------------
shape: (33, 1), dtype: uint16
Data:[[53]
 [54]
 [52]
 [52]
 [46]
 [56]
 [49]
 [55]
 [54]
 [50]
 [54]
 [57]
 [57]
 [57]
 [57]
 [57]
 [57]
 [45]
 [48]
 [32]
 [53]
 [54]
 [52]
 [52]
 [46]
 [56]
 [50]
 [49]
 [54]
 [54]
 [49]
 [45]
 [49]] 
------------------------ Dataset: 1op ------------------------
shape: (33, 1), dtype: uint16
Data:[[53]
 [54]
 [54]
 [48]
 [46]
 [53]
 [54]
 [54]
 [53]
 [56]
 [51]
 [57]
 [57]
 [57]
 [57]
 [57]
 [57]
 [45]
 [48]
 [32]
 [53]
 [54]
 [54]
 [48]
 [46]
 [53]
 [54]
 [54]
 [52]
 [55]
 [56]
 [45]
 [49]] 
------------------------ Dataset: 1oq ------------------------
shape: (40, 1), dtype: uint16
Data:[[53]
 [54]
 [55]
 [54]
 [46]
 [50]
 [54]
 [49]
 [53]
 [55]
 [49]
 [57]
 [57]
 [57]
 [57]
 [57]
 [57]
 [45]
 [48]
 [32]
 [53]
 [54]
 [55]
 [54]
 [46]
 [50]
 [53]
 [55]
 [54]
 [55]
 [51]
 [57]
 [57]
 [57]
 [57]
 [57]
 [57]
 [53]
 [45]
 [49]] 
------------------------ Dataset: 1or ------------------------
shape: (25, 1), dtype: uint16
Data:[[53]
 [54]
 [57]
 [50]
 [46]
 [48]
 [53]
 [49]
 [49]
 [54]
 [45]
 [48]
 [32]
 [53]
 [54]
 [57]
 [50]
 [46]
 [48]
 [53]
 [52]
 [56]
 [56]
 [45]
 [49]] 
------------------------ Dataset: 1os ------------------------
shape: (26, 1), dtype: uint16
Data:[[54]
 [52]
 [49]
 [53]
 [46]
 [51]
 [52]
 [57]
 [56]
 [53]
 [49]
 [45]
 [48]
 [32]
 [54]
 [52]
 [49]
 [53]
 [46]
 [51]
 [52]
 [53]
 [49]
 [51]
 [45]
 [49]] 
------------------------ Dataset: 1ot ------------------------
shape: (27, 1), dtype: uint16
Data:[[54]
 [54]
 [48]
 [55]
 [46]
 [52]
 [49]
 [54]
 [49]
 [56]
 [49]
 [45]
 [48]
 [32]
 [54]
 [54]
 [48]
 [55]
 [46]
 [52]
 [49]
 [50]
 [54]
 [57]
 [50]
 [45]
 [49]] 
------------------------ Dataset: 1ou ------------------------
shape: (33, 1), dtype: uint16
Data:[[54]
 [54]
 [50]
 [51]
 [46]
 [51]
 [53]
 [56]
 [49]
 [57]
 [48]
 [57]
 [57]
 [57]
 [57]
 [57]
 [57]
 [45]
 [48]
 [32]
 [54]
 [54]
 [50]
 [51]
 [46]
 [51]
 [53]
 [52]
 [49]
 [52]
 [49]
 [45]
 [49]] 
------------------------ Dataset: 1ov ------------------------
shape: (27, 1), dtype: uint16
Data:[[54]
 [54]
 [51]
 [57]
 [46]
 [49]
 [57]
 [48]
 [56]
 [55]
 [51]
 [45]
 [48]
 [32]
 [54]
 [54]
 [51]
 [57]
 [46]
 [49]
 [57]
 [52]
 [51]
 [54]
 [52]
 [45]
 [49]] 
------------------------ Dataset: 1ow ------------------------
shape: (33, 1), dtype: uint16
Data:[[54]
 [54]
 [53]
 [52]
 [46]
 [56]
 [48]
 [49]
 [57]
 [57]
 [53]
 [45]
 [48]
 [32]
 [54]
 [54]
 [53]
 [52]
 [46]
 [56]
 [49]
 [48]
 [49]
 [49]
 [52]
 [57]
 [57]
 [57]
 [57]
 [57]
 [57]
 [45]
 [49]] 
------------------------ Dataset: 1ox ------------------------
shape: (27, 1), dtype: uint16
Data:[[54]
 [54]
 [55]
 [48]
 [46]
 [55]
 [48]
 [48]
 [52]
 [48]
 [54]
 [45]
 [48]
 [32]
 [54]
 [54]
 [55]
 [48]
 [46]
 [55]
 [48]
 [48]
 [51]
 [52]
 [57]
 [45]
 [49]] 
------------------------ Dataset: 1oy ------------------------
shape: (26, 1), dtype: uint16
Data:[[54]
 [54]
 [56]
 [54]
 [46]
 [54]
 [49]
 [53]
 [52]
 [50]
 [45]
 [48]
 [32]
 [54]
 [54]
 [56]
 [54]
 [46]
 [54]
 [48]
 [50]
 [52]
 [53]
 [49]
 [45]
 [49]] 
------------------------ Dataset: 1oz ------------------------
shape: (40, 1), dtype: uint16
Data:[[53]
 [57]
 [48]
 [52]
 [46]
 [53]
 [50]
 [53]
 [55]
 [52]
 [53]
 [57]
 [57]
 [57]
 [57]
 [57]
 [57]
 [45]
 [48]
 [32]
 [53]
 [57]
 [48]
 [52]
 [46]
 [53]
 [49]
 [55]
 [55]
 [53]
 [51]
 [57]
 [57]
 [57]
 [57]
 [57]
 [57]
 [53]
 [45]
 [49]] 
------------------------ Dataset: 1p ------------------------

shape: (1, 6), dtype: uint32
Data:[[3707764736          2          1          1        898          1]] 
------------------------ Dataset: 2ob ------------------------
shape: (25, 1), dtype: uint16
Data:[[54]
 [55]
 [54]
 [56]
 [46]
 [51]
 [48]
 [50]
 [50]
 [45]
 [48]
 [32]
 [54]
 [55]
 [54]
 [56]
 [46]
 [51]
 [48]
 [56]
 [55]
 [57]
 [52]
 [45]
 [49]] 
------------------------ Dataset: 2oc ------------------------
shape: (13, 1), dtype: uint16
Data:[[54]
 [50]
 [56]
 [49]
 [46]
 [48]
 [56]
 [51]
 [54]
 [48]
 [56]
 [45]
 [48]] 
------------------------ Dataset: 2od ------------------------
shape: (27, 1), dtype: uint16
Data:[[54]
 [50]
 [57]
 [54]
 [46]
 [56]
 [54]
 [49]
 [57]
 [48]
 [54]
 [45]
 [48]
 [32]
 [54]
 [50]
 [57]
 [54]
 [46]
 [56]
 [54]
 [53]
 [57]
 [55]
 [51]
 [45]
 [49]] 
------------------------ Dataset: 2oe ------------------------
shape: (39, 1), dtype: uint16
Data:[[54]
 [51]
 [49]
 [50]
 [46]
 [55]
 [51]
 [52]
 [48]
 [56]
 [50]
 [57]
 [57]
 [57]
 [57]
 [57]
 [57]
 [45]
 [48]
 [32]
 [54]
 [51]
 [49]
 [50]
 [46]
 [55]
 [51]
 [48]
 [53]
 [57]
 [53]
 [57]
 [57]
 [57]
 [57]
 [57]
 [57]
 [45]
 [49]] 
------------------------ Dataset: 2of ------------------------
shape: (26, 1), dtype: uint16
Data:[[54]
 [51]
 [50]
 [56]
 [46]
 [53]
 [55]
 [51]
 [57]
 [50]
 [45]
 [48]
 [32]
 [54]
 [51]
 [50]
 [56]
 [46]
 [53]
 [54]
 [57]
 [57]
 [49]
 [53]
 [45]
 [49]] 
------------------------ Dataset: 2og ------------------------
shape: (33, 1), dtype: uint16
Data:[[54]
 [51]
 [52]
 [52]
 [46]
 [51]
 [57]
 [51]
 [56]
 [56]
 [54]
 [57]
 [57]
 [57]
 [57]
 [57]
 [57]
 [45]
 [48]
 [32]
 [54]
 [51]
 [52]
 [52]
 [46]
 [51]
 [57]
 [51]
 [57]
 [48]
 [50]
 [45]
 [49]] 
------------------------ Dataset: 2oh ------------------------
shape: (33, 1), dtype: uint16
Data:[[54]
 [53]
 [48]
 [57]
 [46]
 [52]
 [57]
 [56]
 [48]
 [55]
 [49]
 [45]
 [48]
 [32]
 [54]
 [53]
 [48]
 [57]
 [46]
 [52]
 [57]
 [51]
 [57]
 [57]
 [53]
 [57]
 [57]
 [57]
 [57]
 [57]
 [57]
 [45]
 [49]] 
------------------------ Dataset: 2oi ------------------------
shape: (33, 1), dtype: uint16
Data:[[54]
 [53]
 [50]
 [53]
 [46]
 [51]
 [48]
 [50]
 [49]
 [49]
 [56]
 [45]
 [48]
 [32]
 [54]
 [53]
 [50]
 [53]
 [46]
 [50]
 [57]
 [52]
 [48]
 [54]
 [55]
 [57]
 [57]
 [57]
 [57]
 [57]
 [57]
 [45]
 [49]] 
------------------------ Dataset: 2oj ------------------------
shape: (33, 1), dtype: uint16
Data:[[54]
 [48]
 [50]
 [48]
 [46]
 [56]
 [56]
 [57]
 [56]
 [54]
 [49]
 [45]
 [48]
 [32]
 [54]
 [48]
 [50]
 [48]
 [46]
 [56]
 [57]
 [55]
 [55]
 [55]
 [49]
 [57]
 [57]
 [57]
 [57]
 [57]
 [57]
 [45]
 [49]] 
------------------------ Dataset: 2ok ------------------------
shape: (27, 1), dtype: uint16
Data:[[54]
 [48]
 [51]
 [54]
 [46]
 [54]
 [56]
 [49]
 [55]
 [51]
 [49]
 [45]
 [48]
 [32]
 [54]
 [48]
 [51]
 [54]
 [46]
 [54]
 [56]
 [53]
 [57]
 [55]
 [49]
 [45]
 [49]] 
------------------------ Dataset: 2ol ------------------------
shape: (39, 1), dtype: uint16
Data:[[54]
 [48]
 [53]
 [50]
 [46]
 [50]
 [57]
 [55]
 [55]
 [55]
 [53]
 [57]
 [57]
 [57]
 [57]
 [57]
 [57]
 [45]
 [48]
 [32]
 [54]
 [48]
 [53]
 [50]
 [46]
 [51]
 [48]
 [49]
 [55]
 [50]
 [49]
 [57]
 [57]
 [57]
 [57]
 [57]
 [57]
 [45]
 [49]] 
------------------------ Dataset: 2om ------------------------
shape: (33, 1), dtype: uint16
Data:[[54]
 [48]
 [54]
 [56]
 [46]
 [50]
 [48]
 [57]
 [55]
 [53]
 [51]
 [45]
 [48]
 [32]
 [54]
 [48]
 [54]
 [56]
 [46]
 [50]
 [48]
 [53]
 [55]
 [55]
 [57]
 [57]
 [57]
 [57]
 [57]
 [57]
 [57]
 [45]
 [49]] 
------------------------ Dataset: 2on ------------------------
shape: (26, 1), dtype: uint16
Data:[[54]
 [48]
 [56]
 [52]
 [46]
 [49]
 [52]
 [56]
 [55]
 [55]
 [54]
 [45]
 [48]
 [32]
 [54]
 [48]
 [56]
 [52]
 [46]
 [49]
 [52]
 [56]
 [55]
 [51]
 [45]
 [49]] 
------------------------ Dataset: 2oo ------------------------
shape: (27, 1), dtype: uint16
Data:[[53]
 [54]
 [52]
 [52]
 [46]
 [56]
 [50]
 [53]
 [53]
 [57]
 [55]
 [45]
 [48]
 [32]
 [53]
 [54]
 [52]
 [52]
 [46]
 [56]
 [50]
 [49]
 [54]
 [54]
 [49]
 [45]
 [49]] 
------------------------ Dataset: 2op ------------------------
shape: (33, 1), dtype: uint16
Data:[[53]
 [54]
 [54]
 [48]
 [46]
 [53]
 [54]
 [54]
 [53]
 [56]
 [51]
 [57]
 [57]
 [57]
 [57]
 [57]
 [57]
 [45]
 [48]
 [32]
 [53]
 [54]
 [54]
 [48]
 [46]
 [53]
 [55]
 [53]
 [48]
 [53]
 [57]
 [45]
 [49]] 
------------------------ Dataset: 2oq ------------------------
shape: (39, 1), dtype: uint16
Data:[[53]
 [54]
 [55]
 [54]
 [46]
 [50]
 [54]
 [49]
 [53]
 [55]
 [49]
 [57]
 [57]
 [57]
 [57]
 [57]
 [57]
 [45]
 [48]
 [32]
 [53]
 [54]
 [55]
 [54]
 [46]
 [50]
 [54]
 [53]
 [53]
 [56]
 [55]
 [57]
 [57]
 [57]
 [57]
 [57]
 [57]
 [45]
 [49]] 
------------------------ Dataset: 2or ------------------------
shape: (32, 1), dtype: uint16
Data:[[53]
 [54]
 [57]
 [50]
 [46]
 [48]
 [53]
 [53]
 [57]
 [48]
 [55]
 [57]
 [57]
 [57]
 [57]
 [57]
 [57]
 [45]
 [48]
 [32]
 [53]
 [54]
 [57]
 [50]
 [46]
 [48]
 [53]
 [52]
 [56]
 [56]
 [45]
 [49]] 
------------------------ Dataset: 2os ------------------------
shape: (27, 1), dtype: uint16
Data:[[54]
 [52]
 [49]
 [53]
 [46]
 [51]
 [52]
 [57]
 [56]
 [53]
 [49]
 [45]
 [48]
 [32]
 [54]
 [52]
 [49]
 [53]
 [46]
 [51]
 [53]
 [48]
 [49]
 [51]
 [56]
 [45]
 [49]] 
------------------------ Dataset: 2ot ------------------------
shape: (27, 1), dtype: uint16
Data:[[54]
 [54]
 [48]
 [55]
 [46]
 [52]
 [49]
 [54]
 [49]
 [56]
 [49]
 [45]
 [48]
 [32]
 [54]
 [54]
 [48]
 [55]
 [46]
 [52]
 [49]
 [56]
 [51]
 [49]
 [56]
 [45]
 [49]] 
------------------------ Dataset: 2ou ------------------------
shape: (32, 1), dtype: uint16
Data:[[54]
 [54]
 [50]
 [51]
 [46]
 [51]
 [53]
 [56]
 [49]
 [57]
 [48]
 [57]
 [57]
 [57]
 [57]
 [57]
 [57]
 [45]
 [48]
 [32]
 [54]
 [54]
 [50]
 [51]
 [46]
 [51]
 [54]
 [50]
 [49]
 [56]
 [45]
 [49]] 
------------------------ Dataset: 2ov ------------------------
shape: (25, 1), dtype: uint16
Data:[[54]
 [54]
 [51]
 [57]
 [46]
 [49]
 [57]
 [56]
 [49]
 [45]
 [48]
 [32]
 [54]
 [54]
 [51]
 [57]
 [46]
 [49]
 [57]
 [52]
 [51]
 [54]
 [52]
 [45]
 [49]] 
------------------------ Dataset: 2ow ------------------------
shape: (39, 1), dtype: uint16
Data:[[54]
 [54]
 [53]
 [52]
 [46]
 [56]
 [49]
 [48]
 [49]
 [49]
 [52]
 [57]
 [57]
 [57]
 [57]
 [57]
 [57]
 [45]
 [48]
 [32]
 [54]
 [54]
 [53]
 [52]
 [46]
 [56]
 [49]
 [48]
 [49]
 [49]
 [52]
 [57]
 [57]
 [57]
 [57]
 [57]
 [57]
 [45]
 [49]] 
------------------------ Dataset: 2ox ------------------------
shape: (27, 1), dtype: uint16
Data:[[54]
 [54]
 [55]
 [48]
 [46]
 [55]
 [48]
 [48]
 [52]
 [48]
 [54]
 [45]
 [48]
 [32]
 [54]
 [54]
 [55]
 [48]
 [46]
 [55]
 [48]
 [54]
 [49]
 [49]
 [55]
 [45]
 [49]] 
------------------------ Dataset: 2oy ------------------------
shape: (26, 1), dtype: uint16
Data:[[54]
 [54]
 [56]
 [54]
 [46]
 [54]
 [49]
 [53]
 [52]
 [50]
 [45]
 [48]
 [32]
 [54]
 [54]
 [56]
 [54]
 [46]
 [54]
 [49]
 [49]
 [56]
 [55]
 [53]
 [45]
 [49]] 
------------------------ Dataset: 2oz ------------------------
shape: (33, 1), dtype: uint16
Data:[[53]
 [57]
 [48]
 [52]
 [46]
 [53]
 [50]
 [53]
 [55]
 [52]
 [53]
 [57]
 [57]
 [57]
 [57]
 [57]
 [57]
 [45]
 [48]
 [32]
 [53]
 [57]
 [48]
 [52]
 [46]
 [53]
 [50]
 [53]
 [55]
 [52]
 [52]
 [45]
 [49]] 
------------------------ Dataset: 2p ------------------------

shape: (1, 6), dtype: uint32
Data:[[3707764736          2          1          1        899          1]] 
------------------------ Dataset: 3ob ------------------------
shape: (33, 1), dtype: uint16
Data:[[54]
 [55]
 [54]
 [56]
 [46]
 [51]
 [49]
 [48]
 [52]
 [55]
 [52]
 [57]
 [57]
 [57]
 [57]
 [57]
 [57]
 [45]
 [48]
 [32]
 [54]
 [55]
 [54]
 [56]
 [46]
 [51]
 [48]
 [56]
 [55]
 [57]
 [52]
 [45]
 [49]] 
------------------------ Dataset: 3oc ------------------------
shape: (13, 1), dtype: uint16
Data:[[54]
 [50]
 [56]
 [49]
 [46]
 [48]
 [57]
 [48]
 [52]
 [57]
 [52]
 [45]
 [49]] 
------------------------ Dataset: 3od ------------------------
shape: (33, 1), dtype: uint16
Data:[[54]
 [50]
 [57]
 [54]
 [46]
 [56]
 [54]
 [57]
 [56]
 [55]
 [52]
 [57]
 [57]
 [57]
 [57]
 [57]
 [57]
 [45]
 [48]
 [32]
 [54]
 [50]
 [57]
 [54]
 [46]
 [56]
 [54]
 [53]
 [57]
 [55]
 [51]
 [45]
 [49]] 
------------------------ Dataset: 3oe ------------------------
shape: (33, 1), dtype: uint16
Data:[[54]
 [51]
 [49]
 [50]
 [46]
 [55]
 [51]
 [52]
 [48]
 [56]
 [50]
 [57]
 [57]
 [57]
 [57]
 [57]
 [57]
 [45]
 [48]
 [32]
 [54]
 [51]
 [49]
 [50]
 [46]
 [55]
 [51]
 [56]
 [49]
 [54]
 [53]
 [45]
 [49]] 
------------------------ Dataset: 3of ------------------------
shape: (26, 1), dtype: uint16
Data:[[54]
 [51]
 [50]
 [56]
 [46]
 [53]
 [55]
 [51]
 [57]
 [50]
 [45]
 [48]
 [32]
 [54]
 [51]
 [50]
 [56]
 [46]
 [53]
 [55]
 [55]
 [57]
 [50]
 [51]
 [45]
 [49]] 
------------------------ Dataset: 3og ------------------------
shape: (34, 1), dtype: uint16
Data:[[54]
 [51]
 [52]
 [52]
 [46]
 [52]
 [48]
 [50]
 [48]
 [52]
 [51]
 [57]
 [57]
 [57]
 [57]
 [57]
 [57]
 [53]
 [45]
 [48]
 [32]
 [54]
 [51]
 [52]
 [52]
 [46]
 [51]
 [57]
 [51]
 [57]
 [48]
 [50]
 [45]
 [49]] 
------------------------ Dataset: 3oh ------------------------
shape: (27, 1), dtype: uint16
Data:[[54]
 [53]
 [48]
 [57]
 [46]
 [52]
 [57]
 [56]
 [48]
 [55]
 [49]
 [45]
 [48]
 [32]
 [54]
 [53]
 [48]
 [57]
 [46]
 [53]
 [48]
 [50]
 [48]
 [55]
 [57]
 [45]
 [49]] 
------------------------ Dataset: 3oi ------------------------
shape: (34, 1), dtype: uint16
Data:[[54]
 [53]
 [50]
 [53]
 [46]
 [51]
 [48]
 [50]
 [49]
 [49]
 [56]
 [45]
 [48]
 [32]
 [54]
 [53]
 [50]
 [53]
 [46]
 [51]
 [48]
 [50]
 [50]
 [56]
 [54]
 [57]
 [57]
 [57]
 [57]
 [57]
 [57]
 [53]
 [45]
 [49]] 
------------------------ Dataset: 3oj ------------------------
shape: (33, 1), dtype: uint16
Data:[[54]
 [48]
 [50]
 [48]
 [46]
 [56]
 [57]
 [55]
 [55]
 [49]
 [55]
 [45]
 [48]
 [32]
 [54]
 [48]
 [50]
 [48]
 [46]
 [56]
 [57]
 [55]
 [55]
 [55]
 [49]
 [57]
 [57]
 [57]
 [57]
 [57]
 [57]
 [45]
 [49]] 
------------------------ Dataset: 3ok ------------------------
shape: (33, 1), dtype: uint16
Data:[[54]
 [48]
 [51]
 [54]
 [46]
 [54]
 [56]
 [57]
 [55]
 [57]
 [55]
 [57]
 [57]
 [57]
 [57]
 [57]
 [57]
 [45]
 [48]
 [32]
 [54]
 [48]
 [51]
 [54]
 [46]
 [54]
 [56]
 [53]
 [57]
 [55]
 [49]
 [45]
 [49]] 
------------------------ Dataset: 3ol ------------------------
shape: (33, 1), dtype: uint16
Data:[[54]
 [48]
 [53]
 [50]
 [46]
 [51]
 [48]
 [53]
 [55]
 [48]
 [51]
 [45]
 [48]
 [32]
 [54]
 [48]
 [53]
 [50]
 [46]
 [51]
 [48]
 [49]
 [55]
 [50]
 [49]
 [57]
 [57]
 [57]
 [57]
 [57]
 [57]
 [45]
 [49]] 
------------------------ Dataset: 3om ------------------------
shape: (27, 1), dtype: uint16
Data:[[54]
 [48]
 [54]
 [56]
 [46]
 [50]
 [48]
 [57]
 [55]
 [53]
 [51]
 [45]
 [48]
 [32]
 [54]
 [48]
 [54]
 [56]
 [46]
 [50]
 [49]
 [51]
 [55]
 [54]
 [56]
 [45]
 [49]] 
------------------------ Dataset: 3on ------------------------
shape: (27, 1), dtype: uint16
Data:[[54]
 [48]
 [56]
 [52]
 [46]
 [49]
 [52]
 [56]
 [55]
 [55]
 [54]
 [45]
 [48]
 [32]
 [54]
 [48]
 [56]
 [52]
 [46]
 [49]
 [53]
 [49]
 [55]
 [56]
 [56]
 [45]
 [49]] 
------------------------ Dataset: 3oo ------------------------
shape: (27, 1), dtype: uint16
Data:[[53]
 [54]
 [52]
 [52]
 [46]
 [56]
 [50]
 [53]
 [53]
 [57]
 [55]
 [45]
 [48]
 [32]
 [53]
 [54]
 [52]
 [52]
 [46]
 [56]
 [51]
 [48]
 [52]
 [56]
 [54]
 [45]
 [49]] 
------------------------ Dataset: 3op ------------------------
shape: (27, 1), dtype: uint16
Data:[[53]
 [54]
 [54]
 [48]
 [46]
 [53]
 [55]
 [57]
 [54]
 [48]
 [56]
 [45]
 [48]
 [32]
 [53]
 [54]
 [54]
 [48]
 [46]
 [53]
 [55]
 [53]
 [48]
 [53]
 [57]
 [45]
 [49]] 
------------------------ Dataset: 3oq ------------------------
shape: (33, 1), dtype: uint16
Data:[[53]
 [54]
 [55]
 [54]
 [46]
 [50]
 [54]
 [57]
 [53]
 [53]
 [53]
 [45]
 [48]
 [32]
 [53]
 [54]
 [55]
 [54]
 [46]
 [50]
 [54]
 [53]
 [53]
 [56]
 [55]
 [57]
 [57]
 [57]
 [57]
 [57]
 [57]
 [45]
 [49]] 
------------------------ Dataset: 3or ------------------------
shape: (33, 1), dtype: uint16
Data:[[53]
 [54]
 [57]
 [50]
 [46]
 [48]
 [53]
 [53]
 [57]
 [48]
 [55]
 [57]
 [57]
 [57]
 [57]
 [57]
 [57]
 [45]
 [48]
 [32]
 [53]
 [54]
 [57]
 [50]
 [46]
 [48]
 [54]
 [48]
 [51]
 [50]
 [57]
 [45]
 [49]] 
------------------------ Dataset: 3os ------------------------
shape: (33, 1), dtype: uint16
Data:[[54]
 [52]
 [49]
 [53]
 [46]
 [51]
 [53]
 [52]
 [53]
 [52]
 [55]
 [57]
 [57]
 [57]
 [57]
 [57]
 [57]
 [45]
 [48]
 [32]
 [54]
 [52]
 [49]
 [53]
 [46]
 [51]
 [53]
 [48]
 [49]
 [51]
 [56]
 [45]
 [49]] 
------------------------ Dataset: 3ot ------------------------
shape: (33, 1), dtype: uint16
Data:[[54]
 [54]
 [48]
 [55]
 [46]
 [52]
 [50]
 [50]
 [49]
 [49]
 [49]
 [57]
 [57]
 [57]
 [57]
 [57]
 [57]
 [45]
 [48]
 [32]
 [54]
 [54]
 [48]
 [55]
 [46]
 [52]
 [49]
 [56]
 [51]
 [49]
 [56]
 [45]
 [49]] 
------------------------ Dataset: 3ou ------------------------
shape: (26, 1), dtype: uint16
Data:[[54]
 [54]
 [50]
 [51]
 [46]
 [51]
 [54]
 [57]
 [49]
 [57]
 [49]
 [45]
 [48]
 [32]
 [54]
 [54]
 [50]
 [51]
 [46]
 [51]
 [54]
 [50]
 [49]
 [56]
 [45]
 [49]] 
------------------------ Dataset: 3ov ------------------------
shape: (25, 1), dtype: uint16
Data:[[54]
 [54]
 [51]
 [57]
 [46]
 [49]
 [57]
 [56]
 [49]
 [45]
 [48]
 [32]
 [54]
 [54]
 [51]
 [57]
 [46]
 [50]
 [48]
 [50]
 [49]
 [48]
 [57]
 [45]
 [49]] 
------------------------ Dataset: 3ow ------------------------
shape: (33, 1), dtype: uint16
Data:[[54]
 [54]
 [53]
 [52]
 [46]
 [56]
 [49]
 [48]
 [49]
 [49]
 [52]
 [57]
 [57]
 [57]
 [57]
 [57]
 [57]
 [45]
 [48]
 [32]
 [54]
 [54]
 [53]
 [52]
 [46]
 [56]
 [49]
 [56]
 [50]
 [56]
 [54]
 [45]
 [49]] 
------------------------ Dataset: 3ox ------------------------
shape: (27, 1), dtype: uint16
Data:[[54]
 [54]
 [55]
 [48]
 [46]
 [55]
 [48]
 [54]
 [49]
 [49]
 [55]
 [45]
 [48]
 [32]
 [54]
 [54]
 [55]
 [48]
 [46]
 [55]
 [48]
 [54]
 [49]
 [49]
 [55]
 [45]
 [49]] 
------------------------ Dataset: 3oy ------------------------
shape: (33, 1), dtype: uint16
Data:[[54]
 [54]
 [56]
 [54]
 [46]
 [54]
 [49]
 [53]
 [52]
 [50]
 [45]
 [48]
 [32]
 [54]
 [54]
 [56]
 [54]
 [46]
 [54]
 [50]
 [50]
 [52]
 [54]
 [52]
 [57]
 [57]
 [57]
 [57]
 [57]
 [57]
 [53]
 [45]
 [49]] 
------------------------ Dataset: 3oz ------------------------
shape: (33, 1), dtype: uint16
Data:[[53]
 [57]
 [48]
 [52]
 [46]
 [53]
 [50]
 [53]
 [55]
 [52]
 [53]
 [57]
 [57]
 [57]
 [57]
 [57]
 [57]
 [45]
 [48]
 [32]
 [53]
 [57]
 [48]
 [52]
 [46]
 [53]
 [51]
 [51]
 [54]
 [52]
 [51]
 [45]
 [49]] 
------------------------ Dataset: 3p ------------------------

shape: (1, 6), dtype: uint32
Data:[[3707764736          2          1          1        900          1]] 
------------------------ Dataset: 4ob ------------------------
shape: (33, 1), dtype: uint16
Data:[[54]
 [55]
 [54]
 [56]
 [46]
 [51]
 [49]
 [48]
 [52]
 [55]
 [52]
 [57]
 [57]
 [57]
 [57]
 [57]
 [57]
 [45]
 [48]
 [32]
 [54]
 [55]
 [54]
 [56]
 [46]
 [51]
 [49]
 [52]
 [49]
 [49]
 [54]
 [45]
 [49]] 
------------------------ Dataset: 4oc ------------------------
shape: (13, 1), dtype: uint16
Data:[[54]
 [50]
 [56]
 [49]
 [46]
 [48]
 [57]
 [49]
 [50]
 [48]
 [51]
 [45]
 [48]] 
------------------------ Dataset: 4od ------------------------
shape: (33, 1), dtype: uint16
Data:[[54]
 [50]
 [57]
 [54]
 [46]
 [56]
 [54]
 [57]
 [56]
 [55]
 [52]
 [57]
 [57]
 [57]
 [57]
 [57]
 [57]
 [45]
 [48]
 [32]
 [54]
 [50]
 [57]
 [54]
 [46]
 [56]
 [55]
 [51]
 [57]
 [54]
 [50]
 [45]
 [49]] 
------------------------ Dataset: 4oe ------------------------
shape: (27, 1), dtype: uint16
Data:[[54]
 [51]
 [49]
 [50]
 [46]
 [55]
 [52]
 [50]
 [48]
 [53]
 [51]
 [45]
 [48]
 [32]
 [54]
 [51]
 [49]
 [50]
 [46]
 [55]
 [51]
 [56]
 [49]
 [54]
 [53]
 [45]
 [49]] 
------------------------ Dataset: 4of ------------------------
shape: (27, 1), dtype: uint16
Data:[[54]
 [51]
 [50]
 [56]
 [46]
 [53]
 [56]
 [54]
 [49]
 [50]
 [53]
 [45]
 [48]
 [32]
 [54]
 [51]
 [50]
 [56]
 [46]
 [53]
 [55]
 [55]
 [57]
 [50]
 [51]
 [45]
 [49]] 
------------------------ Dataset: 4og ------------------------
shape: (34, 1), dtype: uint16
Data:[[54]
 [51]
 [52]
 [52]
 [46]
 [52]
 [48]
 [50]
 [48]
 [52]
 [51]
 [57]
 [57]
 [57]
 [57]
 [57]
 [57]
 [53]
 [45]
 [48]
 [32]
 [54]
 [51]
 [52]
 [52]
 [46]
 [52]
 [48]
 [50]
 [48]
 [51]
 [57]
 [45]
 [49]] 
------------------------ Dataset: 4oh ------------------------
shape: (34, 1), dtype: uint16
Data:[[54]
 [53]
 [48]
 [57]
 [46]
 [53]
 [48]
 [54]
 [49]
 [55]
 [52]
 [57]
 [57]
 [57]
 [57]
 [57]
 [57]
 [53]
 [45]
 [48]
 [32]
 [54]
 [53]
 [48]
 [57]
 [46]
 [53]
 [48]
 [50]
 [48]
 [55]
 [57]
 [45]
 [49]] 
------------------------ Dataset: 4oi ------------------------
shape: (34, 1), dtype: uint16
Data:[[54]
 [53]
 [50]
 [53]
 [46]
 [51]
 [49]
 [50]
 [48]
 [53]
 [54]
 [45]
 [48]
 [32]
 [54]
 [53]
 [50]
 [53]
 [46]
 [51]
 [48]
 [50]
 [50]
 [56]
 [54]
 [57]
 [57]
 [57]
 [57]
 [57]
 [57]
 [53]
 [45]
 [49]] 
------------------------ Dataset: 4oj ------------------------
shape: (39, 1), dtype: uint16
Data:[[54]
 [48]
 [50]
 [48]
 [46]
 [57]
 [48]
 [53]
 [54]
 [52]
 [53]
 [57]
 [57]
 [57]
 [57]
 [57]
 [57]
 [45]
 [48]
 [32]
 [54]
 [48]
 [50]
 [48]
 [46]
 [56]
 [57]
 [55]
 [55]
 [55]
 [49]
 [57]
 [57]
 [57]
 [57]
 [57]
 [57]
 [45]
 [49]] 
------------------------ Dataset: 4ok ------------------------
shape: (40, 1), dtype: uint16
Data:[[54]
 [48]
 [51]
 [54]
 [46]
 [54]
 [56]
 [57]
 [55]
 [57]
 [55]
 [57]
 [57]
 [57]
 [57]
 [57]
 [57]
 [45]
 [48]
 [32]
 [54]
 [48]
 [51]
 [54]
 [46]
 [54]
 [57]
 [57]
 [52]
 [53]
 [56]
 [57]
 [57]
 [57]
 [57]
 [57]
 [57]
 [53]
 [45]
 [49]] 
------------------------ Dataset: 4ol ------------------------
shape: (33, 1), dtype: uint16
Data:[[54]
 [48]
 [53]
 [50]
 [46]
 [51]
 [48]
 [53]
 [55]
 [48]
 [51]
 [45]
 [48]
 [32]
 [54]
 [48]
 [53]
 [50]
 [46]
 [51]
 [48]
 [57]
 [55]
 [52]
 [51]
 [57]
 [57]
 [57]
 [57]
 [57]
 [57]
 [45]
 [49]] 
------------------------ Dataset: 4om ------------------------
shape: (27, 1), dtype: uint16
Data:[[54]
 [48]
 [54]
 [56]
 [46]
 [50]
 [49]
 [55]
 [55]
 [51]
 [55]
 [45]
 [48]
 [32]
 [54]
 [48]
 [54]
 [56]
 [46]
 [50]
 [49]
 [51]
 [55]
 [54]
 [56]
 [45]
 [49]] 
------------------------ Dataset: 4on ------------------------
shape: (33, 1), dtype: uint16
Data:[[54]
 [48]
 [56]
 [52]
 [46]
 [49]
 [53]
 [51]
 [57]
 [54]
 [54]
 [57]
 [57]
 [57]
 [57]
 [57]
 [57]
 [45]
 [48]
 [32]
 [54]
 [48]
 [56]
 [52]
 [46]
 [49]
 [53]
 [49]
 [55]
 [56]
 [56]
 [45]
 [49]] 
------------------------ Dataset: 4oo ------------------------
shape: (27, 1), dtype: uint16
Data:[[53]
 [54]
 [52]
 [52]
 [46]
 [56]
 [51]
 [51]
 [53]
 [57]
 [55]
 [45]
 [48]
 [32]
 [53]
 [54]
 [52]
 [52]
 [46]
 [56]
 [51]
 [48]
 [52]
 [56]
 [54]
 [45]
 [49]] 
------------------------ Dataset: 4op ------------------------
shape: (27, 1), dtype: uint16
Data:[[53]
 [54]
 [54]
 [48]
 [46]
 [53]
 [55]
 [57]
 [54]
 [48]
 [56]
 [45]
 [48]
 [32]
 [53]
 [54]
 [54]
 [48]
 [46]
 [53]
 [56]
 [54]
 [57]
 [51]
 [55]
 [45]
 [49]] 
------------------------ Dataset: 4oq ------------------------
shape: (27, 1), dtype: uint16
Data:[[53]
 [54]
 [55]
 [54]
 [46]
 [50]
 [54]
 [57]
 [53]
 [53]
 [53]
 [45]
 [48]
 [32]
 [53]
 [54]
 [55]
 [54]
 [46]
 [50]
 [55]
 [51]
 [53]
 [55]
 [49]
 [45]
 [49]] 
------------------------ Dataset: 4or ------------------------
shape: (33, 1), dtype: uint16
Data:[[53]
 [54]
 [57]
 [50]
 [46]
 [48]
 [54]
 [49]
 [56]
 [57]
 [56]
 [57]
 [57]
 [57]
 [57]
 [57]
 [57]
 [45]
 [48]
 [32]
 [53]
 [54]
 [57]
 [50]
 [46]
 [48]
 [54]
 [48]
 [51]
 [50]
 [57]
 [45]
 [49]] 
------------------------ Dataset: 4os ------------------------
shape: (33, 1), dtype: uint16
Data:[[54]
 [52]
 [49]
 [53]
 [46]
 [51]
 [53]
 [52]
 [53]
 [52]
 [55]
 [57]
 [57]
 [57]
 [57]
 [57]
 [57]
 [45]
 [48]
 [32]
 [54]
 [52]
 [49]
 [53]
 [46]
 [51]
 [53]
 [52]
 [51]
 [56]
 [49]
 [45]
 [49]] 
------------------------ Dataset: 4ot ------------------------
shape: (39, 1), dtype: uint16
Data:[[54]
 [54]
 [48]
 [55]
 [46]
 [52]
 [50]
 [50]
 [49]
 [49]
 [49]
 [57]
 [57]
 [57]
 [57]
 [57]
 [57]
 [45]
 [48]
 [32]
 [54]
 [54]
 [48]
 [55]
 [46]
 [52]
 [50]
 [54]
 [48]
 [56]
 [50]
 [57]
 [57]
 [57]
 [57]
 [57]
 [57]
 [45]
 [49]] 
------------------------ Dataset: 4ou ------------------------
shape: (33, 1), dtype: uint16
Data:[[54]
 [54]
 [50]
 [51]
 [46]
 [51]
 [54]
 [57]
 [49]
 [57]
 [49]
 [45]
 [48]
 [32]
 [54]
 [54]
 [50]
 [51]
 [46]
 [51]
 [55]
 [48]
 [48]
 [54]
 [50]
 [57]
 [57]
 [57]
 [57]
 [57]
 [57]
 [45]
 [49]] 
------------------------ Dataset: 4ov ------------------------
shape: (27, 1), dtype: uint16
Data:[[54]
 [54]
 [51]
 [57]
 [46]
 [50]
 [48]
 [54]
 [53]
 [52]
 [56]
 [45]
 [48]
 [32]
 [54]
 [54]
 [51]
 [57]
 [46]
 [50]
 [48]
 [50]
 [49]
 [48]
 [57]
 [45]
 [49]] 
------------------------ Dataset: 4ow ------------------------
shape: (33, 1), dtype: uint16
Data:[[54]
 [54]
 [53]
 [52]
 [46]
 [56]
 [49]
 [56]
 [51]
 [48]
 [51]
 [57]
 [57]
 [57]
 [57]
 [57]
 [57]
 [45]
 [48]
 [32]
 [54]
 [54]
 [53]
 [52]
 [46]
 [56]
 [49]
 [56]
 [50]
 [56]
 [54]
 [45]
 [49]] 
------------------------ Dataset: 4ox ------------------------
shape: (34, 1), dtype: uint16
Data:[[54]
 [54]
 [55]
 [48]
 [46]
 [55]
 [48]
 [54]
 [49]
 [49]
 [55]
 [45]
 [48]
 [32]
 [54]
 [54]
 [55]
 [48]
 [46]
 [55]
 [49]
 [52]
 [48]
 [52]
 [54]
 [57]
 [57]
 [57]
 [57]
 [57]
 [57]
 [53]
 [45]
 [49]] 
------------------------ Dataset: 4oy ------------------------
shape: (40, 1), dtype: uint16
Data:[[54]
 [54]
 [56]
 [54]
 [46]
 [54]
 [50]
 [55]
 [52]
 [53]
 [56]
 [57]
 [57]
 [57]
 [57]
 [57]
 [57]
 [45]
 [48]
 [32]
 [54]
 [54]
 [56]
 [54]
 [46]
 [54]
 [50]
 [50]
 [52]
 [54]
 [52]
 [57]
 [57]
 [57]
 [57]
 [57]
 [57]
 [53]
 [45]
 [49]] 
------------------------ Dataset: 4oz ------------------------
shape: (27, 1), dtype: uint16
Data:[[53]
 [57]
 [48]
 [52]
 [46]
 [53]
 [51]
 [51]
 [53]
 [57]
 [56]
 [45]
 [48]
 [32]
 [53]
 [57]
 [48]
 [52]
 [46]
 [53]
 [51]
 [51]
 [54]
 [52]
 [51]
 [45]
 [49]] 
------------------------ Dataset: 4pb ------------------------
shape: (19, 1), dtype: uint16
Data:[[54]
 [55]
 [54]
 [56]
 [46]
 [53]
 [54]
 [54]
 [54]
 [54]
 [52]
 [57]
 [57]
 [57]
 [57]
 [57]
 [57]
 [45]
 [49]] 
------------------------ Dataset: 4pc ------------------------
shape: (27, 1), dtype: uint16
Data:[[54]
 [50]
 [56]
 [49]
 [46]
 [51]
 [54]
 [49]
 [57]
 [54]
 [49]
 [45]
 [48]
 [32]
 [54]
 [50]
 [56]
 [49]
 [46]
 [51]
 [53]
 [56]
 [48]
 [48]
 [49]
 [45]
 [49]] 
------------------------ Dataset: 4pd ------------------------
shape: (26, 1), dtype: uint16
Data:[[54]
 [50]
 [57]
 [55]
 [46]
 [49]
 [49]
 [56]
 [49]
 [51]
 [45]
 [48]
 [32]
 [54]
 [50]
 [57]
 [55]
 [46]
 [49]
 [50]
 [49]
 [57]
 [49]
 [51]
 [45]
 [49]] 
------------------------ Dataset: 4pe ------------------------
shape: (33, 1), dtype: uint16
Data:[[54]
 [51]
 [49]
 [51]
 [46]
 [48]
 [48]
 [53]
 [56]
 [56]
 [45]
 [48]
 [32]
 [54]
 [51]
 [49]
 [51]
 [46]
 [48]
 [48]
 [49]
 [57]
 [56]
 [51]
 [57]
 [57]
 [57]
 [57]
 [57]
 [57]
 [53]
 [45]
 [49]] 
------------------------ Dataset: 4pf ------------------------
shape: (33, 1), dtype: uint16
Data:[[54]
 [51]
 [50]
 [56]
 [46]
 [56]
 [50]
 [57]
 [57]
 [57]
 [55]
 [57]
 [57]
 [57]
 [57]
 [57]
 [57]
 [45]
 [48]
 [32]
 [54]
 [51]
 [50]
 [56]
 [46]
 [56]
 [51]
 [51]
 [57]
 [49]
 [57]
 [45]
 [49]] 
------------------------ Dataset: 4pg ------------------------
shape: (13, 1), dtype: uint16
Data:[[54]
 [51]
 [52]
 [52]
 [46]
 [54]
 [52]
 [57]
 [57]
 [51]
 [51]
 [45]
 [49]] 
------------------------ Dataset: 4ph ------------------------
shape: (39, 1), dtype: uint16
Data:[[54]
 [53]
 [48]
 [57]
 [46]
 [55]
 [54]
 [52]
 [49]
 [53]
 [53]
 [57]
 [57]
 [57]
 [57]
 [57]
 [57]
 [45]
 [48]
 [32]
 [54]
 [53]
 [48]
 [57]
 [46]
 [55]
 [53]
 [53]
 [50]
 [52]
 [57]
 [57]
 [57]
 [57]
 [57]
 [57]
 [57]
 [45]
 [49]] 
------------------------ Dataset: 4pi ------------------------
shape: (33, 1), dtype: uint16
Data:[[54]
 [53]
 [50]
 [53]
 [46]
 [53]
 [53]
 [52]
 [50]
 [52]
 [51]
 [45]
 [48]
 [32]
 [54]
 [53]
 [50]
 [53]
 [46]
 [53]
 [53]
 [57]
 [53]
 [52]
 [55]
 [57]
 [57]
 [57]
 [57]
 [57]
 [57]
 [45]
 [49]] 
------------------------ Dataset: 4pj ------------------------
shape: (32, 1), dtype: uint16
Data:[[54]
 [48]
 [50]
 [49]
 [46]
 [49]
 [53]
 [55]
 [55]
 [51]
 [48]
 [57]
 [57]
 [57]
 [57]
 [57]
 [57]
 [45]
 [48]
 [32]
 [54]
 [48]
 [50]
 [49]
 [46]
 [49]
 [54]
 [49]
 [55]
 [57]
 [45]
 [49]] 
------------------------ Dataset: 4pk ------------------------
shape: (13, 1), dtype: uint16
Data:[[54]
 [48]
 [51]
 [54]
 [46]
 [57]
 [52]
 [49]
 [56]
 [52]
 [57]
 [45]
 [48]] 
------------------------ Dataset: 4pl ------------------------
shape: (33, 1), dtype: uint16
Data:[[54]
 [48]
 [53]
 [50]
 [46]
 [53]
 [54]
 [50]
 [49]
 [56]
 [48]
 [57]
 [57]
 [57]
 [57]
 [57]
 [57]
 [45]
 [48]
 [32]
 [54]
 [48]
 [53]
 [50]
 [46]
 [53]
 [54]
 [53]
 [56]
 [54]
 [57]
 [45]
 [49]] 
------------------------ Dataset: 4pm ------------------------
shape: (33, 1), dtype: uint16
Data:[[54]
 [48]
 [54]
 [56]
 [46]
 [52]
 [55]
 [51]
 [55]
 [55]
 [54]
 [45]
 [48]
 [32]
 [54]
 [48]
 [54]
 [56]
 [46]
 [52]
 [54]
 [57]
 [55]
 [53]
 [55]
 [57]
 [57]
 [57]
 [57]
 [57]
 [57]
 [45]
 [49]] 
------------------------ Dataset: 4pn ------------------------
shape: (13, 1), dtype: uint16
Data:[[54]
 [48]
 [56]
 [52]
 [46]
 [51]
 [57]
 [56]
 [50]
 [55]
 [49]
 [45]
 [49]] 
------------------------ Dataset: 4po ------------------------
shape: (27, 1), dtype: uint16
Data:[[53]
 [54]
 [52]
 [53]
 [46]
 [48]
 [56]
 [49]
 [52]
 [54]
 [55]
 [45]
 [48]
 [32]
 [53]
 [54]
 [52]
 [53]
 [46]
 [48]
 [56]
 [49]
 [53]
 [48]
 [55]
 [45]
 [49]] 
------------------------ Dataset: 4pp ------------------------
shape: (39, 1), dtype: uint16
Data:[[53]
 [54]
 [54]
 [48]
 [46]
 [56]
 [50]
 [53]
 [53]
 [53]
 [57]
 [57]
 [57]
 [57]
 [57]
 [57]
 [57]
 [45]
 [48]
 [32]
 [53]
 [54]
 [54]
 [48]
 [46]
 [56]
 [50]
 [57]
 [57]
 [50]
 [53]
 [57]
 [57]
 [57]
 [57]
 [57]
 [57]
 [45]
 [49]] 
------------------------ Dataset: 4pq ------------------------
shape: (34, 1), dtype: uint16
Data:[[53]
 [54]
 [55]
 [54]
 [46]
 [53]
 [51]
 [54]
 [49]
 [49]
 [56]
 [45]
 [48]
 [32]
 [53]
 [54]
 [55]
 [54]
 [46]
 [53]
 [50]
 [53]
 [54]
 [53]
 [52]
 [57]
 [57]
 [57]
 [57]
 [57]
 [57]
 [53]
 [45]
 [49]] 
------------------------ Dataset: 4pr ------------------------
shape: (26, 1), dtype: uint16
Data:[[53]
 [54]
 [57]
 [50]
 [46]
 [51]
 [49]
 [52]
 [52]
 [53]
 [56]
 [45]
 [48]
 [32]
 [53]
 [54]
 [57]
 [50]
 [46]
 [51]
 [49]
 [48]
 [53]
 [51]
 [45]
 [49]] 
------------------------ Dataset: 4ps ------------------------
shape: (33, 1), dtype: uint16
Data:[[54]
 [52]
 [49]
 [53]
 [46]
 [54]
 [48]
 [53]
 [57]
 [56]
 [55]
 [57]
 [57]
 [57]
 [57]
 [57]
 [57]
 [45]
 [48]
 [32]
 [54]
 [52]
 [49]
 [53]
 [46]
 [54]
 [48]
 [57]
 [57]
 [52]
 [52]
 [45]
 [49]] 
------------------------ Dataset: 4pt ------------------------
shape: (34, 1), dtype: uint16
Data:[[54]
 [54]
 [48]
 [55]
 [46]
 [54]
 [57]
 [48]
 [48]
 [55]
 [52]
 [57]
 [57]
 [57]
 [57]
 [57]
 [57]
 [53]
 [45]
 [48]
 [32]
 [54]
 [54]
 [48]
 [55]
 [46]
 [54]
 [57]
 [52]
 [50]
 [56]
 [53]
 [45]
 [49]] 
------------------------ Dataset: 4pu ------------------------
shape: (33, 1), dtype: uint16
Data:[[54]
 [54]
 [50]
 [51]
 [46]
 [54]
 [49]
 [56]
 [48]
 [51]
 [57]
 [57]
 [57]
 [57]
 [57]
 [57]
 [57]
 [45]
 [48]
 [32]
 [54]
 [54]
 [50]
 [51]
 [46]
 [54]
 [50]
 [50]
 [49]
 [48]
 [56]
 [45]
 [49]] 
------------------------ Dataset: 4pv ------------------------
shape: (33, 1), dtype: uint16
Data:[[54]
 [54]
 [51]
 [57]
 [46]
 [52]
 [53]
 [56]
 [50]
 [57]
 [49]
 [57]
 [57]
 [57]
 [57]
 [57]
 [57]
 [45]
 [48]
 [32]
 [54]
 [54]
 [51]
 [57]
 [46]
 [52]
 [53]
 [52]
 [50]
 [50]
 [51]
 [45]
 [49]] 
------------------------ Dataset: 4pw ------------------------
shape: (26, 1), dtype: uint16
Data:[[54]
 [54]
 [53]
 [53]
 [46]
 [48]
 [55]
 [51]
 [52]
 [49]
 [45]
 [48]
 [32]
 [54]
 [54]
 [53]
 [53]
 [46]
 [48]
 [55]
 [48]
 [52]
 [51]
 [51]
 [45]
 [49]] 
------------------------ Dataset: 4px ------------------------
shape: (32, 1), dtype: uint16
Data:[[54]
 [54]
 [55]
 [48]
 [46]
 [57]
 [54]
 [56]
 [51]
 [55]
 [54]
 [57]
 [57]
 [57]
 [57]
 [57]
 [57]
 [45]
 [48]
 [32]
 [54]
 [54]
 [55]
 [48]
 [46]
 [57]
 [55]
 [48]
 [51]
 [49]
 [45]
 [49]] 
------------------------ Dataset: 4py ------------------------
shape: (19, 1), dtype: uint16
Data:[[54]
 [54]
 [56]
 [54]
 [46]
 [56]
 [54]
 [54]
 [49]
 [56]
 [48]
 [57]
 [57]
 [57]
 [57]
 [57]
 [57]
 [45]
 [49]] 
------------------------ Dataset: 4pz ------------------------
shape: (27, 1), dtype: uint16
Data:[[53]
 [57]
 [48]
 [52]
 [46]
 [55]
 [56]
 [53]
 [54]
 [54]
 [49]
 [45]
 [48]
 [32]
 [53]
 [57]
 [48]
 [52]
 [46]
 [55]
 [56]
 [49]
 [54]
 [55]
 [50]
 [45]
 [49]] 
------------------------ Dataset: 4q ------------------------

