shape: (1, 6), dtype: uint32
Data:[[3707764736          2          1          1       1061          1]] 
------------------------ Dataset: Irb ------------------------
shape: (40, 1), dtype: uint16
Data:[[54]
 [55]
 [54]
 [56]
 [46]
 [57]
 [56]
 [57]
 [51]
 [48]
 [53]
 [57]
 [57]
 [57]
 [57]
 [57]
 [57]
 [53]
 [45]
 [48]
 [32]
 [54]
 [55]
 [54]
 [56]
 [46]
 [57]
 [56]
 [48]
 [50]
 [51]
 [53]
 [57]
 [57]
 [57]
 [57]
 [57]
 [57]
 [45]
 [49]] 
------------------------ Dataset: Irc ------------------------
shape: (27, 1), dtype: uint16
Data:[[54]
 [50]
 [56]
 [49]
 [46]
 [55]
 [55]
 [57]
 [54]
 [51]
 [55]
 [45]
 [48]
 [32]
 [54]
 [50]
 [56]
 [49]
 [46]
 [55]
 [55]
 [57]
 [56]
 [50]
 [54]
 [45]
 [49]] 
------------------------ Dataset: Ird ------------------------
shape: (33, 1), dtype: uint16
Data:[[54]
 [50]
 [57]
 [55]
 [46]
 [53]
 [52]
 [53]
 [55]
 [57]
 [50]
 [57]
 [57]
 [57]
 [57]
 [57]
 [57]
 [45]
 [48]
 [32]
 [54]
 [50]
 [57]
 [55]
 [46]
 [53]
 [52]
 [49]
 [56]
 [55]
 [51]
 [45]
 [49]] 
------------------------ Dataset: Ire ------------------------
shape: (27, 1), dtype: uint16
Data:[[54]
 [51]
 [49]
 [51]
 [46]
 [52]
 [49]
 [55]
 [57]
 [48]
 [54]
 [45]
 [48]
 [32]
 [54]
 [51]
 [49]
 [51]
 [46]
 [52]
 [50]
 [50]
 [48]
 [49]
 [49]
 [45]
 [49]] 
------------------------ Dataset: Irf ------------------------
shape: (19, 1), dtype: uint16
Data:[[54]
 [51]
 [50]
 [57]
 [46]
 [50]
 [53]
 [51]
 [57]
 [52]
 [49]
 [57]
 [57]
 [57]
 [57]
 [57]
 [57]
 [45]
 [49]] 
------------------------ Dataset: Irg ------------------------
shape: (33, 1), dtype: uint16
Data:[[54]
 [51]
 [52]
 [53]
 [46]
 [48]
 [56]
 [56]
 [53]
 [50]
 [55]
 [45]
 [48]
 [32]
 [54]
 [51]
 [52]
 [53]
 [46]
 [48]
 [57]
 [49]
 [54]
 [55]
 [48]
 [57]
 [57]
 [57]
 [57]
 [57]
 [57]
 [45]
 [49]] 
------------------------ Dataset: Irh ------------------------
shape: (27, 1), dtype: uint16
Data:[[54]
 [53]
 [49]
 [48]
 [46]
 [49]
 [55]
 [52]
 [48]
 [56]
 [53]
 [45]
 [48]
 [32]
 [54]
 [53]
 [49]
 [48]
 [46]
 [49]
 [55]
 [48]
 [56]
 [51]
 [50]
 [45]
 [49]] 
------------------------ Dataset: Iri ------------------------
shape: (39, 1), dtype: uint16
Data:[[54]
 [53]
 [50]
 [53]
 [46]
 [57]
 [56]
 [49]
 [57]
 [57]
 [55]
 [57]
 [57]
 [57]
 [57]
 [57]
 [57]
 [45]
 [48]
 [32]
 [54]
 [53]
 [50]
 [53]
 [46]
 [57]
 [56]
 [53]
 [57]
 [54]
 [53]
 [57]
 [57]
 [57]
 [57]
 [57]
 [57]
 [45]
 [49]] 
------------------------ Dataset: Irj ------------------------
shape: (33, 1), dtype: uint16
Data:[[54]
 [48]
 [50]
 [49]
 [46]
 [53]
 [55]
 [56]
 [53]
 [52]
 [55]
 [45]
 [48]
 [32]
 [54]
 [48]
 [50]
 [49]
 [46]
 [53]
 [56]
 [49]
 [57]
 [52]
 [50]
 [57]
 [57]
 [57]
 [57]
 [57]
 [57]
 [45]
 [49]] 
------------------------ Dataset: Irk ------------------------
shape: (27, 1), dtype: uint16
Data:[[54]
 [48]
 [51]
 [55]
 [46]
 [51]
 [55]
 [57]
 [56]
 [57]
 [49]
 [45]
 [48]
 [32]
 [54]
 [48]
 [51]
 [55]
 [46]
 [51]
 [55]
 [57]
 [56]
 [57]
 [49]
 [45]
 [49]] 
------------------------ Dataset: Irl ------------------------
shape: (33, 1), dtype: uint16
Data:[[54]
 [48]
 [53]
 [50]
 [46]
 [57]
 [56]
 [49]
 [56]
 [50]
 [55]
 [45]
 [48]
 [32]
 [54]
 [48]
 [53]
 [50]
 [46]
 [57]
 [55]
 [55]
 [56]
 [56]
 [49]
 [57]
 [57]
 [57]
 [57]
 [57]
 [57]
 [45]
 [49]] 
------------------------ Dataset: Irm ------------------------
shape: (39, 1), dtype: uint16
Data:[[54]
 [48]
 [54]
 [56]
 [46]
 [57]
 [48]
 [50]
 [48]
 [48]
 [56]
 [57]
 [57]
 [57]
 [57]
 [57]
 [57]
 [45]
 [48]
 [32]
 [54]
 [48]
 [54]
 [56]
 [46]
 [56]
 [57]
 [55]
 [57]
 [54]
 [50]
 [57]
 [57]
 [57]
 [57]
 [57]
 [57]
 [45]
 [49]] 
------------------------ Dataset: Irn ------------------------
shape: (27, 1), dtype: uint16
Data:[[54]
 [48]
 [56]
 [52]
 [46]
 [56]
 [49]
 [51]
 [55]
 [54]
 [50]
 [45]
 [48]
 [32]
 [54]
 [48]
 [56]
 [52]
 [46]
 [56]
 [49]
 [55]
 [56]
 [57]
 [50]
 [45]
 [49]] 
------------------------ Dataset: Iro ------------------------
shape: (27, 1), dtype: uint16
Data:[[53]
 [54]
 [52]
 [53]
 [46]
 [52]
 [57]
 [51]
 [53]
 [52]
 [49]
 [45]
 [48]
 [32]
 [53]
 [54]
 [52]
 [53]
 [46]
 [52]
 [57]
 [55]
 [56]
 [51]
 [53]
 [45]
 [49]] 
------------------------ Dataset: Irp ------------------------
shape: (33, 1), dtype: uint16
Data:[[53]
 [54]
 [54]
 [49]
 [46]
 [50]
 [53]
 [51]
 [53]
 [50]
 [50]
 [45]
 [48]
 [32]
 [53]
 [54]
 [54]
 [49]
 [46]
 [50]
 [52]
 [57]
 [56]
 [50]
 [56]
 [57]
 [57]
 [57]
 [57]
 [57]
 [57]
 [45]
 [49]] 
------------------------ Dataset: Irq ------------------------
shape: (27, 1), dtype: uint16
Data:[[53]
 [54]
 [55]
 [54]
 [46]
 [57]
 [52]
 [57]
 [57]
 [52]
 [49]
 [45]
 [48]
 [32]
 [53]
 [54]
 [55]
 [54]
 [46]
 [57]
 [53]
 [51]
 [54]
 [49]
 [52]
 [45]
 [49]] 
------------------------ Dataset: Irr ------------------------
shape: (33, 1), dtype: uint16
Data:[[53]
 [54]
 [57]
 [50]
 [46]
 [55]
 [50]
 [57]
 [53]
 [49]
 [52]
 [45]
 [48]
 [32]
 [53]
 [54]
 [57]
 [50]
 [46]
 [55]
 [50]
 [54]
 [48]
 [54]
 [56]
 [57]
 [57]
 [57]
 [57]
 [57]
 [57]
 [45]
 [49]] 
------------------------ Dataset: Irs ------------------------
shape: (26, 1), dtype: uint16
Data:[[54]
 [52]
 [49]
 [54]
 [46]
 [48]
 [51]
 [51]
 [57]
 [57]
 [45]
 [48]
 [32]
 [54]
 [52]
 [49]
 [54]
 [46]
 [48]
 [51]
 [55]
 [57]
 [56]
 [55]
 [45]
 [49]] 
------------------------ Dataset: Irt ------------------------
shape: (34, 1), dtype: uint16
Data:[[54]
 [54]
 [48]
 [56]
 [46]
 [49]
 [50]
 [56]
 [57]
 [51]
 [54]
 [57]
 [57]
 [57]
 [57]
 [57]
 [57]
 [53]
 [45]
 [48]
 [32]
 [54]
 [54]
 [48]
 [56]
 [46]
 [49]
 [51]
 [49]
 [51]
 [57]
 [49]
 [45]
 [49]] 
------------------------ Dataset: Iru ------------------------
shape: (33, 1), dtype: uint16
Data:[[54]
 [54]
 [50]
 [52]
 [46]
 [48]
 [53]
 [52]
 [49]
 [50]
 [50]
 [45]
 [48]
 [32]
 [54]
 [54]
 [50]
 [52]
 [46]
 [48]
 [53]
 [48]
 [48]
 [57]
 [51]
 [57]
 [57]
 [57]
 [57]
 [57]
 [57]
 [45]
 [49]] 
------------------------ Dataset: Irv ------------------------
shape: (27, 1), dtype: uint16
Data:[[54]
 [54]
 [51]
 [57]
 [46]
 [56]
 [55]
 [48]
 [48]
 [53]
 [51]
 [45]
 [48]
 [32]
 [54]
 [54]
 [51]
 [57]
 [46]
 [56]
 [55]
 [52]
 [49]
 [53]
 [52]
 [45]
 [49]] 
------------------------ Dataset: Irw ------------------------
shape: (27, 1), dtype: uint16
Data:[[54]
 [54]
 [53]
 [53]
 [46]
 [52]
 [57]
 [48]
 [48]
 [56]
 [52]
 [45]
 [48]
 [32]
 [54]
 [54]
 [53]
 [53]
 [46]
 [52]
 [57]
 [52]
 [48]
 [57]
 [50]
 [45]
 [49]] 
------------------------ Dataset: Irx ------------------------
shape: (33, 1), dtype: uint16
Data:[[54]
 [54]
 [55]
 [49]
 [46]
 [51]
 [56]
 [54]
 [48]
 [57]
 [56]
 [57]
 [57]
 [57]
 [57]
 [57]
 [57]
 [45]
 [48]
 [32]
 [54]
 [54]
 [55]
 [49]
 [46]
 [51]
 [56]
 [50]
 [49]
 [55]
 [50]
 [45]
 [49]] 
------------------------ Dataset: Iry ------------------------
shape: (33, 1), dtype: uint16
Data:[[54]
 [54]
 [56]
 [55]
 [46]
 [50]
 [57]
 [48]
 [48]
 [50]
 [52]
 [45]
 [48]
 [32]
 [54]
 [54]
 [56]
 [55]
 [46]
 [50]
 [56]
 [54]
 [49]
 [51]
 [52]
 [57]
 [57]
 [57]
 [57]
 [57]
 [57]
 [45]
 [49]] 
------------------------ Dataset: Irz ------------------------
shape: (27, 1), dtype: uint16
Data:[[53]
 [57]
 [48]
 [53]
 [46]
 [50]
 [48]
 [53]
 [56]
 [51]
 [53]
 [45]
 [48]
 [32]
 [53]
 [57]
 [48]
 [53]
 [46]
 [50]
 [48]
 [49]
 [55]
 [50]
 [55]
 [45]
 [49]] 
------------------------ Dataset: Is ------------------------

shape: (1, 6), dtype: uint32
Data:[[3707764736          2          1          1       1062          1]] 
------------------------ Dataset: Jrb ------------------------
shape: (34, 1), dtype: uint16
Data:[[54]
 [55]
 [54]
 [56]
 [46]
 [57]
 [56]
 [57]
 [51]
 [48]
 [53]
 [57]
 [57]
 [57]
 [57]
 [57]
 [57]
 [53]
 [45]
 [48]
 [32]
 [54]
 [55]
 [54]
 [56]
 [46]
 [57]
 [57]
 [52]
 [48]
 [57]
 [57]
 [45]
 [49]] 
------------------------ Dataset: Jrc ------------------------
shape: (27, 1), dtype: uint16
Data:[[54]
 [50]
 [56]
 [49]
 [46]
 [55]
 [56]
 [53]
 [56]
 [49]
 [52]
 [45]
 [48]
 [32]
 [54]
 [50]
 [56]
 [49]
 [46]
 [55]
 [55]
 [57]
 [56]
 [50]
 [54]
 [45]
 [49]] 
------------------------ Dataset: Jrd ------------------------
shape: (33, 1), dtype: uint16
Data:[[54]
 [50]
 [57]
 [55]
 [46]
 [53]
 [52]
 [53]
 [55]
 [57]
 [50]
 [57]
 [57]
 [57]
 [57]
 [57]
 [57]
 [45]
 [48]
 [32]
 [54]
 [50]
 [57]
 [55]
 [46]
 [53]
 [52]
 [57]
 [56]
 [54]
 [56]
 [45]
 [49]] 
------------------------ Dataset: Jre ------------------------
shape: (34, 1), dtype: uint16
Data:[[54]
 [51]
 [49]
 [51]
 [46]
 [52]
 [50]
 [53]
 [57]
 [56]
 [51]
 [57]
 [57]
 [57]
 [57]
 [57]
 [57]
 [53]
 [45]
 [48]
 [32]
 [54]
 [51]
 [49]
 [51]
 [46]
 [52]
 [50]
 [50]
 [48]
 [49]
 [49]
 [45]
 [49]] 
------------------------ Dataset: Jrf ------------------------
shape: (13, 1), dtype: uint16
Data:[[54]
 [51]
 [50]
 [57]
 [46]
 [50]
 [53]
 [55]
 [56]
 [54]
 [51]
 [45]
 [48]] 
------------------------ Dataset: Jrg ------------------------
shape: (39, 1), dtype: uint16
Data:[[54]
 [51]
 [52]
 [53]
 [46]
 [48]
 [57]
 [50]
 [49]
 [52]
 [54]
 [57]
 [57]
 [57]
 [57]
 [57]
 [57]
 [45]
 [48]
 [32]
 [54]
 [51]
 [52]
 [53]
 [46]
 [48]
 [57]
 [49]
 [54]
 [55]
 [48]
 [57]
 [57]
 [57]
 [57]
 [57]
 [57]
 [45]
 [49]] 
------------------------ Dataset: Jrh ------------------------
shape: (27, 1), dtype: uint16
Data:[[54]
 [53]
 [49]
 [48]
 [46]
 [49]
 [55]
 [52]
 [48]
 [56]
 [53]
 [45]
 [48]
 [32]
 [54]
 [53]
 [49]
 [48]
 [46]
 [49]
 [55]
 [56]
 [48]
 [49]
 [51]
 [45]
 [49]] 
------------------------ Dataset: Jri ------------------------
shape: (33, 1), dtype: uint16
Data:[[54]
 [53]
 [50]
 [53]
 [46]
 [57]
 [57]
 [53]
 [53]
 [54]
 [49]
 [45]
 [48]
 [32]
 [54]
 [53]
 [50]
 [53]
 [46]
 [57]
 [56]
 [53]
 [57]
 [54]
 [53]
 [57]
 [57]
 [57]
 [57]
 [57]
 [57]
 [45]
 [49]] 
------------------------ Dataset: Jrj ------------------------
shape: (40, 1), dtype: uint16
Data:[[54]
 [48]
 [50]
 [49]
 [46]
 [53]
 [56]
 [53]
 [56]
 [50]
 [53]
 [57]
 [57]
 [57]
 [57]
 [57]
 [57]
 [53]
 [45]
 [48]
 [32]
 [54]
 [48]
 [50]
 [49]
 [46]
 [53]
 [56]
 [49]
 [57]
 [52]
 [50]
 [57]
 [57]
 [57]
 [57]
 [57]
 [57]
 [45]
 [49]] 
------------------------ Dataset: Jrk ------------------------
shape: (27, 1), dtype: uint16
Data:[[54]
 [48]
 [51]
 [55]
 [46]
 [51]
 [55]
 [57]
 [56]
 [57]
 [49]
 [45]
 [48]
 [32]
 [54]
 [48]
 [51]
 [55]
 [46]
 [51]
 [56]
 [52]
 [53]
 [48]
 [49]
 [45]
 [49]] 
------------------------ Dataset: Jrl ------------------------
shape: (27, 1), dtype: uint16
Data:[[54]
 [48]
 [53]
 [50]
 [46]
 [57]
 [56]
 [49]
 [56]
 [50]
 [55]
 [45]
 [48]
 [32]
 [54]
 [48]
 [53]
 [50]
 [46]
 [57]
 [56]
 [53]
 [56]
 [50]
 [53]
 [45]
 [49]] 
------------------------ Dataset: Jrm ------------------------
shape: (39, 1), dtype: uint16
Data:[[54]
 [48]
 [54]
 [56]
 [46]
 [57]
 [48]
 [50]
 [48]
 [48]
 [56]
 [57]
 [57]
 [57]
 [57]
 [57]
 [57]
 [45]
 [48]
 [32]
 [54]
 [48]
 [54]
 [56]
 [46]
 [57]
 [48]
 [53]
 [57]
 [49]
 [52]
 [57]
 [57]
 [57]
 [57]
 [57]
 [57]
 [45]
 [49]] 
------------------------ Dataset: Jrn ------------------------
shape: (27, 1), dtype: uint16
Data:[[54]
 [48]
 [56]
 [52]
 [46]
 [56]
 [50]
 [50]
 [48]
 [49]
 [56]
 [45]
 [48]
 [32]
 [54]
 [48]
 [56]
 [52]
 [46]
 [56]
 [49]
 [55]
 [56]
 [57]
 [50]
 [45]
 [49]] 
------------------------ Dataset: Jro ------------------------
shape: (27, 1), dtype: uint16
Data:[[53]
 [54]
 [52]
 [53]
 [46]
 [53]
 [48]
 [49]
 [54]
 [49]
 [49]
 [45]
 [48]
 [32]
 [53]
 [54]
 [52]
 [53]
 [46]
 [52]
 [57]
 [55]
 [56]
 [51]
 [53]
 [45]
 [49]] 
------------------------ Dataset: Jrp ------------------------
shape: (33, 1), dtype: uint16
Data:[[53]
 [54]
 [54]
 [49]
 [46]
 [50]
 [53]
 [51]
 [53]
 [50]
 [50]
 [45]
 [48]
 [32]
 [53]
 [54]
 [54]
 [49]
 [46]
 [50]
 [53]
 [55]
 [53]
 [55]
 [51]
 [57]
 [57]
 [57]
 [57]
 [57]
 [57]
 [45]
 [49]] 
------------------------ Dataset: Jrq ------------------------
shape: (34, 1), dtype: uint16
Data:[[53]
 [54]
 [55]
 [54]
 [46]
 [57]
 [53]
 [55]
 [54]
 [48]
 [49]
 [57]
 [57]
 [57]
 [57]
 [57]
 [57]
 [53]
 [45]
 [48]
 [32]
 [53]
 [54]
 [55]
 [54]
 [46]
 [57]
 [53]
 [51]
 [54]
 [49]
 [52]
 [45]
 [49]] 
------------------------ Dataset: Jrr ------------------------
shape: (27, 1), dtype: uint16
Data:[[53]
 [54]
 [57]
 [50]
 [46]
 [55]
 [50]
 [57]
 [53]
 [49]
 [52]
 [45]
 [48]
 [32]
 [53]
 [54]
 [57]
 [50]
 [46]
 [55]
 [51]
 [51]
 [53]
 [51]
 [54]
 [45]
 [49]] 
------------------------ Dataset: Jrs ------------------------
shape: (27, 1), dtype: uint16
Data:[[54]
 [52]
 [49]
 [54]
 [46]
 [48]
 [52]
 [49]
 [56]
 [56]
 [54]
 [45]
 [48]
 [32]
 [54]
 [52]
 [49]
 [54]
 [46]
 [48]
 [51]
 [55]
 [57]
 [56]
 [55]
 [45]
 [49]] 
------------------------ Dataset: Jrt ------------------------
shape: (33, 1), dtype: uint16
Data:[[54]
 [54]
 [48]
 [56]
 [46]
 [49]
 [51]
 [52]
 [51]
 [52]
 [54]
 [57]
 [57]
 [57]
 [57]
 [57]
 [57]
 [45]
 [48]
 [32]
 [54]
 [54]
 [48]
 [56]
 [46]
 [49]
 [51]
 [49]
 [51]
 [57]
 [49]
 [45]
 [49]] 
------------------------ Dataset: Jru ------------------------
shape: (27, 1), dtype: uint16
Data:[[54]
 [54]
 [50]
 [52]
 [46]
 [48]
 [53]
 [52]
 [49]
 [50]
 [50]
 [45]
 [48]
 [32]
 [54]
 [54]
 [50]
 [52]
 [46]
 [48]
 [53]
 [56]
 [49]
 [56]
 [51]
 [45]
 [49]] 
------------------------ Dataset: Jrv ------------------------
shape: (27, 1), dtype: uint16
Data:[[54]
 [54]
 [51]
 [57]
 [46]
 [56]
 [55]
 [56]
 [49]
 [54]
 [50]
 [45]
 [48]
 [32]
 [54]
 [54]
 [51]
 [57]
 [46]
 [56]
 [55]
 [52]
 [49]
 [53]
 [52]
 [45]
 [49]] 
------------------------ Dataset: Jrw ------------------------
shape: (27, 1), dtype: uint16
Data:[[54]
 [54]
 [53]
 [53]
 [46]
 [52]
 [57]
 [56]
 [48]
 [55]
 [51]
 [45]
 [48]
 [32]
 [54]
 [54]
 [53]
 [53]
 [46]
 [52]
 [57]
 [52]
 [48]
 [57]
 [50]
 [45]
 [49]] 
------------------------ Dataset: Jrx ------------------------
shape: (33, 1), dtype: uint16
Data:[[54]
 [54]
 [55]
 [49]
 [46]
 [51]
 [56]
 [54]
 [48]
 [57]
 [56]
 [57]
 [57]
 [57]
 [57]
 [57]
 [57]
 [45]
 [48]
 [32]
 [54]
 [54]
 [55]
 [49]
 [46]
 [51]
 [57]
 [48]
 [48]
 [53]
 [55]
 [45]
 [49]] 
------------------------ Dataset: Jry ------------------------
shape: (33, 1), dtype: uint16
Data:[[54]
 [54]
 [56]
 [55]
 [46]
 [50]
 [57]
 [48]
 [48]
 [50]
 [52]
 [45]
 [48]
 [32]
 [54]
 [54]
 [56]
 [55]
 [46]
 [50]
 [57]
 [52]
 [48]
 [55]
 [56]
 [57]
 [57]
 [57]
 [57]
 [57]
 [57]
 [45]
 [49]] 
------------------------ Dataset: Jrz ------------------------
shape: (27, 1), dtype: uint16
Data:[[53]
 [57]
 [48]
 [53]
 [46]
 [50]
 [48]
 [53]
 [56]
 [51]
 [53]
 [45]
 [48]
 [32]
 [53]
 [57]
 [48]
 [53]
 [46]
 [50]
 [48]
 [57]
 [55]
 [52]
 [52]
 [45]
 [49]] 
------------------------ Dataset: Js ------------------------

shape: (1, 6), dtype: uint32
Data:[[3707764736          2          1          1       1063          1]] 
------------------------ Dataset: Krb ------------------------
shape: (27, 1), dtype: uint16
Data:[[54]
 [55]
 [54]
 [57]
 [46]
 [48]
 [49]
 [49]
 [50]
 [49]
 [49]
 [45]
 [48]
 [32]
 [54]
 [55]
 [54]
 [56]
 [46]
 [57]
 [57]
 [52]
 [48]
 [57]
 [57]
 [45]
 [49]] 
------------------------ Dataset: Krc ------------------------
shape: (33, 1), dtype: uint16
Data:[[54]
 [50]
 [56]
 [49]
 [46]
 [55]
 [56]
 [53]
 [56]
 [49]
 [52]
 [45]
 [48]
 [32]
 [54]
 [50]
 [56]
 [49]
 [46]
 [55]
 [56]
 [54]
 [48]
 [50]
 [52]
 [57]
 [57]
 [57]
 [57]
 [57]
 [57]
 [45]
 [49]] 
------------------------ Dataset: Krd ------------------------
shape: (27, 1), dtype: uint16
Data:[[54]
 [50]
 [57]
 [55]
 [46]
 [53]
 [53]
 [51]
 [56]
 [52]
 [54]
 [45]
 [48]
 [32]
 [54]
 [50]
 [57]
 [55]
 [46]
 [53]
 [52]
 [57]
 [56]
 [54]
 [56]
 [45]
 [49]] 
------------------------ Dataset: Kre ------------------------
shape: (40, 1), dtype: uint16
Data:[[54]
 [51]
 [49]
 [51]
 [46]
 [52]
 [50]
 [53]
 [57]
 [56]
 [51]
 [57]
 [57]
 [57]
 [57]
 [57]
 [57]
 [53]
 [45]
 [48]
 [32]
 [54]
 [51]
 [49]
 [51]
 [46]
 [52]
 [51]
 [48]
 [48]
 [50]
 [54]
 [57]
 [57]
 [57]
 [57]
 [57]
 [57]
 [45]
 [49]] 
------------------------ Dataset: Krf ------------------------
shape: (13, 1), dtype: uint16
Data:[[54]
 [51]
 [50]
 [57]
 [46]
 [50]
 [54]
 [50]
 [49]
 [49]
 [49]
 [45]
 [49]] 
------------------------ Dataset: Krg ------------------------
shape: (31, 1), dtype: uint16
Data:[[54]
 [51]
 [52]
 [53]
 [46]
 [48]
 [57]
 [50]
 [49]
 [52]
 [54]
 [57]
 [57]
 [57]
 [57]
 [57]
 [57]
 [45]
 [48]
 [32]
 [54]
 [51]
 [52]
 [53]
 [46]
 [48]
 [57]
 [52]
 [51]
 [45]
 [49]] 
------------------------ Dataset: Krh ------------------------
shape: (27, 1), dtype: uint16
Data:[[54]
 [53]
 [49]
 [48]
 [46]
 [49]
 [56]
 [50]
 [48]
 [55]
 [50]
 [45]
 [48]
 [32]
 [54]
 [53]
 [49]
 [48]
 [46]
 [49]
 [55]
 [56]
 [48]
 [49]
 [51]
 [45]
 [49]] 
------------------------ Dataset: Kri ------------------------
shape: (27, 1), dtype: uint16
Data:[[54]
 [53]
 [50]
 [53]
 [46]
 [57]
 [57]
 [53]
 [53]
 [54]
 [49]
 [45]
 [48]
 [32]
 [54]
 [53]
 [50]
 [53]
 [46]
 [57]
 [57]
 [53]
 [55]
 [50]
 [50]
 [45]
 [49]] 
------------------------ Dataset: Krj ------------------------
shape: (34, 1), dtype: uint16
Data:[[54]
 [48]
 [50]
 [49]
 [46]
 [53]
 [56]
 [53]
 [56]
 [50]
 [53]
 [57]
 [57]
 [57]
 [57]
 [57]
 [57]
 [53]
 [45]
 [48]
 [32]
 [54]
 [48]
 [50]
 [49]
 [46]
 [53]
 [56]
 [57]
 [56]
 [51]
 [51]
 [45]
 [49]] 
------------------------ Dataset: Krk ------------------------
shape: (27, 1), dtype: uint16
Data:[[54]
 [48]
 [51]
 [55]
 [46]
 [51]
 [56]
 [52]
 [53]
 [48]
 [49]
 [45]
 [48]
 [32]
 [54]
 [48]
 [51]
 [55]
 [46]
 [51]
 [56]
 [52]
 [53]
 [48]
 [49]
 [45]
 [49]] 
------------------------ Dataset: Krl ------------------------
shape: (34, 1), dtype: uint16
Data:[[54]
 [48]
 [53]
 [50]
 [46]
 [57]
 [56]
 [57]
 [55]
 [52]
 [51]
 [57]
 [57]
 [57]
 [57]
 [57]
 [57]
 [53]
 [45]
 [48]
 [32]
 [54]
 [48]
 [53]
 [50]
 [46]
 [57]
 [56]
 [53]
 [56]
 [50]
 [53]
 [45]
 [49]] 
------------------------ Dataset: Krm ------------------------
shape: (40, 1), dtype: uint16
Data:[[54]
 [48]
 [54]
 [56]
 [46]
 [57]
 [49]
 [48]
 [48]
 [48]
 [54]
 [57]
 [57]
 [57]
 [57]
 [57]
 [57]
 [53]
 [45]
 [48]
 [32]
 [54]
 [48]
 [54]
 [56]
 [46]
 [57]
 [48]
 [53]
 [57]
 [49]
 [52]
 [57]
 [57]
 [57]
 [57]
 [57]
 [57]
 [45]
 [49]] 
------------------------ Dataset: Krn ------------------------
shape: (27, 1), dtype: uint16
Data:[[54]
 [48]
 [56]
 [52]
 [46]
 [56]
 [50]
 [50]
 [48]
 [49]
 [56]
 [45]
 [48]
 [32]
 [54]
 [48]
 [56]
 [52]
 [46]
 [56]
 [50]
 [53]
 [56]
 [57]
 [52]
 [45]
 [49]] 
------------------------ Dataset: Kro ------------------------
shape: (27, 1), dtype: uint16
Data:[[53]
 [54]
 [52]
 [53]
 [46]
 [53]
 [48]
 [49]
 [54]
 [49]
 [49]
 [45]
 [48]
 [32]
 [53]
 [54]
 [52]
 [53]
 [46]
 [53]
 [48]
 [53]
 [55]
 [55]
 [53]
 [45]
 [49]] 
------------------------ Dataset: Krp ------------------------
shape: (33, 1), dtype: uint16
Data:[[53]
 [54]
 [54]
 [49]
 [46]
 [50]
 [54]
 [49]
 [53]
 [49]
 [57]
 [45]
 [48]
 [32]
 [53]
 [54]
 [54]
 [49]
 [46]
 [50]
 [53]
 [55]
 [53]
 [55]
 [51]
 [57]
 [57]
 [57]
 [57]
 [57]
 [57]
 [45]
 [49]] 
------------------------ Dataset: Krq ------------------------
shape: (40, 1), dtype: uint16
Data:[[53]
 [54]
 [55]
 [54]
 [46]
 [57]
 [53]
 [55]
 [54]
 [48]
 [49]
 [57]
 [57]
 [57]
 [57]
 [57]
 [57]
 [53]
 [45]
 [48]
 [32]
 [53]
 [54]
 [55]
 [54]
 [46]
 [57]
 [54]
 [49]
 [53]
 [55]
 [49]
 [57]
 [57]
 [57]
 [57]
 [57]
 [57]
 [45]
 [49]] 
------------------------ Dataset: Krr ------------------------
shape: (27, 1), dtype: uint16
Data:[[53]
 [54]
 [57]
 [50]
 [46]
 [55]
 [51]
 [55]
 [53]
 [54]
 [57]
 [45]
 [48]
 [32]
 [53]
 [54]
 [57]
 [50]
 [46]
 [55]
 [51]
 [51]
 [53]
 [51]
 [54]
 [45]
 [49]] 
------------------------ Dataset: Krs ------------------------
shape: (27, 1), dtype: uint16
Data:[[54]
 [52]
 [49]
 [54]
 [46]
 [48]
 [52]
 [49]
 [56]
 [56]
 [54]
 [45]
 [48]
 [32]
 [54]
 [52]
 [49]
 [54]
 [46]
 [48]
 [52]
 [53]
 [57]
 [48]
 [52]
 [45]
 [49]] 
------------------------ Dataset: Krt ------------------------
shape: (33, 1), dtype: uint16
Data:[[54]
 [54]
 [48]
 [56]
 [46]
 [49]
 [51]
 [52]
 [51]
 [52]
 [54]
 [57]
 [57]
 [57]
 [57]
 [57]
 [57]
 [45]
 [48]
 [32]
 [54]
 [54]
 [48]
 [56]
 [46]
 [49]
 [51]
 [56]
 [48]
 [51]
 [53]
 [45]
 [49]] 
------------------------ Dataset: Kru ------------------------
shape: (19, 1), dtype: uint16
Data:[[54]
 [54]
 [50]
 [52]
 [46]
 [48]
 [54]
 [50]
 [48]
 [55]
 [48]
 [57]
 [57]
 [57]
 [57]
 [57]
 [57]
 [45]
 [48]] 
------------------------ Dataset: Krv ------------------------
shape: (33, 1), dtype: uint16
Data:[[54]
 [54]
 [51]
 [57]
 [46]
 [56]
 [55]
 [56]
 [49]
 [54]
 [50]
 [45]
 [48]
 [32]
 [54]
 [54]
 [51]
 [57]
 [46]
 [56]
 [56]
 [50]
 [49]
 [53]
 [52]
 [57]
 [57]
 [57]
 [57]
 [57]
 [57]
 [45]
 [49]] 
------------------------ Dataset: Krw ------------------------
shape: (27, 1), dtype: uint16
Data:[[54]
 [54]
 [53]
 [53]
 [46]
 [52]
 [57]
 [56]
 [48]
 [55]
 [51]
 [45]
 [48]
 [32]
 [54]
 [54]
 [53]
 [53]
 [46]
 [53]
 [48]
 [50]
 [48]
 [51]
 [52]
 [45]
 [49]] 
------------------------ Dataset: Krx ------------------------
shape: (27, 1), dtype: uint16
Data:[[54]
 [54]
 [55]
 [49]
 [46]
 [51]
 [57]
 [52]
 [48]
 [54]
 [57]
 [45]
 [48]
 [32]
 [54]
 [54]
 [55]
 [49]
 [46]
 [51]
 [57]
 [48]
 [48]
 [53]
 [55]
 [45]
 [49]] 
------------------------ Dataset: Kry ------------------------
shape: (33, 1), dtype: uint16
Data:[[54]
 [54]
 [56]
 [55]
 [46]
 [50]
 [57]
 [56]
 [48]
 [57]
 [49]
 [45]
 [48]
 [32]
 [54]
 [54]
 [56]
 [55]
 [46]
 [50]
 [57]
 [52]
 [48]
 [55]
 [56]
 [57]
 [57]
 [57]
 [57]
 [57]
 [57]
 [45]
 [49]] 
------------------------ Dataset: Krz ------------------------
shape: (27, 1), dtype: uint16
Data:[[53]
 [57]
 [48]
 [53]
 [46]
 [50]
 [49]
 [51]
 [56]
 [50]
 [51]
 [45]
 [48]
 [32]
 [53]
 [57]
 [48]
 [53]
 [46]
 [50]
 [48]
 [57]
 [55]
 [52]
 [52]
 [45]
 [49]] 
------------------------ Dataset: Ks ------------------------

shape: (1, 6), dtype: uint32
Data:[[3707764736          2          1          1       1064          1]] 
------------------------ Dataset: Lrb ------------------------
shape: (34, 1), dtype: uint16
Data:[[54]
 [55]
 [54]
 [57]
 [46]
 [48]
 [49]
 [49]
 [50]
 [49]
 [49]
 [45]
 [48]
 [32]
 [54]
 [55]
 [54]
 [57]
 [46]
 [48]
 [49]
 [49]
 [52]
 [51]
 [55]
 [57]
 [57]
 [57]
 [57]
 [57]
 [57]
 [53]
 [45]
 [49]] 
------------------------ Dataset: Lrc ------------------------
shape: (33, 1), dtype: uint16
Data:[[54]
 [50]
 [56]
 [49]
 [46]
 [55]
 [57]
 [55]
 [50]
 [53]
 [51]
 [45]
 [48]
 [32]
 [54]
 [50]
 [56]
 [49]
 [46]
 [55]
 [56]
 [54]
 [48]
 [50]
 [52]
 [57]
 [57]
 [57]
 [57]
 [57]
 [57]
 [45]
 [49]] 
------------------------ Dataset: Lrd ------------------------
shape: (33, 1), dtype: uint16
Data:[[54]
 [50]
 [57]
 [55]
 [46]
 [53]
 [53]
 [51]
 [56]
 [52]
 [54]
 [45]
 [48]
 [32]
 [54]
 [50]
 [57]
 [55]
 [46]
 [53]
 [54]
 [53]
 [49]
 [57]
 [52]
 [57]
 [57]
 [57]
 [57]
 [57]
 [57]
 [45]
 [49]] 
------------------------ Dataset: Lre ------------------------
shape: (40, 1), dtype: uint16
Data:[[54]
 [51]
 [49]
 [51]
 [46]
 [52]
 [51]
 [52]
 [48]
 [52]
 [56]
 [57]
 [57]
 [57]
 [57]
 [57]
 [57]
 [53]
 [45]
 [48]
 [32]
 [54]
 [51]
 [49]
 [51]
 [46]
 [52]
 [51]
 [48]
 [48]
 [50]
 [54]
 [57]
 [57]
 [57]
 [57]
 [57]
 [57]
 [45]
 [49]] 
------------------------ Dataset: Lrf ------------------------
shape: (19, 1), dtype: uint16
Data:[[54]
 [51]
 [50]
 [57]
 [46]
 [50]
 [54]
 [53]
 [56]
 [57]
 [57]
 [57]
 [57]
 [57]
 [57]
 [57]
 [57]
 [45]
 [48]] 
------------------------ Dataset: Lrg ------------------------
shape: (25, 1), dtype: uint16
Data:[[54]
 [51]
 [52]
 [53]
 [46]
 [48]
 [57]
 [55]
 [57]
 [50]
 [50]
 [45]
 [48]
 [32]
 [54]
 [51]
 [52]
 [53]
 [46]
 [48]
 [57]
 [52]
 [51]
 [45]
 [49]] 
------------------------ Dataset: Lrh ------------------------
shape: (27, 1), dtype: uint16
Data:[[54]
 [53]
 [49]
 [48]
 [46]
 [49]
 [56]
 [50]
 [48]
 [55]
 [50]
 [45]
 [48]
 [32]
 [54]
 [53]
 [49]
 [48]
 [46]
 [49]
 [56]
 [54]
 [48]
 [54]
 [50]
 [45]
 [49]] 
------------------------ Dataset: Lri ------------------------
shape: (27, 1), dtype: uint16
Data:[[54]
 [53]
 [50]
 [53]
 [46]
 [57]
 [57]
 [56]
 [57]
 [56]
 [49]
 [45]
 [48]
 [32]
 [54]
 [53]
 [50]
 [53]
 [46]
 [57]
 [57]
 [53]
 [55]
 [50]
 [50]
 [45]
 [49]] 
------------------------ Dataset: Lrj ------------------------
shape: (27, 1), dtype: uint16
Data:[[54]
 [48]
 [50]
 [49]
 [46]
 [53]
 [57]
 [51]
 [55]
 [57]
 [51]
 [45]
 [48]
 [32]
 [54]
 [48]
 [50]
 [49]
 [46]
 [53]
 [56]
 [57]
 [56]
 [51]
 [51]
 [45]
 [49]] 
------------------------ Dataset: Lrk ------------------------
shape: (27, 1), dtype: uint16
Data:[[54]
 [48]
 [51]
 [55]
 [46]
 [51]
 [56]
 [52]
 [53]
 [48]
 [49]
 [45]
 [48]
 [32]
 [54]
 [48]
 [51]
 [55]
 [46]
 [51]
 [57]
 [48]
 [48]
 [50]
 [53]
 [45]
 [49]] 
------------------------ Dataset: Lrl ------------------------
shape: (34, 1), dtype: uint16
Data:[[54]
 [48]
 [53]
 [50]
 [46]
 [57]
 [56]
 [57]
 [55]
 [52]
 [51]
 [57]
 [57]
 [57]
 [57]
 [57]
 [57]
 [53]
 [45]
 [48]
 [32]
 [54]
 [48]
 [53]
 [50]
 [46]
 [57]
 [57]
 [53]
 [49]
 [51]
 [57]
 [45]
 [49]] 
------------------------ Dataset: Lrm ------------------------
shape: (34, 1), dtype: uint16
Data:[[54]
 [48]
 [54]
 [56]
 [46]
 [57]
 [49]
 [48]
 [48]
 [48]
 [54]
 [57]
 [57]
 [57]
 [57]
 [57]
 [57]
 [53]
 [45]
 [48]
 [32]
 [54]
 [48]
 [54]
 [56]
 [46]
 [57]
 [49]
 [51]
 [57]
 [57]
 [51]
 [45]
 [49]] 
------------------------ Dataset: Lrn ------------------------
shape: (27, 1), dtype: uint16
Data:[[54]
 [48]
 [56]
 [52]
 [46]
 [56]
 [51]
 [48]
 [57]
 [54]
 [55]
 [45]
 [48]
 [32]
 [54]
 [48]
 [56]
 [52]
 [46]
 [56]
 [50]
 [53]
 [56]
 [57]
 [52]
 [45]
 [49]] 
------------------------ Dataset: Lro ------------------------
shape: (27, 1), dtype: uint16
Data:[[53]
 [54]
 [52]
 [53]
 [46]
 [53]
 [48]
 [57]
 [53]
 [52]
 [52]
 [45]
 [48]
 [32]
 [53]
 [54]
 [52]
 [53]
 [46]
 [53]
 [48]
 [53]
 [55]
 [55]
 [53]
 [45]
 [49]] 
------------------------ Dataset: Lrp ------------------------
shape: (27, 1), dtype: uint16
Data:[[53]
 [54]
 [54]
 [49]
 [46]
 [50]
 [54]
 [49]
 [53]
 [49]
 [57]
 [45]
 [48]
 [32]
 [53]
 [54]
 [54]
 [49]
 [46]
 [50]
 [54]
 [53]
 [53]
 [55]
 [57]
 [45]
 [49]] 
------------------------ Dataset: Lrq ------------------------
shape: (39, 1), dtype: uint16
Data:[[53]
 [54]
 [55]
 [54]
 [46]
 [57]
 [54]
 [53]
 [53]
 [51]
 [52]
 [57]
 [57]
 [57]
 [57]
 [57]
 [57]
 [45]
 [48]
 [32]
 [53]
 [54]
 [55]
 [54]
 [46]
 [57]
 [54]
 [49]
 [53]
 [55]
 [49]
 [57]
 [57]
 [57]
 [57]
 [57]
 [57]
 [45]
 [49]] 
------------------------ Dataset: Lrr ------------------------
shape: (27, 1), dtype: uint16
Data:[[53]
 [54]
 [57]
 [50]
 [46]
 [55]
 [51]
 [55]
 [53]
 [54]
 [57]
 [45]
 [48]
 [32]
 [53]
 [54]
 [57]
 [50]
 [46]
 [55]
 [52]
 [49]
 [53]
 [53]
 [49]
 [45]
 [49]] 
------------------------ Dataset: Lrs ------------------------
shape: (27, 1), dtype: uint16
Data:[[54]
 [52]
 [49]
 [54]
 [46]
 [48]
 [52]
 [57]
 [56]
 [55]
 [56]
 [45]
 [48]
 [32]
 [54]
 [52]
 [49]
 [54]
 [46]
 [48]
 [52]
 [53]
 [57]
 [48]
 [52]
 [45]
 [49]] 
------------------------ Dataset: Lrt ------------------------
shape: (27, 1), dtype: uint16
Data:[[54]
 [54]
 [48]
 [56]
 [46]
 [49]
 [52]
 [50]
 [48]
 [48]
 [54]
 [45]
 [48]
 [32]
 [54]
 [54]
 [48]
 [56]
 [46]
 [49]
 [51]
 [56]
 [48]
 [51]
 [53]
 [45]
 [49]] 
------------------------ Dataset: Lru ------------------------
shape: (27, 1), dtype: uint16
Data:[[54]
 [54]
 [50]
 [52]
 [46]
 [48]
 [55]
 [48]
 [48]
 [53]
 [57]
 [45]
 [48]
 [32]
 [54]
 [54]
 [50]
 [52]
 [46]
 [48]
 [53]
 [56]
 [49]
 [56]
 [51]
 [45]
 [49]] 
------------------------ Dataset: Lrv ------------------------
shape: (33, 1), dtype: uint16
Data:[[54]
 [54]
 [51]
 [57]
 [46]
 [56]
 [56]
 [54]
 [48]
 [57]
 [55]
 [45]
 [48]
 [32]
 [54]
 [54]
 [51]
 [57]
 [46]
 [56]
 [56]
 [50]
 [49]
 [53]
 [52]
 [57]
 [57]
 [57]
 [57]
 [57]
 [57]
 [45]
 [49]] 
------------------------ Dataset: Lrw ------------------------
shape: (27, 1), dtype: uint16
Data:[[54]
 [54]
 [53]
 [53]
 [46]
 [53]
 [48]
 [54]
 [49]
 [50]
 [56]
 [45]
 [48]
 [32]
 [54]
 [54]
 [53]
 [53]
 [46]
 [53]
 [48]
 [50]
 [48]
 [51]
 [52]
 [45]
 [49]] 
------------------------ Dataset: Lrx ------------------------
shape: (33, 1), dtype: uint16
Data:[[54]
 [54]
 [55]
 [49]
 [46]
 [51]
 [57]
 [52]
 [48]
 [54]
 [57]
 [45]
 [48]
 [32]
 [54]
 [54]
 [55]
 [49]
 [46]
 [51]
 [57]
 [56]
 [49]
 [51]
 [54]
 [57]
 [57]
 [57]
 [57]
 [57]
 [57]
 [45]
 [49]] 
------------------------ Dataset: Lry ------------------------
shape: (33, 1), dtype: uint16
Data:[[54]
 [54]
 [56]
 [55]
 [46]
 [50]
 [57]
 [56]
 [48]
 [57]
 [49]
 [45]
 [48]
 [32]
 [54]
 [54]
 [56]
 [55]
 [46]
 [51]
 [48]
 [51]
 [50]
 [57]
 [56]
 [57]
 [57]
 [57]
 [57]
 [57]
 [57]
 [45]
 [49]] 
------------------------ Dataset: Lrz ------------------------
shape: (34, 1), dtype: uint16
Data:[[53]
 [57]
 [48]
 [53]
 [46]
 [50]
 [49]
 [51]
 [56]
 [50]
 [51]
 [45]
 [48]
 [32]
 [53]
 [57]
 [48]
 [53]
 [46]
 [50]
 [49]
 [55]
 [56]
 [55]
 [55]
 [57]
 [57]
 [57]
 [57]
 [57]
 [57]
 [53]
 [45]
 [49]] 
------------------------ Dataset: Ls ------------------------

shape: (1, 6), dtype: uint32
Data:[[3707764736          2          1          1       1065          1]] 
------------------------ Dataset: Mrb ------------------------
shape: (40, 1), dtype: uint16
Data:[[54]
 [55]
 [54]
 [57]
 [46]
 [48]
 [49]
 [53]
 [51]
 [48]
 [48]
 [57]
 [57]
 [57]
 [57]
 [57]
 [57]
 [45]
 [48]
 [32]
 [54]
 [55]
 [54]
 [57]
 [46]
 [48]
 [49]
 [49]
 [52]
 [51]
 [55]
 [57]
 [57]
 [57]
 [57]
 [57]
 [57]
 [53]
 [45]
 [49]] 
------------------------ Dataset: Mrc ------------------------
shape: (27, 1), dtype: uint16
Data:[[54]
 [50]
 [56]
 [49]
 [46]
 [55]
 [57]
 [55]
 [50]
 [53]
 [51]
 [45]
 [48]
 [32]
 [54]
 [50]
 [56]
 [49]
 [46]
 [55]
 [57]
 [55]
 [53]
 [50]
 [50]
 [45]
 [49]] 
------------------------ Dataset: Mrd ------------------------
shape: (33, 1), dtype: uint16
Data:[[54]
 [50]
 [57]
 [55]
 [46]
 [53]
 [54]
 [53]
 [51]
 [54]
 [57]
 [45]
 [48]
 [32]
 [54]
 [50]
 [57]
 [55]
 [46]
 [53]
 [54]
 [53]
 [49]
 [57]
 [52]
 [57]
 [57]
 [57]
 [57]
 [57]
 [57]
 [45]
 [49]] 
------------------------ Dataset: Mre ------------------------
shape: (34, 1), dtype: uint16
Data:[[54]
 [51]
 [49]
 [51]
 [46]
 [52]
 [51]
 [52]
 [48]
 [52]
 [56]
 [57]
 [57]
 [57]
 [57]
 [57]
 [57]
 [53]
 [45]
 [48]
 [32]
 [54]
 [51]
 [49]
 [51]
 [46]
 [52]
 [51]
 [55]
 [57]
 [49]
 [51]
 [45]
 [49]] 
------------------------ Dataset: Mrf ------------------------
shape: (13, 1), dtype: uint16
Data:[[54]
 [51]
 [50]
 [57]
 [46]
 [50]
 [54]
 [57]
 [57]
 [51]
 [52]
 [45]
 [49]] 
------------------------ Dataset: Mrg ------------------------
shape: (34, 1), dtype: uint16
Data:[[54]
 [51]
 [52]
 [53]
 [46]
 [48]
 [57]
 [55]
 [57]
 [50]
 [50]
 [45]
 [48]
 [32]
 [54]
 [51]
 [52]
 [53]
 [46]
 [49]
 [48]
 [49]
 [57]
 [49]
 [50]
 [57]
 [57]
 [57]
 [57]
 [57]
 [57]
 [53]
 [45]
 [49]] 
------------------------ Dataset: Mrh ------------------------
shape: (27, 1), dtype: uint16
Data:[[54]
 [53]
 [49]
 [48]
 [46]
 [49]
 [56]
 [57]
 [57]
 [55]
 [54]
 [45]
 [48]
 [32]
 [54]
 [53]
 [49]
 [48]
 [46]
 [49]
 [56]
 [54]
 [48]
 [54]
 [50]
 [45]
 [49]] 
------------------------ Dataset: Mri ------------------------
shape: (27, 1), dtype: uint16
Data:[[54]
 [53]
 [50]
 [53]
 [46]
 [57]
 [57]
 [56]
 [57]
 [56]
 [49]
 [45]
 [48]
 [32]
 [54]
 [53]
 [50]
 [54]
 [46]
 [48]
 [48]
 [50]
 [48]
 [53]
 [52]
 [45]
 [49]] 
------------------------ Dataset: Mrj ------------------------
shape: (34, 1), dtype: uint16
Data:[[54]
 [48]
 [50]
 [49]
 [46]
 [53]
 [57]
 [51]
 [55]
 [57]
 [51]
 [45]
 [48]
 [32]
 [54]
 [48]
 [50]
 [49]
 [46]
 [53]
 [57]
 [55]
 [55]
 [56]
 [56]
 [57]
 [57]
 [57]
 [57]
 [57]
 [57]
 [53]
 [45]
 [49]] 
------------------------ Dataset: Mrk ------------------------
shape: (33, 1), dtype: uint16
Data:[[54]
 [48]
 [51]
 [55]
 [46]
 [51]
 [56]
 [56]
 [55]
 [50]
 [56]
 [57]
 [57]
 [57]
 [57]
 [57]
 [57]
 [45]
 [48]
 [32]
 [54]
 [48]
 [51]
 [55]
 [46]
 [51]
 [57]
 [48]
 [48]
 [50]
 [53]
 [45]
 [49]] 
------------------------ Dataset: Mrl ------------------------
shape: (27, 1), dtype: uint16
Data:[[54]
 [48]
 [53]
 [50]
 [46]
 [57]
 [57]
 [57]
 [55]
 [48]
 [54]
 [45]
 [48]
 [32]
 [54]
 [48]
 [53]
 [50]
 [46]
 [57]
 [57]
 [53]
 [49]
 [51]
 [57]
 [45]
 [49]] 
------------------------ Dataset: Mrm ------------------------
shape: (33, 1), dtype: uint16
Data:[[54]
 [48]
 [54]
 [56]
 [46]
 [57]
 [49]
 [56]
 [48]
 [53]
 [50]
 [57]
 [57]
 [57]
 [57]
 [57]
 [57]
 [45]
 [48]
 [32]
 [54]
 [48]
 [54]
 [56]
 [46]
 [57]
 [49]
 [51]
 [57]
 [57]
 [51]
 [45]
 [49]] 
------------------------ Dataset: Mrn ------------------------
shape: (33, 1), dtype: uint16
Data:[[54]
 [48]
 [56]
 [52]
 [46]
 [56]
 [51]
 [48]
 [57]
 [54]
 [55]
 [45]
 [48]
 [32]
 [54]
 [48]
 [56]
 [52]
 [46]
 [56]
 [51]
 [53]
 [54]
 [48]
 [55]
 [57]
 [57]
 [57]
 [57]
 [57]
 [57]
 [45]
 [49]] 
------------------------ Dataset: Mro ------------------------
shape: (34, 1), dtype: uint16
Data:[[53]
 [54]
 [52]
 [53]
 [46]
 [53]
 [48]
 [57]
 [53]
 [52]
 [52]
 [45]
 [48]
 [32]
 [53]
 [54]
 [52]
 [53]
 [46]
 [53]
 [49]
 [51]
 [53]
 [56]
 [54]
 [57]
 [57]
 [57]
 [57]
 [57]
 [57]
 [53]
 [45]
 [49]] 
------------------------ Dataset: Mrp ------------------------
shape: (27, 1), dtype: uint16
Data:[[53]
 [54]
 [54]
 [49]
 [46]
 [50]
 [54]
 [57]
 [53]
 [49]
 [53]
 [45]
 [48]
 [32]
 [53]
 [54]
 [54]
 [49]
 [46]
 [50]
 [54]
 [53]
 [53]
 [55]
 [57]
 [45]
 [49]] 
------------------------ Dataset: Mrq ------------------------
shape: (33, 1), dtype: uint16
Data:[[53]
 [54]
 [55]
 [54]
 [46]
 [57]
 [54]
 [53]
 [53]
 [51]
 [52]
 [57]
 [57]
 [57]
 [57]
 [57]
 [57]
 [45]
 [48]
 [32]
 [53]
 [54]
 [55]
 [54]
 [46]
 [57]
 [54]
 [57]
 [54]
 [48]
 [55]
 [45]
 [49]] 
------------------------ Dataset: Mrr ------------------------
shape: (27, 1), dtype: uint16
Data:[[53]
 [54]
 [57]
 [50]
 [46]
 [55]
 [52]
 [53]
 [57]
 [54]
 [55]
 [45]
 [48]
 [32]
 [53]
 [54]
 [57]
 [50]
 [46]
 [55]
 [52]
 [49]
 [53]
 [53]
 [49]
 [45]
 [49]] 
------------------------ Dataset: Mrs ------------------------
shape: (33, 1), dtype: uint16
Data:[[54]
 [52]
 [49]
 [54]
 [46]
 [48]
 [52]
 [57]
 [56]
 [55]
 [56]
 [45]
 [48]
 [32]
 [54]
 [52]
 [49]
 [54]
 [46]
 [48]
 [53]
 [51]
 [57]
 [49]
 [57]
 [57]
 [57]
 [57]
 [57]
 [57]
 [57]
 [45]
 [49]] 
------------------------ Dataset: Mrt ------------------------
shape: (27, 1), dtype: uint16
Data:[[54]
 [54]
 [48]
 [56]
 [46]
 [49]
 [52]
 [50]
 [48]
 [48]
 [54]
 [45]
 [48]
 [32]
 [54]
 [54]
 [48]
 [56]
 [46]
 [49]
 [52]
 [54]
 [48]
 [57]
 [57]
 [45]
 [49]] 
------------------------ Dataset: Mru ------------------------
shape: (27, 1), dtype: uint16
Data:[[54]
 [54]
 [50]
 [52]
 [46]
 [48]
 [55]
 [48]
 [48]
 [53]
 [57]
 [45]
 [48]
 [32]
 [54]
 [54]
 [50]
 [52]
 [46]
 [48]
 [54]
 [54]
 [49]
 [54]
 [57]
 [45]
 [49]] 
------------------------ Dataset: Mrv ------------------------
shape: (34, 1), dtype: uint16
Data:[[54]
 [54]
 [51]
 [57]
 [46]
 [56]
 [56]
 [54]
 [48]
 [57]
 [55]
 [45]
 [48]
 [32]
 [54]
 [54]
 [51]
 [57]
 [46]
 [56]
 [57]
 [48]
 [49]
 [55]
 [52]
 [57]
 [57]
 [57]
 [57]
 [57]
 [57]
 [53]
 [45]
 [49]] 
------------------------ Dataset: Mrw ------------------------
shape: (27, 1), dtype: uint16
Data:[[54]
 [54]
 [53]
 [53]
 [46]
 [53]
 [48]
 [54]
 [49]
 [50]
 [56]
 [45]
 [48]
 [32]
 [54]
 [54]
 [53]
 [53]
 [46]
 [53]
 [49]
 [48]
 [48]
 [57]
 [54]
 [45]
 [49]] 
------------------------ Dataset: Mrx ------------------------
shape: (39, 1), dtype: uint16
Data:[[54]
 [54]
 [55]
 [49]
 [46]
 [52]
 [48]
 [50]
 [49]
 [50]
 [54]
 [57]
 [57]
 [57]
 [57]
 [57]
 [57]
 [45]
 [48]
 [32]
 [54]
 [54]
 [55]
 [49]
 [46]
 [51]
 [57]
 [56]
 [49]
 [51]
 [54]
 [57]
 [57]
 [57]
 [57]
 [57]
 [57]
 [45]
 [49]] 
------------------------ Dataset: Mry ------------------------
shape: (33, 1), dtype: uint16
Data:[[54]
 [54]
 [56]
 [55]
 [46]
 [51]
 [48]
 [55]
 [53]
 [53]
 [51]
 [45]
 [48]
 [32]
 [54]
 [54]
 [56]
 [55]
 [46]
 [51]
 [48]
 [51]
 [50]
 [57]
 [56]
 [57]
 [57]
 [57]
 [57]
 [57]
 [57]
 [45]
 [49]] 
------------------------ Dataset: Mrz ------------------------
shape: (34, 1), dtype: uint16
Data:[[53]
 [57]
 [48]
 [53]
 [46]
 [50]
 [50]
 [50]
 [48]
 [49]
 [54]
 [45]
 [48]
 [32]
 [53]
 [57]
 [48]
 [53]
 [46]
 [50]
 [49]
 [55]
 [56]
 [55]
 [55]
 [57]
 [57]
 [57]
 [57]
 [57]
 [57]
 [53]
 [45]
 [49]] 
------------------------ Dataset: Ms ------------------------

shape: (1, 6), dtype: uint32
Data:[[3707764736          2          1          1       1066          1]] 
------------------------ Dataset: Nrb ------------------------
shape: (33, 1), dtype: uint16
Data:[[54]
 [55]
 [54]
 [57]
 [46]
 [48]
 [49]
 [53]
 [51]
 [48]
 [48]
 [57]
 [57]
 [57]
 [57]
 [57]
 [57]
 [45]
 [48]
 [32]
 [54]
 [55]
 [54]
 [57]
 [46]
 [48]
 [49]
 [53]
 [54]
 [49]
 [54]
 [45]
 [49]] 
------------------------ Dataset: Nrc ------------------------
shape: (27, 1), dtype: uint16
Data:[[54]
 [50]
 [56]
 [49]
 [46]
 [56]
 [48]
 [57]
 [50]
 [52]
 [56]
 [45]
 [48]
 [32]
 [54]
 [50]
 [56]
 [49]
 [46]
 [55]
 [57]
 [55]
 [53]
 [50]
 [50]
 [45]
 [49]] 
------------------------ Dataset: Nrd ------------------------
shape: (27, 1), dtype: uint16
Data:[[54]
 [50]
 [57]
 [55]
 [46]
 [53]
 [54]
 [53]
 [51]
 [54]
 [57]
 [45]
 [48]
 [32]
 [54]
 [50]
 [57]
 [55]
 [46]
 [53]
 [54]
 [56]
 [57]
 [57]
 [51]
 [45]
 [49]] 
------------------------ Dataset: Nre ------------------------
shape: (27, 1), dtype: uint16
Data:[[54]
 [51]
 [49]
 [51]
 [46]
 [52]
 [52]
 [56]
 [50]
 [53]
 [52]
 [45]
 [48]
 [32]
 [54]
 [51]
 [49]
 [51]
 [46]
 [52]
 [51]
 [55]
 [57]
 [49]
 [51]
 [45]
 [49]] 
------------------------ Dataset: Nrf ------------------------
shape: (13, 1), dtype: uint16
Data:[[54]
 [51]
 [50]
 [57]
 [46]
 [50]
 [55]
 [51]
 [56]
 [56]
 [53]
 [45]
 [48]] 
------------------------ Dataset: Nrg ------------------------
shape: (41, 1), dtype: uint16
Data:[[54]
 [51]
 [52]
 [53]
 [46]
 [49]
 [48]
 [53]
 [56]
 [56]
 [56]
 [57]
 [57]
 [57]
 [57]
 [57]
 [57]
 [53]
 [45]
 [48]
 [32]
 [54]
 [51]
 [52]
 [53]
 [46]
 [49]
 [48]
 [49]
 [57]
 [49]
 [50]
 [57]
 [57]
 [57]
 [57]
 [57]
 [57]
 [53]
 [45]
 [49]] 
------------------------ Dataset: Nrh ------------------------
shape: (27, 1), dtype: uint16
Data:[[54]
 [53]
 [49]
 [48]
 [46]
 [49]
 [56]
 [57]
 [57]
 [55]
 [54]
 [45]
 [48]
 [32]
 [54]
 [53]
 [49]
 [48]
 [46]
 [49]
 [57]
 [52]
 [50]
 [57]
 [52]
 [45]
 [49]] 
------------------------ Dataset: Nri ------------------------
shape: (33, 1), dtype: uint16
Data:[[54]
 [53]
 [50]
 [54]
 [46]
 [48]
 [48]
 [54]
 [55]
 [56]
 [54]
 [57]
 [57]
 [57]
 [57]
 [57]
 [57]
 [45]
 [48]
 [32]
 [54]
 [53]
 [50]
 [54]
 [46]
 [48]
 [48]
 [50]
 [48]
 [53]
 [52]
 [45]
 [49]] 
------------------------ Dataset: Nrj ------------------------
shape: (34, 1), dtype: uint16
Data:[[54]
 [48]
 [50]
 [49]
 [46]
 [54]
 [48]
 [50]
 [48]
 [49]
 [49]
 [45]
 [48]
 [32]
 [54]
 [48]
 [50]
 [49]
 [46]
 [53]
 [57]
 [55]
 [55]
 [56]
 [56]
 [57]
 [57]
 [57]
 [57]
 [57]
 [57]
 [53]
 [45]
 [49]] 
------------------------ Dataset: Nrk ------------------------
shape: (27, 1), dtype: uint16
Data:[[54]
 [48]
 [51]
 [55]
 [46]
 [52]
 [48]
 [48]
 [55]
 [55]
 [53]
 [45]
 [48]
 [32]
 [54]
 [48]
 [51]
 [55]
 [46]
 [51]
 [57]
 [48]
 [48]
 [50]
 [53]
 [45]
 [49]] 
------------------------ Dataset: Nrl ------------------------
shape: (26, 1), dtype: uint16
Data:[[54]
 [48]
 [53]
 [50]
 [46]
 [57]
 [57]
 [57]
 [55]
 [48]
 [54]
 [45]
 [48]
 [32]
 [54]
 [48]
 [53]
 [51]
 [46]
 [48]
 [48]
 [53]
 [51]
 [51]
 [45]
 [49]] 
------------------------ Dataset: Nrm ------------------------
shape: (33, 1), dtype: uint16
Data:[[54]
 [48]
 [54]
 [56]
 [46]
 [57]
 [49]
 [56]
 [48]
 [53]
 [50]
 [57]
 [57]
 [57]
 [57]
 [57]
 [57]
 [45]
 [48]
 [32]
 [54]
 [48]
 [54]
 [56]
 [46]
 [57]
 [50]
 [50]
 [50]
 [54]
 [55]
 [45]
 [49]] 
------------------------ Dataset: Nrn ------------------------
shape: (33, 1), dtype: uint16
Data:[[54]
 [48]
 [56]
 [52]
 [46]
 [56]
 [52]
 [50]
 [52]
 [57]
 [53]
 [45]
 [48]
 [32]
 [54]
 [48]
 [56]
 [52]
 [46]
 [56]
 [51]
 [53]
 [54]
 [48]
 [55]
 [57]
 [57]
 [57]
 [57]
 [57]
 [57]
 [45]
 [49]] 
------------------------ Dataset: Nro ------------------------
shape: (34, 1), dtype: uint16
Data:[[53]
 [54]
 [52]
 [53]
 [46]
 [53]
 [49]
 [55]
 [53]
 [55]
 [55]
 [45]
 [48]
 [32]
 [53]
 [54]
 [52]
 [53]
 [46]
 [53]
 [49]
 [51]
 [53]
 [56]
 [54]
 [57]
 [57]
 [57]
 [57]
 [57]
 [57]
 [53]
 [45]
 [49]] 
------------------------ Dataset: Nrp ------------------------
shape: (33, 1), dtype: uint16
Data:[[53]
 [54]
 [54]
 [49]
 [46]
 [50]
 [54]
 [57]
 [53]
 [49]
 [53]
 [45]
 [48]
 [32]
 [53]
 [54]
 [54]
 [49]
 [46]
 [50]
 [55]
 [51]
 [54]
 [57]
 [56]
 [57]
 [57]
 [57]
 [57]
 [57]
 [57]
 [45]
 [49]] 
------------------------ Dataset: Nrq ------------------------
shape: (27, 1), dtype: uint16
Data:[[53]
 [54]
 [55]
 [54]
 [46]
 [57]
 [55]
 [51]
 [55]
 [51]
 [56]
 [45]
 [48]
 [32]
 [53]
 [54]
 [55]
 [54]
 [46]
 [57]
 [54]
 [57]
 [54]
 [48]
 [55]
 [45]
 [49]] 
------------------------ Dataset: Nrr ------------------------
shape: (27, 1), dtype: uint16
Data:[[53]
 [54]
 [57]
 [50]
 [46]
 [55]
 [52]
 [53]
 [57]
 [54]
 [55]
 [45]
 [48]
 [32]
 [53]
 [54]
 [57]
 [50]
 [46]
 [55]
 [53]
 [51]
 [53]
 [48]
 [51]
 [45]
 [49]] 
------------------------ Dataset: Nrs ------------------------
shape: (33, 1), dtype: uint16
Data:[[54]
 [52]
 [49]
 [54]
 [46]
 [48]
 [53]
 [56]
 [50]
 [54]
 [56]
 [45]
 [48]
 [32]
 [54]
 [52]
 [49]
 [54]
 [46]
 [48]
 [53]
 [51]
 [57]
 [49]
 [57]
 [57]
 [57]
 [57]
 [57]
 [57]
 [57]
 [45]
 [49]] 
------------------------ Dataset: Nrt ------------------------
shape: (27, 1), dtype: uint16
Data:[[54]
 [54]
 [48]
 [56]
 [46]
 [49]
 [53]
 [48]
 [49]
 [50]
 [54]
 [45]
 [48]
 [32]
 [54]
 [54]
 [48]
 [56]
 [46]
 [49]
 [52]
 [54]
 [48]
 [57]
 [57]
 [45]
 [49]] 
------------------------ Dataset: Nru ------------------------
shape: (27, 1), dtype: uint16
Data:[[54]
 [54]
 [50]
 [52]
 [46]
 [48]
 [55]
 [48]
 [48]
 [53]
 [57]
 [45]
 [48]
 [32]
 [54]
 [54]
 [50]
 [52]
 [46]
 [48]
 [55]
 [52]
 [48]
 [49]
 [50]
 [45]
 [49]] 
------------------------ Dataset: Nrv ------------------------
shape: (34, 1), dtype: uint16
Data:[[54]
 [54]
 [51]
 [57]
 [46]
 [56]
 [57]
 [52]
 [48]
 [56]
 [56]
 [45]
 [48]
 [32]
 [54]
 [54]
 [51]
 [57]
 [46]
 [56]
 [57]
 [48]
 [49]
 [55]
 [52]
 [57]
 [57]
 [57]
 [57]
 [57]
 [57]
 [53]
 [45]
 [49]] 
------------------------ Dataset: Nrw ------------------------
shape: (33, 1), dtype: uint16
Data:[[54]
 [54]
 [53]
 [53]
 [46]
 [53]
 [49]
 [54]
 [48]
 [55]
 [57]
 [57]
 [57]
 [57]
 [57]
 [57]
 [57]
 [45]
 [48]
 [32]
 [54]
 [54]
 [53]
 [53]
 [46]
 [53]
 [49]
 [48]
 [48]
 [57]
 [54]
 [45]
 [49]] 
------------------------ Dataset: Nrx ------------------------
shape: (33, 1), dtype: uint16
Data:[[54]
 [54]
 [55]
 [49]
 [46]
 [52]
 [48]
 [50]
 [49]
 [50]
 [54]
 [57]
 [57]
 [57]
 [57]
 [57]
 [57]
 [45]
 [48]
 [32]
 [54]
 [54]
 [55]
 [49]
 [46]
 [52]
 [48]
 [54]
 [48]
 [55]
 [53]
 [45]
 [49]] 
------------------------ Dataset: Nry ------------------------
shape: (34, 1), dtype: uint16
Data:[[54]
 [54]
 [56]
 [55]
 [46]
 [51]
 [48]
 [55]
 [53]
 [53]
 [51]
 [45]
 [48]
 [32]
 [54]
 [54]
 [56]
 [55]
 [46]
 [51]
 [49]
 [52]
 [50]
 [52]
 [49]
 [57]
 [57]
 [57]
 [57]
 [57]
 [57]
 [53]
 [45]
 [49]] 
------------------------ Dataset: Nrz ------------------------
shape: (33, 1), dtype: uint16
Data:[[53]
 [57]
 [48]
 [53]
 [46]
 [50]
 [50]
 [50]
 [48]
 [49]
 [54]
 [45]
 [48]
 [32]
 [53]
 [57]
 [48]
 [53]
 [46]
 [50]
 [50]
 [53]
 [56]
 [48]
 [50]
 [57]
 [57]
 [57]
 [57]
 [57]
 [57]
 [45]
 [49]] 
------------------------ Dataset: Ns ------------------------

shape: (1, 6), dtype: uint32
Data:[[3707764736          2          1          1       1067          1]] 
------------------------ Dataset: Orb ------------------------
shape: (33, 1), dtype: uint16
Data:[[54]
 [55]
 [54]
 [57]
 [46]
 [48]
 [50]
 [50]
 [51]
 [52]
 [49]
 [57]
 [57]
 [57]
 [57]
 [57]
 [57]
 [45]
 [48]
 [32]
 [54]
 [55]
 [54]
 [57]
 [46]
 [48]
 [49]
 [53]
 [54]
 [49]
 [54]
 [45]
 [49]] 
------------------------ Dataset: Orc ------------------------
shape: (27, 1), dtype: uint16
Data:[[54]
 [50]
 [56]
 [49]
 [46]
 [56]
 [48]
 [57]
 [50]
 [52]
 [56]
 [45]
 [48]
 [32]
 [54]
 [50]
 [56]
 [49]
 [46]
 [56]
 [48]
 [57]
 [55]
 [50]
 [53]
 [45]
 [49]] 
------------------------ Dataset: Ord ------------------------
shape: (34, 1), dtype: uint16
Data:[[54]
 [50]
 [57]
 [55]
 [46]
 [53]
 [55]
 [48]
 [49]
 [54]
 [53]
 [57]
 [57]
 [57]
 [57]
 [57]
 [57]
 [53]
 [45]
 [48]
 [32]
 [54]
 [50]
 [57]
 [55]
 [46]
 [53]
 [54]
 [56]
 [57]
 [57]
 [51]
 [45]
 [49]] 
------------------------ Dataset: Ore ------------------------
shape: (27, 1), dtype: uint16
Data:[[54]
 [51]
 [49]
 [51]
 [46]
 [52]
 [52]
 [56]
 [50]
 [53]
 [52]
 [45]
 [48]
 [32]
 [54]
 [51]
 [49]
 [51]
 [46]
 [52]
 [52]
 [56]
 [54]
 [51]
 [50]
 [45]
 [49]] 
------------------------ Dataset: Orf ------------------------
shape: (20, 1), dtype: uint16
Data:[[54]
 [51]
 [50]
 [57]
 [46]
 [50]
 [56]
 [49]
 [49]
 [50]
 [52]
 [57]
 [57]
 [57]
 [57]
 [57]
 [57]
 [53]
 [45]
 [49]] 
------------------------ Dataset: Org ------------------------
shape: (34, 1), dtype: uint16
Data:[[54]
 [51]
 [52]
 [53]
 [46]
 [49]
 [48]
 [53]
 [56]
 [56]
 [56]
 [57]
 [57]
 [57]
 [57]
 [57]
 [57]
 [53]
 [45]
 [48]
 [32]
 [54]
 [51]
 [52]
 [53]
 [46]
 [49]
 [48]
 [57]
 [57]
 [52]
 [55]
 [45]
 [49]] 
------------------------ Dataset: Orh ------------------------
shape: (27, 1), dtype: uint16
Data:[[54]
 [53]
 [49]
 [48]
 [46]
 [49]
 [57]
 [56]
 [48]
 [52]
 [52]
 [45]
 [48]
 [32]
 [54]
 [53]
 [49]
 [48]
 [46]
 [49]
 [57]
 [52]
 [50]
 [57]
 [52]
 [45]
 [49]] 
------------------------ Dataset: Ori ------------------------
shape: (33, 1), dtype: uint16
Data:[[54]
 [53]
 [50]
 [54]
 [46]
 [48]
 [48]
 [54]
 [55]
 [56]
 [54]
 [57]
 [57]
 [57]
 [57]
 [57]
 [57]
 [45]
 [48]
 [32]
 [54]
 [53]
 [50]
 [54]
 [46]
 [48]
 [49]
 [50]
 [52]
 [52]
 [49]
 [45]
 [49]] 
------------------------ Dataset: Orj ------------------------
shape: (27, 1), dtype: uint16
Data:[[54]
 [48]
 [50]
 [49]
 [46]
 [54]
 [48]
 [50]
 [48]
 [49]
 [49]
 [45]
 [48]
 [32]
 [54]
 [48]
 [50]
 [49]
 [46]
 [54]
 [48]
 [53]
 [56]
 [49]
 [55]
 [45]
 [49]] 
------------------------ Dataset: Ork ------------------------
shape: (27, 1), dtype: uint16
Data:[[54]
 [48]
 [51]
 [55]
 [46]
 [52]
 [48]
 [48]
 [55]
 [55]
 [53]
 [45]
 [48]
 [32]
 [54]
 [48]
 [51]
 [55]
 [46]
 [52]
 [48]
 [48]
 [56]
 [55]
 [49]
 [45]
 [49]] 
------------------------ Dataset: Orl ------------------------
shape: (12, 1), dtype: uint16
Data:[[54]
 [48]
 [53]
 [51]
 [46]
 [48]
 [48]
 [53]
 [51]
 [51]
 [45]
 [49]] 
------------------------ Dataset: Orm ------------------------
shape: (27, 1), dtype: uint16
Data:[[54]
 [48]
 [54]
 [56]
 [46]
 [57]
 [50]
 [54]
 [48]
 [49]
 [55]
 [45]
 [48]
 [32]
 [54]
 [48]
 [54]
 [56]
 [46]
 [57]
 [50]
 [50]
 [50]
 [54]
 [55]
 [45]
 [49]] 
------------------------ Dataset: Orn ------------------------
shape: (27, 1), dtype: uint16
Data:[[54]
 [48]
 [56]
 [52]
 [46]
 [56]
 [52]
 [50]
 [52]
 [57]
 [53]
 [45]
 [48]
 [32]
 [54]
 [48]
 [56]
 [52]
 [46]
 [56]
 [52]
 [54]
 [50]
 [57]
 [51]
 [45]
 [49]] 
------------------------ Dataset: Oro ------------------------
shape: (27, 1), dtype: uint16
Data:[[53]
 [54]
 [52]
 [53]
 [46]
 [53]
 [49]
 [55]
 [53]
 [55]
 [55]
 [45]
 [48]
 [32]
 [53]
 [54]
 [52]
 [53]
 [46]
 [53]
 [50]
 [49]
 [54]
 [54]
 [54]
 [45]
 [49]] 
------------------------ Dataset: Orp ------------------------
shape: (33, 1), dtype: uint16
Data:[[53]
 [54]
 [54]
 [49]
 [46]
 [50]
 [55]
 [55]
 [53]
 [57]
 [56]
 [45]
 [48]
 [32]
 [53]
 [54]
 [54]
 [49]
 [46]
 [50]
 [55]
 [51]
 [54]
 [57]
 [56]
 [57]
 [57]
 [57]
 [57]
 [57]
 [57]
 [45]
 [49]] 
------------------------ Dataset: Orq ------------------------
shape: (26, 1), dtype: uint16
Data:[[53]
 [54]
 [55]
 [54]
 [46]
 [57]
 [55]
 [51]
 [55]
 [51]
 [56]
 [45]
 [48]
 [32]
 [53]
 [54]
 [55]
 [54]
 [46]
 [57]
 [55]
 [55]
 [55]
 [54]
 [45]
 [49]] 
------------------------ Dataset: Orr ------------------------
shape: (27, 1), dtype: uint16
Data:[[53]
 [54]
 [57]
 [50]
 [46]
 [55]
 [53]
 [51]
 [53]
 [48]
 [53]
 [45]
 [48]
 [32]
 [53]
 [54]
 [57]
 [50]
 [46]
 [55]
 [53]
 [51]
 [53]
 [48]
 [51]
 [45]
 [49]] 
------------------------ Dataset: Ors ------------------------
shape: (27, 1), dtype: uint16
Data:[[54]
 [52]
 [49]
 [54]
 [46]
 [48]
 [53]
 [56]
 [50]
 [54]
 [56]
 [45]
 [48]
 [32]
 [54]
 [52]
 [49]
 [54]
 [46]
 [48]
 [54]
 [53]
 [48]
 [52]
 [57]
 [45]
 [49]] 
------------------------ Dataset: Ort ------------------------
shape: (27, 1), dtype: uint16
Data:[[54]
 [54]
 [48]
 [56]
 [46]
 [49]
 [53]
 [48]
 [49]
 [50]
 [54]
 [45]
 [48]
 [32]
 [54]
 [54]
 [48]
 [56]
 [46]
 [49]
 [53]
 [51]
 [57]
 [54]
 [54]
 [45]
 [49]] 
------------------------ Dataset: Oru ------------------------
shape: (27, 1), dtype: uint16
Data:[[54]
 [54]
 [50]
 [52]
 [46]
 [48]
 [55]
 [56]
 [48]
 [53]
 [52]
 [45]
 [48]
 [32]
 [54]
 [54]
 [50]
 [52]
 [46]
 [48]
 [55]
 [52]
 [48]
 [49]
 [50]
 [45]
 [49]] 
------------------------ Dataset: Orv ------------------------
shape: (33, 1), dtype: uint16
Data:[[54]
 [54]
 [51]
 [57]
 [46]
 [56]
 [57]
 [52]
 [48]
 [56]
 [56]
 [45]
 [48]
 [32]
 [54]
 [54]
 [51]
 [57]
 [46]
 [56]
 [57]
 [56]
 [49]
 [52]
 [50]
 [57]
 [57]
 [57]
 [57]
 [57]
 [57]
 [45]
 [49]] 
------------------------ Dataset: Orw ------------------------
shape: (39, 1), dtype: uint16
Data:[[54]
 [54]
 [53]
 [53]
 [46]
 [53]
 [49]
 [54]
 [48]
 [55]
 [57]
 [57]
 [57]
 [57]
 [57]
 [57]
 [57]
 [45]
 [48]
 [32]
 [54]
 [54]
 [53]
 [53]
 [46]
 [53]
 [49]
 [56]
 [52]
 [53]
 [49]
 [57]
 [57]
 [57]
 [57]
 [57]
 [57]
 [45]
 [49]] 
------------------------ Dataset: Orx ------------------------
shape: (27, 1), dtype: uint16
Data:[[54]
 [54]
 [55]
 [49]
 [46]
 [52]
 [49]
 [48]
 [48]
 [57]
 [54]
 [45]
 [48]
 [32]
 [54]
 [54]
 [55]
 [49]
 [46]
 [52]
 [48]
 [54]
 [48]
 [55]
 [53]
 [45]
 [49]] 
------------------------ Dataset: Ory ------------------------
shape: (34, 1), dtype: uint16
Data:[[54]
 [54]
 [56]
 [55]
 [46]
 [51]
 [49]
 [57]
 [48]
 [56]
 [55]
 [45]
 [48]
 [32]
 [54]
 [54]
 [56]
 [55]
 [46]
 [51]
 [49]
 [52]
 [50]
 [52]
 [49]
 [57]
 [57]
 [57]
 [57]
 [57]
 [57]
 [53]
 [45]
 [49]] 
------------------------ Dataset: Orz ------------------------
shape: (39, 1), dtype: uint16
Data:[[53]
 [57]
 [48]
 [53]
 [46]
 [50]
 [50]
 [57]
 [56]
 [56]
 [51]
 [57]
 [57]
 [57]
 [57]
 [57]
 [57]
 [45]
 [48]
 [32]
 [53]
 [57]
 [48]
 [53]
 [46]
 [50]
 [50]
 [53]
 [56]
 [48]
 [50]
 [57]
 [57]
 [57]
 [57]
 [57]
 [57]
 [45]
 [49]] 
------------------------ Dataset: Os ------------------------

shape: (1, 6), dtype: uint32
Data:[[3707764736          2          1          1       1068          1]] 
------------------------ Dataset: Prb ------------------------
shape: (33, 1), dtype: uint16
Data:[[54]
 [55]
 [54]
 [57]
 [46]
 [48]
 [50]
 [50]
 [51]
 [52]
 [49]
 [57]
 [57]
 [57]
 [57]
 [57]
 [57]
 [45]
 [48]
 [32]
 [54]
 [55]
 [54]
 [57]
 [46]
 [48]
 [49]
 [57]
 [50]
 [54]
 [56]
 [45]
 [49]] 
------------------------ Dataset: Prc ------------------------
shape: (34, 1), dtype: uint16
Data:[[54]
 [50]
 [56]
 [49]
 [46]
 [56]
 [49]
 [54]
 [52]
 [55]
 [57]
 [57]
 [57]
 [57]
 [57]
 [57]
 [57]
 [53]
 [45]
 [48]
 [32]
 [54]
 [50]
 [56]
 [49]
 [46]
 [56]
 [48]
 [57]
 [55]
 [50]
 [53]
 [45]
 [49]] 
------------------------ Dataset: Prd ------------------------
shape: (34, 1), dtype: uint16
Data:[[54]
 [50]
 [57]
 [55]
 [46]
 [53]
 [55]
 [48]
 [49]
 [54]
 [53]
 [57]
 [57]
 [57]
 [57]
 [57]
 [57]
 [53]
 [45]
 [48]
 [32]
 [54]
 [50]
 [57]
 [55]
 [46]
 [53]
 [55]
 [51]
 [56]
 [54]
 [57]
 [45]
 [49]] 
------------------------ Dataset: Pre ------------------------
shape: (26, 1), dtype: uint16
Data:[[54]
 [51]
 [49]
 [51]
 [46]
 [52]
 [53]
 [49]
 [57]
 [49]
 [45]
 [48]
 [32]
 [54]
 [51]
 [49]
 [51]
 [46]
 [52]
 [52]
 [56]
 [54]
 [51]
 [50]
 [45]
 [49]] 
------------------------ Dataset: Prf ------------------------
shape: (13, 1), dtype: uint16
Data:[[54]
 [51]
 [50]
 [57]
 [46]
 [50]
 [56]
 [50]
 [48]
 [50]
 [51]
 [45]
 [48]] 
------------------------ Dataset: Prg ------------------------
shape: (33, 1), dtype: uint16
Data:[[54]
 [51]
 [52]
 [53]
 [46]
 [49]
 [49]
 [57]
 [56]
 [48]
 [49]
 [57]
 [57]
 [57]
 [57]
 [57]
 [57]
 [45]
 [48]
 [32]
 [54]
 [51]
 [52]
 [53]
 [46]
 [49]
 [48]
 [57]
 [57]
 [52]
 [55]
 [45]
 [49]] 
------------------------ Dataset: Prh ------------------------
shape: (27, 1), dtype: uint16
Data:[[54]
 [53]
 [49]
 [48]
 [46]
 [49]
 [57]
 [56]
 [48]
 [52]
 [52]
 [45]
 [48]
 [32]
 [54]
 [53]
 [49]
 [48]
 [46]
 [50]
 [48]
 [50]
 [49]
 [51]
 [54]
 [45]
 [49]] 
------------------------ Dataset: Pri ------------------------
shape: (33, 1), dtype: uint16
Data:[[54]
 [53]
 [50]
 [54]
 [46]
 [48]
 [49]
 [52]
 [52]
 [55]
 [53]
 [57]
 [57]
 [57]
 [57]
 [57]
 [57]
 [45]
 [48]
 [32]
 [54]
 [53]
 [50]
 [54]
 [46]
 [48]
 [49]
 [50]
 [52]
 [52]
 [49]
 [45]
 [49]] 
------------------------ Dataset: Prj ------------------------
shape: (33, 1), dtype: uint16
Data:[[54]
 [48]
 [50]
 [49]
 [46]
 [54]
 [48]
 [57]
 [56]
 [53]
 [56]
 [57]
 [57]
 [57]
 [57]
 [57]
 [57]
 [45]
 [48]
 [32]
 [54]
 [48]
 [50]
 [49]
 [46]
 [54]
 [48]
 [53]
 [56]
 [49]
 [55]
 [45]
 [49]] 
------------------------ Dataset: Prk ------------------------
shape: (27, 1), dtype: uint16
Data:[[54]
 [48]
 [51]
 [55]
 [46]
 [52]
 [48]
 [51]
 [57]
 [53]
 [53]
 [45]
 [48]
 [32]
 [54]
 [48]
 [51]
 [55]
 [46]
 [52]
 [48]
 [48]
 [56]
 [55]
 [49]
 [45]
 [49]] 
------------------------ Dataset: Prl ------------------------
shape: (33, 1), dtype: uint16
Data:[[54]
 [48]
 [53]
 [51]
 [46]
 [48]
 [51]
 [51]
 [54]
 [56]
 [55]
 [45]
 [48]
 [32]
 [54]
 [48]
 [53]
 [51]
 [46]
 [48]
 [51]
 [51]
 [52]
 [56]
 [53]
 [57]
 [57]
 [57]
 [57]
 [57]
 [57]
 [45]
 [49]] 
------------------------ Dataset: Prm ------------------------
shape: (27, 1), dtype: uint16
Data:[[54]
 [48]
 [54]
 [56]
 [46]
 [57]
 [50]
 [54]
 [48]
 [49]
 [55]
 [45]
 [48]
 [32]
 [54]
 [48]
 [54]
 [56]
 [46]
 [57]
 [50]
 [57]
 [57]
 [54]
 [55]
 [45]
 [49]] 
------------------------ Dataset: Prn ------------------------
shape: (27, 1), dtype: uint16
Data:[[54]
 [48]
 [56]
 [52]
 [46]
 [56]
 [54]
 [48]
 [54]
 [53]
 [49]
 [45]
 [48]
 [32]
 [54]
 [48]
 [56]
 [52]
 [46]
 [56]
 [52]
 [54]
 [50]
 [57]
 [51]
 [45]
 [49]] 
------------------------ Dataset: Pro ------------------------
shape: (34, 1), dtype: uint16
Data:[[53]
 [54]
 [52]
 [53]
 [46]
 [53]
 [50]
 [53]
 [54]
 [53]
 [52]
 [57]
 [57]
 [57]
 [57]
 [57]
 [57]
 [53]
 [45]
 [48]
 [32]
 [53]
 [54]
 [52]
 [53]
 [46]
 [53]
 [50]
 [49]
 [54]
 [54]
 [54]
 [45]
 [49]] 
------------------------ Dataset: Prp ------------------------
shape: (27, 1), dtype: uint16
Data:[[53]
 [54]
 [54]
 [49]
 [46]
 [50]
 [55]
 [55]
 [53]
 [57]
 [56]
 [45]
 [48]
 [32]
 [53]
 [54]
 [54]
 [49]
 [46]
 [50]
 [56]
 [49]
 [54]
 [50]
 [54]
 [45]
 [49]] 
------------------------ Dataset: Prq ------------------------
shape: (32, 1), dtype: uint16
Data:[[53]
 [54]
 [55]
 [54]
 [46]
 [57]
 [56]
 [49]
 [54]
 [53]
 [51]
 [57]
 [57]
 [57]
 [57]
 [57]
 [57]
 [45]
 [48]
 [32]
 [53]
 [54]
 [55]
 [54]
 [46]
 [57]
 [55]
 [55]
 [55]
 [54]
 [45]
 [49]] 
------------------------ Dataset: Prr ------------------------
shape: (27, 1), dtype: uint16
Data:[[53]
 [54]
 [57]
 [50]
 [46]
 [55]
 [53]
 [51]
 [53]
 [48]
 [53]
 [45]
 [48]
 [32]
 [53]
 [54]
 [57]
 [50]
 [46]
 [55]
 [54]
 [49]
 [53]
 [50]
 [51]
 [45]
 [49]] 
------------------------ Dataset: Prs ------------------------
shape: (34, 1), dtype: uint16
Data:[[54]
 [52]
 [49]
 [54]
 [46]
 [48]
 [54]
 [53]
 [56]
 [56]
 [48]
 [57]
 [57]
 [57]
 [57]
 [57]
 [57]
 [53]
 [45]
 [48]
 [32]
 [54]
 [52]
 [49]
 [54]
 [46]
 [48]
 [54]
 [53]
 [48]
 [52]
 [57]
 [45]
 [49]] 
------------------------ Dataset: Prt ------------------------
shape: (27, 1), dtype: uint16
Data:[[54]
 [54]
 [48]
 [56]
 [46]
 [49]
 [53]
 [55]
 [57]
 [53]
 [57]
 [45]
 [48]
 [32]
 [54]
 [54]
 [48]
 [56]
 [46]
 [49]
 [53]
 [51]
 [57]
 [54]
 [54]
 [45]
 [49]] 
------------------------ Dataset: Pru ------------------------
shape: (27, 1), dtype: uint16
Data:[[54]
 [54]
 [50]
 [52]
 [46]
 [48]
 [55]
 [56]
 [48]
 [53]
 [52]
 [45]
 [48]
 [32]
 [54]
 [54]
 [50]
 [52]
 [46]
 [48]
 [56]
 [50]
 [48]
 [49]
 [52]
 [45]
 [49]] 
------------------------ Dataset: Prv ------------------------
shape: (33, 1), dtype: uint16
Data:[[54]
 [54]
 [51]
 [57]
 [46]
 [57]
 [48]
 [50]
 [49]
 [51]
 [49]
 [45]
 [48]
 [32]
 [54]
 [54]
 [51]
 [57]
 [46]
 [56]
 [57]
 [56]
 [49]
 [52]
 [50]
 [57]
 [57]
 [57]
 [57]
 [57]
 [57]
 [45]
 [49]] 
------------------------ Dataset: Prw ------------------------
shape: (39, 1), dtype: uint16
Data:[[54]
 [54]
 [53]
 [53]
 [46]
 [53]
 [50]
 [50]
 [48]
 [53]
 [54]
 [57]
 [57]
 [57]
 [57]
 [57]
 [57]
 [45]
 [48]
 [32]
 [54]
 [54]
 [53]
 [53]
 [46]
 [53]
 [49]
 [56]
 [52]
 [53]
 [49]
 [57]
 [57]
 [57]
 [57]
 [57]
 [57]
 [45]
 [49]] 
------------------------ Dataset: Prx ------------------------
shape: (27, 1), dtype: uint16
Data:[[54]
 [54]
 [55]
 [49]
 [46]
 [52]
 [49]
 [48]
 [48]
 [57]
 [54]
 [45]
 [48]
 [32]
 [54]
 [54]
 [55]
 [49]
 [46]
 [52]
 [49]
 [52]
 [49]
 [50]
 [51]
 [45]
 [49]] 
------------------------ Dataset: Pry ------------------------
shape: (13, 1), dtype: uint16
Data:[[54]
 [54]
 [56]
 [55]
 [46]
 [51]
 [49]
 [57]
 [48]
 [56]
 [55]
 [45]
 [48]] 
------------------------ Dataset: Prz ------------------------
shape: (33, 1), dtype: uint16
Data:[[53]
 [57]
 [48]
 [53]
 [46]
 [50]
 [50]
 [57]
 [56]
 [56]
 [51]
 [57]
 [57]
 [57]
 [57]
 [57]
 [57]
 [45]
 [48]
 [32]
 [53]
 [57]
 [48]
 [53]
 [46]
 [50]
 [51]
 [51]
 [56]
 [53]
 [57]
 [45]
 [49]] 
------------------------ Dataset: Ps ------------------------

shape: (1, 6), dtype: uint32
Data:[[3707764736          2          1          1       1069          1]] 
------------------------ Dataset: Qrb ------------------------
shape: (33, 1), dtype: uint16
Data:[[54]
 [55]
 [54]
 [57]
 [46]
 [48]
 [50]
 [50]
 [51]
 [52]
 [49]
 [57]
 [57]
 [57]
 [57]
 [57]
 [57]
 [45]
 [48]
 [32]
 [54]
 [55]
 [54]
 [57]
 [46]
 [48]
 [50]
 [54]
 [49]
 [52]
 [55]
 [45]
 [49]] 
------------------------ Dataset: Qrc ------------------------
shape: (34, 1), dtype: uint16
Data:[[54]
 [50]
 [56]
 [49]
 [46]
 [56]
 [49]
 [54]
 [52]
 [55]
 [57]
 [57]
 [57]
 [57]
 [57]
 [57]
 [57]
 [53]
 [45]
 [48]
 [32]
 [54]
 [50]
 [56]
 [49]
 [46]
 [56]
 [49]
 [55]
 [49]
 [53]
 [56]
 [45]
 [49]] 
------------------------ Dataset: Qrd ------------------------
shape: (27, 1), dtype: uint16
Data:[[54]
 [50]
 [57]
 [55]
 [46]
 [53]
 [55]
 [55]
 [56]
 [55]
 [53]
 [45]
 [48]
 [32]
 [54]
 [50]
 [57]
 [55]
 [46]
 [53]
 [55]
 [51]
 [56]
 [54]
 [57]
 [45]
 [49]] 
------------------------ Dataset: Qre ------------------------
shape: (26, 1), dtype: uint16
Data:[[54]
 [51]
 [49]
 [51]
 [46]
 [52]
 [53]
 [49]
 [57]
 [49]
 [45]
 [48]
 [32]
 [54]
 [51]
 [49]
 [51]
 [46]
 [52]
 [53]
 [52]
 [48]
 [53]
 [52]
 [45]
 [49]] 
------------------------ Dataset: Qrf ------------------------
shape: (20, 1), dtype: uint16
Data:[[54]
 [51]
 [50]
 [57]
 [46]
 [50]
 [56]
 [55]
 [55]
 [56]
 [52]
 [57]
 [57]
 [57]
 [57]
 [57]
 [57]
 [53]
 [45]
 [49]] 
------------------------ Dataset: Qrg ------------------------
shape: (33, 1), dtype: uint16
Data:[[54]
 [51]
 [52]
 [53]
 [46]
 [49]
 [49]
 [57]
 [56]
 [48]
 [49]
 [57]
 [57]
 [57]
 [57]
 [57]
 [57]
 [45]
 [48]
 [32]
 [54]
 [51]
 [52]
 [53]
 [46]
 [49]
 [50]
 [55]
 [48]
 [48]
 [54]
 [45]
 [49]] 
------------------------ Dataset: Qrh ------------------------
shape: (33, 1), dtype: uint16
Data:[[54]
 [53]
 [49]
 [48]
 [46]
 [50]
 [48]
 [54]
 [48]
 [52]
 [50]
 [57]
 [57]
 [57]
 [57]
 [57]
 [57]
 [45]
 [48]
 [32]
 [54]
 [53]
 [49]
 [48]
 [46]
 [50]
 [48]
 [50]
 [49]
 [51]
 [54]
 [45]
 [49]] 
------------------------ Dataset: Qri ------------------------
shape: (39, 1), dtype: uint16
Data:[[54]
 [53]
 [50]
 [54]
 [46]
 [48]
 [49]
 [52]
 [52]
 [55]
 [53]
 [57]
 [57]
 [57]
 [57]
 [57]
 [57]
 [45]
 [48]
 [32]
 [54]
 [53]
 [50]
 [54]
 [46]
 [48]
 [49]
 [57]
 [49]
 [57]
 [48]
 [57]
 [57]
 [57]
 [57]
 [57]
 [57]
 [45]
 [49]] 
------------------------ Dataset: Qrj ------------------------
shape: (33, 1), dtype: uint16
Data:[[54]
 [48]
 [50]
 [49]
 [46]
 [54]
 [48]
 [57]
 [56]
 [53]
 [56]
 [57]
 [57]
 [57]
 [57]
 [57]
 [57]
 [45]
 [48]
 [32]
 [54]
 [48]
 [50]
 [49]
 [46]
 [54]
 [49]
 [52]
 [49]
 [50]
 [53]
 [45]
 [49]] 
------------------------ Dataset: Qrk ------------------------
shape: (34, 1), dtype: uint16
Data:[[54]
 [48]
 [51]
 [55]
 [46]
 [52]
 [48]
 [51]
 [57]
 [53]
 [53]
 [45]
 [48]
 [32]
 [54]
 [48]
 [51]
 [55]
 [46]
 [52]
 [48]
 [53]
 [57]
 [48]
 [57]
 [57]
 [57]
 [57]
 [57]
 [57]
 [57]
 [53]
 [45]
 [49]] 
------------------------ Dataset: Qrl ------------------------
shape: (27, 1), dtype: uint16
Data:[[54]
 [48]
 [53]
 [51]
 [46]
 [48]
 [51]
 [51]
 [54]
 [56]
 [55]
 [45]
 [48]
 [32]
 [54]
 [48]
 [53]
 [51]
 [46]
 [48]
 [52]
 [48]
 [49]
 [51]
 [49]
 [45]
 [49]] 
------------------------ Dataset: Qrm ------------------------
shape: (27, 1), dtype: uint16
Data:[[54]
 [48]
 [54]
 [56]
 [46]
 [57]
 [51]
 [51]
 [56]
 [52]
 [56]
 [45]
 [48]
 [32]
 [54]
 [48]
 [54]
 [56]
 [46]
 [57]
 [50]
 [57]
 [57]
 [54]
 [55]
 [45]
 [49]] 
------------------------ Dataset: Qrn ------------------------
shape: (27, 1), dtype: uint16
Data:[[54]
 [48]
 [56]
 [52]
 [46]
 [56]
 [54]
 [48]
 [54]
 [53]
 [49]
 [45]
 [48]
 [32]
 [54]
 [48]
 [56]
 [52]
 [46]
 [56]
 [53]
 [53]
 [50]
 [53]
 [52]
 [45]
 [49]] 
------------------------ Dataset: Qro ------------------------
shape: (34, 1), dtype: uint16
Data:[[53]
 [54]
 [52]
 [53]
 [46]
 [53]
 [50]
 [53]
 [54]
 [53]
 [52]
 [57]
 [57]
 [57]
 [57]
 [57]
 [57]
 [53]
 [45]
 [48]
 [32]
 [53]
 [54]
 [52]
 [53]
 [46]
 [53]
 [50]
 [57]
 [54]
 [52]
 [53]
 [45]
 [49]] 
------------------------ Dataset: Qrp ------------------------
shape: (33, 1), dtype: uint16
Data:[[53]
 [54]
 [54]
 [49]
 [46]
 [50]
 [56]
 [53]
 [53]
 [56]
 [51]
 [57]
 [57]
 [57]
 [57]
 [57]
 [57]
 [45]
 [48]
 [32]
 [53]
 [54]
 [54]
 [49]
 [46]
 [50]
 [56]
 [49]
 [54]
 [50]
 [54]
 [45]
 [49]] 
------------------------ Dataset: Qrq ------------------------
shape: (33, 1), dtype: uint16
Data:[[53]
 [54]
 [55]
 [54]
 [46]
 [57]
 [56]
 [49]
 [54]
 [53]
 [51]
 [57]
 [57]
 [57]
 [57]
 [57]
 [57]
 [45]
 [48]
 [32]
 [53]
 [54]
 [55]
 [54]
 [46]
 [57]
 [56]
 [53]
 [54]
 [54]
 [52]
 [45]
 [49]] 
------------------------ Dataset: Qrr ------------------------
shape: (27, 1), dtype: uint16
Data:[[53]
 [54]
 [57]
 [50]
 [46]
 [55]
 [54]
 [49]
 [53]
 [50]
 [51]
 [45]
 [48]
 [32]
 [53]
 [54]
 [57]
 [50]
 [46]
 [55]
 [54]
 [49]
 [53]
 [50]
 [51]
 [45]
 [49]] 
------------------------ Dataset: Qrs ------------------------
shape: (33, 1), dtype: uint16
Data:[[54]
 [52]
 [49]
 [54]
 [46]
 [48]
 [54]
 [53]
 [56]
 [56]
 [48]
 [57]
 [57]
 [57]
 [57]
 [57]
 [57]
 [53]
 [45]
 [48]
 [32]
 [54]
 [52]
 [49]
 [54]
 [46]
 [48]
 [54]
 [57]
 [57]
 [54]
 [45]
 [49]] 
------------------------ Dataset: Qrt ------------------------
shape: (27, 1), dtype: uint16
Data:[[54]
 [54]
 [48]
 [56]
 [46]
 [49]
 [53]
 [55]
 [57]
 [53]
 [57]
 [45]
 [48]
 [32]
 [54]
 [54]
 [48]
 [56]
 [46]
 [49]
 [54]
 [50]
 [48]
 [55]
 [49]
 [45]
 [49]] 
------------------------ Dataset: Qru ------------------------
shape: (34, 1), dtype: uint16
Data:[[54]
 [54]
 [50]
 [52]
 [46]
 [48]
 [57]
 [49]
 [49]
 [54]
 [51]
 [57]
 [57]
 [57]
 [57]
 [57]
 [57]
 [53]
 [45]
 [48]
 [32]
 [54]
 [54]
 [50]
 [52]
 [46]
 [48]
 [56]
 [50]
 [48]
 [49]
 [52]
 [45]
 [49]] 
------------------------ Dataset: Qrv ------------------------
shape: (27, 1), dtype: uint16
Data:[[54]
 [54]
 [51]
 [57]
 [46]
 [57]
 [48]
 [50]
 [49]
 [51]
 [49]
 [45]
 [48]
 [32]
 [54]
 [54]
 [51]
 [57]
 [46]
 [57]
 [49]
 [48]
 [54]
 [48]
 [53]
 [45]
 [49]] 
------------------------ Dataset: Qrw ------------------------
shape: (39, 1), dtype: uint16
Data:[[54]
 [54]
 [53]
 [53]
 [46]
 [53]
 [50]
 [50]
 [48]
 [53]
 [54]
 [57]
 [57]
 [57]
 [57]
 [57]
 [57]
 [45]
 [48]
 [32]
 [54]
 [54]
 [53]
 [53]
 [46]
 [53]
 [50]
 [54]
 [50]
 [57]
 [48]
 [57]
 [57]
 [57]
 [57]
 [57]
 [57]
 [45]
 [49]] 
------------------------ Dataset: Qrx ------------------------
shape: (34, 1), dtype: uint16
Data:[[54]
 [54]
 [55]
 [49]
 [46]
 [52]
 [49]
 [56]
 [49]
 [54]
 [53]
 [57]
 [57]
 [57]
 [57]
 [57]
 [57]
 [53]
 [45]
 [48]
 [32]
 [54]
 [54]
 [55]
 [49]
 [46]
 [52]
 [49]
 [52]
 [49]
 [50]
 [51]
 [45]
 [49]] 
------------------------ Dataset: Qry ------------------------
shape: (27, 1), dtype: uint16
Data:[[54]
 [54]
 [56]
 [55]
 [46]
 [51]
 [52]
 [48]
 [54]
 [52]
 [54]
 [45]
 [48]
 [32]
 [54]
 [54]
 [56]
 [55]
 [46]
 [51]
 [52]
 [48]
 [56]
 [48]
 [51]
 [45]
 [49]] 
------------------------ Dataset: Qrz ------------------------
shape: (33, 1), dtype: uint16
Data:[[53]
 [57]
 [48]
 [53]
 [46]
 [50]
 [51]
 [55]
 [56]
 [50]
 [55]
 [57]
 [57]
 [57]
 [57]
 [57]
 [57]
 [45]
 [48]
 [32]
 [53]
 [57]
 [48]
 [53]
 [46]
 [50]
 [51]
 [51]
 [56]
 [53]
 [57]
 [45]
 [49]] 
------------------------ Dataset: Qs ------------------------

shape: (1, 6), dtype: uint32
Data:[[3707764736          2          1          1       1070          1]] 
------------------------ Dataset: Rrb ------------------------
shape: (27, 1), dtype: uint16
Data:[[54]
 [55]
 [54]
 [57]
 [46]
 [48]
 [51]
 [48]
 [50]
 [52]
 [56]
 [45]
 [48]
 [32]
 [54]
 [55]
 [54]
 [57]
 [46]
 [48]
 [50]
 [54]
 [49]
 [52]
 [55]
 [45]
 [49]] 
------------------------ Dataset: Rrc ------------------------
shape: (27, 1), dtype: uint16
Data:[[54]
 [50]
 [56]
 [49]
 [46]
 [56]
 [50]
 [51]
 [48]
 [57]
 [50]
 [45]
 [48]
 [32]
 [54]
 [50]
 [56]
 [49]
 [46]
 [56]
 [49]
 [55]
 [49]
 [53]
 [56]
 [45]
 [49]] 
------------------------ Dataset: Rrd ------------------------
shape: (33, 1), dtype: uint16
Data:[[54]
 [50]
 [57]
 [55]
 [46]
 [53]
 [55]
 [55]
 [56]
 [55]
 [53]
 [45]
 [48]
 [32]
 [54]
 [50]
 [57]
 [55]
 [46]
 [53]
 [56]
 [49]
 [56]
 [49]
 [54]
 [57]
 [57]
 [57]
 [57]
 [57]
 [57]
 [45]
 [49]] 
------------------------ Dataset: Rre ------------------------
shape: (27, 1), dtype: uint16
Data:[[54]
 [51]
 [49]
 [51]
 [46]
 [52]
 [53]
 [55]
 [57]
 [54]
 [56]
 [45]
 [48]
 [32]
 [54]
 [51]
 [49]
 [51]
 [46]
 [52]
 [53]
 [52]
 [48]
 [53]
 [52]
 [45]
 [49]] 
------------------------ Dataset: Rrf ------------------------
shape: (13, 1), dtype: uint16
Data:[[54]
 [51]
 [50]
 [57]
 [46]
 [50]
 [56]
 [57]
 [57]
 [49]
 [51]
 [45]
 [48]] 
------------------------ Dataset: Rrg ------------------------
shape: (27, 1), dtype: uint16
Data:[[54]
 [51]
 [52]
 [53]
 [46]
 [49]
 [50]
 [55]
 [49]
 [50]
 [50]
 [45]
 [48]
 [32]
 [54]
 [51]
 [52]
 [53]
 [46]
 [49]
 [50]
 [55]
 [48]
 [48]
 [54]
 [45]
 [49]] 
------------------------ Dataset: Rrh ------------------------
shape: (33, 1), dtype: uint16
Data:[[54]
 [53]
 [49]
 [48]
 [46]
 [50]
 [48]
 [54]
 [48]
 [52]
 [50]
 [57]
 [57]
 [57]
 [57]
 [57]
 [57]
 [45]
 [48]
 [32]
 [54]
 [53]
 [49]
 [48]
 [46]
 [50]
 [49]
 [48]
 [48]
 [54]
 [55]
 [45]
 [49]] 
------------------------ Dataset: Rri ------------------------
shape: (33, 1), dtype: uint16
Data:[[54]
 [53]
 [50]
 [54]
 [46]
 [48]
 [50]
 [51]
 [48]
 [50]
 [56]
 [45]
 [48]
 [32]
 [54]
 [53]
 [50]
 [54]
 [46]
 [48]
 [49]
 [57]
 [49]
 [57]
 [48]
 [57]
 [57]
 [57]
 [57]
 [57]
 [57]
 [45]
 [49]] 
------------------------ Dataset: Rrj ------------------------
shape: (27, 1), dtype: uint16
Data:[[54]
 [48]
 [50]
 [49]
 [46]
 [54]
 [49]
 [55]
 [55]
 [57]
 [53]
 [45]
 [48]
 [32]
 [54]
 [48]
 [50]
 [49]
 [46]
 [54]
 [49]
 [52]
 [49]
 [50]
 [53]
 [45]
 [49]] 
------------------------ Dataset: Rrk ------------------------
shape: (34, 1), dtype: uint16
Data:[[54]
 [48]
 [51]
 [55]
 [46]
 [52]
 [48]
 [57]
 [55]
 [56]
 [56]
 [45]
 [48]
 [32]
 [54]
 [48]
 [51]
 [55]
 [46]
 [52]
 [48]
 [53]
 [57]
 [48]
 [57]
 [57]
 [57]
 [57]
 [57]
 [57]
 [57]
 [53]
 [45]
 [49]] 
------------------------ Dataset: Rrl ------------------------
shape: (27, 1), dtype: uint16
Data:[[54]
 [48]
 [53]
 [51]
 [46]
 [48]
 [52]
 [49]
 [49]
 [51]
 [54]
 [45]
 [48]
 [32]
 [54]
 [48]
 [53]
 [51]
 [46]
 [48]
 [52]
 [48]
 [49]
 [51]
 [49]
 [45]
 [49]] 
------------------------ Dataset: Rrm ------------------------
shape: (34, 1), dtype: uint16
Data:[[54]
 [48]
 [54]
 [56]
 [46]
 [57]
 [51]
 [51]
 [56]
 [52]
 [56]
 [45]
 [48]
 [32]
 [54]
 [48]
 [54]
 [56]
 [46]
 [57]
 [52]
 [52]
 [53]
 [57]
 [56]
 [57]
 [57]
 [57]
 [57]
 [57]
 [57]
 [53]
 [45]
 [49]] 
------------------------ Dataset: Rrn ------------------------
shape: (34, 1), dtype: uint16
Data:[[54]
 [48]
 [56]
 [52]
 [46]
 [56]
 [54]
 [48]
 [54]
 [53]
 [49]
 [45]
 [48]
 [32]
 [54]
 [48]
 [56]
 [52]
 [46]
 [56]
 [54]
 [51]
 [55]
 [50]
 [50]
 [57]
 [57]
 [57]
 [57]
 [57]
 [57]
 [53]
 [45]
 [49]] 
------------------------ Dataset: Rro ------------------------
shape: (27, 1), dtype: uint16
Data:[[53]
 [54]
 [52]
 [53]
 [46]
 [53]
 [51]
 [51]
 [54]
 [48]
 [54]
 [45]
 [48]
 [32]
 [53]
 [54]
 [52]
 [53]
 [46]
 [53]
 [50]
 [57]
 [54]
 [52]
 [53]
 [45]
 [49]] 
------------------------ Dataset: Rrp ------------------------
shape: (39, 1), dtype: uint16
Data:[[53]
 [54]
 [54]
 [49]
 [46]
 [50]
 [56]
 [53]
 [53]
 [56]
 [51]
 [57]
 [57]
 [57]
 [57]
 [57]
 [57]
 [45]
 [48]
 [32]
 [53]
 [54]
 [54]
 [49]
 [46]
 [50]
 [56]
 [57]
 [53]
 [57]
 [55]
 [57]
 [57]
 [57]
 [57]
 [57]
 [57]
 [45]
 [49]] 
------------------------ Dataset: Rrq ------------------------
shape: (27, 1), dtype: uint16
Data:[[53]
 [54]
 [55]
 [54]
 [46]
 [57]
 [56]
 [57]
 [54]
 [57]
 [50]
 [45]
 [48]
 [32]
 [53]
 [54]
 [55]
 [54]
 [46]
 [57]
 [56]
 [53]
 [54]
 [54]
 [52]
 [45]
 [49]] 
------------------------ Dataset: Rrr ------------------------
shape: (27, 1), dtype: uint16
Data:[[53]
 [54]
 [57]
 [50]
 [46]
 [55]
 [54]
 [49]
 [53]
 [50]
 [51]
 [45]
 [48]
 [32]
 [53]
 [54]
 [57]
 [50]
 [46]
 [55]
 [54]
 [57]
 [52]
 [57]
 [53]
 [45]
 [49]] 
------------------------ Dataset: Rrs ------------------------
shape: (26, 1), dtype: uint16
Data:[[54]
 [52]
 [49]
 [54]
 [46]
 [48]
 [55]
 [51]
 [57]
 [48]
 [49]
 [45]
 [48]
 [32]
 [54]
 [52]
 [49]
 [54]
 [46]
 [48]
 [54]
 [57]
 [57]
 [54]
 [45]
 [49]] 
------------------------ Dataset: Rrt ------------------------
shape: (33, 1), dtype: uint16
Data:[[54]
 [54]
 [48]
 [56]
 [46]
 [49]
 [54]
 [53]
 [57]
 [56]
 [51]
 [57]
 [57]
 [57]
 [57]
 [57]
 [57]
 [45]
 [48]
 [32]
 [54]
 [54]
 [48]
 [56]
 [46]
 [49]
 [54]
 [50]
 [48]
 [55]
 [49]
 [45]
 [49]] 
------------------------ Dataset: Rru ------------------------
shape: (40, 1), dtype: uint16
Data:[[54]
 [54]
 [50]
 [52]
 [46]
 [48]
 [57]
 [49]
 [49]
 [54]
 [51]
 [57]
 [57]
 [57]
 [57]
 [57]
 [57]
 [53]
 [45]
 [48]
 [32]
 [54]
 [54]
 [50]
 [52]
 [46]
 [48]
 [57]
 [49]
 [57]
 [48]
 [52]
 [57]
 [57]
 [57]
 [57]
 [57]
 [57]
 [45]
 [49]] 
------------------------ Dataset: Rrv ------------------------
shape: (27, 1), dtype: uint16
Data:[[54]
 [54]
 [51]
 [57]
 [46]
 [57]
 [49]
 [48]
 [57]
 [55]
 [50]
 [45]
 [48]
 [32]
 [54]
 [54]
 [51]
 [57]
 [46]
 [57]
 [49]
 [48]
 [54]
 [48]
 [53]
 [45]
 [49]] 
------------------------ Dataset: Rrw ------------------------
shape: (29, 1), dtype: uint16
Data:[[54]
 [54]
 [53]
 [53]
 [46]
 [53]
 [51]
 [45]
 [48]
 [32]
 [54]
 [54]
 [53]
 [53]
 [46]
 [53]
 [50]
 [54]
 [50]
 [57]
 [48]
 [57]
 [57]
 [57]
 [57]
 [57]
 [57]
 [45]
 [49]] 
------------------------ Dataset: Rrx ------------------------
shape: (34, 1), dtype: uint16
Data:[[54]
 [54]
 [55]
 [49]
 [46]
 [52]
 [49]
 [56]
 [49]
 [54]
 [53]
 [57]
 [57]
 [57]
 [57]
 [57]
 [57]
 [53]
 [45]
 [48]
 [32]
 [54]
 [54]
 [55]
 [49]
 [46]
 [52]
 [50]
 [50]
 [48]
 [52]
 [55]
 [45]
 [49]] 
------------------------ Dataset: Rry ------------------------
shape: (27, 1), dtype: uint16
Data:[[54]
 [54]
 [56]
 [55]
 [46]
 [51]
 [52]
 [53]
 [55]
 [57]
 [57]
 [45]
 [48]
 [32]
 [54]
 [54]
 [56]
 [55]
 [46]
 [51]
 [52]
 [48]
 [56]
 [48]
 [51]
 [45]
 [49]] 
------------------------ Dataset: Rrz ------------------------
shape: (33, 1), dtype: uint16
Data:[[53]
 [57]
 [48]
 [53]
 [46]
 [50]
 [51]
 [55]
 [56]
 [50]
 [55]
 [57]
 [57]
 [57]
 [57]
 [57]
 [57]
 [45]
 [48]
 [32]
 [53]
 [57]
 [48]
 [53]
 [46]
 [50]
 [52]
 [49]
 [56]
 [49]
 [52]
 [45]
 [49]] 
------------------------ Dataset: Rs ------------------------

