shape: (1, 6), dtype: uint32
Data:[[3707764736          2          1          1        201          1]] 
------------------------ Dataset: vdb ------------------------
shape: (27, 1), dtype: uint16
Data:[[54]
 [55]
 [54]
 [53]
 [46]
 [51]
 [52]
 [50]
 [53]
 [52]
 [57]
 [45]
 [48]
 [32]
 [54]
 [55]
 [54]
 [53]
 [46]
 [51]
 [52]
 [55]
 [48]
 [53]
 [54]
 [45]
 [49]] 
------------------------ Dataset: vdc ------------------------
shape: (27, 1), dtype: uint16
Data:[[54]
 [55]
 [56]
 [49]
 [46]
 [50]
 [48]
 [54]
 [50]
 [51]
 [54]
 [45]
 [48]
 [32]
 [54]
 [55]
 [56]
 [49]
 [46]
 [50]
 [48]
 [50]
 [50]
 [48]
 [53]
 [45]
 [49]] 
------------------------ Dataset: vdd ------------------------
shape: (33, 1), dtype: uint16
Data:[[54]
 [50]
 [57]
 [51]
 [46]
 [57]
 [53]
 [51]
 [57]
 [51]
 [54]
 [45]
 [48]
 [32]
 [54]
 [50]
 [57]
 [51]
 [46]
 [57]
 [53]
 [51]
 [57]
 [52]
 [55]
 [57]
 [57]
 [57]
 [57]
 [57]
 [57]
 [45]
 [49]] 
------------------------ Dataset: vde ------------------------
shape: (33, 1), dtype: uint16
Data:[[54]
 [51]
 [48]
 [57]
 [46]
 [55]
 [55]
 [56]
 [55]
 [52]
 [54]
 [57]
 [57]
 [57]
 [57]
 [57]
 [57]
 [45]
 [48]
 [32]
 [54]
 [51]
 [48]
 [57]
 [46]
 [55]
 [55]
 [52]
 [53]
 [51]
 [56]
 [45]
 [49]] 
------------------------ Dataset: vdf ------------------------
shape: (26, 1), dtype: uint16
Data:[[54]
 [51]
 [50]
 [53]
 [46]
 [54]
 [48]
 [57]
 [56]
 [52]
 [45]
 [48]
 [32]
 [54]
 [51]
 [50]
 [53]
 [46]
 [54]
 [48]
 [53]
 [56]
 [55]
 [49]
 [45]
 [49]] 
------------------------ Dataset: vdg ------------------------
shape: (27, 1), dtype: uint16
Data:[[54]
 [51]
 [52]
 [49]
 [46]
 [52]
 [53]
 [55]
 [57]
 [55]
 [52]
 [45]
 [48]
 [32]
 [54]
 [51]
 [52]
 [49]
 [46]
 [52]
 [53]
 [52]
 [48]
 [50]
 [49]
 [45]
 [49]] 
------------------------ Dataset: vdh ------------------------
shape: (33, 1), dtype: uint16
Data:[[54]
 [53]
 [48]
 [54]
 [46]
 [53]
 [53]
 [55]
 [57]
 [51]
 [51]
 [45]
 [48]
 [32]
 [54]
 [53]
 [48]
 [54]
 [46]
 [53]
 [54]
 [50]
 [48]
 [52]
 [51]
 [57]
 [57]
 [57]
 [57]
 [57]
 [57]
 [45]
 [49]] 
------------------------ Dataset: vdi ------------------------
shape: (33, 1), dtype: uint16
Data:[[54]
 [53]
 [50]
 [50]
 [46]
 [51]
 [56]
 [54]
 [57]
 [57]
 [56]
 [57]
 [57]
 [57]
 [57]
 [57]
 [57]
 [45]
 [48]
 [32]
 [54]
 [53]
 [50]
 [50]
 [46]
 [51]
 [56]
 [54]
 [48]
 [57]
 [55]
 [45]
 [49]] 
------------------------ Dataset: vdj ------------------------
shape: (33, 1), dtype: uint16
Data:[[54]
 [48]
 [49]
 [55]
 [46]
 [57]
 [53]
 [52]
 [53]
 [51]
 [53]
 [57]
 [57]
 [57]
 [57]
 [57]
 [57]
 [45]
 [48]
 [32]
 [54]
 [48]
 [49]
 [55]
 [46]
 [57]
 [53]
 [48]
 [57]
 [48]
 [56]
 [45]
 [49]] 
------------------------ Dataset: vdk ------------------------
shape: (33, 1), dtype: uint16
Data:[[54]
 [48]
 [51]
 [51]
 [46]
 [55]
 [54]
 [49]
 [56]
 [50]
 [54]
 [45]
 [48]
 [32]
 [54]
 [48]
 [51]
 [51]
 [46]
 [55]
 [53]
 [55]
 [55]
 [56]
 [56]
 [57]
 [57]
 [57]
 [57]
 [57]
 [57]
 [45]
 [49]] 
------------------------ Dataset: vdl ------------------------
shape: (34, 1), dtype: uint16
Data:[[54]
 [48]
 [52]
 [57]
 [46]
 [51]
 [54]
 [53]
 [56]
 [49]
 [57]
 [45]
 [48]
 [32]
 [54]
 [48]
 [52]
 [57]
 [46]
 [51]
 [54]
 [57]
 [55]
 [48]
 [53]
 [57]
 [57]
 [57]
 [57]
 [57]
 [57]
 [53]
 [45]
 [49]] 
------------------------ Dataset: vdm ------------------------
shape: (33, 1), dtype: uint16
Data:[[54]
 [48]
 [54]
 [53]
 [46]
 [50]
 [52]
 [53]
 [55]
 [52]
 [52]
 [57]
 [57]
 [57]
 [57]
 [57]
 [57]
 [45]
 [48]
 [32]
 [54]
 [48]
 [54]
 [53]
 [46]
 [50]
 [52]
 [49]
 [56]
 [48]
 [49]
 [45]
 [49]] 
------------------------ Dataset: vdn ------------------------
shape: (27, 1), dtype: uint16
Data:[[54]
 [48]
 [56]
 [49]
 [46]
 [49]
 [54]
 [53]
 [55]
 [55]
 [49]
 [45]
 [48]
 [32]
 [54]
 [48]
 [56]
 [49]
 [46]
 [49]
 [54]
 [49]
 [57]
 [50]
 [52]
 [45]
 [49]] 
------------------------ Dataset: vdo ------------------------
shape: (32, 1), dtype: uint16
Data:[[53]
 [54]
 [52]
 [49]
 [46]
 [57]
 [49]
 [52]
 [49]
 [54]
 [52]
 [57]
 [57]
 [57]
 [57]
 [57]
 [57]
 [45]
 [48]
 [32]
 [53]
 [54]
 [52]
 [49]
 [46]
 [57]
 [49]
 [48]
 [56]
 [52]
 [45]
 [49]] 
------------------------ Dataset: vdp ------------------------
shape: (26, 1), dtype: uint16
Data:[[53]
 [54]
 [53]
 [55]
 [46]
 [54]
 [51]
 [55]
 [54]
 [49]
 [45]
 [48]
 [32]
 [53]
 [54]
 [53]
 [55]
 [46]
 [54]
 [52]
 [49]
 [53]
 [56]
 [52]
 [45]
 [49]] 
------------------------ Dataset: vdq ------------------------
shape: (12, 1), dtype: uint16
Data:[[53]
 [54]
 [55]
 [51]
 [46]
 [51]
 [54]
 [57]
 [50]
 [49]
 [45]
 [48]] 
------------------------ Dataset: vdr ------------------------
shape: (27, 1), dtype: uint16
Data:[[53]
 [54]
 [56]
 [57]
 [46]
 [49]
 [50]
 [53]
 [57]
 [49]
 [51]
 [45]
 [48]
 [32]
 [53]
 [54]
 [56]
 [57]
 [46]
 [49]
 [50]
 [49]
 [53]
 [57]
 [56]
 [45]
 [49]] 
------------------------ Dataset: vds ------------------------
shape: (20, 1), dtype: uint16
Data:[[53]
 [56]
 [49]
 [53]
 [46]
 [51]
 [56]
 [53]
 [55]
 [50]
 [53]
 [57]
 [57]
 [57]
 [57]
 [57]
 [57]
 [53]
 [45]
 [49]] 
------------------------ Dataset: vdt ------------------------
shape: (13, 1), dtype: uint16
Data:[[54]
 [54]
 [48]
 [52]
 [46]
 [52]
 [55]
 [48]
 [48]
 [52]
 [49]
 [45]
 [48]] 
------------------------ Dataset: vdu ------------------------
shape: (27, 1), dtype: uint16
Data:[[54]
 [54]
 [50]
 [48]
 [46]
 [52]
 [51]
 [48]
 [48]
 [50]
 [54]
 [45]
 [48]
 [32]
 [54]
 [54]
 [50]
 [48]
 [46]
 [52]
 [51]
 [52]
 [48]
 [56]
 [53]
 [45]
 [49]] 
------------------------ Dataset: vdv ------------------------
shape: (19, 1), dtype: uint16
Data:[[54]
 [54]
 [51]
 [54]
 [46]
 [50]
 [57]
 [48]
 [49]
 [52]
 [50]
 [57]
 [57]
 [57]
 [57]
 [57]
 [57]
 [45]
 [49]] 
------------------------ Dataset: vdw ------------------------
shape: (39, 1), dtype: uint16
Data:[[54]
 [54]
 [53]
 [49]
 [46]
 [56]
 [56]
 [55]
 [56]
 [49]
 [55]
 [57]
 [57]
 [57]
 [57]
 [57]
 [57]
 [45]
 [48]
 [32]
 [54]
 [54]
 [53]
 [49]
 [46]
 [56]
 [56]
 [55]
 [56]
 [56]
 [55]
 [57]
 [57]
 [57]
 [57]
 [57]
 [57]
 [45]
 [49]] 
------------------------ Dataset: vdx ------------------------
shape: (33, 1), dtype: uint16
Data:[[54]
 [54]
 [54]
 [55]
 [46]
 [55]
 [51]
 [56]
 [49]
 [51]
 [56]
 [45]
 [48]
 [32]
 [54]
 [54]
 [54]
 [55]
 [46]
 [55]
 [51]
 [52]
 [51]
 [50]
 [57]
 [57]
 [57]
 [57]
 [57]
 [57]
 [57]
 [45]
 [49]] 
------------------------ Dataset: vdy ------------------------
shape: (33, 1), dtype: uint16
Data:[[54]
 [54]
 [56]
 [51]
 [46]
 [54]
 [53]
 [56]
 [48]
 [54]
 [57]
 [45]
 [48]
 [32]
 [54]
 [54]
 [56]
 [51]
 [46]
 [54]
 [54]
 [50]
 [48]
 [51]
 [57]
 [57]
 [57]
 [57]
 [57]
 [57]
 [57]
 [45]
 [49]] 
------------------------ Dataset: vdz ------------------------
shape: (33, 1), dtype: uint16
Data:[[53]
 [57]
 [48]
 [49]
 [46]
 [53]
 [55]
 [51]
 [55]
 [55]
 [48]
 [57]
 [57]
 [57]
 [57]
 [57]
 [57]
 [45]
 [48]
 [32]
 [53]
 [57]
 [48]
 [49]
 [46]
 [53]
 [55]
 [55]
 [54]
 [57]
 [52]
 [45]
 [49]] 
------------------------ Dataset: ve ------------------------

shape: (1, 6), dtype: uint32
Data:[[3707764736          2          1          1        202          1]] 
------------------------ Dataset: wdb ------------------------
shape: (27, 1), dtype: uint16
Data:[[54]
 [55]
 [54]
 [53]
 [46]
 [51]
 [53]
 [48]
 [49]
 [48]
 [51]
 [45]
 [48]
 [32]
 [54]
 [55]
 [54]
 [53]
 [46]
 [51]
 [52]
 [55]
 [48]
 [53]
 [54]
 [45]
 [49]] 
------------------------ Dataset: wdc ------------------------
shape: (26, 1), dtype: uint16
Data:[[54]
 [55]
 [56]
 [49]
 [46]
 [50]
 [48]
 [54]
 [50]
 [51]
 [54]
 [45]
 [48]
 [32]
 [54]
 [55]
 [56]
 [49]
 [46]
 [50]
 [49]
 [48]
 [49]
 [56]
 [45]
 [49]] 
------------------------ Dataset: wdd ------------------------
shape: (33, 1), dtype: uint16
Data:[[54]
 [50]
 [57]
 [51]
 [46]
 [57]
 [54]
 [56]
 [51]
 [56]
 [55]
 [45]
 [48]
 [32]
 [54]
 [50]
 [57]
 [51]
 [46]
 [57]
 [53]
 [51]
 [57]
 [52]
 [55]
 [57]
 [57]
 [57]
 [57]
 [57]
 [57]
 [45]
 [49]] 
------------------------ Dataset: wde ------------------------
shape: (33, 1), dtype: uint16
Data:[[54]
 [51]
 [48]
 [57]
 [46]
 [55]
 [55]
 [56]
 [55]
 [52]
 [54]
 [57]
 [57]
 [57]
 [57]
 [57]
 [57]
 [45]
 [48]
 [32]
 [54]
 [51]
 [48]
 [57]
 [46]
 [55]
 [56]
 [50]
 [49]
 [50]
 [51]
 [45]
 [49]] 
------------------------ Dataset: wdf ------------------------
shape: (26, 1), dtype: uint16
Data:[[54]
 [51]
 [50]
 [53]
 [46]
 [54]
 [48]
 [57]
 [56]
 [52]
 [45]
 [48]
 [32]
 [54]
 [51]
 [50]
 [53]
 [46]
 [54]
 [49]
 [51]
 [56]
 [54]
 [54]
 [45]
 [49]] 
------------------------ Dataset: wdg ------------------------
shape: (26, 1), dtype: uint16
Data:[[54]
 [51]
 [52]
 [49]
 [46]
 [52]
 [53]
 [55]
 [57]
 [55]
 [52]
 [45]
 [48]
 [32]
 [54]
 [51]
 [52]
 [49]
 [46]
 [52]
 [54]
 [49]
 [57]
 [53]
 [45]
 [49]] 
------------------------ Dataset: wdh ------------------------
shape: (33, 1), dtype: uint16
Data:[[54]
 [53]
 [48]
 [54]
 [46]
 [53]
 [54]
 [54]
 [48]
 [51]
 [51]
 [45]
 [48]
 [32]
 [54]
 [53]
 [48]
 [54]
 [46]
 [53]
 [54]
 [50]
 [48]
 [52]
 [51]
 [57]
 [57]
 [57]
 [57]
 [57]
 [57]
 [45]
 [49]] 
------------------------ Dataset: wdi ------------------------
shape: (33, 1), dtype: uint16
Data:[[54]
 [53]
 [50]
 [50]
 [46]
 [51]
 [56]
 [54]
 [57]
 [57]
 [56]
 [57]
 [57]
 [57]
 [57]
 [57]
 [57]
 [45]
 [48]
 [32]
 [54]
 [53]
 [50]
 [50]
 [46]
 [51]
 [57]
 [48]
 [53]
 [56]
 [57]
 [45]
 [49]] 
------------------------ Dataset: wdj ------------------------
shape: (40, 1), dtype: uint16
Data:[[54]
 [48]
 [49]
 [55]
 [46]
 [57]
 [53]
 [52]
 [53]
 [51]
 [53]
 [57]
 [57]
 [57]
 [57]
 [57]
 [57]
 [45]
 [48]
 [32]
 [54]
 [48]
 [49]
 [55]
 [46]
 [57]
 [53]
 [56]
 [49]
 [54]
 [56]
 [57]
 [57]
 [57]
 [57]
 [57]
 [57]
 [53]
 [45]
 [49]] 
------------------------ Dataset: wdk ------------------------
shape: (33, 1), dtype: uint16
Data:[[54]
 [48]
 [51]
 [51]
 [46]
 [55]
 [54]
 [49]
 [56]
 [50]
 [54]
 [45]
 [48]
 [32]
 [54]
 [48]
 [51]
 [51]
 [46]
 [55]
 [55]
 [50]
 [52]
 [51]
 [48]
 [57]
 [57]
 [57]
 [57]
 [57]
 [57]
 [45]
 [49]] 
------------------------ Dataset: wdl ------------------------
shape: (34, 1), dtype: uint16
Data:[[54]
 [48]
 [52]
 [57]
 [46]
 [51]
 [55]
 [51]
 [55]
 [56]
 [50]
 [45]
 [48]
 [32]
 [54]
 [48]
 [52]
 [57]
 [46]
 [51]
 [54]
 [57]
 [55]
 [48]
 [53]
 [57]
 [57]
 [57]
 [57]
 [57]
 [57]
 [53]
 [45]
 [49]] 
------------------------ Dataset: wdm ------------------------
shape: (33, 1), dtype: uint16
Data:[[54]
 [48]
 [54]
 [53]
 [46]
 [50]
 [52]
 [53]
 [55]
 [52]
 [52]
 [57]
 [57]
 [57]
 [57]
 [57]
 [57]
 [45]
 [48]
 [32]
 [54]
 [48]
 [54]
 [53]
 [46]
 [50]
 [52]
 [57]
 [56]
 [50]
 [53]
 [45]
 [49]] 
------------------------ Dataset: wdn ------------------------
shape: (34, 1), dtype: uint16
Data:[[54]
 [48]
 [56]
 [49]
 [46]
 [49]
 [54]
 [53]
 [55]
 [55]
 [49]
 [45]
 [48]
 [32]
 [54]
 [48]
 [56]
 [49]
 [46]
 [49]
 [54]
 [57]
 [55]
 [55]
 [55]
 [57]
 [57]
 [57]
 [57]
 [57]
 [57]
 [53]
 [45]
 [49]] 
------------------------ Dataset: wdo ------------------------
shape: (39, 1), dtype: uint16
Data:[[53]
 [54]
 [52]
 [49]
 [46]
 [57]
 [49]
 [52]
 [49]
 [54]
 [52]
 [57]
 [57]
 [57]
 [57]
 [57]
 [57]
 [45]
 [48]
 [32]
 [53]
 [54]
 [52]
 [49]
 [46]
 [57]
 [49]
 [55]
 [57]
 [51]
 [49]
 [57]
 [57]
 [57]
 [57]
 [57]
 [57]
 [45]
 [49]] 
------------------------ Dataset: wdp ------------------------
shape: (34, 1), dtype: uint16
Data:[[53]
 [54]
 [53]
 [55]
 [46]
 [54]
 [52]
 [54]
 [49]
 [52]
 [54]
 [57]
 [57]
 [57]
 [57]
 [57]
 [57]
 [53]
 [45]
 [48]
 [32]
 [53]
 [54]
 [53]
 [55]
 [46]
 [54]
 [52]
 [49]
 [53]
 [56]
 [52]
 [45]
 [49]] 
------------------------ Dataset: wdq ------------------------
shape: (13, 1), dtype: uint16
Data:[[53]
 [54]
 [55]
 [51]
 [46]
 [51]
 [55]
 [52]
 [56]
 [54]
 [54]
 [45]
 [49]] 
------------------------ Dataset: wdr ------------------------
shape: (27, 1), dtype: uint16
Data:[[53]
 [54]
 [56]
 [57]
 [46]
 [49]
 [50]
 [53]
 [57]
 [49]
 [51]
 [45]
 [48]
 [32]
 [53]
 [54]
 [56]
 [57]
 [46]
 [49]
 [50]
 [57]
 [53]
 [56]
 [50]
 [45]
 [49]] 
------------------------ Dataset: wds ------------------------
shape: (13, 1), dtype: uint16
Data:[[53]
 [56]
 [49]
 [53]
 [46]
 [51]
 [56]
 [57]
 [54]
 [52]
 [55]
 [45]
 [48]] 
------------------------ Dataset: wdt ------------------------
shape: (20, 1), dtype: uint16
Data:[[54]
 [54]
 [48]
 [52]
 [46]
 [52]
 [55]
 [52]
 [50]
 [49]
 [50]
 [57]
 [57]
 [57]
 [57]
 [57]
 [57]
 [53]
 [45]
 [49]] 
------------------------ Dataset: wdu ------------------------
shape: (27, 1), dtype: uint16
Data:[[54]
 [54]
 [50]
 [48]
 [46]
 [52]
 [51]
 [56]
 [49]
 [56]
 [52]
 [45]
 [48]
 [32]
 [54]
 [54]
 [50]
 [48]
 [46]
 [52]
 [51]
 [52]
 [48]
 [56]
 [53]
 [45]
 [49]] 
------------------------ Dataset: wdv ------------------------
shape: (13, 1), dtype: uint16
Data:[[54]
 [54]
 [51]
 [54]
 [46]
 [50]
 [57]
 [52]
 [48]
 [49]
 [56]
 [45]
 [48]] 
------------------------ Dataset: wdw ------------------------
shape: (33, 1), dtype: uint16
Data:[[54]
 [54]
 [53]
 [49]
 [46]
 [56]
 [57]
 [48]
 [55]
 [53]
 [52]
 [45]
 [48]
 [32]
 [54]
 [54]
 [53]
 [49]
 [46]
 [56]
 [56]
 [55]
 [56]
 [56]
 [55]
 [57]
 [57]
 [57]
 [57]
 [57]
 [57]
 [45]
 [49]] 
------------------------ Dataset: wdx ------------------------
shape: (33, 1), dtype: uint16
Data:[[54]
 [54]
 [54]
 [55]
 [46]
 [55]
 [51]
 [56]
 [49]
 [51]
 [56]
 [45]
 [48]
 [32]
 [54]
 [54]
 [54]
 [55]
 [46]
 [55]
 [52]
 [50]
 [49]
 [53]
 [50]
 [57]
 [57]
 [57]
 [57]
 [57]
 [57]
 [45]
 [49]] 
------------------------ Dataset: wdy ------------------------
shape: (32, 1), dtype: uint16
Data:[[54]
 [54]
 [56]
 [51]
 [46]
 [54]
 [54]
 [54]
 [48]
 [53]
 [45]
 [48]
 [32]
 [54]
 [54]
 [56]
 [51]
 [46]
 [54]
 [54]
 [50]
 [48]
 [51]
 [57]
 [57]
 [57]
 [57]
 [57]
 [57]
 [57]
 [45]
 [49]] 
------------------------ Dataset: wdz ------------------------
shape: (27, 1), dtype: uint16
Data:[[53]
 [57]
 [48]
 [49]
 [46]
 [53]
 [56]
 [49]
 [54]
 [55]
 [57]
 [45]
 [48]
 [32]
 [53]
 [57]
 [48]
 [49]
 [46]
 [53]
 [55]
 [55]
 [54]
 [57]
 [52]
 [45]
 [49]] 
------------------------ Dataset: we ------------------------

shape: (1, 6), dtype: uint32
Data:[[3707764736          2          1          1        203          1]] 
------------------------ Dataset: xdb ------------------------
shape: (33, 1), dtype: uint16
Data:[[54]
 [55]
 [54]
 [53]
 [46]
 [51]
 [53]
 [48]
 [49]
 [48]
 [51]
 [45]
 [48]
 [32]
 [54]
 [55]
 [54]
 [53]
 [46]
 [51]
 [53]
 [52]
 [49]
 [48]
 [57]
 [57]
 [57]
 [57]
 [57]
 [57]
 [57]
 [45]
 [49]] 
------------------------ Dataset: xdc ------------------------
shape: (26, 1), dtype: uint16
Data:[[54]
 [55]
 [56]
 [49]
 [46]
 [50]
 [49]
 [52]
 [48]
 [57]
 [52]
 [45]
 [48]
 [32]
 [54]
 [55]
 [56]
 [49]
 [46]
 [50]
 [49]
 [48]
 [49]
 [56]
 [45]
 [49]] 
------------------------ Dataset: xdd ------------------------
shape: (27, 1), dtype: uint16
Data:[[54]
 [50]
 [57]
 [51]
 [46]
 [57]
 [54]
 [56]
 [51]
 [56]
 [55]
 [45]
 [48]
 [32]
 [54]
 [50]
 [57]
 [51]
 [46]
 [57]
 [54]
 [52]
 [51]
 [55]
 [51]
 [45]
 [49]] 
------------------------ Dataset: xde ------------------------
shape: (27, 1), dtype: uint16
Data:[[54]
 [51]
 [48]
 [57]
 [46]
 [55]
 [56]
 [53]
 [57]
 [50]
 [54]
 [45]
 [48]
 [32]
 [54]
 [51]
 [48]
 [57]
 [46]
 [55]
 [56]
 [50]
 [49]
 [50]
 [51]
 [45]
 [49]] 
------------------------ Dataset: xdf ------------------------
shape: (34, 1), dtype: uint16
Data:[[54]
 [51]
 [50]
 [53]
 [46]
 [54]
 [49]
 [55]
 [57]
 [54]
 [52]
 [57]
 [57]
 [57]
 [57]
 [57]
 [57]
 [53]
 [45]
 [48]
 [32]
 [54]
 [51]
 [50]
 [53]
 [46]
 [54]
 [49]
 [51]
 [56]
 [54]
 [54]
 [45]
 [49]] 
------------------------ Dataset: xdg ------------------------
shape: (25, 1), dtype: uint16
Data:[[54]
 [51]
 [52]
 [49]
 [46]
 [52]
 [54]
 [54]
 [50]
 [49]
 [45]
 [48]
 [32]
 [54]
 [51]
 [52]
 [49]
 [46]
 [52]
 [54]
 [49]
 [57]
 [53]
 [45]
 [49]] 
------------------------ Dataset: xdh ------------------------
shape: (27, 1), dtype: uint16
Data:[[54]
 [53]
 [48]
 [54]
 [46]
 [53]
 [54]
 [54]
 [48]
 [51]
 [51]
 [45]
 [48]
 [32]
 [54]
 [53]
 [48]
 [54]
 [46]
 [53]
 [55]
 [48]
 [49]
 [50]
 [50]
 [45]
 [49]] 
------------------------ Dataset: xdi ------------------------
shape: (27, 1), dtype: uint16
Data:[[54]
 [53]
 [50]
 [50]
 [46]
 [51]
 [57]
 [50]
 [48]
 [48]
 [56]
 [45]
 [48]
 [32]
 [54]
 [53]
 [50]
 [50]
 [46]
 [51]
 [57]
 [48]
 [53]
 [56]
 [57]
 [45]
 [49]] 
------------------------ Dataset: xdj ------------------------
shape: (34, 1), dtype: uint16
Data:[[54]
 [48]
 [49]
 [55]
 [46]
 [57]
 [54]
 [49]
 [57]
 [48]
 [55]
 [45]
 [48]
 [32]
 [54]
 [48]
 [49]
 [55]
 [46]
 [57]
 [53]
 [56]
 [49]
 [54]
 [56]
 [57]
 [57]
 [57]
 [57]
 [57]
 [57]
 [53]
 [45]
 [49]] 
------------------------ Dataset: xdk ------------------------
shape: (40, 1), dtype: uint16
Data:[[54]
 [48]
 [51]
 [51]
 [46]
 [55]
 [55]
 [50]
 [54]
 [56]
 [48]
 [57]
 [57]
 [57]
 [57]
 [57]
 [57]
 [53]
 [45]
 [48]
 [32]
 [54]
 [48]
 [51]
 [51]
 [46]
 [55]
 [55]
 [50]
 [52]
 [51]
 [48]
 [57]
 [57]
 [57]
 [57]
 [57]
 [57]
 [45]
 [49]] 
------------------------ Dataset: xdl ------------------------
shape: (33, 1), dtype: uint16
Data:[[54]
 [48]
 [52]
 [57]
 [46]
 [51]
 [55]
 [51]
 [55]
 [56]
 [50]
 [45]
 [48]
 [32]
 [54]
 [48]
 [52]
 [57]
 [46]
 [51]
 [55]
 [56]
 [51]
 [57]
 [51]
 [57]
 [57]
 [57]
 [57]
 [57]
 [57]
 [45]
 [49]] 
------------------------ Dataset: xdm ------------------------
shape: (33, 1), dtype: uint16
Data:[[54]
 [48]
 [54]
 [53]
 [46]
 [50]
 [53]
 [51]
 [56]
 [50]
 [48]
 [57]
 [57]
 [57]
 [57]
 [57]
 [57]
 [45]
 [48]
 [32]
 [54]
 [48]
 [54]
 [53]
 [46]
 [50]
 [52]
 [57]
 [56]
 [50]
 [53]
 [45]
 [49]] 
------------------------ Dataset: xdn ------------------------
shape: (34, 1), dtype: uint16
Data:[[54]
 [48]
 [56]
 [49]
 [46]
 [49]
 [55]
 [51]
 [55]
 [51]
 [54]
 [45]
 [48]
 [32]
 [54]
 [48]
 [56]
 [49]
 [46]
 [49]
 [54]
 [57]
 [55]
 [55]
 [55]
 [57]
 [57]
 [57]
 [57]
 [57]
 [57]
 [53]
 [45]
 [49]] 
------------------------ Dataset: xdo ------------------------
shape: (33, 1), dtype: uint16
Data:[[53]
 [54]
 [52]
 [49]
 [46]
 [57]
 [50]
 [50]
 [49]
 [55]
 [50]
 [45]
 [48]
 [32]
 [53]
 [54]
 [52]
 [49]
 [46]
 [57]
 [49]
 [55]
 [57]
 [51]
 [49]
 [57]
 [57]
 [57]
 [57]
 [57]
 [57]
 [45]
 [49]] 
------------------------ Dataset: xdp ------------------------
shape: (34, 1), dtype: uint16
Data:[[53]
 [54]
 [53]
 [55]
 [46]
 [54]
 [52]
 [54]
 [49]
 [52]
 [54]
 [57]
 [57]
 [57]
 [57]
 [57]
 [57]
 [53]
 [45]
 [48]
 [32]
 [53]
 [54]
 [53]
 [55]
 [46]
 [54]
 [52]
 [57]
 [55]
 [50]
 [49]
 [45]
 [49]] 
------------------------ Dataset: xdq ------------------------
shape: (13, 1), dtype: uint16
Data:[[53]
 [54]
 [55]
 [51]
 [46]
 [51]
 [56]
 [52]
 [53]
 [55]
 [49]
 [45]
 [49]] 
------------------------ Dataset: xdr ------------------------
shape: (33, 1), dtype: uint16
Data:[[53]
 [54]
 [56]
 [57]
 [46]
 [49]
 [51]
 [51]
 [54]
 [54]
 [52]
 [57]
 [57]
 [57]
 [57]
 [57]
 [57]
 [45]
 [48]
 [32]
 [53]
 [54]
 [56]
 [57]
 [46]
 [49]
 [50]
 [57]
 [53]
 [56]
 [50]
 [45]
 [49]] 
------------------------ Dataset: xds ------------------------
shape: (19, 1), dtype: uint16
Data:[[53]
 [56]
 [49]
 [53]
 [46]
 [51]
 [57]
 [51]
 [57]
 [53]
 [54]
 [57]
 [57]
 [57]
 [57]
 [57]
 [57]
 [45]
 [49]] 
------------------------ Dataset: xdt ------------------------
shape: (13, 1), dtype: uint16
Data:[[54]
 [54]
 [48]
 [52]
 [46]
 [52]
 [55]
 [56]
 [49]
 [57]
 [54]
 [45]
 [48]] 
------------------------ Dataset: xdu ------------------------
shape: (26, 1), dtype: uint16
Data:[[54]
 [54]
 [50]
 [48]
 [46]
 [52]
 [51]
 [56]
 [49]
 [56]
 [52]
 [45]
 [48]
 [32]
 [54]
 [54]
 [50]
 [48]
 [46]
 [52]
 [52]
 [50]
 [49]
 [49]
 [45]
 [49]] 
------------------------ Dataset: xdv ------------------------
shape: (13, 1), dtype: uint16
Data:[[54]
 [54]
 [51]
 [54]
 [46]
 [50]
 [57]
 [56]
 [48]
 [52]
 [49]
 [45]
 [49]] 
------------------------ Dataset: xdw ------------------------
shape: (34, 1), dtype: uint16
Data:[[54]
 [54]
 [53]
 [49]
 [46]
 [56]
 [57]
 [48]
 [55]
 [53]
 [52]
 [45]
 [48]
 [32]
 [54]
 [54]
 [53]
 [49]
 [46]
 [56]
 [57]
 [52]
 [48]
 [53]
 [54]
 [57]
 [57]
 [57]
 [57]
 [57]
 [57]
 [53]
 [45]
 [49]] 
------------------------ Dataset: xdx ------------------------
shape: (39, 1), dtype: uint16
Data:[[54]
 [54]
 [54]
 [55]
 [46]
 [55]
 [52]
 [54]
 [48]
 [53]
 [54]
 [57]
 [57]
 [57]
 [57]
 [57]
 [57]
 [45]
 [48]
 [32]
 [54]
 [54]
 [54]
 [55]
 [46]
 [55]
 [52]
 [50]
 [49]
 [53]
 [50]
 [57]
 [57]
 [57]
 [57]
 [57]
 [57]
 [45]
 [49]] 
------------------------ Dataset: xdy ------------------------
shape: (26, 1), dtype: uint16
Data:[[54]
 [54]
 [56]
 [51]
 [46]
 [54]
 [54]
 [54]
 [48]
 [53]
 [45]
 [48]
 [32]
 [54]
 [54]
 [56]
 [51]
 [46]
 [54]
 [55]
 [48]
 [48]
 [54]
 [51]
 [45]
 [49]] 
------------------------ Dataset: xdz ------------------------
shape: (33, 1), dtype: uint16
Data:[[53]
 [57]
 [48]
 [49]
 [46]
 [53]
 [56]
 [49]
 [54]
 [55]
 [57]
 [45]
 [48]
 [32]
 [53]
 [57]
 [48]
 [49]
 [46]
 [53]
 [56]
 [53]
 [54]
 [57]
 [48]
 [57]
 [57]
 [57]
 [57]
 [57]
 [57]
 [45]
 [49]] 
------------------------ Dataset: xe ------------------------

shape: (1, 6), dtype: uint32
Data:[[3707764736          2          1          1        204          1]] 
------------------------ Dataset: ydb ------------------------
shape: (33, 1), dtype: uint16
Data:[[54]
 [55]
 [54]
 [53]
 [46]
 [51]
 [53]
 [56]
 [48]
 [53]
 [51]
 [45]
 [48]
 [32]
 [54]
 [55]
 [54]
 [53]
 [46]
 [51]
 [53]
 [52]
 [49]
 [48]
 [57]
 [57]
 [57]
 [57]
 [57]
 [57]
 [57]
 [45]
 [49]] 
------------------------ Dataset: ydc ------------------------
shape: (33, 1), dtype: uint16
Data:[[54]
 [55]
 [56]
 [49]
 [46]
 [50]
 [49]
 [52]
 [48]
 [57]
 [52]
 [45]
 [48]
 [32]
 [54]
 [55]
 [56]
 [49]
 [46]
 [50]
 [49]
 [56]
 [50]
 [53]
 [51]
 [57]
 [57]
 [57]
 [57]
 [57]
 [57]
 [45]
 [49]] 
------------------------ Dataset: ydd ------------------------
shape: (27, 1), dtype: uint16
Data:[[54]
 [50]
 [57]
 [51]
 [46]
 [57]
 [54]
 [56]
 [51]
 [56]
 [55]
 [45]
 [48]
 [32]
 [54]
 [50]
 [57]
 [51]
 [46]
 [57]
 [55]
 [48]
 [50]
 [51]
 [51]
 [45]
 [49]] 
------------------------ Dataset: yde ------------------------
shape: (33, 1), dtype: uint16
Data:[[54]
 [51]
 [48]
 [57]
 [46]
 [55]
 [56]
 [53]
 [57]
 [50]
 [54]
 [45]
 [48]
 [32]
 [54]
 [51]
 [48]
 [57]
 [46]
 [55]
 [57]
 [52]
 [48]
 [52]
 [51]
 [57]
 [57]
 [57]
 [57]
 [57]
 [57]
 [45]
 [49]] 
------------------------ Dataset: ydf ------------------------
shape: (34, 1), dtype: uint16
Data:[[54]
 [51]
 [50]
 [53]
 [46]
 [54]
 [49]
 [55]
 [57]
 [54]
 [52]
 [57]
 [57]
 [57]
 [57]
 [57]
 [57]
 [53]
 [45]
 [48]
 [32]
 [54]
 [51]
 [50]
 [53]
 [46]
 [54]
 [50]
 [51]
 [50]
 [53]
 [57]
 [45]
 [49]] 
------------------------ Dataset: ydg ------------------------
shape: (32, 1), dtype: uint16
Data:[[54]
 [51]
 [52]
 [49]
 [46]
 [52]
 [54]
 [54]
 [50]
 [49]
 [45]
 [48]
 [32]
 [54]
 [51]
 [52]
 [49]
 [46]
 [52]
 [55]
 [48]
 [49]
 [55]
 [49]
 [57]
 [57]
 [57]
 [57]
 [57]
 [57]
 [45]
 [49]] 
------------------------ Dataset: ydh ------------------------
shape: (27, 1), dtype: uint16
Data:[[54]
 [53]
 [48]
 [54]
 [46]
 [53]
 [55]
 [52]
 [53]
 [54]
 [52]
 [45]
 [48]
 [32]
 [54]
 [53]
 [48]
 [54]
 [46]
 [53]
 [55]
 [48]
 [49]
 [50]
 [50]
 [45]
 [49]] 
------------------------ Dataset: ydi ------------------------
shape: (27, 1), dtype: uint16
Data:[[54]
 [53]
 [50]
 [50]
 [46]
 [51]
 [57]
 [50]
 [48]
 [48]
 [56]
 [45]
 [48]
 [32]
 [54]
 [53]
 [50]
 [50]
 [46]
 [51]
 [57]
 [52]
 [53]
 [53]
 [51]
 [45]
 [49]] 
------------------------ Dataset: ydj ------------------------
shape: (33, 1), dtype: uint16
Data:[[54]
 [48]
 [49]
 [55]
 [46]
 [57]
 [54]
 [49]
 [57]
 [48]
 [55]
 [45]
 [48]
 [32]
 [54]
 [48]
 [49]
 [55]
 [46]
 [57]
 [54]
 [53]
 [56]
 [53]
 [57]
 [57]
 [57]
 [57]
 [57]
 [57]
 [57]
 [45]
 [49]] 
------------------------ Dataset: ydk ------------------------
shape: (40, 1), dtype: uint16
Data:[[54]
 [48]
 [51]
 [51]
 [46]
 [55]
 [55]
 [50]
 [54]
 [56]
 [48]
 [57]
 [57]
 [57]
 [57]
 [57]
 [57]
 [53]
 [45]
 [48]
 [32]
 [54]
 [48]
 [51]
 [51]
 [46]
 [55]
 [55]
 [53]
 [51]
 [53]
 [56]
 [57]
 [57]
 [57]
 [57]
 [57]
 [57]
 [45]
 [49]] 
------------------------ Dataset: ydl ------------------------
shape: (33, 1), dtype: uint16
Data:[[54]
 [48]
 [52]
 [57]
 [46]
 [51]
 [56]
 [49]
 [55]
 [52]
 [50]
 [45]
 [48]
 [32]
 [54]
 [48]
 [52]
 [57]
 [46]
 [51]
 [55]
 [56]
 [51]
 [57]
 [51]
 [57]
 [57]
 [57]
 [57]
 [57]
 [57]
 [45]
 [49]] 
------------------------ Dataset: ydm ------------------------
shape: (19, 1), dtype: uint16
Data:[[54]
 [48]
 [54]
 [53]
 [46]
 [50]
 [53]
 [51]
 [56]
 [50]
 [48]
 [57]
 [57]
 [57]
 [57]
 [57]
 [57]
 [45]
 [48]] 
------------------------ Dataset: ydn ------------------------
shape: (34, 1), dtype: uint16
Data:[[54]
 [48]
 [56]
 [49]
 [46]
 [49]
 [55]
 [51]
 [55]
 [51]
 [54]
 [45]
 [48]
 [32]
 [54]
 [48]
 [56]
 [49]
 [46]
 [49]
 [55]
 [55]
 [55]
 [57]
 [57]
 [57]
 [57]
 [57]
 [57]
 [57]
 [57]
 [53]
 [45]
 [49]] 
------------------------ Dataset: ydo ------------------------
shape: (27, 1), dtype: uint16
Data:[[53]
 [54]
 [52]
 [49]
 [46]
 [57]
 [50]
 [50]
 [49]
 [55]
 [50]
 [45]
 [48]
 [32]
 [53]
 [54]
 [52]
 [49]
 [46]
 [57]
 [50]
 [54]
 [50]
 [54]
 [49]
 [45]
 [49]] 
------------------------ Dataset: ydp ------------------------
shape: (25, 1), dtype: uint16
Data:[[53]
 [54]
 [53]
 [55]
 [46]
 [54]
 [53]
 [52]
 [50]
 [45]
 [48]
 [32]
 [53]
 [54]
 [53]
 [55]
 [46]
 [54]
 [52]
 [57]
 [55]
 [50]
 [49]
 [45]
 [49]] 
------------------------ Dataset: ydq ------------------------
shape: (39, 1), dtype: uint16
Data:[[53]
 [54]
 [55]
 [51]
 [46]
 [51]
 [56]
 [52]
 [52]
 [49]
 [54]
 [57]
 [57]
 [57]
 [57]
 [57]
 [57]
 [45]
 [48]
 [32]
 [53]
 [54]
 [55]
 [51]
 [46]
 [51]
 [56]
 [57]
 [57]
 [54]
 [49]
 [57]
 [57]
 [57]
 [57]
 [57]
 [57]
 [45]
 [49]] 
------------------------ Dataset: ydr ------------------------
shape: (33, 1), dtype: uint16
Data:[[53]
 [54]
 [56]
 [57]
 [46]
 [49]
 [51]
 [51]
 [54]
 [54]
 [52]
 [57]
 [57]
 [57]
 [57]
 [57]
 [57]
 [45]
 [48]
 [32]
 [53]
 [54]
 [56]
 [57]
 [46]
 [49]
 [51]
 [55]
 [54]
 [50]
 [52]
 [45]
 [49]] 
------------------------ Dataset: yds ------------------------
shape: (13, 1), dtype: uint16
Data:[[53]
 [56]
 [49]
 [53]
 [46]
 [51]
 [57]
 [56]
 [48]
 [56]
 [50]
 [45]
 [48]] 
------------------------ Dataset: ydt ------------------------
shape: (13, 1), dtype: uint16
Data:[[54]
 [54]
 [48]
 [52]
 [46]
 [52]
 [56]
 [50]
 [49]
 [49]
 [55]
 [45]
 [49]] 
------------------------ Dataset: ydu ------------------------
shape: (33, 1), dtype: uint16
Data:[[54]
 [54]
 [50]
 [48]
 [46]
 [52]
 [52]
 [54]
 [48]
 [56]
 [49]
 [57]
 [57]
 [57]
 [57]
 [57]
 [57]
 [53]
 [45]
 [48]
 [32]
 [54]
 [54]
 [50]
 [48]
 [46]
 [52]
 [52]
 [50]
 [49]
 [49]
 [45]
 [49]] 
------------------------ Dataset: ydv ------------------------
shape: (13, 1), dtype: uint16
Data:[[54]
 [54]
 [51]
 [54]
 [46]
 [51]
 [48]
 [50]
 [48]
 [48]
 [51]
 [45]
 [48]] 
------------------------ Dataset: ydw ------------------------
shape: (41, 1), dtype: uint16
Data:[[54]
 [54]
 [53]
 [49]
 [46]
 [56]
 [57]
 [56]
 [48]
 [55]
 [53]
 [57]
 [57]
 [57]
 [57]
 [57]
 [57]
 [53]
 [45]
 [48]
 [32]
 [54]
 [54]
 [53]
 [49]
 [46]
 [56]
 [57]
 [52]
 [48]
 [53]
 [54]
 [57]
 [57]
 [57]
 [57]
 [57]
 [57]
 [53]
 [45]
 [49]] 
------------------------ Dataset: ydx ------------------------
shape: (39, 1), dtype: uint16
Data:[[54]
 [54]
 [54]
 [55]
 [46]
 [55]
 [52]
 [54]
 [48]
 [53]
 [54]
 [57]
 [57]
 [57]
 [57]
 [57]
 [57]
 [45]
 [48]
 [32]
 [54]
 [54]
 [54]
 [55]
 [46]
 [55]
 [53]
 [48]
 [48]
 [56]
 [51]
 [57]
 [57]
 [57]
 [57]
 [57]
 [57]
 [45]
 [49]] 
------------------------ Dataset: ydy ------------------------
shape: (33, 1), dtype: uint16
Data:[[54]
 [54]
 [56]
 [51]
 [46]
 [54]
 [55]
 [52]
 [48]
 [52]
 [51]
 [57]
 [57]
 [57]
 [57]
 [57]
 [57]
 [45]
 [48]
 [32]
 [54]
 [54]
 [56]
 [51]
 [46]
 [54]
 [55]
 [48]
 [48]
 [54]
 [51]
 [45]
 [49]] 
------------------------ Dataset: ydz ------------------------
shape: (33, 1), dtype: uint16
Data:[[53]
 [57]
 [48]
 [49]
 [46]
 [53]
 [56]
 [57]
 [54]
 [55]
 [55]
 [45]
 [48]
 [32]
 [53]
 [57]
 [48]
 [49]
 [46]
 [53]
 [56]
 [53]
 [54]
 [57]
 [48]
 [57]
 [57]
 [57]
 [57]
 [57]
 [57]
 [45]
 [49]] 
------------------------ Dataset: ye ------------------------

shape: (1, 6), dtype: uint32
Data:[[3707764736          2          1          1        205          1]] 
------------------------ Dataset: zdb ------------------------
shape: (34, 1), dtype: uint16
Data:[[54]
 [55]
 [54]
 [53]
 [46]
 [51]
 [53]
 [56]
 [48]
 [53]
 [51]
 [45]
 [48]
 [32]
 [54]
 [55]
 [54]
 [53]
 [46]
 [51]
 [54]
 [50]
 [51]
 [55]
 [54]
 [57]
 [57]
 [57]
 [57]
 [57]
 [57]
 [53]
 [45]
 [49]] 
------------------------ Dataset: zdc ------------------------
shape: (33, 1), dtype: uint16
Data:[[54]
 [55]
 [56]
 [49]
 [46]
 [50]
 [50]
 [50]
 [48]
 [56]
 [54]
 [45]
 [48]
 [32]
 [54]
 [55]
 [56]
 [49]
 [46]
 [50]
 [49]
 [56]
 [50]
 [53]
 [51]
 [57]
 [57]
 [57]
 [57]
 [57]
 [57]
 [45]
 [49]] 
------------------------ Dataset: zdd ------------------------
shape: (27, 1), dtype: uint16
Data:[[54]
 [50]
 [57]
 [51]
 [46]
 [57]
 [55]
 [52]
 [48]
 [48]
 [52]
 [45]
 [48]
 [32]
 [54]
 [50]
 [57]
 [51]
 [46]
 [57]
 [55]
 [48]
 [50]
 [51]
 [51]
 [45]
 [49]] 
------------------------ Dataset: zde ------------------------
shape: (39, 1), dtype: uint16
Data:[[54]
 [51]
 [48]
 [57]
 [46]
 [55]
 [57]
 [51]
 [56]
 [55]
 [52]
 [57]
 [57]
 [57]
 [57]
 [57]
 [57]
 [45]
 [48]
 [32]
 [54]
 [51]
 [48]
 [57]
 [46]
 [55]
 [57]
 [52]
 [48]
 [52]
 [51]
 [57]
 [57]
 [57]
 [57]
 [57]
 [57]
 [45]
 [49]] 
------------------------ Dataset: zdf ------------------------
shape: (27, 1), dtype: uint16
Data:[[54]
 [51]
 [50]
 [53]
 [46]
 [54]
 [50]
 [54]
 [57]
 [49]
 [53]
 [45]
 [48]
 [32]
 [54]
 [51]
 [50]
 [53]
 [46]
 [54]
 [50]
 [51]
 [50]
 [53]
 [57]
 [45]
 [49]] 
------------------------ Dataset: zdg ------------------------
shape: (33, 1), dtype: uint16
Data:[[54]
 [51]
 [52]
 [49]
 [46]
 [52]
 [55]
 [52]
 [56]
 [56]
 [54]
 [45]
 [48]
 [32]
 [54]
 [51]
 [52]
 [49]
 [46]
 [52]
 [55]
 [48]
 [49]
 [55]
 [49]
 [57]
 [57]
 [57]
 [57]
 [57]
 [57]
 [45]
 [49]] 
------------------------ Dataset: zdh ------------------------
shape: (27, 1), dtype: uint16
Data:[[54]
 [53]
 [48]
 [54]
 [46]
 [53]
 [55]
 [52]
 [53]
 [54]
 [52]
 [45]
 [48]
 [32]
 [54]
 [53]
 [48]
 [54]
 [46]
 [53]
 [55]
 [56]
 [48]
 [49]
 [53]
 [45]
 [49]] 
------------------------ Dataset: zdi ------------------------
shape: (33, 1), dtype: uint16
Data:[[54]
 [53]
 [50]
 [50]
 [46]
 [51]
 [57]
 [56]
 [50]
 [49]
 [52]
 [57]
 [57]
 [57]
 [57]
 [57]
 [57]
 [45]
 [48]
 [32]
 [54]
 [53]
 [50]
 [50]
 [46]
 [51]
 [57]
 [52]
 [53]
 [53]
 [51]
 [45]
 [49]] 
------------------------ Dataset: zdj ------------------------
shape: (33, 1), dtype: uint16
Data:[[54]
 [48]
 [49]
 [55]
 [46]
 [57]
 [54]
 [57]
 [55]
 [53]
 [52]
 [45]
 [48]
 [32]
 [54]
 [48]
 [49]
 [55]
 [46]
 [57]
 [54]
 [53]
 [56]
 [53]
 [57]
 [57]
 [57]
 [57]
 [57]
 [57]
 [57]
 [45]
 [49]] 
------------------------ Dataset: zdk ------------------------
shape: (40, 1), dtype: uint16
Data:[[54]
 [48]
 [51]
 [51]
 [46]
 [55]
 [55]
 [55]
 [57]
 [53]
 [49]
 [57]
 [57]
 [57]
 [57]
 [57]
 [57]
 [53]
 [45]
 [48]
 [32]
 [54]
 [48]
 [51]
 [51]
 [46]
 [55]
 [55]
 [53]
 [51]
 [53]
 [56]
 [57]
 [57]
 [57]
 [57]
 [57]
 [57]
 [45]
 [49]] 
------------------------ Dataset: zdl ------------------------
shape: (34, 1), dtype: uint16
Data:[[54]
 [48]
 [52]
 [57]
 [46]
 [51]
 [56]
 [49]
 [55]
 [52]
 [50]
 [45]
 [48]
 [32]
 [54]
 [48]
 [52]
 [57]
 [46]
 [51]
 [56]
 [53]
 [55]
 [52]
 [49]
 [57]
 [57]
 [57]
 [57]
 [57]
 [57]
 [53]
 [45]
 [49]] 
------------------------ Dataset: zdm ------------------------
shape: (13, 1), dtype: uint16
Data:[[54]
 [48]
 [54]
 [53]
 [46]
 [50]
 [53]
 [57]
 [49]
 [48]
 [49]
 [45]
 [49]] 
------------------------ Dataset: zdn ------------------------
shape: (34, 1), dtype: uint16
Data:[[54]
 [48]
 [56]
 [49]
 [46]
 [49]
 [56]
 [55]
 [51]
 [48]
 [49]
 [45]
 [48]
 [32]
 [54]
 [48]
 [56]
 [49]
 [46]
 [49]
 [55]
 [55]
 [55]
 [57]
 [57]
 [57]
 [57]
 [57]
 [57]
 [57]
 [57]
 [53]
 [45]
 [49]] 
------------------------ Dataset: zdo ------------------------
shape: (27, 1), dtype: uint16
Data:[[53]
 [54]
 [52]
 [49]
 [46]
 [57]
 [50]
 [57]
 [56]
 [52]
 [57]
 [45]
 [48]
 [32]
 [53]
 [54]
 [52]
 [49]
 [46]
 [57]
 [50]
 [54]
 [50]
 [54]
 [49]
 [45]
 [49]] 
------------------------ Dataset: zdp ------------------------
shape: (31, 1), dtype: uint16
Data:[[53]
 [54]
 [53]
 [55]
 [46]
 [54]
 [53]
 [52]
 [50]
 [45]
 [48]
 [32]
 [53]
 [54]
 [53]
 [55]
 [46]
 [54]
 [53]
 [55]
 [55]
 [52]
 [54]
 [57]
 [57]
 [57]
 [57]
 [57]
 [57]
 [45]
 [49]] 
------------------------ Dataset: zdq ------------------------
shape: (33, 1), dtype: uint16
Data:[[53]
 [54]
 [55]
 [51]
 [46]
 [51]
 [56]
 [57]
 [56]
 [57]
 [51]
 [45]
 [48]
 [32]
 [53]
 [54]
 [55]
 [51]
 [46]
 [51]
 [56]
 [57]
 [57]
 [54]
 [49]
 [57]
 [57]
 [57]
 [57]
 [57]
 [57]
 [45]
 [49]] 
------------------------ Dataset: zdr ------------------------
shape: (33, 1), dtype: uint16
Data:[[53]
 [54]
 [56]
 [57]
 [46]
 [49]
 [52]
 [49]
 [53]
 [51]
 [56]
 [57]
 [57]
 [57]
 [57]
 [57]
 [57]
 [45]
 [48]
 [32]
 [53]
 [54]
 [56]
 [57]
 [46]
 [49]
 [51]
 [55]
 [54]
 [50]
 [52]
 [45]
 [49]] 
------------------------ Dataset: zds ------------------------
shape: (13, 1), dtype: uint16
Data:[[53]
 [56]
 [49]
 [53]
 [46]
 [52]
 [48]
 [50]
 [48]
 [50]
 [51]
 [45]
 [49]] 
------------------------ Dataset: zdt ------------------------
shape: (12, 1), dtype: uint16
Data:[[54]
 [54]
 [48]
 [52]
 [46]
 [52]
 [56]
 [54]
 [49]
 [53]
 [45]
 [48]] 
------------------------ Dataset: zdu ------------------------
shape: (34, 1), dtype: uint16
Data:[[54]
 [54]
 [50]
 [48]
 [46]
 [52]
 [52]
 [54]
 [48]
 [56]
 [49]
 [57]
 [57]
 [57]
 [57]
 [57]
 [57]
 [53]
 [45]
 [48]
 [32]
 [54]
 [54]
 [50]
 [48]
 [46]
 [52]
 [53]
 [48]
 [48]
 [52]
 [53]
 [45]
 [49]] 
------------------------ Dataset: zdv ------------------------
shape: (19, 1), dtype: uint16
Data:[[54]
 [54]
 [51]
 [54]
 [46]
 [51]
 [48]
 [54]
 [48]
 [53]
 [53]
 [57]
 [57]
 [57]
 [57]
 [57]
 [57]
 [45]
 [49]] 
------------------------ Dataset: zdw ------------------------
shape: (34, 1), dtype: uint16
Data:[[54]
 [54]
 [53]
 [49]
 [46]
 [56]
 [57]
 [56]
 [48]
 [55]
 [53]
 [57]
 [57]
 [57]
 [57]
 [57]
 [57]
 [53]
 [45]
 [48]
 [32]
 [54]
 [54]
 [53]
 [49]
 [46]
 [57]
 [48]
 [50]
 [48]
 [50]
 [52]
 [45]
 [49]] 
------------------------ Dataset: zdx ------------------------
shape: (39, 1), dtype: uint16
Data:[[54]
 [54]
 [54]
 [55]
 [46]
 [55]
 [53]
 [52]
 [53]
 [48]
 [48]
 [57]
 [57]
 [57]
 [57]
 [57]
 [57]
 [45]
 [48]
 [32]
 [54]
 [54]
 [54]
 [55]
 [46]
 [55]
 [53]
 [48]
 [48]
 [56]
 [51]
 [57]
 [57]
 [57]
 [57]
 [57]
 [57]
 [45]
 [49]] 
------------------------ Dataset: zdy ------------------------
shape: (33, 1), dtype: uint16
Data:[[54]
 [54]
 [56]
 [51]
 [46]
 [54]
 [55]
 [52]
 [48]
 [52]
 [51]
 [57]
 [57]
 [57]
 [57]
 [57]
 [57]
 [45]
 [48]
 [32]
 [54]
 [54]
 [56]
 [51]
 [46]
 [54]
 [55]
 [56]
 [49]
 [51]
 [53]
 [45]
 [49]] 
------------------------ Dataset: zdz ------------------------
shape: (34, 1), dtype: uint16
Data:[[53]
 [57]
 [48]
 [49]
 [46]
 [53]
 [56]
 [57]
 [54]
 [55]
 [55]
 [45]
 [48]
 [32]
 [53]
 [57]
 [48]
 [49]
 [46]
 [53]
 [57]
 [51]
 [54]
 [56]
 [51]
 [57]
 [57]
 [57]
 [57]
 [57]
 [57]
 [53]
 [45]
 [49]] 
------------------------ Dataset: ze ------------------------

shape: (1, 6), dtype: uint32
Data:[[3707764736          2          1          1        206          1]] 
------------------------ Dataset: Adb ------------------------
shape: (34, 1), dtype: uint16
Data:[[54]
 [55]
 [54]
 [53]
 [46]
 [51]
 [54]
 [55]
 [50]
 [52]
 [49]
 [45]
 [48]
 [32]
 [54]
 [55]
 [54]
 [53]
 [46]
 [51]
 [54]
 [50]
 [51]
 [55]
 [54]
 [57]
 [57]
 [57]
 [57]
 [57]
 [57]
 [53]
 [45]
 [49]] 
------------------------ Dataset: Adc ------------------------
shape: (27, 1), dtype: uint16
Data:[[54]
 [55]
 [56]
 [49]
 [46]
 [50]
 [50]
 [50]
 [48]
 [56]
 [54]
 [45]
 [48]
 [32]
 [54]
 [55]
 [56]
 [49]
 [46]
 [50]
 [50]
 [54]
 [51]
 [52]
 [52]
 [45]
 [49]] 
------------------------ Dataset: Add ------------------------
shape: (26, 1), dtype: uint16
Data:[[54]
 [50]
 [57]
 [51]
 [46]
 [57]
 [55]
 [52]
 [48]
 [48]
 [52]
 [45]
 [48]
 [32]
 [54]
 [50]
 [57]
 [51]
 [46]
 [57]
 [55]
 [56]
 [48]
 [56]
 [45]
 [49]] 
------------------------ Dataset: Ade ------------------------
shape: (39, 1), dtype: uint16
Data:[[54]
 [51]
 [48]
 [57]
 [46]
 [56]
 [48]
 [52]
 [55]
 [49]
 [52]
 [57]
 [57]
 [57]
 [57]
 [57]
 [57]
 [45]
 [48]
 [32]
 [54]
 [51]
 [48]
 [57]
 [46]
 [55]
 [57]
 [52]
 [48]
 [52]
 [51]
 [57]
 [57]
 [57]
 [57]
 [57]
 [57]
 [45]
 [49]] 
------------------------ Dataset: Adf ------------------------
shape: (33, 1), dtype: uint16
Data:[[54]
 [51]
 [50]
 [53]
 [46]
 [54]
 [50]
 [54]
 [57]
 [49]
 [53]
 [45]
 [48]
 [32]
 [54]
 [51]
 [50]
 [53]
 [46]
 [54]
 [50]
 [57]
 [56]
 [54]
 [48]
 [57]
 [57]
 [57]
 [57]
 [57]
 [57]
 [45]
 [49]] 
------------------------ Dataset: Adg ------------------------
shape: (27, 1), dtype: uint16
Data:[[54]
 [51]
 [52]
 [49]
 [46]
 [52]
 [55]
 [52]
 [56]
 [56]
 [54]
 [45]
 [48]
 [32]
 [54]
 [51]
 [52]
 [49]
 [46]
 [52]
 [55]
 [55]
 [56]
 [53]
 [55]
 [45]
 [49]] 
------------------------ Dataset: Adh ------------------------
shape: (27, 1), dtype: uint16
Data:[[54]
 [53]
 [48]
 [54]
 [46]
 [53]
 [56]
 [49]
 [57]
 [54]
 [51]
 [45]
 [48]
 [32]
 [54]
 [53]
 [48]
 [54]
 [46]
 [53]
 [55]
 [56]
 [48]
 [49]
 [53]
 [45]
 [49]] 
------------------------ Dataset: Adi ------------------------
shape: (33, 1), dtype: uint16
Data:[[54]
 [53]
 [50]
 [50]
 [46]
 [51]
 [57]
 [56]
 [50]
 [49]
 [52]
 [57]
 [57]
 [57]
 [57]
 [57]
 [57]
 [45]
 [48]
 [32]
 [54]
 [53]
 [50]
 [50]
 [46]
 [52]
 [48]
 [50]
 [49]
 [56]
 [50]
 [45]
 [49]] 
------------------------ Dataset: Adj ------------------------
shape: (27, 1), dtype: uint16
Data:[[54]
 [48]
 [49]
 [55]
 [46]
 [57]
 [54]
 [57]
 [55]
 [53]
 [52]
 [45]
 [48]
 [32]
 [54]
 [48]
 [49]
 [55]
 [46]
 [57]
 [55]
 [51]
 [55]
 [50]
 [56]
 [45]
 [49]] 
------------------------ Dataset: Adk ------------------------
shape: (34, 1), dtype: uint16
Data:[[54]
 [48]
 [51]
 [51]
 [46]
 [55]
 [55]
 [55]
 [57]
 [53]
 [49]
 [57]
 [57]
 [57]
 [57]
 [57]
 [57]
 [53]
 [45]
 [48]
 [32]
 [54]
 [48]
 [51]
 [51]
 [46]
 [55]
 [56]
 [49]
 [56]
 [48]
 [53]
 [45]
 [49]] 
------------------------ Dataset: Adl ------------------------
shape: (40, 1), dtype: uint16
Data:[[54]
 [48]
 [52]
 [57]
 [46]
 [51]
 [56]
 [57]
 [56]
 [53]
 [49]
 [57]
 [57]
 [57]
 [57]
 [57]
 [57]
 [45]
 [48]
 [32]
 [54]
 [48]
 [52]
 [57]
 [46]
 [51]
 [56]
 [53]
 [55]
 [52]
 [49]
 [57]
 [57]
 [57]
 [57]
 [57]
 [57]
 [53]
 [45]
 [49]] 
------------------------ Dataset: Adm ------------------------
shape: (33, 1), dtype: uint16
Data:[[54]
 [48]
 [54]
 [53]
 [46]
 [50]
 [54]
 [55]
 [51]
 [50]
 [55]
 [45]
 [48]
 [32]
 [54]
 [48]
 [54]
 [53]
 [46]
 [50]
 [55]
 [49]
 [53]
 [56]
 [49]
 [57]
 [57]
 [57]
 [57]
 [57]
 [57]
 [45]
 [49]] 
------------------------ Dataset: Adn ------------------------
shape: (33, 1), dtype: uint16
Data:[[54]
 [48]
 [56]
 [49]
 [46]
 [49]
 [56]
 [55]
 [51]
 [48]
 [49]
 [45]
 [48]
 [32]
 [54]
 [48]
 [56]
 [49]
 [46]
 [49]
 [56]
 [55]
 [51]
 [51]
 [51]
 [57]
 [57]
 [57]
 [57]
 [57]
 [57]
 [45]
 [49]] 
------------------------ Dataset: Ado ------------------------
shape: (26, 1), dtype: uint16
Data:[[53]
 [54]
 [52]
 [49]
 [46]
 [57]
 [50]
 [57]
 [56]
 [52]
 [57]
 [45]
 [48]
 [32]
 [53]
 [54]
 [52]
 [49]
 [46]
 [57]
 [51]
 [51]
 [56]
 [56]
 [45]
 [49]] 
------------------------ Dataset: Adp ------------------------
shape: (33, 1), dtype: uint16
Data:[[53]
 [54]
 [53]
 [55]
 [46]
 [54]
 [54]
 [50]
 [57]
 [50]
 [49]
 [45]
 [48]
 [32]
 [53]
 [54]
 [53]
 [55]
 [46]
 [54]
 [53]
 [55]
 [55]
 [52]
 [54]
 [57]
 [57]
 [57]
 [57]
 [57]
 [57]
 [45]
 [49]] 
------------------------ Dataset: Adq ------------------------
shape: (39, 1), dtype: uint16
Data:[[53]
 [54]
 [55]
 [51]
 [46]
 [51]
 [57]
 [51]
 [51]
 [53]
 [52]
 [57]
 [57]
 [57]
 [57]
 [57]
 [57]
 [45]
 [48]
 [32]
 [53]
 [54]
 [55]
 [51]
 [46]
 [51]
 [56]
 [57]
 [57]
 [54]
 [49]
 [57]
 [57]
 [57]
 [57]
 [57]
 [57]
 [45]
 [49]] 
------------------------ Dataset: Adr ------------------------
shape: (32, 1), dtype: uint16
Data:[[53]
 [54]
 [56]
 [57]
 [46]
 [49]
 [52]
 [49]
 [53]
 [51]
 [56]
 [57]
 [57]
 [57]
 [57]
 [57]
 [57]
 [45]
 [48]
 [32]
 [53]
 [54]
 [56]
 [57]
 [46]
 [49]
 [52]
 [53]
 [53]
 [55]
 [45]
 [49]] 
------------------------ Dataset: Ads ------------------------
shape: (19, 1), dtype: uint16
Data:[[53]
 [56]
 [49]
 [53]
 [46]
 [52]
 [48]
 [54]
 [48]
 [51]
 [50]
 [57]
 [57]
 [57]
 [57]
 [57]
 [57]
 [45]
 [48]] 
------------------------ Dataset: Adt ------------------------
shape: (13, 1), dtype: uint16
Data:[[54]
 [54]
 [48]
 [52]
 [46]
 [52]
 [57]
 [55]
 [56]
 [57]
 [54]
 [45]
 [49]] 
------------------------ Dataset: Adu ------------------------
shape: (26, 1), dtype: uint16
Data:[[54]
 [54]
 [50]
 [48]
 [46]
 [52]
 [53]
 [51]
 [57]
 [54]
 [45]
 [48]
 [32]
 [54]
 [54]
 [50]
 [48]
 [46]
 [52]
 [53]
 [48]
 [48]
 [52]
 [53]
 [45]
 [49]] 
------------------------ Dataset: Adv ------------------------
shape: (12, 1), dtype: uint16
Data:[[54]
 [54]
 [51]
 [54]
 [46]
 [51]
 [49]
 [48]
 [50]
 [56]
 [45]
 [48]] 
------------------------ Dataset: Adw ------------------------
shape: (27, 1), dtype: uint16
Data:[[54]
 [54]
 [53]
 [49]
 [46]
 [57]
 [48]
 [53]
 [57]
 [57]
 [50]
 [45]
 [48]
 [32]
 [54]
 [54]
 [53]
 [49]
 [46]
 [57]
 [48]
 [50]
 [48]
 [50]
 [52]
 [45]
 [49]] 
------------------------ Dataset: Adx ------------------------
shape: (39, 1), dtype: uint16
Data:[[54]
 [54]
 [54]
 [55]
 [46]
 [55]
 [53]
 [52]
 [53]
 [48]
 [48]
 [57]
 [57]
 [57]
 [57]
 [57]
 [57]
 [45]
 [48]
 [32]
 [54]
 [54]
 [54]
 [55]
 [46]
 [55]
 [53]
 [56]
 [57]
 [48]
 [51]
 [57]
 [57]
 [57]
 [57]
 [57]
 [57]
 [45]
 [49]] 
------------------------ Dataset: Ady ------------------------
shape: (27, 1), dtype: uint16
Data:[[54]
 [54]
 [56]
 [51]
 [46]
 [54]
 [56]
 [50]
 [49]
 [51]
 [49]
 [45]
 [48]
 [32]
 [54]
 [54]
 [56]
 [51]
 [46]
 [54]
 [55]
 [56]
 [49]
 [51]
 [53]
 [45]
 [49]] 
------------------------ Dataset: Adz ------------------------
shape: (34, 1), dtype: uint16
Data:[[53]
 [57]
 [48]
 [49]
 [46]
 [53]
 [57]
 [55]
 [54]
 [52]
 [51]
 [45]
 [48]
 [32]
 [53]
 [57]
 [48]
 [49]
 [46]
 [53]
 [57]
 [51]
 [54]
 [56]
 [51]
 [57]
 [57]
 [57]
 [57]
 [57]
 [57]
 [53]
 [45]
 [49]] 
------------------------ Dataset: Ae ------------------------

shape: (1, 6), dtype: uint32
Data:[[3707764736          2          1          1        207          1]] 
------------------------ Dataset: Bdb ------------------------
shape: (33, 1), dtype: uint16
Data:[[54]
 [55]
 [54]
 [53]
 [46]
 [51]
 [54]
 [55]
 [50]
 [52]
 [49]
 [45]
 [48]
 [32]
 [54]
 [55]
 [54]
 [53]
 [46]
 [51]
 [55]
 [48]
 [54]
 [55]
 [50]
 [57]
 [57]
 [57]
 [57]
 [57]
 [57]
 [45]
 [49]] 
------------------------ Dataset: Bdc ------------------------
shape: (27, 1), dtype: uint16
Data:[[54]
 [55]
 [56]
 [49]
 [46]
 [50]
 [51]
 [48]
 [49]
 [57]
 [49]
 [45]
 [48]
 [32]
 [54]
 [55]
 [56]
 [49]
 [46]
 [50]
 [50]
 [54]
 [51]
 [52]
 [52]
 [45]
 [49]] 
------------------------ Dataset: Bdd ------------------------
shape: (26, 1), dtype: uint16
Data:[[54]
 [50]
 [57]
 [51]
 [46]
 [57]
 [56]
 [49]
 [57]
 [52]
 [49]
 [45]
 [48]
 [32]
 [54]
 [50]
 [57]
 [51]
 [46]
 [57]
 [55]
 [56]
 [48]
 [56]
 [45]
 [49]] 
------------------------ Dataset: Bde ------------------------
shape: (33, 1), dtype: uint16
Data:[[54]
 [51]
 [48]
 [57]
 [46]
 [56]
 [48]
 [52]
 [55]
 [49]
 [52]
 [57]
 [57]
 [57]
 [57]
 [57]
 [57]
 [45]
 [48]
 [32]
 [54]
 [51]
 [48]
 [57]
 [46]
 [56]
 [48]
 [52]
 [57]
 [51]
 [55]
 [45]
 [49]] 
------------------------ Dataset: Bdf ------------------------
shape: (32, 1), dtype: uint16
Data:[[54]
 [51]
 [50]
 [53]
 [46]
 [54]
 [51]
 [51]
 [56]
 [50]
 [45]
 [48]
 [32]
 [54]
 [51]
 [50]
 [53]
 [46]
 [54]
 [50]
 [57]
 [56]
 [54]
 [48]
 [57]
 [57]
 [57]
 [57]
 [57]
 [57]
 [45]
 [49]] 
------------------------ Dataset: Bdg ------------------------
shape: (34, 1), dtype: uint16
Data:[[54]
 [51]
 [52]
 [49]
 [46]
 [52]
 [56]
 [49]
 [56]
 [51]
 [57]
 [57]
 [57]
 [57]
 [57]
 [57]
 [57]
 [53]
 [45]
 [48]
 [32]
 [54]
 [51]
 [52]
 [49]
 [46]
 [52]
 [55]
 [55]
 [56]
 [53]
 [55]
 [45]
 [49]] 
------------------------ Dataset: Bdh ------------------------
shape: (27, 1), dtype: uint16
Data:[[54]
 [53]
 [48]
 [54]
 [46]
 [53]
 [56]
 [49]
 [57]
 [54]
 [51]
 [45]
 [48]
 [32]
 [54]
 [53]
 [48]
 [54]
 [46]
 [53]
 [56]
 [53]
 [57]
 [57]
 [52]
 [45]
 [49]] 
------------------------ Dataset: Bdi ------------------------
shape: (27, 1), dtype: uint16
Data:[[54]
 [53]
 [50]
 [50]
 [46]
 [52]
 [48]
 [54]
 [51]
 [49]
 [55]
 [45]
 [48]
 [32]
 [54]
 [53]
 [50]
 [50]
 [46]
 [52]
 [48]
 [50]
 [49]
 [56]
 [50]
 [45]
 [49]] 
------------------------ Dataset: Bdj ------------------------
shape: (33, 1), dtype: uint16
Data:[[54]
 [48]
 [49]
 [55]
 [46]
 [57]
 [55]
 [55]
 [55]
 [48]
 [49]
 [57]
 [57]
 [57]
 [57]
 [57]
 [57]
 [45]
 [48]
 [32]
 [54]
 [48]
 [49]
 [55]
 [46]
 [57]
 [55]
 [51]
 [55]
 [50]
 [56]
 [45]
 [49]] 
------------------------ Dataset: Bdk ------------------------
shape: (27, 1), dtype: uint16
Data:[[54]
 [48]
 [51]
 [51]
 [46]
 [55]
 [56]
 [53]
 [56]
 [52]
 [49]
 [45]
 [48]
 [32]
 [54]
 [48]
 [51]
 [51]
 [46]
 [55]
 [56]
 [49]
 [56]
 [48]
 [53]
 [45]
 [49]] 
------------------------ Dataset: Bdl ------------------------
shape: (32, 1), dtype: uint16
Data:[[54]
 [48]
 [52]
 [57]
 [46]
 [51]
 [56]
 [57]
 [56]
 [53]
 [49]
 [57]
 [57]
 [57]
 [57]
 [57]
 [57]
 [45]
 [48]
 [32]
 [54]
 [48]
 [52]
 [57]
 [46]
 [51]
 [57]
 [51]
 [56]
 [56]
 [45]
 [49]] 
------------------------ Dataset: Bdm ------------------------
shape: (33, 1), dtype: uint16
Data:[[54]
 [48]
 [54]
 [53]
 [46]
 [50]
 [56]
 [49]
 [55]
 [50]
 [55]
 [45]
 [48]
 [32]
 [54]
 [48]
 [54]
 [53]
 [46]
 [50]
 [55]
 [49]
 [53]
 [56]
 [49]
 [57]
 [57]
 [57]
 [57]
 [57]
 [57]
 [45]
 [49]] 
------------------------ Dataset: Bdn ------------------------
shape: (33, 1), dtype: uint16
Data:[[54]
 [48]
 [56]
 [49]
 [46]
 [49]
 [57]
 [48]
 [50]
 [49]
 [54]
 [45]
 [48]
 [32]
 [54]
 [48]
 [56]
 [49]
 [46]
 [49]
 [56]
 [55]
 [51]
 [51]
 [51]
 [57]
 [57]
 [57]
 [57]
 [57]
 [57]
 [45]
 [49]] 
------------------------ Dataset: Bdo ------------------------
shape: (25, 1), dtype: uint16
Data:[[53]
 [54]
 [52]
 [49]
 [46]
 [57]
 [51]
 [55]
 [53]
 [55]
 [45]
 [48]
 [32]
 [53]
 [54]
 [52]
 [49]
 [46]
 [57]
 [51]
 [51]
 [56]
 [56]
 [45]
 [49]] 
------------------------ Dataset: Bdp ------------------------
shape: (34, 1), dtype: uint16
Data:[[53]
 [54]
 [53]
 [55]
 [46]
 [54]
 [54]
 [50]
 [57]
 [50]
 [49]
 [45]
 [48]
 [32]
 [53]
 [54]
 [53]
 [55]
 [46]
 [54]
 [54]
 [55]
 [51]
 [52]
 [51]
 [57]
 [57]
 [57]
 [57]
 [57]
 [57]
 [53]
 [45]
 [49]] 
------------------------ Dataset: Bdq ------------------------
shape: (33, 1), dtype: uint16
Data:[[53]
 [54]
 [55]
 [51]
 [46]
 [51]
 [57]
 [51]
 [51]
 [53]
 [52]
 [57]
 [57]
 [57]
 [57]
 [57]
 [57]
 [45]
 [48]
 [32]
 [53]
 [54]
 [55]
 [51]
 [46]
 [51]
 [57]
 [51]
 [57]
 [54]
 [49]
 [45]
 [49]] 
------------------------ Dataset: Bdr ------------------------
shape: (26, 1), dtype: uint16
Data:[[53]
 [54]
 [56]
 [57]
 [46]
 [49]
 [52]
 [57]
 [53]
 [52]
 [52]
 [45]
 [48]
 [32]
 [53]
 [54]
 [56]
 [57]
 [46]
 [49]
 [52]
 [53]
 [53]
 [55]
 [45]
 [49]] 
------------------------ Dataset: Bds ------------------------
shape: (19, 1), dtype: uint16
Data:[[53]
 [56]
 [49]
 [53]
 [46]
 [52]
 [49]
 [48]
 [49]
 [49]
 [48]
 [57]
 [57]
 [57]
 [57]
 [57]
 [57]
 [45]
 [49]] 
------------------------ Dataset: Bdt ------------------------
shape: (13, 1), dtype: uint16
Data:[[54]
 [54]
 [48]
 [52]
 [46]
 [52]
 [57]
 [56]
 [49]
 [57]
 [49]
 [45]
 [48]] 
------------------------ Dataset: Bdu ------------------------
shape: (32, 1), dtype: uint16
Data:[[54]
 [54]
 [50]
 [48]
 [46]
 [52]
 [53]
 [51]
 [57]
 [54]
 [45]
 [48]
 [32]
 [54]
 [54]
 [50]
 [48]
 [46]
 [52]
 [53]
 [56]
 [48]
 [50]
 [56]
 [57]
 [57]
 [57]
 [57]
 [57]
 [57]
 [45]
 [49]] 
------------------------ Dataset: Bdv ------------------------
shape: (13, 1), dtype: uint16
Data:[[54]
 [54]
 [51]
 [54]
 [46]
 [51]
 [49]
 [54]
 [57]
 [51]
 [50]
 [45]
 [49]] 
------------------------ Dataset: Bdw ------------------------
shape: (27, 1), dtype: uint16
Data:[[54]
 [54]
 [53]
 [49]
 [46]
 [57]
 [48]
 [53]
 [57]
 [57]
 [50]
 [45]
 [48]
 [32]
 [54]
 [54]
 [53]
 [49]
 [46]
 [57]
 [49]
 [51]
 [57]
 [53]
 [56]
 [45]
 [49]] 
------------------------ Dataset: Bdx ------------------------
shape: (31, 1), dtype: uint16
Data:[[54]
 [54]
 [54]
 [55]
 [46]
 [55]
 [54]
 [50]
 [54]
 [45]
 [48]
 [32]
 [54]
 [54]
 [54]
 [55]
 [46]
 [55]
 [53]
 [56]
 [57]
 [48]
 [51]
 [57]
 [57]
 [57]
 [57]
 [57]
 [57]
 [45]
 [49]] 
------------------------ Dataset: Bdy ------------------------
shape: (27, 1), dtype: uint16
Data:[[54]
 [54]
 [56]
 [51]
 [46]
 [54]
 [56]
 [50]
 [49]
 [51]
 [49]
 [45]
 [48]
 [32]
 [54]
 [54]
 [56]
 [51]
 [46]
 [54]
 [56]
 [55]
 [48]
 [48]
 [50]
 [45]
 [49]] 
------------------------ Dataset: Bdz ------------------------
shape: (33, 1), dtype: uint16
Data:[[53]
 [57]
 [48]
 [49]
 [46]
 [53]
 [57]
 [55]
 [54]
 [52]
 [51]
 [45]
 [48]
 [32]
 [53]
 [57]
 [48]
 [49]
 [46]
 [54]
 [48]
 [50]
 [56]
 [54]
 [48]
 [57]
 [57]
 [57]
 [57]
 [57]
 [57]
 [45]
 [49]] 
------------------------ Dataset: Be ------------------------

shape: (1, 6), dtype: uint32
Data:[[3707764736          2          1          1        208          1]] 
------------------------ Dataset: Cdb ------------------------
shape: (39, 1), dtype: uint16
Data:[[54]
 [55]
 [54]
 [53]
 [46]
 [51]
 [55]
 [52]
 [52]
 [48]
 [54]
 [57]
 [57]
 [57]
 [57]
 [57]
 [57]
 [45]
 [48]
 [32]
 [54]
 [55]
 [54]
 [53]
 [46]
 [51]
 [55]
 [48]
 [54]
 [55]
 [50]
 [57]
 [57]
 [57]
 [57]
 [57]
 [57]
 [45]
 [49]] 
------------------------ Dataset: Cdc ------------------------
shape: (27, 1), dtype: uint16
Data:[[54]
 [55]
 [56]
 [49]
 [46]
 [50]
 [51]
 [48]
 [49]
 [57]
 [49]
 [45]
 [48]
 [32]
 [54]
 [55]
 [56]
 [49]
 [46]
 [50]
 [51]
 [53]
 [54]
 [49]
 [49]
 [45]
 [49]] 
------------------------ Dataset: Cdd ------------------------
shape: (27, 1), dtype: uint16
Data:[[54]
 [50]
 [57]
 [51]
 [46]
 [57]
 [56]
 [49]
 [57]
 [52]
 [49]
 [45]
 [48]
 [32]
 [54]
 [50]
 [57]
 [51]
 [46]
 [57]
 [56]
 [53]
 [57]
 [50]
 [56]
 [45]
 [49]] 
------------------------ Dataset: Cde ------------------------
shape: (27, 1), dtype: uint16
Data:[[54]
 [51]
 [48]
 [57]
 [46]
 [56]
 [48]
 [57]
 [57]
 [53]
 [53]
 [45]
 [48]
 [32]
 [54]
 [51]
 [48]
 [57]
 [46]
 [56]
 [48]
 [52]
 [57]
 [51]
 [55]
 [45]
 [49]] 
------------------------ Dataset: Cdf ------------------------
shape: (26, 1), dtype: uint16
Data:[[54]
 [51]
 [50]
 [53]
 [46]
 [54]
 [51]
 [51]
 [56]
 [50]
 [45]
 [48]
 [32]
 [54]
 [51]
 [50]
 [53]
 [46]
 [54]
 [51]
 [55]
 [56]
 [57]
 [53]
 [45]
 [49]] 
------------------------ Dataset: Cdg ------------------------
shape: (34, 1), dtype: uint16
Data:[[54]
 [51]
 [52]
 [49]
 [46]
 [52]
 [56]
 [49]
 [56]
 [51]
 [57]
 [57]
 [57]
 [57]
 [57]
 [57]
 [57]
 [53]
 [45]
 [48]
 [32]
 [54]
 [51]
 [52]
 [49]
 [46]
 [52]
 [56]
 [53]
 [56]
 [52]
 [52]
 [45]
 [49]] 
------------------------ Dataset: Cdh ------------------------
shape: (33, 1), dtype: uint16
Data:[[54]
 [53]
 [48]
 [54]
 [46]
 [53]
 [56]
 [57]
 [57]
 [48]
 [48]
 [57]
 [57]
 [57]
 [57]
 [57]
 [57]
 [45]
 [48]
 [32]
 [54]
 [53]
 [48]
 [54]
 [46]
 [53]
 [56]
 [53]
 [57]
 [57]
 [52]
 [45]
 [49]] 
------------------------ Dataset: Cdi ------------------------
shape: (27, 1), dtype: uint16
Data:[[54]
 [53]
 [50]
 [50]
 [46]
 [52]
 [48]
 [54]
 [51]
 [49]
 [55]
 [45]
 [48]
 [32]
 [54]
 [53]
 [50]
 [50]
 [46]
 [52]
 [49]
 [48]
 [48]
 [51]
 [50]
 [45]
 [49]] 
------------------------ Dataset: Cdj ------------------------
shape: (39, 1), dtype: uint16
Data:[[54]
 [48]
 [49]
 [55]
 [46]
 [57]
 [55]
 [55]
 [55]
 [48]
 [49]
 [57]
 [57]
 [57]
 [57]
 [57]
 [57]
 [45]
 [48]
 [32]
 [54]
 [48]
 [49]
 [55]
 [46]
 [57]
 [56]
 [49]
 [55]
 [55]
 [52]
 [57]
 [57]
 [57]
 [57]
 [57]
 [57]
 [45]
 [49]] 
------------------------ Dataset: Cdk ------------------------
shape: (34, 1), dtype: uint16
Data:[[54]
 [48]
 [51]
 [51]
 [46]
 [55]
 [56]
 [53]
 [56]
 [52]
 [49]
 [45]
 [48]
 [32]
 [54]
 [48]
 [51]
 [51]
 [46]
 [55]
 [56]
 [57]
 [56]
 [53]
 [48]
 [57]
 [57]
 [57]
 [57]
 [57]
 [57]
 [53]
 [45]
 [49]] 
------------------------ Dataset: Cdl ------------------------
shape: (26, 1), dtype: uint16
Data:[[54]
 [48]
 [52]
 [57]
 [46]
 [51]
 [57]
 [55]
 [56]
 [49]
 [49]
 [45]
 [48]
 [32]
 [54]
 [48]
 [52]
 [57]
 [46]
 [51]
 [57]
 [51]
 [56]
 [56]
 [45]
 [49]] 
------------------------ Dataset: Cdm ------------------------
shape: (27, 1), dtype: uint16
Data:[[54]
 [48]
 [54]
 [53]
 [46]
 [50]
 [56]
 [49]
 [55]
 [50]
 [55]
 [45]
 [48]
 [32]
 [54]
 [48]
 [54]
 [53]
 [46]
 [50]
 [56]
 [54]
 [50]
 [54]
 [51]
 [45]
 [49]] 
------------------------ Dataset: Cdn ------------------------
shape: (27, 1), dtype: uint16
Data:[[54]
 [48]
 [56]
 [49]
 [46]
 [49]
 [57]
 [48]
 [50]
 [49]
 [54]
 [45]
 [48]
 [32]
 [54]
 [48]
 [56]
 [49]
 [46]
 [49]
 [57]
 [51]
 [56]
 [54]
 [50]
 [45]
 [49]] 
------------------------ Dataset: Cdo ------------------------
shape: (26, 1), dtype: uint16
Data:[[53]
 [54]
 [52]
 [49]
 [46]
 [57]
 [51]
 [55]
 [53]
 [55]
 [45]
 [48]
 [32]
 [53]
 [54]
 [52]
 [49]
 [46]
 [57]
 [52]
 [49]
 [53]
 [54]
 [52]
 [45]
 [49]] 
------------------------ Dataset: Cdp ------------------------
shape: (40, 1), dtype: uint16
Data:[[53]
 [54]
 [53]
 [55]
 [46]
 [54]
 [55]
 [50]
 [56]
 [52]
 [50]
 [57]
 [57]
 [57]
 [57]
 [57]
 [57]
 [45]
 [48]
 [32]
 [53]
 [54]
 [53]
 [55]
 [46]
 [54]
 [54]
 [55]
 [51]
 [52]
 [51]
 [57]
 [57]
 [57]
 [57]
 [57]
 [57]
 [53]
 [45]
 [49]] 
------------------------ Dataset: Cdq ------------------------
shape: (33, 1), dtype: uint16
Data:[[53]
 [54]
 [55]
 [51]
 [46]
 [51]
 [57]
 [56]
 [48]
 [49]
 [51]
 [57]
 [57]
 [57]
 [57]
 [57]
 [57]
 [45]
 [48]
 [32]
 [53]
 [54]
 [55]
 [51]
 [46]
 [51]
 [57]
 [51]
 [57]
 [54]
 [49]
 [45]
 [49]] 
------------------------ Dataset: Cdr ------------------------
shape: (33, 1), dtype: uint16
Data:[[53]
 [54]
 [56]
 [57]
 [46]
 [49]
 [52]
 [57]
 [53]
 [52]
 [52]
 [45]
 [48]
 [32]
 [53]
 [54]
 [56]
 [57]
 [46]
 [49]
 [53]
 [51]
 [53]
 [57]
 [48]
 [57]
 [57]
 [57]
 [57]
 [57]
 [57]
 [45]
 [49]] 
------------------------ Dataset: Cds ------------------------
shape: (19, 1), dtype: uint16
Data:[[53]
 [56]
 [49]
 [53]
 [46]
 [52]
 [49]
 [51]
 [54]
 [55]
 [48]
 [57]
 [57]
 [57]
 [57]
 [57]
 [57]
 [45]
 [48]] 
------------------------ Dataset: Cdt ------------------------
shape: (13, 1), dtype: uint16
Data:[[54]
 [54]
 [48]
 [52]
 [46]
 [53]
 [48]
 [50]
 [50]
 [54]
 [57]
 [45]
 [49]] 
------------------------ Dataset: Cdu ------------------------
shape: (33, 1), dtype: uint16
Data:[[54]
 [54]
 [50]
 [48]
 [46]
 [52]
 [54]
 [55]
 [56]
 [53]
 [55]
 [45]
 [48]
 [32]
 [54]
 [54]
 [50]
 [48]
 [46]
 [52]
 [53]
 [56]
 [48]
 [50]
 [56]
 [57]
 [57]
 [57]
 [57]
 [57]
 [57]
 [45]
 [49]] 
------------------------ Dataset: Cdv ------------------------
shape: (13, 1), dtype: uint16
Data:[[54]
 [54]
 [51]
 [54]
 [46]
 [51]
 [50]
 [50]
 [52]
 [51]
 [55]
 [45]
 [49]] 
------------------------ Dataset: Cdw ------------------------
shape: (34, 1), dtype: uint16
Data:[[54]
 [54]
 [53]
 [49]
 [46]
 [57]
 [49]
 [52]
 [52]
 [54]
 [51]
 [57]
 [57]
 [57]
 [57]
 [57]
 [57]
 [53]
 [45]
 [48]
 [32]
 [54]
 [54]
 [53]
 [49]
 [46]
 [57]
 [49]
 [51]
 [57]
 [53]
 [56]
 [45]
 [49]] 
------------------------ Dataset: Cdx ------------------------
shape: (31, 1), dtype: uint16
Data:[[54]
 [54]
 [54]
 [55]
 [46]
 [55]
 [54]
 [50]
 [54]
 [45]
 [48]
 [32]
 [54]
 [54]
 [54]
 [55]
 [46]
 [55]
 [54]
 [54]
 [49]
 [51]
 [48]
 [57]
 [57]
 [57]
 [57]
 [57]
 [57]
 [45]
 [49]] 
------------------------ Dataset: Cdy ------------------------
shape: (33, 1), dtype: uint16
Data:[[54]
 [54]
 [56]
 [51]
 [46]
 [54]
 [56]
 [57]
 [57]
 [57]
 [51]
 [57]
 [57]
 [57]
 [57]
 [57]
 [57]
 [45]
 [48]
 [32]
 [54]
 [54]
 [56]
 [51]
 [46]
 [54]
 [56]
 [55]
 [48]
 [48]
 [50]
 [45]
 [49]] 
------------------------ Dataset: Cdz ------------------------
shape: (33, 1), dtype: uint16
Data:[[53]
 [57]
 [48]
 [49]
 [46]
 [54]
 [48]
 [54]
 [48]
 [49]
 [49]
 [45]
 [48]
 [32]
 [53]
 [57]
 [48]
 [49]
 [46]
 [54]
 [48]
 [50]
 [56]
 [54]
 [48]
 [57]
 [57]
 [57]
 [57]
 [57]
 [57]
 [45]
 [49]] 
------------------------ Dataset: Ce ------------------------

shape: (1, 6), dtype: uint32
Data:[[3707764736          2          1          1        209          1]] 
------------------------ Dataset: Ddb ------------------------
shape: (33, 1), dtype: uint16
Data:[[54]
 [55]
 [54]
 [53]
 [46]
 [51]
 [55]
 [52]
 [52]
 [48]
 [54]
 [57]
 [57]
 [57]
 [57]
 [57]
 [57]
 [45]
 [48]
 [32]
 [54]
 [55]
 [54]
 [53]
 [46]
 [51]
 [55]
 [56]
 [49]
 [54]
 [49]
 [45]
 [49]] 
------------------------ Dataset: Ddc ------------------------
shape: (27, 1), dtype: uint16
Data:[[54]
 [55]
 [56]
 [49]
 [46]
 [50]
 [51]
 [56]
 [50]
 [57]
 [52]
 [45]
 [48]
 [32]
 [54]
 [55]
 [56]
 [49]
 [46]
 [50]
 [51]
 [53]
 [54]
 [49]
 [49]
 [45]
 [49]] 
------------------------ Dataset: Ddd ------------------------
shape: (27, 1), dtype: uint16
Data:[[54]
 [50]
 [57]
 [51]
 [46]
 [57]
 [56]
 [57]
 [57]
 [50]
 [50]
 [45]
 [48]
 [32]
 [54]
 [50]
 [57]
 [51]
 [46]
 [57]
 [56]
 [53]
 [57]
 [50]
 [56]
 [45]
 [49]] 
------------------------ Dataset: Dde ------------------------
shape: (27, 1), dtype: uint16
Data:[[54]
 [51]
 [48]
 [57]
 [46]
 [56]
 [48]
 [57]
 [57]
 [53]
 [53]
 [45]
 [48]
 [32]
 [54]
 [51]
 [48]
 [57]
 [46]
 [56]
 [48]
 [57]
 [57]
 [53]
 [56]
 [45]
 [49]] 
------------------------ Dataset: Ddf ------------------------
shape: (33, 1), dtype: uint16
Data:[[54]
 [51]
 [50]
 [53]
 [46]
 [54]
 [52]
 [49]
 [56]
 [55]
 [57]
 [57]
 [57]
 [57]
 [57]
 [57]
 [57]
 [45]
 [48]
 [32]
 [54]
 [51]
 [50]
 [53]
 [46]
 [54]
 [51]
 [55]
 [56]
 [57]
 [53]
 [45]
 [49]] 
------------------------ Dataset: Ddg ------------------------
shape: (27, 1), dtype: uint16
Data:[[54]
 [51]
 [52]
 [49]
 [46]
 [52]
 [56]
 [57]
 [56]
 [52]
 [49]
 [45]
 [48]
 [32]
 [54]
 [51]
 [52]
 [49]
 [46]
 [52]
 [56]
 [53]
 [56]
 [52]
 [52]
 [45]
 [49]] 
------------------------ Dataset: Ddh ------------------------
shape: (39, 1), dtype: uint16
Data:[[54]
 [53]
 [48]
 [54]
 [46]
 [53]
 [56]
 [57]
 [57]
 [48]
 [48]
 [57]
 [57]
 [57]
 [57]
 [57]
 [57]
 [45]
 [48]
 [32]
 [54]
 [53]
 [48]
 [54]
 [46]
 [53]
 [57]
 [55]
 [57]
 [52]
 [57]
 [57]
 [57]
 [57]
 [57]
 [57]
 [57]
 [45]
 [49]] 
------------------------ Dataset: Ddi ------------------------
shape: (27, 1), dtype: uint16
Data:[[54]
 [53]
 [50]
 [50]
 [46]
 [52]
 [49]
 [51]
 [57]
 [57]
 [56]
 [45]
 [48]
 [32]
 [54]
 [53]
 [50]
 [50]
 [46]
 [52]
 [49]
 [48]
 [48]
 [51]
 [50]
 [45]
 [49]] 
------------------------ Dataset: Ddj ------------------------
shape: (40, 1), dtype: uint16
Data:[[54]
 [48]
 [49]
 [55]
 [46]
 [57]
 [56]
 [54]
 [49]
 [55]
 [56]
 [57]
 [57]
 [57]
 [57]
 [57]
 [57]
 [53]
 [45]
 [48]
 [32]
 [54]
 [48]
 [49]
 [55]
 [46]
 [57]
 [56]
 [49]
 [55]
 [55]
 [52]
 [57]
 [57]
 [57]
 [57]
 [57]
 [57]
 [45]
 [49]] 
------------------------ Dataset: Ddk ------------------------
shape: (40, 1), dtype: uint16
Data:[[54]
 [48]
 [51]
 [51]
 [46]
 [55]
 [57]
 [51]
 [55]
 [56]
 [48]
 [57]
 [57]
 [57]
 [57]
 [57]
 [57]
 [45]
 [48]
 [32]
 [54]
 [48]
 [51]
 [51]
 [46]
 [55]
 [56]
 [57]
 [56]
 [53]
 [48]
 [57]
 [57]
 [57]
 [57]
 [57]
 [57]
 [53]
 [45]
 [49]] 
------------------------ Dataset: Ddl ------------------------
shape: (33, 1), dtype: uint16
Data:[[54]
 [48]
 [52]
 [57]
 [46]
 [51]
 [57]
 [55]
 [56]
 [49]
 [49]
 [45]
 [48]
 [32]
 [54]
 [48]
 [52]
 [57]
 [46]
 [52]
 [48]
 [49]
 [55]
 [53]
 [56]
 [57]
 [57]
 [57]
 [57]
 [57]
 [57]
 [45]
 [49]] 
------------------------ Dataset: Ddm ------------------------
shape: (27, 1), dtype: uint16
Data:[[54]
 [48]
 [54]
 [53]
 [46]
 [50]
 [57]
 [48]
 [53]
 [48]
 [55]
 [45]
 [48]
 [32]
 [54]
 [48]
 [54]
 [53]
 [46]
 [50]
 [56]
 [54]
 [50]
 [54]
 [51]
 [45]
 [49]] 
------------------------ Dataset: Ddn ------------------------
shape: (27, 1), dtype: uint16
Data:[[54]
 [48]
 [56]
 [49]
 [46]
 [49]
 [57]
 [55]
 [55]
 [56]
 [54]
 [45]
 [48]
 [32]
 [54]
 [48]
 [56]
 [49]
 [46]
 [49]
 [57]
 [51]
 [56]
 [54]
 [50]
 [45]
 [49]] 
------------------------ Dataset: Ddo ------------------------
shape: (27, 1), dtype: uint16
Data:[[53]
 [54]
 [52]
 [49]
 [46]
 [57]
 [52]
 [53]
 [54]
 [49]
 [56]
 [45]
 [48]
 [32]
 [53]
 [54]
 [52]
 [49]
 [46]
 [57]
 [52]
 [49]
 [53]
 [54]
 [52]
 [45]
 [49]] 
------------------------ Dataset: Ddp ------------------------
shape: (33, 1), dtype: uint16
Data:[[53]
 [54]
 [53]
 [55]
 [46]
 [54]
 [55]
 [50]
 [56]
 [52]
 [50]
 [57]
 [57]
 [57]
 [57]
 [57]
 [57]
 [45]
 [48]
 [32]
 [53]
 [54]
 [53]
 [55]
 [46]
 [54]
 [55]
 [56]
 [50]
 [51]
 [55]
 [45]
 [49]] 
------------------------ Dataset: Ddq ------------------------
shape: (33, 1), dtype: uint16
Data:[[53]
 [54]
 [55]
 [51]
 [46]
 [51]
 [57]
 [56]
 [48]
 [49]
 [51]
 [57]
 [57]
 [57]
 [57]
 [57]
 [57]
 [45]
 [48]
 [32]
 [53]
 [54]
 [55]
 [51]
 [46]
 [52]
 [48]
 [49]
 [54]
 [48]
 [49]
 [45]
 [49]] 
------------------------ Dataset: Ddr ------------------------
shape: (33, 1), dtype: uint16
Data:[[53]
 [54]
 [56]
 [57]
 [46]
 [49]
 [53]
 [55]
 [53]
 [56]
 [50]
 [45]
 [48]
 [32]
 [53]
 [54]
 [56]
 [57]
 [46]
 [49]
 [53]
 [51]
 [53]
 [57]
 [48]
 [57]
 [57]
 [57]
 [57]
 [57]
 [57]
 [45]
 [49]] 
------------------------ Dataset: Dds ------------------------
shape: (19, 1), dtype: uint16
Data:[[53]
 [56]
 [49]
 [53]
 [46]
 [52]
 [49]
 [55]
 [55]
 [52]
 [51]
 [57]
 [57]
 [57]
 [57]
 [57]
 [57]
 [45]
 [49]] 
------------------------ Dataset: Ddt ------------------------
shape: (13, 1), dtype: uint16
Data:[[54]
 [54]
 [48]
 [52]
 [46]
 [53]
 [48]
 [50]
 [51]
 [53]
 [49]
 [45]
 [48]] 
------------------------ Dataset: Ddu ------------------------
shape: (27, 1), dtype: uint16
Data:[[54]
 [54]
 [50]
 [48]
 [46]
 [52]
 [54]
 [55]
 [56]
 [53]
 [55]
 [45]
 [48]
 [32]
 [54]
 [54]
 [50]
 [48]
 [46]
 [52]
 [54]
 [57]
 [50]
 [55]
 [54]
 [45]
 [49]] 
------------------------ Dataset: Ddv ------------------------
shape: (33, 1), dtype: uint16
Data:[[54]
 [54]
 [51]
 [54]
 [46]
 [51]
 [49]
 [56]
 [51]
 [52]
 [51]
 [57]
 [57]
 [57]
 [57]
 [57]
 [57]
 [45]
 [48]
 [32]
 [54]
 [54]
 [51]
 [54]
 [46]
 [51]
 [51]
 [48]
 [49]
 [48]
 [50]
 [45]
 [49]] 
------------------------ Dataset: Ddw ------------------------
shape: (34, 1), dtype: uint16
Data:[[54]
 [54]
 [53]
 [49]
 [46]
 [57]
 [49]
 [52]
 [52]
 [54]
 [51]
 [57]
 [57]
 [57]
 [57]
 [57]
 [57]
 [53]
 [45]
 [48]
 [32]
 [54]
 [54]
 [53]
 [49]
 [46]
 [57]
 [49]
 [56]
 [51]
 [51]
 [57]
 [45]
 [49]] 
------------------------ Dataset: Ddx ------------------------
shape: (33, 1), dtype: uint16
Data:[[54]
 [54]
 [54]
 [55]
 [46]
 [55]
 [55]
 [48]
 [49]
 [50]
 [49]
 [45]
 [48]
 [32]
 [54]
 [54]
 [54]
 [55]
 [46]
 [55]
 [54]
 [54]
 [49]
 [51]
 [48]
 [57]
 [57]
 [57]
 [57]
 [57]
 [57]
 [45]
 [49]] 
------------------------ Dataset: Ddy ------------------------
shape: (32, 1), dtype: uint16
Data:[[54]
 [54]
 [56]
 [51]
 [46]
 [54]
 [56]
 [57]
 [57]
 [57]
 [51]
 [57]
 [57]
 [57]
 [57]
 [57]
 [57]
 [45]
 [48]
 [32]
 [54]
 [54]
 [56]
 [51]
 [46]
 [54]
 [57]
 [52]
 [48]
 [51]
 [45]
 [49]] 
------------------------ Dataset: Ddz ------------------------
shape: (27, 1), dtype: uint16
Data:[[53]
 [57]
 [48]
 [49]
 [46]
 [54]
 [48]
 [54]
 [48]
 [49]
 [49]
 [45]
 [48]
 [32]
 [53]
 [57]
 [48]
 [49]
 [46]
 [54]
 [48]
 [57]
 [55]
 [50]
 [57]
 [45]
 [49]] 
------------------------ Dataset: De ------------------------

shape: (1, 6), dtype: uint32
Data:[[3707764736          2          1          1        210          1]] 
------------------------ Dataset: Edb ------------------------
shape: (27, 1), dtype: uint16
Data:[[54]
 [55]
 [54]
 [53]
 [46]
 [51]
 [56]
 [50]
 [49]
 [52]
 [54]
 [45]
 [48]
 [32]
 [54]
 [55]
 [54]
 [53]
 [46]
 [51]
 [55]
 [56]
 [49]
 [54]
 [49]
 [45]
 [49]] 
------------------------ Dataset: Edc ------------------------
shape: (27, 1), dtype: uint16
Data:[[54]
 [55]
 [56]
 [49]
 [46]
 [50]
 [51]
 [56]
 [50]
 [57]
 [52]
 [45]
 [48]
 [32]
 [54]
 [55]
 [56]
 [49]
 [46]
 [50]
 [52]
 [50]
 [50]
 [50]
 [53]
 [45]
 [49]] 
------------------------ Dataset: Edd ------------------------
shape: (33, 1), dtype: uint16
Data:[[54]
 [50]
 [57]
 [51]
 [46]
 [57]
 [56]
 [57]
 [57]
 [50]
 [50]
 [45]
 [48]
 [32]
 [54]
 [50]
 [57]
 [51]
 [46]
 [57]
 [57]
 [51]
 [57]
 [50]
 [51]
 [57]
 [57]
 [57]
 [57]
 [57]
 [57]
 [45]
 [49]] 
------------------------ Dataset: Ede ------------------------
shape: (27, 1), dtype: uint16
Data:[[54]
 [51]
 [48]
 [57]
 [46]
 [56]
 [49]
 [55]
 [56]
 [52]
 [49]
 [45]
 [48]
 [32]
 [54]
 [51]
 [48]
 [57]
 [46]
 [56]
 [48]
 [57]
 [57]
 [53]
 [56]
 [45]
 [49]] 
------------------------ Dataset: Edf ------------------------
shape: (33, 1), dtype: uint16
Data:[[54]
 [51]
 [50]
 [53]
 [46]
 [54]
 [52]
 [49]
 [56]
 [55]
 [57]
 [57]
 [57]
 [57]
 [57]
 [57]
 [57]
 [45]
 [48]
 [32]
 [54]
 [51]
 [50]
 [53]
 [46]
 [54]
 [52]
 [53]
 [56]
 [55]
 [50]
 [45]
 [49]] 
------------------------ Dataset: Edg ------------------------
shape: (33, 1), dtype: uint16
Data:[[54]
 [51]
 [52]
 [49]
 [46]
 [52]
 [56]
 [57]
 [56]
 [52]
 [49]
 [45]
 [48]
 [32]
 [54]
 [51]
 [52]
 [49]
 [46]
 [52]
 [57]
 [51]
 [56]
 [56]
 [53]
 [57]
 [57]
 [57]
 [57]
 [57]
 [57]
 [45]
 [49]] 
------------------------ Dataset: Edh ------------------------
shape: (33, 1), dtype: uint16
Data:[[54]
 [53]
 [48]
 [54]
 [46]
 [53]
 [57]
 [55]
 [57]
 [51]
 [56]
 [45]
 [48]
 [32]
 [54]
 [53]
 [48]
 [54]
 [46]
 [53]
 [57]
 [55]
 [57]
 [52]
 [57]
 [57]
 [57]
 [57]
 [57]
 [57]
 [57]
 [45]
 [49]] 
------------------------ Dataset: Edi ------------------------
shape: (33, 1), dtype: uint16
Data:[[54]
 [53]
 [50]
 [50]
 [46]
 [52]
 [49]
 [51]
 [57]
 [57]
 [56]
 [45]
 [48]
 [32]
 [54]
 [53]
 [50]
 [50]
 [46]
 [52]
 [49]
 [56]
 [48]
 [54]
 [56]
 [57]
 [57]
 [57]
 [57]
 [57]
 [57]
 [45]
 [49]] 
------------------------ Dataset: Edj ------------------------
shape: (40, 1), dtype: uint16
Data:[[54]
 [48]
 [49]
 [55]
 [46]
 [57]
 [56]
 [54]
 [49]
 [55]
 [56]
 [57]
 [57]
 [57]
 [57]
 [57]
 [57]
 [53]
 [45]
 [48]
 [32]
 [54]
 [48]
 [49]
 [55]
 [46]
 [57]
 [56]
 [57]
 [55]
 [55]
 [50]
 [57]
 [57]
 [57]
 [57]
 [57]
 [57]
 [45]
 [49]] 
------------------------ Dataset: Edk ------------------------
shape: (39, 1), dtype: uint16
Data:[[54]
 [48]
 [51]
 [51]
 [46]
 [55]
 [57]
 [51]
 [55]
 [56]
 [48]
 [57]
 [57]
 [57]
 [57]
 [57]
 [57]
 [45]
 [48]
 [32]
 [54]
 [48]
 [51]
 [51]
 [46]
 [56]
 [48]
 [52]
 [51]
 [55]
 [48]
 [57]
 [57]
 [57]
 [57]
 [57]
 [57]
 [45]
 [49]] 
------------------------ Dataset: Edl ------------------------
shape: (32, 1), dtype: uint16
Data:[[54]
 [48]
 [52]
 [57]
 [46]
 [52]
 [48]
 [53]
 [55]
 [54]
 [45]
 [48]
 [32]
 [54]
 [48]
 [52]
 [57]
 [46]
 [52]
 [48]
 [49]
 [55]
 [53]
 [56]
 [57]
 [57]
 [57]
 [57]
 [57]
 [57]
 [45]
 [49]] 
------------------------ Dataset: Edm ------------------------
shape: (33, 1), dtype: uint16
Data:[[54]
 [48]
 [54]
 [53]
 [46]
 [50]
 [57]
 [48]
 [53]
 [48]
 [55]
 [45]
 [48]
 [32]
 [54]
 [48]
 [54]
 [53]
 [46]
 [50]
 [57]
 [52]
 [54]
 [49]
 [48]
 [57]
 [57]
 [57]
 [57]
 [57]
 [57]
 [45]
 [49]] 
------------------------ Dataset: Edn ------------------------
shape: (27, 1), dtype: uint16
Data:[[54]
 [48]
 [56]
 [49]
 [46]
 [49]
 [57]
 [55]
 [55]
 [56]
 [54]
 [45]
 [48]
 [32]
 [54]
 [48]
 [56]
 [49]
 [46]
 [50]
 [48]
 [55]
 [48]
 [53]
 [55]
 [45]
 [49]] 
------------------------ Dataset: Edo ------------------------
shape: (33, 1), dtype: uint16
Data:[[53]
 [54]
 [52]
 [49]
 [46]
 [57]
 [52]
 [53]
 [54]
 [49]
 [56]
 [45]
 [48]
 [32]
 [53]
 [54]
 [52]
 [49]
 [46]
 [57]
 [53]
 [48]
 [54]
 [49]
 [48]
 [57]
 [57]
 [57]
 [57]
 [57]
 [57]
 [45]
 [49]] 
------------------------ Dataset: Edp ------------------------
shape: (27, 1), dtype: uint16
Data:[[53]
 [54]
 [53]
 [55]
 [46]
 [54]
 [56]
 [56]
 [50]
 [48]
 [56]
 [45]
 [48]
 [32]
 [53]
 [54]
 [53]
 [55]
 [46]
 [54]
 [55]
 [56]
 [50]
 [51]
 [55]
 [45]
 [49]] 
------------------------ Dataset: Edq ------------------------
shape: (27, 1), dtype: uint16
Data:[[53]
 [54]
 [55]
 [51]
 [46]
 [52]
 [49]
 [50]
 [48]
 [53]
 [51]
 [45]
 [48]
 [32]
 [53]
 [54]
 [55]
 [51]
 [46]
 [52]
 [48]
 [49]
 [54]
 [48]
 [49]
 [45]
 [49]] 
------------------------ Dataset: Edr ------------------------
shape: (27, 1), dtype: uint16
Data:[[53]
 [54]
 [56]
 [57]
 [46]
 [49]
 [53]
 [55]
 [53]
 [56]
 [50]
 [45]
 [48]
 [32]
 [53]
 [54]
 [56]
 [57]
 [46]
 [49]
 [54]
 [49]
 [53]
 [57]
 [53]
 [45]
 [49]] 
------------------------ Dataset: Eds ------------------------
shape: (19, 1), dtype: uint16
Data:[[53]
 [56]
 [49]
 [53]
 [46]
 [52]
 [50]
 [49]
 [56]
 [50]
 [57]
 [57]
 [57]
 [57]
 [57]
 [57]
 [57]
 [45]
 [48]] 
------------------------ Dataset: Edt ------------------------
shape: (13, 1), dtype: uint16
Data:[[54]
 [54]
 [48]
 [52]
 [46]
 [53]
 [48]
 [54]
 [49]
 [57]
 [50]
 [45]
 [49]] 
------------------------ Dataset: Edu ------------------------
shape: (27, 1), dtype: uint16
Data:[[54]
 [54]
 [50]
 [48]
 [46]
 [52]
 [55]
 [49]
 [56]
 [57]
 [50]
 [45]
 [48]
 [32]
 [54]
 [54]
 [50]
 [48]
 [46]
 [52]
 [54]
 [57]
 [50]
 [55]
 [54]
 [45]
 [49]] 
------------------------ Dataset: Edv ------------------------
shape: (27, 1), dtype: uint16
Data:[[54]
 [54]
 [51]
 [54]
 [46]
 [51]
 [50]
 [54]
 [49]
 [49]
 [50]
 [45]
 [48]
 [32]
 [54]
 [54]
 [51]
 [54]
 [46]
 [51]
 [51]
 [48]
 [49]
 [48]
 [50]
 [45]
 [49]] 
------------------------ Dataset: Edw ------------------------
shape: (27, 1), dtype: uint16
Data:[[54]
 [54]
 [53]
 [49]
 [46]
 [57]
 [50]
 [50]
 [48]
 [51]
 [53]
 [45]
 [48]
 [32]
 [54]
 [54]
 [53]
 [49]
 [46]
 [57]
 [49]
 [56]
 [51]
 [51]
 [57]
 [45]
 [49]] 
------------------------ Dataset: Edx ------------------------
shape: (33, 1), dtype: uint16
Data:[[54]
 [54]
 [54]
 [55]
 [46]
 [55]
 [55]
 [48]
 [49]
 [50]
 [49]
 [45]
 [48]
 [32]
 [54]
 [54]
 [54]
 [55]
 [46]
 [55]
 [55]
 [52]
 [49]
 [52]
 [57]
 [57]
 [57]
 [57]
 [57]
 [57]
 [57]
 [45]
 [49]] 
------------------------ Dataset: Edy ------------------------
shape: (32, 1), dtype: uint16
Data:[[54]
 [54]
 [56]
 [51]
 [46]
 [54]
 [57]
 [56]
 [48]
 [49]
 [53]
 [57]
 [57]
 [57]
 [57]
 [57]
 [57]
 [45]
 [48]
 [32]
 [54]
 [54]
 [56]
 [51]
 [46]
 [54]
 [57]
 [52]
 [48]
 [51]
 [45]
 [49]] 
------------------------ Dataset: Edz ------------------------
shape: (27, 1), dtype: uint16
Data:[[53]
 [57]
 [48]
 [49]
 [46]
 [54]
 [49]
 [51]
 [54]
 [53]
 [50]
 [45]
 [48]
 [32]
 [53]
 [57]
 [48]
 [49]
 [46]
 [54]
 [48]
 [57]
 [55]
 [50]
 [57]
 [45]
 [49]] 
------------------------ Dataset: Ee ------------------------

