shape: (1, 6), dtype: uint32
Data:[[3707764736          2          1          1        761          1]] 
------------------------ Dataset: Lmb ------------------------
shape: (34, 1), dtype: uint16
Data:[[54]
 [55]
 [54]
 [55]
 [46]
 [55]
 [50]
 [50]
 [49]
 [48]
 [51]
 [57]
 [57]
 [57]
 [57]
 [57]
 [57]
 [53]
 [45]
 [48]
 [32]
 [54]
 [55]
 [54]
 [55]
 [46]
 [55]
 [51]
 [49]
 [56]
 [56]
 [50]
 [45]
 [49]] 
------------------------ Dataset: Lmc ------------------------
shape: (26, 1), dtype: uint16
Data:[[54]
 [50]
 [56]
 [48]
 [46]
 [53]
 [48]
 [56]
 [49]
 [49]
 [45]
 [48]
 [32]
 [54]
 [50]
 [56]
 [48]
 [46]
 [53]
 [49]
 [50]
 [54]
 [52]
 [50]
 [45]
 [49]] 
------------------------ Dataset: Lmd ------------------------
shape: (27, 1), dtype: uint16
Data:[[54]
 [50]
 [57]
 [54]
 [46]
 [50]
 [56]
 [54]
 [56]
 [49]
 [54]
 [45]
 [48]
 [32]
 [54]
 [50]
 [57]
 [54]
 [46]
 [50]
 [56]
 [54]
 [56]
 [49]
 [54]
 [45]
 [49]] 
------------------------ Dataset: Lme ------------------------
shape: (34, 1), dtype: uint16
Data:[[54]
 [51]
 [49]
 [50]
 [46]
 [49]
 [50]
 [54]
 [48]
 [49]
 [51]
 [57]
 [57]
 [57]
 [57]
 [57]
 [57]
 [53]
 [45]
 [48]
 [32]
 [54]
 [51]
 [49]
 [50]
 [46]
 [49]
 [50]
 [54]
 [48]
 [49]
 [53]
 [45]
 [49]] 
------------------------ Dataset: Lmf ------------------------
shape: (27, 1), dtype: uint16
Data:[[54]
 [51]
 [50]
 [56]
 [46]
 [48]
 [48]
 [53]
 [57]
 [48]
 [56]
 [45]
 [48]
 [32]
 [54]
 [51]
 [50]
 [56]
 [46]
 [48]
 [48]
 [51]
 [49]
 [49]
 [49]
 [45]
 [49]] 
------------------------ Dataset: Lmg ------------------------
shape: (33, 1), dtype: uint16
Data:[[54]
 [51]
 [52]
 [51]
 [46]
 [56]
 [51]
 [48]
 [48]
 [52]
 [54]
 [45]
 [48]
 [32]
 [54]
 [51]
 [52]
 [51]
 [46]
 [56]
 [50]
 [54]
 [50]
 [49]
 [55]
 [57]
 [57]
 [57]
 [57]
 [57]
 [57]
 [45]
 [49]] 
------------------------ Dataset: Lmh ------------------------
shape: (33, 1), dtype: uint16
Data:[[54]
 [53]
 [48]
 [56]
 [46]
 [57]
 [49]
 [51]
 [57]
 [51]
 [57]
 [57]
 [57]
 [57]
 [57]
 [57]
 [57]
 [53]
 [45]
 [48]
 [32]
 [54]
 [53]
 [48]
 [56]
 [46]
 [57]
 [48]
 [57]
 [57]
 [55]
 [45]
 [49]] 
------------------------ Dataset: Lmi ------------------------
shape: (40, 1), dtype: uint16
Data:[[54]
 [53]
 [50]
 [52]
 [46]
 [55]
 [51]
 [48]
 [50]
 [48]
 [53]
 [57]
 [57]
 [57]
 [57]
 [57]
 [57]
 [45]
 [48]
 [32]
 [54]
 [53]
 [50]
 [52]
 [46]
 [55]
 [51]
 [52]
 [49]
 [53]
 [53]
 [57]
 [57]
 [57]
 [57]
 [57]
 [57]
 [53]
 [45]
 [49]] 
------------------------ Dataset: Lmj ------------------------
shape: (13, 1), dtype: uint16
Data:[[54]
 [48]
 [50]
 [48]
 [46]
 [51]
 [48]
 [50]
 [49]
 [49]
 [49]
 [45]
 [48]] 
------------------------ Dataset: Lmk ------------------------
shape: (27, 1), dtype: uint16
Data:[[54]
 [48]
 [51]
 [54]
 [46]
 [49]
 [49]
 [55]
 [56]
 [49]
 [53]
 [45]
 [48]
 [32]
 [54]
 [48]
 [51]
 [54]
 [46]
 [49]
 [50]
 [49]
 [55]
 [55]
 [49]
 [45]
 [49]] 
------------------------ Dataset: Lml ------------------------
shape: (34, 1), dtype: uint16
Data:[[54]
 [48]
 [53]
 [49]
 [46]
 [55]
 [50]
 [49]
 [55]
 [55]
 [48]
 [57]
 [57]
 [57]
 [57]
 [57]
 [57]
 [53]
 [45]
 [48]
 [32]
 [54]
 [48]
 [53]
 [49]
 [46]
 [55]
 [49]
 [55]
 [55]
 [56]
 [50]
 [45]
 [49]] 
------------------------ Dataset: Lmm ------------------------
shape: (33, 1), dtype: uint16
Data:[[54]
 [48]
 [54]
 [55]
 [46]
 [54]
 [50]
 [54]
 [49]
 [49]
 [55]
 [57]
 [57]
 [57]
 [57]
 [57]
 [57]
 [45]
 [48]
 [32]
 [54]
 [48]
 [54]
 [55]
 [46]
 [54]
 [50]
 [50]
 [49]
 [56]
 [54]
 [45]
 [49]] 
------------------------ Dataset: Lmn ------------------------
shape: (26, 1), dtype: uint16
Data:[[54]
 [48]
 [56]
 [51]
 [46]
 [53]
 [55]
 [55]
 [55]
 [52]
 [45]
 [48]
 [32]
 [54]
 [48]
 [56]
 [51]
 [46]
 [53]
 [55]
 [55]
 [55]
 [54]
 [50]
 [45]
 [49]] 
------------------------ Dataset: Lmo ------------------------
shape: (27, 1), dtype: uint16
Data:[[53]
 [54]
 [52]
 [52]
 [46]
 [50]
 [52]
 [54]
 [51]
 [49]
 [55]
 [45]
 [48]
 [32]
 [53]
 [54]
 [52]
 [52]
 [46]
 [50]
 [53]
 [51]
 [56]
 [52]
 [54]
 [45]
 [49]] 
------------------------ Dataset: Lmp ------------------------
shape: (33, 1), dtype: uint16
Data:[[53]
 [54]
 [54]
 [48]
 [46]
 [48]
 [48]
 [49]
 [56]
 [54]
 [49]
 [45]
 [48]
 [32]
 [53]
 [54]
 [54]
 [48]
 [46]
 [48]
 [48]
 [53]
 [55]
 [48]
 [57]
 [57]
 [57]
 [57]
 [57]
 [57]
 [57]
 [45]
 [49]] 
------------------------ Dataset: Lmq ------------------------
shape: (33, 1), dtype: uint16
Data:[[53]
 [54]
 [55]
 [53]
 [46]
 [54]
 [57]
 [55]
 [55]
 [48]
 [54]
 [45]
 [48]
 [32]
 [53]
 [54]
 [55]
 [53]
 [46]
 [55]
 [48]
 [49]
 [53]
 [50]
 [57]
 [57]
 [57]
 [57]
 [57]
 [57]
 [57]
 [45]
 [49]] 
------------------------ Dataset: Lmr ------------------------
shape: (33, 1), dtype: uint16
Data:[[53]
 [54]
 [57]
 [49]
 [46]
 [52]
 [56]
 [49]
 [53]
 [49]
 [54]
 [45]
 [48]
 [32]
 [53]
 [54]
 [57]
 [49]
 [46]
 [52]
 [56]
 [53]
 [53]
 [55]
 [48]
 [57]
 [57]
 [57]
 [57]
 [57]
 [57]
 [45]
 [49]] 
------------------------ Dataset: Lms ------------------------
shape: (33, 1), dtype: uint16
Data:[[54]
 [52]
 [49]
 [52]
 [46]
 [55]
 [53]
 [52]
 [52]
 [57]
 [50]
 [45]
 [48]
 [32]
 [54]
 [52]
 [49]
 [52]
 [46]
 [55]
 [52]
 [54]
 [55]
 [53]
 [55]
 [57]
 [57]
 [57]
 [57]
 [57]
 [57]
 [45]
 [49]] 
------------------------ Dataset: Lmt ------------------------
shape: (27, 1), dtype: uint16
Data:[[54]
 [54]
 [48]
 [54]
 [46]
 [56]
 [50]
 [54]
 [48]
 [48]
 [55]
 [45]
 [48]
 [32]
 [54]
 [54]
 [48]
 [54]
 [46]
 [56]
 [51]
 [48]
 [48]
 [51]
 [52]
 [45]
 [49]] 
------------------------ Dataset: Lmu ------------------------
shape: (34, 1), dtype: uint16
Data:[[54]
 [54]
 [50]
 [50]
 [46]
 [55]
 [57]
 [50]
 [50]
 [49]
 [52]
 [57]
 [57]
 [57]
 [57]
 [57]
 [57]
 [53]
 [45]
 [48]
 [32]
 [54]
 [54]
 [50]
 [50]
 [46]
 [55]
 [56]
 [50]
 [48]
 [48]
 [57]
 [45]
 [49]] 
------------------------ Dataset: Lmv ------------------------
shape: (33, 1), dtype: uint16
Data:[[54]
 [54]
 [51]
 [56]
 [46]
 [54]
 [51]
 [52]
 [52]
 [48]
 [48]
 [57]
 [57]
 [57]
 [57]
 [57]
 [57]
 [45]
 [48]
 [32]
 [54]
 [54]
 [51]
 [56]
 [46]
 [54]
 [51]
 [48]
 [49]
 [53]
 [56]
 [45]
 [49]] 
------------------------ Dataset: Lmw ------------------------
shape: (33, 1), dtype: uint16
Data:[[54]
 [54]
 [53]
 [52]
 [46]
 [50]
 [50]
 [50]
 [48]
 [55]
 [54]
 [45]
 [48]
 [32]
 [54]
 [54]
 [53]
 [52]
 [46]
 [50]
 [49]
 [56]
 [48]
 [57]
 [55]
 [57]
 [57]
 [57]
 [57]
 [57]
 [57]
 [45]
 [49]] 
------------------------ Dataset: Lmx ------------------------
shape: (33, 1), dtype: uint16
Data:[[54]
 [54]
 [55]
 [48]
 [46]
 [49]
 [49]
 [48]
 [49]
 [56]
 [54]
 [57]
 [57]
 [57]
 [57]
 [57]
 [57]
 [45]
 [48]
 [32]
 [54]
 [54]
 [55]
 [48]
 [46]
 [49]
 [49]
 [52]
 [48]
 [57]
 [50]
 [45]
 [49]] 
------------------------ Dataset: Lmy ------------------------
shape: (27, 1), dtype: uint16
Data:[[54]
 [54]
 [56]
 [54]
 [46]
 [48]
 [51]
 [56]
 [49]
 [51]
 [51]
 [45]
 [48]
 [32]
 [54]
 [54]
 [56]
 [54]
 [46]
 [48]
 [51]
 [52]
 [49]
 [53]
 [49]
 [45]
 [49]] 
------------------------ Dataset: Lmz ------------------------
shape: (20, 1), dtype: uint16
Data:[[53]
 [57]
 [48]
 [51]
 [46]
 [57]
 [52]
 [57]
 [54]
 [51]
 [48]
 [57]
 [57]
 [57]
 [57]
 [57]
 [57]
 [53]
 [45]
 [49]] 
------------------------ Dataset: Ln ------------------------

shape: (1, 6), dtype: uint32
Data:[[3707764736          2          1          1        762          1]] 
------------------------ Dataset: Mmb ------------------------
shape: (27, 1), dtype: uint16
Data:[[54]
 [55]
 [54]
 [55]
 [46]
 [55]
 [51]
 [50]
 [49]
 [53]
 [50]
 [45]
 [48]
 [32]
 [54]
 [55]
 [54]
 [55]
 [46]
 [55]
 [51]
 [49]
 [56]
 [56]
 [50]
 [45]
 [49]] 
------------------------ Dataset: Mmc ------------------------
shape: (27, 1), dtype: uint16
Data:[[54]
 [50]
 [56]
 [48]
 [46]
 [53]
 [49]
 [51]
 [57]
 [50]
 [54]
 [45]
 [48]
 [32]
 [54]
 [50]
 [56]
 [48]
 [46]
 [53]
 [49]
 [50]
 [54]
 [52]
 [50]
 [45]
 [49]] 
------------------------ Dataset: Mmd ------------------------
shape: (34, 1), dtype: uint16
Data:[[54]
 [50]
 [57]
 [54]
 [46]
 [50]
 [56]
 [54]
 [56]
 [49]
 [54]
 [45]
 [48]
 [32]
 [54]
 [50]
 [57]
 [54]
 [46]
 [50]
 [57]
 [52]
 [54]
 [49]
 [51]
 [57]
 [57]
 [57]
 [57]
 [57]
 [57]
 [53]
 [45]
 [49]] 
------------------------ Dataset: Mme ------------------------
shape: (27, 1), dtype: uint16
Data:[[54]
 [51]
 [49]
 [50]
 [46]
 [49]
 [51]
 [51]
 [57]
 [53]
 [54]
 [45]
 [48]
 [32]
 [54]
 [51]
 [49]
 [50]
 [46]
 [49]
 [50]
 [54]
 [48]
 [49]
 [53]
 [45]
 [49]] 
------------------------ Dataset: Mmf ------------------------
shape: (27, 1), dtype: uint16
Data:[[54]
 [51]
 [50]
 [56]
 [46]
 [48]
 [48]
 [53]
 [57]
 [48]
 [56]
 [45]
 [48]
 [32]
 [54]
 [51]
 [50]
 [56]
 [46]
 [48]
 [48]
 [57]
 [57]
 [51]
 [55]
 [45]
 [49]] 
------------------------ Dataset: Mmg ------------------------
shape: (27, 1), dtype: uint16
Data:[[54]
 [51]
 [52]
 [51]
 [46]
 [56]
 [51]
 [48]
 [48]
 [52]
 [54]
 [45]
 [48]
 [32]
 [54]
 [51]
 [52]
 [51]
 [46]
 [56]
 [51]
 [51]
 [57]
 [51]
 [49]
 [45]
 [49]] 
------------------------ Dataset: Mmh ------------------------
shape: (33, 1), dtype: uint16
Data:[[54]
 [53]
 [48]
 [56]
 [46]
 [57]
 [49]
 [51]
 [57]
 [51]
 [57]
 [57]
 [57]
 [57]
 [57]
 [57]
 [57]
 [53]
 [45]
 [48]
 [32]
 [54]
 [53]
 [48]
 [56]
 [46]
 [57]
 [49]
 [55]
 [57]
 [53]
 [45]
 [49]] 
------------------------ Dataset: Mmi ------------------------
shape: (34, 1), dtype: uint16
Data:[[54]
 [53]
 [50]
 [52]
 [46]
 [55]
 [51]
 [56]
 [50]
 [48]
 [54]
 [45]
 [48]
 [32]
 [54]
 [53]
 [50]
 [52]
 [46]
 [55]
 [51]
 [52]
 [49]
 [53]
 [53]
 [57]
 [57]
 [57]
 [57]
 [57]
 [57]
 [53]
 [45]
 [49]] 
------------------------ Dataset: Mmj ------------------------
shape: (13, 1), dtype: uint16
Data:[[54]
 [48]
 [50]
 [48]
 [46]
 [51]
 [48]
 [53]
 [56]
 [50]
 [54]
 [45]
 [49]] 
------------------------ Dataset: Mmk ------------------------
shape: (34, 1), dtype: uint16
Data:[[54]
 [48]
 [51]
 [54]
 [46]
 [49]
 [51]
 [49]
 [54]
 [52]
 [52]
 [57]
 [57]
 [57]
 [57]
 [57]
 [57]
 [53]
 [45]
 [48]
 [32]
 [54]
 [48]
 [51]
 [54]
 [46]
 [49]
 [50]
 [49]
 [55]
 [55]
 [49]
 [45]
 [49]] 
------------------------ Dataset: Mml ------------------------
shape: (34, 1), dtype: uint16
Data:[[54]
 [48]
 [53]
 [49]
 [46]
 [55]
 [50]
 [49]
 [55]
 [55]
 [48]
 [57]
 [57]
 [57]
 [57]
 [57]
 [57]
 [53]
 [45]
 [48]
 [32]
 [54]
 [48]
 [53]
 [49]
 [46]
 [55]
 [50]
 [53]
 [55]
 [52]
 [51]
 [45]
 [49]] 
------------------------ Dataset: Mmm ------------------------
shape: (39, 1), dtype: uint16
Data:[[54]
 [48]
 [54]
 [55]
 [46]
 [54]
 [50]
 [54]
 [49]
 [49]
 [55]
 [57]
 [57]
 [57]
 [57]
 [57]
 [57]
 [45]
 [48]
 [32]
 [54]
 [48]
 [54]
 [55]
 [46]
 [54]
 [50]
 [57]
 [56]
 [48]
 [54]
 [57]
 [57]
 [57]
 [57]
 [57]
 [57]
 [45]
 [49]] 
------------------------ Dataset: Mmn ------------------------
shape: (27, 1), dtype: uint16
Data:[[54]
 [48]
 [56]
 [51]
 [46]
 [53]
 [56]
 [54]
 [53]
 [49]
 [53]
 [45]
 [48]
 [32]
 [54]
 [48]
 [56]
 [51]
 [46]
 [53]
 [55]
 [55]
 [55]
 [54]
 [50]
 [45]
 [49]] 
------------------------ Dataset: Mmo ------------------------
shape: (27, 1), dtype: uint16
Data:[[53]
 [54]
 [52]
 [52]
 [46]
 [50]
 [53]
 [51]
 [57]
 [56]
 [57]
 [45]
 [48]
 [32]
 [53]
 [54]
 [52]
 [52]
 [46]
 [50]
 [53]
 [51]
 [56]
 [52]
 [54]
 [45]
 [49]] 
------------------------ Dataset: Mmp ------------------------
shape: (33, 1), dtype: uint16
Data:[[53]
 [54]
 [54]
 [48]
 [46]
 [48]
 [48]
 [57]
 [54]
 [52]
 [53]
 [45]
 [48]
 [32]
 [53]
 [54]
 [54]
 [48]
 [46]
 [48]
 [48]
 [53]
 [55]
 [48]
 [57]
 [57]
 [57]
 [57]
 [57]
 [57]
 [57]
 [45]
 [49]] 
------------------------ Dataset: Mmq ------------------------
shape: (33, 1), dtype: uint16
Data:[[53]
 [54]
 [55]
 [53]
 [46]
 [55]
 [48]
 [53]
 [53]
 [51]
 [52]
 [45]
 [48]
 [32]
 [53]
 [54]
 [55]
 [53]
 [46]
 [55]
 [48]
 [49]
 [53]
 [50]
 [57]
 [57]
 [57]
 [57]
 [57]
 [57]
 [57]
 [45]
 [49]] 
------------------------ Dataset: Mmr ------------------------
shape: (33, 1), dtype: uint16
Data:[[53]
 [54]
 [57]
 [49]
 [46]
 [52]
 [56]
 [57]
 [53]
 [49]
 [55]
 [45]
 [48]
 [32]
 [53]
 [54]
 [57]
 [49]
 [46]
 [52]
 [56]
 [53]
 [53]
 [55]
 [48]
 [57]
 [57]
 [57]
 [57]
 [57]
 [57]
 [45]
 [49]] 
------------------------ Dataset: Mms ------------------------
shape: (33, 1), dtype: uint16
Data:[[54]
 [52]
 [49]
 [52]
 [46]
 [55]
 [53]
 [52]
 [52]
 [57]
 [50]
 [45]
 [48]
 [32]
 [54]
 [52]
 [49]
 [52]
 [46]
 [55]
 [53]
 [52]
 [54]
 [50]
 [57]
 [57]
 [57]
 [57]
 [57]
 [57]
 [57]
 [45]
 [49]] 
------------------------ Dataset: Mmt ------------------------
shape: (33, 1), dtype: uint16
Data:[[54]
 [54]
 [48]
 [54]
 [46]
 [56]
 [51]
 [51]
 [57]
 [57]
 [50]
 [57]
 [57]
 [57]
 [57]
 [57]
 [57]
 [45]
 [48]
 [32]
 [54]
 [54]
 [48]
 [54]
 [46]
 [56]
 [51]
 [48]
 [48]
 [51]
 [52]
 [45]
 [49]] 
------------------------ Dataset: Mmu ------------------------
shape: (34, 1), dtype: uint16
Data:[[54]
 [54]
 [50]
 [50]
 [46]
 [55]
 [57]
 [50]
 [50]
 [49]
 [52]
 [57]
 [57]
 [57]
 [57]
 [57]
 [57]
 [53]
 [45]
 [48]
 [32]
 [54]
 [54]
 [50]
 [50]
 [46]
 [55]
 [57]
 [50]
 [53]
 [52]
 [55]
 [45]
 [49]] 
------------------------ Dataset: Mmv ------------------------
shape: (33, 1), dtype: uint16
Data:[[54]
 [54]
 [51]
 [56]
 [46]
 [54]
 [51]
 [52]
 [52]
 [48]
 [48]
 [57]
 [57]
 [57]
 [57]
 [57]
 [57]
 [45]
 [48]
 [32]
 [54]
 [54]
 [51]
 [56]
 [46]
 [54]
 [51]
 [56]
 [50]
 [53]
 [51]
 [45]
 [49]] 
------------------------ Dataset: Mmw ------------------------
shape: (33, 1), dtype: uint16
Data:[[54]
 [54]
 [53]
 [52]
 [46]
 [50]
 [50]
 [50]
 [48]
 [55]
 [54]
 [45]
 [48]
 [32]
 [54]
 [54]
 [53]
 [52]
 [46]
 [50]
 [50]
 [54]
 [48]
 [54]
 [53]
 [57]
 [57]
 [57]
 [57]
 [57]
 [57]
 [45]
 [49]] 
------------------------ Dataset: Mmx ------------------------
shape: (33, 1), dtype: uint16
Data:[[54]
 [54]
 [55]
 [48]
 [46]
 [49]
 [49]
 [56]
 [48]
 [57]
 [48]
 [57]
 [57]
 [57]
 [57]
 [57]
 [57]
 [45]
 [48]
 [32]
 [54]
 [54]
 [55]
 [48]
 [46]
 [49]
 [49]
 [52]
 [48]
 [57]
 [50]
 [45]
 [49]] 
------------------------ Dataset: Mmy ------------------------
shape: (27, 1), dtype: uint16
Data:[[54]
 [54]
 [56]
 [54]
 [46]
 [48]
 [51]
 [56]
 [49]
 [51]
 [51]
 [45]
 [48]
 [32]
 [54]
 [54]
 [56]
 [54]
 [46]
 [48]
 [52]
 [50]
 [51]
 [49]
 [51]
 [45]
 [49]] 
------------------------ Dataset: Mmz ------------------------
shape: (13, 1), dtype: uint16
Data:[[53]
 [57]
 [48]
 [51]
 [46]
 [57]
 [53]
 [51]
 [54]
 [51]
 [50]
 [45]
 [48]] 
------------------------ Dataset: Mn ------------------------

shape: (1, 6), dtype: uint32
Data:[[3707764736          2          1          1        763          1]] 
------------------------ Dataset: Nmb ------------------------
shape: (33, 1), dtype: uint16
Data:[[54]
 [55]
 [54]
 [55]
 [46]
 [55]
 [51]
 [50]
 [49]
 [53]
 [50]
 [45]
 [48]
 [32]
 [54]
 [55]
 [54]
 [55]
 [46]
 [55]
 [51]
 [53]
 [55]
 [49]
 [56]
 [57]
 [57]
 [57]
 [57]
 [57]
 [57]
 [45]
 [49]] 
------------------------ Dataset: Nmc ------------------------
shape: (33, 1), dtype: uint16
Data:[[54]
 [50]
 [56]
 [48]
 [46]
 [53]
 [49]
 [51]
 [57]
 [50]
 [54]
 [45]
 [48]
 [32]
 [54]
 [50]
 [56]
 [48]
 [46]
 [53]
 [49]
 [55]
 [56]
 [56]
 [52]
 [57]
 [57]
 [57]
 [57]
 [57]
 [57]
 [45]
 [49]] 
------------------------ Dataset: Nmd ------------------------
shape: (40, 1), dtype: uint16
Data:[[54]
 [50]
 [57]
 [54]
 [46]
 [50]
 [57]
 [56]
 [50]
 [48]
 [55]
 [57]
 [57]
 [57]
 [57]
 [57]
 [57]
 [45]
 [48]
 [32]
 [54]
 [50]
 [57]
 [54]
 [46]
 [50]
 [57]
 [52]
 [54]
 [49]
 [51]
 [57]
 [57]
 [57]
 [57]
 [57]
 [57]
 [53]
 [45]
 [49]] 
------------------------ Dataset: Nme ------------------------
shape: (34, 1), dtype: uint16
Data:[[54]
 [51]
 [49]
 [50]
 [46]
 [49]
 [51]
 [51]
 [57]
 [53]
 [54]
 [45]
 [48]
 [32]
 [54]
 [51]
 [49]
 [50]
 [46]
 [49]
 [51]
 [51]
 [57]
 [56]
 [52]
 [57]
 [57]
 [57]
 [57]
 [57]
 [57]
 [53]
 [45]
 [49]] 
------------------------ Dataset: Nmf ------------------------
shape: (27, 1), dtype: uint16
Data:[[54]
 [51]
 [50]
 [56]
 [46]
 [48]
 [49]
 [51]
 [57]
 [55]
 [56]
 [45]
 [48]
 [32]
 [54]
 [51]
 [50]
 [56]
 [46]
 [48]
 [48]
 [57]
 [57]
 [51]
 [55]
 [45]
 [49]] 
------------------------ Dataset: Nmg ------------------------
shape: (33, 1), dtype: uint16
Data:[[54]
 [51]
 [52]
 [51]
 [46]
 [56]
 [51]
 [56]
 [49]
 [49]
 [57]
 [57]
 [57]
 [57]
 [57]
 [57]
 [57]
 [45]
 [48]
 [32]
 [54]
 [51]
 [52]
 [51]
 [46]
 [56]
 [51]
 [51]
 [57]
 [51]
 [49]
 [45]
 [49]] 
------------------------ Dataset: Nmh ------------------------
shape: (26, 1), dtype: uint16
Data:[[54]
 [53]
 [48]
 [56]
 [46]
 [57]
 [50]
 [49]
 [57]
 [48]
 [57]
 [45]
 [48]
 [32]
 [54]
 [53]
 [48]
 [56]
 [46]
 [57]
 [49]
 [55]
 [57]
 [53]
 [45]
 [49]] 
------------------------ Dataset: Nmi ------------------------
shape: (27, 1), dtype: uint16
Data:[[54]
 [53]
 [50]
 [52]
 [46]
 [55]
 [51]
 [56]
 [50]
 [48]
 [54]
 [45]
 [48]
 [32]
 [54]
 [53]
 [50]
 [52]
 [46]
 [55]
 [52]
 [50]
 [48]
 [57]
 [57]
 [45]
 [49]] 
------------------------ Dataset: Nmj ------------------------
shape: (13, 1), dtype: uint16
Data:[[54]
 [48]
 [50]
 [48]
 [46]
 [51]
 [49]
 [48]
 [49]
 [56]
 [51]
 [45]
 [48]] 
------------------------ Dataset: Nmk ------------------------
shape: (33, 1), dtype: uint16
Data:[[54]
 [48]
 [51]
 [54]
 [46]
 [49]
 [51]
 [49]
 [54]
 [52]
 [52]
 [57]
 [57]
 [57]
 [57]
 [57]
 [57]
 [53]
 [45]
 [48]
 [32]
 [54]
 [48]
 [51]
 [54]
 [46]
 [49]
 [51]
 [49]
 [54]
 [50]
 [45]
 [49]] 
------------------------ Dataset: Nml ------------------------
shape: (27, 1), dtype: uint16
Data:[[54]
 [48]
 [53]
 [49]
 [46]
 [55]
 [50]
 [57]
 [55]
 [51]
 [56]
 [45]
 [48]
 [32]
 [54]
 [48]
 [53]
 [49]
 [46]
 [55]
 [50]
 [53]
 [55]
 [52]
 [51]
 [45]
 [49]] 
------------------------ Dataset: Nmm ------------------------
shape: (33, 1), dtype: uint16
Data:[[54]
 [48]
 [54]
 [55]
 [46]
 [54]
 [51]
 [51]
 [55]
 [53]
 [51]
 [45]
 [48]
 [32]
 [54]
 [48]
 [54]
 [55]
 [46]
 [54]
 [50]
 [57]
 [56]
 [48]
 [54]
 [57]
 [57]
 [57]
 [57]
 [57]
 [57]
 [45]
 [49]] 
------------------------ Dataset: Nmn ------------------------
shape: (27, 1), dtype: uint16
Data:[[54]
 [48]
 [56]
 [51]
 [46]
 [53]
 [56]
 [54]
 [53]
 [49]
 [53]
 [45]
 [48]
 [32]
 [54]
 [48]
 [56]
 [51]
 [46]
 [53]
 [56]
 [54]
 [54]
 [53]
 [52]
 [45]
 [49]] 
------------------------ Dataset: Nmo ------------------------
shape: (27, 1), dtype: uint16
Data:[[53]
 [54]
 [52]
 [52]
 [46]
 [50]
 [53]
 [51]
 [57]
 [56]
 [57]
 [45]
 [48]
 [32]
 [53]
 [54]
 [52]
 [52]
 [46]
 [50]
 [53]
 [55]
 [53]
 [54]
 [50]
 [45]
 [49]] 
------------------------ Dataset: Nmp ------------------------
shape: (27, 1), dtype: uint16
Data:[[53]
 [54]
 [54]
 [48]
 [46]
 [48]
 [48]
 [57]
 [54]
 [52]
 [53]
 [45]
 [48]
 [32]
 [53]
 [54]
 [54]
 [48]
 [46]
 [48]
 [49]
 [52]
 [56]
 [54]
 [49]
 [45]
 [49]] 
------------------------ Dataset: Nmq ------------------------
shape: (33, 1), dtype: uint16
Data:[[53]
 [54]
 [55]
 [53]
 [46]
 [55]
 [48]
 [53]
 [53]
 [51]
 [52]
 [45]
 [48]
 [32]
 [53]
 [54]
 [55]
 [53]
 [46]
 [55]
 [48]
 [57]
 [53]
 [53]
 [49]
 [57]
 [57]
 [57]
 [57]
 [57]
 [57]
 [45]
 [49]] 
------------------------ Dataset: Nmr ------------------------
shape: (27, 1), dtype: uint16
Data:[[53]
 [54]
 [57]
 [49]
 [46]
 [52]
 [56]
 [57]
 [53]
 [49]
 [55]
 [45]
 [48]
 [32]
 [53]
 [54]
 [57]
 [49]
 [46]
 [52]
 [57]
 [52]
 [50]
 [57]
 [57]
 [45]
 [49]] 
------------------------ Dataset: Nms ------------------------
shape: (39, 1), dtype: uint16
Data:[[54]
 [52]
 [49]
 [52]
 [46]
 [55]
 [53]
 [55]
 [57]
 [50]
 [56]
 [57]
 [57]
 [57]
 [57]
 [57]
 [57]
 [45]
 [48]
 [32]
 [54]
 [52]
 [49]
 [52]
 [46]
 [55]
 [53]
 [52]
 [54]
 [50]
 [57]
 [57]
 [57]
 [57]
 [57]
 [57]
 [57]
 [45]
 [49]] 
------------------------ Dataset: Nmt ------------------------
shape: (39, 1), dtype: uint16
Data:[[54]
 [54]
 [48]
 [54]
 [46]
 [56]
 [51]
 [51]
 [57]
 [57]
 [50]
 [57]
 [57]
 [57]
 [57]
 [57]
 [57]
 [45]
 [48]
 [32]
 [54]
 [54]
 [48]
 [54]
 [46]
 [56]
 [51]
 [56]
 [49]
 [49]
 [57]
 [57]
 [57]
 [57]
 [57]
 [57]
 [57]
 [45]
 [49]] 
------------------------ Dataset: Nmu ------------------------
shape: (26, 1), dtype: uint16
Data:[[54]
 [54]
 [50]
 [50]
 [46]
 [55]
 [57]
 [54]
 [49]
 [55]
 [45]
 [48]
 [32]
 [54]
 [54]
 [50]
 [50]
 [46]
 [55]
 [57]
 [50]
 [53]
 [52]
 [55]
 [45]
 [49]] 
------------------------ Dataset: Nmv ------------------------
shape: (33, 1), dtype: uint16
Data:[[54]
 [54]
 [51]
 [56]
 [46]
 [54]
 [52]
 [50]
 [52]
 [54]
 [53]
 [57]
 [57]
 [57]
 [57]
 [57]
 [57]
 [45]
 [48]
 [32]
 [54]
 [54]
 [51]
 [56]
 [46]
 [54]
 [51]
 [56]
 [50]
 [53]
 [51]
 [45]
 [49]] 
------------------------ Dataset: Nmw ------------------------
shape: (33, 1), dtype: uint16
Data:[[54]
 [54]
 [53]
 [52]
 [46]
 [50]
 [51]
 [48]
 [48]
 [52]
 [49]
 [45]
 [48]
 [32]
 [54]
 [54]
 [53]
 [52]
 [46]
 [50]
 [50]
 [54]
 [48]
 [54]
 [53]
 [57]
 [57]
 [57]
 [57]
 [57]
 [57]
 [45]
 [49]] 
------------------------ Dataset: Nmx ------------------------
shape: (33, 1), dtype: uint16
Data:[[54]
 [54]
 [55]
 [48]
 [46]
 [49]
 [49]
 [56]
 [48]
 [57]
 [48]
 [57]
 [57]
 [57]
 [57]
 [57]
 [57]
 [45]
 [48]
 [32]
 [54]
 [54]
 [55]
 [48]
 [46]
 [49]
 [50]
 [49]
 [57]
 [57]
 [49]
 [45]
 [49]] 
------------------------ Dataset: Nmy ------------------------
shape: (33, 1), dtype: uint16
Data:[[54]
 [54]
 [56]
 [54]
 [46]
 [48]
 [52]
 [54]
 [57]
 [48]
 [52]
 [57]
 [57]
 [57]
 [57]
 [57]
 [57]
 [45]
 [48]
 [32]
 [54]
 [54]
 [56]
 [54]
 [46]
 [48]
 [52]
 [50]
 [51]
 [49]
 [51]
 [45]
 [49]] 
------------------------ Dataset: Nmz ------------------------
shape: (13, 1), dtype: uint16
Data:[[53]
 [57]
 [48]
 [51]
 [46]
 [57]
 [53]
 [55]
 [54]
 [51]
 [50]
 [45]
 [49]] 
------------------------ Dataset: Nn ------------------------

shape: (1, 6), dtype: uint32
Data:[[3707764736          2          1          1        764          1]] 
------------------------ Dataset: Omb ------------------------
shape: (33, 1), dtype: uint16
Data:[[54]
 [55]
 [54]
 [55]
 [46]
 [55]
 [51]
 [56]
 [52]
 [51]
 [55]
 [45]
 [48]
 [32]
 [54]
 [55]
 [54]
 [55]
 [46]
 [55]
 [51]
 [53]
 [55]
 [49]
 [56]
 [57]
 [57]
 [57]
 [57]
 [57]
 [57]
 [45]
 [49]] 
------------------------ Dataset: Omc ------------------------
shape: (33, 1), dtype: uint16
Data:[[54]
 [50]
 [56]
 [48]
 [46]
 [53]
 [50]
 [49]
 [56]
 [51]
 [51]
 [45]
 [48]
 [32]
 [54]
 [50]
 [56]
 [48]
 [46]
 [53]
 [49]
 [55]
 [56]
 [56]
 [52]
 [57]
 [57]
 [57]
 [57]
 [57]
 [57]
 [45]
 [49]] 
------------------------ Dataset: Omd ------------------------
shape: (33, 1), dtype: uint16
Data:[[54]
 [50]
 [57]
 [54]
 [46]
 [50]
 [57]
 [56]
 [50]
 [48]
 [55]
 [57]
 [57]
 [57]
 [57]
 [57]
 [57]
 [45]
 [48]
 [32]
 [54]
 [50]
 [57]
 [54]
 [46]
 [51]
 [48]
 [57]
 [49]
 [49]
 [50]
 [45]
 [49]] 
------------------------ Dataset: Ome ------------------------
shape: (32, 1), dtype: uint16
Data:[[54]
 [51]
 [49]
 [50]
 [46]
 [49]
 [52]
 [56]
 [50]
 [45]
 [48]
 [32]
 [54]
 [51]
 [49]
 [50]
 [46]
 [49]
 [51]
 [51]
 [57]
 [56]
 [52]
 [57]
 [57]
 [57]
 [57]
 [57]
 [57]
 [53]
 [45]
 [49]] 
------------------------ Dataset: Omf ------------------------
shape: (27, 1), dtype: uint16
Data:[[54]
 [51]
 [50]
 [56]
 [46]
 [48]
 [49]
 [51]
 [57]
 [55]
 [56]
 [45]
 [48]
 [32]
 [54]
 [51]
 [50]
 [56]
 [46]
 [48]
 [50]
 [50]
 [48]
 [53]
 [49]
 [45]
 [49]] 
------------------------ Dataset: Omg ------------------------
shape: (40, 1), dtype: uint16
Data:[[54]
 [51]
 [52]
 [51]
 [46]
 [56]
 [51]
 [56]
 [49]
 [49]
 [57]
 [57]
 [57]
 [57]
 [57]
 [57]
 [57]
 [45]
 [48]
 [32]
 [54]
 [51]
 [52]
 [51]
 [46]
 [56]
 [52]
 [50]
 [48]
 [50]
 [48]
 [57]
 [57]
 [57]
 [57]
 [57]
 [57]
 [53]
 [45]
 [49]] 
------------------------ Dataset: Omh ------------------------
shape: (33, 1), dtype: uint16
Data:[[54]
 [53]
 [48]
 [56]
 [46]
 [57]
 [50]
 [49]
 [57]
 [48]
 [57]
 [45]
 [48]
 [32]
 [54]
 [53]
 [48]
 [56]
 [46]
 [57]
 [51]
 [53]
 [57]
 [53]
 [50]
 [57]
 [57]
 [57]
 [57]
 [57]
 [57]
 [45]
 [49]] 
------------------------ Dataset: Omi ------------------------
shape: (27, 1), dtype: uint16
Data:[[54]
 [53]
 [50]
 [52]
 [46]
 [55]
 [52]
 [54]
 [51]
 [55]
 [53]
 [45]
 [48]
 [32]
 [54]
 [53]
 [50]
 [52]
 [46]
 [55]
 [52]
 [50]
 [48]
 [57]
 [57]
 [45]
 [49]] 
------------------------ Dataset: Omj ------------------------
shape: (13, 1), dtype: uint16
Data:[[54]
 [48]
 [50]
 [48]
 [46]
 [51]
 [49]
 [51]
 [55]
 [56]
 [51]
 [45]
 [49]] 
------------------------ Dataset: Omk ------------------------
shape: (34, 1), dtype: uint16
Data:[[54]
 [48]
 [51]
 [54]
 [46]
 [49]
 [51]
 [49]
 [54]
 [52]
 [52]
 [57]
 [57]
 [57]
 [57]
 [57]
 [57]
 [53]
 [45]
 [48]
 [32]
 [54]
 [48]
 [51]
 [54]
 [46]
 [49]
 [51]
 [55]
 [55]
 [55]
 [55]
 [45]
 [49]] 
------------------------ Dataset: Oml ------------------------
shape: (34, 1), dtype: uint16
Data:[[54]
 [48]
 [53]
 [49]
 [46]
 [55]
 [50]
 [57]
 [55]
 [51]
 [56]
 [45]
 [48]
 [32]
 [54]
 [48]
 [53]
 [49]
 [46]
 [55]
 [51]
 [51]
 [56]
 [53]
 [52]
 [57]
 [57]
 [57]
 [57]
 [57]
 [57]
 [53]
 [45]
 [49]] 
------------------------ Dataset: Omm ------------------------
shape: (33, 1), dtype: uint16
Data:[[54]
 [48]
 [54]
 [55]
 [46]
 [54]
 [51]
 [51]
 [55]
 [53]
 [51]
 [45]
 [48]
 [32]
 [54]
 [48]
 [54]
 [55]
 [46]
 [54]
 [51]
 [57]
 [49]
 [50]
 [51]
 [57]
 [57]
 [57]
 [57]
 [57]
 [57]
 [45]
 [49]] 
------------------------ Dataset: Omn ------------------------
shape: (26, 1), dtype: uint16
Data:[[54]
 [48]
 [56]
 [51]
 [46]
 [53]
 [57]
 [53]
 [50]
 [52]
 [45]
 [48]
 [32]
 [54]
 [48]
 [56]
 [51]
 [46]
 [53]
 [56]
 [54]
 [54]
 [53]
 [52]
 [45]
 [49]] 
------------------------ Dataset: Omo ------------------------
shape: (27, 1), dtype: uint16
Data:[[53]
 [54]
 [52]
 [52]
 [46]
 [50]
 [54]
 [49]
 [53]
 [50]
 [53]
 [45]
 [48]
 [32]
 [53]
 [54]
 [52]
 [52]
 [46]
 [50]
 [53]
 [55]
 [53]
 [54]
 [50]
 [45]
 [49]] 
------------------------ Dataset: Omp ------------------------
shape: (27, 1), dtype: uint16
Data:[[53]
 [54]
 [54]
 [48]
 [46]
 [48]
 [50]
 [48]
 [49]
 [56]
 [49]
 [45]
 [48]
 [32]
 [53]
 [54]
 [54]
 [48]
 [46]
 [48]
 [49]
 [52]
 [56]
 [54]
 [49]
 [45]
 [49]] 
------------------------ Dataset: Omq ------------------------
shape: (32, 1), dtype: uint16
Data:[[53]
 [54]
 [55]
 [53]
 [46]
 [55]
 [49]
 [51]
 [54]
 [49]
 [45]
 [48]
 [32]
 [53]
 [54]
 [55]
 [53]
 [46]
 [55]
 [48]
 [57]
 [53]
 [53]
 [49]
 [57]
 [57]
 [57]
 [57]
 [57]
 [57]
 [45]
 [49]] 
------------------------ Dataset: Omr ------------------------
shape: (27, 1), dtype: uint16
Data:[[53]
 [54]
 [57]
 [49]
 [46]
 [52]
 [57]
 [55]
 [54]
 [48]
 [53]
 [45]
 [48]
 [32]
 [53]
 [54]
 [57]
 [49]
 [46]
 [52]
 [57]
 [52]
 [50]
 [57]
 [57]
 [45]
 [49]] 
------------------------ Dataset: Oms ------------------------
shape: (32, 1), dtype: uint16
Data:[[54]
 [52]
 [49]
 [52]
 [46]
 [55]
 [53]
 [55]
 [57]
 [50]
 [56]
 [57]
 [57]
 [57]
 [57]
 [57]
 [57]
 [45]
 [48]
 [32]
 [54]
 [52]
 [49]
 [52]
 [46]
 [55]
 [54]
 [49]
 [56]
 [57]
 [45]
 [49]] 
------------------------ Dataset: Omt ------------------------
shape: (32, 1), dtype: uint16
Data:[[54]
 [54]
 [48]
 [54]
 [46]
 [56]
 [52]
 [50]
 [55]
 [57]
 [45]
 [48]
 [32]
 [54]
 [54]
 [48]
 [54]
 [46]
 [56]
 [51]
 [56]
 [49]
 [49]
 [57]
 [57]
 [57]
 [57]
 [57]
 [57]
 [57]
 [45]
 [49]] 
------------------------ Dataset: Omu ------------------------
shape: (33, 1), dtype: uint16
Data:[[54]
 [54]
 [50]
 [50]
 [46]
 [55]
 [57]
 [54]
 [49]
 [55]
 [45]
 [48]
 [32]
 [54]
 [54]
 [50]
 [50]
 [46]
 [55]
 [57]
 [56]
 [48]
 [54]
 [48]
 [57]
 [57]
 [57]
 [57]
 [57]
 [57]
 [53]
 [45]
 [49]] 
------------------------ Dataset: Omv ------------------------
shape: (39, 1), dtype: uint16
Data:[[54]
 [54]
 [51]
 [56]
 [46]
 [54]
 [52]
 [50]
 [52]
 [54]
 [53]
 [57]
 [57]
 [57]
 [57]
 [57]
 [57]
 [45]
 [48]
 [32]
 [54]
 [54]
 [51]
 [56]
 [46]
 [54]
 [52]
 [54]
 [49]
 [50]
 [55]
 [57]
 [57]
 [57]
 [57]
 [57]
 [57]
 [45]
 [49]] 
------------------------ Dataset: Omw ------------------------
shape: (33, 1), dtype: uint16
Data:[[54]
 [54]
 [53]
 [52]
 [46]
 [50]
 [51]
 [48]
 [48]
 [52]
 [49]
 [45]
 [48]
 [32]
 [54]
 [54]
 [53]
 [52]
 [46]
 [50]
 [51]
 [52]
 [48]
 [57]
 [48]
 [57]
 [57]
 [57]
 [57]
 [57]
 [57]
 [45]
 [49]] 
------------------------ Dataset: Omx ------------------------
shape: (27, 1), dtype: uint16
Data:[[54]
 [54]
 [55]
 [48]
 [46]
 [49]
 [50]
 [54]
 [48]
 [50]
 [49]
 [45]
 [48]
 [32]
 [54]
 [54]
 [55]
 [48]
 [46]
 [49]
 [50]
 [49]
 [57]
 [57]
 [49]
 [45]
 [49]] 
------------------------ Dataset: Omy ------------------------
shape: (33, 1), dtype: uint16
Data:[[54]
 [54]
 [56]
 [54]
 [46]
 [48]
 [52]
 [54]
 [57]
 [48]
 [52]
 [57]
 [57]
 [57]
 [57]
 [57]
 [57]
 [45]
 [48]
 [32]
 [54]
 [54]
 [56]
 [54]
 [46]
 [48]
 [53]
 [48]
 [51]
 [56]
 [49]
 [45]
 [49]] 
------------------------ Dataset: Omz ------------------------
shape: (13, 1), dtype: uint16
Data:[[53]
 [57]
 [48]
 [51]
 [46]
 [57]
 [54]
 [49]
 [56]
 [55]
 [53]
 [45]
 [48]] 
------------------------ Dataset: On ------------------------

shape: (1, 6), dtype: uint32
Data:[[3707764736          2          1          1        765          1]] 
------------------------ Dataset: Pmb ------------------------
shape: (33, 1), dtype: uint16
Data:[[54]
 [55]
 [54]
 [55]
 [46]
 [55]
 [51]
 [56]
 [52]
 [51]
 [55]
 [45]
 [48]
 [32]
 [54]
 [55]
 [54]
 [55]
 [46]
 [55]
 [52]
 [50]
 [49]
 [53]
 [50]
 [57]
 [57]
 [57]
 [57]
 [57]
 [57]
 [45]
 [49]] 
------------------------ Dataset: Pmc ------------------------
shape: (27, 1), dtype: uint16
Data:[[54]
 [50]
 [56]
 [48]
 [46]
 [53]
 [50]
 [49]
 [56]
 [51]
 [51]
 [45]
 [48]
 [32]
 [54]
 [50]
 [56]
 [48]
 [46]
 [53]
 [50]
 [53]
 [56]
 [51]
 [51]
 [45]
 [49]] 
------------------------ Dataset: Pmd ------------------------
shape: (34, 1), dtype: uint16
Data:[[54]
 [50]
 [57]
 [54]
 [46]
 [51]
 [49]
 [48]
 [51]
 [49]
 [54]
 [57]
 [57]
 [57]
 [57]
 [57]
 [57]
 [53]
 [45]
 [48]
 [32]
 [54]
 [50]
 [57]
 [54]
 [46]
 [51]
 [48]
 [57]
 [49]
 [49]
 [50]
 [45]
 [49]] 
------------------------ Dataset: Pme ------------------------
shape: (32, 1), dtype: uint16
Data:[[54]
 [51]
 [49]
 [50]
 [46]
 [49]
 [52]
 [56]
 [50]
 [45]
 [48]
 [32]
 [54]
 [51]
 [49]
 [50]
 [46]
 [49]
 [52]
 [57]
 [48]
 [55]
 [55]
 [57]
 [57]
 [57]
 [57]
 [57]
 [57]
 [53]
 [45]
 [49]] 
------------------------ Dataset: Pmf ------------------------
shape: (27, 1), dtype: uint16
Data:[[54]
 [51]
 [50]
 [56]
 [46]
 [48]
 [50]
 [50]
 [48]
 [51]
 [52]
 [45]
 [48]
 [32]
 [54]
 [51]
 [50]
 [56]
 [46]
 [48]
 [50]
 [50]
 [48]
 [53]
 [49]
 [45]
 [49]] 
------------------------ Dataset: Pmg ------------------------
shape: (40, 1), dtype: uint16
Data:[[54]
 [51]
 [52]
 [51]
 [46]
 [56]
 [52]
 [53]
 [57]
 [53]
 [51]
 [57]
 [57]
 [57]
 [57]
 [57]
 [57]
 [45]
 [48]
 [32]
 [54]
 [51]
 [52]
 [51]
 [46]
 [56]
 [52]
 [50]
 [48]
 [50]
 [48]
 [57]
 [57]
 [57]
 [57]
 [57]
 [57]
 [53]
 [45]
 [49]] 
------------------------ Dataset: Pmh ------------------------
shape: (33, 1), dtype: uint16
Data:[[54]
 [53]
 [48]
 [56]
 [46]
 [57]
 [51]
 [53]
 [56]
 [52]
 [52]
 [45]
 [48]
 [32]
 [54]
 [53]
 [48]
 [56]
 [46]
 [57]
 [51]
 [53]
 [57]
 [53]
 [50]
 [57]
 [57]
 [57]
 [57]
 [57]
 [57]
 [45]
 [49]] 
------------------------ Dataset: Pmi ------------------------
shape: (33, 1), dtype: uint16
Data:[[54]
 [53]
 [50]
 [52]
 [46]
 [55]
 [52]
 [54]
 [51]
 [55]
 [53]
 [45]
 [48]
 [32]
 [54]
 [53]
 [50]
 [52]
 [46]
 [55]
 [53]
 [48]
 [50]
 [52]
 [55]
 [57]
 [57]
 [57]
 [57]
 [57]
 [57]
 [45]
 [49]] 
------------------------ Dataset: Pmj ------------------------
shape: (13, 1), dtype: uint16
Data:[[54]
 [48]
 [50]
 [48]
 [46]
 [51]
 [49]
 [57]
 [51]
 [57]
 [49]
 [45]
 [48]] 
------------------------ Dataset: Pmk ------------------------
shape: (34, 1), dtype: uint16
Data:[[54]
 [48]
 [51]
 [54]
 [46]
 [49]
 [51]
 [52]
 [53]
 [49]
 [54]
 [57]
 [57]
 [57]
 [57]
 [57]
 [57]
 [53]
 [45]
 [48]
 [32]
 [54]
 [48]
 [51]
 [54]
 [46]
 [49]
 [51]
 [55]
 [55]
 [55]
 [55]
 [45]
 [49]] 
------------------------ Dataset: Pml ------------------------
shape: (34, 1), dtype: uint16
Data:[[54]
 [48]
 [53]
 [49]
 [46]
 [55]
 [51]
 [56]
 [49]
 [48]
 [54]
 [45]
 [48]
 [32]
 [54]
 [48]
 [53]
 [49]
 [46]
 [55]
 [51]
 [51]
 [56]
 [53]
 [52]
 [57]
 [57]
 [57]
 [57]
 [57]
 [57]
 [53]
 [45]
 [49]] 
------------------------ Dataset: Pmm ------------------------
shape: (33, 1), dtype: uint16
Data:[[54]
 [48]
 [54]
 [55]
 [46]
 [54]
 [52]
 [51]
 [52]
 [55]
 [55]
 [45]
 [48]
 [32]
 [54]
 [48]
 [54]
 [55]
 [46]
 [54]
 [51]
 [57]
 [49]
 [50]
 [51]
 [57]
 [57]
 [57]
 [57]
 [57]
 [57]
 [45]
 [49]] 
------------------------ Dataset: Pmn ------------------------
shape: (25, 1), dtype: uint16
Data:[[54]
 [48]
 [56]
 [51]
 [46]
 [53]
 [57]
 [53]
 [50]
 [52]
 [45]
 [48]
 [32]
 [54]
 [48]
 [56]
 [51]
 [46]
 [53]
 [57]
 [53]
 [50]
 [52]
 [45]
 [49]] 
------------------------ Dataset: Pmo ------------------------
shape: (27, 1), dtype: uint16
Data:[[53]
 [54]
 [52]
 [52]
 [46]
 [50]
 [54]
 [49]
 [53]
 [50]
 [53]
 [45]
 [48]
 [32]
 [53]
 [54]
 [52]
 [52]
 [46]
 [50]
 [54]
 [53]
 [53]
 [50]
 [56]
 [45]
 [49]] 
------------------------ Dataset: Pmp ------------------------
shape: (27, 1), dtype: uint16
Data:[[53]
 [54]
 [54]
 [48]
 [46]
 [48]
 [50]
 [48]
 [49]
 [56]
 [49]
 [45]
 [48]
 [32]
 [53]
 [54]
 [54]
 [48]
 [46]
 [48]
 [50]
 [56]
 [50]
 [48]
 [49]
 [45]
 [49]] 
------------------------ Dataset: Pmq ------------------------
shape: (26, 1), dtype: uint16
Data:[[53]
 [54]
 [55]
 [53]
 [46]
 [55]
 [49]
 [51]
 [54]
 [49]
 [45]
 [48]
 [32]
 [53]
 [54]
 [55]
 [53]
 [46]
 [55]
 [49]
 [55]
 [54]
 [49]
 [51]
 [45]
 [49]] 
------------------------ Dataset: Pmr ------------------------
shape: (27, 1), dtype: uint16
Data:[[53]
 [54]
 [57]
 [49]
 [46]
 [52]
 [57]
 [55]
 [54]
 [48]
 [53]
 [45]
 [48]
 [32]
 [53]
 [54]
 [57]
 [49]
 [46]
 [53]
 [48]
 [49]
 [53]
 [53]
 [53]
 [45]
 [49]] 
------------------------ Dataset: Pms ------------------------
shape: (25, 1), dtype: uint16
Data:[[54]
 [52]
 [49]
 [52]
 [46]
 [55]
 [54]
 [53]
 [56]
 [57]
 [45]
 [48]
 [32]
 [54]
 [52]
 [49]
 [52]
 [46]
 [55]
 [54]
 [49]
 [56]
 [57]
 [45]
 [49]] 
------------------------ Dataset: Pmt ------------------------
shape: (32, 1), dtype: uint16
Data:[[54]
 [54]
 [48]
 [54]
 [46]
 [56]
 [52]
 [50]
 [55]
 [57]
 [45]
 [48]
 [32]
 [54]
 [54]
 [48]
 [54]
 [46]
 [56]
 [52]
 [54]
 [53]
 [48]
 [54]
 [57]
 [57]
 [57]
 [57]
 [57]
 [57]
 [45]
 [49]] 
------------------------ Dataset: Pmu ------------------------
shape: (34, 1), dtype: uint16
Data:[[54]
 [54]
 [50]
 [50]
 [46]
 [56]
 [48]
 [49]
 [57]
 [55]
 [51]
 [45]
 [48]
 [32]
 [54]
 [54]
 [50]
 [50]
 [46]
 [55]
 [57]
 [56]
 [48]
 [54]
 [48]
 [57]
 [57]
 [57]
 [57]
 [57]
 [57]
 [53]
 [45]
 [49]] 
------------------------ Dataset: Pmv ------------------------
shape: (31, 1), dtype: uint16
Data:[[54]
 [54]
 [51]
 [56]
 [46]
 [54]
 [53]
 [48]
 [49]
 [45]
 [48]
 [32]
 [54]
 [54]
 [51]
 [56]
 [46]
 [54]
 [52]
 [54]
 [49]
 [50]
 [55]
 [57]
 [57]
 [57]
 [57]
 [57]
 [57]
 [45]
 [49]] 
------------------------ Dataset: Pmw ------------------------
shape: (40, 1), dtype: uint16
Data:[[54]
 [54]
 [53]
 [52]
 [46]
 [50]
 [51]
 [56]
 [48]
 [49]
 [48]
 [57]
 [57]
 [57]
 [57]
 [57]
 [57]
 [53]
 [45]
 [48]
 [32]
 [54]
 [54]
 [53]
 [52]
 [46]
 [50]
 [51]
 [52]
 [48]
 [57]
 [48]
 [57]
 [57]
 [57]
 [57]
 [57]
 [57]
 [45]
 [49]] 
------------------------ Dataset: Pmx ------------------------
shape: (34, 1), dtype: uint16
Data:[[54]
 [54]
 [55]
 [48]
 [46]
 [49]
 [50]
 [54]
 [48]
 [50]
 [49]
 [45]
 [48]
 [32]
 [54]
 [54]
 [55]
 [48]
 [46]
 [49]
 [51]
 [48]
 [48]
 [54]
 [55]
 [57]
 [57]
 [57]
 [57]
 [57]
 [57]
 [53]
 [45]
 [49]] 
------------------------ Dataset: Pmy ------------------------
shape: (27, 1), dtype: uint16
Data:[[54]
 [54]
 [56]
 [54]
 [46]
 [48]
 [53]
 [52]
 [49]
 [52]
 [55]
 [45]
 [48]
 [32]
 [54]
 [54]
 [56]
 [54]
 [46]
 [48]
 [53]
 [48]
 [51]
 [56]
 [49]
 [45]
 [49]] 
------------------------ Dataset: Pmz ------------------------
shape: (19, 1), dtype: uint16
Data:[[53]
 [57]
 [48]
 [51]
 [46]
 [57]
 [54]
 [53]
 [54]
 [57]
 [48]
 [57]
 [57]
 [57]
 [57]
 [57]
 [57]
 [45]
 [49]] 
------------------------ Dataset: Pn ------------------------

shape: (1, 6), dtype: uint32
Data:[[3707764736          2          1          1        766          1]] 
------------------------ Dataset: Qmb ------------------------
shape: (40, 1), dtype: uint16
Data:[[54]
 [55]
 [54]
 [55]
 [46]
 [55]
 [52]
 [54]
 [50]
 [51]
 [49]
 [57]
 [57]
 [57]
 [57]
 [57]
 [57]
 [53]
 [45]
 [48]
 [32]
 [54]
 [55]
 [54]
 [55]
 [46]
 [55]
 [52]
 [50]
 [49]
 [53]
 [50]
 [57]
 [57]
 [57]
 [57]
 [57]
 [57]
 [45]
 [49]] 
------------------------ Dataset: Qmc ------------------------
shape: (27, 1), dtype: uint16
Data:[[54]
 [50]
 [56]
 [48]
 [46]
 [53]
 [51]
 [48]
 [48]
 [52]
 [57]
 [45]
 [48]
 [32]
 [54]
 [50]
 [56]
 [48]
 [46]
 [53]
 [50]
 [53]
 [56]
 [51]
 [51]
 [45]
 [49]] 
------------------------ Dataset: Qmd ------------------------
shape: (41, 1), dtype: uint16
Data:[[54]
 [50]
 [57]
 [54]
 [46]
 [51]
 [49]
 [48]
 [51]
 [49]
 [54]
 [57]
 [57]
 [57]
 [57]
 [57]
 [57]
 [53]
 [45]
 [48]
 [32]
 [54]
 [50]
 [57]
 [54]
 [46]
 [51]
 [49]
 [51]
 [48]
 [49]
 [54]
 [57]
 [57]
 [57]
 [57]
 [57]
 [57]
 [53]
 [45]
 [49]] 
------------------------ Dataset: Qme ------------------------
shape: (34, 1), dtype: uint16
Data:[[54]
 [51]
 [49]
 [50]
 [46]
 [49]
 [53]
 [49]
 [55]
 [56]
 [50]
 [45]
 [48]
 [32]
 [54]
 [51]
 [49]
 [50]
 [46]
 [49]
 [52]
 [57]
 [48]
 [55]
 [55]
 [57]
 [57]
 [57]
 [57]
 [57]
 [57]
 [53]
 [45]
 [49]] 
------------------------ Dataset: Qmf ------------------------
shape: (27, 1), dtype: uint16
Data:[[54]
 [51]
 [50]
 [56]
 [46]
 [48]
 [51]
 [48]
 [48]
 [52]
 [54]
 [45]
 [48]
 [32]
 [54]
 [51]
 [50]
 [56]
 [46]
 [48]
 [50]
 [50]
 [48]
 [53]
 [49]
 [45]
 [49]] 
------------------------ Dataset: Qmg ------------------------
shape: (33, 1), dtype: uint16
Data:[[54]
 [51]
 [52]
 [51]
 [46]
 [56]
 [52]
 [53]
 [57]
 [53]
 [51]
 [57]
 [57]
 [57]
 [57]
 [57]
 [57]
 [45]
 [48]
 [32]
 [54]
 [51]
 [52]
 [51]
 [46]
 [56]
 [52]
 [57]
 [57]
 [49]
 [51]
 [45]
 [49]] 
------------------------ Dataset: Qmh ------------------------
shape: (39, 1), dtype: uint16
Data:[[54]
 [53]
 [48]
 [56]
 [46]
 [57]
 [52]
 [56]
 [53]
 [49]
 [55]
 [57]
 [57]
 [57]
 [57]
 [57]
 [57]
 [45]
 [48]
 [32]
 [54]
 [53]
 [48]
 [56]
 [46]
 [57]
 [51]
 [53]
 [57]
 [53]
 [50]
 [57]
 [57]
 [57]
 [57]
 [57]
 [57]
 [45]
 [49]] 
------------------------ Dataset: Qmi ------------------------
shape: (33, 1), dtype: uint16
Data:[[54]
 [53]
 [50]
 [52]
 [46]
 [55]
 [53]
 [52]
 [48]
 [50]
 [55]
 [45]
 [48]
 [32]
 [54]
 [53]
 [50]
 [52]
 [46]
 [55]
 [53]
 [48]
 [50]
 [52]
 [55]
 [57]
 [57]
 [57]
 [57]
 [57]
 [57]
 [45]
 [49]] 
------------------------ Dataset: Qmj ------------------------
shape: (13, 1), dtype: uint16
Data:[[54]
 [48]
 [50]
 [48]
 [46]
 [51]
 [50]
 [49]
 [57]
 [54]
 [55]
 [45]
 [49]] 
------------------------ Dataset: Qmk ------------------------
shape: (27, 1), dtype: uint16
Data:[[54]
 [48]
 [51]
 [54]
 [46]
 [49]
 [52]
 [49]
 [55]
 [51]
 [50]
 [45]
 [48]
 [32]
 [54]
 [48]
 [51]
 [54]
 [46]
 [49]
 [51]
 [55]
 [55]
 [55]
 [55]
 [45]
 [49]] 
------------------------ Dataset: Qml ------------------------
shape: (27, 1), dtype: uint16
Data:[[54]
 [48]
 [53]
 [49]
 [46]
 [55]
 [51]
 [56]
 [49]
 [48]
 [54]
 [45]
 [48]
 [32]
 [54]
 [48]
 [53]
 [49]
 [46]
 [55]
 [52]
 [49]
 [55]
 [52]
 [55]
 [45]
 [49]] 
------------------------ Dataset: Qmm ------------------------
shape: (33, 1), dtype: uint16
Data:[[54]
 [48]
 [54]
 [55]
 [46]
 [54]
 [52]
 [51]
 [52]
 [55]
 [55]
 [45]
 [48]
 [32]
 [54]
 [48]
 [54]
 [55]
 [46]
 [54]
 [53]
 [50]
 [50]
 [50]
 [53]
 [57]
 [57]
 [57]
 [57]
 [57]
 [57]
 [45]
 [49]] 
------------------------ Dataset: Qmn ------------------------
shape: (26, 1), dtype: uint16
Data:[[54]
 [48]
 [56]
 [51]
 [46]
 [53]
 [57]
 [53]
 [50]
 [52]
 [45]
 [48]
 [32]
 [54]
 [48]
 [56]
 [51]
 [46]
 [54]
 [48]
 [50]
 [56]
 [56]
 [52]
 [45]
 [49]] 
------------------------ Dataset: Qmo ------------------------
shape: (27, 1), dtype: uint16
Data:[[53]
 [54]
 [52]
 [52]
 [46]
 [50]
 [54]
 [57]
 [52]
 [57]
 [51]
 [45]
 [48]
 [32]
 [53]
 [54]
 [52]
 [52]
 [46]
 [50]
 [54]
 [53]
 [53]
 [50]
 [56]
 [45]
 [49]] 
------------------------ Dataset: Qmp ------------------------
shape: (27, 1), dtype: uint16
Data:[[53]
 [54]
 [54]
 [48]
 [46]
 [48]
 [51]
 [48]
 [55]
 [50]
 [51]
 [45]
 [48]
 [32]
 [53]
 [54]
 [54]
 [48]
 [46]
 [48]
 [50]
 [56]
 [50]
 [48]
 [49]
 [45]
 [49]] 
------------------------ Dataset: Qmq ------------------------
shape: (27, 1), dtype: uint16
Data:[[53]
 [54]
 [55]
 [53]
 [46]
 [55]
 [50]
 [50]
 [53]
 [53]
 [55]
 [45]
 [48]
 [32]
 [53]
 [54]
 [55]
 [53]
 [46]
 [55]
 [49]
 [55]
 [54]
 [49]
 [51]
 [45]
 [49]] 
------------------------ Dataset: Qmr ------------------------
shape: (27, 1), dtype: uint16
Data:[[53]
 [54]
 [57]
 [49]
 [46]
 [53]
 [48]
 [53]
 [53]
 [48]
 [53]
 [45]
 [48]
 [32]
 [53]
 [54]
 [57]
 [49]
 [46]
 [53]
 [48]
 [49]
 [53]
 [53]
 [53]
 [45]
 [49]] 
------------------------ Dataset: Qms ------------------------
shape: (32, 1), dtype: uint16
Data:[[54]
 [52]
 [49]
 [52]
 [46]
 [55]
 [54]
 [53]
 [56]
 [57]
 [45]
 [48]
 [32]
 [54]
 [52]
 [49]
 [52]
 [46]
 [55]
 [54]
 [57]
 [57]
 [49]
 [53]
 [57]
 [57]
 [57]
 [57]
 [57]
 [57]
 [45]
 [49]] 
------------------------ Dataset: Qmt ------------------------
shape: (33, 1), dtype: uint16
Data:[[54]
 [54]
 [48]
 [54]
 [46]
 [56]
 [52]
 [57]
 [57]
 [55]
 [53]
 [45]
 [48]
 [32]
 [54]
 [54]
 [48]
 [54]
 [46]
 [56]
 [52]
 [54]
 [53]
 [48]
 [54]
 [57]
 [57]
 [57]
 [57]
 [57]
 [57]
 [45]
 [49]] 
------------------------ Dataset: Qmu ------------------------
shape: (27, 1), dtype: uint16
Data:[[54]
 [54]
 [50]
 [50]
 [46]
 [56]
 [48]
 [49]
 [57]
 [55]
 [51]
 [45]
 [48]
 [32]
 [54]
 [54]
 [50]
 [50]
 [46]
 [56]
 [48]
 [53]
 [57]
 [54]
 [53]
 [45]
 [49]] 
------------------------ Dataset: Qmv ------------------------
shape: (31, 1), dtype: uint16
Data:[[54]
 [54]
 [51]
 [56]
 [46]
 [54]
 [53]
 [48]
 [49]
 [45]
 [48]
 [32]
 [54]
 [54]
 [51]
 [56]
 [46]
 [54]
 [53]
 [52]
 [49]
 [53]
 [52]
 [57]
 [57]
 [57]
 [57]
 [57]
 [57]
 [45]
 [49]] 
------------------------ Dataset: Qmw ------------------------
shape: (40, 1), dtype: uint16
Data:[[54]
 [54]
 [53]
 [52]
 [46]
 [50]
 [51]
 [56]
 [48]
 [49]
 [48]
 [57]
 [57]
 [57]
 [57]
 [57]
 [57]
 [53]
 [45]
 [48]
 [32]
 [54]
 [54]
 [53]
 [52]
 [46]
 [50]
 [52]
 [50]
 [49]
 [48]
 [49]
 [57]
 [57]
 [57]
 [57]
 [57]
 [57]
 [45]
 [49]] 
------------------------ Dataset: Qmx ------------------------
shape: (34, 1), dtype: uint16
Data:[[54]
 [54]
 [55]
 [48]
 [46]
 [49]
 [51]
 [52]
 [48]
 [54]
 [57]
 [45]
 [48]
 [32]
 [54]
 [54]
 [55]
 [48]
 [46]
 [49]
 [51]
 [48]
 [48]
 [54]
 [55]
 [57]
 [57]
 [57]
 [57]
 [57]
 [57]
 [53]
 [45]
 [49]] 
------------------------ Dataset: Qmy ------------------------
shape: (27, 1), dtype: uint16
Data:[[54]
 [54]
 [56]
 [54]
 [46]
 [48]
 [53]
 [52]
 [49]
 [52]
 [55]
 [45]
 [48]
 [32]
 [54]
 [54]
 [56]
 [54]
 [46]
 [48]
 [53]
 [56]
 [49]
 [56]
 [50]
 [45]
 [49]] 
------------------------ Dataset: Qmz ------------------------
shape: (11, 1), dtype: uint16
Data:[[53]
 [57]
 [48]
 [51]
 [46]
 [57]
 [54]
 [57]
 [56]
 [45]
 [48]] 
------------------------ Dataset: Qn ------------------------

shape: (1, 6), dtype: uint32
Data:[[3707764736          2          1          1        767          1]] 
------------------------ Dataset: Rmb ------------------------
shape: (41, 1), dtype: uint16
Data:[[54]
 [55]
 [54]
 [55]
 [46]
 [55]
 [52]
 [54]
 [50]
 [51]
 [49]
 [57]
 [57]
 [57]
 [57]
 [57]
 [57]
 [53]
 [45]
 [48]
 [32]
 [54]
 [55]
 [54]
 [55]
 [46]
 [55]
 [53]
 [48]
 [49]
 [56]
 [51]
 [57]
 [57]
 [57]
 [57]
 [57]
 [57]
 [53]
 [45]
 [49]] 
------------------------ Dataset: Rmc ------------------------
shape: (27, 1), dtype: uint16
Data:[[54]
 [50]
 [56]
 [48]
 [46]
 [53]
 [51]
 [48]
 [48]
 [52]
 [57]
 [45]
 [48]
 [32]
 [54]
 [50]
 [56]
 [48]
 [46]
 [53]
 [51]
 [52]
 [49]
 [48]
 [56]
 [45]
 [49]] 
------------------------ Dataset: Rmd ------------------------
shape: (34, 1), dtype: uint16
Data:[[54]
 [50]
 [57]
 [54]
 [46]
 [51]
 [49]
 [52]
 [51]
 [52]
 [51]
 [45]
 [48]
 [32]
 [54]
 [50]
 [57]
 [54]
 [46]
 [51]
 [49]
 [51]
 [48]
 [49]
 [54]
 [57]
 [57]
 [57]
 [57]
 [57]
 [57]
 [53]
 [45]
 [49]] 
------------------------ Dataset: Rme ------------------------
shape: (27, 1), dtype: uint16
Data:[[54]
 [51]
 [49]
 [50]
 [46]
 [49]
 [53]
 [49]
 [55]
 [56]
 [50]
 [45]
 [48]
 [32]
 [54]
 [51]
 [49]
 [50]
 [46]
 [49]
 [53]
 [50]
 [49]
 [56]
 [56]
 [45]
 [49]] 
------------------------ Dataset: Rmf ------------------------
shape: (27, 1), dtype: uint16
Data:[[54]
 [51]
 [50]
 [56]
 [46]
 [48]
 [51]
 [48]
 [48]
 [52]
 [54]
 [45]
 [48]
 [32]
 [54]
 [51]
 [50]
 [56]
 [46]
 [48]
 [51]
 [48]
 [48]
 [52]
 [54]
 [45]
 [49]] 
------------------------ Dataset: Rmg ------------------------
shape: (33, 1), dtype: uint16
Data:[[54]
 [51]
 [52]
 [51]
 [46]
 [56]
 [53]
 [52]
 [48]
 [49]
 [48]
 [57]
 [57]
 [57]
 [57]
 [57]
 [57]
 [45]
 [48]
 [32]
 [54]
 [51]
 [52]
 [51]
 [46]
 [56]
 [52]
 [57]
 [57]
 [49]
 [51]
 [45]
 [49]] 
------------------------ Dataset: Rmh ------------------------
shape: (33, 1), dtype: uint16
Data:[[54]
 [53]
 [48]
 [56]
 [46]
 [57]
 [52]
 [56]
 [53]
 [49]
 [55]
 [57]
 [57]
 [57]
 [57]
 [57]
 [57]
 [45]
 [48]
 [32]
 [54]
 [53]
 [48]
 [56]
 [46]
 [57]
 [52]
 [55]
 [52]
 [52]
 [56]
 [45]
 [49]] 
------------------------ Dataset: Rmi ------------------------
shape: (27, 1), dtype: uint16
Data:[[54]
 [53]
 [50]
 [52]
 [46]
 [55]
 [53]
 [52]
 [48]
 [50]
 [55]
 [45]
 [48]
 [32]
 [54]
 [53]
 [50]
 [52]
 [46]
 [55]
 [53]
 [56]
 [51]
 [56]
 [57]
 [45]
 [49]] 
------------------------ Dataset: Rmj ------------------------
shape: (13, 1), dtype: uint16
Data:[[54]
 [48]
 [50]
 [48]
 [46]
 [51]
 [50]
 [54]
 [51]
 [49]
 [55]
 [45]
 [48]] 
------------------------ Dataset: Rmk ------------------------
shape: (27, 1), dtype: uint16
Data:[[54]
 [48]
 [51]
 [54]
 [46]
 [49]
 [52]
 [49]
 [55]
 [51]
 [50]
 [45]
 [48]
 [32]
 [54]
 [48]
 [51]
 [54]
 [46]
 [49]
 [52]
 [53]
 [55]
 [57]
 [54]
 [45]
 [49]] 
------------------------ Dataset: Rml ------------------------
shape: (33, 1), dtype: uint16
Data:[[54]
 [48]
 [53]
 [49]
 [46]
 [55]
 [52]
 [53]
 [56]
 [50]
 [50]
 [57]
 [57]
 [57]
 [57]
 [57]
 [57]
 [45]
 [48]
 [32]
 [54]
 [48]
 [53]
 [49]
 [46]
 [55]
 [52]
 [49]
 [55]
 [52]
 [55]
 [45]
 [49]] 
------------------------ Dataset: Rmm ------------------------
shape: (39, 1), dtype: uint16
Data:[[54]
 [48]
 [54]
 [55]
 [46]
 [54]
 [53]
 [53]
 [49]
 [50]
 [55]
 [57]
 [57]
 [57]
 [57]
 [57]
 [57]
 [45]
 [48]
 [32]
 [54]
 [48]
 [54]
 [55]
 [46]
 [54]
 [53]
 [50]
 [50]
 [50]
 [53]
 [57]
 [57]
 [57]
 [57]
 [57]
 [57]
 [45]
 [49]] 
------------------------ Dataset: Rmn ------------------------
shape: (27, 1), dtype: uint16
Data:[[54]
 [48]
 [56]
 [51]
 [46]
 [54]
 [48]
 [50]
 [56]
 [56]
 [52]
 [45]
 [48]
 [32]
 [54]
 [48]
 [56]
 [51]
 [46]
 [54]
 [48]
 [50]
 [56]
 [56]
 [52]
 [45]
 [49]] 
------------------------ Dataset: Rmo ------------------------
shape: (33, 1), dtype: uint16
Data:[[53]
 [54]
 [52]
 [52]
 [46]
 [50]
 [54]
 [57]
 [52]
 [57]
 [51]
 [45]
 [48]
 [32]
 [53]
 [54]
 [52]
 [52]
 [46]
 [50]
 [55]
 [51]
 [53]
 [51]
 [49]
 [57]
 [57]
 [57]
 [57]
 [57]
 [57]
 [45]
 [49]] 
------------------------ Dataset: Rmp ------------------------
shape: (27, 1), dtype: uint16
Data:[[53]
 [54]
 [54]
 [48]
 [46]
 [48]
 [51]
 [48]
 [55]
 [50]
 [51]
 [45]
 [48]
 [32]
 [53]
 [54]
 [54]
 [48]
 [46]
 [48]
 [51]
 [54]
 [48]
 [54]
 [52]
 [45]
 [49]] 
------------------------ Dataset: Rmq ------------------------
shape: (27, 1), dtype: uint16
Data:[[53]
 [54]
 [55]
 [53]
 [46]
 [55]
 [50]
 [50]
 [53]
 [53]
 [55]
 [45]
 [48]
 [32]
 [53]
 [54]
 [55]
 [53]
 [46]
 [55]
 [50]
 [53]
 [55]
 [50]
 [55]
 [45]
 [49]] 
------------------------ Dataset: Rmr ------------------------
shape: (27, 1), dtype: uint16
Data:[[53]
 [54]
 [57]
 [49]
 [46]
 [53]
 [48]
 [53]
 [53]
 [48]
 [53]
 [45]
 [48]
 [32]
 [53]
 [54]
 [57]
 [49]
 [46]
 [53]
 [48]
 [57]
 [53]
 [53]
 [51]
 [45]
 [49]] 
------------------------ Dataset: Rms ------------------------
shape: (39, 1), dtype: uint16
Data:[[54]
 [52]
 [49]
 [52]
 [46]
 [55]
 [55]
 [51]
 [56]
 [57]
 [52]
 [57]
 [57]
 [57]
 [57]
 [57]
 [57]
 [45]
 [48]
 [32]
 [54]
 [52]
 [49]
 [52]
 [46]
 [55]
 [54]
 [57]
 [57]
 [49]
 [53]
 [57]
 [57]
 [57]
 [57]
 [57]
 [57]
 [45]
 [49]] 
------------------------ Dataset: Rmt ------------------------
shape: (33, 1), dtype: uint16
Data:[[54]
 [54]
 [48]
 [54]
 [46]
 [56]
 [52]
 [57]
 [57]
 [55]
 [53]
 [45]
 [48]
 [32]
 [54]
 [54]
 [48]
 [54]
 [46]
 [56]
 [53]
 [51]
 [57]
 [56]
 [48]
 [57]
 [57]
 [57]
 [57]
 [57]
 [57]
 [45]
 [49]] 
------------------------ Dataset: Rmu ------------------------
shape: (33, 1), dtype: uint16
Data:[[54]
 [54]
 [50]
 [50]
 [46]
 [56]
 [48]
 [57]
 [57]
 [54]
 [54]
 [57]
 [57]
 [57]
 [57]
 [57]
 [57]
 [45]
 [48]
 [32]
 [54]
 [54]
 [50]
 [50]
 [46]
 [56]
 [48]
 [53]
 [57]
 [54]
 [53]
 [45]
 [49]] 
------------------------ Dataset: Rmv ------------------------
shape: (33, 1), dtype: uint16
Data:[[54]
 [54]
 [51]
 [56]
 [46]
 [54]
 [53]
 [56]
 [48]
 [55]
 [54]
 [45]
 [48]
 [32]
 [54]
 [54]
 [51]
 [56]
 [46]
 [54]
 [53]
 [52]
 [49]
 [53]
 [52]
 [57]
 [57]
 [57]
 [57]
 [57]
 [57]
 [45]
 [49]] 
------------------------ Dataset: Rmw ------------------------
shape: (39, 1), dtype: uint16
Data:[[54]
 [54]
 [53]
 [52]
 [46]
 [50]
 [52]
 [54]
 [57]
 [52]
 [48]
 [57]
 [57]
 [57]
 [57]
 [57]
 [57]
 [45]
 [48]
 [32]
 [54]
 [54]
 [53]
 [52]
 [46]
 [50]
 [52]
 [50]
 [49]
 [48]
 [49]
 [57]
 [57]
 [57]
 [57]
 [57]
 [57]
 [45]
 [49]] 
------------------------ Dataset: Rmx ------------------------
shape: (27, 1), dtype: uint16
Data:[[54]
 [54]
 [55]
 [48]
 [46]
 [49]
 [51]
 [52]
 [48]
 [54]
 [57]
 [45]
 [48]
 [32]
 [54]
 [54]
 [55]
 [48]
 [46]
 [49]
 [51]
 [56]
 [50]
 [55]
 [57]
 [45]
 [49]] 
------------------------ Dataset: Rmy ------------------------
shape: (27, 1), dtype: uint16
Data:[[54]
 [54]
 [56]
 [54]
 [46]
 [48]
 [54]
 [50]
 [49]
 [51]
 [57]
 [45]
 [48]
 [32]
 [54]
 [54]
 [56]
 [54]
 [46]
 [48]
 [53]
 [56]
 [49]
 [56]
 [50]
 [45]
 [49]] 
------------------------ Dataset: Rmz ------------------------
shape: (13, 1), dtype: uint16
Data:[[53]
 [57]
 [48]
 [51]
 [46]
 [57]
 [55]
 [52]
 [48]
 [48]
 [50]
 [45]
 [49]] 
------------------------ Dataset: Rn ------------------------

shape: (1, 6), dtype: uint32
Data:[[3707764736          2          1          1        768          1]] 
------------------------ Dataset: Smb ------------------------
shape: (34, 1), dtype: uint16
Data:[[54]
 [55]
 [54]
 [55]
 [46]
 [55]
 [53]
 [52]
 [50]
 [50]
 [51]
 [45]
 [48]
 [32]
 [54]
 [55]
 [54]
 [55]
 [46]
 [55]
 [53]
 [48]
 [49]
 [56]
 [51]
 [57]
 [57]
 [57]
 [57]
 [57]
 [57]
 [53]
 [45]
 [49]] 
------------------------ Dataset: Smc ------------------------
shape: (33, 1), dtype: uint16
Data:[[54]
 [50]
 [56]
 [48]
 [46]
 [53]
 [51]
 [56]
 [56]
 [57]
 [56]
 [57]
 [57]
 [57]
 [57]
 [57]
 [57]
 [45]
 [48]
 [32]
 [54]
 [50]
 [56]
 [48]
 [46]
 [53]
 [51]
 [52]
 [49]
 [48]
 [56]
 [45]
 [49]] 
------------------------ Dataset: Smd ------------------------
shape: (33, 1), dtype: uint16
Data:[[54]
 [50]
 [57]
 [54]
 [46]
 [51]
 [49]
 [52]
 [51]
 [52]
 [51]
 [45]
 [48]
 [32]
 [54]
 [50]
 [57]
 [54]
 [46]
 [51]
 [49]
 [55]
 [57]
 [56]
 [51]
 [57]
 [57]
 [57]
 [57]
 [57]
 [57]
 [45]
 [49]] 
------------------------ Dataset: Sme ------------------------
shape: (27, 1), dtype: uint16
Data:[[54]
 [51]
 [49]
 [50]
 [46]
 [49]
 [53]
 [55]
 [57]
 [54]
 [54]
 [45]
 [48]
 [32]
 [54]
 [51]
 [49]
 [50]
 [46]
 [49]
 [53]
 [50]
 [49]
 [56]
 [56]
 [45]
 [49]] 
------------------------ Dataset: Smf ------------------------
shape: (27, 1), dtype: uint16
Data:[[54]
 [51]
 [50]
 [56]
 [46]
 [48]
 [51]
 [48]
 [48]
 [52]
 [54]
 [45]
 [48]
 [32]
 [54]
 [51]
 [50]
 [56]
 [46]
 [48]
 [51]
 [55]
 [57]
 [48]
 [54]
 [45]
 [49]] 
------------------------ Dataset: Smg ------------------------
shape: (39, 1), dtype: uint16
Data:[[54]
 [51]
 [52]
 [51]
 [46]
 [56]
 [53]
 [52]
 [48]
 [49]
 [48]
 [57]
 [57]
 [57]
 [57]
 [57]
 [57]
 [45]
 [48]
 [32]
 [54]
 [51]
 [52]
 [51]
 [46]
 [56]
 [53]
 [55]
 [57]
 [52]
 [48]
 [57]
 [57]
 [57]
 [57]
 [57]
 [57]
 [45]
 [49]] 
------------------------ Dataset: Smh ------------------------
shape: (39, 1), dtype: uint16
Data:[[54]
 [53]
 [48]
 [56]
 [46]
 [57]
 [52]
 [56]
 [53]
 [49]
 [55]
 [57]
 [57]
 [57]
 [57]
 [57]
 [57]
 [45]
 [48]
 [32]
 [54]
 [53]
 [48]
 [56]
 [46]
 [57]
 [53]
 [55]
 [57]
 [49]
 [53]
 [57]
 [57]
 [57]
 [57]
 [57]
 [57]
 [45]
 [49]] 
------------------------ Dataset: Smi ------------------------
shape: (33, 1), dtype: uint16
Data:[[54]
 [53]
 [50]
 [52]
 [46]
 [55]
 [54]
 [50]
 [48]
 [53]
 [52]
 [57]
 [57]
 [57]
 [57]
 [57]
 [57]
 [45]
 [48]
 [32]
 [54]
 [53]
 [50]
 [52]
 [46]
 [55]
 [53]
 [56]
 [51]
 [56]
 [57]
 [45]
 [49]] 
------------------------ Dataset: Smj ------------------------
shape: (12, 1), dtype: uint16
Data:[[54]
 [48]
 [50]
 [48]
 [46]
 [51]
 [50]
 [57]
 [56]
 [54]
 [45]
 [49]] 
------------------------ Dataset: Smk ------------------------
shape: (33, 1), dtype: uint16
Data:[[54]
 [48]
 [51]
 [54]
 [46]
 [49]
 [52]
 [57]
 [57]
 [48]
 [52]
 [57]
 [57]
 [57]
 [57]
 [57]
 [57]
 [45]
 [48]
 [32]
 [54]
 [48]
 [51]
 [54]
 [46]
 [49]
 [52]
 [53]
 [55]
 [57]
 [54]
 [45]
 [49]] 
------------------------ Dataset: Sml ------------------------
shape: (32, 1), dtype: uint16
Data:[[54]
 [48]
 [53]
 [49]
 [46]
 [55]
 [52]
 [53]
 [56]
 [50]
 [50]
 [57]
 [57]
 [57]
 [57]
 [57]
 [57]
 [45]
 [48]
 [32]
 [54]
 [48]
 [53]
 [49]
 [46]
 [55]
 [53]
 [51]
 [55]
 [57]
 [45]
 [49]] 
------------------------ Dataset: Smm ------------------------
shape: (33, 1), dtype: uint16
Data:[[54]
 [48]
 [54]
 [55]
 [46]
 [54]
 [53]
 [53]
 [49]
 [50]
 [55]
 [57]
 [57]
 [57]
 [57]
 [57]
 [57]
 [45]
 [48]
 [32]
 [54]
 [48]
 [54]
 [55]
 [46]
 [54]
 [54]
 [50]
 [55]
 [49]
 [52]
 [45]
 [49]] 
------------------------ Dataset: Smn ------------------------
shape: (13, 1), dtype: uint16
Data:[[54]
 [48]
 [56]
 [51]
 [46]
 [54]
 [48]
 [50]
 [56]
 [56]
 [52]
 [45]
 [48]] 
------------------------ Dataset: Smo ------------------------
shape: (39, 1), dtype: uint16
Data:[[53]
 [54]
 [52]
 [52]
 [46]
 [50]
 [55]
 [55]
 [54]
 [56]
 [53]
 [57]
 [57]
 [57]
 [57]
 [57]
 [57]
 [45]
 [48]
 [32]
 [53]
 [54]
 [52]
 [52]
 [46]
 [50]
 [55]
 [51]
 [53]
 [51]
 [49]
 [57]
 [57]
 [57]
 [57]
 [57]
 [57]
 [45]
 [49]] 
------------------------ Dataset: Smp ------------------------
shape: (27, 1), dtype: uint16
Data:[[53]
 [54]
 [54]
 [48]
 [46]
 [48]
 [51]
 [54]
 [57]
 [49]
 [53]
 [45]
 [48]
 [32]
 [53]
 [54]
 [54]
 [48]
 [46]
 [48]
 [51]
 [54]
 [48]
 [54]
 [52]
 [45]
 [49]] 
------------------------ Dataset: Smq ------------------------
shape: (27, 1), dtype: uint16
Data:[[53]
 [54]
 [55]
 [53]
 [46]
 [55]
 [50]
 [57]
 [54]
 [54]
 [51]
 [45]
 [48]
 [32]
 [53]
 [54]
 [55]
 [53]
 [46]
 [55]
 [50]
 [53]
 [55]
 [50]
 [55]
 [45]
 [49]] 
------------------------ Dataset: Smr ------------------------
shape: (26, 1), dtype: uint16
Data:[[53]
 [54]
 [57]
 [49]
 [46]
 [53]
 [49]
 [52]
 [57]
 [49]
 [45]
 [48]
 [32]
 [53]
 [54]
 [57]
 [49]
 [46]
 [53]
 [48]
 [57]
 [53]
 [53]
 [51]
 [45]
 [49]] 
------------------------ Dataset: Sms ------------------------
shape: (33, 1), dtype: uint16
Data:[[54]
 [52]
 [49]
 [52]
 [46]
 [55]
 [55]
 [51]
 [56]
 [57]
 [52]
 [57]
 [57]
 [57]
 [57]
 [57]
 [57]
 [45]
 [48]
 [32]
 [54]
 [52]
 [49]
 [52]
 [46]
 [55]
 [55]
 [55]
 [57]
 [51]
 [57]
 [45]
 [49]] 
------------------------ Dataset: Smt ------------------------
shape: (39, 1), dtype: uint16
Data:[[54]
 [54]
 [48]
 [54]
 [46]
 [56]
 [53]
 [55]
 [57]
 [56]
 [51]
 [57]
 [57]
 [57]
 [57]
 [57]
 [57]
 [45]
 [48]
 [32]
 [54]
 [54]
 [48]
 [54]
 [46]
 [56]
 [53]
 [51]
 [57]
 [56]
 [48]
 [57]
 [57]
 [57]
 [57]
 [57]
 [57]
 [45]
 [49]] 
------------------------ Dataset: Smu ------------------------
shape: (39, 1), dtype: uint16
Data:[[54]
 [54]
 [50]
 [50]
 [46]
 [56]
 [48]
 [57]
 [57]
 [54]
 [54]
 [57]
 [57]
 [57]
 [57]
 [57]
 [57]
 [45]
 [48]
 [32]
 [54]
 [54]
 [50]
 [50]
 [46]
 [56]
 [49]
 [52]
 [48]
 [52]
 [55]
 [57]
 [57]
 [57]
 [57]
 [57]
 [57]
 [45]
 [49]] 
------------------------ Dataset: Smv ------------------------
shape: (27, 1), dtype: uint16
Data:[[54]
 [54]
 [51]
 [56]
 [46]
 [54]
 [53]
 [56]
 [48]
 [55]
 [54]
 [45]
 [48]
 [32]
 [54]
 [54]
 [51]
 [56]
 [46]
 [54]
 [54]
 [50]
 [50]
 [50]
 [50]
 [45]
 [49]] 
------------------------ Dataset: Smw ------------------------
shape: (33, 1), dtype: uint16
Data:[[54]
 [54]
 [53]
 [52]
 [46]
 [50]
 [52]
 [54]
 [57]
 [52]
 [48]
 [57]
 [57]
 [57]
 [57]
 [57]
 [57]
 [45]
 [48]
 [32]
 [54]
 [54]
 [53]
 [52]
 [46]
 [50]
 [53]
 [48]
 [51]
 [55]
 [54]
 [45]
 [49]] 
------------------------ Dataset: Smx ------------------------
shape: (27, 1), dtype: uint16
Data:[[54]
 [54]
 [55]
 [48]
 [46]
 [49]
 [52]
 [50]
 [48]
 [57]
 [57]
 [45]
 [48]
 [32]
 [54]
 [54]
 [55]
 [48]
 [46]
 [49]
 [51]
 [56]
 [50]
 [55]
 [57]
 [45]
 [49]] 
------------------------ Dataset: Smy ------------------------
shape: (27, 1), dtype: uint16
Data:[[54]
 [54]
 [56]
 [54]
 [46]
 [48]
 [54]
 [50]
 [49]
 [51]
 [57]
 [45]
 [48]
 [32]
 [54]
 [54]
 [56]
 [54]
 [46]
 [48]
 [54]
 [54]
 [48]
 [56]
 [54]
 [45]
 [49]] 
------------------------ Dataset: Smz ------------------------
shape: (13, 1), dtype: uint16
Data:[[53]
 [57]
 [48]
 [51]
 [46]
 [57]
 [55]
 [55]
 [55]
 [49]
 [55]
 [45]
 [48]] 
------------------------ Dataset: Sn ------------------------

shape: (1, 6), dtype: uint32
Data:[[3707764736          2          1          1        769          1]] 
------------------------ Dataset: Tmb ------------------------
shape: (27, 1), dtype: uint16
Data:[[54]
 [55]
 [54]
 [55]
 [46]
 [55]
 [53]
 [52]
 [50]
 [50]
 [51]
 [45]
 [48]
 [32]
 [54]
 [55]
 [54]
 [55]
 [46]
 [55]
 [53]
 [56]
 [50]
 [55]
 [49]
 [45]
 [49]] 
------------------------ Dataset: Tmc ------------------------
shape: (39, 1), dtype: uint16
Data:[[54]
 [50]
 [56]
 [48]
 [46]
 [53]
 [51]
 [56]
 [56]
 [57]
 [56]
 [57]
 [57]
 [57]
 [57]
 [57]
 [57]
 [45]
 [48]
 [32]
 [54]
 [50]
 [56]
 [48]
 [46]
 [53]
 [52]
 [50]
 [49]
 [48]
 [57]
 [57]
 [57]
 [57]
 [57]
 [57]
 [57]
 [45]
 [49]] 
------------------------ Dataset: Tmd ------------------------
shape: (39, 1), dtype: uint16
Data:[[54]
 [50]
 [57]
 [54]
 [46]
 [51]
 [50]
 [49]
 [56]
 [54]
 [48]
 [57]
 [57]
 [57]
 [57]
 [57]
 [57]
 [45]
 [48]
 [32]
 [54]
 [50]
 [57]
 [54]
 [46]
 [51]
 [49]
 [55]
 [57]
 [56]
 [51]
 [57]
 [57]
 [57]
 [57]
 [57]
 [57]
 [45]
 [49]] 
------------------------ Dataset: Tme ------------------------
shape: (33, 1), dtype: uint16
Data:[[54]
 [51]
 [49]
 [50]
 [46]
 [49]
 [53]
 [55]
 [57]
 [54]
 [54]
 [45]
 [48]
 [32]
 [54]
 [51]
 [49]
 [50]
 [46]
 [49]
 [53]
 [57]
 [55]
 [55]
 [50]
 [57]
 [57]
 [57]
 [57]
 [57]
 [57]
 [45]
 [49]] 
------------------------ Dataset: Tmf ------------------------
shape: (26, 1), dtype: uint16
Data:[[54]
 [51]
 [50]
 [56]
 [46]
 [48]
 [51]
 [55]
 [56]
 [57]
 [45]
 [48]
 [32]
 [54]
 [51]
 [50]
 [56]
 [46]
 [48]
 [51]
 [55]
 [57]
 [48]
 [54]
 [45]
 [49]] 
------------------------ Dataset: Tmg ------------------------
shape: (33, 1), dtype: uint16
Data:[[54]
 [51]
 [52]
 [51]
 [46]
 [56]
 [54]
 [49]
 [57]
 [52]
 [54]
 [45]
 [48]
 [32]
 [54]
 [51]
 [52]
 [51]
 [46]
 [56]
 [53]
 [55]
 [57]
 [52]
 [48]
 [57]
 [57]
 [57]
 [57]
 [57]
 [57]
 [45]
 [49]] 
------------------------ Dataset: Tmh ------------------------
shape: (39, 1), dtype: uint16
Data:[[54]
 [53]
 [48]
 [56]
 [46]
 [57]
 [53]
 [55]
 [57]
 [51]
 [54]
 [57]
 [57]
 [57]
 [57]
 [57]
 [57]
 [45]
 [48]
 [32]
 [54]
 [53]
 [48]
 [56]
 [46]
 [57]
 [53]
 [55]
 [57]
 [49]
 [53]
 [57]
 [57]
 [57]
 [57]
 [57]
 [57]
 [45]
 [49]] 
------------------------ Dataset: Tmi ------------------------
shape: (33, 1), dtype: uint16
Data:[[54]
 [53]
 [50]
 [52]
 [46]
 [55]
 [54]
 [50]
 [48]
 [53]
 [52]
 [57]
 [57]
 [57]
 [57]
 [57]
 [57]
 [45]
 [48]
 [32]
 [54]
 [53]
 [50]
 [52]
 [46]
 [55]
 [54]
 [54]
 [53]
 [53]
 [52]
 [45]
 [49]] 
------------------------ Dataset: Tmj ------------------------
shape: (19, 1), dtype: uint16
Data:[[54]
 [48]
 [50]
 [48]
 [46]
 [51]
 [51]
 [51]
 [56]
 [51]
 [52]
 [57]
 [57]
 [57]
 [57]
 [57]
 [57]
 [45]
 [48]] 
------------------------ Dataset: Tmk ------------------------
shape: (33, 1), dtype: uint16
Data:[[54]
 [48]
 [51]
 [54]
 [46]
 [49]
 [52]
 [57]
 [57]
 [48]
 [52]
 [57]
 [57]
 [57]
 [57]
 [57]
 [57]
 [45]
 [48]
 [32]
 [54]
 [48]
 [51]
 [54]
 [46]
 [49]
 [53]
 [51]
 [56]
 [51]
 [57]
 [45]
 [49]] 
------------------------ Dataset: Tml ------------------------
shape: (26, 1), dtype: uint16
Data:[[54]
 [48]
 [53]
 [49]
 [46]
 [55]
 [53]
 [51]
 [55]
 [54]
 [57]
 [45]
 [48]
 [32]
 [54]
 [48]
 [53]
 [49]
 [46]
 [55]
 [53]
 [51]
 [55]
 [57]
 [45]
 [49]] 
------------------------ Dataset: Tmm ------------------------
shape: (33, 1), dtype: uint16
Data:[[54]
 [48]
 [54]
 [55]
 [46]
 [54]
 [54]
 [51]
 [48]
 [57]
 [56]
 [57]
 [57]
 [57]
 [57]
 [57]
 [57]
 [45]
 [48]
 [32]
 [54]
 [48]
 [54]
 [55]
 [46]
 [54]
 [54]
 [50]
 [55]
 [49]
 [52]
 [45]
 [49]] 
------------------------ Dataset: Tmn ------------------------
shape: (40, 1), dtype: uint16
Data:[[54]
 [48]
 [56]
 [51]
 [46]
 [54]
 [50]
 [50]
 [51]
 [48]
 [51]
 [57]
 [57]
 [57]
 [57]
 [57]
 [57]
 [53]
 [45]
 [48]
 [32]
 [54]
 [48]
 [56]
 [51]
 [46]
 [54]
 [50]
 [50]
 [50]
 [51]
 [56]
 [57]
 [57]
 [57]
 [57]
 [57]
 [57]
 [45]
 [49]] 
------------------------ Dataset: Tmo ------------------------
shape: (33, 1), dtype: uint16
Data:[[53]
 [54]
 [52]
 [52]
 [46]
 [50]
 [55]
 [55]
 [54]
 [56]
 [53]
 [57]
 [57]
 [57]
 [57]
 [57]
 [57]
 [45]
 [48]
 [32]
 [53]
 [54]
 [52]
 [52]
 [46]
 [50]
 [56]
 [49]
 [54]
 [48]
 [52]
 [45]
 [49]] 
------------------------ Dataset: Tmp ------------------------
shape: (27, 1), dtype: uint16
Data:[[53]
 [54]
 [54]
 [48]
 [46]
 [48]
 [51]
 [54]
 [57]
 [49]
 [53]
 [45]
 [48]
 [32]
 [53]
 [54]
 [54]
 [48]
 [46]
 [48]
 [52]
 [50]
 [52]
 [52]
 [53]
 [45]
 [49]] 
------------------------ Dataset: Tmq ------------------------
shape: (27, 1), dtype: uint16
Data:[[53]
 [54]
 [55]
 [53]
 [46]
 [55]
 [50]
 [57]
 [54]
 [54]
 [51]
 [45]
 [48]
 [32]
 [53]
 [54]
 [55]
 [53]
 [46]
 [55]
 [51]
 [51]
 [54]
 [52]
 [51]
 [45]
 [49]] 
------------------------ Dataset: Tmr ------------------------
shape: (32, 1), dtype: uint16
Data:[[53]
 [54]
 [57]
 [49]
 [46]
 [53]
 [49]
 [52]
 [57]
 [49]
 [45]
 [48]
 [32]
 [53]
 [54]
 [57]
 [49]
 [46]
 [53]
 [49]
 [57]
 [51]
 [52]
 [56]
 [57]
 [57]
 [57]
 [57]
 [57]
 [57]
 [45]
 [49]] 
------------------------ Dataset: Tms ------------------------
shape: (33, 1), dtype: uint16
Data:[[54]
 [52]
 [49]
 [52]
 [46]
 [55]
 [56]
 [51]
 [51]
 [48]
 [53]
 [57]
 [57]
 [57]
 [57]
 [57]
 [57]
 [45]
 [48]
 [32]
 [54]
 [52]
 [49]
 [52]
 [46]
 [55]
 [55]
 [55]
 [57]
 [51]
 [57]
 [45]
 [49]] 
------------------------ Dataset: Tmt ------------------------
shape: (33, 1), dtype: uint16
Data:[[54]
 [54]
 [48]
 [54]
 [46]
 [56]
 [53]
 [55]
 [57]
 [56]
 [51]
 [57]
 [57]
 [57]
 [57]
 [57]
 [57]
 [45]
 [48]
 [32]
 [54]
 [54]
 [48]
 [54]
 [46]
 [56]
 [54]
 [50]
 [48]
 [51]
 [52]
 [45]
 [49]] 
------------------------ Dataset: Tmu ------------------------
shape: (39, 1), dtype: uint16
Data:[[54]
 [54]
 [50]
 [50]
 [46]
 [56]
 [49]
 [56]
 [51]
 [49]
 [49]
 [57]
 [57]
 [57]
 [57]
 [57]
 [57]
 [45]
 [48]
 [32]
 [54]
 [54]
 [50]
 [50]
 [46]
 [56]
 [49]
 [52]
 [48]
 [52]
 [55]
 [57]
 [57]
 [57]
 [57]
 [57]
 [57]
 [45]
 [49]] 
------------------------ Dataset: Tmv ------------------------
shape: (27, 1), dtype: uint16
Data:[[54]
 [54]
 [51]
 [56]
 [46]
 [54]
 [54]
 [54]
 [50]
 [53]
 [50]
 [45]
 [48]
 [32]
 [54]
 [54]
 [51]
 [56]
 [46]
 [54]
 [54]
 [50]
 [50]
 [50]
 [50]
 [45]
 [49]] 
------------------------ Dataset: Tmw ------------------------
shape: (27, 1), dtype: uint16
Data:[[54]
 [54]
 [53]
 [52]
 [46]
 [50]
 [53]
 [52]
 [48]
 [56]
 [49]
 [45]
 [48]
 [32]
 [54]
 [54]
 [53]
 [52]
 [46]
 [50]
 [53]
 [48]
 [51]
 [55]
 [54]
 [45]
 [49]] 
------------------------ Dataset: Tmx ------------------------
shape: (33, 1), dtype: uint16
Data:[[54]
 [54]
 [55]
 [48]
 [46]
 [49]
 [52]
 [50]
 [48]
 [57]
 [57]
 [45]
 [48]
 [32]
 [54]
 [54]
 [55]
 [48]
 [46]
 [49]
 [52]
 [55]
 [55]
 [53]
 [53]
 [57]
 [57]
 [57]
 [57]
 [57]
 [57]
 [45]
 [49]] 
------------------------ Dataset: Tmy ------------------------
shape: (27, 1), dtype: uint16
Data:[[54]
 [54]
 [56]
 [54]
 [46]
 [48]
 [55]
 [48]
 [48]
 [53]
 [57]
 [45]
 [48]
 [32]
 [54]
 [54]
 [56]
 [54]
 [46]
 [48]
 [54]
 [54]
 [48]
 [56]
 [54]
 [45]
 [49]] 
------------------------ Dataset: Tmz ------------------------
shape: (12, 1), dtype: uint16
Data:[[53]
 [57]
 [48]
 [51]
 [46]
 [57]
 [56]
 [49]
 [54]
 [56]
 [45]
 [49]] 
------------------------ Dataset: Tn ------------------------

shape: (1, 6), dtype: uint32
Data:[[3707764736          2          1          1        770          1]] 
------------------------ Dataset: Umb ------------------------
shape: (34, 1), dtype: uint16
Data:[[54]
 [55]
 [54]
 [55]
 [46]
 [55]
 [54]
 [50]
 [49]
 [52]
 [54]
 [57]
 [57]
 [57]
 [57]
 [57]
 [57]
 [53]
 [45]
 [48]
 [32]
 [54]
 [55]
 [54]
 [55]
 [46]
 [55]
 [53]
 [56]
 [50]
 [55]
 [49]
 [45]
 [49]] 
------------------------ Dataset: Umc ------------------------
shape: (33, 1), dtype: uint16
Data:[[54]
 [50]
 [56]
 [48]
 [46]
 [53]
 [52]
 [53]
 [57]
 [51]
 [49]
 [45]
 [48]
 [32]
 [54]
 [50]
 [56]
 [48]
 [46]
 [53]
 [52]
 [50]
 [49]
 [48]
 [57]
 [57]
 [57]
 [57]
 [57]
 [57]
 [57]
 [45]
 [49]] 
------------------------ Dataset: Umd ------------------------
shape: (39, 1), dtype: uint16
Data:[[54]
 [50]
 [57]
 [54]
 [46]
 [51]
 [50]
 [49]
 [56]
 [54]
 [48]
 [57]
 [57]
 [57]
 [57]
 [57]
 [57]
 [45]
 [48]
 [32]
 [54]
 [50]
 [57]
 [54]
 [46]
 [51]
 [50]
 [53]
 [57]
 [51]
 [48]
 [57]
 [57]
 [57]
 [57]
 [57]
 [57]
 [45]
 [49]] 
------------------------ Dataset: Ume ------------------------
shape: (33, 1), dtype: uint16
Data:[[54]
 [51]
 [49]
 [50]
 [46]
 [49]
 [54]
 [53]
 [57]
 [50]
 [52]
 [45]
 [48]
 [32]
 [54]
 [51]
 [49]
 [50]
 [46]
 [49]
 [53]
 [57]
 [55]
 [55]
 [50]
 [57]
 [57]
 [57]
 [57]
 [57]
 [57]
 [45]
 [49]] 
------------------------ Dataset: Umf ------------------------
shape: (33, 1), dtype: uint16
Data:[[54]
 [51]
 [50]
 [56]
 [46]
 [48]
 [52]
 [53]
 [57]
 [56]
 [51]
 [57]
 [57]
 [57]
 [57]
 [57]
 [57]
 [45]
 [48]
 [32]
 [54]
 [51]
 [50]
 [56]
 [46]
 [48]
 [51]
 [55]
 [57]
 [48]
 [54]
 [45]
 [49]] 
------------------------ Dataset: Umg ------------------------
shape: (27, 1), dtype: uint16
Data:[[54]
 [51]
 [52]
 [51]
 [46]
 [56]
 [54]
 [49]
 [57]
 [52]
 [54]
 [45]
 [48]
 [32]
 [54]
 [51]
 [52]
 [51]
 [46]
 [56]
 [54]
 [54]
 [48]
 [49]
 [54]
 [45]
 [49]] 
------------------------ Dataset: Umh ------------------------
shape: (39, 1), dtype: uint16
Data:[[54]
 [53]
 [48]
 [56]
 [46]
 [57]
 [53]
 [55]
 [57]
 [51]
 [54]
 [57]
 [57]
 [57]
 [57]
 [57]
 [57]
 [45]
 [48]
 [32]
 [54]
 [53]
 [48]
 [56]
 [46]
 [57]
 [54]
 [53]
 [52]
 [50]
 [52]
 [57]
 [57]
 [57]
 [57]
 [57]
 [57]
 [45]
 [49]] 
------------------------ Dataset: Umi ------------------------
shape: (27, 1), dtype: uint16
Data:[[54]
 [53]
 [50]
 [52]
 [46]
 [55]
 [55]
 [48]
 [49]
 [50]
 [49]
 [45]
 [48]
 [32]
 [54]
 [53]
 [50]
 [52]
 [46]
 [55]
 [54]
 [54]
 [53]
 [53]
 [52]
 [45]
 [49]] 
------------------------ Dataset: Umj ------------------------
shape: (19, 1), dtype: uint16
Data:[[54]
 [48]
 [50]
 [48]
 [46]
 [51]
 [51]
 [55]
 [55]
 [57]
 [49]
 [57]
 [57]
 [57]
 [57]
 [57]
 [57]
 [45]
 [49]] 
------------------------ Dataset: Umk ------------------------
shape: (33, 1), dtype: uint16
Data:[[54]
 [48]
 [51]
 [54]
 [46]
 [49]
 [53]
 [55]
 [55]
 [56]
 [49]
 [57]
 [57]
 [57]
 [57]
 [57]
 [57]
 [45]
 [48]
 [32]
 [54]
 [48]
 [51]
 [54]
 [46]
 [49]
 [53]
 [51]
 [56]
 [51]
 [57]
 [45]
 [49]] 
------------------------ Dataset: Uml ------------------------
shape: (32, 1), dtype: uint16
Data:[[54]
 [48]
 [53]
 [49]
 [46]
 [55]
 [54]
 [49]
 [55]
 [52]
 [51]
 [57]
 [57]
 [57]
 [57]
 [57]
 [57]
 [45]
 [48]
 [32]
 [54]
 [48]
 [53]
 [49]
 [46]
 [55]
 [53]
 [51]
 [55]
 [57]
 [45]
 [49]] 
------------------------ Dataset: Umm ------------------------
shape: (33, 1), dtype: uint16
Data:[[54]
 [48]
 [54]
 [55]
 [46]
 [54]
 [54]
 [51]
 [48]
 [57]
 [56]
 [57]
 [57]
 [57]
 [57]
 [57]
 [57]
 [45]
 [48]
 [32]
 [54]
 [48]
 [54]
 [55]
 [46]
 [54]
 [54]
 [57]
 [48]
 [52]
 [54]
 [45]
 [49]] 
------------------------ Dataset: Umn ------------------------
shape: (34, 1), dtype: uint16
Data:[[54]
 [48]
 [56]
 [51]
 [46]
 [54]
 [50]
 [50]
 [51]
 [48]
 [51]
 [57]
 [57]
 [57]
 [57]
 [57]
 [57]
 [53]
 [45]
 [48]
 [32]
 [54]
 [48]
 [56]
 [51]
 [46]
 [54]
 [50]
 [53]
 [55]
 [57]
 [55]
 [45]
 [49]] 
------------------------ Dataset: Umo ------------------------
shape: (27, 1), dtype: uint16
Data:[[53]
 [54]
 [52]
 [52]
 [46]
 [50]
 [56]
 [54]
 [50]
 [50]
 [56]
 [45]
 [48]
 [32]
 [53]
 [54]
 [52]
 [52]
 [46]
 [50]
 [56]
 [49]
 [54]
 [48]
 [52]
 [45]
 [49]] 
------------------------ Dataset: Ump ------------------------
shape: (27, 1), dtype: uint16
Data:[[53]
 [54]
 [54]
 [48]
 [46]
 [48]
 [52]
 [50]
 [52]
 [51]
 [57]
 [45]
 [48]
 [32]
 [53]
 [54]
 [54]
 [48]
 [46]
 [48]
 [52]
 [50]
 [52]
 [52]
 [53]
 [45]
 [49]] 
------------------------ Dataset: Umq ------------------------
shape: (33, 1), dtype: uint16
Data:[[53]
 [54]
 [55]
 [53]
 [46]
 [55]
 [51]
 [55]
 [52]
 [57]
 [52]
 [57]
 [57]
 [57]
 [57]
 [57]
 [57]
 [45]
 [48]
 [32]
 [53]
 [54]
 [55]
 [53]
 [46]
 [55]
 [51]
 [51]
 [54]
 [52]
 [51]
 [45]
 [49]] 
------------------------ Dataset: Umr ------------------------
shape: (33, 1), dtype: uint16
Data:[[53]
 [54]
 [57]
 [49]
 [46]
 [53]
 [50]
 [54]
 [51]
 [48]
 [55]
 [45]
 [48]
 [32]
 [53]
 [54]
 [57]
 [49]
 [46]
 [53]
 [49]
 [57]
 [51]
 [52]
 [56]
 [57]
 [57]
 [57]
 [57]
 [57]
 [57]
 [45]
 [49]] 
------------------------ Dataset: Ums ------------------------
shape: (33, 1), dtype: uint16
Data:[[54]
 [52]
 [49]
 [52]
 [46]
 [55]
 [56]
 [51]
 [51]
 [48]
 [53]
 [57]
 [57]
 [57]
 [57]
 [57]
 [57]
 [45]
 [48]
 [32]
 [54]
 [52]
 [49]
 [52]
 [46]
 [55]
 [56]
 [53]
 [57]
 [48]
 [56]
 [45]
 [49]] 
------------------------ Dataset: Umt ------------------------
shape: (27, 1), dtype: uint16
Data:[[54]
 [54]
 [48]
 [54]
 [46]
 [56]
 [54]
 [54]
 [51]
 [49]
 [55]
 [45]
 [48]
 [32]
 [54]
 [54]
 [48]
 [54]
 [46]
 [56]
 [54]
 [50]
 [48]
 [51]
 [52]
 [45]
 [49]] 
------------------------ Dataset: Umu ------------------------
shape: (32, 1), dtype: uint16
Data:[[54]
 [54]
 [50]
 [50]
 [46]
 [56]
 [49]
 [56]
 [51]
 [49]
 [49]
 [57]
 [57]
 [57]
 [57]
 [57]
 [57]
 [45]
 [48]
 [32]
 [54]
 [54]
 [50]
 [50]
 [46]
 [56]
 [50]
 [50]
 [50]
 [50]
 [45]
 [49]] 
------------------------ Dataset: Umv ------------------------
shape: (34, 1), dtype: uint16
Data:[[54]
 [54]
 [51]
 [56]
 [46]
 [54]
 [54]
 [54]
 [50]
 [53]
 [50]
 [45]
 [48]
 [32]
 [54]
 [54]
 [51]
 [56]
 [46]
 [54]
 [55]
 [48]
 [49]
 [50]
 [49]
 [57]
 [57]
 [57]
 [57]
 [57]
 [57]
 [53]
 [45]
 [49]] 
------------------------ Dataset: Umw ------------------------
shape: (27, 1), dtype: uint16
Data:[[54]
 [54]
 [53]
 [52]
 [46]
 [50]
 [53]
 [52]
 [48]
 [56]
 [49]
 [45]
 [48]
 [32]
 [54]
 [54]
 [53]
 [52]
 [46]
 [50]
 [53]
 [56]
 [48]
 [54]
 [52]
 [45]
 [49]] 
------------------------ Dataset: Umx ------------------------
shape: (39, 1), dtype: uint16
Data:[[54]
 [54]
 [55]
 [48]
 [46]
 [49]
 [53]
 [48]
 [51]
 [53]
 [51]
 [57]
 [57]
 [57]
 [57]
 [57]
 [57]
 [45]
 [48]
 [32]
 [54]
 [54]
 [55]
 [48]
 [46]
 [49]
 [52]
 [55]
 [55]
 [53]
 [53]
 [57]
 [57]
 [57]
 [57]
 [57]
 [57]
 [45]
 [49]] 
------------------------ Dataset: Umy ------------------------
shape: (27, 1), dtype: uint16
Data:[[54]
 [54]
 [56]
 [54]
 [46]
 [48]
 [55]
 [48]
 [48]
 [53]
 [57]
 [45]
 [48]
 [32]
 [54]
 [54]
 [56]
 [54]
 [46]
 [48]
 [55]
 [52]
 [48]
 [56]
 [50]
 [45]
 [49]] 
------------------------ Dataset: Umz ------------------------
shape: (12, 1), dtype: uint16
Data:[[53]
 [57]
 [48]
 [51]
 [46]
 [57]
 [56]
 [53]
 [55]
 [57]
 [45]
 [48]] 
------------------------ Dataset: Un ------------------------

