shape: (1, 6), dtype: uint32
Data:[[3707764736          2          1          1       1681          1]] 
------------------------ Dataset: YBb ------------------------
shape: (32, 1), dtype: uint16
Data:[[54]
 [55]
 [55]
 [49]
 [46]
 [54]
 [48]
 [50]
 [48]
 [55]
 [45]
 [48]
 [32]
 [54]
 [55]
 [55]
 [49]
 [46]
 [53]
 [57]
 [56]
 [49]
 [56]
 [48]
 [57]
 [57]
 [57]
 [57]
 [57]
 [57]
 [45]
 [49]] 
------------------------ Dataset: YBc ------------------------
shape: (39, 1), dtype: uint16
Data:[[54]
 [50]
 [56]
 [52]
 [46]
 [51]
 [57]
 [50]
 [53]
 [56]
 [51]
 [57]
 [57]
 [57]
 [57]
 [57]
 [57]
 [45]
 [48]
 [32]
 [54]
 [50]
 [56]
 [52]
 [46]
 [51]
 [57]
 [50]
 [53]
 [51]
 [50]
 [57]
 [57]
 [57]
 [57]
 [57]
 [57]
 [45]
 [49]] 
------------------------ Dataset: YBd ------------------------
shape: (27, 1), dtype: uint16
Data:[[54]
 [51]
 [48]
 [48]
 [46]
 [49]
 [53]
 [52]
 [52]
 [48]
 [55]
 [45]
 [48]
 [32]
 [54]
 [51]
 [48]
 [48]
 [46]
 [49]
 [53]
 [57]
 [55]
 [49]
 [53]
 [45]
 [49]] 
------------------------ Dataset: YBe ------------------------
shape: (27, 1), dtype: uint16
Data:[[54]
 [51]
 [49]
 [54]
 [46]
 [48]
 [50]
 [53]
 [57]
 [48]
 [56]
 [45]
 [48]
 [32]
 [54]
 [51]
 [49]
 [54]
 [46]
 [48]
 [51]
 [48]
 [50]
 [52]
 [56]
 [45]
 [49]] 
------------------------ Dataset: YBf ------------------------
shape: (34, 1), dtype: uint16
Data:[[54]
 [51]
 [51]
 [49]
 [46]
 [56]
 [53]
 [55]
 [57]
 [50]
 [51]
 [45]
 [48]
 [32]
 [54]
 [51]
 [51]
 [49]
 [46]
 [56]
 [53]
 [52]
 [48]
 [50]
 [57]
 [57]
 [57]
 [57]
 [57]
 [57]
 [57]
 [53]
 [45]
 [49]] 
------------------------ Dataset: YBg ------------------------
shape: (12, 1), dtype: uint16
Data:[[54]
 [52]
 [57]
 [55]
 [46]
 [48]
 [48]
 [57]
 [57]
 [56]
 [45]
 [49]] 
------------------------ Dataset: YBh ------------------------
shape: (33, 1), dtype: uint16
Data:[[54]
 [53]
 [49]
 [50]
 [46]
 [55]
 [57]
 [49]
 [49]
 [55]
 [49]
 [57]
 [57]
 [57]
 [57]
 [57]
 [57]
 [45]
 [48]
 [32]
 [54]
 [53]
 [49]
 [50]
 [46]
 [55]
 [56]
 [54]
 [48]
 [51]
 [49]
 [45]
 [49]] 
------------------------ Dataset: YBi ------------------------
shape: (40, 1), dtype: uint16
Data:[[54]
 [53]
 [50]
 [56]
 [46]
 [54]
 [49]
 [51]
 [57]
 [55]
 [50]
 [57]
 [57]
 [57]
 [57]
 [57]
 [57]
 [53]
 [45]
 [48]
 [32]
 [54]
 [53]
 [50]
 [56]
 [46]
 [54]
 [48]
 [57]
 [57]
 [50]
 [48]
 [57]
 [57]
 [57]
 [57]
 [57]
 [57]
 [45]
 [49]] 
------------------------ Dataset: YBj ------------------------
shape: (33, 1), dtype: uint16
Data:[[54]
 [48]
 [50]
 [52]
 [46]
 [49]
 [56]
 [57]
 [55]
 [49]
 [54]
 [45]
 [48]
 [32]
 [54]
 [48]
 [50]
 [52]
 [46]
 [49]
 [56]
 [57]
 [55]
 [49]
 [57]
 [57]
 [57]
 [57]
 [57]
 [57]
 [57]
 [45]
 [49]] 
------------------------ Dataset: YBk ------------------------
shape: (33, 1), dtype: uint16
Data:[[54]
 [48]
 [51]
 [57]
 [46]
 [57]
 [51]
 [51]
 [56]
 [56]
 [51]
 [45]
 [48]
 [32]
 [54]
 [48]
 [51]
 [57]
 [46]
 [57]
 [51]
 [55]
 [56]
 [52]
 [54]
 [57]
 [57]
 [57]
 [57]
 [57]
 [57]
 [45]
 [49]] 
------------------------ Dataset: YBl ------------------------
shape: (13, 1), dtype: uint16
Data:[[54]
 [48]
 [53]
 [53]
 [46]
 [54]
 [48]
 [53]
 [55]
 [56]
 [51]
 [45]
 [48]] 
------------------------ Dataset: YBm ------------------------
shape: (27, 1), dtype: uint16
Data:[[54]
 [48]
 [55]
 [49]
 [46]
 [53]
 [52]
 [49]
 [56]
 [55]
 [50]
 [45]
 [48]
 [32]
 [54]
 [48]
 [55]
 [49]
 [46]
 [53]
 [52]
 [53]
 [56]
 [54]
 [49]
 [45]
 [49]] 
------------------------ Dataset: YBn ------------------------
shape: (33, 1), dtype: uint16
Data:[[53]
 [54]
 [51]
 [50]
 [46]
 [52]
 [48]
 [53]
 [54]
 [53]
 [51]
 [57]
 [57]
 [57]
 [57]
 [57]
 [57]
 [45]
 [48]
 [32]
 [53]
 [54]
 [51]
 [50]
 [46]
 [52]
 [48]
 [57]
 [53]
 [56]
 [52]
 [45]
 [49]] 
------------------------ Dataset: YBo ------------------------
shape: (33, 1), dtype: uint16
Data:[[53]
 [54]
 [52]
 [56]
 [46]
 [48]
 [57]
 [51]
 [54]
 [50]
 [57]
 [57]
 [57]
 [57]
 [57]
 [57]
 [57]
 [45]
 [48]
 [32]
 [53]
 [54]
 [52]
 [56]
 [46]
 [48]
 [57]
 [55]
 [54]
 [48]
 [53]
 [45]
 [49]] 
------------------------ Dataset: YBp ------------------------
shape: (27, 1), dtype: uint16
Data:[[53]
 [54]
 [54]
 [51]
 [46]
 [56]
 [50]
 [54]
 [51]
 [50]
 [50]
 [45]
 [48]
 [32]
 [53]
 [54]
 [54]
 [51]
 [46]
 [56]
 [51]
 [51]
 [55]
 [54]
 [55]
 [45]
 [49]] 
------------------------ Dataset: YBq ------------------------
shape: (27, 1), dtype: uint16
Data:[[53]
 [54]
 [55]
 [57]
 [46]
 [53]
 [54]
 [57]
 [55]
 [48]
 [56]
 [45]
 [48]
 [32]
 [53]
 [54]
 [55]
 [57]
 [46]
 [53]
 [55]
 [51]
 [55]
 [54]
 [52]
 [45]
 [49]] 
------------------------ Dataset: YBr ------------------------
shape: (32, 1), dtype: uint16
Data:[[53]
 [56]
 [48]
 [53]
 [46]
 [56]
 [55]
 [51]
 [54]
 [56]
 [54]
 [57]
 [57]
 [57]
 [57]
 [57]
 [57]
 [45]
 [48]
 [32]
 [53]
 [56]
 [48]
 [53]
 [46]
 [56]
 [56]
 [49]
 [54]
 [52]
 [45]
 [49]] 
------------------------ Dataset: YBs ------------------------
shape: (26, 1), dtype: uint16
Data:[[54]
 [52]
 [49]
 [56]
 [46]
 [54]
 [51]
 [57]
 [53]
 [57]
 [45]
 [48]
 [32]
 [54]
 [52]
 [49]
 [56]
 [46]
 [54]
 [51]
 [54]
 [53]
 [51]
 [51]
 [45]
 [49]] 
------------------------ Dataset: YBt ------------------------
shape: (34, 1), dtype: uint16
Data:[[54]
 [54]
 [49]
 [48]
 [46]
 [55]
 [51]
 [56]
 [48]
 [50]
 [57]
 [57]
 [57]
 [57]
 [57]
 [57]
 [57]
 [53]
 [45]
 [48]
 [32]
 [54]
 [54]
 [49]
 [48]
 [46]
 [55]
 [51]
 [52]
 [49]
 [51]
 [53]
 [45]
 [49]] 
------------------------ Dataset: YBu ------------------------
shape: (27, 1), dtype: uint16
Data:[[54]
 [54]
 [50]
 [54]
 [46]
 [54]
 [54]
 [49]
 [53]
 [51]
 [54]
 [45]
 [48]
 [32]
 [54]
 [54]
 [50]
 [54]
 [46]
 [54]
 [54]
 [48]
 [54]
 [57]
 [53]
 [45]
 [49]] 
------------------------ Dataset: YBv ------------------------
shape: (33, 1), dtype: uint16
Data:[[54]
 [54]
 [52]
 [50]
 [46]
 [52]
 [51]
 [52]
 [57]
 [49]
 [53]
 [45]
 [48]
 [32]
 [54]
 [54]
 [52]
 [50]
 [46]
 [52]
 [51]
 [56]
 [49]
 [49]
 [53]
 [57]
 [57]
 [57]
 [57]
 [57]
 [57]
 [45]
 [49]] 
------------------------ Dataset: YBw ------------------------
shape: (34, 1), dtype: uint16
Data:[[54]
 [54]
 [53]
 [56]
 [46]
 [49]
 [52]
 [54]
 [49]
 [52]
 [54]
 [57]
 [57]
 [57]
 [57]
 [57]
 [57]
 [53]
 [45]
 [48]
 [32]
 [54]
 [54]
 [53]
 [56]
 [46]
 [49]
 [52]
 [50]
 [49]
 [51]
 [50]
 [45]
 [49]] 
------------------------ Dataset: YBx ------------------------
shape: (39, 1), dtype: uint16
Data:[[54]
 [54]
 [55]
 [52]
 [46]
 [48]
 [49]
 [57]
 [53]
 [51]
 [57]
 [57]
 [57]
 [57]
 [57]
 [57]
 [57]
 [45]
 [48]
 [32]
 [54]
 [54]
 [55]
 [52]
 [46]
 [48]
 [50]
 [50]
 [52]
 [53]
 [57]
 [57]
 [57]
 [57]
 [57]
 [57]
 [57]
 [45]
 [49]] 
------------------------ Dataset: YBy ------------------------
shape: (39, 1), dtype: uint16
Data:[[54]
 [54]
 [56]
 [57]
 [46]
 [57]
 [53]
 [48]
 [55]
 [49]
 [50]
 [57]
 [57]
 [57]
 [57]
 [57]
 [57]
 [45]
 [48]
 [32]
 [54]
 [54]
 [56]
 [57]
 [46]
 [57]
 [53]
 [48]
 [54]
 [49]
 [51]
 [57]
 [57]
 [57]
 [57]
 [57]
 [57]
 [45]
 [49]] 
------------------------ Dataset: YBz ------------------------
shape: (27, 1), dtype: uint16
Data:[[53]
 [57]
 [48]
 [55]
 [46]
 [56]
 [51]
 [51]
 [57]
 [53]
 [57]
 [45]
 [48]
 [32]
 [53]
 [57]
 [48]
 [55]
 [46]
 [56]
 [51]
 [51]
 [57]
 [53]
 [57]
 [45]
 [49]] 
------------------------ Dataset: YC ------------------------

shape: (1, 6), dtype: uint32
Data:[[3707764736          2          1          1       1682          1]] 
------------------------ Dataset: ZBb ------------------------
shape: (32, 1), dtype: uint16
Data:[[54]
 [55]
 [55]
 [49]
 [46]
 [54]
 [48]
 [50]
 [48]
 [55]
 [45]
 [48]
 [32]
 [54]
 [55]
 [55]
 [49]
 [46]
 [54]
 [48]
 [55]
 [52]
 [49]
 [49]
 [57]
 [57]
 [57]
 [57]
 [57]
 [57]
 [45]
 [49]] 
------------------------ Dataset: ZBc ------------------------
shape: (33, 1), dtype: uint16
Data:[[54]
 [50]
 [56]
 [52]
 [46]
 [51]
 [57]
 [50]
 [53]
 [56]
 [51]
 [57]
 [57]
 [57]
 [57]
 [57]
 [57]
 [45]
 [48]
 [32]
 [54]
 [50]
 [56]
 [52]
 [46]
 [51]
 [57]
 [55]
 [52]
 [53]
 [51]
 [45]
 [49]] 
------------------------ Dataset: ZBd ------------------------
shape: (27, 1), dtype: uint16
Data:[[54]
 [51]
 [48]
 [48]
 [46]
 [49]
 [54]
 [52]
 [48]
 [48]
 [54]
 [45]
 [48]
 [32]
 [54]
 [51]
 [48]
 [48]
 [46]
 [49]
 [53]
 [57]
 [55]
 [49]
 [53]
 [45]
 [49]] 
------------------------ Dataset: ZBe ------------------------
shape: (27, 1), dtype: uint16
Data:[[54]
 [51]
 [49]
 [54]
 [46]
 [48]
 [51]
 [52]
 [50]
 [50]
 [54]
 [45]
 [48]
 [32]
 [54]
 [51]
 [49]
 [54]
 [46]
 [48]
 [51]
 [48]
 [50]
 [52]
 [56]
 [45]
 [49]] 
------------------------ Dataset: ZBf ------------------------
shape: (33, 1), dtype: uint16
Data:[[54]
 [51]
 [51]
 [49]
 [46]
 [56]
 [53]
 [55]
 [57]
 [50]
 [51]
 [45]
 [48]
 [32]
 [54]
 [51]
 [51]
 [49]
 [46]
 [56]
 [54]
 [49]
 [56]
 [55]
 [54]
 [57]
 [57]
 [57]
 [57]
 [57]
 [57]
 [45]
 [49]] 
------------------------ Dataset: ZBg ------------------------
shape: (13, 1), dtype: uint16
Data:[[54]
 [52]
 [57]
 [55]
 [46]
 [48]
 [49]
 [51]
 [57]
 [53]
 [55]
 [45]
 [48]] 
------------------------ Dataset: ZBh ------------------------
shape: (19, 1), dtype: uint16
Data:[[54]
 [53]
 [49]
 [50]
 [46]
 [55]
 [57]
 [49]
 [49]
 [55]
 [49]
 [57]
 [57]
 [57]
 [57]
 [57]
 [57]
 [45]
 [48]] 
------------------------ Dataset: ZBi ------------------------
shape: (34, 1), dtype: uint16
Data:[[54]
 [53]
 [50]
 [56]
 [46]
 [54]
 [49]
 [51]
 [57]
 [55]
 [50]
 [57]
 [57]
 [57]
 [57]
 [57]
 [57]
 [53]
 [45]
 [48]
 [32]
 [54]
 [53]
 [50]
 [56]
 [46]
 [54]
 [49]
 [55]
 [57]
 [55]
 [53]
 [45]
 [49]] 
------------------------ Dataset: ZBj ------------------------
shape: (33, 1), dtype: uint16
Data:[[54]
 [48]
 [50]
 [52]
 [46]
 [49]
 [57]
 [55]
 [55]
 [56]
 [55]
 [45]
 [48]
 [32]
 [54]
 [48]
 [50]
 [52]
 [46]
 [49]
 [56]
 [57]
 [55]
 [49]
 [57]
 [57]
 [57]
 [57]
 [57]
 [57]
 [57]
 [45]
 [49]] 
------------------------ Dataset: ZBk ------------------------
shape: (39, 1), dtype: uint16
Data:[[54]
 [48]
 [51]
 [57]
 [46]
 [57]
 [52]
 [50]
 [51]
 [55]
 [51]
 [57]
 [57]
 [57]
 [57]
 [57]
 [57]
 [45]
 [48]
 [32]
 [54]
 [48]
 [51]
 [57]
 [46]
 [57]
 [51]
 [55]
 [56]
 [52]
 [54]
 [57]
 [57]
 [57]
 [57]
 [57]
 [57]
 [45]
 [49]] 
------------------------ Dataset: ZBl ------------------------
shape: (33, 1), dtype: uint16
Data:[[54]
 [48]
 [53]
 [53]
 [46]
 [54]
 [49]
 [53]
 [55]
 [53]
 [50]
 [45]
 [48]
 [32]
 [54]
 [48]
 [53]
 [53]
 [46]
 [54]
 [48]
 [49]
 [55]
 [53]
 [54]
 [57]
 [57]
 [57]
 [57]
 [57]
 [57]
 [45]
 [49]] 
------------------------ Dataset: ZBm ------------------------
shape: (27, 1), dtype: uint16
Data:[[54]
 [48]
 [55]
 [49]
 [46]
 [53]
 [52]
 [57]
 [56]
 [56]
 [54]
 [45]
 [48]
 [32]
 [54]
 [48]
 [55]
 [49]
 [46]
 [53]
 [52]
 [53]
 [56]
 [54]
 [49]
 [45]
 [49]] 
------------------------ Dataset: ZBn ------------------------
shape: (33, 1), dtype: uint16
Data:[[53]
 [54]
 [51]
 [50]
 [46]
 [52]
 [49]
 [51]
 [53]
 [52]
 [49]
 [57]
 [57]
 [57]
 [57]
 [57]
 [57]
 [45]
 [48]
 [32]
 [53]
 [54]
 [51]
 [50]
 [46]
 [52]
 [48]
 [57]
 [53]
 [56]
 [52]
 [45]
 [49]] 
------------------------ Dataset: ZBo ------------------------
shape: (27, 1), dtype: uint16
Data:[[53]
 [54]
 [52]
 [56]
 [46]
 [49]
 [48]
 [49]
 [54]
 [54]
 [52]
 [45]
 [48]
 [32]
 [53]
 [54]
 [52]
 [56]
 [46]
 [48]
 [57]
 [55]
 [54]
 [48]
 [53]
 [45]
 [49]] 
------------------------ Dataset: ZBp ------------------------
shape: (33, 1), dtype: uint16
Data:[[53]
 [54]
 [54]
 [51]
 [46]
 [56]
 [51]
 [51]
 [55]
 [51]
 [52]
 [57]
 [57]
 [57]
 [57]
 [57]
 [57]
 [45]
 [48]
 [32]
 [53]
 [54]
 [54]
 [51]
 [46]
 [56]
 [51]
 [51]
 [55]
 [54]
 [55]
 [45]
 [49]] 
------------------------ Dataset: ZBq ------------------------
shape: (33, 1), dtype: uint16
Data:[[53]
 [54]
 [55]
 [57]
 [46]
 [53]
 [55]
 [55]
 [53]
 [51]
 [49]
 [57]
 [57]
 [57]
 [57]
 [57]
 [57]
 [45]
 [48]
 [32]
 [53]
 [54]
 [55]
 [57]
 [46]
 [53]
 [55]
 [51]
 [55]
 [54]
 [52]
 [45]
 [49]] 
------------------------ Dataset: ZBr ------------------------
shape: (26, 1), dtype: uint16
Data:[[53]
 [56]
 [48]
 [53]
 [46]
 [56]
 [56]
 [49]
 [54]
 [51]
 [51]
 [45]
 [48]
 [32]
 [53]
 [56]
 [48]
 [53]
 [46]
 [56]
 [56]
 [49]
 [54]
 [52]
 [45]
 [49]] 
------------------------ Dataset: ZBs ------------------------
shape: (26, 1), dtype: uint16
Data:[[54]
 [52]
 [49]
 [56]
 [46]
 [54]
 [51]
 [57]
 [53]
 [57]
 [45]
 [48]
 [32]
 [54]
 [52]
 [49]
 [56]
 [46]
 [54]
 [52]
 [50]
 [50]
 [53]
 [51]
 [45]
 [49]] 
------------------------ Dataset: ZBt ------------------------
shape: (34, 1), dtype: uint16
Data:[[54]
 [54]
 [49]
 [48]
 [46]
 [55]
 [51]
 [56]
 [48]
 [50]
 [57]
 [57]
 [57]
 [57]
 [57]
 [57]
 [57]
 [53]
 [45]
 [48]
 [32]
 [54]
 [54]
 [49]
 [48]
 [46]
 [55]
 [52]
 [50]
 [48]
 [51]
 [55]
 [45]
 [49]] 
------------------------ Dataset: ZBu ------------------------
shape: (27, 1), dtype: uint16
Data:[[54]
 [54]
 [50]
 [54]
 [46]
 [54]
 [54]
 [49]
 [53]
 [51]
 [54]
 [45]
 [48]
 [32]
 [54]
 [54]
 [50]
 [54]
 [46]
 [54]
 [54]
 [52]
 [57]
 [48]
 [49]
 [45]
 [49]] 
------------------------ Dataset: ZBv ------------------------
shape: (39, 1), dtype: uint16
Data:[[54]
 [54]
 [52]
 [50]
 [46]
 [52]
 [52]
 [50]
 [49]
 [50]
 [51]
 [57]
 [57]
 [57]
 [57]
 [57]
 [57]
 [45]
 [48]
 [32]
 [54]
 [54]
 [52]
 [50]
 [46]
 [52]
 [51]
 [56]
 [49]
 [49]
 [53]
 [57]
 [57]
 [57]
 [57]
 [57]
 [57]
 [45]
 [49]] 
------------------------ Dataset: ZBw ------------------------
shape: (41, 1), dtype: uint16
Data:[[54]
 [54]
 [53]
 [56]
 [46]
 [49]
 [52]
 [54]
 [49]
 [52]
 [54]
 [57]
 [57]
 [57]
 [57]
 [57]
 [57]
 [53]
 [45]
 [48]
 [32]
 [54]
 [54]
 [53]
 [56]
 [46]
 [49]
 [53]
 [48]
 [48]
 [52]
 [55]
 [57]
 [57]
 [57]
 [57]
 [57]
 [57]
 [53]
 [45]
 [49]] 
------------------------ Dataset: ZBx ------------------------
shape: (32, 1), dtype: uint16
Data:[[54]
 [54]
 [55]
 [52]
 [46]
 [48]
 [50]
 [54]
 [54]
 [53]
 [45]
 [48]
 [32]
 [54]
 [54]
 [55]
 [52]
 [46]
 [48]
 [50]
 [50]
 [52]
 [53]
 [57]
 [57]
 [57]
 [57]
 [57]
 [57]
 [57]
 [45]
 [49]] 
------------------------ Dataset: ZBy ------------------------
shape: (33, 1), dtype: uint16
Data:[[54]
 [54]
 [56]
 [57]
 [46]
 [57]
 [53]
 [48]
 [55]
 [49]
 [50]
 [57]
 [57]
 [57]
 [57]
 [57]
 [57]
 [45]
 [48]
 [32]
 [54]
 [54]
 [56]
 [57]
 [46]
 [57]
 [53]
 [51]
 [52]
 [57]
 [54]
 [45]
 [49]] 
------------------------ Dataset: ZBz ------------------------
shape: (33, 1), dtype: uint16
Data:[[53]
 [57]
 [48]
 [55]
 [46]
 [56]
 [51]
 [51]
 [57]
 [53]
 [57]
 [45]
 [48]
 [32]
 [53]
 [57]
 [48]
 [55]
 [46]
 [56]
 [52]
 [49]
 [54]
 [54]
 [53]
 [57]
 [57]
 [57]
 [57]
 [57]
 [57]
 [45]
 [49]] 
------------------------ Dataset: ZC ------------------------

shape: (1, 6), dtype: uint32
Data:[[3707764736          2          1          1       1683          1]] 
------------------------ Dataset: 1Bb ------------------------
shape: (39, 1), dtype: uint16
Data:[[54]
 [55]
 [55]
 [49]
 [46]
 [54]
 [49]
 [49]
 [51]
 [57]
 [53]
 [57]
 [57]
 [57]
 [57]
 [57]
 [57]
 [45]
 [48]
 [32]
 [54]
 [55]
 [55]
 [49]
 [46]
 [54]
 [48]
 [55]
 [52]
 [49]
 [49]
 [57]
 [57]
 [57]
 [57]
 [57]
 [57]
 [45]
 [49]] 
------------------------ Dataset: 1Bc ------------------------
shape: (27, 1), dtype: uint16
Data:[[54]
 [50]
 [56]
 [52]
 [46]
 [51]
 [57]
 [55]
 [57]
 [48]
 [53]
 [45]
 [48]
 [32]
 [54]
 [50]
 [56]
 [52]
 [46]
 [51]
 [57]
 [55]
 [52]
 [53]
 [51]
 [45]
 [49]] 
------------------------ Dataset: 1Bd ------------------------
shape: (27, 1), dtype: uint16
Data:[[54]
 [51]
 [48]
 [48]
 [46]
 [49]
 [54]
 [52]
 [48]
 [48]
 [54]
 [45]
 [48]
 [32]
 [54]
 [51]
 [48]
 [48]
 [46]
 [49]
 [55]
 [51]
 [48]
 [51]
 [55]
 [45]
 [49]] 
------------------------ Dataset: 1Be ------------------------
shape: (27, 1), dtype: uint16
Data:[[54]
 [51]
 [49]
 [54]
 [46]
 [48]
 [51]
 [52]
 [50]
 [50]
 [54]
 [45]
 [48]
 [32]
 [54]
 [51]
 [49]
 [54]
 [46]
 [48]
 [51]
 [57]
 [49]
 [48]
 [55]
 [45]
 [49]] 
------------------------ Dataset: 1Bf ------------------------
shape: (40, 1), dtype: uint16
Data:[[54]
 [51]
 [51]
 [49]
 [46]
 [56]
 [54]
 [53]
 [56]
 [50]
 [51]
 [57]
 [57]
 [57]
 [57]
 [57]
 [57]
 [53]
 [45]
 [48]
 [32]
 [54]
 [51]
 [51]
 [49]
 [46]
 [56]
 [54]
 [49]
 [56]
 [55]
 [54]
 [57]
 [57]
 [57]
 [57]
 [57]
 [57]
 [45]
 [49]] 
------------------------ Dataset: 1Bg ------------------------
shape: (12, 1), dtype: uint16
Data:[[54]
 [52]
 [57]
 [55]
 [46]
 [48]
 [49]
 [56]
 [52]
 [49]
 [45]
 [49]] 
------------------------ Dataset: 1Bh ------------------------
shape: (20, 1), dtype: uint16
Data:[[54]
 [53]
 [49]
 [50]
 [46]
 [55]
 [57]
 [53]
 [57]
 [53]
 [49]
 [57]
 [57]
 [57]
 [57]
 [57]
 [57]
 [53]
 [45]
 [49]] 
------------------------ Dataset: 1Bi ------------------------
shape: (27, 1), dtype: uint16
Data:[[54]
 [53]
 [50]
 [56]
 [46]
 [54]
 [50]
 [49]
 [57]
 [53]
 [57]
 [45]
 [48]
 [32]
 [54]
 [53]
 [50]
 [56]
 [46]
 [54]
 [49]
 [55]
 [57]
 [55]
 [53]
 [45]
 [49]] 
------------------------ Dataset: 1Bj ------------------------
shape: (33, 1), dtype: uint16
Data:[[54]
 [48]
 [50]
 [52]
 [46]
 [49]
 [57]
 [55]
 [55]
 [56]
 [55]
 [45]
 [48]
 [32]
 [54]
 [48]
 [50]
 [52]
 [46]
 [49]
 [57]
 [55]
 [56]
 [56]
 [54]
 [57]
 [57]
 [57]
 [57]
 [57]
 [57]
 [45]
 [49]] 
------------------------ Dataset: 1Bk ------------------------
shape: (39, 1), dtype: uint16
Data:[[54]
 [48]
 [51]
 [57]
 [46]
 [57]
 [52]
 [50]
 [51]
 [55]
 [51]
 [57]
 [57]
 [57]
 [57]
 [57]
 [57]
 [45]
 [48]
 [32]
 [54]
 [48]
 [51]
 [57]
 [46]
 [57]
 [52]
 [53]
 [57]
 [57]
 [50]
 [57]
 [57]
 [57]
 [57]
 [57]
 [57]
 [45]
 [49]] 
------------------------ Dataset: 1Bl ------------------------
shape: (33, 1), dtype: uint16
Data:[[54]
 [48]
 [53]
 [53]
 [46]
 [54]
 [49]
 [53]
 [55]
 [53]
 [50]
 [45]
 [48]
 [32]
 [54]
 [48]
 [53]
 [53]
 [46]
 [54]
 [49]
 [53]
 [52]
 [52]
 [57]
 [57]
 [57]
 [57]
 [57]
 [57]
 [57]
 [45]
 [49]] 
------------------------ Dataset: 1Bm ------------------------
shape: (27, 1), dtype: uint16
Data:[[54]
 [48]
 [55]
 [49]
 [46]
 [53]
 [52]
 [57]
 [56]
 [56]
 [54]
 [45]
 [48]
 [32]
 [54]
 [48]
 [55]
 [49]
 [46]
 [53]
 [53]
 [51]
 [56]
 [51]
 [56]
 [45]
 [49]] 
------------------------ Dataset: 1Bn ------------------------
shape: (33, 1), dtype: uint16
Data:[[53]
 [54]
 [51]
 [50]
 [46]
 [52]
 [49]
 [51]
 [53]
 [52]
 [49]
 [57]
 [57]
 [57]
 [57]
 [57]
 [57]
 [45]
 [48]
 [32]
 [53]
 [54]
 [51]
 [50]
 [46]
 [52]
 [49]
 [55]
 [53]
 [53]
 [53]
 [45]
 [49]] 
------------------------ Dataset: 1Bo ------------------------
shape: (27, 1), dtype: uint16
Data:[[53]
 [54]
 [52]
 [56]
 [46]
 [49]
 [48]
 [49]
 [54]
 [54]
 [52]
 [45]
 [48]
 [32]
 [53]
 [54]
 [52]
 [56]
 [46]
 [49]
 [48]
 [53]
 [53]
 [57]
 [55]
 [45]
 [49]] 
------------------------ Dataset: 1Bp ------------------------
shape: (33, 1), dtype: uint16
Data:[[53]
 [54]
 [54]
 [51]
 [46]
 [56]
 [52]
 [49]
 [55]
 [55]
 [48]
 [57]
 [57]
 [57]
 [57]
 [57]
 [57]
 [45]
 [48]
 [32]
 [53]
 [54]
 [54]
 [51]
 [46]
 [56]
 [51]
 [51]
 [55]
 [54]
 [55]
 [45]
 [49]] 
------------------------ Dataset: 1Bq ------------------------
shape: (40, 1), dtype: uint16
Data:[[53]
 [54]
 [55]
 [57]
 [46]
 [53]
 [55]
 [55]
 [53]
 [51]
 [49]
 [57]
 [57]
 [57]
 [57]
 [57]
 [57]
 [45]
 [48]
 [32]
 [53]
 [54]
 [55]
 [57]
 [46]
 [53]
 [56]
 [49]
 [56]
 [50]
 [50]
 [57]
 [57]
 [57]
 [57]
 [57]
 [57]
 [53]
 [45]
 [49]] 
------------------------ Dataset: 1Br ------------------------
shape: (26, 1), dtype: uint16
Data:[[53]
 [56]
 [48]
 [53]
 [46]
 [56]
 [56]
 [57]
 [57]
 [48]
 [52]
 [45]
 [48]
 [32]
 [53]
 [56]
 [48]
 [53]
 [46]
 [56]
 [56]
 [49]
 [54]
 [52]
 [45]
 [49]] 
------------------------ Dataset: 1Bs ------------------------
shape: (33, 1), dtype: uint16
Data:[[54]
 [52]
 [49]
 [56]
 [46]
 [54]
 [52]
 [54]
 [48]
 [52]
 [57]
 [57]
 [57]
 [57]
 [57]
 [57]
 [57]
 [45]
 [48]
 [32]
 [54]
 [52]
 [49]
 [56]
 [46]
 [54]
 [52]
 [50]
 [50]
 [53]
 [51]
 [45]
 [49]] 
------------------------ Dataset: 1Bt ------------------------
shape: (27, 1), dtype: uint16
Data:[[54]
 [54]
 [49]
 [48]
 [46]
 [55]
 [52]
 [53]
 [57]
 [57]
 [55]
 [45]
 [48]
 [32]
 [54]
 [54]
 [49]
 [48]
 [46]
 [55]
 [52]
 [50]
 [48]
 [51]
 [55]
 [45]
 [49]] 
------------------------ Dataset: 1Bu ------------------------
shape: (27, 1), dtype: uint16
Data:[[54]
 [54]
 [50]
 [54]
 [46]
 [54]
 [54]
 [54]
 [50]
 [54]
 [55]
 [45]
 [48]
 [32]
 [54]
 [54]
 [50]
 [54]
 [46]
 [54]
 [54]
 [52]
 [57]
 [48]
 [49]
 [45]
 [49]] 
------------------------ Dataset: 1Bv ------------------------
shape: (40, 1), dtype: uint16
Data:[[54]
 [54]
 [52]
 [50]
 [46]
 [52]
 [52]
 [50]
 [49]
 [50]
 [51]
 [57]
 [57]
 [57]
 [57]
 [57]
 [57]
 [45]
 [48]
 [32]
 [54]
 [54]
 [52]
 [50]
 [46]
 [52]
 [52]
 [54]
 [50]
 [49]
 [56]
 [57]
 [57]
 [57]
 [57]
 [57]
 [57]
 [53]
 [45]
 [49]] 
------------------------ Dataset: 1Bw ------------------------
shape: (40, 1), dtype: uint16
Data:[[54]
 [54]
 [53]
 [56]
 [46]
 [49]
 [53]
 [52]
 [51]
 [55]
 [55]
 [57]
 [57]
 [57]
 [57]
 [57]
 [57]
 [45]
 [48]
 [32]
 [54]
 [54]
 [53]
 [56]
 [46]
 [49]
 [53]
 [48]
 [48]
 [52]
 [55]
 [57]
 [57]
 [57]
 [57]
 [57]
 [57]
 [53]
 [45]
 [49]] 
------------------------ Dataset: 1Bx ------------------------
shape: (26, 1), dtype: uint16
Data:[[54]
 [54]
 [55]
 [52]
 [46]
 [48]
 [50]
 [54]
 [54]
 [53]
 [45]
 [48]
 [32]
 [54]
 [54]
 [55]
 [52]
 [46]
 [48]
 [51]
 [48]
 [51]
 [50]
 [50]
 [45]
 [49]] 
------------------------ Dataset: 1By ------------------------
shape: (34, 1), dtype: uint16
Data:[[54]
 [54]
 [56]
 [57]
 [46]
 [57]
 [53]
 [52]
 [50]
 [53]
 [49]
 [57]
 [57]
 [57]
 [57]
 [57]
 [57]
 [53]
 [45]
 [48]
 [32]
 [54]
 [54]
 [56]
 [57]
 [46]
 [57]
 [53]
 [51]
 [52]
 [57]
 [54]
 [45]
 [49]] 
------------------------ Dataset: 1Bz ------------------------
shape: (40, 1), dtype: uint16
Data:[[53]
 [57]
 [48]
 [55]
 [46]
 [56]
 [52]
 [49]
 [54]
 [55]
 [57]
 [57]
 [57]
 [57]
 [57]
 [57]
 [57]
 [53]
 [45]
 [48]
 [32]
 [53]
 [57]
 [48]
 [55]
 [46]
 [56]
 [52]
 [49]
 [54]
 [54]
 [53]
 [57]
 [57]
 [57]
 [57]
 [57]
 [57]
 [45]
 [49]] 
------------------------ Dataset: 1C ------------------------

shape: (1, 6), dtype: uint32
Data:[[3707764736          2          1          1       1684          1]] 
------------------------ Dataset: 2Bb ------------------------
shape: (33, 1), dtype: uint16
Data:[[54]
 [55]
 [55]
 [49]
 [46]
 [54]
 [49]
 [49]
 [51]
 [57]
 [53]
 [57]
 [57]
 [57]
 [57]
 [57]
 [57]
 [45]
 [48]
 [32]
 [54]
 [55]
 [55]
 [49]
 [46]
 [54]
 [49]
 [53]
 [57]
 [53]
 [49]
 [45]
 [49]] 
------------------------ Dataset: 2Bc ------------------------
shape: (33, 1), dtype: uint16
Data:[[54]
 [50]
 [56]
 [52]
 [46]
 [51]
 [57]
 [55]
 [57]
 [48]
 [53]
 [45]
 [48]
 [32]
 [54]
 [50]
 [56]
 [52]
 [46]
 [52]
 [48]
 [49]
 [52]
 [50]
 [50]
 [57]
 [57]
 [57]
 [57]
 [57]
 [57]
 [45]
 [49]] 
------------------------ Dataset: 2Bd ------------------------
shape: (27, 1), dtype: uint16
Data:[[54]
 [51]
 [48]
 [48]
 [46]
 [49]
 [55]
 [52]
 [57]
 [51]
 [53]
 [45]
 [48]
 [32]
 [54]
 [51]
 [48]
 [48]
 [46]
 [49]
 [55]
 [51]
 [48]
 [51]
 [55]
 [45]
 [49]] 
------------------------ Dataset: 2Be ------------------------
shape: (34, 1), dtype: uint16
Data:[[54]
 [51]
 [49]
 [54]
 [46]
 [48]
 [52]
 [49]
 [57]
 [57]
 [57]
 [57]
 [57]
 [57]
 [57]
 [57]
 [57]
 [53]
 [45]
 [48]
 [32]
 [54]
 [51]
 [49]
 [54]
 [46]
 [48]
 [51]
 [57]
 [49]
 [48]
 [55]
 [45]
 [49]] 
------------------------ Dataset: 2Bf ------------------------
shape: (34, 1), dtype: uint16
Data:[[54]
 [51]
 [51]
 [49]
 [46]
 [56]
 [54]
 [53]
 [56]
 [50]
 [51]
 [57]
 [57]
 [57]
 [57]
 [57]
 [57]
 [53]
 [45]
 [48]
 [32]
 [54]
 [51]
 [51]
 [49]
 [46]
 [56]
 [55]
 [48]
 [48]
 [50]
 [55]
 [45]
 [49]] 
------------------------ Dataset: 2Bg ------------------------
shape: (19, 1), dtype: uint16
Data:[[54]
 [52]
 [57]
 [55]
 [46]
 [48]
 [50]
 [50]
 [52]
 [50]
 [50]
 [57]
 [57]
 [57]
 [57]
 [57]
 [57]
 [45]
 [48]] 
------------------------ Dataset: 2Bh ------------------------
shape: (33, 1), dtype: uint16
Data:[[54]
 [53]
 [49]
 [50]
 [46]
 [56]
 [48]
 [49]
 [56]
 [52]
 [50]
 [57]
 [57]
 [57]
 [57]
 [57]
 [57]
 [45]
 [48]
 [32]
 [54]
 [53]
 [49]
 [50]
 [46]
 [56]
 [49]
 [50]
 [54]
 [52]
 [53]
 [45]
 [49]] 
------------------------ Dataset: 2Bi ------------------------
shape: (27, 1), dtype: uint16
Data:[[54]
 [53]
 [50]
 [56]
 [46]
 [54]
 [50]
 [49]
 [57]
 [53]
 [57]
 [45]
 [48]
 [32]
 [54]
 [53]
 [50]
 [56]
 [46]
 [54]
 [50]
 [53]
 [57]
 [52]
 [51]
 [45]
 [49]] 
------------------------ Dataset: 2Bj ------------------------
shape: (39, 1), dtype: uint16
Data:[[54]
 [48]
 [50]
 [52]
 [46]
 [50]
 [48]
 [53]
 [56]
 [49]
 [49]
 [57]
 [57]
 [57]
 [57]
 [57]
 [57]
 [45]
 [48]
 [32]
 [54]
 [48]
 [50]
 [52]
 [46]
 [49]
 [57]
 [55]
 [56]
 [56]
 [54]
 [57]
 [57]
 [57]
 [57]
 [57]
 [57]
 [45]
 [49]] 
------------------------ Dataset: 2Bk ------------------------
shape: (39, 1), dtype: uint16
Data:[[54]
 [48]
 [51]
 [57]
 [46]
 [57]
 [52]
 [57]
 [57]
 [49]
 [52]
 [57]
 [57]
 [57]
 [57]
 [57]
 [57]
 [45]
 [48]
 [32]
 [54]
 [48]
 [51]
 [57]
 [46]
 [57]
 [52]
 [53]
 [57]
 [57]
 [50]
 [57]
 [57]
 [57]
 [57]
 [57]
 [57]
 [45]
 [49]] 
------------------------ Dataset: 2Bl ------------------------
shape: (26, 1), dtype: uint16
Data:[[54]
 [48]
 [53]
 [53]
 [46]
 [54]
 [49]
 [53]
 [55]
 [53]
 [50]
 [45]
 [48]
 [32]
 [54]
 [48]
 [53]
 [53]
 [46]
 [54]
 [49]
 [57]
 [48]
 [52]
 [45]
 [49]] 
------------------------ Dataset: 2Bm ------------------------
shape: (33, 1), dtype: uint16
Data:[[54]
 [48]
 [55]
 [49]
 [46]
 [53]
 [53]
 [55]
 [56]
 [50]
 [56]
 [57]
 [57]
 [57]
 [57]
 [57]
 [57]
 [45]
 [48]
 [32]
 [54]
 [48]
 [55]
 [49]
 [46]
 [53]
 [53]
 [51]
 [56]
 [51]
 [56]
 [45]
 [49]] 
------------------------ Dataset: 2Bn ------------------------
shape: (33, 1), dtype: uint16
Data:[[53]
 [54]
 [51]
 [50]
 [46]
 [52]
 [50]
 [49]
 [53]
 [54]
 [51]
 [57]
 [57]
 [57]
 [57]
 [57]
 [57]
 [45]
 [48]
 [32]
 [53]
 [54]
 [51]
 [50]
 [46]
 [52]
 [49]
 [55]
 [53]
 [53]
 [53]
 [45]
 [49]] 
------------------------ Dataset: 2Bo ------------------------
shape: (33, 1), dtype: uint16
Data:[[53]
 [54]
 [52]
 [56]
 [46]
 [49]
 [48]
 [57]
 [54]
 [49]
 [52]
 [57]
 [57]
 [57]
 [57]
 [57]
 [57]
 [45]
 [48]
 [32]
 [53]
 [54]
 [52]
 [56]
 [46]
 [49]
 [48]
 [53]
 [53]
 [57]
 [55]
 [45]
 [49]] 
------------------------ Dataset: 2Bp ------------------------
shape: (33, 1), dtype: uint16
Data:[[53]
 [54]
 [54]
 [51]
 [46]
 [56]
 [52]
 [49]
 [55]
 [55]
 [48]
 [57]
 [57]
 [57]
 [57]
 [57]
 [57]
 [45]
 [48]
 [32]
 [53]
 [54]
 [54]
 [51]
 [46]
 [56]
 [52]
 [49]
 [54]
 [50]
 [53]
 [45]
 [49]] 
------------------------ Dataset: 2Bq ------------------------
shape: (40, 1), dtype: uint16
Data:[[53]
 [54]
 [55]
 [57]
 [46]
 [53]
 [56]
 [53]
 [54]
 [50]
 [51]
 [57]
 [57]
 [57]
 [57]
 [57]
 [57]
 [45]
 [48]
 [32]
 [53]
 [54]
 [55]
 [57]
 [46]
 [53]
 [56]
 [49]
 [56]
 [50]
 [50]
 [57]
 [57]
 [57]
 [57]
 [57]
 [57]
 [53]
 [45]
 [49]] 
------------------------ Dataset: 2Br ------------------------
shape: (26, 1), dtype: uint16
Data:[[53]
 [56]
 [48]
 [53]
 [46]
 [56]
 [56]
 [57]
 [57]
 [48]
 [52]
 [45]
 [48]
 [32]
 [53]
 [56]
 [48]
 [53]
 [46]
 [56]
 [56]
 [57]
 [56]
 [52]
 [45]
 [49]] 
------------------------ Dataset: 2Bs ------------------------
shape: (39, 1), dtype: uint16
Data:[[54]
 [52]
 [49]
 [56]
 [46]
 [54]
 [52]
 [54]
 [48]
 [52]
 [57]
 [57]
 [57]
 [57]
 [57]
 [57]
 [57]
 [45]
 [48]
 [32]
 [54]
 [52]
 [49]
 [56]
 [46]
 [54]
 [52]
 [57]
 [57]
 [54]
 [54]
 [57]
 [57]
 [57]
 [57]
 [57]
 [57]
 [45]
 [49]] 
------------------------ Dataset: 2Bt ------------------------
shape: (27, 1), dtype: uint16
Data:[[54]
 [54]
 [49]
 [48]
 [46]
 [55]
 [52]
 [53]
 [57]
 [57]
 [55]
 [45]
 [48]
 [32]
 [54]
 [54]
 [49]
 [48]
 [46]
 [55]
 [53]
 [48]
 [48]
 [51]
 [52]
 [45]
 [49]] 
------------------------ Dataset: 2Bu ------------------------
shape: (27, 1), dtype: uint16
Data:[[54]
 [54]
 [50]
 [54]
 [46]
 [54]
 [54]
 [54]
 [50]
 [54]
 [55]
 [45]
 [48]
 [32]
 [54]
 [54]
 [50]
 [54]
 [46]
 [54]
 [55]
 [48]
 [48]
 [48]
 [56]
 [45]
 [49]] 
------------------------ Dataset: 2Bv ------------------------
shape: (40, 1), dtype: uint16
Data:[[54]
 [54]
 [52]
 [50]
 [46]
 [52]
 [53]
 [48]
 [50]
 [49]
 [56]
 [57]
 [57]
 [57]
 [57]
 [57]
 [57]
 [45]
 [48]
 [32]
 [54]
 [54]
 [52]
 [50]
 [46]
 [52]
 [52]
 [54]
 [50]
 [49]
 [56]
 [57]
 [57]
 [57]
 [57]
 [57]
 [57]
 [53]
 [45]
 [49]] 
------------------------ Dataset: 2Bw ------------------------
shape: (40, 1), dtype: uint16
Data:[[54]
 [54]
 [53]
 [56]
 [46]
 [49]
 [53]
 [52]
 [51]
 [55]
 [55]
 [57]
 [57]
 [57]
 [57]
 [57]
 [57]
 [45]
 [48]
 [32]
 [54]
 [54]
 [53]
 [56]
 [46]
 [49]
 [54]
 [55]
 [49]
 [55]
 [49]
 [57]
 [57]
 [57]
 [57]
 [57]
 [57]
 [53]
 [45]
 [49]] 
------------------------ Dataset: 2Bx ------------------------
shape: (33, 1), dtype: uint16
Data:[[54]
 [54]
 [55]
 [52]
 [46]
 [48]
 [51]
 [52]
 [54]
 [57]
 [57]
 [57]
 [57]
 [57]
 [57]
 [57]
 [57]
 [45]
 [48]
 [32]
 [54]
 [54]
 [55]
 [52]
 [46]
 [48]
 [51]
 [48]
 [51]
 [50]
 [50]
 [45]
 [49]] 
------------------------ Dataset: 2By ------------------------
shape: (34, 1), dtype: uint16
Data:[[54]
 [54]
 [56]
 [57]
 [46]
 [57]
 [53]
 [52]
 [50]
 [53]
 [49]
 [57]
 [57]
 [57]
 [57]
 [57]
 [57]
 [53]
 [45]
 [48]
 [32]
 [54]
 [54]
 [56]
 [57]
 [46]
 [57]
 [53]
 [56]
 [50]
 [57]
 [57]
 [45]
 [49]] 
------------------------ Dataset: 2Bz ------------------------
shape: (34, 1), dtype: uint16
Data:[[53]
 [57]
 [48]
 [55]
 [46]
 [56]
 [52]
 [49]
 [54]
 [55]
 [57]
 [57]
 [57]
 [57]
 [57]
 [57]
 [57]
 [53]
 [45]
 [48]
 [32]
 [53]
 [57]
 [48]
 [55]
 [46]
 [56]
 [52]
 [57]
 [55]
 [50]
 [57]
 [45]
 [49]] 
------------------------ Dataset: 2C ------------------------

shape: (1, 6), dtype: uint32
Data:[[3707764736          2          1          1       1685          1]] 
------------------------ Dataset: 3Bb ------------------------
shape: (33, 1), dtype: uint16
Data:[[54]
 [55]
 [55]
 [49]
 [46]
 [54]
 [49]
 [57]
 [55]
 [55]
 [50]
 [57]
 [57]
 [57]
 [57]
 [57]
 [57]
 [45]
 [48]
 [32]
 [54]
 [55]
 [55]
 [49]
 [46]
 [54]
 [49]
 [53]
 [57]
 [53]
 [49]
 [45]
 [49]] 
------------------------ Dataset: 3Bc ------------------------
shape: (39, 1), dtype: uint16
Data:[[54]
 [50]
 [56]
 [52]
 [46]
 [52]
 [48]
 [50]
 [50]
 [49]
 [55]
 [57]
 [57]
 [57]
 [57]
 [57]
 [57]
 [45]
 [48]
 [32]
 [54]
 [50]
 [56]
 [52]
 [46]
 [52]
 [48]
 [49]
 [52]
 [50]
 [50]
 [57]
 [57]
 [57]
 [57]
 [57]
 [57]
 [45]
 [49]] 
------------------------ Dataset: 3Bd ------------------------
shape: (27, 1), dtype: uint16
Data:[[54]
 [51]
 [48]
 [48]
 [46]
 [49]
 [55]
 [52]
 [57]
 [51]
 [53]
 [45]
 [48]
 [32]
 [54]
 [51]
 [48]
 [48]
 [46]
 [49]
 [55]
 [55]
 [52]
 [54]
 [54]
 [45]
 [49]] 
------------------------ Dataset: 3Be ------------------------
shape: (34, 1), dtype: uint16
Data:[[54]
 [51]
 [49]
 [54]
 [46]
 [48]
 [52]
 [49]
 [57]
 [57]
 [57]
 [57]
 [57]
 [57]
 [57]
 [57]
 [57]
 [53]
 [45]
 [48]
 [32]
 [54]
 [51]
 [49]
 [54]
 [46]
 [48]
 [52]
 [54]
 [48]
 [49]
 [50]
 [45]
 [49]] 
------------------------ Dataset: 3Bf ------------------------
shape: (27, 1), dtype: uint16
Data:[[54]
 [51]
 [51]
 [49]
 [46]
 [56]
 [55]
 [52]
 [49]
 [48]
 [51]
 [45]
 [48]
 [32]
 [54]
 [51]
 [51]
 [49]
 [46]
 [56]
 [55]
 [48]
 [48]
 [50]
 [55]
 [45]
 [49]] 
------------------------ Dataset: 3Bg ------------------------
shape: (20, 1), dtype: uint16
Data:[[54]
 [52]
 [57]
 [55]
 [46]
 [48]
 [50]
 [54]
 [50]
 [54]
 [52]
 [57]
 [57]
 [57]
 [57]
 [57]
 [57]
 [53]
 [45]
 [49]] 
------------------------ Dataset: 3Bh ------------------------
shape: (27, 1), dtype: uint16
Data:[[54]
 [53]
 [49]
 [50]
 [46]
 [56]
 [49]
 [50]
 [57]
 [54]
 [55]
 [45]
 [48]
 [32]
 [54]
 [53]
 [49]
 [50]
 [46]
 [56]
 [49]
 [50]
 [54]
 [52]
 [53]
 [45]
 [49]] 
------------------------ Dataset: 3Bi ------------------------
shape: (34, 1), dtype: uint16
Data:[[54]
 [53]
 [50]
 [56]
 [46]
 [54]
 [51]
 [48]
 [48]
 [53]
 [49]
 [57]
 [57]
 [57]
 [57]
 [57]
 [57]
 [53]
 [45]
 [48]
 [32]
 [54]
 [53]
 [50]
 [56]
 [46]
 [54]
 [50]
 [53]
 [57]
 [52]
 [51]
 [45]
 [49]] 
------------------------ Dataset: 3Bj ------------------------
shape: (33, 1), dtype: uint16
Data:[[54]
 [48]
 [50]
 [52]
 [46]
 [50]
 [48]
 [53]
 [56]
 [49]
 [49]
 [57]
 [57]
 [57]
 [57]
 [57]
 [57]
 [45]
 [48]
 [32]
 [54]
 [48]
 [50]
 [52]
 [46]
 [50]
 [48]
 [53]
 [56]
 [50]
 [55]
 [45]
 [49]] 
------------------------ Dataset: 3Bk ------------------------
shape: (32, 1), dtype: uint16
Data:[[54]
 [48]
 [51]
 [57]
 [46]
 [57]
 [52]
 [57]
 [57]
 [49]
 [52]
 [57]
 [57]
 [57]
 [57]
 [57]
 [57]
 [45]
 [48]
 [32]
 [54]
 [48]
 [51]
 [57]
 [46]
 [57]
 [53]
 [51]
 [56]
 [49]
 [45]
 [49]] 
------------------------ Dataset: 3Bl ------------------------
shape: (26, 1), dtype: uint16
Data:[[54]
 [48]
 [53]
 [53]
 [46]
 [54]
 [50]
 [49]
 [57]
 [57]
 [49]
 [45]
 [48]
 [32]
 [54]
 [48]
 [53]
 [53]
 [46]
 [54]
 [49]
 [57]
 [48]
 [52]
 [45]
 [49]] 
------------------------ Dataset: 3Bm ------------------------
shape: (33, 1), dtype: uint16
Data:[[54]
 [48]
 [55]
 [49]
 [46]
 [53]
 [53]
 [55]
 [56]
 [50]
 [56]
 [57]
 [57]
 [57]
 [57]
 [57]
 [57]
 [45]
 [48]
 [32]
 [54]
 [48]
 [55]
 [49]
 [46]
 [53]
 [54]
 [49]
 [56]
 [49]
 [49]
 [45]
 [49]] 
------------------------ Dataset: 3Bn ------------------------
shape: (33, 1), dtype: uint16
Data:[[53]
 [54]
 [51]
 [50]
 [46]
 [52]
 [50]
 [49]
 [53]
 [54]
 [51]
 [57]
 [57]
 [57]
 [57]
 [57]
 [57]
 [45]
 [48]
 [32]
 [53]
 [54]
 [51]
 [50]
 [46]
 [52]
 [50]
 [53]
 [53]
 [51]
 [52]
 [45]
 [49]] 
------------------------ Dataset: 3Bo ------------------------
shape: (33, 1), dtype: uint16
Data:[[53]
 [54]
 [52]
 [56]
 [46]
 [49]
 [48]
 [57]
 [54]
 [49]
 [52]
 [57]
 [57]
 [57]
 [57]
 [57]
 [57]
 [45]
 [48]
 [32]
 [53]
 [54]
 [52]
 [56]
 [46]
 [49]
 [49]
 [57]
 [54]
 [51]
 [57]
 [45]
 [49]] 
------------------------ Dataset: 3Bp ------------------------
shape: (33, 1), dtype: uint16
Data:[[53]
 [54]
 [54]
 [51]
 [46]
 [56]
 [52]
 [49]
 [55]
 [55]
 [48]
 [57]
 [57]
 [57]
 [57]
 [57]
 [57]
 [45]
 [48]
 [32]
 [53]
 [54]
 [54]
 [51]
 [46]
 [56]
 [52]
 [57]
 [53]
 [52]
 [57]
 [45]
 [49]] 
------------------------ Dataset: 3Bq ------------------------
shape: (39, 1), dtype: uint16
Data:[[53]
 [54]
 [55]
 [57]
 [46]
 [53]
 [56]
 [53]
 [54]
 [50]
 [51]
 [57]
 [57]
 [57]
 [57]
 [57]
 [57]
 [45]
 [48]
 [32]
 [53]
 [54]
 [55]
 [57]
 [46]
 [53]
 [57]
 [48]
 [54]
 [48]
 [49]
 [57]
 [57]
 [57]
 [57]
 [57]
 [57]
 [45]
 [49]] 
------------------------ Dataset: 3Br ------------------------
shape: (34, 1), dtype: uint16
Data:[[53]
 [56]
 [48]
 [53]
 [46]
 [56]
 [56]
 [57]
 [57]
 [48]
 [52]
 [45]
 [48]
 [32]
 [53]
 [56]
 [48]
 [53]
 [46]
 [56]
 [57]
 [55]
 [54]
 [56]
 [48]
 [57]
 [57]
 [57]
 [57]
 [57]
 [57]
 [53]
 [45]
 [49]] 
------------------------ Dataset: 3Bs ------------------------
shape: (40, 1), dtype: uint16
Data:[[54]
 [52]
 [49]
 [56]
 [46]
 [54]
 [53]
 [52]
 [48]
 [51]
 [49]
 [57]
 [57]
 [57]
 [57]
 [57]
 [57]
 [53]
 [45]
 [48]
 [32]
 [54]
 [52]
 [49]
 [56]
 [46]
 [54]
 [52]
 [57]
 [57]
 [54]
 [54]
 [57]
 [57]
 [57]
 [57]
 [57]
 [57]
 [45]
 [49]] 
------------------------ Dataset: 3Bt ------------------------
shape: (34, 1), dtype: uint16
Data:[[54]
 [54]
 [49]
 [48]
 [46]
 [55]
 [53]
 [52]
 [48]
 [51]
 [48]
 [57]
 [57]
 [57]
 [57]
 [57]
 [57]
 [53]
 [45]
 [48]
 [32]
 [54]
 [54]
 [49]
 [48]
 [46]
 [55]
 [53]
 [48]
 [48]
 [51]
 [52]
 [45]
 [49]] 
------------------------ Dataset: 3Bu ------------------------
shape: (27, 1), dtype: uint16
Data:[[54]
 [54]
 [50]
 [54]
 [46]
 [54]
 [55]
 [52]
 [48]
 [52]
 [56]
 [45]
 [48]
 [32]
 [54]
 [54]
 [50]
 [54]
 [46]
 [54]
 [55]
 [48]
 [48]
 [48]
 [56]
 [45]
 [49]] 
------------------------ Dataset: 3Bv ------------------------
shape: (33, 1), dtype: uint16
Data:[[54]
 [54]
 [52]
 [50]
 [46]
 [52]
 [53]
 [48]
 [50]
 [49]
 [56]
 [57]
 [57]
 [57]
 [57]
 [57]
 [57]
 [45]
 [48]
 [32]
 [54]
 [54]
 [52]
 [50]
 [46]
 [52]
 [53]
 [52]
 [50]
 [57]
 [54]
 [45]
 [49]] 
------------------------ Dataset: 3Bw ------------------------
shape: (34, 1), dtype: uint16
Data:[[54]
 [54]
 [53]
 [56]
 [46]
 [49]
 [54]
 [55]
 [50]
 [55]
 [55]
 [45]
 [48]
 [32]
 [54]
 [54]
 [53]
 [56]
 [46]
 [49]
 [54]
 [55]
 [49]
 [55]
 [49]
 [57]
 [57]
 [57]
 [57]
 [57]
 [57]
 [53]
 [45]
 [49]] 
------------------------ Dataset: 3Bx ------------------------
shape: (33, 1), dtype: uint16
Data:[[54]
 [54]
 [55]
 [52]
 [46]
 [48]
 [51]
 [52]
 [54]
 [57]
 [57]
 [57]
 [57]
 [57]
 [57]
 [57]
 [57]
 [45]
 [48]
 [32]
 [54]
 [54]
 [55]
 [52]
 [46]
 [48]
 [51]
 [56]
 [49]
 [49]
 [55]
 [45]
 [49]] 
------------------------ Dataset: 3By ------------------------
shape: (27, 1), dtype: uint16
Data:[[54]
 [54]
 [56]
 [57]
 [46]
 [57]
 [54]
 [50]
 [48]
 [57]
 [51]
 [45]
 [48]
 [32]
 [54]
 [54]
 [56]
 [57]
 [46]
 [57]
 [53]
 [56]
 [50]
 [57]
 [57]
 [45]
 [49]] 
------------------------ Dataset: 3Bz ------------------------
shape: (26, 1), dtype: uint16
Data:[[53]
 [57]
 [48]
 [55]
 [46]
 [56]
 [52]
 [57]
 [55]
 [51]
 [45]
 [48]
 [32]
 [53]
 [57]
 [48]
 [55]
 [46]
 [56]
 [52]
 [57]
 [55]
 [50]
 [57]
 [45]
 [49]] 
------------------------ Dataset: 3C ------------------------

shape: (1, 6), dtype: uint32
Data:[[3707764736          2          1          1       1686          1]] 
------------------------ Dataset: 4Bb ------------------------
shape: (33, 1), dtype: uint16
Data:[[54]
 [55]
 [55]
 [49]
 [46]
 [54]
 [49]
 [57]
 [55]
 [55]
 [50]
 [57]
 [57]
 [57]
 [57]
 [57]
 [57]
 [45]
 [48]
 [32]
 [54]
 [55]
 [55]
 [49]
 [46]
 [54]
 [50]
 [51]
 [49]
 [53]
 [49]
 [45]
 [49]] 
------------------------ Dataset: 4Bc ------------------------
shape: (33, 1), dtype: uint16
Data:[[54]
 [50]
 [56]
 [52]
 [46]
 [52]
 [48]
 [50]
 [50]
 [49]
 [55]
 [57]
 [57]
 [57]
 [57]
 [57]
 [57]
 [45]
 [48]
 [32]
 [54]
 [50]
 [56]
 [52]
 [46]
 [52]
 [48]
 [54]
 [51]
 [57]
 [55]
 [45]
 [49]] 
------------------------ Dataset: 4Bd ------------------------
shape: (34, 1), dtype: uint16
Data:[[54]
 [51]
 [48]
 [48]
 [46]
 [49]
 [55]
 [57]
 [56]
 [51]
 [48]
 [57]
 [57]
 [57]
 [57]
 [57]
 [57]
 [53]
 [45]
 [48]
 [32]
 [54]
 [51]
 [48]
 [48]
 [46]
 [49]
 [55]
 [55]
 [52]
 [54]
 [54]
 [45]
 [49]] 
------------------------ Dataset: 4Be ------------------------
shape: (27, 1), dtype: uint16
Data:[[54]
 [51]
 [49]
 [54]
 [46]
 [48]
 [53]
 [48]
 [49]
 [48]
 [54]
 [45]
 [48]
 [32]
 [54]
 [51]
 [49]
 [54]
 [46]
 [48]
 [52]
 [54]
 [48]
 [49]
 [50]
 [45]
 [49]] 
------------------------ Dataset: 4Bf ------------------------
shape: (27, 1), dtype: uint16
Data:[[54]
 [51]
 [51]
 [49]
 [46]
 [56]
 [55]
 [52]
 [49]
 [48]
 [51]
 [45]
 [48]
 [32]
 [54]
 [51]
 [51]
 [49]
 [46]
 [56]
 [55]
 [56]
 [48]
 [50]
 [55]
 [45]
 [49]] 
------------------------ Dataset: 4Bg ------------------------
shape: (19, 1), dtype: uint16
Data:[[54]
 [52]
 [57]
 [55]
 [46]
 [48]
 [51]
 [48]
 [49]
 [51]
 [53]
 [57]
 [57]
 [57]
 [57]
 [57]
 [57]
 [45]
 [48]] 
------------------------ Dataset: 4Bh ------------------------
shape: (27, 1), dtype: uint16
Data:[[54]
 [53]
 [49]
 [50]
 [46]
 [56]
 [49]
 [50]
 [57]
 [54]
 [55]
 [45]
 [48]
 [32]
 [54]
 [53]
 [49]
 [50]
 [46]
 [56]
 [50]
 [48]
 [54]
 [51]
 [50]
 [45]
 [49]] 
------------------------ Dataset: 4Bi ------------------------
shape: (40, 1), dtype: uint16
Data:[[54]
 [53]
 [50]
 [56]
 [46]
 [54]
 [51]
 [48]
 [48]
 [53]
 [49]
 [57]
 [57]
 [57]
 [57]
 [57]
 [57]
 [53]
 [45]
 [48]
 [32]
 [54]
 [53]
 [50]
 [56]
 [46]
 [54]
 [51]
 [52]
 [49]
 [55]
 [55]
 [57]
 [57]
 [57]
 [57]
 [57]
 [57]
 [45]
 [49]] 
------------------------ Dataset: 4Bj ------------------------
shape: (33, 1), dtype: uint16
Data:[[54]
 [48]
 [50]
 [52]
 [46]
 [50]
 [49]
 [51]
 [55]
 [49]
 [56]
 [57]
 [57]
 [57]
 [57]
 [57]
 [57]
 [45]
 [48]
 [32]
 [54]
 [48]
 [50]
 [52]
 [46]
 [50]
 [48]
 [53]
 [56]
 [50]
 [55]
 [45]
 [49]] 
------------------------ Dataset: 4Bk ------------------------
shape: (32, 1), dtype: uint16
Data:[[54]
 [48]
 [51]
 [57]
 [46]
 [57]
 [53]
 [55]
 [57]
 [53]
 [56]
 [57]
 [57]
 [57]
 [57]
 [57]
 [57]
 [45]
 [48]
 [32]
 [54]
 [48]
 [51]
 [57]
 [46]
 [57]
 [53]
 [51]
 [56]
 [49]
 [45]
 [49]] 
------------------------ Dataset: 4Bl ------------------------
shape: (33, 1), dtype: uint16
Data:[[54]
 [48]
 [53]
 [53]
 [46]
 [54]
 [50]
 [49]
 [57]
 [57]
 [49]
 [45]
 [48]
 [32]
 [54]
 [48]
 [53]
 [53]
 [46]
 [54]
 [50]
 [53]
 [56]
 [50]
 [50]
 [57]
 [57]
 [57]
 [57]
 [57]
 [57]
 [45]
 [49]] 
------------------------ Dataset: 4Bm ------------------------
shape: (33, 1), dtype: uint16
Data:[[54]
 [48]
 [55]
 [49]
 [46]
 [53]
 [54]
 [53]
 [56]
 [48]
 [52]
 [57]
 [57]
 [57]
 [57]
 [57]
 [57]
 [45]
 [48]
 [32]
 [54]
 [48]
 [55]
 [49]
 [46]
 [53]
 [54]
 [49]
 [56]
 [49]
 [49]
 [45]
 [49]] 
------------------------ Dataset: 4Bn ------------------------
shape: (27, 1), dtype: uint16
Data:[[53]
 [54]
 [51]
 [50]
 [46]
 [52]
 [50]
 [57]
 [53]
 [48]
 [55]
 [45]
 [48]
 [32]
 [53]
 [54]
 [51]
 [50]
 [46]
 [52]
 [50]
 [53]
 [53]
 [51]
 [52]
 [45]
 [49]] 
------------------------ Dataset: 4Bo ------------------------
shape: (27, 1), dtype: uint16
Data:[[53]
 [54]
 [52]
 [56]
 [46]
 [49]
 [49]
 [57]
 [56]
 [54]
 [54]
 [45]
 [48]
 [32]
 [53]
 [54]
 [52]
 [56]
 [46]
 [49]
 [49]
 [57]
 [54]
 [51]
 [57]
 [45]
 [49]] 
------------------------ Dataset: 4Bp ------------------------
shape: (27, 1), dtype: uint16
Data:[[53]
 [54]
 [54]
 [51]
 [46]
 [56]
 [53]
 [51]
 [53]
 [54]
 [52]
 [45]
 [48]
 [32]
 [53]
 [54]
 [54]
 [51]
 [46]
 [56]
 [52]
 [57]
 [53]
 [52]
 [57]
 [45]
 [49]] 
------------------------ Dataset: 4Bq ------------------------
shape: (40, 1), dtype: uint16
Data:[[53]
 [54]
 [55]
 [57]
 [46]
 [53]
 [57]
 [54]
 [51]
 [51]
 [50]
 [57]
 [57]
 [57]
 [57]
 [57]
 [57]
 [53]
 [45]
 [48]
 [32]
 [53]
 [54]
 [55]
 [57]
 [46]
 [53]
 [57]
 [48]
 [54]
 [48]
 [49]
 [57]
 [57]
 [57]
 [57]
 [57]
 [57]
 [45]
 [49]] 
------------------------ Dataset: 4Br ------------------------
shape: (34, 1), dtype: uint16
Data:[[53]
 [56]
 [48]
 [53]
 [46]
 [56]
 [57]
 [55]
 [55]
 [56]
 [53]
 [45]
 [48]
 [32]
 [53]
 [56]
 [48]
 [53]
 [46]
 [56]
 [57]
 [55]
 [54]
 [56]
 [48]
 [57]
 [57]
 [57]
 [57]
 [57]
 [57]
 [53]
 [45]
 [49]] 
------------------------ Dataset: 4Bs ------------------------
shape: (34, 1), dtype: uint16
Data:[[54]
 [52]
 [49]
 [56]
 [46]
 [54]
 [53]
 [52]
 [48]
 [51]
 [49]
 [57]
 [57]
 [57]
 [57]
 [57]
 [57]
 [53]
 [45]
 [48]
 [32]
 [54]
 [52]
 [49]
 [56]
 [46]
 [54]
 [54]
 [48]
 [55]
 [52]
 [57]
 [45]
 [49]] 
------------------------ Dataset: 4Bt ------------------------
shape: (34, 1), dtype: uint16
Data:[[54]
 [54]
 [49]
 [48]
 [46]
 [55]
 [53]
 [52]
 [48]
 [51]
 [48]
 [57]
 [57]
 [57]
 [57]
 [57]
 [57]
 [53]
 [45]
 [48]
 [32]
 [54]
 [54]
 [49]
 [48]
 [46]
 [55]
 [53]
 [56]
 [48]
 [50]
 [53]
 [45]
 [49]] 
------------------------ Dataset: 4Bu ------------------------
shape: (27, 1), dtype: uint16
Data:[[54]
 [54]
 [50]
 [54]
 [46]
 [54]
 [55]
 [52]
 [48]
 [52]
 [56]
 [45]
 [48]
 [32]
 [54]
 [54]
 [50]
 [54]
 [46]
 [54]
 [55]
 [56]
 [49]
 [51]
 [50]
 [45]
 [49]] 
------------------------ Dataset: 4Bv ------------------------
shape: (27, 1), dtype: uint16
Data:[[54]
 [54]
 [52]
 [50]
 [46]
 [52]
 [54]
 [48]
 [54]
 [48]
 [50]
 [45]
 [48]
 [32]
 [54]
 [54]
 [52]
 [50]
 [46]
 [52]
 [53]
 [52]
 [50]
 [57]
 [54]
 [45]
 [49]] 
------------------------ Dataset: 4Bw ------------------------
shape: (27, 1), dtype: uint16
Data:[[54]
 [54]
 [53]
 [56]
 [46]
 [49]
 [54]
 [55]
 [50]
 [55]
 [55]
 [45]
 [48]
 [32]
 [54]
 [54]
 [53]
 [56]
 [46]
 [49]
 [55]
 [48]
 [50]
 [48]
 [55]
 [45]
 [49]] 
------------------------ Dataset: 4Bx ------------------------
shape: (34, 1), dtype: uint16
Data:[[54]
 [54]
 [55]
 [52]
 [46]
 [48]
 [53]
 [51]
 [56]
 [55]
 [49]
 [57]
 [57]
 [57]
 [57]
 [57]
 [57]
 [53]
 [45]
 [48]
 [32]
 [54]
 [54]
 [55]
 [52]
 [46]
 [48]
 [51]
 [56]
 [49]
 [49]
 [55]
 [45]
 [49]] 
------------------------ Dataset: 4By ------------------------
shape: (27, 1), dtype: uint16
Data:[[54]
 [54]
 [56]
 [57]
 [46]
 [57]
 [54]
 [50]
 [48]
 [57]
 [51]
 [45]
 [48]
 [32]
 [54]
 [54]
 [56]
 [57]
 [46]
 [57]
 [54]
 [54]
 [49]
 [50]
 [55]
 [45]
 [49]] 
------------------------ Dataset: 4Bz ------------------------
shape: (33, 1), dtype: uint16
Data:[[53]
 [57]
 [48]
 [55]
 [46]
 [56]
 [52]
 [57]
 [55]
 [51]
 [45]
 [48]
 [32]
 [53]
 [57]
 [48]
 [55]
 [46]
 [56]
 [53]
 [55]
 [56]
 [57]
 [53]
 [57]
 [57]
 [57]
 [57]
 [57]
 [57]
 [53]
 [45]
 [49]] 
------------------------ Dataset: 4C ------------------------

shape: (1, 6), dtype: uint32
Data:[[3707764736          2          1          1       1687          1]] 
------------------------ Dataset: 5Bb ------------------------
shape: (27, 1), dtype: uint16
Data:[[54]
 [55]
 [55]
 [49]
 [46]
 [54]
 [50]
 [54]
 [56]
 [52]
 [54]
 [45]
 [48]
 [32]
 [54]
 [55]
 [55]
 [49]
 [46]
 [54]
 [50]
 [51]
 [49]
 [53]
 [49]
 [45]
 [49]] 
------------------------ Dataset: 5Bc ------------------------
shape: (27, 1), dtype: uint16
Data:[[54]
 [50]
 [56]
 [52]
 [46]
 [52]
 [48]
 [57]
 [57]
 [51]
 [50]
 [45]
 [48]
 [32]
 [54]
 [50]
 [56]
 [52]
 [46]
 [52]
 [48]
 [54]
 [51]
 [57]
 [55]
 [45]
 [49]] 
------------------------ Dataset: 5Bd ------------------------
shape: (34, 1), dtype: uint16
Data:[[54]
 [51]
 [48]
 [48]
 [46]
 [49]
 [55]
 [57]
 [56]
 [51]
 [48]
 [57]
 [57]
 [57]
 [57]
 [57]
 [57]
 [53]
 [45]
 [48]
 [32]
 [54]
 [51]
 [48]
 [48]
 [46]
 [49]
 [56]
 [50]
 [50]
 [54]
 [54]
 [45]
 [49]] 
------------------------ Dataset: 5Be ------------------------
shape: (33, 1), dtype: uint16
Data:[[54]
 [51]
 [49]
 [54]
 [46]
 [48]
 [53]
 [48]
 [49]
 [48]
 [54]
 [45]
 [48]
 [32]
 [54]
 [51]
 [49]
 [54]
 [46]
 [48]
 [53]
 [51]
 [57]
 [54]
 [50]
 [57]
 [57]
 [57]
 [57]
 [57]
 [57]
 [45]
 [49]] 
------------------------ Dataset: 5Bf ------------------------
shape: (33, 1), dtype: uint16
Data:[[54]
 [51]
 [51]
 [49]
 [46]
 [56]
 [56]
 [50]
 [50]
 [49]
 [51]
 [57]
 [57]
 [57]
 [57]
 [57]
 [57]
 [45]
 [48]
 [32]
 [54]
 [51]
 [51]
 [49]
 [46]
 [56]
 [55]
 [56]
 [48]
 [50]
 [55]
 [45]
 [49]] 
------------------------ Dataset: 5Bg ------------------------
shape: (13, 1), dtype: uint16
Data:[[54]
 [52]
 [57]
 [55]
 [46]
 [48]
 [51]
 [52]
 [50]
 [50]
 [52]
 [45]
 [49]] 
------------------------ Dataset: 5Bh ------------------------
shape: (34, 1), dtype: uint16
Data:[[54]
 [53]
 [49]
 [50]
 [46]
 [56]
 [50]
 [48]
 [53]
 [54]
 [48]
 [57]
 [57]
 [57]
 [57]
 [57]
 [57]
 [53]
 [45]
 [48]
 [32]
 [54]
 [53]
 [49]
 [50]
 [46]
 [56]
 [50]
 [48]
 [54]
 [51]
 [50]
 [45]
 [49]] 
------------------------ Dataset: 5Bi ------------------------
shape: (33, 1), dtype: uint16
Data:[[54]
 [53]
 [50]
 [56]
 [46]
 [54]
 [51]
 [55]
 [57]
 [55]
 [54]
 [45]
 [48]
 [32]
 [54]
 [53]
 [50]
 [56]
 [46]
 [54]
 [51]
 [52]
 [49]
 [55]
 [55]
 [57]
 [57]
 [57]
 [57]
 [57]
 [57]
 [45]
 [49]] 
------------------------ Dataset: 5Bj ------------------------
shape: (39, 1), dtype: uint16
Data:[[54]
 [48]
 [50]
 [52]
 [46]
 [50]
 [49]
 [51]
 [55]
 [49]
 [56]
 [57]
 [57]
 [57]
 [57]
 [57]
 [57]
 [45]
 [48]
 [32]
 [54]
 [48]
 [50]
 [52]
 [46]
 [50]
 [49]
 [51]
 [55]
 [50]
 [54]
 [57]
 [57]
 [57]
 [57]
 [57]
 [57]
 [45]
 [49]] 
------------------------ Dataset: 5Bk ------------------------
shape: (33, 1), dtype: uint16
Data:[[54]
 [48]
 [51]
 [57]
 [46]
 [57]
 [53]
 [55]
 [57]
 [53]
 [56]
 [57]
 [57]
 [57]
 [57]
 [57]
 [57]
 [45]
 [48]
 [32]
 [54]
 [48]
 [51]
 [57]
 [46]
 [57]
 [54]
 [50]
 [49]
 [52]
 [57]
 [45]
 [49]] 
------------------------ Dataset: 5Bl ------------------------
shape: (33, 1), dtype: uint16
Data:[[54]
 [48]
 [53]
 [53]
 [46]
 [54]
 [50]
 [57]
 [56]
 [56]
 [54]
 [45]
 [48]
 [32]
 [54]
 [48]
 [53]
 [53]
 [46]
 [54]
 [50]
 [53]
 [56]
 [50]
 [50]
 [57]
 [57]
 [57]
 [57]
 [57]
 [57]
 [45]
 [49]] 
------------------------ Dataset: 5Bm ------------------------
shape: (33, 1), dtype: uint16
Data:[[54]
 [48]
 [55]
 [49]
 [46]
 [53]
 [54]
 [53]
 [56]
 [48]
 [52]
 [57]
 [57]
 [57]
 [57]
 [57]
 [57]
 [45]
 [48]
 [32]
 [54]
 [48]
 [55]
 [49]
 [46]
 [53]
 [55]
 [48]
 [56]
 [49]
 [52]
 [45]
 [49]] 
------------------------ Dataset: 5Bn ------------------------
shape: (33, 1), dtype: uint16
Data:[[53]
 [54]
 [51]
 [50]
 [46]
 [52]
 [50]
 [57]
 [53]
 [48]
 [55]
 [45]
 [48]
 [32]
 [53]
 [54]
 [51]
 [50]
 [46]
 [52]
 [51]
 [51]
 [53]
 [55]
 [50]
 [57]
 [57]
 [57]
 [57]
 [57]
 [57]
 [45]
 [49]] 
------------------------ Dataset: 5Bo ------------------------
shape: (27, 1), dtype: uint16
Data:[[53]
 [54]
 [52]
 [56]
 [46]
 [49]
 [49]
 [57]
 [56]
 [54]
 [54]
 [45]
 [48]
 [32]
 [53]
 [54]
 [52]
 [56]
 [46]
 [49]
 [50]
 [50]
 [54]
 [56]
 [57]
 [45]
 [49]] 
------------------------ Dataset: 5Bp ------------------------
shape: (34, 1), dtype: uint16
Data:[[53]
 [54]
 [54]
 [51]
 [46]
 [56]
 [53]
 [51]
 [53]
 [54]
 [52]
 [45]
 [48]
 [32]
 [53]
 [54]
 [54]
 [51]
 [46]
 [56]
 [53]
 [55]
 [57]
 [52]
 [54]
 [57]
 [57]
 [57]
 [57]
 [57]
 [57]
 [53]
 [45]
 [49]] 
------------------------ Dataset: 5Bq ------------------------
shape: (34, 1), dtype: uint16
Data:[[53]
 [54]
 [55]
 [57]
 [46]
 [53]
 [57]
 [54]
 [51]
 [51]
 [50]
 [57]
 [57]
 [57]
 [57]
 [57]
 [57]
 [53]
 [45]
 [48]
 [32]
 [53]
 [54]
 [55]
 [57]
 [46]
 [53]
 [57]
 [55]
 [56]
 [56]
 [52]
 [45]
 [49]] 
------------------------ Dataset: 5Br ------------------------
shape: (27, 1), dtype: uint16
Data:[[53]
 [56]
 [48]
 [53]
 [46]
 [56]
 [57]
 [55]
 [55]
 [56]
 [53]
 [45]
 [48]
 [32]
 [53]
 [56]
 [48]
 [53]
 [46]
 [57]
 [48]
 [53]
 [55]
 [57]
 [54]
 [45]
 [49]] 
------------------------ Dataset: 5Bs ------------------------
shape: (27, 1), dtype: uint16
Data:[[54]
 [52]
 [49]
 [56]
 [46]
 [54]
 [54]
 [50]
 [50]
 [52]
 [54]
 [45]
 [48]
 [32]
 [54]
 [52]
 [49]
 [56]
 [46]
 [54]
 [54]
 [48]
 [55]
 [52]
 [57]
 [45]
 [49]] 
------------------------ Dataset: 5Bt ------------------------
shape: (27, 1), dtype: uint16
Data:[[54]
 [54]
 [49]
 [48]
 [46]
 [55]
 [54]
 [53]
 [55]
 [48]
 [55]
 [45]
 [48]
 [32]
 [54]
 [54]
 [49]
 [48]
 [46]
 [55]
 [53]
 [56]
 [48]
 [50]
 [53]
 [45]
 [49]] 
------------------------ Dataset: 5Bu ------------------------
shape: (33, 1), dtype: uint16
Data:[[54]
 [54]
 [50]
 [54]
 [46]
 [54]
 [56]
 [50]
 [49]
 [50]
 [57]
 [57]
 [57]
 [57]
 [57]
 [57]
 [57]
 [45]
 [48]
 [32]
 [54]
 [54]
 [50]
 [54]
 [46]
 [54]
 [55]
 [56]
 [49]
 [51]
 [50]
 [45]
 [49]] 
------------------------ Dataset: 5Bv ------------------------
shape: (34, 1), dtype: uint16
Data:[[54]
 [54]
 [52]
 [50]
 [46]
 [52]
 [54]
 [48]
 [54]
 [48]
 [50]
 [45]
 [48]
 [32]
 [54]
 [54]
 [52]
 [50]
 [46]
 [52]
 [54]
 [50]
 [50]
 [54]
 [53]
 [57]
 [57]
 [57]
 [57]
 [57]
 [57]
 [53]
 [45]
 [49]] 
------------------------ Dataset: 5Bw ------------------------
shape: (27, 1), dtype: uint16
Data:[[54]
 [54]
 [53]
 [56]
 [46]
 [49]
 [55]
 [48]
 [55]
 [55]
 [57]
 [45]
 [48]
 [32]
 [54]
 [54]
 [53]
 [56]
 [46]
 [49]
 [55]
 [48]
 [50]
 [48]
 [55]
 [45]
 [49]] 
------------------------ Dataset: 5Bx ------------------------
shape: (34, 1), dtype: uint16
Data:[[54]
 [54]
 [55]
 [52]
 [46]
 [48]
 [53]
 [51]
 [56]
 [55]
 [49]
 [57]
 [57]
 [57]
 [57]
 [57]
 [57]
 [53]
 [45]
 [48]
 [32]
 [54]
 [54]
 [55]
 [52]
 [46]
 [48]
 [53]
 [51]
 [57]
 [55]
 [51]
 [45]
 [49]] 
------------------------ Dataset: 5By ------------------------
shape: (34, 1), dtype: uint16
Data:[[54]
 [54]
 [56]
 [57]
 [46]
 [57]
 [55]
 [48]
 [48]
 [56]
 [48]
 [57]
 [57]
 [57]
 [57]
 [57]
 [57]
 [53]
 [45]
 [48]
 [32]
 [54]
 [54]
 [56]
 [57]
 [46]
 [57]
 [54]
 [54]
 [49]
 [50]
 [55]
 [45]
 [49]] 
------------------------ Dataset: 5Bz ------------------------
shape: (41, 1), dtype: uint16
Data:[[53]
 [57]
 [48]
 [55]
 [46]
 [56]
 [54]
 [49]
 [55]
 [49]
 [56]
 [57]
 [57]
 [57]
 [57]
 [57]
 [57]
 [53]
 [45]
 [48]
 [32]
 [53]
 [57]
 [48]
 [55]
 [46]
 [56]
 [53]
 [55]
 [56]
 [57]
 [53]
 [57]
 [57]
 [57]
 [57]
 [57]
 [57]
 [53]
 [45]
 [49]] 
------------------------ Dataset: 5C ------------------------

shape: (1, 6), dtype: uint32
Data:[[3707764736          2          1          1       1688          1]] 
------------------------ Dataset: 6Bb ------------------------
shape: (33, 1), dtype: uint16
Data:[[54]
 [55]
 [55]
 [49]
 [46]
 [54]
 [50]
 [54]
 [56]
 [52]
 [54]
 [45]
 [48]
 [32]
 [54]
 [55]
 [55]
 [49]
 [46]
 [54]
 [51]
 [49]
 [48]
 [55]
 [52]
 [57]
 [57]
 [57]
 [57]
 [57]
 [57]
 [45]
 [49]] 
------------------------ Dataset: 6Bc ------------------------
shape: (27, 1), dtype: uint16
Data:[[54]
 [50]
 [56]
 [52]
 [46]
 [52]
 [48]
 [57]
 [57]
 [51]
 [50]
 [45]
 [48]
 [32]
 [54]
 [50]
 [56]
 [52]
 [46]
 [52]
 [49]
 [51]
 [56]
 [56]
 [55]
 [45]
 [49]] 
------------------------ Dataset: 6Bd ------------------------
shape: (27, 1), dtype: uint16
Data:[[54]
 [51]
 [48]
 [48]
 [46]
 [49]
 [56]
 [54]
 [53]
 [57]
 [49]
 [45]
 [48]
 [32]
 [54]
 [51]
 [48]
 [48]
 [46]
 [49]
 [56]
 [50]
 [50]
 [54]
 [54]
 [45]
 [49]] 
------------------------ Dataset: 6Be ------------------------
shape: (33, 1), dtype: uint16
Data:[[54]
 [51]
 [49]
 [54]
 [46]
 [48]
 [53]
 [55]
 [57]
 [53]
 [49]
 [45]
 [48]
 [32]
 [54]
 [51]
 [49]
 [54]
 [46]
 [48]
 [53]
 [51]
 [57]
 [54]
 [50]
 [57]
 [57]
 [57]
 [57]
 [57]
 [57]
 [45]
 [49]] 
------------------------ Dataset: 6Bf ------------------------
shape: (33, 1), dtype: uint16
Data:[[54]
 [51]
 [51]
 [49]
 [46]
 [56]
 [56]
 [50]
 [50]
 [49]
 [51]
 [57]
 [57]
 [57]
 [57]
 [57]
 [57]
 [45]
 [48]
 [32]
 [54]
 [51]
 [51]
 [49]
 [46]
 [56]
 [56]
 [54]
 [48]
 [48]
 [54]
 [45]
 [49]] 
------------------------ Dataset: 6Bg ------------------------
shape: (19, 1), dtype: uint16
Data:[[54]
 [52]
 [57]
 [55]
 [46]
 [48]
 [51]
 [56]
 [48]
 [54]
 [48]
 [57]
 [57]
 [57]
 [57]
 [57]
 [57]
 [45]
 [48]] 
------------------------ Dataset: 6Bh ------------------------
shape: (33, 1), dtype: uint16
Data:[[54]
 [53]
 [49]
 [50]
 [46]
 [56]
 [50]
 [54]
 [50]
 [54]
 [48]
 [57]
 [57]
 [57]
 [57]
 [57]
 [57]
 [45]
 [48]
 [32]
 [54]
 [53]
 [49]
 [50]
 [46]
 [56]
 [50]
 [48]
 [54]
 [51]
 [50]
 [45]
 [49]] 
------------------------ Dataset: 6Bi ------------------------
shape: (33, 1), dtype: uint16
Data:[[54]
 [53]
 [50]
 [56]
 [46]
 [54]
 [51]
 [55]
 [57]
 [55]
 [54]
 [45]
 [48]
 [32]
 [54]
 [53]
 [50]
 [56]
 [46]
 [54]
 [52]
 [50]
 [49]
 [50]
 [49]
 [57]
 [57]
 [57]
 [57]
 [57]
 [57]
 [45]
 [49]] 
------------------------ Dataset: 6Bj ------------------------
shape: (39, 1), dtype: uint16
Data:[[54]
 [48]
 [50]
 [52]
 [46]
 [50]
 [50]
 [49]
 [56]
 [57]
 [51]
 [57]
 [57]
 [57]
 [57]
 [57]
 [57]
 [45]
 [48]
 [32]
 [54]
 [48]
 [50]
 [52]
 [46]
 [50]
 [49]
 [51]
 [55]
 [50]
 [54]
 [57]
 [57]
 [57]
 [57]
 [57]
 [57]
 [45]
 [49]] 
------------------------ Dataset: 6Bk ------------------------
shape: (33, 1), dtype: uint16
Data:[[54]
 [48]
 [51]
 [57]
 [46]
 [57]
 [54]
 [53]
 [57]
 [51]
 [52]
 [57]
 [57]
 [57]
 [57]
 [57]
 [57]
 [45]
 [48]
 [32]
 [54]
 [48]
 [51]
 [57]
 [46]
 [57]
 [54]
 [50]
 [49]
 [52]
 [57]
 [45]
 [49]] 
------------------------ Dataset: 6Bl ------------------------
shape: (27, 1), dtype: uint16
Data:[[54]
 [48]
 [53]
 [53]
 [46]
 [54]
 [50]
 [57]
 [56]
 [56]
 [54]
 [45]
 [48]
 [32]
 [54]
 [48]
 [53]
 [53]
 [46]
 [54]
 [51]
 [51]
 [55]
 [57]
 [56]
 [45]
 [49]] 
------------------------ Dataset: 6Bm ------------------------
shape: (34, 1), dtype: uint16
Data:[[54]
 [48]
 [55]
 [49]
 [46]
 [53]
 [55]
 [51]
 [57]
 [54]
 [57]
 [57]
 [57]
 [57]
 [57]
 [57]
 [57]
 [53]
 [45]
 [48]
 [32]
 [54]
 [48]
 [55]
 [49]
 [46]
 [53]
 [55]
 [48]
 [56]
 [49]
 [52]
 [45]
 [49]] 
------------------------ Dataset: 6Bn ------------------------
shape: (33, 1), dtype: uint16
Data:[[53]
 [54]
 [51]
 [50]
 [46]
 [52]
 [51]
 [55]
 [56]
 [50]
 [56]
 [45]
 [48]
 [32]
 [53]
 [54]
 [51]
 [50]
 [46]
 [52]
 [51]
 [51]
 [53]
 [55]
 [50]
 [57]
 [57]
 [57]
 [57]
 [57]
 [57]
 [45]
 [49]] 
------------------------ Dataset: 6Bo ------------------------
shape: (33, 1), dtype: uint16
Data:[[53]
 [54]
 [52]
 [56]
 [46]
 [49]
 [50]
 [53]
 [54]
 [50]
 [48]
 [57]
 [57]
 [57]
 [57]
 [57]
 [57]
 [45]
 [48]
 [32]
 [53]
 [54]
 [52]
 [56]
 [46]
 [49]
 [50]
 [50]
 [54]
 [56]
 [57]
 [45]
 [49]] 
------------------------ Dataset: 6Bp ------------------------
shape: (40, 1), dtype: uint16
Data:[[53]
 [54]
 [54]
 [51]
 [46]
 [56]
 [54]
 [49]
 [57]
 [55]
 [48]
 [57]
 [57]
 [57]
 [57]
 [57]
 [57]
 [45]
 [48]
 [32]
 [53]
 [54]
 [54]
 [51]
 [46]
 [56]
 [53]
 [55]
 [57]
 [52]
 [54]
 [57]
 [57]
 [57]
 [57]
 [57]
 [57]
 [53]
 [45]
 [49]] 
------------------------ Dataset: 6Bq ------------------------
shape: (33, 1), dtype: uint16
Data:[[53]
 [54]
 [55]
 [57]
 [46]
 [54]
 [48]
 [49]
 [56]
 [50]
 [56]
 [57]
 [57]
 [57]
 [57]
 [57]
 [57]
 [45]
 [48]
 [32]
 [53]
 [54]
 [55]
 [57]
 [46]
 [53]
 [57]
 [55]
 [56]
 [56]
 [52]
 [45]
 [49]] 
------------------------ Dataset: 6Br ------------------------
shape: (33, 1), dtype: uint16
Data:[[53]
 [56]
 [48]
 [53]
 [46]
 [57]
 [48]
 [53]
 [54]
 [56]
 [51]
 [57]
 [57]
 [57]
 [57]
 [57]
 [57]
 [45]
 [48]
 [32]
 [53]
 [56]
 [48]
 [53]
 [46]
 [57]
 [48]
 [53]
 [55]
 [57]
 [54]
 [45]
 [49]] 
------------------------ Dataset: 6Bs ------------------------
shape: (33, 1), dtype: uint16
Data:[[54]
 [52]
 [49]
 [56]
 [46]
 [54]
 [54]
 [50]
 [50]
 [52]
 [54]
 [45]
 [48]
 [32]
 [54]
 [52]
 [49]
 [56]
 [46]
 [54]
 [54]
 [54]
 [49]
 [57]
 [51]
 [57]
 [57]
 [57]
 [57]
 [57]
 [57]
 [45]
 [49]] 
------------------------ Dataset: 6Bt ------------------------
shape: (34, 1), dtype: uint16
Data:[[54]
 [54]
 [49]
 [48]
 [46]
 [55]
 [54]
 [53]
 [55]
 [48]
 [55]
 [45]
 [48]
 [32]
 [54]
 [54]
 [49]
 [48]
 [46]
 [55]
 [54]
 [57]
 [54]
 [48]
 [52]
 [57]
 [57]
 [57]
 [57]
 [57]
 [57]
 [53]
 [45]
 [49]] 
------------------------ Dataset: 6Bu ------------------------
shape: (33, 1), dtype: uint16
Data:[[54]
 [54]
 [50]
 [54]
 [46]
 [54]
 [56]
 [50]
 [49]
 [50]
 [57]
 [57]
 [57]
 [57]
 [57]
 [57]
 [57]
 [45]
 [48]
 [32]
 [54]
 [54]
 [50]
 [54]
 [46]
 [54]
 [56]
 [54]
 [49]
 [53]
 [57]
 [45]
 [49]] 
------------------------ Dataset: 6Bv ------------------------
shape: (33, 1), dtype: uint16
Data:[[54]
 [54]
 [52]
 [50]
 [46]
 [52]
 [54]
 [54]
 [48]
 [57]
 [45]
 [48]
 [32]
 [54]
 [54]
 [52]
 [50]
 [46]
 [52]
 [54]
 [50]
 [50]
 [54]
 [53]
 [57]
 [57]
 [57]
 [57]
 [57]
 [57]
 [53]
 [45]
 [49]] 
------------------------ Dataset: 6Bw ------------------------
shape: (27, 1), dtype: uint16
Data:[[54]
 [54]
 [53]
 [56]
 [46]
 [49]
 [55]
 [48]
 [55]
 [55]
 [57]
 [45]
 [48]
 [32]
 [54]
 [54]
 [53]
 [56]
 [46]
 [49]
 [55]
 [52]
 [51]
 [50]
 [55]
 [45]
 [49]] 
------------------------ Dataset: 6Bx ------------------------
shape: (27, 1), dtype: uint16
Data:[[54]
 [54]
 [55]
 [52]
 [46]
 [48]
 [53]
 [54]
 [57]
 [51]
 [57]
 [45]
 [48]
 [32]
 [54]
 [54]
 [55]
 [52]
 [46]
 [48]
 [53]
 [51]
 [57]
 [55]
 [51]
 [45]
 [49]] 
------------------------ Dataset: 6By ------------------------
shape: (34, 1), dtype: uint16
Data:[[54]
 [54]
 [56]
 [57]
 [46]
 [57]
 [55]
 [48]
 [48]
 [56]
 [48]
 [57]
 [57]
 [57]
 [57]
 [57]
 [57]
 [53]
 [45]
 [48]
 [32]
 [54]
 [54]
 [56]
 [57]
 [46]
 [57]
 [55]
 [52]
 [50]
 [49]
 [50]
 [45]
 [49]] 
------------------------ Dataset: 6Bz ------------------------
shape: (34, 1), dtype: uint16
Data:[[53]
 [57]
 [48]
 [55]
 [46]
 [56]
 [54]
 [49]
 [55]
 [49]
 [56]
 [57]
 [57]
 [57]
 [57]
 [57]
 [57]
 [53]
 [45]
 [48]
 [32]
 [53]
 [57]
 [48]
 [55]
 [46]
 [56]
 [54]
 [53]
 [56]
 [48]
 [56]
 [45]
 [49]] 
------------------------ Dataset: 6C ------------------------

shape: (1, 6), dtype: uint32
Data:[[3707764736          2          1          1       1689          1]] 
------------------------ Dataset: 7Bb ------------------------
shape: (33, 1), dtype: uint16
Data:[[54]
 [55]
 [55]
 [49]
 [46]
 [54]
 [51]
 [56]
 [57]
 [49]
 [56]
 [45]
 [48]
 [32]
 [54]
 [55]
 [55]
 [49]
 [46]
 [54]
 [51]
 [49]
 [48]
 [55]
 [52]
 [57]
 [57]
 [57]
 [57]
 [57]
 [57]
 [45]
 [49]] 
------------------------ Dataset: 7Bc ------------------------
shape: (34, 1), dtype: uint16
Data:[[54]
 [50]
 [56]
 [52]
 [46]
 [52]
 [49]
 [55]
 [57]
 [52]
 [50]
 [57]
 [57]
 [57]
 [57]
 [57]
 [57]
 [53]
 [45]
 [48]
 [32]
 [54]
 [50]
 [56]
 [52]
 [46]
 [52]
 [49]
 [51]
 [56]
 [56]
 [55]
 [45]
 [49]] 
------------------------ Dataset: 7Bd ------------------------
shape: (27, 1), dtype: uint16
Data:[[54]
 [51]
 [48]
 [48]
 [46]
 [49]
 [56]
 [54]
 [53]
 [57]
 [49]
 [45]
 [48]
 [32]
 [54]
 [51]
 [48]
 [48]
 [46]
 [49]
 [56]
 [57]
 [57]
 [51]
 [54]
 [45]
 [49]] 
------------------------ Dataset: 7Be ------------------------
shape: (34, 1), dtype: uint16
Data:[[54]
 [51]
 [49]
 [54]
 [46]
 [48]
 [53]
 [55]
 [57]
 [53]
 [49]
 [45]
 [48]
 [32]
 [54]
 [51]
 [49]
 [54]
 [46]
 [48]
 [54]
 [52]
 [52]
 [49]
 [51]
 [57]
 [57]
 [57]
 [57]
 [57]
 [57]
 [53]
 [45]
 [49]] 
------------------------ Dataset: 7Bf ------------------------
shape: (34, 1), dtype: uint16
Data:[[54]
 [51]
 [51]
 [49]
 [46]
 [56]
 [56]
 [57]
 [57]
 [50]
 [52]
 [57]
 [57]
 [57]
 [57]
 [57]
 [57]
 [53]
 [45]
 [48]
 [32]
 [54]
 [51]
 [51]
 [49]
 [46]
 [56]
 [56]
 [54]
 [48]
 [48]
 [54]
 [45]
 [49]] 
------------------------ Dataset: 7Bg ------------------------
shape: (19, 1), dtype: uint16
Data:[[54]
 [52]
 [57]
 [55]
 [46]
 [48]
 [52]
 [50]
 [50]
 [49]
 [57]
 [57]
 [57]
 [57]
 [57]
 [57]
 [57]
 [45]
 [49]] 
------------------------ Dataset: 7Bh ------------------------
shape: (33, 1), dtype: uint16
Data:[[54]
 [53]
 [49]
 [50]
 [46]
 [56]
 [50]
 [54]
 [50]
 [54]
 [48]
 [57]
 [57]
 [57]
 [57]
 [57]
 [57]
 [45]
 [48]
 [32]
 [54]
 [53]
 [49]
 [50]
 [46]
 [56]
 [50]
 [55]
 [50]
 [48]
 [53]
 [45]
 [49]] 
------------------------ Dataset: 7Bi ------------------------
shape: (33, 1), dtype: uint16
Data:[[54]
 [53]
 [50]
 [56]
 [46]
 [54]
 [52]
 [53]
 [57]
 [52]
 [57]
 [45]
 [48]
 [32]
 [54]
 [53]
 [50]
 [56]
 [46]
 [54]
 [52]
 [50]
 [49]
 [50]
 [49]
 [57]
 [57]
 [57]
 [57]
 [57]
 [57]
 [45]
 [49]] 
------------------------ Dataset: 7Bj ------------------------
shape: (33, 1), dtype: uint16
Data:[[54]
 [48]
 [50]
 [52]
 [46]
 [50]
 [50]
 [49]
 [56]
 [57]
 [51]
 [57]
 [57]
 [57]
 [57]
 [57]
 [57]
 [45]
 [48]
 [32]
 [54]
 [48]
 [50]
 [52]
 [46]
 [50]
 [50]
 [49]
 [55]
 [52]
 [50]
 [45]
 [49]] 
------------------------ Dataset: 7Bk ------------------------
shape: (33, 1), dtype: uint16
Data:[[54]
 [48]
 [51]
 [57]
 [46]
 [57]
 [54]
 [53]
 [57]
 [51]
 [52]
 [57]
 [57]
 [57]
 [57]
 [57]
 [57]
 [45]
 [48]
 [32]
 [54]
 [48]
 [51]
 [57]
 [46]
 [57]
 [55]
 [48]
 [48]
 [57]
 [57]
 [45]
 [49]] 
------------------------ Dataset: 7Bl ------------------------
shape: (34, 1), dtype: uint16
Data:[[54]
 [48]
 [53]
 [53]
 [46]
 [54]
 [51]
 [55]
 [55]
 [54]
 [52]
 [57]
 [57]
 [57]
 [57]
 [57]
 [57]
 [53]
 [45]
 [48]
 [32]
 [54]
 [48]
 [53]
 [53]
 [46]
 [54]
 [51]
 [51]
 [55]
 [57]
 [56]
 [45]
 [49]] 
------------------------ Dataset: 7Bm ------------------------
shape: (34, 1), dtype: uint16
Data:[[54]
 [48]
 [55]
 [49]
 [46]
 [53]
 [55]
 [51]
 [57]
 [54]
 [57]
 [57]
 [57]
 [57]
 [57]
 [57]
 [57]
 [53]
 [45]
 [48]
 [32]
 [54]
 [48]
 [55]
 [49]
 [46]
 [53]
 [55]
 [56]
 [48]
 [49]
 [57]
 [45]
 [49]] 
------------------------ Dataset: 7Bn ------------------------
shape: (33, 1), dtype: uint16
Data:[[53]
 [54]
 [51]
 [50]
 [46]
 [52]
 [51]
 [55]
 [56]
 [50]
 [56]
 [45]
 [48]
 [32]
 [53]
 [54]
 [51]
 [50]
 [46]
 [52]
 [52]
 [49]
 [53]
 [49]
 [54]
 [57]
 [57]
 [57]
 [57]
 [57]
 [57]
 [45]
 [49]] 
------------------------ Dataset: 7Bo ------------------------
shape: (33, 1), dtype: uint16
Data:[[53]
 [54]
 [52]
 [56]
 [46]
 [49]
 [50]
 [53]
 [54]
 [50]
 [48]
 [57]
 [57]
 [57]
 [57]
 [57]
 [57]
 [45]
 [48]
 [32]
 [53]
 [54]
 [52]
 [56]
 [46]
 [49]
 [50]
 [57]
 [56]
 [50]
 [52]
 [45]
 [49]] 
------------------------ Dataset: 7Bp ------------------------
shape: (33, 1), dtype: uint16
Data:[[53]
 [54]
 [54]
 [51]
 [46]
 [56]
 [54]
 [49]
 [57]
 [55]
 [48]
 [57]
 [57]
 [57]
 [57]
 [57]
 [57]
 [45]
 [48]
 [32]
 [53]
 [54]
 [54]
 [51]
 [46]
 [56]
 [54]
 [53]
 [54]
 [51]
 [55]
 [45]
 [49]] 
------------------------ Dataset: 7Bq ------------------------
shape: (33, 1), dtype: uint16
Data:[[53]
 [54]
 [55]
 [57]
 [46]
 [54]
 [48]
 [49]
 [56]
 [50]
 [56]
 [57]
 [57]
 [57]
 [57]
 [57]
 [57]
 [45]
 [48]
 [32]
 [53]
 [54]
 [55]
 [57]
 [46]
 [54]
 [48]
 [53]
 [56]
 [52]
 [49]
 [45]
 [49]] 
------------------------ Dataset: 7Br ------------------------
shape: (27, 1), dtype: uint16
Data:[[53]
 [56]
 [48]
 [53]
 [46]
 [57]
 [49]
 [51]
 [54]
 [48]
 [51]
 [45]
 [48]
 [32]
 [53]
 [56]
 [48]
 [53]
 [46]
 [57]
 [48]
 [53]
 [55]
 [57]
 [54]
 [45]
 [49]] 
------------------------ Dataset: 7Bs ------------------------
shape: (33, 1), dtype: uint16
Data:[[54]
 [52]
 [49]
 [56]
 [46]
 [54]
 [55]
 [48]
 [51]
 [56]
 [51]
 [45]
 [48]
 [32]
 [54]
 [52]
 [49]
 [56]
 [46]
 [54]
 [54]
 [54]
 [49]
 [57]
 [51]
 [57]
 [57]
 [57]
 [57]
 [57]
 [57]
 [45]
 [49]] 
------------------------ Dataset: 7Bt ------------------------
shape: (34, 1), dtype: uint16
Data:[[54]
 [54]
 [49]
 [48]
 [46]
 [55]
 [55]
 [48]
 [49]
 [50]
 [53]
 [45]
 [48]
 [32]
 [54]
 [54]
 [49]
 [48]
 [46]
 [55]
 [54]
 [57]
 [54]
 [48]
 [52]
 [57]
 [57]
 [57]
 [57]
 [57]
 [57]
 [53]
 [45]
 [49]] 
------------------------ Dataset: 7Bu ------------------------
shape: (27, 1), dtype: uint16
Data:[[54]
 [54]
 [50]
 [54]
 [46]
 [54]
 [57]
 [48]
 [49]
 [48]
 [53]
 [45]
 [48]
 [32]
 [54]
 [54]
 [50]
 [54]
 [46]
 [54]
 [56]
 [54]
 [49]
 [53]
 [57]
 [45]
 [49]] 
------------------------ Dataset: 7Bv ------------------------
shape: (25, 1), dtype: uint16
Data:[[54]
 [54]
 [52]
 [50]
 [46]
 [52]
 [54]
 [54]
 [48]
 [57]
 [45]
 [48]
 [32]
 [54]
 [54]
 [52]
 [50]
 [46]
 [52]
 [55]
 [48]
 [50]
 [52]
 [45]
 [49]] 
------------------------ Dataset: 7Bw ------------------------
shape: (34, 1), dtype: uint16
Data:[[54]
 [54]
 [53]
 [56]
 [46]
 [49]
 [55]
 [56]
 [49]
 [52]
 [51]
 [57]
 [57]
 [57]
 [57]
 [57]
 [57]
 [53]
 [45]
 [48]
 [32]
 [54]
 [54]
 [53]
 [56]
 [46]
 [49]
 [55]
 [52]
 [51]
 [50]
 [55]
 [45]
 [49]] 
------------------------ Dataset: 7Bx ------------------------
shape: (27, 1), dtype: uint16
Data:[[54]
 [54]
 [55]
 [52]
 [46]
 [48]
 [53]
 [54]
 [57]
 [51]
 [57]
 [45]
 [48]
 [32]
 [54]
 [54]
 [55]
 [52]
 [46]
 [48]
 [53]
 [54]
 [56]
 [53]
 [56]
 [45]
 [49]] 
------------------------ Dataset: 7By ------------------------
shape: (27, 1), dtype: uint16
Data:[[54]
 [54]
 [56]
 [57]
 [46]
 [57]
 [55]
 [56]
 [49]
 [48]
 [55]
 [45]
 [48]
 [32]
 [54]
 [54]
 [56]
 [57]
 [46]
 [57]
 [55]
 [52]
 [50]
 [49]
 [50]
 [45]
 [49]] 
------------------------ Dataset: 7Bz ------------------------
shape: (33, 1), dtype: uint16
Data:[[53]
 [57]
 [48]
 [55]
 [46]
 [56]
 [54]
 [57]
 [55]
 [48]
 [50]
 [57]
 [57]
 [57]
 [57]
 [57]
 [57]
 [45]
 [48]
 [32]
 [53]
 [57]
 [48]
 [55]
 [46]
 [56]
 [54]
 [53]
 [56]
 [48]
 [56]
 [45]
 [49]] 
------------------------ Dataset: 7C ------------------------

shape: (1, 6), dtype: uint32
Data:[[3707764736          2          1          1       1690          1]] 
------------------------ Dataset: 8Bb ------------------------
shape: (27, 1), dtype: uint16
Data:[[54]
 [55]
 [55]
 [49]
 [46]
 [54]
 [51]
 [56]
 [57]
 [49]
 [56]
 [45]
 [48]
 [32]
 [54]
 [55]
 [55]
 [49]
 [46]
 [54]
 [52]
 [50]
 [53]
 [53]
 [54]
 [45]
 [49]] 
------------------------ Dataset: 8Bc ------------------------
shape: (33, 1), dtype: uint16
Data:[[54]
 [50]
 [56]
 [52]
 [46]
 [52]
 [49]
 [55]
 [57]
 [52]
 [50]
 [57]
 [57]
 [57]
 [57]
 [57]
 [57]
 [53]
 [45]
 [48]
 [32]
 [54]
 [50]
 [56]
 [52]
 [46]
 [52]
 [50]
 [49]
 [57]
 [50]
 [45]
 [49]] 
------------------------ Dataset: 8Bd ------------------------
shape: (27, 1), dtype: uint16
Data:[[54]
 [51]
 [48]
 [48]
 [46]
 [49]
 [57]
 [51]
 [56]
 [57]
 [49]
 [45]
 [48]
 [32]
 [54]
 [51]
 [48]
 [48]
 [46]
 [49]
 [56]
 [57]
 [57]
 [51]
 [54]
 [45]
 [49]] 
------------------------ Dataset: 8Be ------------------------
shape: (34, 1), dtype: uint16
Data:[[54]
 [51]
 [49]
 [54]
 [46]
 [48]
 [54]
 [57]
 [53]
 [48]
 [49]
 [45]
 [48]
 [32]
 [54]
 [51]
 [49]
 [54]
 [46]
 [48]
 [54]
 [52]
 [52]
 [49]
 [51]
 [57]
 [57]
 [57]
 [57]
 [57]
 [57]
 [53]
 [45]
 [49]] 
------------------------ Dataset: 8Bf ------------------------
shape: (34, 1), dtype: uint16
Data:[[54]
 [51]
 [51]
 [49]
 [46]
 [56]
 [56]
 [57]
 [57]
 [50]
 [52]
 [57]
 [57]
 [57]
 [57]
 [57]
 [57]
 [53]
 [45]
 [48]
 [32]
 [54]
 [51]
 [51]
 [49]
 [46]
 [56]
 [57]
 [51]
 [56]
 [56]
 [54]
 [45]
 [49]] 
------------------------ Dataset: 8Bg ------------------------
shape: (13, 1), dtype: uint16
Data:[[54]
 [52]
 [57]
 [55]
 [46]
 [48]
 [52]
 [54]
 [48]
 [48]
 [55]
 [45]
 [48]] 
------------------------ Dataset: 8Bh ------------------------
shape: (27, 1), dtype: uint16
Data:[[54]
 [53]
 [49]
 [50]
 [46]
 [56]
 [51]
 [49]
 [51]
 [49]
 [54]
 [45]
 [48]
 [32]
 [54]
 [53]
 [49]
 [50]
 [46]
 [56]
 [50]
 [55]
 [50]
 [48]
 [53]
 [45]
 [49]] 
------------------------ Dataset: 8Bi ------------------------
shape: (27, 1), dtype: uint16
Data:[[54]
 [53]
 [50]
 [56]
 [46]
 [54]
 [52]
 [53]
 [57]
 [52]
 [57]
 [45]
 [48]
 [32]
 [54]
 [53]
 [50]
 [56]
 [46]
 [54]
 [52]
 [57]
 [57]
 [53]
 [53]
 [45]
 [49]] 
------------------------ Dataset: 8Bj ------------------------
shape: (39, 1), dtype: uint16
Data:[[54]
 [48]
 [50]
 [52]
 [46]
 [50]
 [50]
 [49]
 [56]
 [57]
 [51]
 [57]
 [57]
 [57]
 [57]
 [57]
 [57]
 [45]
 [48]
 [32]
 [54]
 [48]
 [50]
 [52]
 [46]
 [50]
 [50]
 [57]
 [56]
 [49]
 [51]
 [57]
 [57]
 [57]
 [57]
 [57]
 [57]
 [45]
 [49]] 
------------------------ Dataset: 8Bk ------------------------
shape: (27, 1), dtype: uint16
Data:[[54]
 [48]
 [51]
 [57]
 [46]
 [57]
 [56]
 [48]
 [50]
 [54]
 [49]
 [45]
 [48]
 [32]
 [54]
 [48]
 [51]
 [57]
 [46]
 [57]
 [55]
 [48]
 [48]
 [57]
 [57]
 [45]
 [49]] 
------------------------ Dataset: 8Bl ------------------------
shape: (40, 1), dtype: uint16
Data:[[54]
 [48]
 [53]
 [53]
 [46]
 [54]
 [51]
 [55]
 [55]
 [54]
 [52]
 [57]
 [57]
 [57]
 [57]
 [57]
 [57]
 [53]
 [45]
 [48]
 [32]
 [54]
 [48]
 [53]
 [53]
 [46]
 [54]
 [52]
 [54]
 [55]
 [48]
 [50]
 [57]
 [57]
 [57]
 [57]
 [57]
 [57]
 [45]
 [49]] 
------------------------ Dataset: 8Bm ------------------------
shape: (34, 1), dtype: uint16
Data:[[54]
 [48]
 [55]
 [49]
 [46]
 [53]
 [56]
 [49]
 [56]
 [54]
 [53]
 [57]
 [57]
 [57]
 [57]
 [57]
 [57]
 [53]
 [45]
 [48]
 [32]
 [54]
 [48]
 [55]
 [49]
 [46]
 [53]
 [55]
 [56]
 [48]
 [49]
 [57]
 [45]
 [49]] 
------------------------ Dataset: 8Bn ------------------------
shape: (39, 1), dtype: uint16
Data:[[53]
 [54]
 [51]
 [50]
 [46]
 [52]
 [52]
 [53]
 [53]
 [51]
 [56]
 [57]
 [57]
 [57]
 [57]
 [57]
 [57]
 [45]
 [48]
 [32]
 [53]
 [54]
 [51]
 [50]
 [46]
 [52]
 [52]
 [49]
 [53]
 [49]
 [54]
 [57]
 [57]
 [57]
 [57]
 [57]
 [57]
 [45]
 [49]] 
------------------------ Dataset: 8Bo ------------------------
shape: (33, 1), dtype: uint16
Data:[[53]
 [54]
 [52]
 [56]
 [46]
 [49]
 [51]
 [51]
 [56]
 [50]
 [53]
 [57]
 [57]
 [57]
 [57]
 [57]
 [57]
 [45]
 [48]
 [32]
 [53]
 [54]
 [52]
 [56]
 [46]
 [49]
 [50]
 [57]
 [56]
 [50]
 [52]
 [45]
 [49]] 
------------------------ Dataset: 8Bp ------------------------
shape: (33, 1), dtype: uint16
Data:[[53]
 [54]
 [54]
 [51]
 [46]
 [56]
 [54]
 [57]
 [54]
 [51]
 [53]
 [57]
 [57]
 [57]
 [57]
 [57]
 [57]
 [45]
 [48]
 [32]
 [53]
 [54]
 [54]
 [51]
 [46]
 [56]
 [54]
 [53]
 [54]
 [51]
 [55]
 [45]
 [49]] 
------------------------ Dataset: 8Bq ------------------------
shape: (27, 1), dtype: uint16
Data:[[53]
 [54]
 [55]
 [57]
 [46]
 [54]
 [48]
 [57]
 [54]
 [57]
 [57]
 [45]
 [48]
 [32]
 [53]
 [54]
 [55]
 [57]
 [46]
 [54]
 [48]
 [53]
 [56]
 [52]
 [49]
 [45]
 [49]] 
------------------------ Dataset: 8Br ------------------------
shape: (27, 1), dtype: uint16
Data:[[53]
 [56]
 [48]
 [53]
 [46]
 [57]
 [49]
 [51]
 [54]
 [48]
 [51]
 [45]
 [48]
 [32]
 [53]
 [56]
 [48]
 [53]
 [46]
 [57]
 [49]
 [51]
 [54]
 [48]
 [56]
 [45]
 [49]] 
------------------------ Dataset: 8Bs ------------------------
shape: (33, 1), dtype: uint16
Data:[[54]
 [52]
 [49]
 [56]
 [46]
 [54]
 [55]
 [48]
 [51]
 [56]
 [51]
 [45]
 [48]
 [32]
 [54]
 [52]
 [49]
 [56]
 [46]
 [54]
 [55]
 [52]
 [49]
 [49]
 [48]
 [57]
 [57]
 [57]
 [57]
 [57]
 [57]
 [45]
 [49]] 
------------------------ Dataset: 8Bt ------------------------
shape: (33, 1), dtype: uint16
Data:[[54]
 [54]
 [49]
 [48]
 [46]
 [55]
 [55]
 [48]
 [49]
 [50]
 [53]
 [45]
 [48]
 [32]
 [54]
 [54]
 [49]
 [48]
 [46]
 [55]
 [55]
 [52]
 [49]
 [49]
 [55]
 [57]
 [57]
 [57]
 [57]
 [57]
 [57]
 [45]
 [49]] 
------------------------ Dataset: 8Bu ------------------------
shape: (27, 1), dtype: uint16
Data:[[54]
 [54]
 [50]
 [54]
 [46]
 [54]
 [57]
 [48]
 [49]
 [48]
 [53]
 [45]
 [48]
 [32]
 [54]
 [54]
 [50]
 [54]
 [46]
 [54]
 [57]
 [52]
 [50]
 [49]
 [52]
 [45]
 [49]] 
------------------------ Dataset: 8Bv ------------------------
shape: (26, 1), dtype: uint16
Data:[[54]
 [54]
 [52]
 [50]
 [46]
 [52]
 [55]
 [52]
 [49]
 [51]
 [49]
 [45]
 [48]
 [32]
 [54]
 [54]
 [52]
 [50]
 [46]
 [52]
 [55]
 [48]
 [50]
 [52]
 [45]
 [49]] 
------------------------ Dataset: 8Bw ------------------------
shape: (34, 1), dtype: uint16
Data:[[54]
 [54]
 [53]
 [56]
 [46]
 [49]
 [55]
 [56]
 [49]
 [52]
 [51]
 [57]
 [57]
 [57]
 [57]
 [57]
 [57]
 [53]
 [45]
 [48]
 [32]
 [54]
 [54]
 [53]
 [56]
 [46]
 [49]
 [56]
 [50]
 [49]
 [48]
 [56]
 [45]
 [49]] 
------------------------ Dataset: 8Bx ------------------------
shape: (34, 1), dtype: uint16
Data:[[54]
 [54]
 [55]
 [52]
 [46]
 [48]
 [53]
 [54]
 [57]
 [51]
 [57]
 [45]
 [48]
 [32]
 [54]
 [54]
 [55]
 [52]
 [46]
 [48]
 [54]
 [50]
 [52]
 [51]
 [51]
 [57]
 [57]
 [57]
 [57]
 [57]
 [57]
 [53]
 [45]
 [49]] 
------------------------ Dataset: 8By ------------------------
shape: (26, 1), dtype: uint16
Data:[[54]
 [54]
 [56]
 [57]
 [46]
 [57]
 [55]
 [56]
 [49]
 [48]
 [55]
 [45]
 [48]
 [32]
 [54]
 [54]
 [56]
 [57]
 [46]
 [57]
 [56]
 [50]
 [55]
 [50]
 [45]
 [49]] 
------------------------ Dataset: 8Bz ------------------------
shape: (33, 1), dtype: uint16
Data:[[53]
 [57]
 [48]
 [55]
 [46]
 [56]
 [54]
 [57]
 [55]
 [48]
 [50]
 [57]
 [57]
 [57]
 [57]
 [57]
 [57]
 [45]
 [48]
 [32]
 [53]
 [57]
 [48]
 [55]
 [46]
 [56]
 [55]
 [51]
 [54]
 [56]
 [51]
 [45]
 [49]] 
------------------------ Dataset: 8C ------------------------

