shape: (1, 6), dtype: uint32
Data:[[3707764736          2          1          1       1391          1]] 
------------------------ Dataset: axb ------------------------
shape: (19, 1), dtype: uint16
Data:[[54]
 [55]
 [55]
 [48]
 [46]
 [51]
 [57]
 [49]
 [48]
 [49]
 [52]
 [57]
 [57]
 [57]
 [57]
 [57]
 [57]
 [45]
 [49]] 
------------------------ Dataset: axc ------------------------
shape: (27, 1), dtype: uint16
Data:[[54]
 [50]
 [56]
 [51]
 [46]
 [49]
 [54]
 [54]
 [54]
 [50]
 [55]
 [45]
 [48]
 [32]
 [54]
 [50]
 [56]
 [51]
 [46]
 [49]
 [53]
 [55]
 [57]
 [53]
 [54]
 [45]
 [49]] 
------------------------ Dataset: axd ------------------------
shape: (33, 1), dtype: uint16
Data:[[54]
 [50]
 [57]
 [56]
 [46]
 [57]
 [52]
 [52]
 [49]
 [51]
 [48]
 [57]
 [57]
 [57]
 [57]
 [57]
 [57]
 [45]
 [48]
 [32]
 [54]
 [50]
 [57]
 [56]
 [46]
 [57]
 [52]
 [54]
 [50]
 [55]
 [52]
 [45]
 [49]] 
------------------------ Dataset: axe ------------------------
shape: (39, 1), dtype: uint16
Data:[[54]
 [51]
 [49]
 [52]
 [46]
 [56]
 [48]
 [55]
 [49]
 [50]
 [57]
 [57]
 [57]
 [57]
 [57]
 [57]
 [57]
 [45]
 [48]
 [32]
 [54]
 [51]
 [49]
 [52]
 [46]
 [56]
 [48]
 [49]
 [56]
 [54]
 [57]
 [57]
 [57]
 [57]
 [57]
 [57]
 [57]
 [45]
 [49]] 
------------------------ Dataset: axf ------------------------
shape: (25, 1), dtype: uint16
Data:[[54]
 [51]
 [51]
 [48]
 [46]
 [54]
 [51]
 [55]
 [57]
 [50]
 [45]
 [48]
 [32]
 [54]
 [51]
 [51]
 [48]
 [46]
 [54]
 [51]
 [52]
 [52]
 [51]
 [45]
 [49]] 
------------------------ Dataset: axg ------------------------
shape: (34, 1), dtype: uint16
Data:[[54]
 [51]
 [52]
 [54]
 [46]
 [52]
 [55]
 [57]
 [53]
 [55]
 [49]
 [45]
 [48]
 [32]
 [54]
 [51]
 [52]
 [54]
 [46]
 [52]
 [55]
 [53]
 [56]
 [51]
 [50]
 [57]
 [57]
 [57]
 [57]
 [57]
 [57]
 [53]
 [45]
 [49]] 
------------------------ Dataset: axh ------------------------
shape: (27, 1), dtype: uint16
Data:[[54]
 [53]
 [49]
 [49]
 [46]
 [53]
 [54]
 [50]
 [48]
 [54]
 [50]
 [45]
 [48]
 [32]
 [54]
 [53]
 [49]
 [49]
 [46]
 [53]
 [53]
 [56]
 [48]
 [57]
 [57]
 [45]
 [49]] 
------------------------ Dataset: axi ------------------------
shape: (26, 1), dtype: uint16
Data:[[54]
 [53]
 [50]
 [55]
 [46]
 [51]
 [57]
 [52]
 [48]
 [53]
 [45]
 [48]
 [32]
 [54]
 [53]
 [50]
 [55]
 [46]
 [51]
 [57]
 [48]
 [48]
 [50]
 [54]
 [45]
 [49]] 
------------------------ Dataset: axj ------------------------
shape: (39, 1), dtype: uint16
Data:[[54]
 [48]
 [50]
 [50]
 [46]
 [57]
 [54]
 [53]
 [55]
 [48]
 [51]
 [57]
 [57]
 [57]
 [57]
 [57]
 [57]
 [45]
 [48]
 [32]
 [54]
 [48]
 [50]
 [50]
 [46]
 [57]
 [54]
 [57]
 [55]
 [54]
 [53]
 [57]
 [57]
 [57]
 [57]
 [57]
 [57]
 [45]
 [49]] 
------------------------ Dataset: axk ------------------------
shape: (33, 1), dtype: uint16
Data:[[54]
 [48]
 [51]
 [56]
 [46]
 [55]
 [50]
 [57]
 [57]
 [55]
 [50]
 [45]
 [48]
 [32]
 [54]
 [48]
 [51]
 [56]
 [46]
 [55]
 [51]
 [55]
 [56]
 [54]
 [50]
 [57]
 [57]
 [57]
 [57]
 [57]
 [57]
 [45]
 [49]] 
------------------------ Dataset: axl ------------------------
shape: (33, 1), dtype: uint16
Data:[[54]
 [48]
 [53]
 [52]
 [46]
 [51]
 [56]
 [53]
 [55]
 [56]
 [56]
 [45]
 [48]
 [32]
 [54]
 [48]
 [53]
 [52]
 [46]
 [51]
 [56]
 [49]
 [57]
 [48]
 [55]
 [57]
 [57]
 [57]
 [57]
 [57]
 [57]
 [45]
 [49]] 
------------------------ Dataset: axm ------------------------
shape: (34, 1), dtype: uint16
Data:[[54]
 [48]
 [55]
 [48]
 [46]
 [51]
 [50]
 [49]
 [57]
 [57]
 [51]
 [45]
 [48]
 [32]
 [54]
 [48]
 [55]
 [48]
 [46]
 [51]
 [50]
 [53]
 [56]
 [51]
 [57]
 [57]
 [57]
 [57]
 [57]
 [57]
 [57]
 [53]
 [45]
 [49]] 
------------------------ Dataset: axn ------------------------
shape: (27, 1), dtype: uint16
Data:[[53]
 [54]
 [51]
 [49]
 [46]
 [50]
 [48]
 [53]
 [56]
 [52]
 [49]
 [45]
 [48]
 [32]
 [53]
 [54]
 [51]
 [49]
 [46]
 [50]
 [48]
 [50]
 [49]
 [49]
 [50]
 [45]
 [49]] 
------------------------ Dataset: axo ------------------------
shape: (32, 1), dtype: uint16
Data:[[53]
 [54]
 [52]
 [54]
 [46]
 [56]
 [55]
 [51]
 [53]
 [51]
 [45]
 [48]
 [32]
 [53]
 [54]
 [52]
 [54]
 [46]
 [56]
 [55]
 [56]
 [50]
 [48]
 [53]
 [57]
 [57]
 [57]
 [57]
 [57]
 [57]
 [45]
 [49]] 
------------------------ Dataset: axp ------------------------
shape: (40, 1), dtype: uint16
Data:[[53]
 [54]
 [54]
 [50]
 [46]
 [54]
 [49]
 [55]
 [53]
 [48]
 [55]
 [57]
 [57]
 [57]
 [57]
 [57]
 [57]
 [45]
 [48]
 [32]
 [53]
 [54]
 [54]
 [50]
 [46]
 [54]
 [49]
 [51]
 [53]
 [50]
 [54]
 [57]
 [57]
 [57]
 [57]
 [57]
 [57]
 [53]
 [45]
 [49]] 
------------------------ Dataset: axq ------------------------
shape: (33, 1), dtype: uint16
Data:[[53]
 [54]
 [55]
 [56]
 [46]
 [51]
 [53]
 [51]
 [53]
 [57]
 [54]
 [45]
 [48]
 [32]
 [53]
 [54]
 [55]
 [56]
 [46]
 [51]
 [53]
 [55]
 [53]
 [56]
 [48]
 [57]
 [57]
 [57]
 [57]
 [57]
 [57]
 [45]
 [49]] 
------------------------ Dataset: axr ------------------------
shape: (27, 1), dtype: uint16
Data:[[53]
 [54]
 [57]
 [52]
 [46]
 [49]
 [48]
 [49]
 [57]
 [55]
 [54]
 [45]
 [48]
 [32]
 [53]
 [54]
 [57]
 [52]
 [46]
 [49]
 [48]
 [50]
 [51]
 [52]
 [57]
 [45]
 [49]] 
------------------------ Dataset: axs ------------------------
shape: (33, 1), dtype: uint16
Data:[[54]
 [52]
 [49]
 [55]
 [46]
 [52]
 [50]
 [50]
 [48]
 [54]
 [51]
 [57]
 [57]
 [57]
 [57]
 [57]
 [57]
 [45]
 [48]
 [32]
 [54]
 [52]
 [49]
 [55]
 [46]
 [52]
 [49]
 [56]
 [51]
 [54]
 [56]
 [45]
 [49]] 
------------------------ Dataset: axt ------------------------
shape: (33, 1), dtype: uint16
Data:[[54]
 [54]
 [48]
 [57]
 [46]
 [53]
 [49]
 [52]
 [51]
 [55]
 [56]
 [57]
 [57]
 [57]
 [57]
 [57]
 [57]
 [45]
 [48]
 [32]
 [54]
 [54]
 [48]
 [57]
 [46]
 [53]
 [49]
 [48]
 [50]
 [53]
 [55]
 [45]
 [49]] 
------------------------ Dataset: axu ------------------------
shape: (27, 1), dtype: uint16
Data:[[54]
 [54]
 [50]
 [53]
 [46]
 [52]
 [53]
 [56]
 [52]
 [53]
 [55]
 [45]
 [48]
 [32]
 [54]
 [54]
 [50]
 [53]
 [46]
 [52]
 [53]
 [52]
 [54]
 [50]
 [54]
 [45]
 [49]] 
------------------------ Dataset: axv ------------------------
shape: (33, 1), dtype: uint16
Data:[[54]
 [54]
 [52]
 [49]
 [46]
 [50]
 [51]
 [48]
 [48]
 [52]
 [55]
 [45]
 [48]
 [32]
 [54]
 [54]
 [52]
 [49]
 [46]
 [50]
 [51]
 [56]
 [48]
 [55]
 [52]
 [57]
 [57]
 [57]
 [57]
 [57]
 [57]
 [45]
 [49]] 
------------------------ Dataset: axw ------------------------
shape: (33, 1), dtype: uint16
Data:[[54]
 [54]
 [53]
 [54]
 [46]
 [56]
 [57]
 [52]
 [56]
 [56]
 [53]
 [45]
 [48]
 [32]
 [54]
 [54]
 [53]
 [54]
 [46]
 [56]
 [57]
 [52]
 [56]
 [49]
 [54]
 [57]
 [57]
 [57]
 [57]
 [57]
 [57]
 [45]
 [49]] 
------------------------ Dataset: axx ------------------------
shape: (33, 1), dtype: uint16
Data:[[54]
 [54]
 [55]
 [50]
 [46]
 [55]
 [57]
 [48]
 [49]
 [55]
 [57]
 [45]
 [48]
 [32]
 [54]
 [54]
 [55]
 [50]
 [46]
 [55]
 [57]
 [52]
 [49]
 [51]
 [50]
 [57]
 [57]
 [57]
 [57]
 [57]
 [57]
 [45]
 [49]] 
------------------------ Dataset: axy ------------------------
shape: (26, 1), dtype: uint16
Data:[[54]
 [54]
 [56]
 [56]
 [46]
 [55]
 [48]
 [50]
 [49]
 [54]
 [45]
 [48]
 [32]
 [54]
 [54]
 [56]
 [56]
 [46]
 [54]
 [57]
 [56]
 [50]
 [54]
 [52]
 [45]
 [49]] 
------------------------ Dataset: axz ------------------------
shape: (33, 1), dtype: uint16
Data:[[53]
 [57]
 [48]
 [54]
 [46]
 [54]
 [48]
 [50]
 [53]
 [50]
 [52]
 [57]
 [57]
 [57]
 [57]
 [57]
 [57]
 [45]
 [48]
 [32]
 [53]
 [57]
 [48]
 [54]
 [46]
 [53]
 [57]
 [55]
 [56]
 [48]
 [52]
 [45]
 [49]] 
------------------------ Dataset: ay ------------------------

shape: (1, 6), dtype: uint32
Data:[[3707764736          2          1          1       1392          1]] 
------------------------ Dataset: bxb ------------------------
shape: (19, 1), dtype: uint16
Data:[[54]
 [55]
 [55]
 [48]
 [46]
 [51]
 [57]
 [52]
 [49]
 [51]
 [54]
 [57]
 [57]
 [57]
 [57]
 [57]
 [57]
 [45]
 [48]] 
------------------------ Dataset: bxc ------------------------
shape: (33, 1), dtype: uint16
Data:[[54]
 [50]
 [56]
 [51]
 [46]
 [49]
 [54]
 [54]
 [54]
 [50]
 [55]
 [45]
 [48]
 [32]
 [54]
 [50]
 [56]
 [51]
 [46]
 [49]
 [54]
 [54]
 [54]
 [52]
 [49]
 [57]
 [57]
 [57]
 [57]
 [57]
 [57]
 [45]
 [49]] 
------------------------ Dataset: bxd ------------------------
shape: (27, 1), dtype: uint16
Data:[[54]
 [50]
 [57]
 [56]
 [46]
 [57]
 [52]
 [57]
 [56]
 [55]
 [52]
 [45]
 [48]
 [32]
 [54]
 [50]
 [57]
 [56]
 [46]
 [57]
 [52]
 [54]
 [50]
 [55]
 [52]
 [45]
 [49]] 
------------------------ Dataset: bxe ------------------------
shape: (33, 1), dtype: uint16
Data:[[54]
 [51]
 [49]
 [52]
 [46]
 [56]
 [48]
 [55]
 [49]
 [50]
 [57]
 [57]
 [57]
 [57]
 [57]
 [57]
 [57]
 [45]
 [48]
 [32]
 [54]
 [51]
 [49]
 [52]
 [46]
 [56]
 [49]
 [49]
 [54]
 [51]
 [49]
 [45]
 [49]] 
------------------------ Dataset: bxf ------------------------
shape: (26, 1), dtype: uint16
Data:[[54]
 [51]
 [51]
 [48]
 [46]
 [54]
 [51]
 [55]
 [57]
 [50]
 [45]
 [48]
 [32]
 [54]
 [51]
 [51]
 [48]
 [46]
 [54]
 [52]
 [50]
 [50]
 [48]
 [50]
 [45]
 [49]] 
------------------------ Dataset: bxg ------------------------
shape: (33, 1), dtype: uint16
Data:[[54]
 [51]
 [52]
 [54]
 [46]
 [52]
 [55]
 [57]
 [53]
 [55]
 [49]
 [45]
 [48]
 [32]
 [54]
 [51]
 [52]
 [54]
 [46]
 [52]
 [56]
 [55]
 [50]
 [55]
 [54]
 [57]
 [57]
 [57]
 [57]
 [57]
 [57]
 [45]
 [49]] 
------------------------ Dataset: bxh ------------------------
shape: (27, 1), dtype: uint16
Data:[[54]
 [53]
 [49]
 [49]
 [46]
 [53]
 [54]
 [50]
 [48]
 [54]
 [50]
 [45]
 [48]
 [32]
 [54]
 [53]
 [49]
 [49]
 [46]
 [53]
 [54]
 [54]
 [49]
 [53]
 [56]
 [45]
 [49]] 
------------------------ Dataset: bxi ------------------------
shape: (32, 1), dtype: uint16
Data:[[54]
 [53]
 [50]
 [55]
 [46]
 [51]
 [57]
 [52]
 [48]
 [53]
 [45]
 [48]
 [32]
 [54]
 [53]
 [50]
 [55]
 [46]
 [51]
 [57]
 [56]
 [52]
 [56]
 [48]
 [57]
 [57]
 [57]
 [57]
 [57]
 [57]
 [45]
 [49]] 
------------------------ Dataset: bxj ------------------------
shape: (33, 1), dtype: uint16
Data:[[54]
 [48]
 [50]
 [50]
 [46]
 [57]
 [55]
 [51]
 [55]
 [52]
 [55]
 [45]
 [48]
 [32]
 [54]
 [48]
 [50]
 [50]
 [46]
 [57]
 [54]
 [57]
 [55]
 [54]
 [53]
 [57]
 [57]
 [57]
 [57]
 [57]
 [57]
 [45]
 [49]] 
------------------------ Dataset: bxk ------------------------
shape: (33, 1), dtype: uint16
Data:[[54]
 [48]
 [51]
 [56]
 [46]
 [55]
 [52]
 [49]
 [56]
 [51]
 [50]
 [45]
 [48]
 [32]
 [54]
 [48]
 [51]
 [56]
 [46]
 [55]
 [51]
 [55]
 [56]
 [54]
 [50]
 [57]
 [57]
 [57]
 [57]
 [57]
 [57]
 [45]
 [49]] 
------------------------ Dataset: bxl ------------------------
shape: (27, 1), dtype: uint16
Data:[[54]
 [48]
 [53]
 [52]
 [46]
 [51]
 [56]
 [53]
 [55]
 [56]
 [56]
 [45]
 [48]
 [32]
 [54]
 [48]
 [53]
 [52]
 [46]
 [51]
 [56]
 [57]
 [56]
 [51]
 [52]
 [45]
 [49]] 
------------------------ Dataset: bxm ------------------------
shape: (40, 1), dtype: uint16
Data:[[54]
 [48]
 [55]
 [48]
 [46]
 [51]
 [50]
 [57]
 [56]
 [50]
 [56]
 [57]
 [57]
 [57]
 [57]
 [57]
 [57]
 [45]
 [48]
 [32]
 [54]
 [48]
 [55]
 [48]
 [46]
 [51]
 [50]
 [53]
 [56]
 [51]
 [57]
 [57]
 [57]
 [57]
 [57]
 [57]
 [57]
 [53]
 [45]
 [49]] 
------------------------ Dataset: bxn ------------------------
shape: (27, 1), dtype: uint16
Data:[[53]
 [54]
 [51]
 [49]
 [46]
 [50]
 [48]
 [53]
 [56]
 [52]
 [49]
 [45]
 [48]
 [32]
 [53]
 [54]
 [51]
 [49]
 [46]
 [50]
 [48]
 [57]
 [53]
 [56]
 [54]
 [45]
 [49]] 
------------------------ Dataset: bxo ------------------------
shape: (33, 1), dtype: uint16
Data:[[53]
 [54]
 [52]
 [54]
 [46]
 [56]
 [56]
 [49]
 [53]
 [56]
 [52]
 [45]
 [48]
 [32]
 [53]
 [54]
 [52]
 [54]
 [46]
 [56]
 [55]
 [56]
 [50]
 [48]
 [53]
 [57]
 [57]
 [57]
 [57]
 [57]
 [57]
 [45]
 [49]] 
------------------------ Dataset: bxp ------------------------
shape: (40, 1), dtype: uint16
Data:[[53]
 [54]
 [54]
 [50]
 [46]
 [54]
 [49]
 [55]
 [53]
 [48]
 [55]
 [57]
 [57]
 [57]
 [57]
 [57]
 [57]
 [45]
 [48]
 [32]
 [53]
 [54]
 [54]
 [50]
 [46]
 [54]
 [50]
 [49]
 [53]
 [49]
 [51]
 [57]
 [57]
 [57]
 [57]
 [57]
 [57]
 [53]
 [45]
 [49]] 
------------------------ Dataset: bxq ------------------------
shape: (40, 1), dtype: uint16
Data:[[53]
 [54]
 [55]
 [56]
 [46]
 [51]
 [54]
 [49]
 [54]
 [48]
 [53]
 [57]
 [57]
 [57]
 [57]
 [57]
 [57]
 [53]
 [45]
 [48]
 [32]
 [53]
 [54]
 [55]
 [56]
 [46]
 [51]
 [53]
 [55]
 [53]
 [56]
 [48]
 [57]
 [57]
 [57]
 [57]
 [57]
 [57]
 [45]
 [49]] 
------------------------ Dataset: bxr ------------------------
shape: (27, 1), dtype: uint16
Data:[[53]
 [54]
 [57]
 [52]
 [46]
 [49]
 [49]
 [53]
 [54]
 [56]
 [50]
 [45]
 [48]
 [32]
 [53]
 [54]
 [57]
 [52]
 [46]
 [49]
 [48]
 [50]
 [51]
 [52]
 [57]
 [45]
 [49]] 
------------------------ Dataset: bxs ------------------------
shape: (39, 1), dtype: uint16
Data:[[54]
 [52]
 [49]
 [55]
 [46]
 [52]
 [50]
 [50]
 [48]
 [54]
 [51]
 [57]
 [57]
 [57]
 [57]
 [57]
 [57]
 [45]
 [48]
 [32]
 [54]
 [52]
 [49]
 [55]
 [46]
 [52]
 [50]
 [54]
 [48]
 [55]
 [49]
 [57]
 [57]
 [57]
 [57]
 [57]
 [57]
 [45]
 [49]] 
------------------------ Dataset: bxt ------------------------
shape: (33, 1), dtype: uint16
Data:[[54]
 [54]
 [48]
 [57]
 [46]
 [53]
 [49]
 [52]
 [51]
 [55]
 [56]
 [57]
 [57]
 [57]
 [57]
 [57]
 [57]
 [45]
 [48]
 [32]
 [54]
 [54]
 [48]
 [57]
 [46]
 [53]
 [49]
 [56]
 [50]
 [48]
 [51]
 [45]
 [49]] 
------------------------ Dataset: bxu ------------------------
shape: (33, 1), dtype: uint16
Data:[[54]
 [54]
 [50]
 [53]
 [46]
 [52]
 [53]
 [56]
 [52]
 [53]
 [55]
 [45]
 [48]
 [32]
 [54]
 [54]
 [50]
 [53]
 [46]
 [52]
 [54]
 [50]
 [49]
 [53]
 [52]
 [57]
 [57]
 [57]
 [57]
 [57]
 [57]
 [45]
 [49]] 
------------------------ Dataset: bxv ------------------------
shape: (39, 1), dtype: uint16
Data:[[54]
 [54]
 [52]
 [49]
 [46]
 [50]
 [51]
 [56]
 [48]
 [54]
 [57]
 [57]
 [57]
 [57]
 [57]
 [57]
 [57]
 [45]
 [48]
 [32]
 [54]
 [54]
 [52]
 [49]
 [46]
 [50]
 [51]
 [56]
 [48]
 [55]
 [52]
 [57]
 [57]
 [57]
 [57]
 [57]
 [57]
 [45]
 [49]] 
------------------------ Dataset: bxw ------------------------
shape: (34, 1), dtype: uint16
Data:[[54]
 [54]
 [53]
 [54]
 [46]
 [56]
 [57]
 [52]
 [56]
 [56]
 [53]
 [45]
 [48]
 [32]
 [54]
 [54]
 [53]
 [54]
 [46]
 [56]
 [57]
 [56]
 [56]
 [55]
 [51]
 [57]
 [57]
 [57]
 [57]
 [57]
 [57]
 [53]
 [45]
 [49]] 
------------------------ Dataset: bxx ------------------------
shape: (39, 1), dtype: uint16
Data:[[54]
 [54]
 [55]
 [50]
 [46]
 [55]
 [57]
 [56]
 [56]
 [52]
 [55]
 [57]
 [57]
 [57]
 [57]
 [57]
 [57]
 [45]
 [48]
 [32]
 [54]
 [54]
 [55]
 [50]
 [46]
 [55]
 [57]
 [52]
 [49]
 [51]
 [50]
 [57]
 [57]
 [57]
 [57]
 [57]
 [57]
 [45]
 [49]] 
------------------------ Dataset: bxy ------------------------
shape: (26, 1), dtype: uint16
Data:[[54]
 [54]
 [56]
 [56]
 [46]
 [55]
 [48]
 [50]
 [49]
 [54]
 [45]
 [48]
 [32]
 [54]
 [54]
 [56]
 [56]
 [46]
 [55]
 [48]
 [54]
 [50]
 [49]
 [54]
 [45]
 [49]] 
------------------------ Dataset: bxz ------------------------
shape: (39, 1), dtype: uint16
Data:[[53]
 [57]
 [48]
 [54]
 [46]
 [54]
 [48]
 [50]
 [53]
 [50]
 [52]
 [57]
 [57]
 [57]
 [57]
 [57]
 [57]
 [45]
 [48]
 [32]
 [53]
 [57]
 [48]
 [54]
 [46]
 [54]
 [48]
 [55]
 [49]
 [52]
 [50]
 [57]
 [57]
 [57]
 [57]
 [57]
 [57]
 [45]
 [49]] 
------------------------ Dataset: by ------------------------

shape: (1, 6), dtype: uint32
Data:[[3707764736          2          1          1       1393          1]] 
------------------------ Dataset: cxb ------------------------
shape: (13, 1), dtype: uint16
Data:[[54]
 [55]
 [55]
 [48]
 [46]
 [51]
 [57]
 [56]
 [51]
 [51]
 [56]
 [45]
 [49]] 
------------------------ Dataset: cxc ------------------------
shape: (33, 1), dtype: uint16
Data:[[54]
 [50]
 [56]
 [51]
 [46]
 [49]
 [55]
 [51]
 [57]
 [49]
 [54]
 [45]
 [48]
 [32]
 [54]
 [50]
 [56]
 [51]
 [46]
 [49]
 [54]
 [54]
 [54]
 [52]
 [49]
 [57]
 [57]
 [57]
 [57]
 [57]
 [57]
 [45]
 [49]] 
------------------------ Dataset: cxd ------------------------
shape: (27, 1), dtype: uint16
Data:[[54]
 [50]
 [57]
 [56]
 [46]
 [57]
 [52]
 [57]
 [56]
 [55]
 [52]
 [45]
 [48]
 [32]
 [54]
 [50]
 [57]
 [56]
 [46]
 [57]
 [53]
 [51]
 [57]
 [48]
 [54]
 [45]
 [49]] 
------------------------ Dataset: cxe ------------------------
shape: (27, 1), dtype: uint16
Data:[[54]
 [51]
 [49]
 [52]
 [46]
 [56]
 [49]
 [55]
 [52]
 [49]
 [54]
 [45]
 [48]
 [32]
 [54]
 [51]
 [49]
 [52]
 [46]
 [56]
 [49]
 [49]
 [54]
 [51]
 [49]
 [45]
 [49]] 
------------------------ Dataset: cxf ------------------------
shape: (27, 1), dtype: uint16
Data:[[54]
 [51]
 [51]
 [48]
 [46]
 [54]
 [52]
 [53]
 [56]
 [56]
 [52]
 [45]
 [48]
 [32]
 [54]
 [51]
 [51]
 [48]
 [46]
 [54]
 [52]
 [50]
 [50]
 [48]
 [50]
 [45]
 [49]] 
------------------------ Dataset: cxg ------------------------
shape: (33, 1), dtype: uint16
Data:[[54]
 [51]
 [52]
 [54]
 [46]
 [52]
 [57]
 [49]
 [55]
 [57]
 [52]
 [45]
 [48]
 [32]
 [54]
 [51]
 [52]
 [54]
 [46]
 [52]
 [56]
 [55]
 [50]
 [55]
 [54]
 [57]
 [57]
 [57]
 [57]
 [57]
 [57]
 [45]
 [49]] 
------------------------ Dataset: cxh ------------------------
shape: (27, 1), dtype: uint16
Data:[[54]
 [53]
 [49]
 [49]
 [46]
 [53]
 [55]
 [48]
 [49]
 [51]
 [50]
 [45]
 [48]
 [32]
 [54]
 [53]
 [49]
 [49]
 [46]
 [53]
 [54]
 [54]
 [49]
 [53]
 [56]
 [45]
 [49]] 
------------------------ Dataset: cxi ------------------------
shape: (33, 1), dtype: uint16
Data:[[54]
 [53]
 [50]
 [55]
 [46]
 [52]
 [48]
 [50]
 [49]
 [51]
 [51]
 [45]
 [48]
 [32]
 [54]
 [53]
 [50]
 [55]
 [46]
 [51]
 [57]
 [56]
 [52]
 [56]
 [48]
 [57]
 [57]
 [57]
 [57]
 [57]
 [57]
 [45]
 [49]] 
------------------------ Dataset: cxj ------------------------
shape: (27, 1), dtype: uint16
Data:[[54]
 [48]
 [50]
 [50]
 [46]
 [57]
 [55]
 [51]
 [55]
 [52]
 [55]
 [45]
 [48]
 [32]
 [54]
 [48]
 [50]
 [50]
 [46]
 [57]
 [55]
 [56]
 [52]
 [53]
 [52]
 [45]
 [49]] 
------------------------ Dataset: cxk ------------------------
shape: (27, 1), dtype: uint16
Data:[[54]
 [48]
 [51]
 [56]
 [46]
 [55]
 [52]
 [49]
 [56]
 [51]
 [50]
 [45]
 [48]
 [32]
 [54]
 [48]
 [51]
 [56]
 [46]
 [55]
 [52]
 [53]
 [56]
 [48]
 [51]
 [45]
 [49]] 
------------------------ Dataset: cxl ------------------------
shape: (25, 1), dtype: uint16
Data:[[54]
 [48]
 [53]
 [52]
 [46]
 [51]
 [57]
 [51]
 [55]
 [45]
 [48]
 [32]
 [54]
 [48]
 [53]
 [52]
 [46]
 [51]
 [56]
 [57]
 [56]
 [51]
 [52]
 [45]
 [49]] 
------------------------ Dataset: cxm ------------------------
shape: (33, 1), dtype: uint16
Data:[[54]
 [48]
 [55]
 [48]
 [46]
 [51]
 [50]
 [57]
 [56]
 [50]
 [56]
 [57]
 [57]
 [57]
 [57]
 [57]
 [57]
 [45]
 [48]
 [32]
 [54]
 [48]
 [55]
 [48]
 [46]
 [51]
 [51]
 [51]
 [56]
 [54]
 [54]
 [45]
 [49]] 
------------------------ Dataset: cxn ------------------------
shape: (27, 1), dtype: uint16
Data:[[53]
 [54]
 [51]
 [49]
 [46]
 [50]
 [49]
 [51]
 [53]
 [57]
 [49]
 [45]
 [48]
 [32]
 [53]
 [54]
 [51]
 [49]
 [46]
 [50]
 [48]
 [57]
 [53]
 [56]
 [54]
 [45]
 [49]] 
------------------------ Dataset: cxo ------------------------
shape: (27, 1), dtype: uint16
Data:[[53]
 [54]
 [52]
 [54]
 [46]
 [56]
 [56]
 [49]
 [53]
 [56]
 [52]
 [45]
 [48]
 [32]
 [53]
 [54]
 [52]
 [54]
 [46]
 [56]
 [56]
 [53]
 [55]
 [49]
 [55]
 [45]
 [49]] 
------------------------ Dataset: cxp ------------------------
shape: (40, 1), dtype: uint16
Data:[[53]
 [54]
 [54]
 [50]
 [46]
 [54]
 [50]
 [53]
 [57]
 [51]
 [55]
 [57]
 [57]
 [57]
 [57]
 [57]
 [57]
 [45]
 [48]
 [32]
 [53]
 [54]
 [54]
 [50]
 [46]
 [54]
 [50]
 [49]
 [53]
 [49]
 [51]
 [57]
 [57]
 [57]
 [57]
 [57]
 [57]
 [53]
 [45]
 [49]] 
------------------------ Dataset: cxq ------------------------
shape: (34, 1), dtype: uint16
Data:[[53]
 [54]
 [55]
 [56]
 [46]
 [51]
 [54]
 [49]
 [54]
 [48]
 [53]
 [57]
 [57]
 [57]
 [57]
 [57]
 [57]
 [53]
 [45]
 [48]
 [32]
 [53]
 [54]
 [55]
 [56]
 [46]
 [51]
 [54]
 [54]
 [48]
 [55]
 [50]
 [45]
 [49]] 
------------------------ Dataset: cxr ------------------------
shape: (26, 1), dtype: uint16
Data:[[53]
 [54]
 [57]
 [52]
 [46]
 [49]
 [49]
 [53]
 [54]
 [56]
 [50]
 [45]
 [48]
 [32]
 [53]
 [54]
 [57]
 [52]
 [46]
 [49]
 [49]
 [54]
 [53]
 [49]
 [45]
 [49]] 
------------------------ Dataset: cxs ------------------------
shape: (32, 1), dtype: uint16
Data:[[54]
 [52]
 [49]
 [55]
 [46]
 [52]
 [50]
 [57]
 [56]
 [55]
 [45]
 [48]
 [32]
 [54]
 [52]
 [49]
 [55]
 [46]
 [52]
 [50]
 [54]
 [48]
 [55]
 [49]
 [57]
 [57]
 [57]
 [57]
 [57]
 [57]
 [45]
 [49]] 
------------------------ Dataset: cxt ------------------------
shape: (27, 1), dtype: uint16
Data:[[54]
 [54]
 [48]
 [57]
 [46]
 [53]
 [50]
 [50]
 [48]
 [48]
 [53]
 [45]
 [48]
 [32]
 [54]
 [54]
 [48]
 [57]
 [46]
 [53]
 [49]
 [56]
 [50]
 [48]
 [51]
 [45]
 [49]] 
------------------------ Dataset: cxu ------------------------
shape: (33, 1), dtype: uint16
Data:[[54]
 [54]
 [50]
 [53]
 [46]
 [52]
 [54]
 [54]
 [49]
 [51]
 [53]
 [45]
 [48]
 [32]
 [54]
 [54]
 [50]
 [53]
 [46]
 [52]
 [54]
 [50]
 [49]
 [53]
 [52]
 [57]
 [57]
 [57]
 [57]
 [57]
 [57]
 [45]
 [49]] 
------------------------ Dataset: cxv ------------------------
shape: (39, 1), dtype: uint16
Data:[[54]
 [54]
 [52]
 [49]
 [46]
 [50]
 [52]
 [54]
 [50]
 [48]
 [54]
 [57]
 [57]
 [57]
 [57]
 [57]
 [57]
 [45]
 [48]
 [32]
 [54]
 [54]
 [52]
 [49]
 [46]
 [50]
 [51]
 [56]
 [48]
 [55]
 [52]
 [57]
 [57]
 [57]
 [57]
 [57]
 [57]
 [45]
 [49]] 
------------------------ Dataset: cxw ------------------------
shape: (34, 1), dtype: uint16
Data:[[54]
 [54]
 [53]
 [54]
 [46]
 [57]
 [48]
 [50]
 [51]
 [54]
 [50]
 [45]
 [48]
 [32]
 [54]
 [54]
 [53]
 [54]
 [46]
 [56]
 [57]
 [56]
 [56]
 [55]
 [51]
 [57]
 [57]
 [57]
 [57]
 [57]
 [57]
 [53]
 [45]
 [49]] 
------------------------ Dataset: cxx ------------------------
shape: (33, 1), dtype: uint16
Data:[[54]
 [54]
 [55]
 [50]
 [46]
 [55]
 [57]
 [56]
 [56]
 [52]
 [55]
 [57]
 [57]
 [57]
 [57]
 [57]
 [57]
 [45]
 [48]
 [32]
 [54]
 [54]
 [55]
 [50]
 [46]
 [56]
 [48]
 [51]
 [53]
 [50]
 [51]
 [45]
 [49]] 
------------------------ Dataset: cxy ------------------------
shape: (27, 1), dtype: uint16
Data:[[54]
 [54]
 [56]
 [56]
 [46]
 [55]
 [49]
 [49]
 [48]
 [48]
 [49]
 [45]
 [48]
 [32]
 [54]
 [54]
 [56]
 [56]
 [46]
 [55]
 [48]
 [54]
 [50]
 [49]
 [54]
 [45]
 [49]] 
------------------------ Dataset: cxz ------------------------
shape: (33, 1), dtype: uint16
Data:[[53]
 [57]
 [48]
 [54]
 [46]
 [54]
 [49]
 [48]
 [55]
 [55]
 [52]
 [45]
 [48]
 [32]
 [53]
 [57]
 [48]
 [54]
 [46]
 [54]
 [48]
 [55]
 [49]
 [52]
 [50]
 [57]
 [57]
 [57]
 [57]
 [57]
 [57]
 [45]
 [49]] 
------------------------ Dataset: cy ------------------------

shape: (1, 6), dtype: uint32
Data:[[3707764736          2          1          1       1394          1]] 
------------------------ Dataset: dxb ------------------------
shape: (20, 1), dtype: uint16
Data:[[54]
 [55]
 [55]
 [48]
 [46]
 [52]
 [48]
 [50]
 [49]
 [53]
 [54]
 [57]
 [57]
 [57]
 [57]
 [57]
 [57]
 [53]
 [45]
 [48]] 
------------------------ Dataset: dxc ------------------------
shape: (33, 1), dtype: uint16
Data:[[54]
 [50]
 [56]
 [51]
 [46]
 [49]
 [55]
 [51]
 [57]
 [49]
 [54]
 [45]
 [48]
 [32]
 [54]
 [50]
 [56]
 [51]
 [46]
 [49]
 [55]
 [51]
 [57]
 [49]
 [52]
 [57]
 [57]
 [57]
 [57]
 [57]
 [57]
 [45]
 [49]] 
------------------------ Dataset: dxd ------------------------
shape: (33, 1), dtype: uint16
Data:[[54]
 [50]
 [57]
 [56]
 [46]
 [57]
 [53]
 [57]
 [49]
 [57]
 [57]
 [57]
 [57]
 [57]
 [57]
 [57]
 [57]
 [45]
 [48]
 [32]
 [54]
 [50]
 [57]
 [56]
 [46]
 [57]
 [53]
 [51]
 [57]
 [48]
 [54]
 [45]
 [49]] 
------------------------ Dataset: dxe ------------------------
shape: (27, 1), dtype: uint16
Data:[[54]
 [51]
 [49]
 [52]
 [46]
 [56]
 [49]
 [55]
 [52]
 [49]
 [54]
 [45]
 [48]
 [32]
 [54]
 [51]
 [49]
 [52]
 [46]
 [56]
 [50]
 [50]
 [55]
 [55]
 [57]
 [45]
 [49]] 
------------------------ Dataset: dxf ------------------------
shape: (27, 1), dtype: uint16
Data:[[54]
 [51]
 [51]
 [48]
 [46]
 [54]
 [52]
 [53]
 [56]
 [56]
 [52]
 [45]
 [48]
 [32]
 [54]
 [51]
 [51]
 [48]
 [46]
 [54]
 [52]
 [57]
 [57]
 [48]
 [49]
 [45]
 [49]] 
------------------------ Dataset: dxg ------------------------
shape: (27, 1), dtype: uint16
Data:[[54]
 [51]
 [52]
 [54]
 [46]
 [52]
 [57]
 [49]
 [55]
 [57]
 [52]
 [45]
 [48]
 [32]
 [54]
 [51]
 [52]
 [54]
 [46]
 [52]
 [57]
 [56]
 [49]
 [48]
 [50]
 [45]
 [49]] 
------------------------ Dataset: dxh ------------------------
shape: (27, 1), dtype: uint16
Data:[[54]
 [53]
 [49]
 [49]
 [46]
 [53]
 [55]
 [48]
 [49]
 [51]
 [50]
 [45]
 [48]
 [32]
 [54]
 [53]
 [49]
 [49]
 [46]
 [53]
 [55]
 [52]
 [48]
 [55]
 [56]
 [45]
 [49]] 
------------------------ Dataset: dxi ------------------------
shape: (27, 1), dtype: uint16
Data:[[54]
 [53]
 [50]
 [55]
 [46]
 [52]
 [48]
 [50]
 [49]
 [51]
 [51]
 [45]
 [48]
 [32]
 [54]
 [53]
 [50]
 [55]
 [46]
 [52]
 [48]
 [54]
 [49]
 [49]
 [51]
 [45]
 [49]] 
------------------------ Dataset: dxj ------------------------
shape: (27, 1), dtype: uint16
Data:[[54]
 [48]
 [50]
 [50]
 [46]
 [57]
 [56]
 [50]
 [48]
 [49]
 [51]
 [45]
 [48]
 [32]
 [54]
 [48]
 [50]
 [50]
 [46]
 [57]
 [55]
 [56]
 [52]
 [53]
 [52]
 [45]
 [49]] 
------------------------ Dataset: dxk ------------------------
shape: (34, 1), dtype: uint16
Data:[[54]
 [48]
 [51]
 [56]
 [46]
 [55]
 [52]
 [57]
 [57]
 [54]
 [56]
 [57]
 [57]
 [57]
 [57]
 [57]
 [57]
 [53]
 [45]
 [48]
 [32]
 [54]
 [48]
 [51]
 [56]
 [46]
 [55]
 [52]
 [53]
 [56]
 [48]
 [51]
 [45]
 [49]] 
------------------------ Dataset: dxl ------------------------
shape: (25, 1), dtype: uint16
Data:[[54]
 [48]
 [53]
 [52]
 [46]
 [51]
 [57]
 [51]
 [55]
 [45]
 [48]
 [32]
 [54]
 [48]
 [53]
 [52]
 [46]
 [51]
 [57]
 [55]
 [55]
 [57]
 [50]
 [45]
 [49]] 
------------------------ Dataset: dxm ------------------------
shape: (27, 1), dtype: uint16
Data:[[54]
 [48]
 [55]
 [48]
 [46]
 [51]
 [51]
 [55]
 [56]
 [55]
 [52]
 [45]
 [48]
 [32]
 [54]
 [48]
 [55]
 [48]
 [46]
 [51]
 [51]
 [51]
 [56]
 [54]
 [54]
 [45]
 [49]] 
------------------------ Dataset: dxn ------------------------
shape: (27, 1), dtype: uint16
Data:[[53]
 [54]
 [51]
 [49]
 [46]
 [50]
 [49]
 [51]
 [53]
 [57]
 [49]
 [45]
 [48]
 [32]
 [53]
 [54]
 [51]
 [49]
 [46]
 [50]
 [49]
 [55]
 [54]
 [50]
 [49]
 [45]
 [49]] 
------------------------ Dataset: dxo ------------------------
shape: (34, 1), dtype: uint16
Data:[[53]
 [54]
 [52]
 [54]
 [46]
 [56]
 [56]
 [57]
 [53]
 [57]
 [57]
 [57]
 [57]
 [57]
 [57]
 [57]
 [57]
 [53]
 [45]
 [48]
 [32]
 [53]
 [54]
 [52]
 [54]
 [46]
 [56]
 [56]
 [53]
 [55]
 [49]
 [55]
 [45]
 [49]] 
------------------------ Dataset: dxp ------------------------
shape: (33, 1), dtype: uint16
Data:[[53]
 [54]
 [54]
 [50]
 [46]
 [54]
 [50]
 [53]
 [57]
 [51]
 [55]
 [57]
 [57]
 [57]
 [57]
 [57]
 [57]
 [45]
 [48]
 [32]
 [53]
 [54]
 [54]
 [50]
 [46]
 [54]
 [50]
 [57]
 [53]
 [53]
 [57]
 [45]
 [49]] 
------------------------ Dataset: dxq ------------------------
shape: (27, 1), dtype: uint16
Data:[[53]
 [54]
 [55]
 [56]
 [46]
 [51]
 [54]
 [57]
 [54]
 [53]
 [51]
 [45]
 [48]
 [32]
 [53]
 [54]
 [55]
 [56]
 [46]
 [51]
 [54]
 [54]
 [48]
 [55]
 [50]
 [45]
 [49]] 
------------------------ Dataset: dxr ------------------------
shape: (25, 1), dtype: uint16
Data:[[53]
 [54]
 [57]
 [52]
 [46]
 [49]
 [50]
 [51]
 [50]
 [52]
 [45]
 [48]
 [32]
 [53]
 [54]
 [57]
 [52]
 [46]
 [49]
 [49]
 [54]
 [53]
 [49]
 [45]
 [49]] 
------------------------ Dataset: dxs ------------------------
shape: (26, 1), dtype: uint16
Data:[[54]
 [52]
 [49]
 [55]
 [46]
 [52]
 [50]
 [57]
 [56]
 [55]
 [45]
 [48]
 [32]
 [54]
 [52]
 [49]
 [55]
 [46]
 [52]
 [51]
 [52]
 [48]
 [52]
 [56]
 [45]
 [49]] 
------------------------ Dataset: dxt ------------------------
shape: (27, 1), dtype: uint16
Data:[[54]
 [54]
 [48]
 [57]
 [46]
 [53]
 [50]
 [50]
 [48]
 [48]
 [53]
 [45]
 [48]
 [32]
 [54]
 [54]
 [48]
 [57]
 [46]
 [53]
 [50]
 [54]
 [49]
 [55]
 [52]
 [45]
 [49]] 
------------------------ Dataset: dxu ------------------------
shape: (27, 1), dtype: uint16
Data:[[54]
 [54]
 [50]
 [53]
 [46]
 [52]
 [54]
 [54]
 [49]
 [51]
 [53]
 [45]
 [48]
 [32]
 [54]
 [54]
 [50]
 [53]
 [46]
 [52]
 [55]
 [48]
 [48]
 [56]
 [53]
 [45]
 [49]] 
------------------------ Dataset: dxv ------------------------
shape: (33, 1), dtype: uint16
Data:[[54]
 [54]
 [52]
 [49]
 [46]
 [50]
 [52]
 [54]
 [50]
 [48]
 [54]
 [57]
 [57]
 [57]
 [57]
 [57]
 [57]
 [45]
 [48]
 [32]
 [54]
 [54]
 [52]
 [49]
 [46]
 [50]
 [52]
 [54]
 [48]
 [56]
 [51]
 [45]
 [49]] 
------------------------ Dataset: dxw ------------------------
shape: (34, 1), dtype: uint16
Data:[[54]
 [54]
 [53]
 [54]
 [46]
 [57]
 [48]
 [50]
 [51]
 [54]
 [50]
 [45]
 [48]
 [32]
 [54]
 [54]
 [53]
 [54]
 [46]
 [57]
 [48]
 [54]
 [49]
 [52]
 [56]
 [57]
 [57]
 [57]
 [57]
 [57]
 [57]
 [53]
 [45]
 [49]] 
------------------------ Dataset: dxx ------------------------
shape: (33, 1), dtype: uint16
Data:[[54]
 [54]
 [55]
 [50]
 [46]
 [56]
 [48]
 [54]
 [55]
 [51]
 [50]
 [57]
 [57]
 [57]
 [57]
 [57]
 [57]
 [45]
 [48]
 [32]
 [54]
 [54]
 [55]
 [50]
 [46]
 [56]
 [48]
 [51]
 [53]
 [50]
 [51]
 [45]
 [49]] 
------------------------ Dataset: dxy ------------------------
shape: (27, 1), dtype: uint16
Data:[[54]
 [54]
 [56]
 [56]
 [46]
 [55]
 [49]
 [49]
 [48]
 [48]
 [49]
 [45]
 [48]
 [32]
 [54]
 [54]
 [56]
 [56]
 [46]
 [55]
 [49]
 [52]
 [50]
 [49]
 [50]
 [45]
 [49]] 
------------------------ Dataset: dxz ------------------------
shape: (27, 1), dtype: uint16
Data:[[53]
 [57]
 [48]
 [54]
 [46]
 [54]
 [49]
 [48]
 [55]
 [55]
 [52]
 [45]
 [48]
 [32]
 [53]
 [57]
 [48]
 [54]
 [46]
 [54]
 [49]
 [52]
 [56]
 [49]
 [53]
 [45]
 [49]] 
------------------------ Dataset: dy ------------------------

shape: (1, 6), dtype: uint32
Data:[[3707764736          2          1          1       1395          1]] 
------------------------ Dataset: exb ------------------------
shape: (13, 1), dtype: uint16
Data:[[54]
 [55]
 [55]
 [48]
 [46]
 [52]
 [49]
 [49]
 [54]
 [48]
 [57]
 [45]
 [49]] 
------------------------ Dataset: exc ------------------------
shape: (26, 1), dtype: uint16
Data:[[54]
 [50]
 [56]
 [51]
 [46]
 [49]
 [55]
 [51]
 [57]
 [49]
 [54]
 [45]
 [48]
 [32]
 [54]
 [50]
 [56]
 [51]
 [46]
 [49]
 [56]
 [50]
 [48]
 [52]
 [45]
 [49]] 
------------------------ Dataset: exd ------------------------
shape: (39, 1), dtype: uint16
Data:[[54]
 [50]
 [57]
 [56]
 [46]
 [57]
 [53]
 [57]
 [49]
 [57]
 [57]
 [57]
 [57]
 [57]
 [57]
 [57]
 [57]
 [45]
 [48]
 [32]
 [54]
 [50]
 [57]
 [56]
 [46]
 [57]
 [54]
 [51]
 [52]
 [52]
 [52]
 [57]
 [57]
 [57]
 [57]
 [57]
 [57]
 [45]
 [49]] 
------------------------ Dataset: exe ------------------------
shape: (13, 1), dtype: uint16
Data:[[54]
 [51]
 [49]
 [52]
 [46]
 [56]
 [50]
 [50]
 [55]
 [55]
 [57]
 [45]
 [49]] 
------------------------ Dataset: exf ------------------------
shape: (27, 1), dtype: uint16
Data:[[54]
 [51]
 [51]
 [48]
 [46]
 [54]
 [53]
 [53]
 [50]
 [53]
 [51]
 [45]
 [48]
 [32]
 [54]
 [51]
 [51]
 [48]
 [46]
 [54]
 [52]
 [57]
 [57]
 [48]
 [49]
 [45]
 [49]] 
------------------------ Dataset: exg ------------------------
shape: (27, 1), dtype: uint16
Data:[[54]
 [51]
 [52]
 [54]
 [46]
 [53]
 [48]
 [50]
 [55]
 [54]
 [49]
 [45]
 [48]
 [32]
 [54]
 [51]
 [52]
 [54]
 [46]
 [52]
 [57]
 [56]
 [49]
 [48]
 [50]
 [45]
 [49]] 
------------------------ Dataset: exh ------------------------
shape: (34, 1), dtype: uint16
Data:[[54]
 [53]
 [49]
 [49]
 [46]
 [53]
 [55]
 [56]
 [49]
 [56]
 [55]
 [57]
 [57]
 [57]
 [57]
 [57]
 [57]
 [53]
 [45]
 [48]
 [32]
 [54]
 [53]
 [49]
 [49]
 [46]
 [53]
 [55]
 [52]
 [48]
 [55]
 [56]
 [45]
 [49]] 
------------------------ Dataset: exi ------------------------
shape: (27, 1), dtype: uint16
Data:[[54]
 [53]
 [50]
 [55]
 [46]
 [52]
 [49]
 [48]
 [51]
 [48]
 [55]
 [45]
 [48]
 [32]
 [54]
 [53]
 [50]
 [55]
 [46]
 [52]
 [48]
 [54]
 [49]
 [49]
 [51]
 [45]
 [49]] 
------------------------ Dataset: exj ------------------------
shape: (27, 1), dtype: uint16
Data:[[54]
 [48]
 [50]
 [50]
 [46]
 [57]
 [56]
 [50]
 [48]
 [49]
 [51]
 [45]
 [48]
 [32]
 [54]
 [48]
 [50]
 [50]
 [46]
 [57]
 [56]
 [53]
 [56]
 [53]
 [52]
 [45]
 [49]] 
------------------------ Dataset: exk ------------------------
shape: (34, 1), dtype: uint16
Data:[[54]
 [48]
 [51]
 [56]
 [46]
 [55]
 [52]
 [57]
 [57]
 [54]
 [56]
 [57]
 [57]
 [57]
 [57]
 [57]
 [57]
 [53]
 [45]
 [48]
 [32]
 [54]
 [48]
 [51]
 [56]
 [46]
 [55]
 [54]
 [48]
 [54]
 [53]
 [57]
 [45]
 [49]] 
------------------------ Dataset: exl ------------------------
shape: (27, 1), dtype: uint16
Data:[[54]
 [48]
 [53]
 [52]
 [46]
 [52]
 [48]
 [49]
 [56]
 [52]
 [49]
 [45]
 [48]
 [32]
 [54]
 [48]
 [53]
 [52]
 [46]
 [51]
 [57]
 [55]
 [55]
 [57]
 [50]
 [45]
 [49]] 
------------------------ Dataset: exm ------------------------
shape: (27, 1), dtype: uint16
Data:[[54]
 [48]
 [55]
 [48]
 [46]
 [51]
 [51]
 [55]
 [56]
 [55]
 [52]
 [45]
 [48]
 [32]
 [54]
 [48]
 [55]
 [48]
 [46]
 [51]
 [52]
 [49]
 [55]
 [51]
 [56]
 [45]
 [49]] 
------------------------ Dataset: exn ------------------------
shape: (27, 1), dtype: uint16
Data:[[53]
 [54]
 [51]
 [49]
 [46]
 [50]
 [50]
 [49]
 [54]
 [55]
 [53]
 [45]
 [48]
 [32]
 [53]
 [54]
 [51]
 [49]
 [46]
 [50]
 [49]
 [55]
 [54]
 [50]
 [49]
 [45]
 [49]] 
------------------------ Dataset: exo ------------------------
shape: (34, 1), dtype: uint16
Data:[[53]
 [54]
 [52]
 [54]
 [46]
 [56]
 [56]
 [57]
 [53]
 [57]
 [57]
 [57]
 [57]
 [57]
 [57]
 [57]
 [57]
 [53]
 [45]
 [48]
 [32]
 [53]
 [54]
 [52]
 [54]
 [46]
 [56]
 [57]
 [51]
 [54]
 [53]
 [50]
 [45]
 [49]] 
------------------------ Dataset: exp ------------------------
shape: (27, 1), dtype: uint16
Data:[[53]
 [54]
 [54]
 [50]
 [46]
 [54]
 [51]
 [51]
 [53]
 [54]
 [57]
 [45]
 [48]
 [32]
 [53]
 [54]
 [54]
 [50]
 [46]
 [54]
 [50]
 [57]
 [53]
 [53]
 [57]
 [45]
 [49]] 
------------------------ Dataset: exq ------------------------
shape: (27, 1), dtype: uint16
Data:[[53]
 [54]
 [55]
 [56]
 [46]
 [51]
 [54]
 [57]
 [54]
 [53]
 [51]
 [45]
 [48]
 [32]
 [53]
 [54]
 [55]
 [56]
 [46]
 [51]
 [55]
 [51]
 [54]
 [51]
 [53]
 [45]
 [49]] 
------------------------ Dataset: exr ------------------------
shape: (26, 1), dtype: uint16
Data:[[53]
 [54]
 [57]
 [52]
 [46]
 [49]
 [50]
 [51]
 [50]
 [52]
 [45]
 [48]
 [32]
 [53]
 [54]
 [57]
 [52]
 [46]
 [49]
 [50]
 [53]
 [56]
 [53]
 [51]
 [45]
 [49]] 
------------------------ Dataset: exs ------------------------
shape: (33, 1), dtype: uint16
Data:[[54]
 [52]
 [49]
 [55]
 [46]
 [52]
 [52]
 [49]
 [54]
 [57]
 [49]
 [57]
 [57]
 [57]
 [57]
 [57]
 [57]
 [45]
 [48]
 [32]
 [54]
 [52]
 [49]
 [55]
 [46]
 [52]
 [51]
 [52]
 [48]
 [52]
 [56]
 [45]
 [49]] 
------------------------ Dataset: ext ------------------------
shape: (27, 1), dtype: uint16
Data:[[54]
 [54]
 [48]
 [57]
 [46]
 [53]
 [51]
 [48]
 [50]
 [52]
 [50]
 [45]
 [48]
 [32]
 [54]
 [54]
 [48]
 [57]
 [46]
 [53]
 [50]
 [54]
 [49]
 [55]
 [52]
 [45]
 [49]] 
------------------------ Dataset: exu ------------------------
shape: (33, 1), dtype: uint16
Data:[[54]
 [54]
 [50]
 [53]
 [46]
 [52]
 [55]
 [52]
 [49]
 [54]
 [51]
 [57]
 [57]
 [57]
 [57]
 [57]
 [57]
 [45]
 [48]
 [32]
 [54]
 [54]
 [50]
 [53]
 [46]
 [52]
 [55]
 [48]
 [48]
 [56]
 [53]
 [45]
 [49]] 
------------------------ Dataset: exv ------------------------
shape: (32, 1), dtype: uint16
Data:[[54]
 [54]
 [52]
 [49]
 [46]
 [50]
 [52]
 [54]
 [50]
 [48]
 [54]
 [57]
 [57]
 [57]
 [57]
 [57]
 [57]
 [45]
 [48]
 [32]
 [54]
 [54]
 [52]
 [49]
 [46]
 [50]
 [53]
 [52]
 [48]
 [52]
 [45]
 [49]] 
------------------------ Dataset: exw ------------------------
shape: (34, 1), dtype: uint16
Data:[[54]
 [54]
 [53]
 [54]
 [46]
 [57]
 [49]
 [48]
 [48]
 [57]
 [52]
 [45]
 [48]
 [32]
 [54]
 [54]
 [53]
 [54]
 [46]
 [57]
 [48]
 [54]
 [49]
 [52]
 [56]
 [57]
 [57]
 [57]
 [57]
 [57]
 [57]
 [53]
 [45]
 [49]] 
------------------------ Dataset: exx ------------------------
shape: (39, 1), dtype: uint16
Data:[[54]
 [54]
 [55]
 [50]
 [46]
 [56]
 [48]
 [54]
 [55]
 [51]
 [50]
 [57]
 [57]
 [57]
 [57]
 [57]
 [57]
 [45]
 [48]
 [32]
 [54]
 [54]
 [55]
 [50]
 [46]
 [56]
 [49]
 [48]
 [57]
 [51]
 [49]
 [57]
 [57]
 [57]
 [57]
 [57]
 [57]
 [45]
 [49]] 
------------------------ Dataset: exy ------------------------
shape: (27, 1), dtype: uint16
Data:[[54]
 [54]
 [56]
 [56]
 [46]
 [55]
 [49]
 [56]
 [49]
 [49]
 [50]
 [45]
 [48]
 [32]
 [54]
 [54]
 [56]
 [56]
 [46]
 [55]
 [49]
 [52]
 [50]
 [49]
 [50]
 [45]
 [49]] 
------------------------ Dataset: exz ------------------------
shape: (34, 1), dtype: uint16
Data:[[53]
 [57]
 [48]
 [54]
 [46]
 [54]
 [49]
 [56]
 [50]
 [51]
 [48]
 [57]
 [57]
 [57]
 [57]
 [57]
 [57]
 [53]
 [45]
 [48]
 [32]
 [53]
 [57]
 [48]
 [54]
 [46]
 [54]
 [49]
 [52]
 [56]
 [49]
 [53]
 [45]
 [49]] 
------------------------ Dataset: ey ------------------------

shape: (1, 6), dtype: uint32
Data:[[3707764736          2          1          1       1396          1]] 
------------------------ Dataset: fxb ------------------------
shape: (13, 1), dtype: uint16
Data:[[54]
 [55]
 [55]
 [48]
 [46]
 [52]
 [49]
 [49]
 [56]
 [52]
 [57]
 [45]
 [48]] 
------------------------ Dataset: fxc ------------------------
shape: (25, 1), dtype: uint16
Data:[[54]
 [50]
 [56]
 [51]
 [46]
 [49]
 [56]
 [50]
 [48]
 [52]
 [45]
 [48]
 [32]
 [54]
 [50]
 [56]
 [51]
 [46]
 [49]
 [56]
 [50]
 [48]
 [52]
 [45]
 [49]] 
------------------------ Dataset: fxd ------------------------
shape: (33, 1), dtype: uint16
Data:[[54]
 [50]
 [57]
 [56]
 [46]
 [57]
 [54]
 [57]
 [49]
 [53]
 [53]
 [45]
 [48]
 [32]
 [54]
 [50]
 [57]
 [56]
 [46]
 [57]
 [54]
 [51]
 [52]
 [52]
 [52]
 [57]
 [57]
 [57]
 [57]
 [57]
 [57]
 [45]
 [49]] 
------------------------ Dataset: fxe ------------------------
shape: (27, 1), dtype: uint16
Data:[[54]
 [51]
 [49]
 [52]
 [46]
 [56]
 [52]
 [48]
 [51]
 [50]
 [54]
 [45]
 [48]
 [32]
 [54]
 [51]
 [49]
 [52]
 [46]
 [56]
 [52]
 [49]
 [48]
 [55]
 [57]
 [45]
 [49]] 
------------------------ Dataset: fxf ------------------------
shape: (33, 1), dtype: uint16
Data:[[54]
 [51]
 [51]
 [48]
 [46]
 [54]
 [53]
 [53]
 [50]
 [53]
 [51]
 [45]
 [48]
 [32]
 [54]
 [51]
 [51]
 [48]
 [46]
 [54]
 [53]
 [57]
 [55]
 [57]
 [54]
 [57]
 [57]
 [57]
 [57]
 [57]
 [57]
 [45]
 [49]] 
------------------------ Dataset: fxg ------------------------
shape: (27, 1), dtype: uint16
Data:[[54]
 [51]
 [52]
 [54]
 [46]
 [53]
 [48]
 [50]
 [55]
 [54]
 [49]
 [45]
 [48]
 [32]
 [54]
 [51]
 [52]
 [54]
 [46]
 [53]
 [48]
 [55]
 [50]
 [51]
 [53]
 [45]
 [49]] 
------------------------ Dataset: fxh ------------------------
shape: (32, 1), dtype: uint16
Data:[[54]
 [53]
 [49]
 [49]
 [46]
 [53]
 [55]
 [56]
 [49]
 [56]
 [55]
 [57]
 [57]
 [57]
 [57]
 [57]
 [57]
 [53]
 [45]
 [48]
 [32]
 [54]
 [53]
 [49]
 [49]
 [46]
 [53]
 [56]
 [50]
 [49]
 [45]
 [49]] 
------------------------ Dataset: fxi ------------------------
shape: (33, 1), dtype: uint16
Data:[[54]
 [53]
 [50]
 [55]
 [46]
 [52]
 [49]
 [48]
 [51]
 [48]
 [55]
 [45]
 [48]
 [32]
 [54]
 [53]
 [50]
 [55]
 [46]
 [52]
 [49]
 [52]
 [48]
 [52]
 [54]
 [57]
 [57]
 [57]
 [57]
 [57]
 [57]
 [45]
 [49]] 
------------------------ Dataset: fxj ------------------------
shape: (27, 1), dtype: uint16
Data:[[54]
 [48]
 [50]
 [50]
 [46]
 [57]
 [56]
 [57]
 [55]
 [50]
 [54]
 [45]
 [48]
 [32]
 [54]
 [48]
 [50]
 [50]
 [46]
 [57]
 [56]
 [53]
 [56]
 [53]
 [52]
 [45]
 [49]] 
------------------------ Dataset: fxk ------------------------
shape: (27, 1), dtype: uint16
Data:[[54]
 [48]
 [51]
 [56]
 [46]
 [55]
 [54]
 [48]
 [55]
 [55]
 [56]
 [45]
 [48]
 [32]
 [54]
 [48]
 [51]
 [56]
 [46]
 [55]
 [54]
 [48]
 [54]
 [53]
 [57]
 [45]
 [49]] 
------------------------ Dataset: fxl ------------------------
shape: (27, 1), dtype: uint16
Data:[[54]
 [48]
 [53]
 [52]
 [46]
 [52]
 [48]
 [49]
 [56]
 [52]
 [49]
 [45]
 [48]
 [32]
 [54]
 [48]
 [53]
 [52]
 [46]
 [52]
 [48]
 [53]
 [55]
 [55]
 [54]
 [45]
 [49]] 
------------------------ Dataset: fxm ------------------------
shape: (27, 1), dtype: uint16
Data:[[54]
 [48]
 [55]
 [48]
 [46]
 [51]
 [52]
 [54]
 [55]
 [48]
 [50]
 [45]
 [48]
 [32]
 [54]
 [48]
 [55]
 [48]
 [46]
 [51]
 [52]
 [49]
 [55]
 [51]
 [56]
 [45]
 [49]] 
------------------------ Dataset: fxn ------------------------
shape: (27, 1), dtype: uint16
Data:[[53]
 [54]
 [51]
 [49]
 [46]
 [50]
 [50]
 [49]
 [54]
 [55]
 [53]
 [45]
 [48]
 [32]
 [53]
 [54]
 [51]
 [49]
 [46]
 [50]
 [50]
 [53]
 [55]
 [53]
 [57]
 [45]
 [49]] 
------------------------ Dataset: fxo ------------------------
shape: (27, 1), dtype: uint16
Data:[[53]
 [54]
 [52]
 [54]
 [46]
 [56]
 [57]
 [55]
 [53]
 [53]
 [57]
 [45]
 [48]
 [32]
 [53]
 [54]
 [52]
 [54]
 [46]
 [56]
 [57]
 [51]
 [54]
 [53]
 [50]
 [45]
 [49]] 
------------------------ Dataset: fxp ------------------------
shape: (34, 1), dtype: uint16
Data:[[53]
 [54]
 [54]
 [50]
 [46]
 [54]
 [51]
 [51]
 [53]
 [54]
 [57]
 [45]
 [48]
 [32]
 [53]
 [54]
 [54]
 [50]
 [46]
 [54]
 [51]
 [55]
 [53]
 [52]
 [57]
 [57]
 [57]
 [57]
 [57]
 [57]
 [57]
 [53]
 [45]
 [49]] 
------------------------ Dataset: fxq ------------------------
shape: (26, 1), dtype: uint16
Data:[[53]
 [54]
 [55]
 [56]
 [46]
 [51]
 [55]
 [55]
 [53]
 [54]
 [45]
 [48]
 [32]
 [53]
 [54]
 [55]
 [56]
 [46]
 [51]
 [55]
 [51]
 [54]
 [51]
 [53]
 [45]
 [49]] 
------------------------ Dataset: fxr ------------------------
shape: (27, 1), dtype: uint16
Data:[[53]
 [54]
 [57]
 [52]
 [46]
 [49]
 [50]
 [57]
 [56]
 [55]
 [56]
 [45]
 [48]
 [32]
 [53]
 [54]
 [57]
 [52]
 [46]
 [49]
 [50]
 [53]
 [56]
 [53]
 [51]
 [45]
 [49]] 
------------------------ Dataset: fxs ------------------------
shape: (39, 1), dtype: uint16
Data:[[54]
 [52]
 [49]
 [55]
 [46]
 [52]
 [52]
 [49]
 [54]
 [57]
 [49]
 [57]
 [57]
 [57]
 [57]
 [57]
 [57]
 [45]
 [48]
 [32]
 [54]
 [52]
 [49]
 [55]
 [46]
 [52]
 [52]
 [49]
 [57]
 [53]
 [55]
 [57]
 [57]
 [57]
 [57]
 [57]
 [57]
 [45]
 [49]] 
------------------------ Dataset: fxt ------------------------
shape: (33, 1), dtype: uint16
Data:[[54]
 [54]
 [48]
 [57]
 [46]
 [53]
 [51]
 [48]
 [50]
 [52]
 [50]
 [45]
 [48]
 [32]
 [54]
 [54]
 [48]
 [57]
 [46]
 [53]
 [51]
 [52]
 [48]
 [56]
 [52]
 [57]
 [57]
 [57]
 [57]
 [57]
 [57]
 [45]
 [49]] 
------------------------ Dataset: fxu ------------------------
shape: (39, 1), dtype: uint16
Data:[[54]
 [54]
 [50]
 [53]
 [46]
 [52]
 [55]
 [52]
 [49]
 [54]
 [51]
 [57]
 [57]
 [57]
 [57]
 [57]
 [57]
 [45]
 [48]
 [32]
 [54]
 [54]
 [50]
 [53]
 [46]
 [52]
 [55]
 [56]
 [49]
 [50]
 [54]
 [57]
 [57]
 [57]
 [57]
 [57]
 [57]
 [45]
 [49]] 
------------------------ Dataset: fxv ------------------------
shape: (25, 1), dtype: uint16
Data:[[54]
 [54]
 [52]
 [49]
 [46]
 [50]
 [53]
 [52]
 [48]
 [52]
 [45]
 [48]
 [32]
 [54]
 [54]
 [52]
 [49]
 [46]
 [50]
 [53]
 [52]
 [48]
 [52]
 [45]
 [49]] 
------------------------ Dataset: fxw ------------------------
shape: (27, 1), dtype: uint16
Data:[[54]
 [54]
 [53]
 [54]
 [46]
 [57]
 [49]
 [48]
 [48]
 [57]
 [52]
 [45]
 [48]
 [32]
 [54]
 [54]
 [53]
 [54]
 [46]
 [57]
 [49]
 [52]
 [48]
 [56]
 [54]
 [45]
 [49]] 
------------------------ Dataset: fxx ------------------------
shape: (33, 1), dtype: uint16
Data:[[54]
 [54]
 [55]
 [50]
 [46]
 [56]
 [50]
 [52]
 [49]
 [53]
 [57]
 [45]
 [48]
 [32]
 [54]
 [54]
 [55]
 [50]
 [46]
 [56]
 [49]
 [48]
 [57]
 [51]
 [49]
 [57]
 [57]
 [57]
 [57]
 [57]
 [57]
 [45]
 [49]] 
------------------------ Dataset: fxy ------------------------
shape: (27, 1), dtype: uint16
Data:[[54]
 [54]
 [56]
 [56]
 [46]
 [55]
 [49]
 [56]
 [49]
 [49]
 [50]
 [45]
 [48]
 [32]
 [54]
 [54]
 [56]
 [56]
 [46]
 [55]
 [50]
 [50]
 [49]
 [48]
 [53]
 [45]
 [49]] 
------------------------ Dataset: fxz ------------------------
shape: (34, 1), dtype: uint16
Data:[[53]
 [57]
 [48]
 [54]
 [46]
 [54]
 [49]
 [56]
 [50]
 [51]
 [48]
 [57]
 [57]
 [57]
 [57]
 [57]
 [57]
 [53]
 [45]
 [48]
 [32]
 [53]
 [57]
 [48]
 [54]
 [46]
 [54]
 [50]
 [52]
 [50]
 [48]
 [53]
 [45]
 [49]] 
------------------------ Dataset: fy ------------------------

shape: (1, 6), dtype: uint32
Data:[[3707764736          2          1          1       1397          1]] 
------------------------ Dataset: gxb ------------------------
shape: (19, 1), dtype: uint16
Data:[[54]
 [55]
 [55]
 [48]
 [46]
 [52]
 [49]
 [55]
 [54]
 [55]
 [48]
 [57]
 [57]
 [57]
 [57]
 [57]
 [57]
 [45]
 [49]] 
------------------------ Dataset: gxc ------------------------
shape: (26, 1), dtype: uint16
Data:[[54]
 [50]
 [56]
 [51]
 [46]
 [49]
 [56]
 [50]
 [48]
 [52]
 [45]
 [48]
 [32]
 [54]
 [50]
 [56]
 [51]
 [46]
 [49]
 [56]
 [57]
 [57]
 [53]
 [55]
 [45]
 [49]] 
------------------------ Dataset: gxd ------------------------
shape: (27, 1), dtype: uint16
Data:[[54]
 [50]
 [57]
 [56]
 [46]
 [57]
 [54]
 [57]
 [49]
 [53]
 [53]
 [45]
 [48]
 [32]
 [54]
 [50]
 [57]
 [56]
 [46]
 [57]
 [55]
 [52]
 [57]
 [52]
 [55]
 [45]
 [49]] 
------------------------ Dataset: gxe ------------------------
shape: (27, 1), dtype: uint16
Data:[[54]
 [51]
 [49]
 [52]
 [46]
 [56]
 [52]
 [53]
 [52]
 [50]
 [54]
 [45]
 [48]
 [32]
 [54]
 [51]
 [49]
 [52]
 [46]
 [56]
 [52]
 [49]
 [48]
 [55]
 [57]
 [45]
 [49]] 
------------------------ Dataset: gxf ------------------------
shape: (33, 1), dtype: uint16
Data:[[54]
 [51]
 [51]
 [48]
 [46]
 [54]
 [55]
 [48]
 [49]
 [54]
 [57]
 [45]
 [48]
 [32]
 [54]
 [51]
 [51]
 [48]
 [46]
 [54]
 [53]
 [57]
 [55]
 [57]
 [54]
 [57]
 [57]
 [57]
 [57]
 [57]
 [57]
 [45]
 [49]] 
------------------------ Dataset: gxg ------------------------
shape: (33, 1), dtype: uint16
Data:[[54]
 [51]
 [52]
 [54]
 [46]
 [53]
 [48]
 [57]
 [56]
 [54]
 [50]
 [57]
 [57]
 [57]
 [57]
 [57]
 [57]
 [45]
 [48]
 [32]
 [54]
 [51]
 [52]
 [54]
 [46]
 [53]
 [48]
 [55]
 [50]
 [51]
 [53]
 [45]
 [49]] 
------------------------ Dataset: gxh ------------------------
shape: (25, 1), dtype: uint16
Data:[[54]
 [53]
 [49]
 [49]
 [46]
 [53]
 [56]
 [53]
 [57]
 [54]
 [50]
 [45]
 [48]
 [32]
 [54]
 [53]
 [49]
 [49]
 [46]
 [53]
 [56]
 [50]
 [49]
 [45]
 [49]] 
------------------------ Dataset: gxi ------------------------
shape: (33, 1), dtype: uint16
Data:[[54]
 [53]
 [50]
 [55]
 [46]
 [52]
 [49]
 [56]
 [48]
 [49]
 [57]
 [45]
 [48]
 [32]
 [54]
 [53]
 [50]
 [55]
 [46]
 [52]
 [49]
 [52]
 [48]
 [52]
 [54]
 [57]
 [57]
 [57]
 [57]
 [57]
 [57]
 [45]
 [49]] 
------------------------ Dataset: gxj ------------------------
shape: (27, 1), dtype: uint16
Data:[[54]
 [48]
 [50]
 [50]
 [46]
 [57]
 [56]
 [57]
 [55]
 [50]
 [54]
 [45]
 [48]
 [32]
 [54]
 [48]
 [50]
 [50]
 [46]
 [57]
 [57]
 [51]
 [55]
 [57]
 [52]
 [45]
 [49]] 
------------------------ Dataset: gxk ------------------------
shape: (27, 1), dtype: uint16
Data:[[54]
 [48]
 [51]
 [56]
 [46]
 [55]
 [54]
 [48]
 [55]
 [55]
 [56]
 [45]
 [48]
 [32]
 [54]
 [48]
 [51]
 [56]
 [46]
 [55]
 [54]
 [51]
 [54]
 [50]
 [57]
 [45]
 [49]] 
------------------------ Dataset: gxl ------------------------
shape: (33, 1), dtype: uint16
Data:[[54]
 [48]
 [53]
 [52]
 [46]
 [52]
 [48]
 [57]
 [57]
 [49]
 [52]
 [57]
 [57]
 [57]
 [57]
 [57]
 [57]
 [45]
 [48]
 [32]
 [54]
 [48]
 [53]
 [52]
 [46]
 [52]
 [48]
 [53]
 [55]
 [55]
 [54]
 [45]
 [49]] 
------------------------ Dataset: gxm ------------------------
shape: (26, 1), dtype: uint16
Data:[[54]
 [48]
 [55]
 [48]
 [46]
 [51]
 [52]
 [54]
 [55]
 [48]
 [50]
 [45]
 [48]
 [32]
 [54]
 [48]
 [55]
 [48]
 [46]
 [51]
 [52]
 [57]
 [55]
 [54]
 [45]
 [49]] 
------------------------ Dataset: gxn ------------------------
shape: (27, 1), dtype: uint16
Data:[[53]
 [54]
 [51]
 [49]
 [46]
 [50]
 [50]
 [57]
 [53]
 [53]
 [53]
 [45]
 [48]
 [32]
 [53]
 [54]
 [51]
 [49]
 [46]
 [50]
 [50]
 [53]
 [55]
 [53]
 [57]
 [45]
 [49]] 
------------------------ Dataset: gxo ------------------------
shape: (34, 1), dtype: uint16
Data:[[53]
 [54]
 [52]
 [54]
 [46]
 [56]
 [57]
 [55]
 [53]
 [53]
 [57]
 [45]
 [48]
 [32]
 [53]
 [54]
 [52]
 [54]
 [46]
 [57]
 [48]
 [49]
 [53]
 [56]
 [57]
 [57]
 [57]
 [57]
 [57]
 [57]
 [57]
 [53]
 [45]
 [49]] 
------------------------ Dataset: gxp ------------------------
shape: (40, 1), dtype: uint16
Data:[[53]
 [54]
 [54]
 [50]
 [46]
 [54]
 [52]
 [49]
 [53]
 [53]
 [55]
 [57]
 [57]
 [57]
 [57]
 [57]
 [57]
 [45]
 [48]
 [32]
 [53]
 [54]
 [54]
 [50]
 [46]
 [54]
 [51]
 [55]
 [53]
 [52]
 [57]
 [57]
 [57]
 [57]
 [57]
 [57]
 [57]
 [53]
 [45]
 [49]] 
------------------------ Dataset: gxq ------------------------
shape: (32, 1), dtype: uint16
Data:[[53]
 [54]
 [55]
 [56]
 [46]
 [51]
 [55]
 [55]
 [53]
 [54]
 [45]
 [48]
 [32]
 [53]
 [54]
 [55]
 [56]
 [46]
 [51]
 [56]
 [49]
 [53]
 [55]
 [49]
 [57]
 [57]
 [57]
 [57]
 [57]
 [57]
 [45]
 [49]] 
------------------------ Dataset: gxr ------------------------
shape: (27, 1), dtype: uint16
Data:[[53]
 [54]
 [57]
 [52]
 [46]
 [49]
 [50]
 [57]
 [56]
 [55]
 [56]
 [45]
 [48]
 [32]
 [53]
 [54]
 [57]
 [52]
 [46]
 [49]
 [51]
 [50]
 [49]
 [52]
 [53]
 [45]
 [49]] 
------------------------ Dataset: gxs ------------------------
shape: (33, 1), dtype: uint16
Data:[[54]
 [52]
 [49]
 [55]
 [46]
 [52]
 [52]
 [53]
 [57]
 [56]
 [51]
 [45]
 [48]
 [32]
 [54]
 [52]
 [49]
 [55]
 [46]
 [52]
 [52]
 [49]
 [57]
 [53]
 [55]
 [57]
 [57]
 [57]
 [57]
 [57]
 [57]
 [45]
 [49]] 
------------------------ Dataset: gxt ------------------------
shape: (33, 1), dtype: uint16
Data:[[54]
 [54]
 [48]
 [57]
 [46]
 [53]
 [51]
 [56]
 [48]
 [53]
 [53]
 [45]
 [48]
 [32]
 [54]
 [54]
 [48]
 [57]
 [46]
 [53]
 [51]
 [52]
 [48]
 [56]
 [52]
 [57]
 [57]
 [57]
 [57]
 [57]
 [57]
 [45]
 [49]] 
------------------------ Dataset: gxu ------------------------
shape: (40, 1), dtype: uint16
Data:[[54]
 [54]
 [50]
 [53]
 [46]
 [52]
 [56]
 [50]
 [51]
 [55]
 [57]
 [57]
 [57]
 [57]
 [57]
 [57]
 [57]
 [53]
 [45]
 [48]
 [32]
 [54]
 [54]
 [50]
 [53]
 [46]
 [52]
 [55]
 [56]
 [49]
 [50]
 [54]
 [57]
 [57]
 [57]
 [57]
 [57]
 [57]
 [45]
 [49]] 
------------------------ Dataset: gxv ------------------------
shape: (26, 1), dtype: uint16
Data:[[54]
 [54]
 [52]
 [49]
 [46]
 [50]
 [53]
 [52]
 [48]
 [52]
 [45]
 [48]
 [32]
 [54]
 [54]
 [52]
 [49]
 [46]
 [50]
 [54]
 [50]
 [49]
 [49]
 [52]
 [45]
 [49]] 
------------------------ Dataset: gxw ------------------------
shape: (27, 1), dtype: uint16
Data:[[54]
 [54]
 [53]
 [54]
 [46]
 [57]
 [49]
 [56]
 [49]
 [52]
 [54]
 [45]
 [48]
 [32]
 [54]
 [54]
 [53]
 [54]
 [46]
 [57]
 [49]
 [52]
 [48]
 [56]
 [54]
 [45]
 [49]] 
------------------------ Dataset: gxx ------------------------
shape: (27, 1), dtype: uint16
Data:[[54]
 [54]
 [55]
 [50]
 [46]
 [56]
 [50]
 [52]
 [49]
 [53]
 [57]
 [45]
 [48]
 [32]
 [54]
 [54]
 [55]
 [50]
 [46]
 [56]
 [50]
 [55]
 [49]
 [52]
 [52]
 [45]
 [49]] 
------------------------ Dataset: gxy ------------------------
shape: (26, 1), dtype: uint16
Data:[[54]
 [54]
 [56]
 [56]
 [46]
 [55]
 [50]
 [54]
 [49]
 [49]
 [45]
 [48]
 [32]
 [54]
 [54]
 [56]
 [56]
 [46]
 [55]
 [50]
 [50]
 [49]
 [48]
 [53]
 [45]
 [49]] 
------------------------ Dataset: gxz ------------------------
shape: (27, 1), dtype: uint16
Data:[[53]
 [57]
 [48]
 [54]
 [46]
 [54]
 [50]
 [54]
 [49]
 [48]
 [57]
 [45]
 [48]
 [32]
 [53]
 [57]
 [48]
 [54]
 [46]
 [54]
 [50]
 [52]
 [50]
 [48]
 [53]
 [45]
 [49]] 
------------------------ Dataset: gy ------------------------

shape: (1, 6), dtype: uint32
Data:[[3707764736          2          1          1       1398          1]] 
------------------------ Dataset: hxb ------------------------
shape: (13, 1), dtype: uint16
Data:[[54]
 [55]
 [55]
 [48]
 [46]
 [52]
 [49]
 [56]
 [49]
 [55]
 [51]
 [45]
 [48]] 
------------------------ Dataset: hxc ------------------------
shape: (27, 1), dtype: uint16
Data:[[54]
 [50]
 [56]
 [51]
 [46]
 [49]
 [56]
 [57]
 [57]
 [53]
 [55]
 [45]
 [48]
 [32]
 [54]
 [50]
 [56]
 [51]
 [46]
 [49]
 [56]
 [57]
 [57]
 [53]
 [55]
 [45]
 [49]] 
------------------------ Dataset: hxd ------------------------
shape: (27, 1), dtype: uint16
Data:[[54]
 [50]
 [57]
 [56]
 [46]
 [57]
 [55]
 [55]
 [57]
 [54]
 [50]
 [45]
 [48]
 [32]
 [54]
 [50]
 [57]
 [56]
 [46]
 [57]
 [55]
 [52]
 [57]
 [52]
 [55]
 [45]
 [49]] 
------------------------ Dataset: hxe ------------------------
shape: (33, 1), dtype: uint16
Data:[[54]
 [51]
 [49]
 [52]
 [46]
 [56]
 [52]
 [53]
 [52]
 [50]
 [54]
 [45]
 [48]
 [32]
 [54]
 [51]
 [49]
 [52]
 [46]
 [56]
 [52]
 [54]
 [49]
 [57]
 [50]
 [57]
 [57]
 [57]
 [57]
 [57]
 [57]
 [45]
 [49]] 
------------------------ Dataset: hxf ------------------------
shape: (27, 1), dtype: uint16
Data:[[54]
 [51]
 [51]
 [48]
 [46]
 [54]
 [55]
 [48]
 [49]
 [54]
 [57]
 [45]
 [48]
 [32]
 [54]
 [51]
 [51]
 [48]
 [46]
 [54]
 [55]
 [48]
 [50]
 [55]
 [57]
 [45]
 [49]] 
------------------------ Dataset: hxg ------------------------
shape: (33, 1), dtype: uint16
Data:[[54]
 [51]
 [52]
 [54]
 [46]
 [53]
 [48]
 [57]
 [56]
 [54]
 [50]
 [57]
 [57]
 [57]
 [57]
 [57]
 [57]
 [45]
 [48]
 [32]
 [54]
 [51]
 [52]
 [54]
 [46]
 [53]
 [49]
 [51]
 [48]
 [56]
 [49]
 [45]
 [49]] 
------------------------ Dataset: hxh ------------------------
shape: (34, 1), dtype: uint16
Data:[[54]
 [53]
 [49]
 [49]
 [46]
 [53]
 [56]
 [53]
 [57]
 [54]
 [50]
 [45]
 [48]
 [32]
 [54]
 [53]
 [49]
 [49]
 [46]
 [53]
 [56]
 [57]
 [57]
 [52]
 [54]
 [57]
 [57]
 [57]
 [57]
 [57]
 [57]
 [53]
 [45]
 [49]] 
------------------------ Dataset: hxi ------------------------
shape: (27, 1), dtype: uint16
Data:[[54]
 [53]
 [50]
 [55]
 [46]
 [52]
 [49]
 [56]
 [48]
 [49]
 [57]
 [45]
 [48]
 [32]
 [54]
 [53]
 [50]
 [55]
 [46]
 [52]
 [50]
 [50]
 [49]
 [49]
 [51]
 [45]
 [49]] 
------------------------ Dataset: hxj ------------------------
shape: (27, 1), dtype: uint16
Data:[[54]
 [48]
 [50]
 [50]
 [46]
 [57]
 [57]
 [55]
 [54]
 [56]
 [55]
 [45]
 [48]
 [32]
 [54]
 [48]
 [50]
 [50]
 [46]
 [57]
 [57]
 [51]
 [55]
 [57]
 [52]
 [45]
 [49]] 
------------------------ Dataset: hxk ------------------------
shape: (27, 1), dtype: uint16
Data:[[54]
 [48]
 [51]
 [56]
 [46]
 [55]
 [54]
 [53]
 [57]
 [55]
 [51]
 [45]
 [48]
 [32]
 [54]
 [48]
 [51]
 [56]
 [46]
 [55]
 [54]
 [51]
 [54]
 [50]
 [57]
 [45]
 [49]] 
------------------------ Dataset: hxl ------------------------
shape: (33, 1), dtype: uint16
Data:[[54]
 [48]
 [53]
 [52]
 [46]
 [52]
 [48]
 [57]
 [57]
 [49]
 [52]
 [57]
 [57]
 [57]
 [57]
 [57]
 [57]
 [45]
 [48]
 [32]
 [54]
 [48]
 [53]
 [52]
 [46]
 [52]
 [49]
 [51]
 [56]
 [54]
 [51]
 [45]
 [49]] 
------------------------ Dataset: hxm ------------------------
shape: (33, 1), dtype: uint16
Data:[[54]
 [48]
 [55]
 [48]
 [46]
 [51]
 [53]
 [51]
 [55]
 [55]
 [49]
 [57]
 [57]
 [57]
 [57]
 [57]
 [57]
 [53]
 [45]
 [48]
 [32]
 [54]
 [48]
 [55]
 [48]
 [46]
 [51]
 [52]
 [57]
 [55]
 [54]
 [45]
 [49]] 
------------------------ Dataset: hxn ------------------------
shape: (34, 1), dtype: uint16
Data:[[53]
 [54]
 [51]
 [49]
 [46]
 [50]
 [50]
 [57]
 [53]
 [53]
 [53]
 [45]
 [48]
 [32]
 [53]
 [54]
 [51]
 [49]
 [46]
 [50]
 [51]
 [51]
 [54]
 [55]
 [52]
 [57]
 [57]
 [57]
 [57]
 [57]
 [57]
 [53]
 [45]
 [49]] 
------------------------ Dataset: hxo ------------------------
shape: (34, 1), dtype: uint16
Data:[[53]
 [54]
 [52]
 [54]
 [46]
 [57]
 [48]
 [53]
 [54]
 [48]
 [53]
 [45]
 [48]
 [32]
 [53]
 [54]
 [52]
 [54]
 [46]
 [57]
 [48]
 [49]
 [53]
 [56]
 [57]
 [57]
 [57]
 [57]
 [57]
 [57]
 [57]
 [53]
 [45]
 [49]] 
------------------------ Dataset: hxp ------------------------
shape: (32, 1), dtype: uint16
Data:[[53]
 [54]
 [54]
 [50]
 [46]
 [54]
 [52]
 [49]
 [53]
 [53]
 [55]
 [57]
 [57]
 [57]
 [57]
 [57]
 [57]
 [45]
 [48]
 [32]
 [53]
 [54]
 [54]
 [50]
 [46]
 [54]
 [52]
 [53]
 [53]
 [50]
 [45]
 [49]] 
------------------------ Dataset: hxq ------------------------
shape: (40, 1), dtype: uint16
Data:[[53]
 [54]
 [55]
 [56]
 [46]
 [51]
 [56]
 [53]
 [53]
 [50]
 [54]
 [57]
 [57]
 [57]
 [57]
 [57]
 [57]
 [53]
 [45]
 [48]
 [32]
 [53]
 [54]
 [55]
 [56]
 [46]
 [51]
 [56]
 [49]
 [53]
 [55]
 [49]
 [57]
 [57]
 [57]
 [57]
 [57]
 [57]
 [45]
 [49]] 
------------------------ Dataset: hxr ------------------------
shape: (27, 1), dtype: uint16
Data:[[53]
 [54]
 [57]
 [52]
 [46]
 [49]
 [51]
 [52]
 [57]
 [49]
 [56]
 [45]
 [48]
 [32]
 [53]
 [54]
 [57]
 [52]
 [46]
 [49]
 [51]
 [50]
 [49]
 [52]
 [53]
 [45]
 [49]] 
------------------------ Dataset: hxs ------------------------
shape: (27, 1), dtype: uint16
Data:[[54]
 [52]
 [49]
 [55]
 [46]
 [52]
 [52]
 [53]
 [57]
 [56]
 [51]
 [45]
 [48]
 [32]
 [54]
 [52]
 [49]
 [55]
 [46]
 [52]
 [52]
 [57]
 [57]
 [57]
 [53]
 [45]
 [49]] 
------------------------ Dataset: hxt ------------------------
shape: (27, 1), dtype: uint16
Data:[[54]
 [54]
 [48]
 [57]
 [46]
 [53]
 [51]
 [56]
 [48]
 [53]
 [53]
 [45]
 [48]
 [32]
 [54]
 [54]
 [48]
 [57]
 [46]
 [53]
 [52]
 [56]
 [48]
 [54]
 [56]
 [45]
 [49]] 
------------------------ Dataset: hxu ------------------------
shape: (40, 1), dtype: uint16
Data:[[54]
 [54]
 [50]
 [53]
 [46]
 [52]
 [56]
 [50]
 [51]
 [55]
 [57]
 [57]
 [57]
 [57]
 [57]
 [57]
 [57]
 [53]
 [45]
 [48]
 [32]
 [54]
 [54]
 [50]
 [53]
 [46]
 [52]
 [56]
 [54]
 [48]
 [56]
 [57]
 [57]
 [57]
 [57]
 [57]
 [57]
 [57]
 [45]
 [49]] 
------------------------ Dataset: hxv ------------------------
shape: (27, 1), dtype: uint16
Data:[[54]
 [54]
 [52]
 [49]
 [46]
 [50]
 [54]
 [50]
 [50]
 [49]
 [56]
 [45]
 [48]
 [32]
 [54]
 [54]
 [52]
 [49]
 [46]
 [50]
 [54]
 [50]
 [49]
 [49]
 [52]
 [45]
 [49]] 
------------------------ Dataset: hxw ------------------------
shape: (27, 1), dtype: uint16
Data:[[54]
 [54]
 [53]
 [54]
 [46]
 [57]
 [49]
 [56]
 [49]
 [52]
 [54]
 [45]
 [48]
 [32]
 [54]
 [54]
 [53]
 [54]
 [46]
 [57]
 [50]
 [50]
 [49]
 [50]
 [53]
 [45]
 [49]] 
------------------------ Dataset: hxx ------------------------
shape: (27, 1), dtype: uint16
Data:[[54]
 [54]
 [55]
 [50]
 [46]
 [56]
 [50]
 [56]
 [50]
 [48]
 [56]
 [45]
 [48]
 [32]
 [54]
 [54]
 [55]
 [50]
 [46]
 [56]
 [50]
 [55]
 [49]
 [52]
 [52]
 [45]
 [49]] 
------------------------ Dataset: hxy ------------------------
shape: (26, 1), dtype: uint16
Data:[[54]
 [54]
 [56]
 [56]
 [46]
 [55]
 [50]
 [54]
 [49]
 [49]
 [45]
 [48]
 [32]
 [54]
 [54]
 [56]
 [56]
 [46]
 [55]
 [51]
 [48]
 [49]
 [48]
 [57]
 [45]
 [49]] 
------------------------ Dataset: hxz ------------------------
shape: (27, 1), dtype: uint16
Data:[[53]
 [57]
 [48]
 [54]
 [46]
 [54]
 [50]
 [54]
 [49]
 [48]
 [57]
 [45]
 [48]
 [32]
 [53]
 [57]
 [48]
 [54]
 [46]
 [54]
 [50]
 [57]
 [57]
 [56]
 [56]
 [45]
 [49]] 
------------------------ Dataset: hy ------------------------

shape: (1, 6), dtype: uint32
Data:[[3707764736          2          1          1       1399          1]] 
------------------------ Dataset: ixb ------------------------
shape: (13, 1), dtype: uint16
Data:[[54]
 [55]
 [55]
 [48]
 [46]
 [52]
 [50]
 [50]
 [50]
 [56]
 [51]
 [45]
 [49]] 
------------------------ Dataset: ixc ------------------------
shape: (27, 1), dtype: uint16
Data:[[54]
 [50]
 [56]
 [51]
 [46]
 [49]
 [56]
 [57]
 [57]
 [53]
 [55]
 [45]
 [48]
 [32]
 [54]
 [50]
 [56]
 [51]
 [46]
 [49]
 [57]
 [56]
 [54]
 [54]
 [51]
 [45]
 [49]] 
------------------------ Dataset: ixd ------------------------
shape: (33, 1), dtype: uint16
Data:[[54]
 [50]
 [57]
 [56]
 [46]
 [57]
 [55]
 [55]
 [57]
 [54]
 [50]
 [45]
 [48]
 [32]
 [54]
 [50]
 [57]
 [56]
 [46]
 [57]
 [56]
 [49]
 [56]
 [53]
 [53]
 [57]
 [57]
 [57]
 [57]
 [57]
 [57]
 [45]
 [49]] 
------------------------ Dataset: ixe ------------------------
shape: (40, 1), dtype: uint16
Data:[[54]
 [51]
 [49]
 [52]
 [46]
 [56]
 [52]
 [57]
 [57]
 [51]
 [50]
 [57]
 [57]
 [57]
 [57]
 [57]
 [57]
 [53]
 [45]
 [48]
 [32]
 [54]
 [51]
 [49]
 [52]
 [46]
 [56]
 [52]
 [54]
 [49]
 [57]
 [50]
 [57]
 [57]
 [57]
 [57]
 [57]
 [57]
 [45]
 [49]] 
------------------------ Dataset: ixf ------------------------
shape: (34, 1), dtype: uint16
Data:[[54]
 [51]
 [51]
 [48]
 [46]
 [54]
 [56]
 [48]
 [51]
 [57]
 [55]
 [57]
 [57]
 [57]
 [57]
 [57]
 [57]
 [53]
 [45]
 [48]
 [32]
 [54]
 [51]
 [51]
 [48]
 [46]
 [54]
 [55]
 [48]
 [50]
 [55]
 [57]
 [45]
 [49]] 
------------------------ Dataset: ixg ------------------------
shape: (27, 1), dtype: uint16
Data:[[54]
 [51]
 [52]
 [54]
 [46]
 [53]
 [49]
 [53]
 [49]
 [56]
 [54]
 [45]
 [48]
 [32]
 [54]
 [51]
 [52]
 [54]
 [46]
 [53]
 [49]
 [51]
 [48]
 [56]
 [49]
 [45]
 [49]] 
------------------------ Dataset: ixh ------------------------
shape: (34, 1), dtype: uint16
Data:[[54]
 [53]
 [49]
 [49]
 [46]
 [53]
 [57]
 [51]
 [57]
 [53]
 [54]
 [45]
 [48]
 [32]
 [54]
 [53]
 [49]
 [49]
 [46]
 [53]
 [56]
 [57]
 [57]
 [52]
 [54]
 [57]
 [57]
 [57]
 [57]
 [57]
 [57]
 [53]
 [45]
 [49]] 
------------------------ Dataset: ixi ------------------------
shape: (34, 1), dtype: uint16
Data:[[54]
 [53]
 [50]
 [55]
 [46]
 [52]
 [50]
 [54]
 [48]
 [56]
 [53]
 [57]
 [57]
 [57]
 [57]
 [57]
 [57]
 [53]
 [45]
 [48]
 [32]
 [54]
 [53]
 [50]
 [55]
 [46]
 [52]
 [50]
 [50]
 [49]
 [49]
 [51]
 [45]
 [49]] 
------------------------ Dataset: ixj ------------------------
shape: (27, 1), dtype: uint16
Data:[[54]
 [48]
 [50]
 [50]
 [46]
 [57]
 [57]
 [55]
 [54]
 [56]
 [55]
 [45]
 [48]
 [32]
 [54]
 [48]
 [50]
 [51]
 [46]
 [48]
 [48]
 [49]
 [55]
 [54]
 [52]
 [45]
 [49]] 
------------------------ Dataset: ixk ------------------------
shape: (27, 1), dtype: uint16
Data:[[54]
 [48]
 [51]
 [56]
 [46]
 [55]
 [54]
 [53]
 [57]
 [55]
 [51]
 [45]
 [48]
 [32]
 [54]
 [48]
 [51]
 [56]
 [46]
 [55]
 [54]
 [57]
 [55]
 [54]
 [50]
 [45]
 [49]] 
------------------------ Dataset: ixl ------------------------
shape: (33, 1), dtype: uint16
Data:[[54]
 [48]
 [53]
 [52]
 [46]
 [52]
 [49]
 [55]
 [55]
 [57]
 [52]
 [57]
 [57]
 [57]
 [57]
 [57]
 [57]
 [45]
 [48]
 [32]
 [54]
 [48]
 [53]
 [52]
 [46]
 [52]
 [49]
 [51]
 [56]
 [54]
 [51]
 [45]
 [49]] 
------------------------ Dataset: ixm ------------------------
shape: (34, 1), dtype: uint16
Data:[[54]
 [48]
 [55]
 [48]
 [46]
 [51]
 [53]
 [51]
 [55]
 [55]
 [49]
 [57]
 [57]
 [57]
 [57]
 [57]
 [57]
 [53]
 [45]
 [48]
 [32]
 [54]
 [48]
 [55]
 [48]
 [46]
 [51]
 [53]
 [55]
 [55]
 [54]
 [51]
 [45]
 [49]] 
------------------------ Dataset: ixn ------------------------
shape: (40, 1), dtype: uint16
Data:[[53]
 [54]
 [51]
 [49]
 [46]
 [50]
 [51]
 [55]
 [54]
 [51]
 [57]
 [57]
 [57]
 [57]
 [57]
 [57]
 [57]
 [45]
 [48]
 [32]
 [53]
 [54]
 [51]
 [49]
 [46]
 [50]
 [51]
 [51]
 [54]
 [55]
 [52]
 [57]
 [57]
 [57]
 [57]
 [57]
 [57]
 [53]
 [45]
 [49]] 
------------------------ Dataset: ixo ------------------------
shape: (33, 1), dtype: uint16
Data:[[53]
 [54]
 [52]
 [54]
 [46]
 [57]
 [48]
 [53]
 [54]
 [48]
 [53]
 [45]
 [48]
 [32]
 [53]
 [54]
 [52]
 [54]
 [46]
 [57]
 [48]
 [57]
 [55]
 [50]
 [57]
 [57]
 [57]
 [57]
 [57]
 [57]
 [57]
 [45]
 [49]] 
------------------------ Dataset: ixp ------------------------
shape: (26, 1), dtype: uint16
Data:[[53]
 [54]
 [54]
 [50]
 [46]
 [54]
 [52]
 [57]
 [52]
 [56]
 [53]
 [45]
 [48]
 [32]
 [53]
 [54]
 [54]
 [50]
 [46]
 [54]
 [52]
 [53]
 [53]
 [50]
 [45]
 [49]] 
------------------------ Dataset: ixq ------------------------
shape: (34, 1), dtype: uint16
Data:[[53]
 [54]
 [55]
 [56]
 [46]
 [51]
 [56]
 [53]
 [53]
 [50]
 [54]
 [57]
 [57]
 [57]
 [57]
 [57]
 [57]
 [53]
 [45]
 [48]
 [32]
 [53]
 [54]
 [55]
 [56]
 [46]
 [51]
 [56]
 [57]
 [53]
 [51]
 [52]
 [45]
 [49]] 
------------------------ Dataset: ixr ------------------------
shape: (27, 1), dtype: uint16
Data:[[53]
 [54]
 [57]
 [52]
 [46]
 [49]
 [51]
 [52]
 [57]
 [49]
 [56]
 [45]
 [48]
 [32]
 [53]
 [54]
 [57]
 [52]
 [46]
 [49]
 [51]
 [56]
 [49]
 [53]
 [51]
 [45]
 [49]] 
------------------------ Dataset: ixs ------------------------
shape: (33, 1), dtype: uint16
Data:[[54]
 [52]
 [49]
 [55]
 [46]
 [52]
 [53]
 [52]
 [49]
 [48]
 [53]
 [57]
 [57]
 [57]
 [57]
 [57]
 [57]
 [45]
 [48]
 [32]
 [54]
 [52]
 [49]
 [55]
 [46]
 [52]
 [52]
 [57]
 [57]
 [57]
 [53]
 [45]
 [49]] 
------------------------ Dataset: ixt ------------------------
shape: (27, 1), dtype: uint16
Data:[[54]
 [54]
 [48]
 [57]
 [46]
 [53]
 [52]
 [56]
 [50]
 [48]
 [50]
 [45]
 [48]
 [32]
 [54]
 [54]
 [48]
 [57]
 [46]
 [53]
 [52]
 [56]
 [48]
 [54]
 [56]
 [45]
 [49]] 
------------------------ Dataset: ixu ------------------------
shape: (40, 1), dtype: uint16
Data:[[54]
 [54]
 [50]
 [53]
 [46]
 [52]
 [57]
 [48]
 [48]
 [48]
 [57]
 [57]
 [57]
 [57]
 [57]
 [57]
 [57]
 [53]
 [45]
 [48]
 [32]
 [54]
 [54]
 [50]
 [53]
 [46]
 [52]
 [56]
 [54]
 [48]
 [56]
 [57]
 [57]
 [57]
 [57]
 [57]
 [57]
 [57]
 [45]
 [49]] 
------------------------ Dataset: ixv ------------------------
shape: (27, 1), dtype: uint16
Data:[[54]
 [54]
 [52]
 [49]
 [46]
 [50]
 [54]
 [50]
 [50]
 [49]
 [56]
 [45]
 [48]
 [32]
 [54]
 [54]
 [52]
 [49]
 [46]
 [50]
 [55]
 [50]
 [51]
 [51]
 [56]
 [45]
 [49]] 
------------------------ Dataset: ixw ------------------------
shape: (27, 1), dtype: uint16
Data:[[54]
 [54]
 [53]
 [54]
 [46]
 [57]
 [50]
 [54]
 [49]
 [50]
 [55]
 [45]
 [48]
 [32]
 [54]
 [54]
 [53]
 [54]
 [46]
 [57]
 [50]
 [50]
 [49]
 [50]
 [53]
 [45]
 [49]] 
------------------------ Dataset: ixx ------------------------
shape: (27, 1), dtype: uint16
Data:[[54]
 [54]
 [55]
 [50]
 [46]
 [56]
 [50]
 [56]
 [50]
 [48]
 [56]
 [45]
 [48]
 [32]
 [54]
 [54]
 [55]
 [50]
 [46]
 [56]
 [51]
 [52]
 [53]
 [57]
 [57]
 [45]
 [49]] 
------------------------ Dataset: ixy ------------------------
shape: (27, 1), dtype: uint16
Data:[[54]
 [54]
 [56]
 [56]
 [46]
 [55]
 [51]
 [52]
 [50]
 [48]
 [50]
 [45]
 [48]
 [32]
 [54]
 [54]
 [56]
 [56]
 [46]
 [55]
 [51]
 [48]
 [49]
 [48]
 [57]
 [45]
 [49]] 
------------------------ Dataset: ixz ------------------------
shape: (26, 1), dtype: uint16
Data:[[53]
 [57]
 [48]
 [54]
 [46]
 [54]
 [51]
 [51]
 [56]
 [50]
 [45]
 [48]
 [32]
 [53]
 [57]
 [48]
 [54]
 [46]
 [54]
 [50]
 [57]
 [57]
 [56]
 [56]
 [45]
 [49]] 
------------------------ Dataset: iy ------------------------

shape: (1, 6), dtype: uint32
Data:[[3707764736          2          1          1       1400          1]] 
------------------------ Dataset: jxb ------------------------
shape: (20, 1), dtype: uint16
Data:[[54]
 [55]
 [55]
 [48]
 [46]
 [52]
 [50]
 [54]
 [50]
 [50]
 [50]
 [57]
 [57]
 [57]
 [57]
 [57]
 [57]
 [53]
 [45]
 [48]] 
------------------------ Dataset: jxc ------------------------
shape: (27, 1), dtype: uint16
Data:[[54]
 [50]
 [56]
 [51]
 [46]
 [49]
 [57]
 [56]
 [54]
 [54]
 [51]
 [45]
 [48]
 [32]
 [54]
 [50]
 [56]
 [51]
 [46]
 [49]
 [57]
 [56]
 [54]
 [54]
 [51]
 [45]
 [49]] 
------------------------ Dataset: jxd ------------------------
shape: (33, 1), dtype: uint16
Data:[[54]
 [50]
 [57]
 [56]
 [46]
 [57]
 [56]
 [53]
 [48]
 [48]
 [56]
 [45]
 [48]
 [32]
 [54]
 [50]
 [57]
 [56]
 [46]
 [57]
 [56]
 [49]
 [56]
 [53]
 [53]
 [57]
 [57]
 [57]
 [57]
 [57]
 [57]
 [45]
 [49]] 
------------------------ Dataset: jxe ------------------------
shape: (40, 1), dtype: uint16
Data:[[54]
 [51]
 [49]
 [52]
 [46]
 [56]
 [52]
 [57]
 [57]
 [51]
 [50]
 [57]
 [57]
 [57]
 [57]
 [57]
 [57]
 [53]
 [45]
 [48]
 [32]
 [54]
 [51]
 [49]
 [52]
 [46]
 [56]
 [53]
 [48]
 [52]
 [52]
 [50]
 [57]
 [57]
 [57]
 [57]
 [57]
 [57]
 [45]
 [49]] 
------------------------ Dataset: jxf ------------------------
shape: (40, 1), dtype: uint16
Data:[[54]
 [51]
 [51]
 [48]
 [46]
 [54]
 [56]
 [48]
 [51]
 [57]
 [55]
 [57]
 [57]
 [57]
 [57]
 [57]
 [57]
 [53]
 [45]
 [48]
 [32]
 [54]
 [51]
 [51]
 [48]
 [46]
 [54]
 [56]
 [48]
 [50]
 [51]
 [48]
 [57]
 [57]
 [57]
 [57]
 [57]
 [57]
 [45]
 [49]] 
------------------------ Dataset: jxg ------------------------
shape: (27, 1), dtype: uint16
Data:[[54]
 [51]
 [52]
 [54]
 [46]
 [53]
 [49]
 [53]
 [49]
 [56]
 [54]
 [45]
 [48]
 [32]
 [54]
 [51]
 [52]
 [54]
 [46]
 [53]
 [49]
 [56]
 [48]
 [53]
 [49]
 [45]
 [49]] 
------------------------ Dataset: jxh ------------------------
shape: (27, 1), dtype: uint16
Data:[[54]
 [53]
 [49]
 [49]
 [46]
 [53]
 [57]
 [51]
 [57]
 [53]
 [54]
 [45]
 [48]
 [32]
 [54]
 [53]
 [49]
 [49]
 [46]
 [53]
 [57]
 [55]
 [57]
 [54]
 [56]
 [45]
 [49]] 
------------------------ Dataset: jxi ------------------------
shape: (41, 1), dtype: uint16
Data:[[54]
 [53]
 [50]
 [55]
 [46]
 [52]
 [50]
 [54]
 [48]
 [56]
 [53]
 [57]
 [57]
 [57]
 [57]
 [57]
 [57]
 [53]
 [45]
 [48]
 [32]
 [54]
 [53]
 [50]
 [55]
 [46]
 [52]
 [51]
 [48]
 [50]
 [50]
 [53]
 [57]
 [57]
 [57]
 [57]
 [57]
 [57]
 [53]
 [45]
 [49]] 
------------------------ Dataset: jxj ------------------------
shape: (27, 1), dtype: uint16
Data:[[54]
 [48]
 [50]
 [51]
 [46]
 [48]
 [48]
 [53]
 [55]
 [56]
 [52]
 [45]
 [48]
 [32]
 [54]
 [48]
 [50]
 [51]
 [46]
 [48]
 [48]
 [49]
 [55]
 [54]
 [52]
 [45]
 [49]] 
------------------------ Dataset: jxk ------------------------
shape: (33, 1), dtype: uint16
Data:[[54]
 [48]
 [51]
 [56]
 [46]
 [55]
 [55]
 [51]
 [56]
 [51]
 [53]
 [57]
 [57]
 [57]
 [57]
 [57]
 [57]
 [45]
 [48]
 [32]
 [54]
 [48]
 [51]
 [56]
 [46]
 [55]
 [54]
 [57]
 [55]
 [54]
 [50]
 [45]
 [49]] 
------------------------ Dataset: jxl ------------------------
shape: (33, 1), dtype: uint16
Data:[[54]
 [48]
 [53]
 [52]
 [46]
 [52]
 [49]
 [55]
 [55]
 [57]
 [52]
 [57]
 [57]
 [57]
 [57]
 [57]
 [57]
 [45]
 [48]
 [32]
 [54]
 [48]
 [53]
 [52]
 [46]
 [52]
 [50]
 [51]
 [49]
 [53]
 [49]
 [45]
 [49]] 
------------------------ Dataset: jxm ------------------------
shape: (27, 1), dtype: uint16
Data:[[54]
 [48]
 [55]
 [48]
 [46]
 [51]
 [54]
 [49]
 [55]
 [50]
 [50]
 [45]
 [48]
 [32]
 [54]
 [48]
 [55]
 [48]
 [46]
 [51]
 [53]
 [55]
 [55]
 [54]
 [51]
 [45]
 [49]] 
------------------------ Dataset: jxn ------------------------
shape: (33, 1), dtype: uint16
Data:[[53]
 [54]
 [51]
 [49]
 [46]
 [50]
 [51]
 [55]
 [54]
 [51]
 [57]
 [57]
 [57]
 [57]
 [57]
 [57]
 [57]
 [45]
 [48]
 [32]
 [53]
 [54]
 [51]
 [49]
 [46]
 [50]
 [52]
 [49]
 [55]
 [51]
 [57]
 [45]
 [49]] 
------------------------ Dataset: jxo ------------------------
shape: (39, 1), dtype: uint16
Data:[[53]
 [54]
 [52]
 [54]
 [46]
 [57]
 [49]
 [51]
 [53]
 [53]
 [50]
 [57]
 [57]
 [57]
 [57]
 [57]
 [57]
 [45]
 [48]
 [32]
 [53]
 [54]
 [52]
 [54]
 [46]
 [57]
 [48]
 [57]
 [55]
 [50]
 [57]
 [57]
 [57]
 [57]
 [57]
 [57]
 [57]
 [45]
 [49]] 
------------------------ Dataset: jxp ------------------------
shape: (33, 1), dtype: uint16
Data:[[53]
 [54]
 [54]
 [50]
 [46]
 [54]
 [52]
 [57]
 [52]
 [56]
 [53]
 [45]
 [48]
 [32]
 [53]
 [54]
 [54]
 [50]
 [46]
 [54]
 [53]
 [51]
 [53]
 [53]
 [48]
 [57]
 [57]
 [57]
 [57]
 [57]
 [57]
 [45]
 [49]] 
------------------------ Dataset: jxq ------------------------
shape: (26, 1), dtype: uint16
Data:[[53]
 [54]
 [55]
 [56]
 [46]
 [51]
 [57]
 [51]
 [53]
 [50]
 [45]
 [48]
 [32]
 [53]
 [54]
 [55]
 [56]
 [46]
 [51]
 [56]
 [57]
 [53]
 [51]
 [52]
 [45]
 [49]] 
------------------------ Dataset: jxr ------------------------
shape: (26, 1), dtype: uint16
Data:[[53]
 [54]
 [57]
 [52]
 [46]
 [49]
 [52]
 [50]
 [48]
 [52]
 [45]
 [48]
 [32]
 [53]
 [54]
 [57]
 [52]
 [46]
 [49]
 [51]
 [56]
 [49]
 [53]
 [51]
 [45]
 [49]] 
------------------------ Dataset: jxs ------------------------
shape: (33, 1), dtype: uint16
Data:[[54]
 [52]
 [49]
 [55]
 [46]
 [52]
 [53]
 [52]
 [49]
 [48]
 [53]
 [57]
 [57]
 [57]
 [57]
 [57]
 [57]
 [45]
 [48]
 [32]
 [54]
 [52]
 [49]
 [55]
 [46]
 [52]
 [53]
 [55]
 [57]
 [56]
 [56]
 [45]
 [49]] 
------------------------ Dataset: jxt ------------------------
shape: (27, 1), dtype: uint16
Data:[[54]
 [54]
 [48]
 [57]
 [46]
 [53]
 [52]
 [56]
 [50]
 [48]
 [50]
 [45]
 [48]
 [32]
 [54]
 [54]
 [48]
 [57]
 [46]
 [53]
 [53]
 [49]
 [49]
 [57]
 [49]
 [45]
 [49]] 
------------------------ Dataset: jxu ------------------------
shape: (34, 1), dtype: uint16
Data:[[54]
 [54]
 [50]
 [53]
 [46]
 [52]
 [57]
 [48]
 [48]
 [48]
 [57]
 [57]
 [57]
 [57]
 [57]
 [57]
 [57]
 [53]
 [45]
 [48]
 [32]
 [54]
 [54]
 [50]
 [53]
 [46]
 [52]
 [57]
 [52]
 [49]
 [54]
 [52]
 [45]
 [49]] 
------------------------ Dataset: jxv ------------------------
shape: (26, 1), dtype: uint16
Data:[[54]
 [54]
 [52]
 [49]
 [46]
 [50]
 [55]
 [52]
 [52]
 [53]
 [45]
 [48]
 [32]
 [54]
 [54]
 [52]
 [49]
 [46]
 [50]
 [55]
 [50]
 [51]
 [51]
 [56]
 [45]
 [49]] 
------------------------ Dataset: jxw ------------------------
shape: (33, 1), dtype: uint16
Data:[[54]
 [54]
 [53]
 [54]
 [46]
 [57]
 [50]
 [54]
 [49]
 [50]
 [55]
 [45]
 [48]
 [32]
 [54]
 [54]
 [53]
 [54]
 [46]
 [57]
 [51]
 [48]
 [50]
 [55]
 [48]
 [57]
 [57]
 [57]
 [57]
 [57]
 [57]
 [45]
 [49]] 
------------------------ Dataset: jxx ------------------------
shape: (27, 1), dtype: uint16
Data:[[54]
 [54]
 [55]
 [50]
 [46]
 [56]
 [51]
 [50]
 [50]
 [54]
 [56]
 [45]
 [48]
 [32]
 [54]
 [54]
 [55]
 [50]
 [46]
 [56]
 [51]
 [52]
 [53]
 [57]
 [57]
 [45]
 [49]] 
------------------------ Dataset: jxy ------------------------
shape: (27, 1), dtype: uint16
Data:[[54]
 [54]
 [56]
 [56]
 [46]
 [55]
 [51]
 [52]
 [50]
 [48]
 [50]
 [45]
 [48]
 [32]
 [54]
 [54]
 [56]
 [56]
 [46]
 [55]
 [51]
 [56]
 [50]
 [54]
 [53]
 [45]
 [49]] 
------------------------ Dataset: jxz ------------------------
shape: (32, 1), dtype: uint16
Data:[[53]
 [57]
 [48]
 [54]
 [46]
 [54]
 [51]
 [51]
 [56]
 [50]
 [45]
 [48]
 [32]
 [53]
 [57]
 [48]
 [54]
 [46]
 [54]
 [51]
 [55]
 [57]
 [48]
 [51]
 [57]
 [57]
 [57]
 [57]
 [57]
 [57]
 [45]
 [49]] 
------------------------ Dataset: jy ------------------------

