shape: (1, 6), dtype: uint32
Data:[[3707764736          2          1          1       1371          1]] 
------------------------ Dataset: Qwb ------------------------
shape: (12, 1), dtype: uint16
Data:[[54]
 [55]
 [55]
 [48]
 [46]
 [51]
 [49]
 [48]
 [49]
 [51]
 [45]
 [49]] 
------------------------ Dataset: Qwc ------------------------
shape: (33, 1), dtype: uint16
Data:[[54]
 [50]
 [56]
 [51]
 [46]
 [48]
 [55]
 [55]
 [56]
 [51]
 [55]
 [45]
 [48]
 [32]
 [54]
 [50]
 [56]
 [51]
 [46]
 [48]
 [56]
 [55]
 [55]
 [51]
 [55]
 [57]
 [57]
 [57]
 [57]
 [57]
 [57]
 [45]
 [49]] 
------------------------ Dataset: Qwd ------------------------
shape: (34, 1), dtype: uint16
Data:[[54]
 [50]
 [57]
 [56]
 [46]
 [56]
 [54]
 [49]
 [57]
 [57]
 [50]
 [57]
 [57]
 [57]
 [57]
 [57]
 [57]
 [53]
 [45]
 [48]
 [32]
 [54]
 [50]
 [57]
 [56]
 [46]
 [56]
 [55]
 [49]
 [53]
 [54]
 [51]
 [45]
 [49]] 
------------------------ Dataset: Qwe ------------------------
shape: (34, 1), dtype: uint16
Data:[[54]
 [51]
 [49]
 [52]
 [46]
 [55]
 [50]
 [54]
 [48]
 [52]
 [55]
 [57]
 [57]
 [57]
 [57]
 [57]
 [57]
 [53]
 [45]
 [48]
 [32]
 [54]
 [51]
 [49]
 [52]
 [46]
 [55]
 [50]
 [50]
 [48]
 [56]
 [55]
 [45]
 [49]] 
------------------------ Dataset: Qwf ------------------------
shape: (27, 1), dtype: uint16
Data:[[54]
 [51]
 [51]
 [48]
 [46]
 [53]
 [54]
 [53]
 [48]
 [55]
 [54]
 [45]
 [48]
 [32]
 [54]
 [51]
 [51]
 [48]
 [46]
 [53]
 [53]
 [55]
 [48]
 [50]
 [55]
 [45]
 [49]] 
------------------------ Dataset: Qwg ------------------------
shape: (33, 1), dtype: uint16
Data:[[54]
 [51]
 [52]
 [54]
 [46]
 [51]
 [57]
 [55]
 [57]
 [55]
 [56]
 [45]
 [48]
 [32]
 [54]
 [51]
 [52]
 [54]
 [46]
 [51]
 [57]
 [51]
 [57]
 [57]
 [49]
 [57]
 [57]
 [57]
 [57]
 [57]
 [57]
 [45]
 [49]] 
------------------------ Dataset: Qwh ------------------------
shape: (33, 1), dtype: uint16
Data:[[54]
 [53]
 [49]
 [49]
 [46]
 [52]
 [54]
 [54]
 [49]
 [52]
 [49]
 [57]
 [57]
 [57]
 [57]
 [57]
 [57]
 [45]
 [48]
 [32]
 [54]
 [53]
 [49]
 [49]
 [46]
 [52]
 [55]
 [48]
 [48]
 [53]
 [53]
 [45]
 [49]] 
------------------------ Dataset: Qwi ------------------------
shape: (34, 1), dtype: uint16
Data:[[54]
 [53]
 [50]
 [55]
 [46]
 [51]
 [49]
 [54]
 [54]
 [50]
 [51]
 [45]
 [48]
 [32]
 [54]
 [53]
 [50]
 [55]
 [46]
 [51]
 [49]
 [51]
 [53]
 [50]
 [49]
 [57]
 [57]
 [57]
 [57]
 [57]
 [57]
 [53]
 [45]
 [49]] 
------------------------ Dataset: Qwj ------------------------
shape: (33, 1), dtype: uint16
Data:[[54]
 [48]
 [50]
 [50]
 [46]
 [56]
 [57]
 [51]
 [54]
 [55]
 [52]
 [57]
 [57]
 [57]
 [57]
 [57]
 [57]
 [45]
 [48]
 [32]
 [54]
 [48]
 [50]
 [50]
 [46]
 [56]
 [57]
 [50]
 [56]
 [50]
 [56]
 [45]
 [49]] 
------------------------ Dataset: Qwk ------------------------
shape: (26, 1), dtype: uint16
Data:[[54]
 [48]
 [51]
 [56]
 [46]
 [54]
 [52]
 [57]
 [56]
 [51]
 [54]
 [45]
 [48]
 [32]
 [54]
 [48]
 [51]
 [56]
 [46]
 [54]
 [53]
 [51]
 [57]
 [56]
 [45]
 [49]] 
------------------------ Dataset: Qwl ------------------------
shape: (33, 1), dtype: uint16
Data:[[54]
 [48]
 [53]
 [52]
 [46]
 [51]
 [48]
 [53]
 [55]
 [53]
 [57]
 [57]
 [57]
 [57]
 [57]
 [57]
 [57]
 [45]
 [48]
 [32]
 [54]
 [48]
 [53]
 [52]
 [46]
 [51]
 [48]
 [49]
 [55]
 [50]
 [51]
 [45]
 [49]] 
------------------------ Dataset: Qwm ------------------------
shape: (33, 1), dtype: uint16
Data:[[54]
 [48]
 [55]
 [48]
 [46]
 [50]
 [53]
 [48]
 [53]
 [49]
 [51]
 [45]
 [48]
 [32]
 [54]
 [48]
 [55]
 [48]
 [46]
 [50]
 [52]
 [57]
 [55]
 [55]
 [55]
 [57]
 [57]
 [57]
 [57]
 [57]
 [57]
 [45]
 [49]] 
------------------------ Dataset: Qwn ------------------------
shape: (33, 1), dtype: uint16
Data:[[53]
 [54]
 [51]
 [49]
 [46]
 [49]
 [50]
 [51]
 [52]
 [53]
 [55]
 [45]
 [48]
 [32]
 [53]
 [54]
 [51]
 [49]
 [46]
 [49]
 [50]
 [51]
 [54]
 [56]
 [54]
 [57]
 [57]
 [57]
 [57]
 [57]
 [57]
 [45]
 [49]] 
------------------------ Dataset: Qwo ------------------------
shape: (33, 1), dtype: uint16
Data:[[53]
 [54]
 [52]
 [54]
 [46]
 [55]
 [57]
 [51]
 [53]
 [54]
 [48]
 [57]
 [57]
 [57]
 [57]
 [57]
 [57]
 [53]
 [45]
 [48]
 [32]
 [53]
 [54]
 [52]
 [54]
 [46]
 [55]
 [57]
 [56]
 [51]
 [54]
 [45]
 [49]] 
------------------------ Dataset: Qwp ------------------------
shape: (27, 1), dtype: uint16
Data:[[53]
 [54]
 [54]
 [50]
 [46]
 [53]
 [51]
 [55]
 [53]
 [56]
 [55]
 [45]
 [48]
 [32]
 [53]
 [54]
 [54]
 [50]
 [46]
 [53]
 [51]
 [51]
 [55]
 [54]
 [57]
 [45]
 [49]] 
------------------------ Dataset: Qwq ------------------------
shape: (40, 1), dtype: uint16
Data:[[53]
 [54]
 [55]
 [56]
 [46]
 [50]
 [56]
 [51]
 [55]
 [51]
 [56]
 [57]
 [57]
 [57]
 [57]
 [57]
 [57]
 [53]
 [45]
 [48]
 [32]
 [53]
 [54]
 [55]
 [56]
 [46]
 [50]
 [55]
 [49]
 [52]
 [54]
 [53]
 [57]
 [57]
 [57]
 [57]
 [57]
 [57]
 [45]
 [49]] 
------------------------ Dataset: Qwr ------------------------
shape: (26, 1), dtype: uint16
Data:[[53]
 [54]
 [57]
 [52]
 [46]
 [48]
 [49]
 [51]
 [54]
 [50]
 [45]
 [48]
 [32]
 [53]
 [54]
 [57]
 [52]
 [46]
 [48]
 [49]
 [55]
 [54]
 [51]
 [50]
 [45]
 [49]] 
------------------------ Dataset: Qws ------------------------
shape: (27, 1), dtype: uint16
Data:[[54]
 [52]
 [49]
 [55]
 [46]
 [51]
 [51]
 [55]
 [57]
 [53]
 [53]
 [45]
 [48]
 [32]
 [54]
 [52]
 [49]
 [55]
 [46]
 [51]
 [51]
 [55]
 [57]
 [53]
 [53]
 [45]
 [49]] 
------------------------ Dataset: Qwt ------------------------
shape: (33, 1), dtype: uint16
Data:[[54]
 [54]
 [48]
 [57]
 [46]
 [52]
 [51]
 [48]
 [49]
 [48]
 [52]
 [45]
 [48]
 [32]
 [54]
 [54]
 [48]
 [57]
 [46]
 [52]
 [50]
 [54]
 [52]
 [53]
 [56]
 [57]
 [57]
 [57]
 [57]
 [57]
 [57]
 [45]
 [49]] 
------------------------ Dataset: Qwu ------------------------
shape: (33, 1), dtype: uint16
Data:[[54]
 [54]
 [50]
 [53]
 [46]
 [51]
 [55]
 [57]
 [57]
 [54]
 [55]
 [57]
 [57]
 [57]
 [57]
 [57]
 [57]
 [45]
 [48]
 [32]
 [54]
 [54]
 [50]
 [53]
 [46]
 [51]
 [55]
 [52]
 [57]
 [51]
 [56]
 [45]
 [49]] 
------------------------ Dataset: Qwv ------------------------
shape: (26, 1), dtype: uint16
Data:[[54]
 [54]
 [52]
 [49]
 [46]
 [49]
 [53]
 [48]
 [48]
 [51]
 [45]
 [48]
 [32]
 [54]
 [54]
 [52]
 [49]
 [46]
 [49]
 [53]
 [52]
 [49]
 [53]
 [55]
 [45]
 [49]] 
------------------------ Dataset: Qww ------------------------
shape: (27, 1), dtype: uint16
Data:[[54]
 [54]
 [53]
 [54]
 [46]
 [55]
 [57]
 [56]
 [48]
 [54]
 [56]
 [45]
 [48]
 [32]
 [54]
 [54]
 [53]
 [54]
 [46]
 [55]
 [57]
 [52]
 [49]
 [51]
 [53]
 [45]
 [49]] 
------------------------ Dataset: Qwx ------------------------
shape: (33, 1), dtype: uint16
Data:[[54]
 [54]
 [55]
 [50]
 [46]
 [55]
 [49]
 [48]
 [49]
 [50]
 [57]
 [45]
 [48]
 [32]
 [54]
 [54]
 [55]
 [50]
 [46]
 [55]
 [49]
 [52]
 [49]
 [49]
 [51]
 [57]
 [57]
 [57]
 [57]
 [57]
 [57]
 [45]
 [49]] 
------------------------ Dataset: Qwy ------------------------
shape: (33, 1), dtype: uint16
Data:[[54]
 [54]
 [56]
 [56]
 [46]
 [54]
 [49]
 [52]
 [49]
 [50]
 [55]
 [57]
 [57]
 [57]
 [57]
 [57]
 [57]
 [45]
 [48]
 [32]
 [54]
 [54]
 [56]
 [56]
 [46]
 [54]
 [49]
 [48]
 [49]
 [54]
 [49]
 [45]
 [49]] 
------------------------ Dataset: Qwz ------------------------
shape: (39, 1), dtype: uint16
Data:[[53]
 [57]
 [48]
 [54]
 [46]
 [53]
 [48]
 [53]
 [54]
 [54]
 [54]
 [57]
 [57]
 [57]
 [57]
 [57]
 [57]
 [45]
 [48]
 [32]
 [53]
 [57]
 [48]
 [54]
 [46]
 [53]
 [48]
 [49]
 [54]
 [53]
 [55]
 [57]
 [57]
 [57]
 [57]
 [57]
 [57]
 [45]
 [49]] 
------------------------ Dataset: Qx ------------------------

shape: (1, 6), dtype: uint32
Data:[[3707764736          2          1          1       1372          1]] 
------------------------ Dataset: Rwb ------------------------
shape: (13, 1), dtype: uint16
Data:[[54]
 [55]
 [55]
 [48]
 [46]
 [51]
 [49]
 [52]
 [50]
 [56]
 [52]
 [45]
 [48]] 
------------------------ Dataset: Rwc ------------------------
shape: (40, 1), dtype: uint16
Data:[[54]
 [50]
 [56]
 [51]
 [46]
 [48]
 [56]
 [55]
 [56]
 [50]
 [49]
 [57]
 [57]
 [57]
 [57]
 [57]
 [57]
 [53]
 [45]
 [48]
 [32]
 [54]
 [50]
 [56]
 [51]
 [46]
 [48]
 [56]
 [55]
 [55]
 [51]
 [55]
 [57]
 [57]
 [57]
 [57]
 [57]
 [57]
 [45]
 [49]] 
------------------------ Dataset: Rwd ------------------------
shape: (27, 1), dtype: uint16
Data:[[54]
 [50]
 [57]
 [56]
 [46]
 [56]
 [55]
 [49]
 [53]
 [54]
 [52]
 [45]
 [48]
 [32]
 [54]
 [50]
 [57]
 [56]
 [46]
 [56]
 [55]
 [49]
 [53]
 [54]
 [51]
 [45]
 [49]] 
------------------------ Dataset: Rwe ------------------------
shape: (34, 1), dtype: uint16
Data:[[54]
 [51]
 [49]
 [52]
 [46]
 [55]
 [50]
 [54]
 [48]
 [52]
 [55]
 [57]
 [57]
 [57]
 [57]
 [57]
 [57]
 [53]
 [45]
 [48]
 [32]
 [54]
 [51]
 [49]
 [52]
 [46]
 [55]
 [50]
 [57]
 [57]
 [52]
 [57]
 [45]
 [49]] 
------------------------ Dataset: Rwf ------------------------
shape: (33, 1), dtype: uint16
Data:[[54]
 [51]
 [51]
 [48]
 [46]
 [53]
 [54]
 [53]
 [48]
 [55]
 [54]
 [45]
 [48]
 [32]
 [54]
 [51]
 [51]
 [48]
 [46]
 [53]
 [54]
 [55]
 [50]
 [50]
 [48]
 [57]
 [57]
 [57]
 [57]
 [57]
 [57]
 [45]
 [49]] 
------------------------ Dataset: Rwg ------------------------
shape: (27, 1), dtype: uint16
Data:[[54]
 [51]
 [52]
 [54]
 [46]
 [51]
 [57]
 [55]
 [57]
 [55]
 [56]
 [45]
 [48]
 [32]
 [54]
 [51]
 [52]
 [54]
 [46]
 [52]
 [48]
 [49]
 [57]
 [48]
 [54]
 [45]
 [49]] 
------------------------ Dataset: Rwh ------------------------
shape: (33, 1), dtype: uint16
Data:[[54]
 [53]
 [49]
 [49]
 [46]
 [52]
 [55]
 [53]
 [50]
 [56]
 [57]
 [57]
 [57]
 [57]
 [57]
 [57]
 [57]
 [45]
 [48]
 [32]
 [54]
 [53]
 [49]
 [49]
 [46]
 [52]
 [55]
 [48]
 [48]
 [53]
 [53]
 [45]
 [49]] 
------------------------ Dataset: Rwi ------------------------
shape: (34, 1), dtype: uint16
Data:[[54]
 [53]
 [50]
 [55]
 [46]
 [51]
 [49]
 [54]
 [54]
 [50]
 [51]
 [45]
 [48]
 [32]
 [54]
 [53]
 [50]
 [55]
 [46]
 [51]
 [49]
 [56]
 [49]
 [57]
 [51]
 [57]
 [57]
 [57]
 [57]
 [57]
 [57]
 [53]
 [45]
 [49]] 
------------------------ Dataset: Rwj ------------------------
shape: (32, 1), dtype: uint16
Data:[[54]
 [48]
 [50]
 [50]
 [46]
 [56]
 [57]
 [51]
 [54]
 [55]
 [52]
 [57]
 [57]
 [57]
 [57]
 [57]
 [57]
 [45]
 [48]
 [32]
 [54]
 [48]
 [50]
 [50]
 [46]
 [56]
 [57]
 [57]
 [55]
 [51]
 [45]
 [49]] 
------------------------ Dataset: Rwk ------------------------
shape: (26, 1), dtype: uint16
Data:[[54]
 [48]
 [51]
 [56]
 [46]
 [54]
 [53]
 [56]
 [51]
 [50]
 [52]
 [45]
 [48]
 [32]
 [54]
 [48]
 [51]
 [56]
 [46]
 [54]
 [53]
 [51]
 [57]
 [56]
 [45]
 [49]] 
------------------------ Dataset: Rwl ------------------------
shape: (33, 1), dtype: uint16
Data:[[54]
 [48]
 [53]
 [52]
 [46]
 [51]
 [48]
 [53]
 [55]
 [53]
 [57]
 [57]
 [57]
 [57]
 [57]
 [57]
 [57]
 [45]
 [48]
 [32]
 [54]
 [48]
 [53]
 [52]
 [46]
 [51]
 [49]
 [48]
 [49]
 [53]
 [49]
 [45]
 [49]] 
------------------------ Dataset: Rwm ------------------------
shape: (27, 1), dtype: uint16
Data:[[54]
 [48]
 [55]
 [48]
 [46]
 [50]
 [53]
 [48]
 [53]
 [49]
 [51]
 [45]
 [48]
 [32]
 [54]
 [48]
 [55]
 [48]
 [46]
 [50]
 [53]
 [53]
 [57]
 [49]
 [56]
 [45]
 [49]] 
------------------------ Dataset: Rwn ------------------------
shape: (39, 1), dtype: uint16
Data:[[53]
 [54]
 [51]
 [49]
 [46]
 [49]
 [51]
 [52]
 [55]
 [56]
 [55]
 [57]
 [57]
 [57]
 [57]
 [57]
 [57]
 [45]
 [48]
 [32]
 [53]
 [54]
 [51]
 [49]
 [46]
 [49]
 [50]
 [51]
 [54]
 [56]
 [54]
 [57]
 [57]
 [57]
 [57]
 [57]
 [57]
 [45]
 [49]] 
------------------------ Dataset: Rwo ------------------------
shape: (26, 1), dtype: uint16
Data:[[53]
 [54]
 [52]
 [54]
 [46]
 [56]
 [48]
 [51]
 [53]
 [52]
 [54]
 [45]
 [48]
 [32]
 [53]
 [54]
 [52]
 [54]
 [46]
 [55]
 [57]
 [56]
 [51]
 [54]
 [45]
 [49]] 
------------------------ Dataset: Rwp ------------------------
shape: (27, 1), dtype: uint16
Data:[[53]
 [54]
 [54]
 [50]
 [46]
 [53]
 [51]
 [55]
 [53]
 [56]
 [55]
 [45]
 [48]
 [32]
 [53]
 [54]
 [54]
 [50]
 [46]
 [53]
 [52]
 [49]
 [53]
 [53]
 [55]
 [45]
 [49]] 
------------------------ Dataset: Rwq ------------------------
shape: (40, 1), dtype: uint16
Data:[[53]
 [54]
 [55]
 [56]
 [46]
 [50]
 [56]
 [51]
 [55]
 [51]
 [56]
 [57]
 [57]
 [57]
 [57]
 [57]
 [57]
 [53]
 [45]
 [48]
 [32]
 [53]
 [54]
 [55]
 [56]
 [46]
 [50]
 [56]
 [51]
 [54]
 [56]
 [49]
 [57]
 [57]
 [57]
 [57]
 [57]
 [57]
 [45]
 [49]] 
------------------------ Dataset: Rwr ------------------------
shape: (33, 1), dtype: uint16
Data:[[53]
 [54]
 [57]
 [52]
 [46]
 [48]
 [50]
 [49]
 [53]
 [55]
 [51]
 [57]
 [57]
 [57]
 [57]
 [57]
 [57]
 [45]
 [48]
 [32]
 [53]
 [54]
 [57]
 [52]
 [46]
 [48]
 [49]
 [55]
 [54]
 [51]
 [50]
 [45]
 [49]] 
------------------------ Dataset: Rws ------------------------
shape: (27, 1), dtype: uint16
Data:[[54]
 [52]
 [49]
 [55]
 [46]
 [51]
 [51]
 [55]
 [57]
 [53]
 [53]
 [45]
 [48]
 [32]
 [54]
 [52]
 [49]
 [55]
 [46]
 [51]
 [52]
 [53]
 [57]
 [54]
 [51]
 [45]
 [49]] 
------------------------ Dataset: Rwt ------------------------
shape: (33, 1), dtype: uint16
Data:[[54]
 [54]
 [48]
 [57]
 [46]
 [52]
 [51]
 [48]
 [49]
 [48]
 [52]
 [45]
 [48]
 [32]
 [54]
 [54]
 [48]
 [57]
 [46]
 [52]
 [51]
 [56]
 [48]
 [56]
 [48]
 [57]
 [57]
 [57]
 [57]
 [57]
 [57]
 [45]
 [49]] 
------------------------ Dataset: Rwu ------------------------
shape: (33, 1), dtype: uint16
Data:[[54]
 [54]
 [50]
 [53]
 [46]
 [51]
 [55]
 [57]
 [57]
 [54]
 [55]
 [57]
 [57]
 [57]
 [57]
 [57]
 [57]
 [45]
 [48]
 [32]
 [54]
 [54]
 [50]
 [53]
 [46]
 [51]
 [56]
 [51]
 [50]
 [55]
 [54]
 [45]
 [49]] 
------------------------ Dataset: Rwv ------------------------
shape: (27, 1), dtype: uint16
Data:[[54]
 [54]
 [52]
 [49]
 [46]
 [49]
 [53]
 [56]
 [49]
 [53]
 [50]
 [45]
 [48]
 [32]
 [54]
 [54]
 [52]
 [49]
 [46]
 [49]
 [53]
 [52]
 [49]
 [53]
 [55]
 [45]
 [49]] 
------------------------ Dataset: Rww ------------------------
shape: (26, 1), dtype: uint16
Data:[[54]
 [54]
 [53]
 [54]
 [46]
 [55]
 [57]
 [56]
 [48]
 [54]
 [56]
 [45]
 [48]
 [32]
 [54]
 [54]
 [53]
 [54]
 [46]
 [56]
 [48]
 [50]
 [49]
 [51]
 [45]
 [49]] 
------------------------ Dataset: Rwx ------------------------
shape: (39, 1), dtype: uint16
Data:[[54]
 [54]
 [55]
 [50]
 [46]
 [55]
 [51]
 [48]
 [50]
 [51]
 [50]
 [57]
 [57]
 [57]
 [57]
 [57]
 [57]
 [45]
 [48]
 [32]
 [54]
 [54]
 [55]
 [50]
 [46]
 [55]
 [49]
 [52]
 [49]
 [49]
 [51]
 [57]
 [57]
 [57]
 [57]
 [57]
 [57]
 [45]
 [49]] 
------------------------ Dataset: Rwy ------------------------
shape: (39, 1), dtype: uint16
Data:[[54]
 [54]
 [56]
 [56]
 [46]
 [54]
 [49]
 [52]
 [49]
 [50]
 [55]
 [57]
 [57]
 [57]
 [57]
 [57]
 [57]
 [45]
 [48]
 [32]
 [54]
 [54]
 [56]
 [56]
 [46]
 [54]
 [49]
 [57]
 [51]
 [53]
 [56]
 [57]
 [57]
 [57]
 [57]
 [57]
 [57]
 [45]
 [49]] 
------------------------ Dataset: Rwz ------------------------
shape: (33, 1), dtype: uint16
Data:[[53]
 [57]
 [48]
 [54]
 [46]
 [53]
 [48]
 [53]
 [54]
 [54]
 [54]
 [57]
 [57]
 [57]
 [57]
 [57]
 [57]
 [45]
 [48]
 [32]
 [53]
 [57]
 [48]
 [54]
 [46]
 [53]
 [48]
 [57]
 [54]
 [51]
 [55]
 [45]
 [49]] 
------------------------ Dataset: Rx ------------------------

shape: (1, 6), dtype: uint32
Data:[[3707764736          2          1          1       1373          1]] 
------------------------ Dataset: Swb ------------------------
shape: (13, 1), dtype: uint16
Data:[[54]
 [55]
 [55]
 [48]
 [46]
 [51]
 [50]
 [48]
 [55]
 [48]
 [57]
 [45]
 [49]] 
------------------------ Dataset: Swc ------------------------
shape: (40, 1), dtype: uint16
Data:[[54]
 [50]
 [56]
 [51]
 [46]
 [48]
 [56]
 [55]
 [56]
 [50]
 [49]
 [57]
 [57]
 [57]
 [57]
 [57]
 [57]
 [53]
 [45]
 [48]
 [32]
 [54]
 [50]
 [56]
 [51]
 [46]
 [48]
 [57]
 [49]
 [55]
 [55]
 [53]
 [57]
 [57]
 [57]
 [57]
 [57]
 [57]
 [45]
 [49]] 
------------------------ Dataset: Swd ------------------------
shape: (27, 1), dtype: uint16
Data:[[54]
 [50]
 [57]
 [56]
 [46]
 [56]
 [55]
 [49]
 [53]
 [54]
 [52]
 [45]
 [48]
 [32]
 [54]
 [50]
 [57]
 [56]
 [46]
 [56]
 [55]
 [52]
 [53]
 [57]
 [52]
 [45]
 [49]] 
------------------------ Dataset: Swe ------------------------
shape: (27, 1), dtype: uint16
Data:[[54]
 [51]
 [49]
 [52]
 [46]
 [55]
 [51]
 [54]
 [52]
 [53]
 [54]
 [45]
 [48]
 [32]
 [54]
 [51]
 [49]
 [52]
 [46]
 [55]
 [50]
 [57]
 [57]
 [52]
 [57]
 [45]
 [49]] 
------------------------ Dataset: Swf ------------------------
shape: (33, 1), dtype: uint16
Data:[[54]
 [51]
 [51]
 [48]
 [46]
 [53]
 [55]
 [48]
 [57]
 [57]
 [49]
 [45]
 [48]
 [32]
 [54]
 [51]
 [51]
 [48]
 [46]
 [53]
 [54]
 [55]
 [50]
 [50]
 [48]
 [57]
 [57]
 [57]
 [57]
 [57]
 [57]
 [45]
 [49]] 
------------------------ Dataset: Swg ------------------------
shape: (27, 1), dtype: uint16
Data:[[54]
 [51]
 [52]
 [54]
 [46]
 [52]
 [48]
 [53]
 [57]
 [54]
 [55]
 [45]
 [48]
 [32]
 [54]
 [51]
 [52]
 [54]
 [46]
 [52]
 [48]
 [49]
 [57]
 [48]
 [54]
 [45]
 [49]] 
------------------------ Dataset: Swh ------------------------
shape: (40, 1), dtype: uint16
Data:[[54]
 [53]
 [49]
 [49]
 [46]
 [52]
 [55]
 [53]
 [50]
 [56]
 [57]
 [57]
 [57]
 [57]
 [57]
 [57]
 [57]
 [45]
 [48]
 [32]
 [54]
 [53]
 [49]
 [49]
 [46]
 [52]
 [56]
 [48]
 [49]
 [48]
 [49]
 [57]
 [57]
 [57]
 [57]
 [57]
 [57]
 [53]
 [45]
 [49]] 
------------------------ Dataset: Swi ------------------------
shape: (41, 1), dtype: uint16
Data:[[54]
 [53]
 [50]
 [55]
 [46]
 [51]
 [50]
 [49]
 [57]
 [56]
 [57]
 [57]
 [57]
 [57]
 [57]
 [57]
 [57]
 [53]
 [45]
 [48]
 [32]
 [54]
 [53]
 [50]
 [55]
 [46]
 [51]
 [49]
 [56]
 [49]
 [57]
 [51]
 [57]
 [57]
 [57]
 [57]
 [57]
 [57]
 [53]
 [45]
 [49]] 
------------------------ Dataset: Swj ------------------------
shape: (26, 1), dtype: uint16
Data:[[54]
 [48]
 [50]
 [50]
 [46]
 [57]
 [48]
 [48]
 [50]
 [57]
 [56]
 [45]
 [48]
 [32]
 [54]
 [48]
 [50]
 [50]
 [46]
 [56]
 [57]
 [57]
 [55]
 [51]
 [45]
 [49]] 
------------------------ Dataset: Swk ------------------------
shape: (33, 1), dtype: uint16
Data:[[54]
 [48]
 [51]
 [56]
 [46]
 [54]
 [53]
 [56]
 [51]
 [50]
 [52]
 [45]
 [48]
 [32]
 [54]
 [48]
 [51]
 [56]
 [46]
 [54]
 [54]
 [54]
 [48]
 [48]
 [50]
 [57]
 [57]
 [57]
 [57]
 [57]
 [57]
 [45]
 [49]] 
------------------------ Dataset: Swl ------------------------
shape: (27, 1), dtype: uint16
Data:[[54]
 [48]
 [53]
 [52]
 [46]
 [51]
 [49]
 [51]
 [57]
 [49]
 [51]
 [45]
 [48]
 [32]
 [54]
 [48]
 [53]
 [52]
 [46]
 [51]
 [49]
 [48]
 [49]
 [53]
 [49]
 [45]
 [49]] 
------------------------ Dataset: Swm ------------------------
shape: (27, 1), dtype: uint16
Data:[[54]
 [48]
 [55]
 [48]
 [46]
 [50]
 [53]
 [54]
 [53]
 [50]
 [55]
 [45]
 [48]
 [32]
 [54]
 [48]
 [55]
 [48]
 [46]
 [50]
 [53]
 [53]
 [57]
 [49]
 [56]
 [45]
 [49]] 
------------------------ Dataset: Swn ------------------------
shape: (33, 1), dtype: uint16
Data:[[53]
 [54]
 [51]
 [49]
 [46]
 [49]
 [51]
 [52]
 [55]
 [56]
 [55]
 [57]
 [57]
 [57]
 [57]
 [57]
 [57]
 [45]
 [48]
 [32]
 [53]
 [54]
 [51]
 [49]
 [46]
 [49]
 [51]
 [49]
 [55]
 [48]
 [50]
 [45]
 [49]] 
------------------------ Dataset: Swo ------------------------
shape: (27, 1), dtype: uint16
Data:[[53]
 [54]
 [52]
 [54]
 [46]
 [56]
 [48]
 [51]
 [53]
 [52]
 [54]
 [45]
 [48]
 [32]
 [53]
 [54]
 [52]
 [54]
 [46]
 [56]
 [48]
 [54]
 [49]
 [57]
 [53]
 [45]
 [49]] 
------------------------ Dataset: Swp ------------------------
shape: (27, 1), dtype: uint16
Data:[[53]
 [54]
 [54]
 [50]
 [46]
 [53]
 [52]
 [53]
 [54]
 [53]
 [50]
 [45]
 [48]
 [32]
 [53]
 [54]
 [54]
 [50]
 [46]
 [53]
 [52]
 [49]
 [53]
 [53]
 [55]
 [45]
 [49]] 
------------------------ Dataset: Swq ------------------------
shape: (40, 1), dtype: uint16
Data:[[53]
 [54]
 [55]
 [56]
 [46]
 [50]
 [56]
 [51]
 [55]
 [51]
 [56]
 [57]
 [57]
 [57]
 [57]
 [57]
 [57]
 [53]
 [45]
 [48]
 [32]
 [53]
 [54]
 [55]
 [56]
 [46]
 [50]
 [57]
 [48]
 [56]
 [52]
 [49]
 [57]
 [57]
 [57]
 [57]
 [57]
 [57]
 [45]
 [49]] 
------------------------ Dataset: Swr ------------------------
shape: (33, 1), dtype: uint16
Data:[[53]
 [54]
 [57]
 [52]
 [46]
 [48]
 [50]
 [49]
 [53]
 [55]
 [51]
 [57]
 [57]
 [57]
 [57]
 [57]
 [57]
 [45]
 [48]
 [32]
 [53]
 [54]
 [57]
 [52]
 [46]
 [48]
 [50]
 [53]
 [56]
 [49]
 [50]
 [45]
 [49]] 
------------------------ Dataset: Sws ------------------------
shape: (33, 1), dtype: uint16
Data:[[54]
 [52]
 [49]
 [55]
 [46]
 [51]
 [52]
 [53]
 [57]
 [49]
 [48]
 [57]
 [57]
 [57]
 [57]
 [57]
 [57]
 [45]
 [48]
 [32]
 [54]
 [52]
 [49]
 [55]
 [46]
 [51]
 [52]
 [53]
 [57]
 [54]
 [51]
 [45]
 [49]] 
------------------------ Dataset: Swt ------------------------
shape: (33, 1), dtype: uint16
Data:[[54]
 [54]
 [48]
 [57]
 [46]
 [52]
 [51]
 [56]
 [48]
 [53]
 [54]
 [45]
 [48]
 [32]
 [54]
 [54]
 [48]
 [57]
 [46]
 [52]
 [51]
 [56]
 [48]
 [56]
 [48]
 [57]
 [57]
 [57]
 [57]
 [57]
 [57]
 [45]
 [49]] 
------------------------ Dataset: Swu ------------------------
shape: (33, 1), dtype: uint16
Data:[[54]
 [54]
 [50]
 [53]
 [46]
 [51]
 [56]
 [56]
 [51]
 [50]
 [50]
 [57]
 [57]
 [57]
 [57]
 [57]
 [57]
 [45]
 [48]
 [32]
 [54]
 [54]
 [50]
 [53]
 [46]
 [51]
 [56]
 [51]
 [50]
 [55]
 [54]
 [45]
 [49]] 
------------------------ Dataset: Swv ------------------------
shape: (27, 1), dtype: uint16
Data:[[54]
 [54]
 [52]
 [49]
 [46]
 [49]
 [53]
 [56]
 [49]
 [53]
 [50]
 [45]
 [48]
 [32]
 [54]
 [54]
 [52]
 [49]
 [46]
 [49]
 [54]
 [50]
 [49]
 [49]
 [53]
 [45]
 [49]] 
------------------------ Dataset: Sww ------------------------
shape: (32, 1), dtype: uint16
Data:[[54]
 [54]
 [53]
 [54]
 [46]
 [56]
 [48]
 [54]
 [49]
 [53]
 [52]
 [57]
 [57]
 [57]
 [57]
 [57]
 [57]
 [45]
 [48]
 [32]
 [54]
 [54]
 [53]
 [54]
 [46]
 [56]
 [48]
 [50]
 [49]
 [51]
 [45]
 [49]] 
------------------------ Dataset: Swx ------------------------
shape: (33, 1), dtype: uint16
Data:[[54]
 [54]
 [55]
 [50]
 [46]
 [55]
 [51]
 [48]
 [50]
 [51]
 [50]
 [57]
 [57]
 [57]
 [57]
 [57]
 [57]
 [45]
 [48]
 [32]
 [54]
 [54]
 [55]
 [50]
 [46]
 [55]
 [51]
 [48]
 [51]
 [54]
 [49]
 [45]
 [49]] 
------------------------ Dataset: Swy ------------------------
shape: (33, 1), dtype: uint16
Data:[[54]
 [54]
 [56]
 [56]
 [46]
 [54]
 [50]
 [52]
 [49]
 [51]
 [50]
 [45]
 [48]
 [32]
 [54]
 [54]
 [56]
 [56]
 [46]
 [54]
 [49]
 [57]
 [51]
 [53]
 [56]
 [57]
 [57]
 [57]
 [57]
 [57]
 [57]
 [45]
 [49]] 
------------------------ Dataset: Swz ------------------------
shape: (27, 1), dtype: uint16
Data:[[53]
 [57]
 [48]
 [54]
 [46]
 [53]
 [49]
 [51]
 [54]
 [51]
 [52]
 [45]
 [48]
 [32]
 [53]
 [57]
 [48]
 [54]
 [46]
 [53]
 [48]
 [57]
 [54]
 [51]
 [55]
 [45]
 [49]] 
------------------------ Dataset: Sx ------------------------

shape: (1, 6), dtype: uint32
Data:[[3707764736          2          1          1       1374          1]] 
------------------------ Dataset: Twb ------------------------
shape: (19, 1), dtype: uint16
Data:[[54]
 [55]
 [55]
 [48]
 [46]
 [51]
 [50]
 [50]
 [51]
 [56]
 [57]
 [57]
 [57]
 [57]
 [57]
 [57]
 [57]
 [45]
 [48]] 
------------------------ Dataset: Twc ------------------------
shape: (33, 1), dtype: uint16
Data:[[54]
 [50]
 [56]
 [51]
 [46]
 [48]
 [57]
 [51]
 [57]
 [56]
 [56]
 [45]
 [48]
 [32]
 [54]
 [50]
 [56]
 [51]
 [46]
 [48]
 [57]
 [49]
 [55]
 [55]
 [53]
 [57]
 [57]
 [57]
 [57]
 [57]
 [57]
 [45]
 [49]] 
------------------------ Dataset: Twd ------------------------
shape: (27, 1), dtype: uint16
Data:[[54]
 [50]
 [57]
 [56]
 [46]
 [56]
 [55]
 [55]
 [57]
 [48]
 [57]
 [45]
 [48]
 [32]
 [54]
 [50]
 [57]
 [56]
 [46]
 [56]
 [55]
 [52]
 [53]
 [57]
 [52]
 [45]
 [49]] 
------------------------ Dataset: Twe ------------------------
shape: (27, 1), dtype: uint16
Data:[[54]
 [51]
 [49]
 [52]
 [46]
 [55]
 [51]
 [54]
 [52]
 [53]
 [54]
 [45]
 [48]
 [32]
 [54]
 [51]
 [49]
 [52]
 [46]
 [55]
 [51]
 [56]
 [50]
 [52]
 [51]
 [45]
 [49]] 
------------------------ Dataset: Twf ------------------------
shape: (34, 1), dtype: uint16
Data:[[54]
 [51]
 [51]
 [48]
 [46]
 [53]
 [55]
 [48]
 [57]
 [57]
 [49]
 [45]
 [48]
 [32]
 [54]
 [51]
 [51]
 [48]
 [46]
 [53]
 [55]
 [51]
 [51]
 [53]
 [52]
 [57]
 [57]
 [57]
 [57]
 [57]
 [57]
 [53]
 [45]
 [49]] 
------------------------ Dataset: Twg ------------------------
shape: (27, 1), dtype: uint16
Data:[[54]
 [51]
 [52]
 [54]
 [46]
 [52]
 [48]
 [53]
 [57]
 [54]
 [55]
 [45]
 [48]
 [32]
 [54]
 [51]
 [52]
 [54]
 [46]
 [52]
 [48]
 [57]
 [57]
 [57]
 [55]
 [45]
 [49]] 
------------------------ Dataset: Twh ------------------------
shape: (20, 1), dtype: uint16
Data:[[54]
 [53]
 [49]
 [49]
 [46]
 [52]
 [56]
 [48]
 [49]
 [48]
 [49]
 [57]
 [57]
 [57]
 [57]
 [57]
 [57]
 [53]
 [45]
 [49]] 
------------------------ Dataset: Twi ------------------------
shape: (40, 1), dtype: uint16
Data:[[54]
 [53]
 [50]
 [55]
 [46]
 [51]
 [50]
 [49]
 [57]
 [56]
 [57]
 [57]
 [57]
 [57]
 [57]
 [57]
 [57]
 [53]
 [45]
 [48]
 [32]
 [54]
 [53]
 [50]
 [55]
 [46]
 [51]
 [50]
 [54]
 [48]
 [55]
 [50]
 [57]
 [57]
 [57]
 [57]
 [57]
 [57]
 [45]
 [49]] 
------------------------ Dataset: Twj ------------------------
shape: (27, 1), dtype: uint16
Data:[[54]
 [48]
 [50]
 [50]
 [46]
 [57]
 [48]
 [48]
 [50]
 [57]
 [56]
 [45]
 [48]
 [32]
 [54]
 [48]
 [50]
 [50]
 [46]
 [57]
 [48]
 [55]
 [51]
 [51]
 [53]
 [45]
 [49]] 
------------------------ Dataset: Twk ------------------------
shape: (39, 1), dtype: uint16
Data:[[54]
 [48]
 [51]
 [56]
 [46]
 [54]
 [54]
 [54]
 [48]
 [48]
 [50]
 [57]
 [57]
 [57]
 [57]
 [57]
 [57]
 [45]
 [48]
 [32]
 [54]
 [48]
 [51]
 [56]
 [46]
 [54]
 [54]
 [54]
 [48]
 [48]
 [50]
 [57]
 [57]
 [57]
 [57]
 [57]
 [57]
 [45]
 [49]] 
------------------------ Dataset: Twl ------------------------
shape: (33, 1), dtype: uint16
Data:[[54]
 [48]
 [53]
 [52]
 [46]
 [51]
 [49]
 [51]
 [57]
 [49]
 [51]
 [45]
 [48]
 [32]
 [54]
 [48]
 [53]
 [52]
 [46]
 [51]
 [49]
 [55]
 [56]
 [53]
 [55]
 [57]
 [57]
 [57]
 [57]
 [57]
 [57]
 [45]
 [49]] 
------------------------ Dataset: Twm ------------------------
shape: (34, 1), dtype: uint16
Data:[[54]
 [48]
 [55]
 [48]
 [46]
 [50]
 [53]
 [54]
 [53]
 [50]
 [55]
 [45]
 [48]
 [32]
 [54]
 [48]
 [55]
 [48]
 [46]
 [50]
 [54]
 [51]
 [54]
 [53]
 [54]
 [57]
 [57]
 [57]
 [57]
 [57]
 [57]
 [53]
 [45]
 [49]] 
------------------------ Dataset: Twn ------------------------
shape: (33, 1), dtype: uint16
Data:[[53]
 [54]
 [51]
 [49]
 [46]
 [49]
 [51]
 [52]
 [55]
 [56]
 [55]
 [57]
 [57]
 [57]
 [57]
 [57]
 [57]
 [45]
 [48]
 [32]
 [53]
 [54]
 [51]
 [49]
 [46]
 [49]
 [51]
 [55]
 [55]
 [51]
 [57]
 [45]
 [49]] 
------------------------ Dataset: Two ------------------------
shape: (33, 1), dtype: uint16
Data:[[53]
 [54]
 [52]
 [54]
 [46]
 [56]
 [49]
 [48]
 [57]
 [51]
 [54]
 [57]
 [57]
 [57]
 [57]
 [57]
 [57]
 [45]
 [48]
 [32]
 [53]
 [54]
 [52]
 [54]
 [46]
 [56]
 [48]
 [54]
 [49]
 [57]
 [53]
 [45]
 [49]] 
------------------------ Dataset: Twp ------------------------
shape: (27, 1), dtype: uint16
Data:[[53]
 [54]
 [54]
 [50]
 [46]
 [53]
 [52]
 [53]
 [54]
 [53]
 [50]
 [45]
 [48]
 [32]
 [53]
 [54]
 [54]
 [50]
 [46]
 [53]
 [52]
 [57]
 [55]
 [56]
 [52]
 [45]
 [49]] 
------------------------ Dataset: Twq ------------------------
shape: (40, 1), dtype: uint16
Data:[[53]
 [54]
 [55]
 [56]
 [46]
 [50]
 [57]
 [49]
 [55]
 [48]
 [49]
 [57]
 [57]
 [57]
 [57]
 [57]
 [57]
 [53]
 [45]
 [48]
 [32]
 [53]
 [54]
 [55]
 [56]
 [46]
 [50]
 [57]
 [48]
 [56]
 [52]
 [49]
 [57]
 [57]
 [57]
 [57]
 [57]
 [57]
 [45]
 [49]] 
------------------------ Dataset: Twr ------------------------
shape: (27, 1), dtype: uint16
Data:[[53]
 [54]
 [57]
 [52]
 [46]
 [48]
 [50]
 [57]
 [53]
 [54]
 [53]
 [45]
 [48]
 [32]
 [53]
 [54]
 [57]
 [52]
 [46]
 [48]
 [50]
 [53]
 [56]
 [49]
 [50]
 [45]
 [49]] 
------------------------ Dataset: Tws ------------------------
shape: (33, 1), dtype: uint16
Data:[[54]
 [52]
 [49]
 [55]
 [46]
 [51]
 [53]
 [51]
 [57]
 [54]
 [55]
 [57]
 [57]
 [57]
 [57]
 [57]
 [57]
 [45]
 [48]
 [32]
 [54]
 [52]
 [49]
 [55]
 [46]
 [51]
 [52]
 [53]
 [57]
 [54]
 [51]
 [45]
 [49]] 
------------------------ Dataset: Twt ------------------------
shape: (33, 1), dtype: uint16
Data:[[54]
 [54]
 [48]
 [57]
 [46]
 [52]
 [52]
 [54]
 [51]
 [54]
 [53]
 [45]
 [48]
 [32]
 [54]
 [54]
 [48]
 [57]
 [46]
 [52]
 [51]
 [56]
 [48]
 [56]
 [48]
 [57]
 [57]
 [57]
 [57]
 [57]
 [57]
 [45]
 [49]] 
------------------------ Dataset: Twu ------------------------
shape: (33, 1), dtype: uint16
Data:[[54]
 [54]
 [50]
 [53]
 [46]
 [51]
 [56]
 [56]
 [51]
 [50]
 [50]
 [57]
 [57]
 [57]
 [57]
 [57]
 [57]
 [45]
 [48]
 [32]
 [54]
 [54]
 [50]
 [53]
 [46]
 [51]
 [57]
 [49]
 [50]
 [54]
 [50]
 [45]
 [49]] 
------------------------ Dataset: Twv ------------------------
shape: (33, 1), dtype: uint16
Data:[[54]
 [54]
 [52]
 [49]
 [46]
 [49]
 [54]
 [54]
 [48]
 [50]
 [57]
 [57]
 [57]
 [57]
 [57]
 [57]
 [57]
 [45]
 [48]
 [32]
 [54]
 [54]
 [52]
 [49]
 [46]
 [49]
 [54]
 [50]
 [49]
 [49]
 [53]
 [45]
 [49]] 
------------------------ Dataset: Tww ------------------------
shape: (32, 1), dtype: uint16
Data:[[54]
 [54]
 [53]
 [54]
 [46]
 [56]
 [48]
 [54]
 [49]
 [53]
 [52]
 [57]
 [57]
 [57]
 [57]
 [57]
 [57]
 [45]
 [48]
 [32]
 [54]
 [54]
 [53]
 [54]
 [46]
 [56]
 [49]
 [49]
 [51]
 [54]
 [45]
 [49]] 
------------------------ Dataset: Twx ------------------------
shape: (27, 1), dtype: uint16
Data:[[54]
 [54]
 [55]
 [50]
 [46]
 [55]
 [51]
 [51]
 [52]
 [48]
 [53]
 [45]
 [48]
 [32]
 [54]
 [54]
 [55]
 [50]
 [46]
 [55]
 [51]
 [48]
 [51]
 [54]
 [49]
 [45]
 [49]] 
------------------------ Dataset: Twy ------------------------
shape: (13, 1), dtype: uint16
Data:[[54]
 [54]
 [56]
 [56]
 [46]
 [54]
 [50]
 [52]
 [49]
 [51]
 [50]
 [45]
 [48]] 
------------------------ Dataset: Twz ------------------------
shape: (27, 1), dtype: uint16
Data:[[53]
 [57]
 [48]
 [54]
 [46]
 [53]
 [49]
 [51]
 [54]
 [51]
 [52]
 [45]
 [48]
 [32]
 [53]
 [57]
 [48]
 [54]
 [46]
 [53]
 [49]
 [56]
 [57]
 [54]
 [52]
 [45]
 [49]] 
------------------------ Dataset: Tx ------------------------

shape: (1, 6), dtype: uint32
Data:[[3707764736          2          1          1       1375          1]] 
------------------------ Dataset: Uwb ------------------------
shape: (19, 1), dtype: uint16
Data:[[54]
 [55]
 [55]
 [48]
 [46]
 [51]
 [50]
 [54]
 [48]
 [56]
 [56]
 [57]
 [57]
 [57]
 [57]
 [57]
 [57]
 [45]
 [49]] 
------------------------ Dataset: Uwc ------------------------
shape: (33, 1), dtype: uint16
Data:[[54]
 [50]
 [56]
 [51]
 [46]
 [48]
 [57]
 [51]
 [57]
 [56]
 [56]
 [45]
 [48]
 [32]
 [54]
 [50]
 [56]
 [51]
 [46]
 [48]
 [57]
 [55]
 [56]
 [54]
 [56]
 [57]
 [57]
 [57]
 [57]
 [57]
 [57]
 [45]
 [49]] 
------------------------ Dataset: Uwd ------------------------
shape: (33, 1), dtype: uint16
Data:[[54]
 [50]
 [57]
 [56]
 [46]
 [56]
 [55]
 [55]
 [57]
 [48]
 [57]
 [45]
 [48]
 [32]
 [54]
 [50]
 [57]
 [56]
 [46]
 [56]
 [56]
 [50]
 [57]
 [48]
 [54]
 [57]
 [57]
 [57]
 [57]
 [57]
 [57]
 [45]
 [49]] 
------------------------ Dataset: Uwe ------------------------
shape: (27, 1), dtype: uint16
Data:[[54]
 [51]
 [49]
 [52]
 [46]
 [55]
 [52]
 [49]
 [57]
 [54]
 [52]
 [45]
 [48]
 [32]
 [54]
 [51]
 [49]
 [52]
 [46]
 [55]
 [51]
 [56]
 [50]
 [52]
 [51]
 [45]
 [49]] 
------------------------ Dataset: Uwf ------------------------
shape: (34, 1), dtype: uint16
Data:[[54]
 [51]
 [51]
 [48]
 [46]
 [53]
 [55]
 [54]
 [50]
 [52]
 [57]
 [45]
 [48]
 [32]
 [54]
 [51]
 [51]
 [48]
 [46]
 [53]
 [55]
 [51]
 [51]
 [53]
 [52]
 [57]
 [57]
 [57]
 [57]
 [57]
 [57]
 [53]
 [45]
 [49]] 
------------------------ Dataset: Uwg ------------------------
shape: (34, 1), dtype: uint16
Data:[[54]
 [51]
 [52]
 [54]
 [46]
 [52]
 [49]
 [51]
 [56]
 [52]
 [53]
 [57]
 [57]
 [57]
 [57]
 [57]
 [57]
 [53]
 [45]
 [48]
 [32]
 [54]
 [51]
 [52]
 [54]
 [46]
 [52]
 [48]
 [57]
 [57]
 [57]
 [55]
 [45]
 [49]] 
------------------------ Dataset: Uwh ------------------------
shape: (27, 1), dtype: uint16
Data:[[54]
 [53]
 [49]
 [49]
 [46]
 [53]
 [48]
 [52]
 [52]
 [50]
 [57]
 [45]
 [48]
 [32]
 [54]
 [53]
 [49]
 [49]
 [46]
 [53]
 [48]
 [52]
 [53]
 [49]
 [53]
 [45]
 [49]] 
------------------------ Dataset: Uwi ------------------------
shape: (33, 1), dtype: uint16
Data:[[54]
 [53]
 [50]
 [55]
 [46]
 [51]
 [51]
 [48]
 [48]
 [55]
 [50]
 [45]
 [48]
 [32]
 [54]
 [53]
 [50]
 [55]
 [46]
 [51]
 [50]
 [54]
 [48]
 [55]
 [50]
 [57]
 [57]
 [57]
 [57]
 [57]
 [57]
 [45]
 [49]] 
------------------------ Dataset: Uwj ------------------------
shape: (34, 1), dtype: uint16
Data:[[54]
 [48]
 [50]
 [50]
 [46]
 [57]
 [48]
 [54]
 [49]
 [51]
 [50]
 [57]
 [57]
 [57]
 [57]
 [57]
 [57]
 [53]
 [45]
 [48]
 [32]
 [54]
 [48]
 [50]
 [50]
 [46]
 [57]
 [48]
 [55]
 [51]
 [51]
 [53]
 [45]
 [49]] 
------------------------ Dataset: Uwk ------------------------
shape: (33, 1), dtype: uint16
Data:[[54]
 [48]
 [51]
 [56]
 [46]
 [54]
 [54]
 [54]
 [48]
 [48]
 [50]
 [57]
 [57]
 [57]
 [57]
 [57]
 [57]
 [45]
 [48]
 [32]
 [54]
 [48]
 [51]
 [56]
 [46]
 [54]
 [55]
 [51]
 [55]
 [54]
 [52]
 [45]
 [49]] 
------------------------ Dataset: Uwl ------------------------
shape: (33, 1), dtype: uint16
Data:[[54]
 [48]
 [53]
 [52]
 [46]
 [51]
 [50]
 [49]
 [55]
 [49]
 [57]
 [45]
 [48]
 [32]
 [54]
 [48]
 [53]
 [52]
 [46]
 [51]
 [49]
 [55]
 [56]
 [53]
 [55]
 [57]
 [57]
 [57]
 [57]
 [57]
 [57]
 [45]
 [49]] 
------------------------ Dataset: Uwm ------------------------
shape: (34, 1), dtype: uint16
Data:[[54]
 [48]
 [55]
 [48]
 [46]
 [50]
 [54]
 [49]
 [57]
 [48]
 [55]
 [45]
 [48]
 [32]
 [54]
 [48]
 [55]
 [48]
 [46]
 [50]
 [54]
 [51]
 [54]
 [53]
 [54]
 [57]
 [57]
 [57]
 [57]
 [57]
 [57]
 [53]
 [45]
 [49]] 
------------------------ Dataset: Uwn ------------------------
shape: (27, 1), dtype: uint16
Data:[[53]
 [54]
 [51]
 [49]
 [46]
 [49]
 [52]
 [50]
 [55]
 [52]
 [52]
 [45]
 [48]
 [32]
 [53]
 [54]
 [51]
 [49]
 [46]
 [49]
 [51]
 [55]
 [55]
 [51]
 [57]
 [45]
 [49]] 
------------------------ Dataset: Uwo ------------------------
shape: (33, 1), dtype: uint16
Data:[[53]
 [54]
 [52]
 [54]
 [46]
 [56]
 [49]
 [48]
 [57]
 [51]
 [54]
 [57]
 [57]
 [57]
 [57]
 [57]
 [57]
 [45]
 [48]
 [32]
 [53]
 [54]
 [52]
 [54]
 [46]
 [56]
 [49]
 [52]
 [51]
 [49]
 [51]
 [45]
 [49]] 
------------------------ Dataset: Uwp ------------------------
shape: (27, 1), dtype: uint16
Data:[[53]
 [54]
 [54]
 [50]
 [46]
 [53]
 [53]
 [51]
 [54]
 [50]
 [56]
 [45]
 [48]
 [32]
 [53]
 [54]
 [54]
 [50]
 [46]
 [53]
 [52]
 [57]
 [55]
 [56]
 [52]
 [45]
 [49]] 
------------------------ Dataset: Uwq ------------------------
shape: (34, 1), dtype: uint16
Data:[[53]
 [54]
 [55]
 [56]
 [46]
 [50]
 [57]
 [49]
 [55]
 [48]
 [49]
 [57]
 [57]
 [57]
 [57]
 [57]
 [57]
 [53]
 [45]
 [48]
 [32]
 [53]
 [54]
 [55]
 [56]
 [46]
 [50]
 [57]
 [54]
 [52]
 [55]
 [55]
 [45]
 [49]] 
------------------------ Dataset: Uwr ------------------------
shape: (27, 1), dtype: uint16
Data:[[53]
 [54]
 [57]
 [52]
 [46]
 [48]
 [50]
 [57]
 [53]
 [54]
 [53]
 [45]
 [48]
 [32]
 [53]
 [54]
 [57]
 [52]
 [46]
 [48]
 [51]
 [51]
 [53]
 [57]
 [55]
 [45]
 [49]] 
------------------------ Dataset: Uws ------------------------
shape: (40, 1), dtype: uint16
Data:[[54]
 [52]
 [49]
 [55]
 [46]
 [51]
 [53]
 [51]
 [57]
 [54]
 [55]
 [57]
 [57]
 [57]
 [57]
 [57]
 [57]
 [45]
 [48]
 [32]
 [54]
 [52]
 [49]
 [55]
 [46]
 [51]
 [53]
 [52]
 [48]
 [50]
 [57]
 [57]
 [57]
 [57]
 [57]
 [57]
 [57]
 [53]
 [45]
 [49]] 
------------------------ Dataset: Uwt ------------------------
shape: (27, 1), dtype: uint16
Data:[[54]
 [54]
 [48]
 [57]
 [46]
 [52]
 [52]
 [54]
 [51]
 [54]
 [53]
 [45]
 [48]
 [32]
 [54]
 [54]
 [48]
 [57]
 [46]
 [52]
 [52]
 [54]
 [51]
 [52]
 [51]
 [45]
 [49]] 
------------------------ Dataset: Uwu ------------------------
shape: (33, 1), dtype: uint16
Data:[[54]
 [54]
 [50]
 [53]
 [46]
 [51]
 [57]
 [53]
 [52]
 [50]
 [48]
 [57]
 [57]
 [57]
 [57]
 [57]
 [57]
 [45]
 [48]
 [32]
 [54]
 [54]
 [50]
 [53]
 [46]
 [51]
 [57]
 [49]
 [50]
 [54]
 [50]
 [45]
 [49]] 
------------------------ Dataset: Uwv ------------------------
shape: (33, 1), dtype: uint16
Data:[[54]
 [54]
 [52]
 [49]
 [46]
 [49]
 [54]
 [54]
 [48]
 [50]
 [57]
 [57]
 [57]
 [57]
 [57]
 [57]
 [57]
 [45]
 [48]
 [32]
 [54]
 [54]
 [52]
 [49]
 [46]
 [49]
 [55]
 [48]
 [49]
 [52]
 [52]
 [45]
 [49]] 
------------------------ Dataset: Uww ------------------------
shape: (33, 1), dtype: uint16
Data:[[54]
 [54]
 [53]
 [54]
 [46]
 [56]
 [49]
 [53]
 [53]
 [48]
 [49]
 [57]
 [57]
 [57]
 [57]
 [57]
 [57]
 [53]
 [45]
 [48]
 [32]
 [54]
 [54]
 [53]
 [54]
 [46]
 [56]
 [49]
 [49]
 [51]
 [54]
 [45]
 [49]] 
------------------------ Dataset: Uwx ------------------------
shape: (34, 1), dtype: uint16
Data:[[54]
 [54]
 [55]
 [50]
 [46]
 [55]
 [51]
 [51]
 [52]
 [48]
 [53]
 [45]
 [48]
 [32]
 [54]
 [54]
 [55]
 [50]
 [46]
 [55]
 [51]
 [51]
 [50]
 [48]
 [52]
 [57]
 [57]
 [57]
 [57]
 [57]
 [57]
 [53]
 [45]
 [49]] 
------------------------ Dataset: Uwy ------------------------
shape: (39, 1), dtype: uint16
Data:[[54]
 [54]
 [56]
 [56]
 [46]
 [54]
 [52]
 [51]
 [56]
 [51]
 [56]
 [57]
 [57]
 [57]
 [57]
 [57]
 [57]
 [45]
 [48]
 [32]
 [54]
 [54]
 [56]
 [56]
 [46]
 [54]
 [52]
 [51]
 [50]
 [57]
 [53]
 [57]
 [57]
 [57]
 [57]
 [57]
 [57]
 [45]
 [49]] 
------------------------ Dataset: Uwz ------------------------
shape: (27, 1), dtype: uint16
Data:[[53]
 [57]
 [48]
 [54]
 [46]
 [53]
 [50]
 [54]
 [52]
 [49]
 [52]
 [45]
 [48]
 [32]
 [53]
 [57]
 [48]
 [54]
 [46]
 [53]
 [49]
 [56]
 [57]
 [54]
 [52]
 [45]
 [49]] 
------------------------ Dataset: Ux ------------------------

shape: (1, 6), dtype: uint32
Data:[[3707764736          2          1          1       1376          1]] 
------------------------ Dataset: Vwb ------------------------
shape: (13, 1), dtype: uint16
Data:[[54]
 [55]
 [55]
 [48]
 [46]
 [51]
 [51]
 [48]
 [48]
 [55]
 [50]
 [45]
 [48]] 
------------------------ Dataset: Vwc ------------------------
shape: (40, 1), dtype: uint16
Data:[[54]
 [50]
 [56]
 [51]
 [46]
 [49]
 [48]
 [49]
 [56]
 [55]
 [55]
 [57]
 [57]
 [57]
 [57]
 [57]
 [57]
 [53]
 [45]
 [48]
 [32]
 [54]
 [50]
 [56]
 [51]
 [46]
 [48]
 [57]
 [55]
 [56]
 [54]
 [56]
 [57]
 [57]
 [57]
 [57]
 [57]
 [57]
 [45]
 [49]] 
------------------------ Dataset: Vwd ------------------------
shape: (39, 1), dtype: uint16
Data:[[54]
 [50]
 [57]
 [56]
 [46]
 [56]
 [56]
 [54]
 [50]
 [48]
 [56]
 [57]
 [57]
 [57]
 [57]
 [57]
 [57]
 [45]
 [48]
 [32]
 [54]
 [50]
 [57]
 [56]
 [46]
 [56]
 [56]
 [50]
 [57]
 [48]
 [54]
 [57]
 [57]
 [57]
 [57]
 [57]
 [57]
 [45]
 [49]] 
------------------------ Dataset: Vwe ------------------------
shape: (27, 1), dtype: uint16
Data:[[54]
 [51]
 [49]
 [52]
 [46]
 [55]
 [52]
 [49]
 [57]
 [54]
 [52]
 [45]
 [48]
 [32]
 [54]
 [51]
 [49]
 [52]
 [46]
 [55]
 [52]
 [53]
 [57]
 [52]
 [54]
 [45]
 [49]] 
------------------------ Dataset: Vwf ------------------------
shape: (34, 1), dtype: uint16
Data:[[54]
 [51]
 [51]
 [48]
 [46]
 [53]
 [55]
 [54]
 [50]
 [52]
 [57]
 [45]
 [48]
 [32]
 [54]
 [51]
 [51]
 [48]
 [46]
 [53]
 [55]
 [56]
 [53]
 [51]
 [49]
 [57]
 [57]
 [57]
 [57]
 [57]
 [57]
 [53]
 [45]
 [49]] 
------------------------ Dataset: Vwg ------------------------
shape: (34, 1), dtype: uint16
Data:[[54]
 [51]
 [52]
 [54]
 [46]
 [52]
 [49]
 [51]
 [56]
 [52]
 [53]
 [57]
 [57]
 [57]
 [57]
 [57]
 [57]
 [53]
 [45]
 [48]
 [32]
 [54]
 [51]
 [52]
 [54]
 [46]
 [52]
 [49]
 [55]
 [57]
 [51]
 [54]
 [45]
 [49]] 
------------------------ Dataset: Vwh ------------------------
shape: (27, 1), dtype: uint16
Data:[[54]
 [53]
 [49]
 [49]
 [46]
 [53]
 [49]
 [48]
 [48]
 [53]
 [56]
 [45]
 [48]
 [32]
 [54]
 [53]
 [49]
 [49]
 [46]
 [53]
 [48]
 [52]
 [53]
 [49]
 [53]
 [45]
 [49]] 
------------------------ Dataset: Vwi ------------------------
shape: (33, 1), dtype: uint16
Data:[[54]
 [53]
 [50]
 [55]
 [46]
 [51]
 [51]
 [48]
 [48]
 [55]
 [50]
 [45]
 [48]
 [32]
 [54]
 [53]
 [50]
 [55]
 [46]
 [51]
 [51]
 [52]
 [49]
 [48]
 [53]
 [57]
 [57]
 [57]
 [57]
 [57]
 [57]
 [45]
 [49]] 
------------------------ Dataset: Vwj ------------------------
shape: (27, 1), dtype: uint16
Data:[[54]
 [48]
 [50]
 [50]
 [46]
 [57]
 [49]
 [48]
 [51]
 [48]
 [54]
 [45]
 [48]
 [32]
 [54]
 [48]
 [50]
 [50]
 [46]
 [57]
 [48]
 [55]
 [51]
 [51]
 [53]
 [45]
 [49]] 
------------------------ Dataset: Vwk ------------------------
shape: (27, 1), dtype: uint16
Data:[[54]
 [48]
 [51]
 [56]
 [46]
 [54]
 [55]
 [51]
 [55]
 [54]
 [52]
 [45]
 [48]
 [32]
 [54]
 [48]
 [51]
 [56]
 [46]
 [54]
 [55]
 [51]
 [55]
 [54]
 [52]
 [45]
 [49]] 
------------------------ Dataset: Vwl ------------------------
shape: (33, 1), dtype: uint16
Data:[[54]
 [48]
 [53]
 [52]
 [46]
 [51]
 [50]
 [49]
 [55]
 [49]
 [57]
 [45]
 [48]
 [32]
 [54]
 [48]
 [53]
 [52]
 [46]
 [51]
 [50]
 [53]
 [54]
 [55]
 [55]
 [57]
 [57]
 [57]
 [57]
 [57]
 [57]
 [45]
 [49]] 
------------------------ Dataset: Vwm ------------------------
shape: (34, 1), dtype: uint16
Data:[[54]
 [48]
 [55]
 [48]
 [46]
 [50]
 [54]
 [54]
 [57]
 [50]
 [53]
 [45]
 [48]
 [32]
 [54]
 [48]
 [55]
 [48]
 [46]
 [50]
 [54]
 [51]
 [54]
 [53]
 [54]
 [57]
 [57]
 [57]
 [57]
 [57]
 [57]
 [53]
 [45]
 [49]] 
------------------------ Dataset: Vwn ------------------------
shape: (33, 1), dtype: uint16
Data:[[53]
 [54]
 [51]
 [49]
 [46]
 [49]
 [52]
 [50]
 [55]
 [52]
 [52]
 [45]
 [48]
 [32]
 [53]
 [54]
 [51]
 [49]
 [46]
 [49]
 [52]
 [53]
 [55]
 [57]
 [57]
 [57]
 [57]
 [57]
 [57]
 [57]
 [57]
 [45]
 [49]] 
------------------------ Dataset: Vwo ------------------------
shape: (27, 1), dtype: uint16
Data:[[53]
 [54]
 [52]
 [54]
 [46]
 [56]
 [49]
 [56]
 [49]
 [55]
 [55]
 [45]
 [48]
 [32]
 [53]
 [54]
 [52]
 [54]
 [46]
 [56]
 [49]
 [52]
 [51]
 [49]
 [51]
 [45]
 [49]] 
------------------------ Dataset: Vwp ------------------------
shape: (27, 1), dtype: uint16
Data:[[53]
 [54]
 [54]
 [50]
 [46]
 [53]
 [53]
 [51]
 [54]
 [50]
 [56]
 [45]
 [48]
 [32]
 [53]
 [54]
 [54]
 [50]
 [46]
 [53]
 [53]
 [55]
 [53]
 [57]
 [49]
 [45]
 [49]] 
------------------------ Dataset: Vwq ------------------------
shape: (33, 1), dtype: uint16
Data:[[53]
 [54]
 [55]
 [56]
 [46]
 [50]
 [57]
 [55]
 [56]
 [56]
 [53]
 [57]
 [57]
 [57]
 [57]
 [57]
 [57]
 [45]
 [48]
 [32]
 [53]
 [54]
 [55]
 [56]
 [46]
 [50]
 [57]
 [54]
 [52]
 [55]
 [55]
 [45]
 [49]] 
------------------------ Dataset: Vwr ------------------------
shape: (26, 1), dtype: uint16
Data:[[53]
 [54]
 [57]
 [52]
 [46]
 [48]
 [51]
 [55]
 [53]
 [53]
 [45]
 [48]
 [32]
 [53]
 [54]
 [57]
 [52]
 [46]
 [48]
 [51]
 [51]
 [53]
 [57]
 [55]
 [45]
 [49]] 
------------------------ Dataset: Vws ------------------------
shape: (41, 1), dtype: uint16
Data:[[54]
 [52]
 [49]
 [55]
 [46]
 [51]
 [54]
 [53]
 [57]
 [54]
 [56]
 [57]
 [57]
 [57]
 [57]
 [57]
 [57]
 [53]
 [45]
 [48]
 [32]
 [54]
 [52]
 [49]
 [55]
 [46]
 [51]
 [53]
 [52]
 [48]
 [50]
 [57]
 [57]
 [57]
 [57]
 [57]
 [57]
 [57]
 [53]
 [45]
 [49]] 
------------------------ Dataset: Vwt ------------------------
shape: (27, 1), dtype: uint16
Data:[[54]
 [54]
 [48]
 [57]
 [46]
 [52]
 [52]
 [54]
 [51]
 [54]
 [53]
 [45]
 [48]
 [32]
 [54]
 [54]
 [48]
 [57]
 [46]
 [52]
 [53]
 [53]
 [49]
 [57]
 [49]
 [45]
 [49]] 
------------------------ Dataset: Vwu ------------------------
shape: (33, 1), dtype: uint16
Data:[[54]
 [54]
 [50]
 [53]
 [46]
 [51]
 [57]
 [53]
 [52]
 [50]
 [48]
 [57]
 [57]
 [57]
 [57]
 [57]
 [57]
 [45]
 [48]
 [32]
 [54]
 [54]
 [50]
 [53]
 [46]
 [51]
 [57]
 [56]
 [55]
 [50]
 [53]
 [45]
 [49]] 
------------------------ Dataset: Vwv ------------------------
shape: (27, 1), dtype: uint16
Data:[[54]
 [54]
 [52]
 [49]
 [46]
 [49]
 [55]
 [52]
 [55]
 [57]
 [50]
 [45]
 [48]
 [32]
 [54]
 [54]
 [52]
 [49]
 [46]
 [49]
 [55]
 [48]
 [49]
 [52]
 [52]
 [45]
 [49]] 
------------------------ Dataset: Vww ------------------------
shape: (34, 1), dtype: uint16
Data:[[54]
 [54]
 [53]
 [54]
 [46]
 [56]
 [49]
 [53]
 [53]
 [48]
 [49]
 [57]
 [57]
 [57]
 [57]
 [57]
 [57]
 [53]
 [45]
 [48]
 [32]
 [54]
 [54]
 [53]
 [54]
 [46]
 [56]
 [50]
 [49]
 [54]
 [52]
 [56]
 [45]
 [49]] 
------------------------ Dataset: Vwx ------------------------
shape: (27, 1), dtype: uint16
Data:[[54]
 [54]
 [55]
 [50]
 [46]
 [55]
 [51]
 [51]
 [52]
 [48]
 [53]
 [45]
 [48]
 [32]
 [54]
 [54]
 [55]
 [50]
 [46]
 [55]
 [51]
 [56]
 [50]
 [50]
 [53]
 [45]
 [49]] 
------------------------ Dataset: Vwy ------------------------
shape: (33, 1), dtype: uint16
Data:[[54]
 [54]
 [56]
 [56]
 [46]
 [54]
 [52]
 [51]
 [56]
 [51]
 [56]
 [57]
 [57]
 [57]
 [57]
 [57]
 [57]
 [45]
 [48]
 [32]
 [54]
 [54]
 [56]
 [56]
 [46]
 [54]
 [52]
 [57]
 [50]
 [52]
 [49]
 [45]
 [49]] 
------------------------ Dataset: Vwz ------------------------
shape: (27, 1), dtype: uint16
Data:[[53]
 [57]
 [48]
 [54]
 [46]
 [53]
 [50]
 [54]
 [52]
 [49]
 [52]
 [45]
 [48]
 [32]
 [53]
 [57]
 [48]
 [54]
 [46]
 [53]
 [51]
 [48]
 [56]
 [56]
 [55]
 [45]
 [49]] 
------------------------ Dataset: Vx ------------------------

shape: (1, 6), dtype: uint32
Data:[[3707764736          2          1          1       1377          1]] 
------------------------ Dataset: Wwb ------------------------
shape: (19, 1), dtype: uint16
Data:[[54]
 [55]
 [55]
 [48]
 [46]
 [51]
 [51]
 [52]
 [50]
 [52]
 [53]
 [57]
 [57]
 [57]
 [57]
 [57]
 [57]
 [45]
 [49]] 
------------------------ Dataset: Wwc ------------------------
shape: (34, 1), dtype: uint16
Data:[[54]
 [50]
 [56]
 [51]
 [46]
 [49]
 [48]
 [49]
 [56]
 [55]
 [55]
 [57]
 [57]
 [57]
 [57]
 [57]
 [57]
 [53]
 [45]
 [48]
 [32]
 [54]
 [50]
 [56]
 [51]
 [46]
 [49]
 [48]
 [53]
 [57]
 [54]
 [51]
 [45]
 [49]] 
------------------------ Dataset: Wwd ------------------------
shape: (33, 1), dtype: uint16
Data:[[54]
 [50]
 [57]
 [56]
 [46]
 [56]
 [56]
 [54]
 [50]
 [48]
 [56]
 [57]
 [57]
 [57]
 [57]
 [57]
 [57]
 [45]
 [48]
 [32]
 [54]
 [50]
 [57]
 [56]
 [46]
 [56]
 [57]
 [56]
 [48]
 [51]
 [57]
 [45]
 [49]] 
------------------------ Dataset: Wwe ------------------------
shape: (27, 1), dtype: uint16
Data:[[54]
 [51]
 [49]
 [52]
 [46]
 [55]
 [52]
 [57]
 [56]
 [53]
 [49]
 [45]
 [48]
 [32]
 [54]
 [51]
 [49]
 [52]
 [46]
 [55]
 [52]
 [53]
 [57]
 [52]
 [54]
 [45]
 [49]] 
------------------------ Dataset: Wwf ------------------------
shape: (40, 1), dtype: uint16
Data:[[54]
 [51]
 [51]
 [48]
 [46]
 [53]
 [56]
 [50]
 [51]
 [56]
 [48]
 [57]
 [57]
 [57]
 [57]
 [57]
 [57]
 [45]
 [48]
 [32]
 [54]
 [51]
 [51]
 [48]
 [46]
 [53]
 [55]
 [56]
 [53]
 [51]
 [49]
 [57]
 [57]
 [57]
 [57]
 [57]
 [57]
 [53]
 [45]
 [49]] 
------------------------ Dataset: Wwg ------------------------
shape: (27, 1), dtype: uint16
Data:[[54]
 [51]
 [52]
 [54]
 [46]
 [52]
 [50]
 [49]
 [57]
 [54]
 [52]
 [45]
 [48]
 [32]
 [54]
 [51]
 [52]
 [54]
 [46]
 [52]
 [49]
 [55]
 [57]
 [51]
 [54]
 [45]
 [49]] 
------------------------ Dataset: Wwh ------------------------
shape: (26, 1), dtype: uint16
Data:[[54]
 [53]
 [49]
 [49]
 [46]
 [53]
 [49]
 [48]
 [48]
 [53]
 [56]
 [45]
 [48]
 [32]
 [54]
 [53]
 [49]
 [49]
 [46]
 [53]
 [49]
 [48]
 [51]
 [49]
 [45]
 [49]] 
------------------------ Dataset: Wwi ------------------------
shape: (33, 1), dtype: uint16
Data:[[54]
 [53]
 [50]
 [55]
 [46]
 [51]
 [51]
 [56]
 [50]
 [54]
 [51]
 [45]
 [48]
 [32]
 [54]
 [53]
 [50]
 [55]
 [46]
 [51]
 [51]
 [52]
 [49]
 [48]
 [53]
 [57]
 [57]
 [57]
 [57]
 [57]
 [57]
 [45]
 [49]] 
------------------------ Dataset: Wwj ------------------------
shape: (34, 1), dtype: uint16
Data:[[54]
 [48]
 [50]
 [50]
 [46]
 [57]
 [49]
 [48]
 [51]
 [48]
 [54]
 [45]
 [48]
 [32]
 [54]
 [48]
 [50]
 [50]
 [46]
 [57]
 [50]
 [49]
 [54]
 [51]
 [54]
 [57]
 [57]
 [57]
 [57]
 [57]
 [57]
 [53]
 [45]
 [49]] 
------------------------ Dataset: Wwk ------------------------
shape: (27, 1), dtype: uint16
Data:[[54]
 [48]
 [51]
 [56]
 [46]
 [54]
 [55]
 [51]
 [55]
 [54]
 [52]
 [45]
 [48]
 [32]
 [54]
 [48]
 [51]
 [56]
 [46]
 [54]
 [56]
 [49]
 [57]
 [50]
 [53]
 [45]
 [49]] 
------------------------ Dataset: Wwl ------------------------
shape: (39, 1), dtype: uint16
Data:[[54]
 [48]
 [53]
 [52]
 [46]
 [51]
 [50]
 [57]
 [55]
 [54]
 [49]
 [57]
 [57]
 [57]
 [57]
 [57]
 [57]
 [45]
 [48]
 [32]
 [54]
 [48]
 [53]
 [52]
 [46]
 [51]
 [50]
 [53]
 [54]
 [55]
 [55]
 [57]
 [57]
 [57]
 [57]
 [57]
 [57]
 [45]
 [49]] 
------------------------ Dataset: Wwm ------------------------
shape: (27, 1), dtype: uint16
Data:[[54]
 [48]
 [55]
 [48]
 [46]
 [50]
 [54]
 [54]
 [57]
 [50]
 [53]
 [45]
 [48]
 [32]
 [54]
 [48]
 [55]
 [48]
 [46]
 [50]
 [55]
 [48]
 [49]
 [52]
 [52]
 [45]
 [49]] 
------------------------ Dataset: Wwn ------------------------
shape: (33, 1), dtype: uint16
Data:[[53]
 [54]
 [51]
 [49]
 [46]
 [49]
 [52]
 [57]
 [53]
 [57]
 [50]
 [45]
 [48]
 [32]
 [53]
 [54]
 [51]
 [49]
 [46]
 [49]
 [52]
 [53]
 [55]
 [57]
 [57]
 [57]
 [57]
 [57]
 [57]
 [57]
 [57]
 [45]
 [49]] 
------------------------ Dataset: Wwo ------------------------
shape: (27, 1), dtype: uint16
Data:[[53]
 [54]
 [52]
 [54]
 [46]
 [56]
 [49]
 [56]
 [49]
 [55]
 [55]
 [45]
 [48]
 [32]
 [53]
 [54]
 [52]
 [54]
 [46]
 [56]
 [50]
 [50]
 [48]
 [48]
 [50]
 [45]
 [49]] 
------------------------ Dataset: Wwp ------------------------
shape: (34, 1), dtype: uint16
Data:[[53]
 [54]
 [54]
 [50]
 [46]
 [53]
 [54]
 [49]
 [57]
 [54]
 [51]
 [57]
 [57]
 [57]
 [57]
 [57]
 [57]
 [53]
 [45]
 [48]
 [32]
 [53]
 [54]
 [54]
 [50]
 [46]
 [53]
 [53]
 [55]
 [53]
 [57]
 [49]
 [45]
 [49]] 
------------------------ Dataset: Wwq ------------------------
shape: (33, 1), dtype: uint16
Data:[[53]
 [54]
 [55]
 [56]
 [46]
 [50]
 [57]
 [55]
 [56]
 [56]
 [53]
 [57]
 [57]
 [57]
 [57]
 [57]
 [57]
 [45]
 [48]
 [32]
 [53]
 [54]
 [55]
 [56]
 [46]
 [51]
 [48]
 [53]
 [48]
 [57]
 [51]
 [45]
 [49]] 
------------------------ Dataset: Wwr ------------------------
shape: (26, 1), dtype: uint16
Data:[[53]
 [54]
 [57]
 [52]
 [46]
 [48]
 [51]
 [55]
 [53]
 [53]
 [45]
 [48]
 [32]
 [53]
 [54]
 [57]
 [52]
 [46]
 [48]
 [52]
 [49]
 [54]
 [54]
 [53]
 [45]
 [49]] 
------------------------ Dataset: Wws ------------------------
shape: (40, 1), dtype: uint16
Data:[[54]
 [52]
 [49]
 [55]
 [46]
 [51]
 [54]
 [53]
 [57]
 [54]
 [56]
 [57]
 [57]
 [57]
 [57]
 [57]
 [57]
 [53]
 [45]
 [48]
 [32]
 [54]
 [52]
 [49]
 [55]
 [46]
 [51]
 [54]
 [49]
 [57]
 [55]
 [53]
 [57]
 [57]
 [57]
 [57]
 [57]
 [57]
 [45]
 [49]] 
------------------------ Dataset: Wwt ------------------------
shape: (27, 1), dtype: uint16
Data:[[54]
 [54]
 [48]
 [57]
 [46]
 [52]
 [53]
 [53]
 [49]
 [57]
 [49]
 [45]
 [48]
 [32]
 [54]
 [54]
 [48]
 [57]
 [46]
 [52]
 [53]
 [53]
 [49]
 [57]
 [49]
 [45]
 [49]] 
------------------------ Dataset: Wwu ------------------------
shape: (27, 1), dtype: uint16
Data:[[54]
 [54]
 [50]
 [53]
 [46]
 [52]
 [49]
 [48]
 [48]
 [57]
 [54]
 [45]
 [48]
 [32]
 [54]
 [54]
 [50]
 [53]
 [46]
 [51]
 [57]
 [56]
 [55]
 [50]
 [53]
 [45]
 [49]] 
------------------------ Dataset: Wwv ------------------------
shape: (27, 1), dtype: uint16
Data:[[54]
 [54]
 [52]
 [49]
 [46]
 [49]
 [55]
 [52]
 [55]
 [57]
 [50]
 [45]
 [48]
 [32]
 [54]
 [54]
 [52]
 [49]
 [46]
 [49]
 [55]
 [56]
 [57]
 [55]
 [51]
 [45]
 [49]] 
------------------------ Dataset: Www ------------------------
shape: (33, 1), dtype: uint16
Data:[[54]
 [54]
 [53]
 [54]
 [46]
 [56]
 [50]
 [56]
 [48]
 [57]
 [48]
 [57]
 [57]
 [57]
 [57]
 [57]
 [57]
 [45]
 [48]
 [32]
 [54]
 [54]
 [53]
 [54]
 [46]
 [56]
 [50]
 [49]
 [54]
 [52]
 [56]
 [45]
 [49]] 
------------------------ Dataset: Wwx ------------------------
shape: (33, 1), dtype: uint16
Data:[[54]
 [54]
 [55]
 [50]
 [46]
 [55]
 [51]
 [54]
 [53]
 [54]
 [55]
 [57]
 [57]
 [57]
 [57]
 [57]
 [57]
 [45]
 [48]
 [32]
 [54]
 [54]
 [55]
 [50]
 [46]
 [55]
 [51]
 [56]
 [50]
 [50]
 [53]
 [45]
 [49]] 
------------------------ Dataset: Wwy ------------------------
shape: (33, 1), dtype: uint16
Data:[[54]
 [54]
 [56]
 [56]
 [46]
 [54]
 [52]
 [57]
 [50]
 [51]
 [53]
 [57]
 [57]
 [57]
 [57]
 [57]
 [57]
 [45]
 [48]
 [32]
 [54]
 [54]
 [56]
 [56]
 [46]
 [54]
 [52]
 [57]
 [50]
 [52]
 [49]
 [45]
 [49]] 
------------------------ Dataset: Wwz ------------------------
shape: (13, 1), dtype: uint16
Data:[[53]
 [57]
 [48]
 [54]
 [46]
 [53]
 [51]
 [48]
 [56]
 [56]
 [55]
 [45]
 [49]] 
------------------------ Dataset: Wx ------------------------

shape: (1, 6), dtype: uint32
Data:[[3707764736          2          1          1       1378          1]] 
------------------------ Dataset: Xwb ------------------------
shape: (12, 1), dtype: uint16
Data:[[54]
 [55]
 [55]
 [48]
 [46]
 [51]
 [51]
 [56]
 [49]
 [53]
 [45]
 [48]] 
------------------------ Dataset: Xwc ------------------------
shape: (27, 1), dtype: uint16
Data:[[54]
 [50]
 [56]
 [51]
 [46]
 [49]
 [49]
 [49]
 [48]
 [51]
 [55]
 [45]
 [48]
 [32]
 [54]
 [50]
 [56]
 [51]
 [46]
 [49]
 [48]
 [53]
 [57]
 [54]
 [51]
 [45]
 [49]] 
------------------------ Dataset: Xwd ------------------------
shape: (33, 1), dtype: uint16
Data:[[54]
 [50]
 [57]
 [56]
 [46]
 [56]
 [57]
 [56]
 [50]
 [51]
 [54]
 [57]
 [57]
 [57]
 [57]
 [57]
 [57]
 [45]
 [48]
 [32]
 [54]
 [50]
 [57]
 [56]
 [46]
 [56]
 [57]
 [56]
 [48]
 [51]
 [57]
 [45]
 [49]] 
------------------------ Dataset: Xwe ------------------------
shape: (34, 1), dtype: uint16
Data:[[54]
 [51]
 [49]
 [52]
 [46]
 [55]
 [52]
 [57]
 [56]
 [53]
 [49]
 [45]
 [48]
 [32]
 [54]
 [51]
 [49]
 [52]
 [46]
 [55]
 [53]
 [51]
 [57]
 [50]
 [48]
 [57]
 [57]
 [57]
 [57]
 [57]
 [57]
 [53]
 [45]
 [49]] 
------------------------ Dataset: Xwf ------------------------
shape: (39, 1), dtype: uint16
Data:[[54]
 [51]
 [51]
 [48]
 [46]
 [53]
 [56]
 [50]
 [51]
 [56]
 [48]
 [57]
 [57]
 [57]
 [57]
 [57]
 [57]
 [45]
 [48]
 [32]
 [54]
 [51]
 [51]
 [48]
 [46]
 [53]
 [56]
 [53]
 [57]
 [57]
 [49]
 [57]
 [57]
 [57]
 [57]
 [57]
 [57]
 [45]
 [49]] 
------------------------ Dataset: Xwg ------------------------
shape: (27, 1), dtype: uint16
Data:[[54]
 [51]
 [52]
 [54]
 [46]
 [52]
 [50]
 [49]
 [57]
 [54]
 [52]
 [45]
 [48]
 [32]
 [54]
 [51]
 [52]
 [54]
 [46]
 [52]
 [50]
 [54]
 [48]
 [50]
 [50]
 [45]
 [49]] 
------------------------ Dataset: Xwh ------------------------
shape: (26, 1), dtype: uint16
Data:[[54]
 [53]
 [49]
 [49]
 [46]
 [53]
 [49]
 [52]
 [57]
 [48]
 [49]
 [45]
 [48]
 [32]
 [54]
 [53]
 [49]
 [49]
 [46]
 [53]
 [49]
 [48]
 [51]
 [49]
 [45]
 [49]] 
------------------------ Dataset: Xwi ------------------------
shape: (27, 1), dtype: uint16
Data:[[54]
 [53]
 [50]
 [55]
 [46]
 [51]
 [51]
 [56]
 [50]
 [54]
 [51]
 [45]
 [48]
 [32]
 [54]
 [53]
 [50]
 [55]
 [46]
 [51]
 [52]
 [50]
 [49]
 [56]
 [54]
 [45]
 [49]] 
------------------------ Dataset: Xwj ------------------------
shape: (41, 1), dtype: uint16
Data:[[54]
 [48]
 [50]
 [50]
 [46]
 [57]
 [50]
 [49]
 [57]
 [57]
 [54]
 [57]
 [57]
 [57]
 [57]
 [57]
 [57]
 [53]
 [45]
 [48]
 [32]
 [54]
 [48]
 [50]
 [50]
 [46]
 [57]
 [50]
 [49]
 [54]
 [51]
 [54]
 [57]
 [57]
 [57]
 [57]
 [57]
 [57]
 [53]
 [45]
 [49]] 
------------------------ Dataset: Xwk ------------------------
shape: (27, 1), dtype: uint16
Data:[[54]
 [48]
 [51]
 [56]
 [46]
 [54]
 [56]
 [49]
 [57]
 [51]
 [57]
 [45]
 [48]
 [32]
 [54]
 [48]
 [51]
 [56]
 [46]
 [54]
 [56]
 [49]
 [57]
 [50]
 [53]
 [45]
 [49]] 
------------------------ Dataset: Xwl ------------------------
shape: (32, 1), dtype: uint16
Data:[[54]
 [48]
 [53]
 [52]
 [46]
 [51]
 [50]
 [57]
 [55]
 [54]
 [49]
 [57]
 [57]
 [57]
 [57]
 [57]
 [57]
 [45]
 [48]
 [32]
 [54]
 [48]
 [53]
 [52]
 [46]
 [51]
 [51]
 [51]
 [55]
 [50]
 [45]
 [49]] 
------------------------ Dataset: Xwm ------------------------
shape: (27, 1), dtype: uint16
Data:[[54]
 [48]
 [55]
 [48]
 [46]
 [50]
 [55]
 [51]
 [57]
 [51]
 [55]
 [45]
 [48]
 [32]
 [54]
 [48]
 [55]
 [48]
 [46]
 [50]
 [55]
 [48]
 [49]
 [52]
 [52]
 [45]
 [49]] 
------------------------ Dataset: Xwn ------------------------
shape: (33, 1), dtype: uint16
Data:[[53]
 [54]
 [51]
 [49]
 [46]
 [49]
 [52]
 [57]
 [53]
 [57]
 [50]
 [45]
 [48]
 [32]
 [53]
 [54]
 [51]
 [49]
 [46]
 [49]
 [53]
 [51]
 [55]
 [49]
 [49]
 [57]
 [57]
 [57]
 [57]
 [57]
 [57]
 [45]
 [49]] 
------------------------ Dataset: Xwo ------------------------
shape: (27, 1), dtype: uint16
Data:[[53]
 [54]
 [52]
 [54]
 [46]
 [56]
 [50]
 [54]
 [49]
 [56]
 [50]
 [45]
 [48]
 [32]
 [53]
 [54]
 [52]
 [54]
 [46]
 [56]
 [50]
 [50]
 [48]
 [48]
 [50]
 [45]
 [49]] 
------------------------ Dataset: Xwp ------------------------
shape: (41, 1), dtype: uint16
Data:[[53]
 [54]
 [54]
 [50]
 [46]
 [53]
 [54]
 [49]
 [57]
 [54]
 [51]
 [57]
 [57]
 [57]
 [57]
 [57]
 [57]
 [53]
 [45]
 [48]
 [32]
 [53]
 [54]
 [54]
 [50]
 [46]
 [53]
 [54]
 [53]
 [54]
 [53]
 [55]
 [57]
 [57]
 [57]
 [57]
 [57]
 [57]
 [53]
 [45]
 [49]] 
------------------------ Dataset: Xwq ------------------------
shape: (33, 1), dtype: uint16
Data:[[53]
 [54]
 [55]
 [56]
 [46]
 [51]
 [48]
 [53]
 [52]
 [53]
 [56]
 [57]
 [57]
 [57]
 [57]
 [57]
 [57]
 [45]
 [48]
 [32]
 [53]
 [54]
 [55]
 [56]
 [46]
 [51]
 [48]
 [53]
 [48]
 [57]
 [51]
 [45]
 [49]] 
------------------------ Dataset: Xwr ------------------------
shape: (27, 1), dtype: uint16
Data:[[53]
 [54]
 [57]
 [52]
 [46]
 [48]
 [52]
 [53]
 [54]
 [54]
 [49]
 [45]
 [48]
 [32]
 [53]
 [54]
 [57]
 [52]
 [46]
 [48]
 [52]
 [49]
 [54]
 [54]
 [53]
 [45]
 [49]] 
------------------------ Dataset: Xws ------------------------
shape: (40, 1), dtype: uint16
Data:[[54]
 [52]
 [49]
 [55]
 [46]
 [51]
 [54]
 [53]
 [57]
 [54]
 [56]
 [57]
 [57]
 [57]
 [57]
 [57]
 [57]
 [53]
 [45]
 [48]
 [32]
 [54]
 [52]
 [49]
 [55]
 [46]
 [51]
 [54]
 [57]
 [57]
 [50]
 [50]
 [57]
 [57]
 [57]
 [57]
 [57]
 [57]
 [45]
 [49]] 
------------------------ Dataset: Xwt ------------------------
shape: (27, 1), dtype: uint16
Data:[[54]
 [54]
 [48]
 [57]
 [46]
 [52]
 [53]
 [53]
 [49]
 [57]
 [49]
 [45]
 [48]
 [32]
 [54]
 [54]
 [48]
 [57]
 [46]
 [52]
 [54]
 [53]
 [53]
 [52]
 [56]
 [45]
 [49]] 
------------------------ Dataset: Xwu ------------------------
shape: (33, 1), dtype: uint16
Data:[[54]
 [54]
 [50]
 [53]
 [46]
 [52]
 [49]
 [48]
 [48]
 [57]
 [54]
 [45]
 [48]
 [32]
 [54]
 [54]
 [50]
 [53]
 [46]
 [52]
 [49]
 [56]
 [52]
 [50]
 [56]
 [57]
 [57]
 [57]
 [57]
 [57]
 [57]
 [45]
 [49]] 
------------------------ Dataset: Xwv ------------------------
shape: (27, 1), dtype: uint16
Data:[[54]
 [54]
 [52]
 [49]
 [46]
 [49]
 [56]
 [50]
 [55]
 [54]
 [51]
 [45]
 [48]
 [32]
 [54]
 [54]
 [52]
 [49]
 [46]
 [49]
 [55]
 [56]
 [57]
 [55]
 [51]
 [45]
 [49]] 
------------------------ Dataset: Xww ------------------------
shape: (33, 1), dtype: uint16
Data:[[54]
 [54]
 [53]
 [54]
 [46]
 [56]
 [50]
 [56]
 [48]
 [57]
 [48]
 [57]
 [57]
 [57]
 [57]
 [57]
 [57]
 [45]
 [48]
 [32]
 [54]
 [54]
 [53]
 [54]
 [46]
 [56]
 [52]
 [50]
 [49]
 [56]
 [52]
 [45]
 [49]] 
------------------------ Dataset: Xwx ------------------------
shape: (27, 1), dtype: uint16
Data:[[54]
 [54]
 [55]
 [50]
 [46]
 [55]
 [52]
 [50]
 [49]
 [49]
 [55]
 [45]
 [48]
 [32]
 [54]
 [54]
 [55]
 [50]
 [46]
 [55]
 [51]
 [56]
 [50]
 [50]
 [53]
 [45]
 [49]] 
------------------------ Dataset: Xwy ------------------------
shape: (26, 1), dtype: uint16
Data:[[54]
 [54]
 [56]
 [56]
 [46]
 [54]
 [53]
 [52]
 [52]
 [51]
 [45]
 [48]
 [32]
 [54]
 [54]
 [56]
 [56]
 [46]
 [54]
 [52]
 [57]
 [50]
 [52]
 [49]
 [45]
 [49]] 
------------------------ Dataset: Xwz ------------------------
shape: (27, 1), dtype: uint16
Data:[[53]
 [57]
 [48]
 [54]
 [46]
 [53]
 [53]
 [51]
 [48]
 [49]
 [56]
 [45]
 [48]
 [32]
 [53]
 [57]
 [48]
 [54]
 [46]
 [53]
 [53]
 [51]
 [48]
 [53]
 [55]
 [45]
 [49]] 
------------------------ Dataset: Xx ------------------------

shape: (1, 6), dtype: uint32
Data:[[3707764736          2          1          1       1379          1]] 
------------------------ Dataset: Ywb ------------------------
shape: (19, 1), dtype: uint16
Data:[[54]
 [55]
 [55]
 [48]
 [46]
 [51]
 [52]
 [50]
 [50]
 [51]
 [50]
 [57]
 [57]
 [57]
 [57]
 [57]
 [57]
 [45]
 [49]] 
------------------------ Dataset: Ywc ------------------------
shape: (33, 1), dtype: uint16
Data:[[54]
 [50]
 [56]
 [51]
 [46]
 [49]
 [49]
 [49]
 [48]
 [51]
 [55]
 [45]
 [48]
 [32]
 [54]
 [50]
 [56]
 [51]
 [46]
 [49]
 [49]
 [53]
 [57]
 [48]
 [54]
 [57]
 [57]
 [57]
 [57]
 [57]
 [57]
 [45]
 [49]] 
------------------------ Dataset: Ywd ------------------------
shape: (33, 1), dtype: uint16
Data:[[54]
 [50]
 [57]
 [56]
 [46]
 [56]
 [57]
 [56]
 [50]
 [51]
 [54]
 [57]
 [57]
 [57]
 [57]
 [57]
 [57]
 [45]
 [48]
 [32]
 [54]
 [50]
 [57]
 [56]
 [46]
 [57]
 [48]
 [49]
 [57]
 [53]
 [54]
 [45]
 [49]] 
------------------------ Dataset: Ywe ------------------------
shape: (40, 1), dtype: uint16
Data:[[54]
 [51]
 [49]
 [52]
 [46]
 [55]
 [53]
 [55]
 [57]
 [48]
 [54]
 [57]
 [57]
 [57]
 [57]
 [57]
 [57]
 [45]
 [48]
 [32]
 [54]
 [51]
 [49]
 [52]
 [46]
 [55]
 [53]
 [51]
 [57]
 [50]
 [48]
 [57]
 [57]
 [57]
 [57]
 [57]
 [57]
 [53]
 [45]
 [49]] 
------------------------ Dataset: Ywf ------------------------
shape: (39, 1), dtype: uint16
Data:[[54]
 [51]
 [51]
 [48]
 [46]
 [53]
 [56]
 [57]
 [57]
 [51]
 [50]
 [57]
 [57]
 [57]
 [57]
 [57]
 [57]
 [45]
 [48]
 [32]
 [54]
 [51]
 [51]
 [48]
 [46]
 [53]
 [56]
 [53]
 [57]
 [57]
 [49]
 [57]
 [57]
 [57]
 [57]
 [57]
 [57]
 [45]
 [49]] 
------------------------ Dataset: Ywg ------------------------
shape: (33, 1), dtype: uint16
Data:[[54]
 [51]
 [52]
 [54]
 [46]
 [52]
 [51]
 [48]
 [48]
 [54]
 [57]
 [57]
 [57]
 [57]
 [57]
 [57]
 [57]
 [45]
 [48]
 [32]
 [54]
 [51]
 [52]
 [54]
 [46]
 [52]
 [50]
 [54]
 [48]
 [50]
 [50]
 [45]
 [49]] 
------------------------ Dataset: Ywh ------------------------
shape: (27, 1), dtype: uint16
Data:[[54]
 [53]
 [49]
 [49]
 [46]
 [53]
 [49]
 [52]
 [57]
 [48]
 [49]
 [45]
 [48]
 [32]
 [54]
 [53]
 [49]
 [49]
 [46]
 [53]
 [49]
 [53]
 [53]
 [52]
 [57]
 [45]
 [49]] 
------------------------ Dataset: Ywi ------------------------
shape: (27, 1), dtype: uint16
Data:[[54]
 [53]
 [50]
 [55]
 [46]
 [51]
 [52]
 [54]
 [49]
 [50]
 [49]
 [45]
 [48]
 [32]
 [54]
 [53]
 [50]
 [55]
 [46]
 [51]
 [52]
 [50]
 [49]
 [56]
 [54]
 [45]
 [49]] 
------------------------ Dataset: Ywj ------------------------
shape: (34, 1), dtype: uint16
Data:[[54]
 [48]
 [50]
 [50]
 [46]
 [57]
 [50]
 [49]
 [57]
 [57]
 [54]
 [57]
 [57]
 [57]
 [57]
 [57]
 [57]
 [53]
 [45]
 [48]
 [32]
 [54]
 [48]
 [50]
 [50]
 [46]
 [57]
 [50]
 [52]
 [55]
 [56]
 [55]
 [45]
 [49]] 
------------------------ Dataset: Ywk ------------------------
shape: (27, 1), dtype: uint16
Data:[[54]
 [48]
 [51]
 [56]
 [46]
 [54]
 [56]
 [49]
 [57]
 [51]
 [57]
 [45]
 [48]
 [32]
 [54]
 [48]
 [51]
 [56]
 [46]
 [54]
 [57]
 [48]
 [51]
 [51]
 [55]
 [45]
 [49]] 
------------------------ Dataset: Ywl ------------------------
shape: (32, 1), dtype: uint16
Data:[[54]
 [48]
 [53]
 [52]
 [46]
 [51]
 [51]
 [55]
 [55]
 [57]
 [49]
 [57]
 [57]
 [57]
 [57]
 [57]
 [57]
 [45]
 [48]
 [32]
 [54]
 [48]
 [53]
 [52]
 [46]
 [51]
 [51]
 [51]
 [55]
 [50]
 [45]
 [49]] 
------------------------ Dataset: Ywm ------------------------
shape: (34, 1), dtype: uint16
Data:[[54]
 [48]
 [55]
 [48]
 [46]
 [50]
 [55]
 [51]
 [57]
 [51]
 [55]
 [45]
 [48]
 [32]
 [54]
 [48]
 [55]
 [48]
 [46]
 [50]
 [55]
 [56]
 [48]
 [50]
 [49]
 [57]
 [57]
 [57]
 [57]
 [57]
 [57]
 [53]
 [45]
 [49]] 
------------------------ Dataset: Ywn ------------------------
shape: (39, 1), dtype: uint16
Data:[[53]
 [54]
 [51]
 [49]
 [46]
 [49]
 [53]
 [55]
 [55]
 [52]
 [57]
 [57]
 [57]
 [57]
 [57]
 [57]
 [57]
 [45]
 [48]
 [32]
 [53]
 [54]
 [51]
 [49]
 [46]
 [49]
 [53]
 [51]
 [55]
 [49]
 [49]
 [57]
 [57]
 [57]
 [57]
 [57]
 [57]
 [45]
 [49]] 
------------------------ Dataset: Ywo ------------------------
shape: (33, 1), dtype: uint16
Data:[[53]
 [54]
 [52]
 [54]
 [46]
 [56]
 [50]
 [54]
 [49]
 [56]
 [50]
 [45]
 [48]
 [32]
 [53]
 [54]
 [52]
 [54]
 [46]
 [56]
 [50]
 [57]
 [57]
 [55]
 [51]
 [57]
 [57]
 [57]
 [57]
 [57]
 [57]
 [45]
 [49]] 
------------------------ Dataset: Ywp ------------------------
shape: (34, 1), dtype: uint16
Data:[[53]
 [54]
 [54]
 [50]
 [46]
 [53]
 [54]
 [57]
 [53]
 [57]
 [53]
 [45]
 [48]
 [32]
 [53]
 [54]
 [54]
 [50]
 [46]
 [53]
 [54]
 [53]
 [54]
 [53]
 [55]
 [57]
 [57]
 [57]
 [57]
 [57]
 [57]
 [53]
 [45]
 [49]] 
------------------------ Dataset: Ywq ------------------------
shape: (33, 1), dtype: uint16
Data:[[53]
 [54]
 [55]
 [56]
 [46]
 [51]
 [48]
 [53]
 [52]
 [53]
 [56]
 [57]
 [57]
 [57]
 [57]
 [57]
 [57]
 [45]
 [48]
 [32]
 [53]
 [54]
 [55]
 [56]
 [46]
 [51]
 [49]
 [48]
 [49]
 [52]
 [54]
 [45]
 [49]] 
------------------------ Dataset: Ywr ------------------------
shape: (33, 1), dtype: uint16
Data:[[53]
 [54]
 [57]
 [52]
 [46]
 [48]
 [52]
 [53]
 [54]
 [54]
 [49]
 [45]
 [48]
 [32]
 [53]
 [54]
 [57]
 [52]
 [46]
 [48]
 [52]
 [57]
 [54]
 [51]
 [57]
 [57]
 [57]
 [57]
 [57]
 [57]
 [57]
 [45]
 [49]] 
------------------------ Dataset: Yws ------------------------
shape: (33, 1), dtype: uint16
Data:[[54]
 [52]
 [49]
 [55]
 [46]
 [51]
 [55]
 [56]
 [50]
 [54]
 [52]
 [45]
 [48]
 [32]
 [54]
 [52]
 [49]
 [55]
 [46]
 [51]
 [54]
 [57]
 [57]
 [50]
 [50]
 [57]
 [57]
 [57]
 [57]
 [57]
 [57]
 [45]
 [49]] 
------------------------ Dataset: Ywt ------------------------
shape: (34, 1), dtype: uint16
Data:[[54]
 [54]
 [48]
 [57]
 [46]
 [52]
 [54]
 [53]
 [53]
 [57]
 [57]
 [57]
 [57]
 [57]
 [57]
 [57]
 [57]
 [53]
 [45]
 [48]
 [32]
 [54]
 [54]
 [48]
 [57]
 [46]
 [52]
 [54]
 [53]
 [53]
 [52]
 [56]
 [45]
 [49]] 
------------------------ Dataset: Ywu ------------------------
shape: (33, 1), dtype: uint16
Data:[[54]
 [54]
 [50]
 [53]
 [46]
 [52]
 [49]
 [56]
 [54]
 [51]
 [55]
 [45]
 [48]
 [32]
 [54]
 [54]
 [50]
 [53]
 [46]
 [52]
 [49]
 [56]
 [52]
 [50]
 [56]
 [57]
 [57]
 [57]
 [57]
 [57]
 [57]
 [45]
 [49]] 
------------------------ Dataset: Ywv ------------------------
shape: (27, 1), dtype: uint16
Data:[[54]
 [54]
 [52]
 [49]
 [46]
 [49]
 [56]
 [50]
 [55]
 [54]
 [51]
 [45]
 [48]
 [32]
 [54]
 [54]
 [52]
 [49]
 [46]
 [49]
 [56]
 [54]
 [49]
 [52]
 [50]
 [45]
 [49]] 
------------------------ Dataset: Yww ------------------------
shape: (27, 1), dtype: uint16
Data:[[54]
 [54]
 [53]
 [54]
 [46]
 [56]
 [52]
 [51]
 [48]
 [48]
 [53]
 [45]
 [48]
 [32]
 [54]
 [54]
 [53]
 [54]
 [46]
 [56]
 [52]
 [50]
 [49]
 [56]
 [52]
 [45]
 [49]] 
------------------------ Dataset: Ywx ------------------------
shape: (27, 1), dtype: uint16
Data:[[54]
 [54]
 [55]
 [50]
 [46]
 [55]
 [52]
 [50]
 [49]
 [49]
 [55]
 [45]
 [48]
 [32]
 [54]
 [54]
 [55]
 [50]
 [46]
 [55]
 [52]
 [54]
 [49]
 [55]
 [50]
 [45]
 [49]] 
------------------------ Dataset: Ywy ------------------------
shape: (32, 1), dtype: uint16
Data:[[54]
 [54]
 [56]
 [56]
 [46]
 [54]
 [53]
 [52]
 [52]
 [51]
 [45]
 [48]
 [32]
 [54]
 [54]
 [56]
 [56]
 [46]
 [54]
 [53]
 [51]
 [57]
 [57]
 [54]
 [57]
 [57]
 [57]
 [57]
 [57]
 [57]
 [45]
 [49]] 
------------------------ Dataset: Ywz ------------------------
shape: (27, 1), dtype: uint16
Data:[[53]
 [57]
 [48]
 [54]
 [46]
 [53]
 [53]
 [57]
 [48]
 [55]
 [52]
 [45]
 [48]
 [32]
 [53]
 [57]
 [48]
 [54]
 [46]
 [53]
 [53]
 [51]
 [48]
 [53]
 [55]
 [45]
 [49]] 
------------------------ Dataset: Yx ------------------------

shape: (1, 6), dtype: uint32
Data:[[3707764736          2          1          1       1380          1]] 
------------------------ Dataset: Zwb ------------------------
shape: (19, 1), dtype: uint16
Data:[[54]
 [55]
 [55]
 [48]
 [46]
 [51]
 [52]
 [54]
 [49]
 [57]
 [50]
 [57]
 [57]
 [57]
 [57]
 [57]
 [57]
 [45]
 [48]] 
------------------------ Dataset: Zwc ------------------------
shape: (33, 1), dtype: uint16
Data:[[54]
 [50]
 [56]
 [51]
 [46]
 [49]
 [50]
 [49]
 [56]
 [50]
 [52]
 [45]
 [48]
 [32]
 [54]
 [50]
 [56]
 [51]
 [46]
 [49]
 [49]
 [53]
 [57]
 [48]
 [54]
 [57]
 [57]
 [57]
 [57]
 [57]
 [57]
 [45]
 [49]] 
------------------------ Dataset: Zwd ------------------------
shape: (26, 1), dtype: uint16
Data:[[54]
 [50]
 [57]
 [56]
 [46]
 [57]
 [48]
 [50]
 [54]
 [51]
 [45]
 [48]
 [32]
 [54]
 [50]
 [57]
 [56]
 [46]
 [57]
 [48]
 [49]
 [57]
 [53]
 [54]
 [45]
 [49]] 
------------------------ Dataset: Zwe ------------------------
shape: (33, 1), dtype: uint16
Data:[[54]
 [51]
 [49]
 [52]
 [46]
 [55]
 [53]
 [55]
 [57]
 [48]
 [54]
 [57]
 [57]
 [57]
 [57]
 [57]
 [57]
 [45]
 [48]
 [32]
 [54]
 [51]
 [49]
 [52]
 [46]
 [55]
 [54]
 [49]
 [57]
 [50]
 [50]
 [45]
 [49]] 
------------------------ Dataset: Zwf ------------------------
shape: (33, 1), dtype: uint16
Data:[[54]
 [51]
 [51]
 [48]
 [46]
 [53]
 [56]
 [57]
 [57]
 [51]
 [50]
 [57]
 [57]
 [57]
 [57]
 [57]
 [57]
 [45]
 [48]
 [32]
 [54]
 [51]
 [51]
 [48]
 [46]
 [53]
 [57]
 [52]
 [50]
 [51]
 [49]
 [45]
 [49]] 
------------------------ Dataset: Zwg ------------------------
shape: (33, 1), dtype: uint16
Data:[[54]
 [51]
 [52]
 [54]
 [46]
 [52]
 [51]
 [48]
 [48]
 [54]
 [57]
 [57]
 [57]
 [57]
 [57]
 [57]
 [57]
 [45]
 [48]
 [32]
 [54]
 [51]
 [52]
 [54]
 [46]
 [52]
 [51]
 [52]
 [52]
 [50]
 [57]
 [45]
 [49]] 
------------------------ Dataset: Zwh ------------------------
shape: (33, 1), dtype: uint16
Data:[[54]
 [53]
 [49]
 [49]
 [46]
 [53]
 [50]
 [50]
 [53]
 [53]
 [57]
 [57]
 [57]
 [57]
 [57]
 [57]
 [57]
 [45]
 [48]
 [32]
 [54]
 [53]
 [49]
 [49]
 [46]
 [53]
 [49]
 [53]
 [53]
 [52]
 [57]
 [45]
 [49]] 
------------------------ Dataset: Zwi ------------------------
shape: (33, 1), dtype: uint16
Data:[[54]
 [53]
 [50]
 [55]
 [46]
 [51]
 [52]
 [54]
 [49]
 [50]
 [49]
 [45]
 [48]
 [32]
 [54]
 [53]
 [50]
 [55]
 [46]
 [51]
 [53]
 [48]
 [56]
 [49]
 [48]
 [57]
 [57]
 [57]
 [57]
 [57]
 [57]
 [45]
 [49]] 
------------------------ Dataset: Zwj ------------------------
shape: (27, 1), dtype: uint16
Data:[[54]
 [48]
 [50]
 [50]
 [46]
 [57]
 [50]
 [53]
 [56]
 [54]
 [55]
 [45]
 [48]
 [32]
 [54]
 [48]
 [50]
 [50]
 [46]
 [57]
 [50]
 [52]
 [55]
 [56]
 [55]
 [45]
 [49]] 
------------------------ Dataset: Zwk ------------------------
shape: (27, 1), dtype: uint16
Data:[[54]
 [48]
 [51]
 [56]
 [46]
 [54]
 [57]
 [48]
 [51]
 [53]
 [56]
 [45]
 [48]
 [32]
 [54]
 [48]
 [51]
 [56]
 [46]
 [54]
 [57]
 [48]
 [51]
 [51]
 [55]
 [45]
 [49]] 
------------------------ Dataset: Zwl ------------------------
shape: (32, 1), dtype: uint16
Data:[[54]
 [48]
 [53]
 [52]
 [46]
 [51]
 [51]
 [55]
 [55]
 [57]
 [49]
 [57]
 [57]
 [57]
 [57]
 [57]
 [57]
 [45]
 [48]
 [32]
 [54]
 [48]
 [53]
 [52]
 [46]
 [51]
 [52]
 [49]
 [55]
 [53]
 [45]
 [49]] 
------------------------ Dataset: Zwm ------------------------
shape: (34, 1), dtype: uint16
Data:[[54]
 [48]
 [55]
 [48]
 [46]
 [50]
 [56]
 [51]
 [49]
 [57]
 [55]
 [45]
 [48]
 [32]
 [54]
 [48]
 [55]
 [48]
 [46]
 [50]
 [55]
 [56]
 [48]
 [50]
 [49]
 [57]
 [57]
 [57]
 [57]
 [57]
 [57]
 [53]
 [45]
 [49]] 
------------------------ Dataset: Zwn ------------------------
shape: (33, 1), dtype: uint16
Data:[[53]
 [54]
 [51]
 [49]
 [46]
 [49]
 [53]
 [55]
 [55]
 [52]
 [57]
 [57]
 [57]
 [57]
 [57]
 [57]
 [57]
 [45]
 [48]
 [32]
 [53]
 [54]
 [51]
 [49]
 [46]
 [49]
 [54]
 [49]
 [54]
 [52]
 [49]
 [45]
 [49]] 
------------------------ Dataset: Zwo ------------------------
shape: (33, 1), dtype: uint16
Data:[[53]
 [54]
 [52]
 [54]
 [46]
 [56]
 [51]
 [51]
 [54]
 [48]
 [56]
 [45]
 [48]
 [32]
 [53]
 [54]
 [52]
 [54]
 [46]
 [56]
 [50]
 [57]
 [57]
 [55]
 [51]
 [57]
 [57]
 [57]
 [57]
 [57]
 [57]
 [45]
 [49]] 
------------------------ Dataset: Zwp ------------------------
shape: (33, 1), dtype: uint16
Data:[[53]
 [54]
 [54]
 [50]
 [46]
 [53]
 [54]
 [57]
 [53]
 [57]
 [53]
 [45]
 [48]
 [32]
 [53]
 [54]
 [54]
 [50]
 [46]
 [53]
 [55]
 [51]
 [55]
 [52]
 [56]
 [57]
 [57]
 [57]
 [57]
 [57]
 [57]
 [45]
 [49]] 
------------------------ Dataset: Zwq ------------------------
shape: (33, 1), dtype: uint16
Data:[[53]
 [54]
 [55]
 [56]
 [46]
 [51]
 [49]
 [48]
 [49]
 [57]
 [53]
 [57]
 [57]
 [57]
 [57]
 [57]
 [57]
 [45]
 [48]
 [32]
 [53]
 [54]
 [55]
 [56]
 [46]
 [51]
 [49]
 [48]
 [49]
 [52]
 [54]
 [45]
 [49]] 
------------------------ Dataset: Zwr ------------------------
shape: (32, 1), dtype: uint16
Data:[[53]
 [54]
 [57]
 [52]
 [46]
 [48]
 [53]
 [51]
 [54]
 [52]
 [45]
 [48]
 [32]
 [53]
 [54]
 [57]
 [52]
 [46]
 [48]
 [52]
 [57]
 [54]
 [51]
 [57]
 [57]
 [57]
 [57]
 [57]
 [57]
 [57]
 [45]
 [49]] 
------------------------ Dataset: Zws ------------------------
shape: (27, 1), dtype: uint16
Data:[[54]
 [52]
 [49]
 [55]
 [46]
 [51]
 [55]
 [56]
 [50]
 [54]
 [52]
 [45]
 [48]
 [32]
 [54]
 [52]
 [49]
 [55]
 [46]
 [51]
 [55]
 [56]
 [52]
 [48]
 [52]
 [45]
 [49]] 
------------------------ Dataset: Zwt ------------------------
shape: (34, 1), dtype: uint16
Data:[[54]
 [54]
 [48]
 [57]
 [46]
 [52]
 [54]
 [53]
 [53]
 [57]
 [57]
 [57]
 [57]
 [57]
 [57]
 [57]
 [57]
 [53]
 [45]
 [48]
 [32]
 [54]
 [54]
 [48]
 [57]
 [46]
 [52]
 [55]
 [54]
 [49]
 [55]
 [50]
 [45]
 [49]] 
------------------------ Dataset: Zwu ------------------------
shape: (27, 1), dtype: uint16
Data:[[54]
 [54]
 [50]
 [53]
 [46]
 [52]
 [49]
 [56]
 [54]
 [51]
 [55]
 [45]
 [48]
 [32]
 [54]
 [54]
 [50]
 [53]
 [46]
 [52]
 [50]
 [49]
 [54]
 [48]
 [56]
 [45]
 [49]] 
------------------------ Dataset: Zwv ------------------------
shape: (33, 1), dtype: uint16
Data:[[54]
 [54]
 [52]
 [49]
 [46]
 [49]
 [57]
 [48]
 [48]
 [57]
 [50]
 [57]
 [57]
 [57]
 [57]
 [57]
 [57]
 [45]
 [48]
 [32]
 [54]
 [54]
 [52]
 [49]
 [46]
 [49]
 [56]
 [54]
 [49]
 [52]
 [50]
 [45]
 [49]] 
------------------------ Dataset: Zww ------------------------
shape: (27, 1), dtype: uint16
Data:[[54]
 [54]
 [53]
 [54]
 [46]
 [56]
 [52]
 [51]
 [48]
 [48]
 [53]
 [45]
 [48]
 [32]
 [54]
 [54]
 [53]
 [54]
 [46]
 [56]
 [54]
 [48]
 [51]
 [49]
 [55]
 [45]
 [49]] 
------------------------ Dataset: Zwx ------------------------
shape: (33, 1), dtype: uint16
Data:[[54]
 [54]
 [55]
 [50]
 [46]
 [55]
 [53]
 [48]
 [49]
 [52]
 [50]
 [57]
 [57]
 [57]
 [57]
 [57]
 [57]
 [45]
 [48]
 [32]
 [54]
 [54]
 [55]
 [50]
 [46]
 [55]
 [52]
 [54]
 [49]
 [55]
 [50]
 [45]
 [49]] 
------------------------ Dataset: Zwy ------------------------
shape: (32, 1), dtype: uint16
Data:[[54]
 [54]
 [56]
 [56]
 [46]
 [54]
 [53]
 [52]
 [52]
 [51]
 [45]
 [48]
 [32]
 [54]
 [54]
 [56]
 [56]
 [46]
 [54]
 [53]
 [56]
 [57]
 [57]
 [51]
 [57]
 [57]
 [57]
 [57]
 [57]
 [57]
 [45]
 [49]] 
------------------------ Dataset: Zwz ------------------------
shape: (33, 1), dtype: uint16
Data:[[53]
 [57]
 [48]
 [54]
 [46]
 [53]
 [53]
 [57]
 [48]
 [55]
 [52]
 [45]
 [48]
 [32]
 [53]
 [57]
 [48]
 [54]
 [46]
 [53]
 [53]
 [57]
 [51]
 [57]
 [52]
 [57]
 [57]
 [57]
 [57]
 [57]
 [57]
 [45]
 [49]] 
------------------------ Dataset: Zxb ------------------------
shape: (33, 1), dtype: uint16
Data:[[54]
 [55]
 [55]
 [48]
 [46]
 [54]
 [48]
 [50]
 [52]
 [52]
 [49]
 [45]
 [48]
 [32]
 [54]
 [55]
 [55]
 [48]
 [46]
 [54]
 [48]
 [50]
 [52]
 [57]
 [55]
 [57]
 [57]
 [57]
 [57]
 [57]
 [57]
 [45]
 [49]] 
------------------------ Dataset: Zxc ------------------------
shape: (33, 1), dtype: uint16
Data:[[54]
 [50]
 [56]
 [51]
 [46]
 [51]
 [54]
 [57]
 [57]
 [50]
 [55]
 [45]
 [48]
 [32]
 [54]
 [50]
 [56]
 [51]
 [46]
 [51]
 [54]
 [53]
 [57]
 [54]
 [53]
 [57]
 [57]
 [57]
 [57]
 [57]
 [57]
 [45]
 [49]] 
------------------------ Dataset: Zxd ------------------------
shape: (33, 1), dtype: uint16
Data:[[54]
 [50]
 [57]
 [57]
 [46]
 [49]
 [53]
 [54]
 [54]
 [53]
 [48]
 [57]
 [57]
 [57]
 [57]
 [57]
 [57]
 [45]
 [48]
 [32]
 [54]
 [50]
 [57]
 [57]
 [46]
 [49]
 [53]
 [48]
 [52]
 [49]
 [55]
 [45]
 [49]] 
------------------------ Dataset: Zxe ------------------------
shape: (27, 1), dtype: uint16
Data:[[54]
 [51]
 [49]
 [53]
 [46]
 [48]
 [49]
 [55]
 [57]
 [50]
 [55]
 [45]
 [48]
 [32]
 [54]
 [51]
 [49]
 [53]
 [46]
 [48]
 [50]
 [50]
 [48]
 [49]
 [49]
 [45]
 [49]] 
------------------------ Dataset: Zxf ------------------------
shape: (39, 1), dtype: uint16
Data:[[54]
 [51]
 [51]
 [48]
 [46]
 [56]
 [52]
 [54]
 [50]
 [48]
 [48]
 [57]
 [57]
 [57]
 [57]
 [57]
 [57]
 [45]
 [48]
 [32]
 [54]
 [51]
 [51]
 [48]
 [46]
 [56]
 [51]
 [55]
 [56]
 [57]
 [54]
 [57]
 [57]
 [57]
 [57]
 [57]
 [57]
 [45]
 [49]] 
------------------------ Dataset: Zxg ------------------------
shape: (33, 1), dtype: uint16
Data:[[54]
 [51]
 [52]
 [54]
 [46]
 [54]
 [55]
 [55]
 [56]
 [55]
 [54]
 [45]
 [48]
 [32]
 [54]
 [51]
 [52]
 [54]
 [46]
 [54]
 [56]
 [49]
 [56]
 [57]
 [48]
 [57]
 [57]
 [57]
 [57]
 [57]
 [57]
 [45]
 [49]] 
------------------------ Dataset: Zxh ------------------------
shape: (34, 1), dtype: uint16
Data:[[54]
 [53]
 [49]
 [49]
 [46]
 [55]
 [54]
 [50]
 [50]
 [51]
 [50]
 [57]
 [57]
 [57]
 [57]
 [57]
 [57]
 [53]
 [45]
 [48]
 [32]
 [54]
 [53]
 [49]
 [49]
 [46]
 [55]
 [54]
 [57]
 [57]
 [57]
 [57]
 [45]
 [49]] 
------------------------ Dataset: Zxi ------------------------
shape: (26, 1), dtype: uint16
Data:[[54]
 [53]
 [50]
 [55]
 [46]
 [53]
 [57]
 [53]
 [48]
 [49]
 [45]
 [48]
 [32]
 [54]
 [53]
 [50]
 [55]
 [46]
 [53]
 [57]
 [56]
 [51]
 [48]
 [49]
 [45]
 [49]] 
------------------------ Dataset: Zxj ------------------------
shape: (27, 1), dtype: uint16
Data:[[54]
 [48]
 [50]
 [51]
 [46]
 [49]
 [55]
 [53]
 [52]
 [57]
 [51]
 [45]
 [48]
 [32]
 [54]
 [48]
 [50]
 [51]
 [46]
 [49]
 [55]
 [53]
 [51]
 [55]
 [51]
 [45]
 [49]] 
------------------------ Dataset: Zxk ------------------------
shape: (33, 1), dtype: uint16
Data:[[54]
 [48]
 [51]
 [56]
 [46]
 [57]
 [52]
 [49]
 [56]
 [48]
 [54]
 [45]
 [48]
 [32]
 [54]
 [48]
 [51]
 [56]
 [46]
 [57]
 [51]
 [55]
 [56]
 [50]
 [50]
 [57]
 [57]
 [57]
 [57]
 [57]
 [57]
 [45]
 [49]] 
------------------------ Dataset: Zxl ------------------------
shape: (33, 1), dtype: uint16
Data:[[54]
 [48]
 [53]
 [52]
 [46]
 [53]
 [56]
 [53]
 [55]
 [52]
 [54]
 [45]
 [48]
 [32]
 [54]
 [48]
 [53]
 [52]
 [46]
 [53]
 [57]
 [52]
 [57]
 [51]
 [55]
 [57]
 [57]
 [57]
 [57]
 [57]
 [57]
 [45]
 [49]] 
------------------------ Dataset: Zxm ------------------------
shape: (34, 1), dtype: uint16
Data:[[54]
 [48]
 [55]
 [48]
 [46]
 [53]
 [51]
 [51]
 [55]
 [57]
 [57]
 [45]
 [48]
 [32]
 [54]
 [48]
 [55]
 [48]
 [46]
 [53]
 [51]
 [56]
 [51]
 [51]
 [50]
 [57]
 [57]
 [57]
 [57]
 [57]
 [57]
 [53]
 [45]
 [49]] 
------------------------ Dataset: Zxn ------------------------
shape: (34, 1), dtype: uint16
Data:[[53]
 [54]
 [51]
 [49]
 [46]
 [52]
 [48]
 [53]
 [53]
 [51]
 [51]
 [57]
 [57]
 [57]
 [57]
 [57]
 [57]
 [53]
 [45]
 [48]
 [32]
 [53]
 [54]
 [51]
 [49]
 [46]
 [52]
 [48]
 [57]
 [56]
 [51]
 [49]
 [45]
 [49]] 
------------------------ Dataset: Zxo ------------------------
shape: (33, 1), dtype: uint16
Data:[[53]
 [54]
 [52]
 [55]
 [46]
 [48]
 [56]
 [53]
 [53]
 [56]
 [55]
 [45]
 [48]
 [32]
 [53]
 [54]
 [52]
 [55]
 [46]
 [48]
 [56]
 [49]
 [54]
 [50]
 [53]
 [57]
 [57]
 [57]
 [57]
 [57]
 [57]
 [45]
 [49]] 
------------------------ Dataset: Zxp ------------------------
shape: (27, 1), dtype: uint16
Data:[[53]
 [54]
 [54]
 [50]
 [46]
 [56]
 [50]
 [48]
 [56]
 [55]
 [49]
 [45]
 [48]
 [32]
 [53]
 [54]
 [54]
 [50]
 [46]
 [56]
 [50]
 [49]
 [54]
 [56]
 [51]
 [45]
 [49]] 
------------------------ Dataset: Zxq ------------------------
shape: (27, 1), dtype: uint16
Data:[[53]
 [54]
 [55]
 [56]
 [46]
 [53]
 [54]
 [56]
 [57]
 [50]
 [54]
 [45]
 [48]
 [32]
 [53]
 [54]
 [55]
 [56]
 [46]
 [53]
 [54]
 [51]
 [55]
 [53]
 [50]
 [45]
 [49]] 
------------------------ Dataset: Zxr ------------------------
shape: (33, 1), dtype: uint16
Data:[[53]
 [54]
 [57]
 [52]
 [46]
 [51]
 [49]
 [51]
 [56]
 [57]
 [52]
 [45]
 [48]
 [32]
 [53]
 [54]
 [57]
 [52]
 [46]
 [51]
 [48]
 [57]
 [53]
 [50]
 [54]
 [57]
 [57]
 [57]
 [57]
 [57]
 [57]
 [45]
 [49]] 
------------------------ Dataset: Zxs ------------------------
shape: (33, 1), dtype: uint16
Data:[[54]
 [52]
 [49]
 [55]
 [46]
 [54]
 [50]
 [49]
 [57]
 [49]
 [56]
 [57]
 [57]
 [57]
 [57]
 [57]
 [57]
 [45]
 [48]
 [32]
 [54]
 [52]
 [49]
 [55]
 [46]
 [54]
 [50]
 [53]
 [57]
 [49]
 [56]
 [45]
 [49]] 
------------------------ Dataset: Zxt ------------------------
shape: (27, 1), dtype: uint16
Data:[[54]
 [54]
 [48]
 [57]
 [46]
 [55]
 [49]
 [52]
 [49]
 [51]
 [49]
 [45]
 [48]
 [32]
 [54]
 [54]
 [48]
 [57]
 [46]
 [55]
 [49]
 [56]
 [48]
 [54]
 [49]
 [45]
 [49]] 
------------------------ Dataset: Zxu ------------------------
shape: (33, 1), dtype: uint16
Data:[[54]
 [54]
 [50]
 [53]
 [46]
 [54]
 [54]
 [48]
 [55]
 [57]
 [51]
 [57]
 [57]
 [57]
 [57]
 [57]
 [57]
 [45]
 [48]
 [32]
 [54]
 [54]
 [50]
 [53]
 [46]
 [54]
 [54]
 [50]
 [52]
 [48]
 [49]
 [45]
 [49]] 
------------------------ Dataset: Zxv ------------------------
shape: (32, 1), dtype: uint16
Data:[[54]
 [54]
 [52]
 [49]
 [46]
 [52]
 [52]
 [50]
 [48]
 [55]
 [45]
 [48]
 [32]
 [54]
 [54]
 [52]
 [49]
 [46]
 [52]
 [51]
 [56]
 [50]
 [57]
 [53]
 [57]
 [57]
 [57]
 [57]
 [57]
 [57]
 [45]
 [49]] 
------------------------ Dataset: Zxw ------------------------
shape: (33, 1), dtype: uint16
Data:[[54]
 [54]
 [53]
 [55]
 [46]
 [49]
 [48]
 [50]
 [50]
 [51]
 [52]
 [57]
 [57]
 [57]
 [57]
 [57]
 [57]
 [45]
 [48]
 [32]
 [54]
 [54]
 [53]
 [55]
 [46]
 [49]
 [48]
 [54]
 [48]
 [54]
 [52]
 [45]
 [49]] 
------------------------ Dataset: Zxx ------------------------
shape: (40, 1), dtype: uint16
Data:[[54]
 [54]
 [55]
 [50]
 [46]
 [57]
 [57]
 [56]
 [49]
 [50]
 [50]
 [57]
 [57]
 [57]
 [57]
 [57]
 [57]
 [45]
 [48]
 [32]
 [54]
 [54]
 [55]
 [51]
 [46]
 [48]
 [48]
 [54]
 [49]
 [50]
 [51]
 [57]
 [57]
 [57]
 [57]
 [57]
 [57]
 [53]
 [45]
 [49]] 
------------------------ Dataset: Zxy ------------------------
shape: (26, 1), dtype: uint16
Data:[[54]
 [54]
 [56]
 [56]
 [46]
 [57]
 [48]
 [50]
 [49]
 [54]
 [45]
 [48]
 [32]
 [54]
 [54]
 [56]
 [56]
 [46]
 [57]
 [49]
 [48]
 [48]
 [55]
 [50]
 [45]
 [49]] 
------------------------ Dataset: Zxz ------------------------
shape: (13, 1), dtype: uint16
Data:[[53]
 [57]
 [48]
 [54]
 [46]
 [56]
 [48]
 [57]
 [55]
 [50]
 [49]
 [45]
 [48]] 
------------------------ Dataset: Zy ------------------------

