shape: (1, 6), dtype: uint32
Data:[[3707764736          2          1          1        851          1]] 
------------------------ Dataset: fob ------------------------
shape: (27, 1), dtype: uint16
Data:[[54]
 [55]
 [54]
 [56]
 [46]
 [49]
 [49]
 [54]
 [50]
 [50]
 [56]
 [45]
 [48]
 [32]
 [54]
 [55]
 [54]
 [56]
 [46]
 [49]
 [49]
 [54]
 [57]
 [54]
 [54]
 [45]
 [49]] 
------------------------ Dataset: foc ------------------------
shape: (33, 1), dtype: uint16
Data:[[54]
 [50]
 [56]
 [48]
 [46]
 [56]
 [56]
 [54]
 [50]
 [55]
 [53]
 [57]
 [57]
 [57]
 [57]
 [57]
 [57]
 [45]
 [48]
 [32]
 [54]
 [50]
 [56]
 [48]
 [46]
 [56]
 [57]
 [48]
 [48]
 [50]
 [54]
 [45]
 [49]] 
------------------------ Dataset: fod ------------------------
shape: (33, 1), dtype: uint16
Data:[[54]
 [50]
 [57]
 [54]
 [46]
 [54]
 [54]
 [53]
 [57]
 [48]
 [51]
 [45]
 [48]
 [32]
 [54]
 [50]
 [57]
 [54]
 [46]
 [54]
 [54]
 [57]
 [56]
 [54]
 [56]
 [57]
 [57]
 [57]
 [57]
 [57]
 [57]
 [45]
 [49]] 
------------------------ Dataset: foe ------------------------
shape: (27, 1), dtype: uint16
Data:[[54]
 [51]
 [49]
 [50]
 [46]
 [52]
 [57]
 [55]
 [56]
 [55]
 [49]
 [45]
 [48]
 [32]
 [54]
 [51]
 [49]
 [50]
 [46]
 [53]
 [48]
 [49]
 [56]
 [56]
 [56]
 [45]
 [49]] 
------------------------ Dataset: fof ------------------------
shape: (33, 1), dtype: uint16
Data:[[54]
 [51]
 [50]
 [56]
 [46]
 [51]
 [55]
 [56]
 [48]
 [52]
 [51]
 [45]
 [48]
 [32]
 [54]
 [51]
 [50]
 [56]
 [46]
 [51]
 [55]
 [51]
 [56]
 [56]
 [50]
 [57]
 [57]
 [57]
 [57]
 [57]
 [57]
 [45]
 [49]] 
------------------------ Dataset: fog ------------------------
shape: (13, 1), dtype: uint16
Data:[[54]
 [51]
 [52]
 [52]
 [46]
 [49]
 [57]
 [56]
 [49]
 [54]
 [56]
 [45]
 [49]] 
------------------------ Dataset: foh ------------------------
shape: (27, 1), dtype: uint16
Data:[[54]
 [53]
 [48]
 [57]
 [46]
 [50]
 [57]
 [52]
 [48]
 [50]
 [50]
 [45]
 [48]
 [32]
 [54]
 [53]
 [48]
 [57]
 [46]
 [50]
 [57]
 [55]
 [57]
 [57]
 [52]
 [45]
 [49]] 
------------------------ Dataset: foi ------------------------
shape: (33, 1), dtype: uint16
Data:[[54]
 [53]
 [50]
 [53]
 [46]
 [49]
 [48]
 [53]
 [55]
 [49]
 [48]
 [57]
 [57]
 [57]
 [57]
 [57]
 [57]
 [45]
 [48]
 [32]
 [54]
 [53]
 [50]
 [53]
 [46]
 [49]
 [48]
 [56]
 [57]
 [54]
 [51]
 [45]
 [49]] 
------------------------ Dataset: foj ------------------------
shape: (33, 1), dtype: uint16
Data:[[54]
 [48]
 [50]
 [48]
 [46]
 [54]
 [57]
 [56]
 [50]
 [48]
 [51]
 [57]
 [57]
 [57]
 [57]
 [57]
 [57]
 [45]
 [48]
 [32]
 [54]
 [48]
 [50]
 [48]
 [46]
 [55]
 [48]
 [50]
 [51]
 [53]
 [51]
 [45]
 [49]] 
------------------------ Dataset: fok ------------------------
shape: (27, 1), dtype: uint16
Data:[[54]
 [48]
 [51]
 [54]
 [46]
 [52]
 [56]
 [57]
 [57]
 [53]
 [50]
 [45]
 [48]
 [32]
 [54]
 [48]
 [51]
 [54]
 [46]
 [52]
 [57]
 [51]
 [55]
 [57]
 [55]
 [45]
 [49]] 
------------------------ Dataset: fol ------------------------
shape: (39, 1), dtype: uint16
Data:[[54]
 [48]
 [53]
 [50]
 [46]
 [48]
 [57]
 [51]
 [57]
 [48]
 [51]
 [57]
 [57]
 [57]
 [57]
 [57]
 [57]
 [45]
 [48]
 [32]
 [54]
 [48]
 [53]
 [50]
 [46]
 [48]
 [57]
 [55]
 [56]
 [55]
 [49]
 [57]
 [57]
 [57]
 [57]
 [57]
 [57]
 [45]
 [49]] 
------------------------ Dataset: fom ------------------------
shape: (27, 1), dtype: uint16
Data:[[54]
 [48]
 [54]
 [56]
 [46]
 [48]
 [48]
 [56]
 [49]
 [52]
 [56]
 [45]
 [48]
 [32]
 [54]
 [48]
 [54]
 [56]
 [46]
 [48]
 [50]
 [52]
 [56]
 [56]
 [55]
 [45]
 [49]] 
------------------------ Dataset: fon ------------------------
shape: (27, 1), dtype: uint16
Data:[[54]
 [48]
 [56]
 [51]
 [46]
 [57]
 [52]
 [57]
 [55]
 [55]
 [49]
 [45]
 [48]
 [32]
 [54]
 [48]
 [56]
 [51]
 [46]
 [57]
 [52]
 [53]
 [56]
 [48]
 [51]
 [45]
 [49]] 
------------------------ Dataset: foo ------------------------
shape: (33, 1), dtype: uint16
Data:[[53]
 [54]
 [52]
 [52]
 [46]
 [54]
 [50]
 [49]
 [54]
 [57]
 [48]
 [57]
 [57]
 [57]
 [57]
 [57]
 [57]
 [45]
 [48]
 [32]
 [53]
 [54]
 [52]
 [52]
 [46]
 [54]
 [50]
 [57]
 [53]
 [50]
 [57]
 [45]
 [49]] 
------------------------ Dataset: fop ------------------------
shape: (40, 1), dtype: uint16
Data:[[53]
 [54]
 [54]
 [48]
 [46]
 [51]
 [55]
 [51]
 [53]
 [56]
 [49]
 [57]
 [57]
 [57]
 [57]
 [57]
 [57]
 [45]
 [48]
 [32]
 [53]
 [54]
 [54]
 [48]
 [46]
 [51]
 [55]
 [55]
 [54]
 [52]
 [49]
 [57]
 [57]
 [57]
 [57]
 [57]
 [57]
 [53]
 [45]
 [49]] 
------------------------ Dataset: foq ------------------------
shape: (32, 1), dtype: uint16
Data:[[53]
 [54]
 [55]
 [54]
 [46]
 [48]
 [54]
 [57]
 [54]
 [56]
 [45]
 [48]
 [32]
 [53]
 [54]
 [55]
 [54]
 [46]
 [48]
 [55]
 [51]
 [54]
 [50]
 [53]
 [57]
 [57]
 [57]
 [57]
 [57]
 [57]
 [45]
 [49]] 
------------------------ Dataset: for ------------------------
shape: (41, 1), dtype: uint16
Data:[[53]
 [54]
 [57]
 [49]
 [46]
 [56]
 [53]
 [55]
 [53]
 [56]
 [54]
 [57]
 [57]
 [57]
 [57]
 [57]
 [57]
 [53]
 [45]
 [48]
 [32]
 [53]
 [54]
 [57]
 [49]
 [46]
 [56]
 [53]
 [55]
 [53]
 [53]
 [49]
 [57]
 [57]
 [57]
 [57]
 [57]
 [57]
 [53]
 [45]
 [49]] 
------------------------ Dataset: fos ------------------------
shape: (33, 1), dtype: uint16
Data:[[54]
 [52]
 [49]
 [53]
 [46]
 [49]
 [51]
 [55]
 [57]
 [49]
 [57]
 [45]
 [48]
 [32]
 [54]
 [52]
 [49]
 [53]
 [46]
 [49]
 [51]
 [53]
 [50]
 [53]
 [55]
 [57]
 [57]
 [57]
 [57]
 [57]
 [57]
 [45]
 [49]] 
------------------------ Dataset: fot ------------------------
shape: (33, 1), dtype: uint16
Data:[[54]
 [54]
 [48]
 [55]
 [46]
 [50]
 [48]
 [54]
 [48]
 [55]
 [55]
 [57]
 [57]
 [57]
 [57]
 [57]
 [57]
 [45]
 [48]
 [32]
 [54]
 [54]
 [48]
 [55]
 [46]
 [50]
 [48]
 [51]
 [49]
 [54]
 [52]
 [45]
 [49]] 
------------------------ Dataset: fou ------------------------
shape: (33, 1), dtype: uint16
Data:[[54]
 [54]
 [50]
 [51]
 [46]
 [49]
 [54]
 [54]
 [49]
 [52]
 [54]
 [45]
 [48]
 [32]
 [54]
 [54]
 [50]
 [51]
 [46]
 [49]
 [55]
 [48]
 [49]
 [52]
 [50]
 [57]
 [57]
 [57]
 [57]
 [57]
 [57]
 [45]
 [49]] 
------------------------ Dataset: fov ------------------------
shape: (26, 1), dtype: uint16
Data:[[54]
 [54]
 [51]
 [57]
 [46]
 [48]
 [48]
 [54]
 [49]
 [55]
 [45]
 [48]
 [32]
 [54]
 [54]
 [51]
 [57]
 [46]
 [48]
 [48]
 [50]
 [49]
 [49]
 [55]
 [45]
 [49]] 
------------------------ Dataset: fow ------------------------
shape: (33, 1), dtype: uint16
Data:[[54]
 [54]
 [53]
 [52]
 [46]
 [54]
 [49]
 [56]
 [57]
 [49]
 [56]
 [45]
 [48]
 [32]
 [54]
 [54]
 [53]
 [52]
 [46]
 [54]
 [49]
 [52]
 [52]
 [49]
 [53]
 [57]
 [57]
 [57]
 [57]
 [57]
 [57]
 [45]
 [49]] 
------------------------ Dataset: fox ------------------------
shape: (33, 1), dtype: uint16
Data:[[54]
 [54]
 [55]
 [48]
 [46]
 [53]
 [48]
 [55]
 [57]
 [51]
 [54]
 [57]
 [57]
 [57]
 [57]
 [57]
 [57]
 [45]
 [48]
 [32]
 [54]
 [54]
 [55]
 [48]
 [46]
 [53]
 [49]
 [49]
 [48]
 [56]
 [50]
 [45]
 [49]] 
------------------------ Dataset: foy ------------------------
shape: (33, 1), dtype: uint16
Data:[[54]
 [54]
 [56]
 [54]
 [46]
 [52]
 [49]
 [56]
 [50]
 [48]
 [53]
 [57]
 [57]
 [57]
 [57]
 [57]
 [57]
 [45]
 [48]
 [32]
 [54]
 [54]
 [56]
 [54]
 [46]
 [52]
 [49]
 [54]
 [53]
 [54]
 [54]
 [45]
 [49]] 
------------------------ Dataset: foz ------------------------
shape: (27, 1), dtype: uint16
Data:[[53]
 [57]
 [48]
 [52]
 [46]
 [51]
 [51]
 [51]
 [54]
 [54]
 [55]
 [45]
 [48]
 [32]
 [53]
 [57]
 [48]
 [52]
 [46]
 [51]
 [51]
 [48]
 [50]
 [53]
 [56]
 [45]
 [49]] 
------------------------ Dataset: fp ------------------------

shape: (1, 6), dtype: uint32
Data:[[3707764736          2          1          1        852          1]] 
------------------------ Dataset: gob ------------------------
shape: (33, 1), dtype: uint16
Data:[[54]
 [55]
 [54]
 [56]
 [46]
 [49]
 [50]
 [48]
 [49]
 [50]
 [49]
 [57]
 [57]
 [57]
 [57]
 [57]
 [57]
 [45]
 [48]
 [32]
 [54]
 [55]
 [54]
 [56]
 [46]
 [49]
 [49]
 [54]
 [57]
 [54]
 [54]
 [45]
 [49]] 
------------------------ Dataset: goc ------------------------
shape: (34, 1), dtype: uint16
Data:[[54]
 [50]
 [56]
 [48]
 [46]
 [56]
 [57]
 [51]
 [57]
 [50]
 [55]
 [57]
 [57]
 [57]
 [57]
 [57]
 [57]
 [53]
 [45]
 [48]
 [32]
 [54]
 [50]
 [56]
 [48]
 [46]
 [56]
 [57]
 [48]
 [48]
 [50]
 [54]
 [45]
 [49]] 
------------------------ Dataset: god ------------------------
shape: (39, 1), dtype: uint16
Data:[[54]
 [50]
 [57]
 [54]
 [46]
 [54]
 [55]
 [51]
 [57]
 [49]
 [52]
 [57]
 [57]
 [57]
 [57]
 [57]
 [57]
 [45]
 [48]
 [32]
 [54]
 [50]
 [57]
 [54]
 [46]
 [54]
 [54]
 [57]
 [56]
 [54]
 [56]
 [57]
 [57]
 [57]
 [57]
 [57]
 [57]
 [45]
 [49]] 
------------------------ Dataset: goe ------------------------
shape: (27, 1), dtype: uint16
Data:[[54]
 [51]
 [49]
 [50]
 [46]
 [53]
 [49]
 [49]
 [49]
 [56]
 [52]
 [45]
 [48]
 [32]
 [54]
 [51]
 [49]
 [50]
 [46]
 [53]
 [48]
 [49]
 [56]
 [56]
 [56]
 [45]
 [49]] 
------------------------ Dataset: gof ------------------------
shape: (27, 1), dtype: uint16
Data:[[54]
 [51]
 [50]
 [56]
 [46]
 [51]
 [55]
 [56]
 [48]
 [52]
 [51]
 [45]
 [48]
 [32]
 [54]
 [51]
 [50]
 [56]
 [46]
 [51]
 [56]
 [52]
 [51]
 [55]
 [57]
 [45]
 [49]] 
------------------------ Dataset: gog ------------------------
shape: (13, 1), dtype: uint16
Data:[[54]
 [51]
 [52]
 [52]
 [46]
 [50]
 [48]
 [53]
 [56]
 [57]
 [50]
 [45]
 [48]] 
------------------------ Dataset: goh ------------------------
shape: (33, 1), dtype: uint16
Data:[[54]
 [53]
 [48]
 [57]
 [46]
 [51]
 [48]
 [49]
 [57]
 [50]
 [56]
 [57]
 [57]
 [57]
 [57]
 [57]
 [57]
 [45]
 [48]
 [32]
 [54]
 [53]
 [48]
 [57]
 [46]
 [50]
 [57]
 [55]
 [57]
 [57]
 [52]
 [45]
 [49]] 
------------------------ Dataset: goi ------------------------
shape: (27, 1), dtype: uint16
Data:[[54]
 [53]
 [50]
 [53]
 [46]
 [49]
 [49]
 [54]
 [57]
 [54]
 [49]
 [45]
 [48]
 [32]
 [54]
 [53]
 [50]
 [53]
 [46]
 [49]
 [48]
 [56]
 [57]
 [54]
 [51]
 [45]
 [49]] 
------------------------ Dataset: goj ------------------------
shape: (34, 1), dtype: uint16
Data:[[54]
 [48]
 [50]
 [48]
 [46]
 [55]
 [48]
 [54]
 [48]
 [54]
 [55]
 [57]
 [57]
 [57]
 [57]
 [57]
 [57]
 [53]
 [45]
 [48]
 [32]
 [54]
 [48]
 [50]
 [48]
 [46]
 [55]
 [48]
 [50]
 [51]
 [53]
 [51]
 [45]
 [49]] 
------------------------ Dataset: gok ------------------------
shape: (27, 1), dtype: uint16
Data:[[54]
 [48]
 [51]
 [54]
 [46]
 [52]
 [57]
 [56]
 [55]
 [52]
 [50]
 [45]
 [48]
 [32]
 [54]
 [48]
 [51]
 [54]
 [46]
 [52]
 [57]
 [51]
 [55]
 [57]
 [55]
 [45]
 [49]] 
------------------------ Dataset: gol ------------------------
shape: (40, 1), dtype: uint16
Data:[[54]
 [48]
 [53]
 [50]
 [46]
 [49]
 [48]
 [49]
 [55]
 [51]
 [50]
 [57]
 [57]
 [57]
 [57]
 [57]
 [57]
 [53]
 [45]
 [48]
 [32]
 [54]
 [48]
 [53]
 [50]
 [46]
 [48]
 [57]
 [55]
 [56]
 [55]
 [49]
 [57]
 [57]
 [57]
 [57]
 [57]
 [57]
 [45]
 [49]] 
------------------------ Dataset: gom ------------------------
shape: (26, 1), dtype: uint16
Data:[[54]
 [48]
 [54]
 [56]
 [46]
 [48]
 [50]
 [52]
 [55]
 [53]
 [45]
 [48]
 [32]
 [54]
 [48]
 [54]
 [56]
 [46]
 [48]
 [50]
 [52]
 [56]
 [56]
 [55]
 [45]
 [49]] 
------------------------ Dataset: gon ------------------------
shape: (27, 1), dtype: uint16
Data:[[54]
 [48]
 [56]
 [51]
 [46]
 [57]
 [52]
 [57]
 [55]
 [55]
 [49]
 [45]
 [48]
 [32]
 [54]
 [48]
 [56]
 [51]
 [46]
 [57]
 [53]
 [57]
 [51]
 [50]
 [56]
 [45]
 [49]] 
------------------------ Dataset: goo ------------------------
shape: (33, 1), dtype: uint16
Data:[[53]
 [54]
 [52]
 [52]
 [46]
 [54]
 [50]
 [57]
 [53]
 [50]
 [57]
 [57]
 [57]
 [57]
 [57]
 [57]
 [57]
 [45]
 [48]
 [32]
 [53]
 [54]
 [52]
 [52]
 [46]
 [54]
 [50]
 [57]
 [53]
 [50]
 [57]
 [45]
 [49]] 
------------------------ Dataset: gop ------------------------
shape: (40, 1), dtype: uint16
Data:[[53]
 [54]
 [54]
 [48]
 [46]
 [51]
 [56]
 [50]
 [50]
 [48]
 [56]
 [57]
 [57]
 [57]
 [57]
 [57]
 [57]
 [45]
 [48]
 [32]
 [53]
 [54]
 [54]
 [48]
 [46]
 [51]
 [55]
 [55]
 [54]
 [52]
 [49]
 [57]
 [57]
 [57]
 [57]
 [57]
 [57]
 [53]
 [45]
 [49]] 
------------------------ Dataset: goq ------------------------
shape: (40, 1), dtype: uint16
Data:[[53]
 [54]
 [55]
 [54]
 [46]
 [48]
 [55]
 [55]
 [55]
 [51]
 [51]
 [57]
 [57]
 [57]
 [57]
 [57]
 [57]
 [53]
 [45]
 [48]
 [32]
 [53]
 [54]
 [55]
 [54]
 [46]
 [48]
 [55]
 [51]
 [54]
 [50]
 [53]
 [57]
 [57]
 [57]
 [57]
 [57]
 [57]
 [45]
 [49]] 
------------------------ Dataset: gor ------------------------
shape: (41, 1), dtype: uint16
Data:[[53]
 [54]
 [57]
 [49]
 [46]
 [56]
 [53]
 [55]
 [53]
 [56]
 [54]
 [57]
 [57]
 [57]
 [57]
 [57]
 [57]
 [53]
 [45]
 [48]
 [32]
 [53]
 [54]
 [57]
 [49]
 [46]
 [56]
 [54]
 [53]
 [53]
 [57]
 [50]
 [57]
 [57]
 [57]
 [57]
 [57]
 [57]
 [53]
 [45]
 [49]] 
------------------------ Dataset: gos ------------------------
shape: (27, 1), dtype: uint16
Data:[[54]
 [52]
 [49]
 [53]
 [46]
 [49]
 [51]
 [55]
 [57]
 [49]
 [57]
 [45]
 [48]
 [32]
 [54]
 [52]
 [49]
 [53]
 [46]
 [49]
 [52]
 [49]
 [56]
 [57]
 [53]
 [45]
 [49]] 
------------------------ Dataset: got ------------------------
shape: (39, 1), dtype: uint16
Data:[[54]
 [54]
 [48]
 [55]
 [46]
 [50]
 [48]
 [54]
 [48]
 [55]
 [55]
 [57]
 [57]
 [57]
 [57]
 [57]
 [57]
 [45]
 [48]
 [32]
 [54]
 [54]
 [48]
 [55]
 [46]
 [50]
 [49]
 [48]
 [48]
 [55]
 [50]
 [57]
 [57]
 [57]
 [57]
 [57]
 [57]
 [45]
 [49]] 
------------------------ Dataset: gou ------------------------
shape: (33, 1), dtype: uint16
Data:[[54]
 [54]
 [50]
 [51]
 [46]
 [49]
 [55]
 [52]
 [48]
 [56]
 [51]
 [45]
 [48]
 [32]
 [54]
 [54]
 [50]
 [51]
 [46]
 [49]
 [55]
 [48]
 [49]
 [52]
 [50]
 [57]
 [57]
 [57]
 [57]
 [57]
 [57]
 [45]
 [49]] 
------------------------ Dataset: gov ------------------------
shape: (32, 1), dtype: uint16
Data:[[54]
 [54]
 [51]
 [57]
 [46]
 [48]
 [48]
 [54]
 [49]
 [55]
 [45]
 [48]
 [32]
 [54]
 [54]
 [51]
 [57]
 [46]
 [48]
 [49]
 [48]
 [49]
 [56]
 [55]
 [57]
 [57]
 [57]
 [57]
 [57]
 [57]
 [45]
 [49]] 
------------------------ Dataset: gow ------------------------
shape: (33, 1), dtype: uint16
Data:[[54]
 [54]
 [53]
 [52]
 [46]
 [54]
 [49]
 [56]
 [57]
 [49]
 [56]
 [45]
 [48]
 [32]
 [54]
 [54]
 [53]
 [52]
 [46]
 [54]
 [50]
 [50]
 [52]
 [49]
 [56]
 [57]
 [57]
 [57]
 [57]
 [57]
 [57]
 [45]
 [49]] 
------------------------ Dataset: gox ------------------------
shape: (27, 1), dtype: uint16
Data:[[54]
 [54]
 [55]
 [48]
 [46]
 [53]
 [49]
 [52]
 [52]
 [55]
 [50]
 [45]
 [48]
 [32]
 [54]
 [54]
 [55]
 [48]
 [46]
 [53]
 [49]
 [49]
 [48]
 [56]
 [50]
 [45]
 [49]] 
------------------------ Dataset: goy ------------------------
shape: (39, 1), dtype: uint16
Data:[[54]
 [54]
 [56]
 [54]
 [46]
 [52]
 [49]
 [56]
 [50]
 [48]
 [53]
 [57]
 [57]
 [57]
 [57]
 [57]
 [57]
 [45]
 [48]
 [32]
 [54]
 [54]
 [56]
 [54]
 [46]
 [52]
 [50]
 [50]
 [48]
 [54]
 [56]
 [57]
 [57]
 [57]
 [57]
 [57]
 [57]
 [45]
 [49]] 
------------------------ Dataset: goz ------------------------
shape: (27, 1), dtype: uint16
Data:[[53]
 [57]
 [48]
 [52]
 [46]
 [51]
 [51]
 [51]
 [54]
 [54]
 [55]
 [45]
 [48]
 [32]
 [53]
 [57]
 [48]
 [52]
 [46]
 [51]
 [51]
 [55]
 [55]
 [48]
 [52]
 [45]
 [49]] 
------------------------ Dataset: gp ------------------------

shape: (1, 6), dtype: uint32
Data:[[3707764736          2          1          1        853          1]] 
------------------------ Dataset: hob ------------------------
shape: (39, 1), dtype: uint16
Data:[[54]
 [55]
 [54]
 [56]
 [46]
 [49]
 [50]
 [48]
 [49]
 [50]
 [49]
 [57]
 [57]
 [57]
 [57]
 [57]
 [57]
 [45]
 [48]
 [32]
 [54]
 [55]
 [54]
 [56]
 [46]
 [49]
 [50]
 [50]
 [52]
 [48]
 [50]
 [57]
 [57]
 [57]
 [57]
 [57]
 [57]
 [45]
 [49]] 
------------------------ Dataset: hoc ------------------------
shape: (40, 1), dtype: uint16
Data:[[54]
 [50]
 [56]
 [48]
 [46]
 [56]
 [57]
 [51]
 [57]
 [50]
 [55]
 [57]
 [57]
 [57]
 [57]
 [57]
 [57]
 [53]
 [45]
 [48]
 [32]
 [54]
 [50]
 [56]
 [48]
 [46]
 [57]
 [48]
 [50]
 [54]
 [56]
 [50]
 [57]
 [57]
 [57]
 [57]
 [57]
 [57]
 [45]
 [49]] 
------------------------ Dataset: hod ------------------------
shape: (33, 1), dtype: uint16
Data:[[54]
 [50]
 [57]
 [54]
 [46]
 [54]
 [55]
 [51]
 [57]
 [49]
 [52]
 [57]
 [57]
 [57]
 [57]
 [57]
 [57]
 [45]
 [48]
 [32]
 [54]
 [50]
 [57]
 [54]
 [46]
 [54]
 [55]
 [55]
 [57]
 [52]
 [54]
 [45]
 [49]] 
------------------------ Dataset: hoe ------------------------
shape: (27, 1), dtype: uint16
Data:[[54]
 [51]
 [49]
 [50]
 [46]
 [53]
 [49]
 [49]
 [49]
 [56]
 [52]
 [45]
 [48]
 [32]
 [54]
 [51]
 [49]
 [50]
 [46]
 [53]
 [49]
 [49]
 [50]
 [53]
 [57]
 [45]
 [49]] 
------------------------ Dataset: hof ------------------------
shape: (27, 1), dtype: uint16
Data:[[54]
 [51]
 [50]
 [56]
 [46]
 [51]
 [56]
 [54]
 [48]
 [54]
 [53]
 [45]
 [48]
 [32]
 [54]
 [51]
 [50]
 [56]
 [46]
 [51]
 [56]
 [52]
 [51]
 [55]
 [57]
 [45]
 [49]] 
------------------------ Dataset: hog ------------------------
shape: (13, 1), dtype: uint16
Data:[[54]
 [51]
 [52]
 [52]
 [46]
 [50]
 [48]
 [54]
 [49]
 [55]
 [49]
 [45]
 [49]] 
------------------------ Dataset: hoh ------------------------
shape: (40, 1), dtype: uint16
Data:[[54]
 [53]
 [48]
 [57]
 [46]
 [51]
 [48]
 [49]
 [57]
 [50]
 [56]
 [57]
 [57]
 [57]
 [57]
 [57]
 [57]
 [45]
 [48]
 [32]
 [54]
 [53]
 [48]
 [57]
 [46]
 [51]
 [48]
 [54]
 [48]
 [50]
 [51]
 [57]
 [57]
 [57]
 [57]
 [57]
 [57]
 [53]
 [45]
 [49]] 
------------------------ Dataset: hoi ------------------------
shape: (27, 1), dtype: uint16
Data:[[54]
 [53]
 [50]
 [53]
 [46]
 [49]
 [49]
 [54]
 [57]
 [54]
 [49]
 [45]
 [48]
 [32]
 [54]
 [53]
 [50]
 [53]
 [46]
 [49]
 [49]
 [54]
 [51]
 [53]
 [50]
 [45]
 [49]] 
------------------------ Dataset: hoj ------------------------
shape: (40, 1), dtype: uint16
Data:[[54]
 [48]
 [50]
 [48]
 [46]
 [55]
 [48]
 [54]
 [48]
 [54]
 [55]
 [57]
 [57]
 [57]
 [57]
 [57]
 [57]
 [53]
 [45]
 [48]
 [32]
 [54]
 [48]
 [50]
 [48]
 [46]
 [55]
 [49]
 [48]
 [49]
 [51]
 [49]
 [57]
 [57]
 [57]
 [57]
 [57]
 [57]
 [45]
 [49]] 
------------------------ Dataset: hok ------------------------
shape: (27, 1), dtype: uint16
Data:[[54]
 [48]
 [51]
 [54]
 [46]
 [52]
 [57]
 [56]
 [55]
 [52]
 [50]
 [45]
 [48]
 [32]
 [54]
 [48]
 [51]
 [54]
 [46]
 [53]
 [48]
 [49]
 [55]
 [53]
 [54]
 [45]
 [49]] 
------------------------ Dataset: hol ------------------------
shape: (40, 1), dtype: uint16
Data:[[54]
 [48]
 [53]
 [50]
 [46]
 [49]
 [48]
 [49]
 [55]
 [51]
 [50]
 [57]
 [57]
 [57]
 [57]
 [57]
 [57]
 [53]
 [45]
 [48]
 [32]
 [54]
 [48]
 [53]
 [50]
 [46]
 [49]
 [48]
 [53]
 [55]
 [52]
 [56]
 [57]
 [57]
 [57]
 [57]
 [57]
 [57]
 [45]
 [49]] 
------------------------ Dataset: hom ------------------------
shape: (27, 1), dtype: uint16
Data:[[54]
 [48]
 [54]
 [56]
 [46]
 [48]
 [51]
 [48]
 [54]
 [48]
 [50]
 [45]
 [48]
 [32]
 [54]
 [48]
 [54]
 [56]
 [46]
 [48]
 [50]
 [52]
 [56]
 [56]
 [55]
 [45]
 [49]] 
------------------------ Dataset: hon ------------------------
shape: (27, 1), dtype: uint16
Data:[[54]
 [48]
 [56]
 [51]
 [46]
 [57]
 [53]
 [57]
 [52]
 [52]
 [51]
 [45]
 [48]
 [32]
 [54]
 [48]
 [56]
 [51]
 [46]
 [57]
 [53]
 [57]
 [51]
 [50]
 [56]
 [45]
 [49]] 
------------------------ Dataset: hoo ------------------------
shape: (33, 1), dtype: uint16
Data:[[53]
 [54]
 [52]
 [52]
 [46]
 [54]
 [50]
 [57]
 [53]
 [50]
 [57]
 [57]
 [57]
 [57]
 [57]
 [57]
 [57]
 [45]
 [48]
 [32]
 [53]
 [54]
 [52]
 [52]
 [46]
 [54]
 [51]
 [55]
 [53]
 [55]
 [51]
 [45]
 [49]] 
------------------------ Dataset: hop ------------------------
shape: (40, 1), dtype: uint16
Data:[[53]
 [54]
 [54]
 [48]
 [46]
 [51]
 [56]
 [50]
 [50]
 [48]
 [56]
 [57]
 [57]
 [57]
 [57]
 [57]
 [57]
 [45]
 [48]
 [32]
 [53]
 [54]
 [54]
 [48]
 [46]
 [51]
 [56]
 [53]
 [53]
 [49]
 [48]
 [57]
 [57]
 [57]
 [57]
 [57]
 [57]
 [53]
 [45]
 [49]] 
------------------------ Dataset: hoq ------------------------
shape: (34, 1), dtype: uint16
Data:[[53]
 [54]
 [55]
 [54]
 [46]
 [48]
 [55]
 [55]
 [55]
 [51]
 [51]
 [57]
 [57]
 [57]
 [57]
 [57]
 [57]
 [53]
 [45]
 [48]
 [32]
 [53]
 [54]
 [55]
 [54]
 [46]
 [48]
 [56]
 [49]
 [55]
 [48]
 [49]
 [45]
 [49]] 
------------------------ Dataset: hor ------------------------
shape: (34, 1), dtype: uint16
Data:[[53]
 [54]
 [57]
 [49]
 [46]
 [56]
 [54]
 [53]
 [53]
 [55]
 [51]
 [45]
 [48]
 [32]
 [53]
 [54]
 [57]
 [49]
 [46]
 [56]
 [54]
 [53]
 [53]
 [57]
 [50]
 [57]
 [57]
 [57]
 [57]
 [57]
 [57]
 [53]
 [45]
 [49]] 
------------------------ Dataset: hos ------------------------
shape: (33, 1), dtype: uint16
Data:[[54]
 [52]
 [49]
 [53]
 [46]
 [49]
 [52]
 [53]
 [56]
 [55]
 [55]
 [57]
 [57]
 [57]
 [57]
 [57]
 [57]
 [45]
 [48]
 [32]
 [54]
 [52]
 [49]
 [53]
 [46]
 [49]
 [52]
 [49]
 [56]
 [57]
 [53]
 [45]
 [49]] 
------------------------ Dataset: hot ------------------------
shape: (39, 1), dtype: uint16
Data:[[54]
 [54]
 [48]
 [55]
 [46]
 [50]
 [49]
 [52]
 [48]
 [53]
 [54]
 [57]
 [57]
 [57]
 [57]
 [57]
 [57]
 [45]
 [48]
 [32]
 [54]
 [54]
 [48]
 [55]
 [46]
 [50]
 [49]
 [48]
 [48]
 [55]
 [50]
 [57]
 [57]
 [57]
 [57]
 [57]
 [57]
 [45]
 [49]] 
------------------------ Dataset: hou ------------------------
shape: (27, 1), dtype: uint16
Data:[[54]
 [54]
 [50]
 [51]
 [46]
 [49]
 [55]
 [52]
 [48]
 [56]
 [51]
 [45]
 [48]
 [32]
 [54]
 [54]
 [50]
 [51]
 [46]
 [49]
 [55]
 [56]
 [48]
 [52]
 [56]
 [45]
 [49]] 
------------------------ Dataset: hov ------------------------
shape: (39, 1), dtype: uint16
Data:[[54]
 [54]
 [51]
 [57]
 [46]
 [48]
 [49]
 [52]
 [51]
 [52]
 [51]
 [57]
 [57]
 [57]
 [57]
 [57]
 [57]
 [45]
 [48]
 [32]
 [54]
 [54]
 [51]
 [57]
 [46]
 [48]
 [49]
 [48]
 [49]
 [56]
 [55]
 [57]
 [57]
 [57]
 [57]
 [57]
 [57]
 [45]
 [49]] 
------------------------ Dataset: how ------------------------
shape: (39, 1), dtype: uint16
Data:[[54]
 [54]
 [53]
 [52]
 [46]
 [54]
 [50]
 [54]
 [48]
 [55]
 [52]
 [57]
 [57]
 [57]
 [57]
 [57]
 [57]
 [45]
 [48]
 [32]
 [54]
 [54]
 [53]
 [52]
 [46]
 [54]
 [50]
 [50]
 [52]
 [49]
 [56]
 [57]
 [57]
 [57]
 [57]
 [57]
 [57]
 [45]
 [49]] 
------------------------ Dataset: hox ------------------------
shape: (33, 1), dtype: uint16
Data:[[54]
 [54]
 [55]
 [48]
 [46]
 [53]
 [49]
 [52]
 [52]
 [55]
 [50]
 [45]
 [48]
 [32]
 [54]
 [54]
 [55]
 [48]
 [46]
 [53]
 [49]
 [56]
 [49]
 [55]
 [52]
 [57]
 [57]
 [57]
 [57]
 [57]
 [57]
 [45]
 [49]] 
------------------------ Dataset: hoy ------------------------
shape: (39, 1), dtype: uint16
Data:[[54]
 [54]
 [56]
 [54]
 [46]
 [52]
 [50]
 [54]
 [48]
 [51]
 [54]
 [57]
 [57]
 [57]
 [57]
 [57]
 [57]
 [45]
 [48]
 [32]
 [54]
 [54]
 [56]
 [54]
 [46]
 [52]
 [50]
 [50]
 [48]
 [54]
 [56]
 [57]
 [57]
 [57]
 [57]
 [57]
 [57]
 [45]
 [49]] 
------------------------ Dataset: hoz ------------------------
shape: (27, 1), dtype: uint16
Data:[[53]
 [57]
 [48]
 [52]
 [46]
 [51]
 [52]
 [49]
 [54]
 [54]
 [53]
 [45]
 [48]
 [32]
 [53]
 [57]
 [48]
 [52]
 [46]
 [51]
 [51]
 [55]
 [55]
 [48]
 [52]
 [45]
 [49]] 
------------------------ Dataset: hp ------------------------

shape: (1, 6), dtype: uint32
Data:[[3707764736          2          1          1        854          1]] 
------------------------ Dataset: iob ------------------------
shape: (33, 1), dtype: uint16
Data:[[54]
 [55]
 [54]
 [56]
 [46]
 [49]
 [50]
 [54]
 [50]
 [52]
 [49]
 [45]
 [48]
 [32]
 [54]
 [55]
 [54]
 [56]
 [46]
 [49]
 [50]
 [50]
 [52]
 [48]
 [50]
 [57]
 [57]
 [57]
 [57]
 [57]
 [57]
 [45]
 [49]] 
------------------------ Dataset: ioc ------------------------
shape: (33, 1), dtype: uint16
Data:[[54]
 [50]
 [56]
 [48]
 [46]
 [57]
 [48]
 [56]
 [50]
 [57]
 [52]
 [45]
 [48]
 [32]
 [54]
 [50]
 [56]
 [48]
 [46]
 [57]
 [48]
 [50]
 [54]
 [56]
 [50]
 [57]
 [57]
 [57]
 [57]
 [57]
 [57]
 [45]
 [49]] 
------------------------ Dataset: iod ------------------------
shape: (27, 1), dtype: uint16
Data:[[54]
 [50]
 [57]
 [54]
 [46]
 [54]
 [56]
 [49]
 [57]
 [55]
 [56]
 [45]
 [48]
 [32]
 [54]
 [50]
 [57]
 [54]
 [46]
 [54]
 [55]
 [55]
 [57]
 [52]
 [54]
 [45]
 [49]] 
------------------------ Dataset: ioe ------------------------
shape: (27, 1), dtype: uint16
Data:[[54]
 [51]
 [49]
 [50]
 [46]
 [53]
 [49]
 [52]
 [57]
 [57]
 [49]
 [45]
 [48]
 [32]
 [54]
 [51]
 [49]
 [50]
 [46]
 [53]
 [49]
 [49]
 [50]
 [53]
 [57]
 [45]
 [49]] 
------------------------ Dataset: iof ------------------------
shape: (27, 1), dtype: uint16
Data:[[54]
 [51]
 [50]
 [56]
 [46]
 [51]
 [56]
 [54]
 [48]
 [54]
 [53]
 [45]
 [48]
 [32]
 [54]
 [51]
 [50]
 [56]
 [46]
 [51]
 [56]
 [57]
 [56]
 [52]
 [50]
 [45]
 [49]] 
------------------------ Dataset: iog ------------------------
shape: (13, 1), dtype: uint16
Data:[[54]
 [51]
 [52]
 [52]
 [46]
 [50]
 [49]
 [48]
 [52]
 [48]
 [53]
 [45]
 [48]] 
------------------------ Dataset: ioh ------------------------
shape: (34, 1), dtype: uint16
Data:[[54]
 [53]
 [48]
 [57]
 [46]
 [51]
 [49]
 [53]
 [53]
 [57]
 [50]
 [45]
 [48]
 [32]
 [54]
 [53]
 [48]
 [57]
 [46]
 [51]
 [48]
 [54]
 [48]
 [50]
 [51]
 [57]
 [57]
 [57]
 [57]
 [57]
 [57]
 [53]
 [45]
 [49]] 
------------------------ Dataset: ioi ------------------------
shape: (27, 1), dtype: uint16
Data:[[54]
 [53]
 [50]
 [53]
 [46]
 [49]
 [49]
 [54]
 [57]
 [54]
 [49]
 [45]
 [48]
 [32]
 [54]
 [53]
 [50]
 [53]
 [46]
 [49]
 [50]
 [50]
 [51]
 [51]
 [49]
 [45]
 [49]] 
------------------------ Dataset: ioj ------------------------
shape: (33, 1), dtype: uint16
Data:[[54]
 [48]
 [50]
 [48]
 [46]
 [55]
 [49]
 [51]
 [55]
 [51]
 [54]
 [45]
 [48]
 [32]
 [54]
 [48]
 [50]
 [48]
 [46]
 [55]
 [49]
 [48]
 [49]
 [51]
 [49]
 [57]
 [57]
 [57]
 [57]
 [57]
 [57]
 [45]
 [49]] 
------------------------ Dataset: iok ------------------------
shape: (27, 1), dtype: uint16
Data:[[54]
 [48]
 [51]
 [54]
 [46]
 [53]
 [49]
 [49]
 [48]
 [48]
 [55]
 [45]
 [48]
 [32]
 [54]
 [48]
 [51]
 [54]
 [46]
 [53]
 [48]
 [49]
 [55]
 [53]
 [54]
 [45]
 [49]] 
------------------------ Dataset: iol ------------------------
shape: (33, 1), dtype: uint16
Data:[[54]
 [48]
 [53]
 [50]
 [46]
 [49]
 [48]
 [57]
 [55]
 [56]
 [49]
 [45]
 [48]
 [32]
 [54]
 [48]
 [53]
 [50]
 [46]
 [49]
 [48]
 [53]
 [55]
 [52]
 [56]
 [57]
 [57]
 [57]
 [57]
 [57]
 [57]
 [45]
 [49]] 
------------------------ Dataset: iom ------------------------
shape: (33, 1), dtype: uint16
Data:[[54]
 [48]
 [54]
 [56]
 [46]
 [48]
 [51]
 [48]
 [54]
 [48]
 [50]
 [45]
 [48]
 [32]
 [54]
 [48]
 [54]
 [56]
 [46]
 [48]
 [51]
 [48]
 [48]
 [51]
 [56]
 [57]
 [57]
 [57]
 [57]
 [57]
 [57]
 [45]
 [49]] 
------------------------ Dataset: ion ------------------------
shape: (33, 1), dtype: uint16
Data:[[54]
 [48]
 [56]
 [51]
 [46]
 [57]
 [53]
 [57]
 [52]
 [52]
 [51]
 [45]
 [48]
 [32]
 [54]
 [48]
 [56]
 [51]
 [46]
 [57]
 [54]
 [50]
 [53]
 [55]
 [51]
 [57]
 [57]
 [57]
 [57]
 [57]
 [57]
 [45]
 [49]] 
------------------------ Dataset: ioo ------------------------
shape: (27, 1), dtype: uint16
Data:[[53]
 [54]
 [52]
 [52]
 [46]
 [54]
 [51]
 [55]
 [53]
 [52]
 [56]
 [45]
 [48]
 [32]
 [53]
 [54]
 [52]
 [52]
 [46]
 [54]
 [51]
 [55]
 [53]
 [55]
 [51]
 [45]
 [49]] 
------------------------ Dataset: iop ------------------------
shape: (40, 1), dtype: uint16
Data:[[53]
 [54]
 [54]
 [48]
 [46]
 [51]
 [56]
 [57]
 [52]
 [56]
 [51]
 [57]
 [57]
 [57]
 [57]
 [57]
 [57]
 [45]
 [48]
 [32]
 [53]
 [54]
 [54]
 [48]
 [46]
 [51]
 [56]
 [53]
 [53]
 [49]
 [48]
 [57]
 [57]
 [57]
 [57]
 [57]
 [57]
 [53]
 [45]
 [49]] 
------------------------ Dataset: ioq ------------------------
shape: (27, 1), dtype: uint16
Data:[[53]
 [54]
 [55]
 [54]
 [46]
 [48]
 [57]
 [48]
 [50]
 [51]
 [57]
 [45]
 [48]
 [32]
 [53]
 [54]
 [55]
 [54]
 [46]
 [48]
 [56]
 [49]
 [55]
 [48]
 [49]
 [45]
 [49]] 
------------------------ Dataset: ior ------------------------
shape: (34, 1), dtype: uint16
Data:[[53]
 [54]
 [57]
 [49]
 [46]
 [56]
 [55]
 [51]
 [53]
 [56]
 [51]
 [45]
 [48]
 [32]
 [53]
 [54]
 [57]
 [49]
 [46]
 [56]
 [54]
 [53]
 [53]
 [57]
 [50]
 [57]
 [57]
 [57]
 [57]
 [57]
 [57]
 [53]
 [45]
 [49]] 
------------------------ Dataset: ios ------------------------
shape: (33, 1), dtype: uint16
Data:[[54]
 [52]
 [49]
 [53]
 [46]
 [49]
 [52]
 [53]
 [56]
 [55]
 [55]
 [57]
 [57]
 [57]
 [57]
 [57]
 [57]
 [45]
 [48]
 [32]
 [54]
 [52]
 [49]
 [53]
 [46]
 [49]
 [52]
 [57]
 [57]
 [50]
 [53]
 [45]
 [49]] 
------------------------ Dataset: iot ------------------------
shape: (33, 1), dtype: uint16
Data:[[54]
 [54]
 [48]
 [55]
 [46]
 [50]
 [49]
 [52]
 [48]
 [53]
 [54]
 [57]
 [57]
 [57]
 [57]
 [57]
 [57]
 [45]
 [48]
 [32]
 [54]
 [54]
 [48]
 [55]
 [46]
 [50]
 [50]
 [50]
 [49]
 [51]
 [50]
 [45]
 [49]] 
------------------------ Dataset: iou ------------------------
shape: (27, 1), dtype: uint16
Data:[[54]
 [54]
 [50]
 [51]
 [46]
 [49]
 [56]
 [50]
 [50]
 [57]
 [53]
 [45]
 [48]
 [32]
 [54]
 [54]
 [50]
 [51]
 [46]
 [49]
 [55]
 [56]
 [48]
 [52]
 [56]
 [45]
 [49]] 
------------------------ Dataset: iov ------------------------
shape: (33, 1), dtype: uint16
Data:[[54]
 [54]
 [51]
 [57]
 [46]
 [48]
 [49]
 [52]
 [51]
 [52]
 [51]
 [57]
 [57]
 [57]
 [57]
 [57]
 [57]
 [45]
 [48]
 [32]
 [54]
 [54]
 [51]
 [57]
 [46]
 [48]
 [49]
 [57]
 [51]
 [50]
 [57]
 [45]
 [49]] 
------------------------ Dataset: iow ------------------------
shape: (33, 1), dtype: uint16
Data:[[54]
 [54]
 [53]
 [52]
 [46]
 [54]
 [50]
 [54]
 [48]
 [55]
 [52]
 [57]
 [57]
 [57]
 [57]
 [57]
 [57]
 [45]
 [48]
 [32]
 [54]
 [54]
 [53]
 [52]
 [46]
 [54]
 [51]
 [48]
 [48]
 [57]
 [49]
 [45]
 [49]] 
------------------------ Dataset: iox ------------------------
shape: (33, 1), dtype: uint16
Data:[[54]
 [54]
 [55]
 [48]
 [46]
 [53]
 [50]
 [50]
 [49]
 [52]
 [50]
 [45]
 [48]
 [32]
 [54]
 [54]
 [55]
 [48]
 [46]
 [53]
 [49]
 [56]
 [49]
 [55]
 [52]
 [57]
 [57]
 [57]
 [57]
 [57]
 [57]
 [45]
 [49]] 
------------------------ Dataset: ioy ------------------------
shape: (33, 1), dtype: uint16
Data:[[54]
 [54]
 [56]
 [54]
 [46]
 [52]
 [50]
 [54]
 [48]
 [51]
 [54]
 [57]
 [57]
 [57]
 [57]
 [57]
 [57]
 [45]
 [48]
 [32]
 [54]
 [54]
 [56]
 [54]
 [46]
 [52]
 [51]
 [48]
 [48]
 [53]
 [50]
 [45]
 [49]] 
------------------------ Dataset: ioz ------------------------
shape: (27, 1), dtype: uint16
Data:[[53]
 [57]
 [48]
 [52]
 [46]
 [51]
 [52]
 [49]
 [54]
 [54]
 [53]
 [45]
 [48]
 [32]
 [53]
 [57]
 [48]
 [52]
 [46]
 [51]
 [52]
 [53]
 [54]
 [53]
 [50]
 [45]
 [49]] 
------------------------ Dataset: ip ------------------------

shape: (1, 6), dtype: uint32
Data:[[3707764736          2          1          1        855          1]] 
------------------------ Dataset: job ------------------------
shape: (26, 1), dtype: uint16
Data:[[54]
 [55]
 [54]
 [56]
 [46]
 [49]
 [50]
 [54]
 [50]
 [52]
 [49]
 [45]
 [48]
 [32]
 [54]
 [55]
 [54]
 [56]
 [46]
 [49]
 [51]
 [48]
 [50]
 [50]
 [45]
 [49]] 
------------------------ Dataset: joc ------------------------
shape: (27, 1), dtype: uint16
Data:[[54]
 [50]
 [56]
 [48]
 [46]
 [57]
 [48]
 [56]
 [50]
 [57]
 [52]
 [45]
 [48]
 [32]
 [54]
 [50]
 [56]
 [48]
 [46]
 [57]
 [48]
 [56]
 [50]
 [57]
 [54]
 [45]
 [49]] 
------------------------ Dataset: jod ------------------------
shape: (27, 1), dtype: uint16
Data:[[54]
 [50]
 [57]
 [54]
 [46]
 [54]
 [56]
 [49]
 [57]
 [55]
 [56]
 [45]
 [48]
 [32]
 [54]
 [50]
 [57]
 [54]
 [46]
 [54]
 [56]
 [54]
 [49]
 [50]
 [54]
 [45]
 [49]] 
------------------------ Dataset: joe ------------------------
shape: (27, 1), dtype: uint16
Data:[[54]
 [51]
 [49]
 [50]
 [46]
 [53]
 [49]
 [52]
 [57]
 [57]
 [49]
 [45]
 [48]
 [32]
 [54]
 [51]
 [49]
 [50]
 [46]
 [53]
 [49]
 [56]
 [49]
 [54]
 [54]
 [45]
 [49]] 
------------------------ Dataset: jof ------------------------
shape: (33, 1), dtype: uint16
Data:[[54]
 [51]
 [50]
 [56]
 [46]
 [51]
 [57]
 [51]
 [56]
 [53]
 [57]
 [57]
 [57]
 [57]
 [57]
 [57]
 [57]
 [45]
 [48]
 [32]
 [54]
 [51]
 [50]
 [56]
 [46]
 [51]
 [56]
 [57]
 [56]
 [52]
 [50]
 [45]
 [49]] 
------------------------ Dataset: jog ------------------------
shape: (13, 1), dtype: uint16
Data:[[54]
 [51]
 [52]
 [52]
 [46]
 [50]
 [49]
 [52]
 [48]
 [48]
 [50]
 [45]
 [49]] 
------------------------ Dataset: joh ------------------------
shape: (26, 1), dtype: uint16
Data:[[54]
 [53]
 [48]
 [57]
 [46]
 [51]
 [49]
 [53]
 [53]
 [57]
 [50]
 [45]
 [48]
 [32]
 [54]
 [53]
 [48]
 [57]
 [46]
 [51]
 [49]
 [53]
 [55]
 [53]
 [45]
 [49]] 
------------------------ Dataset: joi ------------------------
shape: (33, 1), dtype: uint16
Data:[[54]
 [53]
 [50]
 [53]
 [46]
 [49]
 [50]
 [49]
 [56]
 [57]
 [52]
 [57]
 [57]
 [57]
 [57]
 [57]
 [57]
 [45]
 [48]
 [32]
 [54]
 [53]
 [50]
 [53]
 [46]
 [49]
 [50]
 [50]
 [51]
 [51]
 [49]
 [45]
 [49]] 
------------------------ Dataset: joj ------------------------
shape: (33, 1), dtype: uint16
Data:[[54]
 [48]
 [50]
 [48]
 [46]
 [55]
 [49]
 [51]
 [55]
 [51]
 [54]
 [45]
 [48]
 [32]
 [54]
 [48]
 [50]
 [48]
 [46]
 [55]
 [49]
 [55]
 [56]
 [55]
 [57]
 [57]
 [57]
 [57]
 [57]
 [57]
 [57]
 [45]
 [49]] 
------------------------ Dataset: jok ------------------------
shape: (27, 1), dtype: uint16
Data:[[54]
 [48]
 [51]
 [54]
 [46]
 [53]
 [49]
 [49]
 [48]
 [48]
 [55]
 [45]
 [48]
 [32]
 [54]
 [48]
 [51]
 [54]
 [46]
 [53]
 [49]
 [49]
 [49]
 [50]
 [55]
 [45]
 [49]] 
------------------------ Dataset: jol ------------------------
shape: (33, 1), dtype: uint16
Data:[[54]
 [48]
 [53]
 [50]
 [46]
 [49]
 [48]
 [57]
 [55]
 [56]
 [49]
 [45]
 [48]
 [32]
 [54]
 [48]
 [53]
 [50]
 [46]
 [49]
 [49]
 [51]
 [55]
 [55]
 [53]
 [57]
 [57]
 [57]
 [57]
 [57]
 [57]
 [45]
 [49]] 
------------------------ Dataset: jom ------------------------
shape: (33, 1), dtype: uint16
Data:[[54]
 [48]
 [54]
 [56]
 [46]
 [48]
 [51]
 [48]
 [54]
 [48]
 [50]
 [45]
 [48]
 [32]
 [54]
 [48]
 [54]
 [56]
 [46]
 [48]
 [52]
 [49]
 [50]
 [53]
 [50]
 [57]
 [57]
 [57]
 [57]
 [57]
 [57]
 [45]
 [49]] 
------------------------ Dataset: jon ------------------------
shape: (33, 1), dtype: uint16
Data:[[54]
 [48]
 [56]
 [51]
 [46]
 [57]
 [54]
 [53]
 [56]
 [48]
 [53]
 [45]
 [48]
 [32]
 [54]
 [48]
 [56]
 [51]
 [46]
 [57]
 [54]
 [50]
 [53]
 [55]
 [51]
 [57]
 [57]
 [57]
 [57]
 [57]
 [57]
 [45]
 [49]] 
------------------------ Dataset: joo ------------------------
shape: (27, 1), dtype: uint16
Data:[[53]
 [54]
 [52]
 [52]
 [46]
 [54]
 [52]
 [53]
 [54]
 [49]
 [56]
 [45]
 [48]
 [32]
 [53]
 [54]
 [52]
 [52]
 [46]
 [54]
 [51]
 [55]
 [53]
 [55]
 [51]
 [45]
 [49]] 
------------------------ Dataset: jop ------------------------
shape: (33, 1), dtype: uint16
Data:[[53]
 [54]
 [54]
 [48]
 [46]
 [51]
 [56]
 [57]
 [52]
 [56]
 [51]
 [57]
 [57]
 [57]
 [57]
 [57]
 [57]
 [45]
 [48]
 [32]
 [53]
 [54]
 [54]
 [48]
 [46]
 [51]
 [57]
 [51]
 [53]
 [52]
 [56]
 [45]
 [49]] 
------------------------ Dataset: joq ------------------------
shape: (33, 1), dtype: uint16
Data:[[53]
 [54]
 [55]
 [54]
 [46]
 [48]
 [57]
 [48]
 [50]
 [51]
 [57]
 [45]
 [48]
 [32]
 [53]
 [54]
 [55]
 [54]
 [46]
 [48]
 [57]
 [48]
 [56]
 [52]
 [56]
 [57]
 [57]
 [57]
 [57]
 [57]
 [57]
 [45]
 [49]] 
------------------------ Dataset: jor ------------------------
shape: (27, 1), dtype: uint16
Data:[[53]
 [54]
 [57]
 [49]
 [46]
 [56]
 [55]
 [51]
 [53]
 [56]
 [51]
 [45]
 [48]
 [32]
 [53]
 [54]
 [57]
 [49]
 [46]
 [56]
 [55]
 [51]
 [53]
 [57]
 [53]
 [45]
 [49]] 
------------------------ Dataset: jos ------------------------
shape: (27, 1), dtype: uint16
Data:[[54]
 [52]
 [49]
 [53]
 [46]
 [49]
 [53]
 [52]
 [49]
 [49]
 [57]
 [45]
 [48]
 [32]
 [54]
 [52]
 [49]
 [53]
 [46]
 [49]
 [52]
 [57]
 [57]
 [50]
 [53]
 [45]
 [49]] 
------------------------ Dataset: jot ------------------------
shape: (26, 1), dtype: uint16
Data:[[54]
 [54]
 [48]
 [55]
 [46]
 [50]
 [50]
 [51]
 [52]
 [56]
 [45]
 [48]
 [32]
 [54]
 [54]
 [48]
 [55]
 [46]
 [50]
 [50]
 [50]
 [49]
 [51]
 [50]
 [45]
 [49]] 
------------------------ Dataset: jou ------------------------
shape: (27, 1), dtype: uint16
Data:[[54]
 [54]
 [50]
 [51]
 [46]
 [49]
 [56]
 [50]
 [50]
 [57]
 [53]
 [45]
 [48]
 [32]
 [54]
 [54]
 [50]
 [51]
 [46]
 [49]
 [56]
 [54]
 [49]
 [54]
 [52]
 [45]
 [49]] 
------------------------ Dataset: jov ------------------------
shape: (27, 1), dtype: uint16
Data:[[54]
 [54]
 [51]
 [57]
 [46]
 [48]
 [50]
 [52]
 [49]
 [48]
 [56]
 [45]
 [48]
 [32]
 [54]
 [54]
 [51]
 [57]
 [46]
 [48]
 [49]
 [57]
 [51]
 [50]
 [57]
 [45]
 [49]] 
------------------------ Dataset: jow ------------------------
shape: (27, 1), dtype: uint16
Data:[[54]
 [54]
 [53]
 [52]
 [46]
 [54]
 [51]
 [54]
 [48]
 [55]
 [51]
 [45]
 [48]
 [32]
 [54]
 [54]
 [53]
 [52]
 [46]
 [54]
 [51]
 [48]
 [48]
 [57]
 [49]
 [45]
 [49]] 
------------------------ Dataset: jox ------------------------
shape: (33, 1), dtype: uint16
Data:[[54]
 [54]
 [55]
 [48]
 [46]
 [53]
 [50]
 [50]
 [49]
 [52]
 [50]
 [45]
 [48]
 [32]
 [54]
 [54]
 [55]
 [48]
 [46]
 [53]
 [50]
 [54]
 [48]
 [56]
 [57]
 [57]
 [57]
 [57]
 [57]
 [57]
 [57]
 [45]
 [49]] 
------------------------ Dataset: joy ------------------------
shape: (27, 1), dtype: uint16
Data:[[54]
 [54]
 [56]
 [54]
 [46]
 [52]
 [51]
 [52]
 [49]
 [57]
 [56]
 [45]
 [48]
 [32]
 [54]
 [54]
 [56]
 [54]
 [46]
 [52]
 [51]
 [48]
 [48]
 [53]
 [50]
 [45]
 [49]] 
------------------------ Dataset: joz ------------------------
shape: (26, 1), dtype: uint16
Data:[[53]
 [57]
 [48]
 [52]
 [46]
 [51]
 [52]
 [57]
 [54]
 [50]
 [45]
 [48]
 [32]
 [53]
 [57]
 [48]
 [52]
 [46]
 [51]
 [52]
 [53]
 [54]
 [53]
 [50]
 [45]
 [49]] 
------------------------ Dataset: jp ------------------------

shape: (1, 6), dtype: uint32
Data:[[3707764736          2          1          1        856          1]] 
------------------------ Dataset: kob ------------------------
shape: (26, 1), dtype: uint16
Data:[[54]
 [55]
 [54]
 [56]
 [46]
 [49]
 [51]
 [52]
 [49]
 [51]
 [55]
 [45]
 [48]
 [32]
 [54]
 [55]
 [54]
 [56]
 [46]
 [49]
 [51]
 [48]
 [50]
 [50]
 [45]
 [49]] 
------------------------ Dataset: koc ------------------------
shape: (33, 1), dtype: uint16
Data:[[54]
 [50]
 [56]
 [48]
 [46]
 [57]
 [49]
 [49]
 [53]
 [54]
 [52]
 [57]
 [57]
 [57]
 [57]
 [57]
 [57]
 [45]
 [48]
 [32]
 [54]
 [50]
 [56]
 [48]
 [46]
 [57]
 [48]
 [56]
 [50]
 [57]
 [54]
 [45]
 [49]] 
------------------------ Dataset: kod ------------------------
shape: (33, 1), dtype: uint16
Data:[[54]
 [50]
 [57]
 [54]
 [46]
 [54]
 [57]
 [49]
 [50]
 [54]
 [49]
 [57]
 [57]
 [57]
 [57]
 [57]
 [57]
 [45]
 [48]
 [32]
 [54]
 [50]
 [57]
 [54]
 [46]
 [54]
 [56]
 [54]
 [49]
 [50]
 [54]
 [45]
 [49]] 
------------------------ Dataset: koe ------------------------
shape: (25, 1), dtype: uint16
Data:[[54]
 [51]
 [49]
 [50]
 [46]
 [53]
 [50]
 [49]
 [57]
 [45]
 [48]
 [32]
 [54]
 [51]
 [49]
 [50]
 [46]
 [53]
 [49]
 [56]
 [49]
 [54]
 [54]
 [45]
 [49]] 
------------------------ Dataset: kof ------------------------
shape: (33, 1), dtype: uint16
Data:[[54]
 [51]
 [50]
 [56]
 [46]
 [51]
 [57]
 [51]
 [56]
 [53]
 [57]
 [57]
 [57]
 [57]
 [57]
 [57]
 [57]
 [45]
 [48]
 [32]
 [54]
 [51]
 [50]
 [56]
 [46]
 [51]
 [57]
 [55]
 [56]
 [55]
 [57]
 [45]
 [49]] 
------------------------ Dataset: kog ------------------------
shape: (13, 1), dtype: uint16
Data:[[54]
 [51]
 [52]
 [52]
 [46]
 [50]
 [49]
 [55]
 [57]
 [50]
 [56]
 [45]
 [48]] 
------------------------ Dataset: koh ------------------------
shape: (26, 1), dtype: uint16
Data:[[54]
 [53]
 [48]
 [57]
 [46]
 [51]
 [49]
 [56]
 [56]
 [57]
 [57]
 [45]
 [48]
 [32]
 [54]
 [53]
 [48]
 [57]
 [46]
 [51]
 [49]
 [53]
 [55]
 [53]
 [45]
 [49]] 
------------------------ Dataset: koi ------------------------
shape: (26, 1), dtype: uint16
Data:[[54]
 [53]
 [50]
 [53]
 [46]
 [49]
 [50]
 [54]
 [52]
 [57]
 [45]
 [48]
 [32]
 [54]
 [53]
 [50]
 [53]
 [46]
 [49]
 [50]
 [50]
 [51]
 [51]
 [49]
 [45]
 [49]] 
------------------------ Dataset: koj ------------------------
shape: (32, 1), dtype: uint16
Data:[[54]
 [48]
 [50]
 [48]
 [46]
 [55]
 [50]
 [49]
 [55]
 [49]
 [45]
 [48]
 [32]
 [54]
 [48]
 [50]
 [48]
 [46]
 [55]
 [49]
 [55]
 [56]
 [55]
 [57]
 [57]
 [57]
 [57]
 [57]
 [57]
 [57]
 [45]
 [49]] 
------------------------ Dataset: kok ------------------------
shape: (33, 1), dtype: uint16
Data:[[54]
 [48]
 [51]
 [54]
 [46]
 [53]
 [49]
 [51]
 [57]
 [48]
 [56]
 [57]
 [57]
 [57]
 [57]
 [57]
 [57]
 [45]
 [48]
 [32]
 [54]
 [48]
 [51]
 [54]
 [46]
 [53]
 [49]
 [49]
 [49]
 [50]
 [55]
 [45]
 [49]] 
------------------------ Dataset: kol ------------------------
shape: (33, 1), dtype: uint16
Data:[[54]
 [48]
 [53]
 [50]
 [46]
 [49]
 [49]
 [55]
 [56]
 [53]
 [57]
 [45]
 [48]
 [32]
 [54]
 [48]
 [53]
 [50]
 [46]
 [49]
 [49]
 [51]
 [55]
 [55]
 [53]
 [57]
 [57]
 [57]
 [57]
 [57]
 [57]
 [45]
 [49]] 
------------------------ Dataset: kom ------------------------
shape: (33, 1), dtype: uint16
Data:[[54]
 [48]
 [54]
 [56]
 [46]
 [48]
 [52]
 [49]
 [51]
 [57]
 [55]
 [45]
 [48]
 [32]
 [54]
 [48]
 [54]
 [56]
 [46]
 [48]
 [52]
 [49]
 [50]
 [53]
 [50]
 [57]
 [57]
 [57]
 [57]
 [57]
 [57]
 [45]
 [49]] 
------------------------ Dataset: kon ------------------------
shape: (33, 1), dtype: uint16
Data:[[54]
 [48]
 [56]
 [51]
 [46]
 [57]
 [54]
 [53]
 [56]
 [48]
 [53]
 [45]
 [48]
 [32]
 [54]
 [48]
 [56]
 [51]
 [46]
 [57]
 [54]
 [57]
 [55]
 [53]
 [55]
 [57]
 [57]
 [57]
 [57]
 [57]
 [57]
 [45]
 [49]] 
------------------------ Dataset: koo ------------------------
shape: (27, 1), dtype: uint16
Data:[[53]
 [54]
 [52]
 [52]
 [46]
 [54]
 [52]
 [53]
 [54]
 [49]
 [56]
 [45]
 [48]
 [32]
 [53]
 [54]
 [52]
 [52]
 [46]
 [54]
 [52]
 [53]
 [55]
 [56]
 [53]
 [45]
 [49]] 
------------------------ Dataset: kop ------------------------
shape: (27, 1), dtype: uint16
Data:[[53]
 [54]
 [54]
 [48]
 [46]
 [51]
 [57]
 [55]
 [53]
 [51]
 [52]
 [45]
 [48]
 [32]
 [53]
 [54]
 [54]
 [48]
 [46]
 [51]
 [57]
 [51]
 [53]
 [52]
 [56]
 [45]
 [49]] 
------------------------ Dataset: koq ------------------------
shape: (33, 1), dtype: uint16
Data:[[53]
 [54]
 [55]
 [54]
 [46]
 [48]
 [57]
 [55]
 [55]
 [51]
 [49]
 [45]
 [48]
 [32]
 [53]
 [54]
 [55]
 [54]
 [46]
 [48]
 [57]
 [48]
 [56]
 [52]
 [56]
 [57]
 [57]
 [57]
 [57]
 [57]
 [57]
 [45]
 [49]] 
------------------------ Dataset: kor ------------------------
shape: (33, 1), dtype: uint16
Data:[[53]
 [54]
 [57]
 [49]
 [46]
 [56]
 [56]
 [49]
 [53]
 [54]
 [54]
 [57]
 [57]
 [57]
 [57]
 [57]
 [57]
 [45]
 [48]
 [32]
 [53]
 [54]
 [57]
 [49]
 [46]
 [56]
 [55]
 [51]
 [53]
 [57]
 [53]
 [45]
 [49]] 
------------------------ Dataset: kos ------------------------
shape: (27, 1), dtype: uint16
Data:[[54]
 [52]
 [49]
 [53]
 [46]
 [49]
 [53]
 [52]
 [49]
 [49]
 [57]
 [45]
 [48]
 [32]
 [54]
 [52]
 [49]
 [53]
 [46]
 [49]
 [53]
 [57]
 [53]
 [50]
 [52]
 [45]
 [49]] 
------------------------ Dataset: kot ------------------------
shape: (26, 1), dtype: uint16
Data:[[54]
 [54]
 [48]
 [55]
 [46]
 [50]
 [50]
 [51]
 [52]
 [56]
 [45]
 [48]
 [32]
 [54]
 [54]
 [48]
 [55]
 [46]
 [50]
 [50]
 [54]
 [51]
 [48]
 [57]
 [45]
 [49]] 
------------------------ Dataset: kou ------------------------
shape: (27, 1), dtype: uint16
Data:[[54]
 [54]
 [50]
 [51]
 [46]
 [49]
 [57]
 [49]
 [48]
 [57]
 [49]
 [45]
 [48]
 [32]
 [54]
 [54]
 [50]
 [51]
 [46]
 [49]
 [56]
 [54]
 [49]
 [54]
 [52]
 [45]
 [49]] 
------------------------ Dataset: kov ------------------------
shape: (34, 1), dtype: uint16
Data:[[54]
 [54]
 [51]
 [57]
 [46]
 [48]
 [50]
 [52]
 [49]
 [48]
 [56]
 [45]
 [48]
 [32]
 [54]
 [54]
 [51]
 [57]
 [46]
 [48]
 [50]
 [54]
 [51]
 [52]
 [50]
 [57]
 [57]
 [57]
 [57]
 [57]
 [57]
 [53]
 [45]
 [49]] 
------------------------ Dataset: kow ------------------------
shape: (27, 1), dtype: uint16
Data:[[54]
 [54]
 [53]
 [52]
 [46]
 [54]
 [51]
 [54]
 [48]
 [55]
 [51]
 [45]
 [48]
 [32]
 [54]
 [54]
 [53]
 [52]
 [46]
 [54]
 [51]
 [56]
 [50]
 [56]
 [50]
 [45]
 [49]] 
------------------------ Dataset: kox ------------------------
shape: (33, 1), dtype: uint16
Data:[[54]
 [54]
 [55]
 [48]
 [46]
 [53]
 [51]
 [48]
 [52]
 [52]
 [52]
 [45]
 [48]
 [32]
 [54]
 [54]
 [55]
 [48]
 [46]
 [53]
 [50]
 [54]
 [48]
 [56]
 [57]
 [57]
 [57]
 [57]
 [57]
 [57]
 [57]
 [45]
 [49]] 
------------------------ Dataset: koy ------------------------
shape: (27, 1), dtype: uint16
Data:[[54]
 [54]
 [56]
 [54]
 [46]
 [52]
 [51]
 [52]
 [49]
 [57]
 [56]
 [45]
 [48]
 [32]
 [54]
 [54]
 [56]
 [54]
 [46]
 [52]
 [51]
 [56]
 [49]
 [57]
 [50]
 [45]
 [49]] 
------------------------ Dataset: koz ------------------------
shape: (26, 1), dtype: uint16
Data:[[53]
 [57]
 [48]
 [52]
 [46]
 [51]
 [52]
 [57]
 [54]
 [50]
 [45]
 [48]
 [32]
 [53]
 [57]
 [48]
 [52]
 [46]
 [51]
 [53]
 [51]
 [54]
 [56]
 [55]
 [45]
 [49]] 
------------------------ Dataset: kp ------------------------

shape: (1, 6), dtype: uint32
Data:[[3707764736          2          1          1        857          1]] 
------------------------ Dataset: lob ------------------------
shape: (33, 1), dtype: uint16
Data:[[54]
 [55]
 [54]
 [56]
 [46]
 [49]
 [51]
 [52]
 [49]
 [51]
 [55]
 [45]
 [48]
 [32]
 [54]
 [55]
 [54]
 [56]
 [46]
 [49]
 [51]
 [56]
 [52]
 [52]
 [51]
 [57]
 [57]
 [57]
 [57]
 [57]
 [57]
 [45]
 [49]] 
------------------------ Dataset: loc ------------------------
shape: (33, 1), dtype: uint16
Data:[[54]
 [50]
 [56]
 [48]
 [46]
 [57]
 [49]
 [49]
 [53]
 [54]
 [52]
 [57]
 [57]
 [57]
 [57]
 [57]
 [57]
 [45]
 [48]
 [32]
 [54]
 [50]
 [56]
 [48]
 [46]
 [57]
 [49]
 [51]
 [57]
 [54]
 [50]
 [45]
 [49]] 
------------------------ Dataset: lod ------------------------
shape: (39, 1), dtype: uint16
Data:[[54]
 [50]
 [57]
 [54]
 [46]
 [54]
 [57]
 [49]
 [50]
 [54]
 [49]
 [57]
 [57]
 [57]
 [57]
 [57]
 [57]
 [45]
 [48]
 [32]
 [54]
 [50]
 [57]
 [54]
 [46]
 [54]
 [57]
 [52]
 [49]
 [49]
 [49]
 [57]
 [57]
 [57]
 [57]
 [57]
 [57]
 [45]
 [49]] 
------------------------ Dataset: loe ------------------------
shape: (25, 1), dtype: uint16
Data:[[54]
 [51]
 [49]
 [50]
 [46]
 [53]
 [50]
 [49]
 [57]
 [45]
 [48]
 [32]
 [54]
 [51]
 [49]
 [50]
 [46]
 [53]
 [50]
 [53]
 [57]
 [49]
 [54]
 [45]
 [49]] 
------------------------ Dataset: lof ------------------------
shape: (27, 1), dtype: uint16
Data:[[54]
 [51]
 [50]
 [56]
 [46]
 [52]
 [48]
 [50]
 [48]
 [50]
 [49]
 [45]
 [48]
 [32]
 [54]
 [51]
 [50]
 [56]
 [46]
 [51]
 [57]
 [55]
 [56]
 [55]
 [57]
 [45]
 [49]] 
------------------------ Dataset: log ------------------------
shape: (20, 1), dtype: uint16
Data:[[54]
 [51]
 [52]
 [52]
 [46]
 [50]
 [50]
 [50]
 [53]
 [50]
 [50]
 [57]
 [57]
 [57]
 [57]
 [57]
 [57]
 [53]
 [45]
 [49]] 
------------------------ Dataset: loh ------------------------
shape: (33, 1), dtype: uint16
Data:[[54]
 [53]
 [48]
 [57]
 [46]
 [51]
 [49]
 [56]
 [56]
 [57]
 [57]
 [45]
 [48]
 [32]
 [54]
 [53]
 [48]
 [57]
 [46]
 [51]
 [50]
 [50]
 [48]
 [49]
 [56]
 [57]
 [57]
 [57]
 [57]
 [57]
 [57]
 [45]
 [49]] 
------------------------ Dataset: loi ------------------------
shape: (26, 1), dtype: uint16
Data:[[54]
 [53]
 [50]
 [53]
 [46]
 [49]
 [50]
 [54]
 [52]
 [57]
 [45]
 [48]
 [32]
 [54]
 [53]
 [50]
 [53]
 [46]
 [49]
 [51]
 [48]
 [50]
 [55]
 [52]
 [45]
 [49]] 
------------------------ Dataset: loj ------------------------
shape: (32, 1), dtype: uint16
Data:[[54]
 [48]
 [50]
 [48]
 [46]
 [55]
 [50]
 [49]
 [55]
 [49]
 [45]
 [48]
 [32]
 [54]
 [48]
 [50]
 [48]
 [46]
 [55]
 [50]
 [53]
 [56]
 [57]
 [54]
 [57]
 [57]
 [57]
 [57]
 [57]
 [57]
 [45]
 [49]] 
------------------------ Dataset: lok ------------------------
shape: (39, 1), dtype: uint16
Data:[[54]
 [48]
 [51]
 [54]
 [46]
 [53]
 [49]
 [51]
 [57]
 [48]
 [56]
 [57]
 [57]
 [57]
 [57]
 [57]
 [57]
 [45]
 [48]
 [32]
 [54]
 [48]
 [51]
 [54]
 [46]
 [53]
 [49]
 [56]
 [49]
 [49]
 [56]
 [57]
 [57]
 [57]
 [57]
 [57]
 [57]
 [45]
 [49]] 
------------------------ Dataset: lol ------------------------
shape: (33, 1), dtype: uint16
Data:[[54]
 [48]
 [53]
 [50]
 [46]
 [49]
 [49]
 [55]
 [56]
 [53]
 [57]
 [45]
 [48]
 [32]
 [54]
 [48]
 [53]
 [50]
 [46]
 [49]
 [50]
 [49]
 [56]
 [48]
 [56]
 [57]
 [57]
 [57]
 [57]
 [57]
 [57]
 [45]
 [49]] 
------------------------ Dataset: lom ------------------------
shape: (34, 1), dtype: uint16
Data:[[54]
 [48]
 [54]
 [56]
 [46]
 [48]
 [52]
 [49]
 [51]
 [57]
 [55]
 [45]
 [48]
 [32]
 [54]
 [48]
 [54]
 [56]
 [46]
 [48]
 [52]
 [52]
 [51]
 [55]
 [52]
 [57]
 [57]
 [57]
 [57]
 [57]
 [57]
 [53]
 [45]
 [49]] 
------------------------ Dataset: lon ------------------------
shape: (39, 1), dtype: uint16
Data:[[54]
 [48]
 [56]
 [51]
 [46]
 [57]
 [55]
 [51]
 [56]
 [52]
 [54]
 [57]
 [57]
 [57]
 [57]
 [57]
 [57]
 [45]
 [48]
 [32]
 [54]
 [48]
 [56]
 [51]
 [46]
 [57]
 [54]
 [57]
 [55]
 [53]
 [55]
 [57]
 [57]
 [57]
 [57]
 [57]
 [57]
 [45]
 [49]] 
------------------------ Dataset: loo ------------------------
shape: (27, 1), dtype: uint16
Data:[[53]
 [54]
 [52]
 [52]
 [46]
 [54]
 [53]
 [51]
 [53]
 [56]
 [56]
 [45]
 [48]
 [32]
 [53]
 [54]
 [52]
 [52]
 [46]
 [54]
 [52]
 [53]
 [55]
 [56]
 [53]
 [45]
 [49]] 
------------------------ Dataset: lop ------------------------
shape: (27, 1), dtype: uint16
Data:[[53]
 [54]
 [54]
 [48]
 [46]
 [51]
 [57]
 [55]
 [53]
 [51]
 [52]
 [45]
 [48]
 [32]
 [53]
 [54]
 [54]
 [48]
 [46]
 [52]
 [48]
 [49]
 [57]
 [55]
 [50]
 [45]
 [49]] 
------------------------ Dataset: loq ------------------------
shape: (34, 1), dtype: uint16
Data:[[53]
 [54]
 [55]
 [54]
 [46]
 [48]
 [57]
 [55]
 [55]
 [51]
 [49]
 [45]
 [48]
 [32]
 [53]
 [54]
 [55]
 [54]
 [46]
 [48]
 [57]
 [56]
 [54]
 [49]
 [51]
 [57]
 [57]
 [57]
 [57]
 [57]
 [57]
 [53]
 [45]
 [49]] 
------------------------ Dataset: lor ------------------------
shape: (33, 1), dtype: uint16
Data:[[53]
 [54]
 [57]
 [49]
 [46]
 [56]
 [56]
 [49]
 [53]
 [54]
 [54]
 [57]
 [57]
 [57]
 [57]
 [57]
 [57]
 [45]
 [48]
 [32]
 [53]
 [54]
 [57]
 [49]
 [46]
 [56]
 [56]
 [49]
 [53]
 [54]
 [54]
 [45]
 [49]] 
------------------------ Dataset: los ------------------------
shape: (33, 1), dtype: uint16
Data:[[54]
 [52]
 [49]
 [53]
 [46]
 [49]
 [54]
 [50]
 [49]
 [50]
 [48]
 [57]
 [57]
 [57]
 [57]
 [57]
 [57]
 [45]
 [48]
 [32]
 [54]
 [52]
 [49]
 [53]
 [46]
 [49]
 [53]
 [57]
 [53]
 [50]
 [52]
 [45]
 [49]] 
------------------------ Dataset: lot ------------------------
shape: (33, 1), dtype: uint16
Data:[[54]
 [54]
 [48]
 [55]
 [46]
 [50]
 [51]
 [48]
 [48]
 [48]
 [52]
 [57]
 [57]
 [57]
 [57]
 [57]
 [57]
 [45]
 [48]
 [32]
 [54]
 [54]
 [48]
 [55]
 [46]
 [50]
 [50]
 [54]
 [51]
 [48]
 [57]
 [45]
 [49]] 
------------------------ Dataset: lou ------------------------
shape: (27, 1), dtype: uint16
Data:[[54]
 [54]
 [50]
 [51]
 [46]
 [49]
 [57]
 [49]
 [48]
 [57]
 [49]
 [45]
 [48]
 [32]
 [54]
 [54]
 [50]
 [51]
 [46]
 [49]
 [57]
 [52]
 [49]
 [49]
 [55]
 [45]
 [49]] 
------------------------ Dataset: lov ------------------------
shape: (40, 1), dtype: uint16
Data:[[54]
 [54]
 [51]
 [57]
 [46]
 [48]
 [51]
 [48]
 [48]
 [53]
 [55]
 [57]
 [57]
 [57]
 [57]
 [57]
 [57]
 [45]
 [48]
 [32]
 [54]
 [54]
 [51]
 [57]
 [46]
 [48]
 [50]
 [54]
 [51]
 [52]
 [50]
 [57]
 [57]
 [57]
 [57]
 [57]
 [57]
 [53]
 [45]
 [49]] 
------------------------ Dataset: low ------------------------
shape: (27, 1), dtype: uint16
Data:[[54]
 [54]
 [53]
 [52]
 [46]
 [54]
 [52]
 [50]
 [55]
 [56]
 [50]
 [45]
 [48]
 [32]
 [54]
 [54]
 [53]
 [52]
 [46]
 [54]
 [51]
 [56]
 [50]
 [56]
 [50]
 [45]
 [49]] 
------------------------ Dataset: lox ------------------------
shape: (34, 1), dtype: uint16
Data:[[54]
 [54]
 [55]
 [48]
 [46]
 [53]
 [51]
 [48]
 [52]
 [52]
 [52]
 [45]
 [48]
 [32]
 [54]
 [54]
 [55]
 [48]
 [46]
 [53]
 [52]
 [48]
 [54]
 [54]
 [52]
 [57]
 [57]
 [57]
 [57]
 [57]
 [57]
 [53]
 [45]
 [49]] 
------------------------ Dataset: loy ------------------------
shape: (33, 1), dtype: uint16
Data:[[54]
 [54]
 [56]
 [54]
 [46]
 [52]
 [52]
 [51]
 [49]
 [51]
 [57]
 [57]
 [57]
 [57]
 [57]
 [57]
 [57]
 [45]
 [48]
 [32]
 [54]
 [54]
 [56]
 [54]
 [46]
 [52]
 [51]
 [56]
 [49]
 [57]
 [50]
 [45]
 [49]] 
------------------------ Dataset: loz ------------------------
shape: (27, 1), dtype: uint16
Data:[[53]
 [57]
 [48]
 [52]
 [46]
 [51]
 [53]
 [55]
 [55]
 [55]
 [54]
 [45]
 [48]
 [32]
 [53]
 [57]
 [48]
 [52]
 [46]
 [51]
 [53]
 [51]
 [54]
 [56]
 [55]
 [45]
 [49]] 
------------------------ Dataset: lp ------------------------

shape: (1, 6), dtype: uint32
Data:[[3707764736          2          1          1        858          1]] 
------------------------ Dataset: mob ------------------------
shape: (33, 1), dtype: uint16
Data:[[54]
 [55]
 [54]
 [56]
 [46]
 [49]
 [52]
 [50]
 [52]
 [56]
 [51]
 [45]
 [48]
 [32]
 [54]
 [55]
 [54]
 [56]
 [46]
 [49]
 [51]
 [56]
 [52]
 [52]
 [51]
 [57]
 [57]
 [57]
 [57]
 [57]
 [57]
 [45]
 [49]] 
------------------------ Dataset: moc ------------------------
shape: (33, 1), dtype: uint16
Data:[[54]
 [50]
 [56]
 [48]
 [46]
 [57]
 [49]
 [55]
 [56]
 [54]
 [52]
 [57]
 [57]
 [57]
 [57]
 [57]
 [57]
 [45]
 [48]
 [32]
 [54]
 [50]
 [56]
 [48]
 [46]
 [57]
 [49]
 [51]
 [57]
 [54]
 [50]
 [45]
 [49]] 
------------------------ Dataset: mod ------------------------
shape: (39, 1), dtype: uint16
Data:[[54]
 [50]
 [57]
 [54]
 [46]
 [54]
 [57]
 [56]
 [49]
 [48]
 [57]
 [57]
 [57]
 [57]
 [57]
 [57]
 [57]
 [45]
 [48]
 [32]
 [54]
 [50]
 [57]
 [54]
 [46]
 [54]
 [57]
 [52]
 [49]
 [49]
 [49]
 [57]
 [57]
 [57]
 [57]
 [57]
 [57]
 [45]
 [49]] 
------------------------ Dataset: moe ------------------------
shape: (27, 1), dtype: uint16
Data:[[54]
 [51]
 [49]
 [50]
 [46]
 [53]
 [50]
 [57]
 [57]
 [51]
 [49]
 [45]
 [48]
 [32]
 [54]
 [51]
 [49]
 [50]
 [46]
 [53]
 [50]
 [53]
 [57]
 [49]
 [54]
 [45]
 [49]] 
------------------------ Dataset: mof ------------------------
shape: (27, 1), dtype: uint16
Data:[[54]
 [51]
 [50]
 [56]
 [46]
 [52]
 [48]
 [50]
 [48]
 [50]
 [49]
 [45]
 [48]
 [32]
 [54]
 [51]
 [50]
 [56]
 [46]
 [52]
 [48]
 [54]
 [49]
 [54]
 [55]
 [45]
 [49]] 
------------------------ Dataset: mog ------------------------
shape: (13, 1), dtype: uint16
Data:[[54]
 [51]
 [52]
 [52]
 [46]
 [50]
 [50]
 [53]
 [57]
 [49]
 [50]
 [45]
 [48]] 
------------------------ Dataset: moh ------------------------
shape: (33, 1), dtype: uint16
Data:[[54]
 [53]
 [48]
 [57]
 [46]
 [51]
 [50]
 [54]
 [48]
 [51]
 [53]
 [45]
 [48]
 [32]
 [54]
 [53]
 [48]
 [57]
 [46]
 [51]
 [50]
 [50]
 [48]
 [49]
 [56]
 [57]
 [57]
 [57]
 [57]
 [57]
 [57]
 [45]
 [49]] 
------------------------ Dataset: moi ------------------------
shape: (27, 1), dtype: uint16
Data:[[54]
 [53]
 [50]
 [53]
 [46]
 [49]
 [51]
 [52]
 [48]
 [55]
 [55]
 [45]
 [48]
 [32]
 [54]
 [53]
 [50]
 [53]
 [46]
 [49]
 [51]
 [48]
 [50]
 [55]
 [52]
 [45]
 [49]] 
------------------------ Dataset: moj ------------------------
shape: (39, 1), dtype: uint16
Data:[[54]
 [48]
 [50]
 [48]
 [46]
 [55]
 [50]
 [57]
 [55]
 [53]
 [52]
 [57]
 [57]
 [57]
 [57]
 [57]
 [57]
 [45]
 [48]
 [32]
 [54]
 [48]
 [50]
 [48]
 [46]
 [55]
 [50]
 [53]
 [56]
 [57]
 [54]
 [57]
 [57]
 [57]
 [57]
 [57]
 [57]
 [45]
 [49]] 
------------------------ Dataset: mok ------------------------
shape: (40, 1), dtype: uint16
Data:[[54]
 [48]
 [51]
 [54]
 [46]
 [53]
 [50]
 [49]
 [55]
 [52]
 [56]
 [57]
 [57]
 [57]
 [57]
 [57]
 [57]
 [53]
 [45]
 [48]
 [32]
 [54]
 [48]
 [51]
 [54]
 [46]
 [53]
 [49]
 [56]
 [49]
 [49]
 [56]
 [57]
 [57]
 [57]
 [57]
 [57]
 [57]
 [45]
 [49]] 
------------------------ Dataset: mol ------------------------
shape: (33, 1), dtype: uint16
Data:[[54]
 [48]
 [53]
 [50]
 [46]
 [49]
 [50]
 [53]
 [56]
 [52]
 [57]
 [45]
 [48]
 [32]
 [54]
 [48]
 [53]
 [50]
 [46]
 [49]
 [50]
 [49]
 [56]
 [48]
 [56]
 [57]
 [57]
 [57]
 [57]
 [57]
 [57]
 [45]
 [49]] 
------------------------ Dataset: mom ------------------------
shape: (40, 1), dtype: uint16
Data:[[54]
 [48]
 [54]
 [56]
 [46]
 [48]
 [52]
 [52]
 [55]
 [55]
 [57]
 [57]
 [57]
 [57]
 [57]
 [57]
 [57]
 [45]
 [48]
 [32]
 [54]
 [48]
 [54]
 [56]
 [46]
 [48]
 [52]
 [52]
 [51]
 [55]
 [52]
 [57]
 [57]
 [57]
 [57]
 [57]
 [57]
 [53]
 [45]
 [49]] 
------------------------ Dataset: mon ------------------------
shape: (39, 1), dtype: uint16
Data:[[54]
 [48]
 [56]
 [51]
 [46]
 [57]
 [55]
 [51]
 [56]
 [52]
 [54]
 [57]
 [57]
 [57]
 [57]
 [57]
 [57]
 [45]
 [48]
 [32]
 [54]
 [48]
 [56]
 [51]
 [46]
 [57]
 [55]
 [55]
 [56]
 [48]
 [57]
 [57]
 [57]
 [57]
 [57]
 [57]
 [57]
 [45]
 [49]] 
------------------------ Dataset: moo ------------------------
shape: (33, 1), dtype: uint16
Data:[[53]
 [54]
 [52]
 [52]
 [46]
 [54]
 [53]
 [51]
 [53]
 [56]
 [56]
 [45]
 [48]
 [32]
 [53]
 [54]
 [52]
 [52]
 [46]
 [54]
 [53]
 [51]
 [53]
 [56]
 [50]
 [57]
 [57]
 [57]
 [57]
 [57]
 [57]
 [45]
 [49]] 
------------------------ Dataset: mop ------------------------
shape: (27, 1), dtype: uint16
Data:[[53]
 [54]
 [54]
 [48]
 [46]
 [52]
 [48]
 [53]
 [53]
 [51]
 [56]
 [45]
 [48]
 [32]
 [53]
 [54]
 [54]
 [48]
 [46]
 [52]
 [48]
 [49]
 [57]
 [55]
 [50]
 [45]
 [49]] 
------------------------ Dataset: moq ------------------------
shape: (34, 1), dtype: uint16
Data:[[53]
 [54]
 [55]
 [54]
 [46]
 [49]
 [48]
 [51]
 [52]
 [50]
 [54]
 [45]
 [48]
 [32]
 [53]
 [54]
 [55]
 [54]
 [46]
 [48]
 [57]
 [56]
 [54]
 [49]
 [51]
 [57]
 [57]
 [57]
 [57]
 [57]
 [57]
 [53]
 [45]
 [49]] 
------------------------ Dataset: mor ------------------------
shape: (33, 1), dtype: uint16
Data:[[53]
 [54]
 [57]
 [49]
 [46]
 [56]
 [56]
 [49]
 [53]
 [54]
 [54]
 [57]
 [57]
 [57]
 [57]
 [57]
 [57]
 [45]
 [48]
 [32]
 [53]
 [54]
 [57]
 [49]
 [46]
 [56]
 [57]
 [48]
 [51]
 [55]
 [55]
 [45]
 [49]] 
------------------------ Dataset: mos ------------------------
shape: (33, 1), dtype: uint16
Data:[[54]
 [52]
 [49]
 [53]
 [46]
 [49]
 [54]
 [50]
 [49]
 [50]
 [48]
 [57]
 [57]
 [57]
 [57]
 [57]
 [57]
 [45]
 [48]
 [32]
 [54]
 [52]
 [49]
 [53]
 [46]
 [49]
 [54]
 [54]
 [48]
 [48]
 [50]
 [45]
 [49]] 
------------------------ Dataset: mot ------------------------
shape: (39, 1), dtype: uint16
Data:[[54]
 [54]
 [48]
 [55]
 [46]
 [50]
 [51]
 [48]
 [48]
 [48]
 [52]
 [57]
 [57]
 [57]
 [57]
 [57]
 [57]
 [45]
 [48]
 [32]
 [54]
 [54]
 [48]
 [55]
 [46]
 [50]
 [51]
 [52]
 [48]
 [49]
 [50]
 [57]
 [57]
 [57]
 [57]
 [57]
 [57]
 [45]
 [49]] 
------------------------ Dataset: mou ------------------------
shape: (27, 1), dtype: uint16
Data:[[54]
 [54]
 [50]
 [51]
 [46]
 [49]
 [57]
 [56]
 [49]
 [51]
 [51]
 [45]
 [48]
 [32]
 [54]
 [54]
 [50]
 [51]
 [46]
 [49]
 [57]
 [52]
 [49]
 [49]
 [55]
 [45]
 [49]] 
------------------------ Dataset: mov ------------------------
shape: (40, 1), dtype: uint16
Data:[[54]
 [54]
 [51]
 [57]
 [46]
 [48]
 [51]
 [48]
 [48]
 [53]
 [55]
 [57]
 [57]
 [57]
 [57]
 [57]
 [57]
 [45]
 [48]
 [32]
 [54]
 [54]
 [51]
 [57]
 [46]
 [48]
 [51]
 [52]
 [49]
 [51]
 [51]
 [57]
 [57]
 [57]
 [57]
 [57]
 [57]
 [53]
 [45]
 [49]] 
------------------------ Dataset: mow ------------------------
shape: (33, 1), dtype: uint16
Data:[[54]
 [54]
 [53]
 [52]
 [46]
 [54]
 [52]
 [50]
 [55]
 [56]
 [50]
 [45]
 [48]
 [32]
 [54]
 [54]
 [53]
 [52]
 [46]
 [54]
 [52]
 [54]
 [52]
 [56]
 [52]
 [57]
 [57]
 [57]
 [57]
 [57]
 [57]
 [45]
 [49]] 
------------------------ Dataset: mox ------------------------
shape: (40, 1), dtype: uint16
Data:[[54]
 [54]
 [55]
 [48]
 [46]
 [53]
 [52]
 [48]
 [54]
 [54]
 [49]
 [57]
 [57]
 [57]
 [57]
 [57]
 [57]
 [45]
 [48]
 [32]
 [54]
 [54]
 [55]
 [48]
 [46]
 [53]
 [52]
 [48]
 [54]
 [54]
 [52]
 [57]
 [57]
 [57]
 [57]
 [57]
 [57]
 [53]
 [45]
 [49]] 
------------------------ Dataset: moy ------------------------
shape: (39, 1), dtype: uint16
Data:[[54]
 [54]
 [56]
 [54]
 [46]
 [52]
 [52]
 [51]
 [49]
 [51]
 [57]
 [57]
 [57]
 [57]
 [57]
 [57]
 [57]
 [45]
 [48]
 [32]
 [54]
 [54]
 [56]
 [54]
 [46]
 [52]
 [52]
 [54]
 [54]
 [51]
 [52]
 [57]
 [57]
 [57]
 [57]
 [57]
 [57]
 [45]
 [49]] 
------------------------ Dataset: moz ------------------------
shape: (33, 1), dtype: uint16
Data:[[53]
 [57]
 [48]
 [52]
 [46]
 [51]
 [53]
 [55]
 [55]
 [55]
 [54]
 [45]
 [48]
 [32]
 [53]
 [57]
 [48]
 [52]
 [46]
 [51]
 [54]
 [55]
 [53]
 [55]
 [55]
 [57]
 [57]
 [57]
 [57]
 [57]
 [57]
 [45]
 [49]] 
------------------------ Dataset: mp ------------------------

shape: (1, 6), dtype: uint32
Data:[[3707764736          2          1          1        859          1]] 
------------------------ Dataset: nob ------------------------
shape: (27, 1), dtype: uint16
Data:[[54]
 [55]
 [54]
 [56]
 [46]
 [49]
 [52]
 [50]
 [52]
 [56]
 [51]
 [45]
 [48]
 [32]
 [54]
 [55]
 [54]
 [56]
 [46]
 [49]
 [52]
 [55]
 [56]
 [55]
 [57]
 [45]
 [49]] 
------------------------ Dataset: noc ------------------------
shape: (32, 1), dtype: uint16
Data:[[54]
 [50]
 [56]
 [48]
 [46]
 [57]
 [49]
 [55]
 [56]
 [54]
 [52]
 [57]
 [57]
 [57]
 [57]
 [57]
 [57]
 [45]
 [48]
 [32]
 [54]
 [50]
 [56]
 [48]
 [46]
 [57]
 [50]
 [49]
 [56]
 [55]
 [45]
 [49]] 
------------------------ Dataset: nod ------------------------
shape: (39, 1), dtype: uint16
Data:[[54]
 [50]
 [57]
 [54]
 [46]
 [54]
 [57]
 [56]
 [49]
 [48]
 [57]
 [57]
 [57]
 [57]
 [57]
 [57]
 [57]
 [45]
 [48]
 [32]
 [54]
 [50]
 [57]
 [54]
 [46]
 [55]
 [48]
 [53]
 [57]
 [50]
 [52]
 [57]
 [57]
 [57]
 [57]
 [57]
 [57]
 [45]
 [49]] 
------------------------ Dataset: noe ------------------------
shape: (33, 1), dtype: uint16
Data:[[54]
 [51]
 [49]
 [50]
 [46]
 [53]
 [50]
 [57]
 [57]
 [51]
 [49]
 [45]
 [48]
 [32]
 [54]
 [51]
 [49]
 [50]
 [46]
 [53]
 [51]
 [51]
 [56]
 [56]
 [53]
 [57]
 [57]
 [57]
 [57]
 [57]
 [57]
 [45]
 [49]] 
------------------------ Dataset: nof ------------------------
shape: (33, 1), dtype: uint16
Data:[[54]
 [51]
 [50]
 [56]
 [46]
 [52]
 [49]
 [48]
 [48]
 [50]
 [52]
 [57]
 [57]
 [57]
 [57]
 [57]
 [57]
 [45]
 [48]
 [32]
 [54]
 [51]
 [50]
 [56]
 [46]
 [52]
 [48]
 [54]
 [49]
 [54]
 [55]
 [45]
 [49]] 
------------------------ Dataset: nog ------------------------
shape: (13, 1), dtype: uint16
Data:[[54]
 [51]
 [52]
 [52]
 [46]
 [50]
 [50]
 [57]
 [56]
 [52]
 [53]
 [45]
 [49]] 
------------------------ Dataset: noh ------------------------
shape: (27, 1), dtype: uint16
Data:[[54]
 [53]
 [48]
 [57]
 [46]
 [51]
 [50]
 [54]
 [48]
 [51]
 [53]
 [45]
 [48]
 [32]
 [54]
 [53]
 [48]
 [57]
 [46]
 [51]
 [50]
 [57]
 [57]
 [52]
 [54]
 [45]
 [49]] 
------------------------ Dataset: noi ------------------------
shape: (27, 1), dtype: uint16
Data:[[54]
 [53]
 [50]
 [53]
 [46]
 [49]
 [51]
 [52]
 [48]
 [55]
 [55]
 [45]
 [48]
 [32]
 [54]
 [53]
 [50]
 [53]
 [46]
 [49]
 [51]
 [55]
 [57]
 [57]
 [53]
 [45]
 [49]] 
------------------------ Dataset: noj ------------------------
shape: (33, 1), dtype: uint16
Data:[[54]
 [48]
 [50]
 [48]
 [46]
 [55]
 [50]
 [57]
 [55]
 [53]
 [52]
 [57]
 [57]
 [57]
 [57]
 [57]
 [57]
 [45]
 [48]
 [32]
 [54]
 [48]
 [50]
 [48]
 [46]
 [55]
 [51]
 [51]
 [57]
 [50]
 [49]
 [45]
 [49]] 
------------------------ Dataset: nok ------------------------
shape: (40, 1), dtype: uint16
Data:[[54]
 [48]
 [51]
 [54]
 [46]
 [53]
 [50]
 [49]
 [55]
 [52]
 [56]
 [57]
 [57]
 [57]
 [57]
 [57]
 [57]
 [53]
 [45]
 [48]
 [32]
 [54]
 [48]
 [51]
 [54]
 [46]
 [53]
 [50]
 [53]
 [55]
 [57]
 [57]
 [57]
 [57]
 [57]
 [57]
 [57]
 [57]
 [45]
 [49]] 
------------------------ Dataset: nol ------------------------
shape: (27, 1), dtype: uint16
Data:[[54]
 [48]
 [53]
 [50]
 [46]
 [49]
 [50]
 [53]
 [56]
 [52]
 [57]
 [45]
 [48]
 [32]
 [54]
 [48]
 [53]
 [50]
 [46]
 [49]
 [50]
 [57]
 [55]
 [57]
 [55]
 [45]
 [49]] 
------------------------ Dataset: nom ------------------------
shape: (33, 1), dtype: uint16
Data:[[54]
 [48]
 [54]
 [56]
 [46]
 [48]
 [52]
 [52]
 [55]
 [55]
 [57]
 [57]
 [57]
 [57]
 [57]
 [57]
 [57]
 [45]
 [48]
 [32]
 [54]
 [48]
 [54]
 [56]
 [46]
 [48]
 [53]
 [48]
 [49]
 [51]
 [49]
 [45]
 [49]] 
------------------------ Dataset: non ------------------------
shape: (39, 1), dtype: uint16
Data:[[54]
 [48]
 [56]
 [51]
 [46]
 [57]
 [56]
 [49]
 [55]
 [53]
 [53]
 [57]
 [57]
 [57]
 [57]
 [57]
 [57]
 [45]
 [48]
 [32]
 [54]
 [48]
 [56]
 [51]
 [46]
 [57]
 [55]
 [55]
 [56]
 [48]
 [57]
 [57]
 [57]
 [57]
 [57]
 [57]
 [57]
 [45]
 [49]] 
------------------------ Dataset: noo ------------------------
shape: (33, 1), dtype: uint16
Data:[[53]
 [54]
 [52]
 [52]
 [46]
 [54]
 [53]
 [51]
 [53]
 [56]
 [56]
 [45]
 [48]
 [32]
 [53]
 [54]
 [52]
 [52]
 [46]
 [54]
 [54]
 [49]
 [53]
 [51]
 [52]
 [57]
 [57]
 [57]
 [57]
 [57]
 [57]
 [45]
 [49]] 
------------------------ Dataset: nop ------------------------
shape: (26, 1), dtype: uint16
Data:[[53]
 [54]
 [54]
 [48]
 [46]
 [52]
 [48]
 [53]
 [53]
 [51]
 [56]
 [45]
 [48]
 [32]
 [53]
 [54]
 [54]
 [48]
 [46]
 [52]
 [48]
 [57]
 [53]
 [51]
 [45]
 [49]] 
------------------------ Dataset: noq ------------------------
shape: (27, 1), dtype: uint16
Data:[[53]
 [54]
 [55]
 [54]
 [46]
 [49]
 [48]
 [51]
 [52]
 [50]
 [54]
 [45]
 [48]
 [32]
 [53]
 [54]
 [55]
 [54]
 [46]
 [49]
 [48]
 [54]
 [48]
 [55]
 [53]
 [45]
 [49]] 
------------------------ Dataset: nor ------------------------
shape: (27, 1), dtype: uint16
Data:[[53]
 [54]
 [57]
 [49]
 [46]
 [56]
 [57]
 [48]
 [51]
 [55]
 [55]
 [45]
 [48]
 [32]
 [53]
 [54]
 [57]
 [49]
 [46]
 [56]
 [57]
 [48]
 [51]
 [55]
 [55]
 [45]
 [49]] 
------------------------ Dataset: nos ------------------------
shape: (27, 1), dtype: uint16
Data:[[54]
 [52]
 [49]
 [53]
 [46]
 [49]
 [54]
 [57]
 [57]
 [52]
 [57]
 [45]
 [48]
 [32]
 [54]
 [52]
 [49]
 [53]
 [46]
 [49]
 [54]
 [54]
 [48]
 [48]
 [50]
 [45]
 [49]] 
------------------------ Dataset: not ------------------------
shape: (39, 1), dtype: uint16
Data:[[54]
 [54]
 [48]
 [55]
 [46]
 [50]
 [51]
 [56]
 [48]
 [51]
 [57]
 [57]
 [57]
 [57]
 [57]
 [57]
 [57]
 [45]
 [48]
 [32]
 [54]
 [54]
 [48]
 [55]
 [46]
 [50]
 [51]
 [52]
 [48]
 [49]
 [50]
 [57]
 [57]
 [57]
 [57]
 [57]
 [57]
 [45]
 [49]] 
------------------------ Dataset: nou ------------------------
shape: (34, 1), dtype: uint16
Data:[[54]
 [54]
 [50]
 [51]
 [46]
 [49]
 [57]
 [56]
 [49]
 [51]
 [51]
 [45]
 [48]
 [32]
 [54]
 [54]
 [50]
 [51]
 [46]
 [50]
 [48]
 [50]
 [48]
 [57]
 [57]
 [57]
 [57]
 [57]
 [57]
 [57]
 [57]
 [53]
 [45]
 [49]] 
------------------------ Dataset: nov ------------------------
shape: (40, 1), dtype: uint16
Data:[[54]
 [54]
 [51]
 [57]
 [46]
 [48]
 [51]
 [56]
 [48]
 [52]
 [55]
 [57]
 [57]
 [57]
 [57]
 [57]
 [57]
 [45]
 [48]
 [32]
 [54]
 [54]
 [51]
 [57]
 [46]
 [48]
 [51]
 [52]
 [49]
 [51]
 [51]
 [57]
 [57]
 [57]
 [57]
 [57]
 [57]
 [53]
 [45]
 [49]] 
------------------------ Dataset: now ------------------------
shape: (33, 1), dtype: uint16
Data:[[54]
 [54]
 [53]
 [52]
 [46]
 [54]
 [53]
 [48]
 [49]
 [51]
 [51]
 [45]
 [48]
 [32]
 [54]
 [54]
 [53]
 [52]
 [46]
 [54]
 [52]
 [54]
 [52]
 [56]
 [52]
 [57]
 [57]
 [57]
 [57]
 [57]
 [57]
 [45]
 [49]] 
------------------------ Dataset: nox ------------------------
shape: (34, 1), dtype: uint16
Data:[[54]
 [54]
 [55]
 [48]
 [46]
 [53]
 [52]
 [54]
 [50]
 [51]
 [51]
 [45]
 [48]
 [32]
 [54]
 [54]
 [55]
 [48]
 [46]
 [53]
 [52]
 [48]
 [54]
 [54]
 [52]
 [57]
 [57]
 [57]
 [57]
 [57]
 [57]
 [53]
 [45]
 [49]] 
------------------------ Dataset: noy ------------------------
shape: (40, 1), dtype: uint16
Data:[[54]
 [54]
 [56]
 [54]
 [46]
 [52]
 [53]
 [48]
 [50]
 [50]
 [49]
 [57]
 [57]
 [57]
 [57]
 [57]
 [57]
 [53]
 [45]
 [48]
 [32]
 [54]
 [54]
 [56]
 [54]
 [46]
 [52]
 [52]
 [54]
 [54]
 [51]
 [52]
 [57]
 [57]
 [57]
 [57]
 [57]
 [57]
 [45]
 [49]] 
------------------------ Dataset: noz ------------------------
shape: (32, 1), dtype: uint16
Data:[[53]
 [57]
 [48]
 [52]
 [46]
 [51]
 [54]
 [55]
 [54]
 [57]
 [45]
 [48]
 [32]
 [53]
 [57]
 [48]
 [52]
 [46]
 [51]
 [54]
 [55]
 [53]
 [55]
 [55]
 [57]
 [57]
 [57]
 [57]
 [57]
 [57]
 [45]
 [49]] 
------------------------ Dataset: np ------------------------

shape: (1, 6), dtype: uint32
Data:[[3707764736          2          1          1        860          1]] 
------------------------ Dataset: oob ------------------------
shape: (27, 1), dtype: uint16
Data:[[54]
 [55]
 [54]
 [56]
 [46]
 [49]
 [53]
 [48]
 [53]
 [57]
 [53]
 [45]
 [48]
 [32]
 [54]
 [55]
 [54]
 [56]
 [46]
 [49]
 [52]
 [55]
 [56]
 [55]
 [57]
 [45]
 [49]] 
------------------------ Dataset: ooc ------------------------
shape: (26, 1), dtype: uint16
Data:[[54]
 [50]
 [56]
 [48]
 [46]
 [57]
 [50]
 [54]
 [54]
 [57]
 [49]
 [45]
 [48]
 [32]
 [54]
 [50]
 [56]
 [48]
 [46]
 [57]
 [50]
 [49]
 [56]
 [55]
 [45]
 [49]] 
------------------------ Dataset: ood ------------------------
shape: (33, 1), dtype: uint16
Data:[[54]
 [50]
 [57]
 [54]
 [46]
 [55]
 [48]
 [53]
 [56]
 [57]
 [57]
 [45]
 [48]
 [32]
 [54]
 [50]
 [57]
 [54]
 [46]
 [55]
 [48]
 [53]
 [57]
 [50]
 [52]
 [57]
 [57]
 [57]
 [57]
 [57]
 [57]
 [45]
 [49]] 
------------------------ Dataset: ooe ------------------------
shape: (33, 1), dtype: uint16
Data:[[54]
 [51]
 [49]
 [50]
 [46]
 [53]
 [51]
 [55]
 [56]
 [54]
 [55]
 [45]
 [48]
 [32]
 [54]
 [51]
 [49]
 [50]
 [46]
 [53]
 [51]
 [51]
 [56]
 [56]
 [53]
 [57]
 [57]
 [57]
 [57]
 [57]
 [57]
 [45]
 [49]] 
------------------------ Dataset: oof ------------------------
shape: (33, 1), dtype: uint16
Data:[[54]
 [51]
 [50]
 [56]
 [46]
 [52]
 [49]
 [48]
 [48]
 [50]
 [52]
 [57]
 [57]
 [57]
 [57]
 [57]
 [57]
 [45]
 [48]
 [32]
 [54]
 [51]
 [50]
 [56]
 [46]
 [52]
 [49]
 [53]
 [48]
 [56]
 [56]
 [45]
 [49]] 
------------------------ Dataset: oog ------------------------
shape: (13, 1), dtype: uint16
Data:[[54]
 [51]
 [52]
 [52]
 [46]
 [50]
 [51]
 [51]
 [56]
 [53]
 [56]
 [45]
 [48]] 
------------------------ Dataset: ooh ------------------------
shape: (33, 1), dtype: uint16
Data:[[54]
 [53]
 [48]
 [57]
 [46]
 [51]
 [51]
 [51]
 [57]
 [54]
 [53]
 [57]
 [57]
 [57]
 [57]
 [57]
 [57]
 [45]
 [48]
 [32]
 [54]
 [53]
 [48]
 [57]
 [46]
 [51]
 [50]
 [57]
 [57]
 [52]
 [54]
 [45]
 [49]] 
------------------------ Dataset: ooi ------------------------
shape: (27, 1), dtype: uint16
Data:[[54]
 [53]
 [50]
 [53]
 [46]
 [49]
 [52]
 [50]
 [54]
 [57]
 [51]
 [45]
 [48]
 [32]
 [54]
 [53]
 [50]
 [53]
 [46]
 [49]
 [51]
 [55]
 [57]
 [57]
 [53]
 [45]
 [49]] 
------------------------ Dataset: ooj ------------------------
shape: (33, 1), dtype: uint16
Data:[[54]
 [48]
 [50]
 [48]
 [46]
 [55]
 [51]
 [55]
 [56]
 [52]
 [51]
 [57]
 [57]
 [57]
 [57]
 [57]
 [57]
 [45]
 [48]
 [32]
 [54]
 [48]
 [50]
 [48]
 [46]
 [55]
 [51]
 [51]
 [57]
 [50]
 [49]
 [45]
 [49]] 
------------------------ Dataset: ook ------------------------
shape: (33, 1), dtype: uint16
Data:[[54]
 [48]
 [51]
 [54]
 [46]
 [53]
 [50]
 [57]
 [55]
 [54]
 [55]
 [45]
 [48]
 [32]
 [54]
 [48]
 [51]
 [54]
 [46]
 [53]
 [50]
 [53]
 [55]
 [57]
 [57]
 [57]
 [57]
 [57]
 [57]
 [57]
 [57]
 [45]
 [49]] 
------------------------ Dataset: ool ------------------------
shape: (26, 1), dtype: uint16
Data:[[54]
 [48]
 [53]
 [50]
 [46]
 [49]
 [51]
 [51]
 [56]
 [54]
 [45]
 [48]
 [32]
 [54]
 [48]
 [53]
 [50]
 [46]
 [49]
 [50]
 [57]
 [55]
 [57]
 [55]
 [45]
 [49]] 
------------------------ Dataset: oom ------------------------
shape: (27, 1), dtype: uint16
Data:[[54]
 [48]
 [54]
 [56]
 [46]
 [48]
 [52]
 [56]
 [50]
 [55]
 [49]
 [45]
 [48]
 [32]
 [54]
 [48]
 [54]
 [56]
 [46]
 [48]
 [53]
 [48]
 [49]
 [51]
 [49]
 [45]
 [49]] 
------------------------ Dataset: oon ------------------------
shape: (33, 1), dtype: uint16
Data:[[54]
 [48]
 [56]
 [51]
 [46]
 [57]
 [56]
 [49]
 [55]
 [53]
 [53]
 [57]
 [57]
 [57]
 [57]
 [57]
 [57]
 [45]
 [48]
 [32]
 [54]
 [48]
 [56]
 [51]
 [46]
 [57]
 [57]
 [49]
 [51]
 [57]
 [53]
 [45]
 [49]] 
------------------------ Dataset: ooo ------------------------
shape: (33, 1), dtype: uint16
Data:[[53]
 [54]
 [52]
 [52]
 [46]
 [54]
 [54]
 [49]
 [53]
 [51]
 [49]
 [45]
 [48]
 [32]
 [53]
 [54]
 [52]
 [52]
 [46]
 [54]
 [54]
 [49]
 [53]
 [51]
 [52]
 [57]
 [57]
 [57]
 [57]
 [57]
 [57]
 [45]
 [49]] 
------------------------ Dataset: oop ------------------------
shape: (26, 1), dtype: uint16
Data:[[53]
 [54]
 [54]
 [48]
 [46]
 [52]
 [49]
 [51]
 [53]
 [49]
 [50]
 [45]
 [48]
 [32]
 [53]
 [54]
 [54]
 [48]
 [46]
 [52]
 [48]
 [57]
 [53]
 [51]
 [45]
 [49]] 
------------------------ Dataset: ooq ------------------------
shape: (27, 1), dtype: uint16
Data:[[53]
 [54]
 [55]
 [54]
 [46]
 [49]
 [49]
 [48]
 [49]
 [49]
 [51]
 [45]
 [48]
 [32]
 [53]
 [54]
 [55]
 [54]
 [46]
 [49]
 [48]
 [54]
 [48]
 [55]
 [53]
 [45]
 [49]] 
------------------------ Dataset: oor ------------------------
shape: (27, 1), dtype: uint16
Data:[[53]
 [54]
 [57]
 [49]
 [46]
 [56]
 [57]
 [48]
 [51]
 [55]
 [55]
 [45]
 [48]
 [32]
 [53]
 [54]
 [57]
 [49]
 [46]
 [56]
 [57]
 [55]
 [53]
 [54]
 [50]
 [45]
 [49]] 
------------------------ Dataset: oos ------------------------
shape: (33, 1), dtype: uint16
Data:[[54]
 [52]
 [49]
 [53]
 [46]
 [49]
 [54]
 [57]
 [57]
 [52]
 [57]
 [45]
 [48]
 [32]
 [54]
 [52]
 [49]
 [53]
 [46]
 [49]
 [55]
 [51]
 [57]
 [52]
 [49]
 [57]
 [57]
 [57]
 [57]
 [57]
 [57]
 [45]
 [49]] 
------------------------ Dataset: oot ------------------------
shape: (33, 1), dtype: uint16
Data:[[54]
 [54]
 [48]
 [55]
 [46]
 [50]
 [51]
 [56]
 [48]
 [51]
 [57]
 [57]
 [57]
 [57]
 [57]
 [57]
 [57]
 [45]
 [48]
 [32]
 [54]
 [54]
 [48]
 [55]
 [46]
 [50]
 [52]
 [50]
 [48]
 [50]
 [57]
 [45]
 [49]] 
------------------------ Dataset: oou ------------------------
shape: (34, 1), dtype: uint16
Data:[[54]
 [54]
 [50]
 [51]
 [46]
 [50]
 [48]
 [54]
 [48]
 [52]
 [50]
 [45]
 [48]
 [32]
 [54]
 [54]
 [50]
 [51]
 [46]
 [50]
 [48]
 [50]
 [48]
 [57]
 [57]
 [57]
 [57]
 [57]
 [57]
 [57]
 [57]
 [53]
 [45]
 [49]] 
------------------------ Dataset: oov ------------------------
shape: (33, 1), dtype: uint16
Data:[[54]
 [54]
 [51]
 [57]
 [46]
 [48]
 [51]
 [56]
 [48]
 [52]
 [55]
 [57]
 [57]
 [57]
 [57]
 [57]
 [57]
 [45]
 [48]
 [32]
 [54]
 [54]
 [51]
 [57]
 [46]
 [48]
 [52]
 [50]
 [49]
 [49]
 [57]
 [45]
 [49]] 
------------------------ Dataset: oow ------------------------
shape: (27, 1), dtype: uint16
Data:[[54]
 [54]
 [53]
 [52]
 [46]
 [54]
 [53]
 [48]
 [49]
 [51]
 [51]
 [45]
 [48]
 [32]
 [54]
 [54]
 [53]
 [52]
 [46]
 [54]
 [53]
 [52]
 [49]
 [50]
 [55]
 [45]
 [49]] 
------------------------ Dataset: oox ------------------------
shape: (27, 1), dtype: uint16
Data:[[54]
 [54]
 [55]
 [48]
 [46]
 [53]
 [52]
 [54]
 [50]
 [51]
 [51]
 [45]
 [48]
 [32]
 [54]
 [54]
 [55]
 [48]
 [46]
 [53]
 [52]
 [51]
 [57]
 [54]
 [51]
 [45]
 [49]] 
------------------------ Dataset: ooy ------------------------
shape: (34, 1), dtype: uint16
Data:[[54]
 [54]
 [56]
 [54]
 [46]
 [52]
 [53]
 [48]
 [50]
 [50]
 [49]
 [57]
 [57]
 [57]
 [57]
 [57]
 [57]
 [53]
 [45]
 [48]
 [32]
 [54]
 [54]
 [56]
 [54]
 [46]
 [52]
 [53]
 [52]
 [49]
 [49]
 [52]
 [45]
 [49]] 
------------------------ Dataset: ooz ------------------------
shape: (33, 1), dtype: uint16
Data:[[53]
 [57]
 [48]
 [52]
 [46]
 [51]
 [54]
 [55]
 [54]
 [57]
 [45]
 [48]
 [32]
 [53]
 [57]
 [48]
 [52]
 [46]
 [51]
 [55]
 [49]
 [53]
 [57]
 [49]
 [57]
 [57]
 [57]
 [57]
 [57]
 [57]
 [53]
 [45]
 [49]] 
------------------------ Dataset: opb ------------------------
shape: (41, 1), dtype: uint16
Data:[[54]
 [55]
 [54]
 [56]
 [46]
 [52]
 [48]
 [48]
 [56]
 [51]
 [52]
 [57]
 [57]
 [57]
 [57]
 [57]
 [57]
 [53]
 [45]
 [48]
 [32]
 [54]
 [55]
 [54]
 [56]
 [46]
 [52]
 [48]
 [48]
 [56]
 [51]
 [52]
 [57]
 [57]
 [57]
 [57]
 [57]
 [57]
 [53]
 [45]
 [49]] 
------------------------ Dataset: opc ------------------------
shape: (13, 1), dtype: uint16
Data:[[54]
 [50]
 [56]
 [49]
 [46]
 [49]
 [55]
 [51]
 [56]
 [54]
 [53]
 [45]
 [48]] 
------------------------ Dataset: opd ------------------------
shape: (33, 1), dtype: uint16
Data:[[54]
 [50]
 [57]
 [54]
 [46]
 [57]
 [53]
 [55]
 [57]
 [53]
 [51]
 [45]
 [48]
 [32]
 [54]
 [50]
 [57]
 [54]
 [46]
 [57]
 [53]
 [51]
 [57]
 [48]
 [49]
 [57]
 [57]
 [57]
 [57]
 [57]
 [57]
 [45]
 [49]] 
------------------------ Dataset: ope ------------------------
shape: (33, 1), dtype: uint16
Data:[[54]
 [51]
 [49]
 [50]
 [46]
 [56]
 [50]
 [49]
 [57]
 [50]
 [52]
 [45]
 [48]
 [32]
 [54]
 [51]
 [49]
 [50]
 [46]
 [56]
 [50]
 [53]
 [56]
 [56]
 [55]
 [57]
 [57]
 [57]
 [57]
 [57]
 [57]
 [45]
 [49]] 
------------------------ Dataset: opf ------------------------
shape: (40, 1), dtype: uint16
Data:[[54]
 [51]
 [50]
 [56]
 [46]
 [54]
 [55]
 [48]
 [50]
 [52]
 [55]
 [57]
 [57]
 [57]
 [57]
 [57]
 [57]
 [45]
 [48]
 [32]
 [54]
 [51]
 [50]
 [56]
 [46]
 [54]
 [54]
 [55]
 [49]
 [51]
 [54]
 [57]
 [57]
 [57]
 [57]
 [57]
 [57]
 [53]
 [45]
 [49]] 
------------------------ Dataset: opg ------------------------
shape: (27, 1), dtype: uint16
Data:[[54]
 [51]
 [52]
 [52]
 [46]
 [52]
 [56]
 [54]
 [53]
 [51]
 [53]
 [45]
 [48]
 [32]
 [54]
 [51]
 [52]
 [52]
 [46]
 [52]
 [57]
 [48]
 [52]
 [56]
 [52]
 [45]
 [49]] 
------------------------ Dataset: oph ------------------------
shape: (40, 1), dtype: uint16
Data:[[54]
 [53]
 [48]
 [57]
 [46]
 [53]
 [56]
 [53]
 [57]
 [56]
 [54]
 [57]
 [57]
 [57]
 [57]
 [57]
 [57]
 [53]
 [45]
 [48]
 [32]
 [54]
 [53]
 [48]
 [57]
 [46]
 [53]
 [56]
 [57]
 [57]
 [53]
 [49]
 [57]
 [57]
 [57]
 [57]
 [57]
 [57]
 [45]
 [49]] 
------------------------ Dataset: opi ------------------------
shape: (33, 1), dtype: uint16
Data:[[54]
 [53]
 [50]
 [53]
 [46]
 [51]
 [57]
 [52]
 [48]
 [49]
 [55]
 [45]
 [48]
 [32]
 [54]
 [53]
 [50]
 [53]
 [46]
 [51]
 [57]
 [48]
 [48]
 [53]
 [53]
 [57]
 [57]
 [57]
 [57]
 [57]
 [57]
 [45]
 [49]] 
------------------------ Dataset: opj ------------------------
shape: (34, 1), dtype: uint16
Data:[[54]
 [48]
 [50]
 [48]
 [46]
 [57]
 [57]
 [55]
 [56]
 [56]
 [54]
 [45]
 [48]
 [32]
 [54]
 [48]
 [50]
 [48]
 [46]
 [57]
 [57]
 [52]
 [48]
 [50]
 [48]
 [57]
 [57]
 [57]
 [57]
 [57]
 [57]
 [53]
 [45]
 [49]] 
------------------------ Dataset: opk ------------------------
shape: (33, 1), dtype: uint16
Data:[[54]
 [48]
 [51]
 [54]
 [46]
 [55]
 [55]
 [55]
 [56]
 [48]
 [48]
 [57]
 [57]
 [57]
 [57]
 [57]
 [57]
 [45]
 [48]
 [32]
 [54]
 [48]
 [51]
 [54]
 [46]
 [55]
 [55]
 [51]
 [56]
 [50]
 [55]
 [45]
 [49]] 
------------------------ Dataset: opl ------------------------
shape: (27, 1), dtype: uint16
Data:[[54]
 [48]
 [53]
 [50]
 [46]
 [52]
 [48]
 [49]
 [55]
 [55]
 [54]
 [45]
 [48]
 [32]
 [54]
 [48]
 [53]
 [50]
 [46]
 [51]
 [57]
 [55]
 [57]
 [56]
 [51]
 [45]
 [49]] 
------------------------ Dataset: opm ------------------------
shape: (26, 1), dtype: uint16
Data:[[54]
 [48]
 [54]
 [56]
 [46]
 [50]
 [57]
 [55]
 [56]
 [49]
 [55]
 [45]
 [48]
 [32]
 [54]
 [48]
 [54]
 [56]
 [46]
 [51]
 [48]
 [49]
 [56]
 [57]
 [45]
 [49]] 
------------------------ Dataset: opn ------------------------
shape: (33, 1), dtype: uint16
Data:[[54]
 [48]
 [56]
 [52]
 [46]
 [50]
 [51]
 [51]
 [55]
 [57]
 [52]
 [45]
 [48]
 [32]
 [54]
 [48]
 [56]
 [52]
 [46]
 [50]
 [51]
 [56]
 [51]
 [51]
 [50]
 [57]
 [57]
 [57]
 [57]
 [57]
 [57]
 [45]
 [49]] 
------------------------ Dataset: opo ------------------------
shape: (27, 1), dtype: uint16
Data:[[53]
 [54]
 [52]
 [52]
 [46]
 [57]
 [49]
 [57]
 [53]
 [50]
 [51]
 [45]
 [48]
 [32]
 [53]
 [54]
 [52]
 [52]
 [46]
 [57]
 [50]
 [48]
 [54]
 [54]
 [54]
 [45]
 [49]] 
------------------------ Dataset: opp ------------------------
shape: (27, 1), dtype: uint16
Data:[[53]
 [54]
 [54]
 [48]
 [46]
 [54]
 [54]
 [53]
 [54]
 [48]
 [50]
 [45]
 [48]
 [32]
 [53]
 [54]
 [54]
 [48]
 [46]
 [54]
 [54]
 [49]
 [53]
 [52]
 [50]
 [45]
 [49]] 
------------------------ Dataset: opq ------------------------
shape: (33, 1), dtype: uint16
Data:[[53]
 [54]
 [55]
 [54]
 [46]
 [51]
 [54]
 [52]
 [48]
 [49]
 [55]
 [45]
 [48]
 [32]
 [53]
 [54]
 [55]
 [54]
 [46]
 [51]
 [54]
 [54]
 [52]
 [48]
 [56]
 [57]
 [57]
 [57]
 [57]
 [57]
 [57]
 [45]
 [49]] 
------------------------ Dataset: opr ------------------------
shape: (34, 1), dtype: uint16
Data:[[53]
 [54]
 [57]
 [50]
 [46]
 [49]
 [52]
 [49]
 [54]
 [51]
 [48]
 [57]
 [57]
 [57]
 [57]
 [57]
 [57]
 [53]
 [45]
 [48]
 [32]
 [53]
 [54]
 [57]
 [50]
 [46]
 [49]
 [52]
 [53]
 [53]
 [53]
 [53]
 [45]
 [49]] 
------------------------ Dataset: ops ------------------------
shape: (26, 1), dtype: uint16
Data:[[54]
 [52]
 [49]
 [53]
 [46]
 [52]
 [52]
 [50]
 [48]
 [48]
 [50]
 [45]
 [48]
 [32]
 [54]
 [52]
 [49]
 [53]
 [46]
 [52]
 [52]
 [50]
 [48]
 [52]
 [45]
 [49]] 
------------------------ Dataset: opt ------------------------
shape: (27, 1), dtype: uint16
Data:[[54]
 [54]
 [48]
 [55]
 [46]
 [53]
 [49]
 [54]
 [49]
 [50]
 [52]
 [45]
 [48]
 [32]
 [54]
 [54]
 [48]
 [55]
 [46]
 [53]
 [48]
 [55]
 [49]
 [54]
 [56]
 [45]
 [49]] 
------------------------ Dataset: opu ------------------------
shape: (27, 1), dtype: uint16
Data:[[54]
 [54]
 [50]
 [51]
 [46]
 [52]
 [53]
 [56]
 [54]
 [54]
 [49]
 [45]
 [48]
 [32]
 [54]
 [54]
 [50]
 [51]
 [46]
 [52]
 [53]
 [48]
 [49]
 [49]
 [49]
 [45]
 [49]] 
------------------------ Dataset: opv ------------------------
shape: (27, 1), dtype: uint16
Data:[[54]
 [54]
 [51]
 [57]
 [46]
 [50]
 [56]
 [54]
 [56]
 [52]
 [54]
 [45]
 [48]
 [32]
 [54]
 [54]
 [51]
 [57]
 [46]
 [50]
 [57]
 [48]
 [51]
 [52]
 [54]
 [45]
 [49]] 
------------------------ Dataset: opw ------------------------
shape: (33, 1), dtype: uint16
Data:[[54]
 [54]
 [53]
 [52]
 [46]
 [57]
 [48]
 [50]
 [49]
 [49]
 [53]
 [57]
 [57]
 [57]
 [57]
 [57]
 [57]
 [45]
 [48]
 [32]
 [54]
 [54]
 [53]
 [52]
 [46]
 [57]
 [48]
 [54]
 [57]
 [50]
 [57]
 [45]
 [49]] 
------------------------ Dataset: opx ------------------------
shape: (39, 1), dtype: uint16
Data:[[54]
 [54]
 [55]
 [48]
 [46]
 [56]
 [48]
 [54]
 [48]
 [56]
 [52]
 [57]
 [57]
 [57]
 [57]
 [57]
 [57]
 [45]
 [48]
 [32]
 [54]
 [54]
 [55]
 [48]
 [46]
 [56]
 [48]
 [50]
 [49]
 [53]
 [49]
 [57]
 [57]
 [57]
 [57]
 [57]
 [57]
 [45]
 [49]] 
------------------------ Dataset: opy ------------------------
shape: (33, 1), dtype: uint16
Data:[[54]
 [54]
 [56]
 [54]
 [46]
 [55]
 [48]
 [50]
 [49]
 [54]
 [45]
 [48]
 [32]
 [54]
 [54]
 [56]
 [54]
 [46]
 [55]
 [48]
 [54]
 [49]
 [54]
 [57]
 [57]
 [57]
 [57]
 [57]
 [57]
 [57]
 [53]
 [45]
 [49]] 
------------------------ Dataset: opz ------------------------
shape: (24, 1), dtype: uint16
Data:[[53]
 [57]
 [48]
 [52]
 [46]
 [54]
 [49]
 [56]
 [49]
 [45]
 [48]
 [32]
 [53]
 [57]
 [48]
 [52]
 [46]
 [54]
 [50]
 [49]
 [55]
 [50]
 [45]
 [49]] 
------------------------ Dataset: oq ------------------------

